1552551668712;[171, 0, 17, 255, 161, 76, 221, 5, 70, 0, 0, 17, 0, 0, 22, 1, 0, 249, 8, 49]
1552551668896;[171, 0, 4, 255, 132, 128, 66]
1552551668897;[171, 0, 17, 255, 161, 76, 221, 5, 71, 0, 0, 12, 0, 0, 25, 1, 0, 248, 7, 230]
1552551669063;[171, 0, 17, 255, 161, 76, 221, 5, 71, 0, 0, 11, 0, 0, 21, 1, 0, 249, 8, 95]
1552551669063;[171, 0, 17, 255, 161, 76, 221, 5, 71, 0, 0, 11, 0, 0, 24, 1, 0, 249, 8, 203]
1552551669231;[171, 0, 17, 255, 161, 76, 221, 5, 71, 0, 0, 11, 0, 0, 21, 1, 0, 249, 8, 236]
1552551669231;[171, 0, 17, 255, 161, 76, 221, 5, 71, 0, 0, 11, 0, 0, 22, 1, 0, 250, 8, 249]
1552551669414;[171, 0, 17, 255, 161, 76, 221, 5, 71, 0, 0, 12, 0, 0, 21, 1, 0, 249, 8, 219]
1552551669581;[171, 0, 17, 255, 161, 76, 221, 5, 71, 0, 0, 11, 0, 0, 25, 1, 0, 250, 8, 170]
1552551669582;[171, 0, 17, 255, 161, 76, 221, 5, 71, 0, 0, 10, 0, 0, 21, 1, 0, 249, 8, 100]
1552551669748;[171, 0, 17, 255, 161, 76, 221, 5, 71, 0, 0, 10, 0, 0, 22, 1, 0, 248, 8, 23]
1552551669749;[171, 0, 17, 255, 161, 76, 221, 5, 71, 0, 0, 12, 0, 0, 21, 1, 0, 249, 7, 189]
1552551669932;[171, 0, 4, 255, 132, 128, 66]
1552551669933;[171, 0, 17, 255, 161, 76, 221, 5, 72, 0, 0, 11, 0, 0, 25, 1, 0, 246, 7, 100]
1552551670099;[171, 0, 17, 255, 161, 76, 221, 5, 72, 0, 0, 12, 0, 0, 24, 1, 0, 250, 7, 203]
1552551672295;[171, 0, 17, 255, 161, 76, 221, 5, 72, 0, 0, 9, 0, 0, 25, 1, 0, 249, 8, 30]
1552551672297;[171, 0, 17, 255, 161, 76, 221, 5, 72, 0, 0, 11, 0, 0, 25, 1, 0, 246, 8, 50]
1552551672299;[171, 0, 17, 255, 161, 76, 221, 5, 72, 0, 0, 11, 0, 0, 21, 1, 0, 248, 8, 72]
1552551672299;[171, 0, 17, 255, 161, 76, 221, 5, 72, 0, 0, 11, 0, 0, 22, 1, 0, 246, 8, 39]
1552551672300;[171, 0, 17, 255, 161, 76, 221, 5, 72, 0, 0, 13, 0, 0, 21, 1, 0, 249, 7, 248]
1552551672300;[171, 0, 17, 255, 161, 76, 221, 5, 72, 0, 0, 7, 0, 0, 23, 1, 0, 249, 7, 182]
1552551672301;[171, 0, 17, 255, 161, 76, 221, 5, 72, 0, 0, 11, 0, 0, 22, 1, 0, 250, 7, 117]
1552551672301;[171, 0, 17, 255, 161, 76, 221, 5, 72, 0, 0, 9, 0, 0, 22, 1, 0, 255, 7, 30]
1552551672302;[171, 0, 4, 255, 132, 128, 66]
1552551672303;[171, 0, 17, 255, 161, 76, 221, 5, 73, 0, 0, 9, 0, 0, 21, 1, 0, 249, 7, 58]
1552551672303;[171, 0, 17, 255, 161, 76, 221, 5, 73, 0, 0, 12, 0, 0, 21, 1, 0, 249, 7, 141]
1552551672304;[171, 0, 17, 255, 161, 76, 221, 5, 73, 0, 0, 10, 0, 0, 21, 1, 0, 249, 7, 164]
1552551672305;[171, 0, 17, 255, 161, 76, 221, 5, 73, 0, 0, 13, 0, 0, 20, 1, 0, 249, 7, 167]
1552551672305;[171, 0, 17, 255, 161, 76, 221, 5, 73, 0, 0, 9, 0, 0, 21, 1, 0, 246, 7, 138]
1552551672305;[171, 0, 17, 255, 161, 76, 221, 5, 73, 0, 0, 11, 0, 0, 21, 1, 0, 249, 7, 86]
1552551672306;[171, 0, 17, 255, 161, 76, 221, 5, 73, 0, 0, 9, 0, 0, 24, 1, 0, 248, 7, 24]
1552551672306;[171, 0, 17, 255, 161, 76, 221, 5, 73, 0, 0, 12, 0, 0, 22, 1, 0, 248, 6, 200]
1552551672307;[171, 0, 17, 255, 161, 76, 221, 5, 73, 0, 0, 10, 0, 0, 23, 1, 0, 249, 6, 121]
1552551672307;[171, 0, 17, 255, 161, 76, 221, 5, 73, 0, 0, 7, 0, 0, 22, 1, 0, 246, 6, 105]
1552551672308;[171, 0, 4, 255, 132, 128, 66]
1552551672308;[171, 0, 17, 255, 161, 76, 221, 5, 74, 0, 0, 9, 0, 0, 22, 1, 0, 248, 6, 222]
1552551672338;[171, 0, 17, 255, 161, 76, 221, 5, 74, 0, 0, 10, 0, 0, 20, 1, 0, 249, 7, 21]
1552551672339;[171, 0, 17, 255, 161, 76, 221, 5, 74, 0, 0, 12, 0, 0, 21, 1, 0, 249, 7, 37]
1552551672505;[171, 0, 17, 255, 161, 76, 221, 5, 74, 0, 0, 13, 0, 0, 21, 1, 0, 246, 7, 37]
1552551672689;[171, 0, 17, 255, 161, 76, 221, 5, 74, 0, 0, 10, 0, 0, 16, 1, 0, 249, 7, 2]
1552551672690;[171, 0, 17, 255, 161, 76, 221, 5, 74, 0, 0, 11, 0, 0, 21, 1, 0, 248, 6, 207]
1552551672856;[171, 0, 17, 255, 161, 76, 221, 5, 74, 0, 0, 11, 0, 0, 21, 1, 0, 248, 6, 144]
1552551672857;[171, 0, 17, 255, 161, 76, 221, 5, 74, 0, 0, 12, 0, 0, 21, 1, 0, 249, 6, 64]
1552551673024;[171, 0, 17, 255, 161, 76, 221, 5, 74, 0, 0, 11, 0, 0, 24, 1, 0, 250, 6, 40]
1552551673040;[171, 0, 17, 255, 161, 76, 221, 5, 74, 0, 0, 9, 0, 0, 20, 1, 0, 249, 6, 163]
1552551673207;[171, 0, 4, 255, 132, 128, 66]
1552551673374;[171, 0, 17, 255, 161, 76, 221, 5, 75, 0, 0, 11, 0, 0, 24, 1, 0, 248, 6, 225]
1552551673375;[171, 0, 17, 255, 161, 76, 221, 5, 75, 0, 0, 13, 0, 0, 21, 1, 0, 250, 6, 247]
1552551673541;[171, 0, 17, 255, 161, 76, 221, 5, 75, 0, 0, 13, 0, 0, 20, 1, 0, 250, 7, 16]
1552551673542;[171, 0, 17, 255, 161, 76, 221, 5, 75, 0, 0, 12, 0, 0, 22, 1, 0, 250, 6, 247]
1552551673725;[171, 0, 17, 255, 161, 76, 221, 5, 75, 0, 0, 9, 0, 0, 21, 1, 0, 249, 6, 218]
1552551673891;[171, 0, 17, 255, 161, 76, 221, 5, 75, 0, 0, 12, 0, 0, 21, 1, 0, 249, 6, 178]
1552551673891;[171, 0, 17, 255, 161, 76, 221, 5, 75, 0, 0, 12, 0, 0, 22, 1, 0, 248, 6, 112]
1552551674059;[171, 0, 17, 255, 161, 76, 221, 5, 75, 0, 0, 12, 0, 0, 24, 1, 0, 249, 6, 116]
1552551674059;[171, 0, 17, 255, 161, 76, 221, 5, 75, 0, 0, 9, 0, 0, 21, 1, 0, 248, 6, 245]
1552551674243;[171, 0, 17, 255, 161, 76, 221, 5, 75, 0, 0, 10, 0, 0, 22, 1, 0, 249, 7, 70]
1552551674244;[171, 0, 4, 255, 132, 128, 66]
1552551674410;[171, 0, 17, 255, 161, 76, 221, 5, 76, 0, 0, 9, 0, 0, 21, 1, 0, 250, 7, 97]
1552551674576;[171, 0, 17, 255, 161, 76, 221, 5, 76, 0, 0, 9, 0, 0, 23, 1, 0, 248, 7, 105]
1552551674577;[171, 0, 17, 255, 161, 76, 221, 5, 76, 0, 0, 10, 0, 0, 21, 1, 0, 248, 7, 100]
1552551674760;[171, 0, 17, 255, 161, 76, 221, 5, 76, 0, 0, 7, 0, 0, 21, 1, 0, 247, 7, 47]
1552551674761;[171, 0, 17, 255, 161, 76, 221, 5, 76, 0, 0, 7, 0, 0, 21, 1, 0, 249, 7, 8]
1552551674928;[171, 0, 17, 255, 161, 76, 221, 5, 76, 0, 0, 11, 0, 0, 20, 1, 0, 249, 6, 197]
1552551674929;[171, 0, 17, 255, 161, 76, 221, 5, 76, 0, 0, 12, 0, 0, 24, 1, 0, 249, 6, 127]
1552551675095;[171, 0, 17, 255, 161, 76, 221, 5, 76, 0, 0, 11, 0, 0, 11, 1, 0, 249, 6, 209]
1552551675279;[171, 0, 17, 255, 161, 76, 221, 5, 76, 0, 0, 11, 0, 0, 21, 1, 0, 250, 7, 83]
1552551675279;[171, 0, 17, 255, 161, 76, 221, 5, 76, 0, 0, 12, 0, 0, 22, 1, 0, 249, 7, 151]
1552551675445;[171, 0, 4, 255, 132, 128, 66]
1552551675613;[171, 0, 17, 255, 161, 76, 221, 5, 77, 0, 0, 10, 0, 0, 20, 1, 0, 248, 7, 199]
1552551675614;[171, 0, 17, 255, 161, 76, 221, 5, 77, 0, 0, 11, 0, 0, 24, 1, 0, 246, 7, 211]
1552551675797;[171, 0, 17, 255, 161, 76, 221, 5, 77, 0, 0, 8, 0, 0, 21, 1, 0, 249, 7, 188]
1552551675797;[171, 0, 17, 255, 161, 76, 221, 5, 77, 0, 0, 11, 0, 0, 21, 1, 0, 246, 7, 144]
1552551675964;[171, 0, 17, 255, 161, 76, 221, 5, 77, 0, 0, 10, 0, 0, 21, 1, 0, 249, 7, 104]
1552551675965;[171, 0, 17, 255, 161, 76, 221, 5, 77, 0, 0, 11, 0, 0, 22, 1, 0, 254, 7, 41]
1552551676131;[171, 0, 17, 255, 161, 76, 221, 5, 77, 0, 0, 10, 0, 0, 24, 1, 0, 249, 6, 232]
1552551676131;[171, 0, 17, 255, 161, 76, 221, 5, 77, 0, 0, 10, 0, 0, 21, 1, 0, 248, 6, 155]
1552551676314;[171, 0, 17, 255, 161, 76, 221, 5, 77, 0, 0, 13, 0, 0, 21, 1, 0, 249, 6, 105]
1552551676649;[171, 0, 17, 255, 161, 76, 221, 5, 80, 0, 0, 11, 0, 0, 23, 1, 0, 248, 6, 186]
1552551676650;[171, 0, 17, 255, 161, 76, 221, 5, 80, 0, 0, 13, 0, 0, 21, 1, 0, 250, 7, 13]
1552551676832;[171, 0, 17, 255, 161, 76, 221, 5, 80, 0, 0, 11, 0, 0, 22, 1, 0, 249, 7, 54]
1552551676833;[171, 0, 17, 255, 161, 76, 221, 5, 80, 0, 0, 10, 0, 0, 21, 1, 0, 250, 7, 82]
1552551676999;[171, 0, 17, 255, 161, 76, 221, 5, 80, 0, 0, 11, 0, 0, 27, 1, 0, 249, 7, 68]
1552551677350;[171, 0, 17, 255, 161, 76, 221, 5, 80, 0, 0, 11, 0, 0, 21, 1, 0, 250, 7, 45]
1552551677350;[171, 0, 17, 255, 161, 76, 221, 5, 80, 0, 0, 11, 0, 0, 24, 1, 0, 249, 7, 6]
1552551677351;[171, 0, 17, 255, 161, 76, 221, 5, 80, 0, 0, 9, 0, 0, 22, 1, 0, 250, 6, 203]
1552551677351;[171, 0, 17, 255, 161, 76, 221, 5, 80, 0, 0, 11, 0, 0, 22, 1, 0, 250, 6, 146]
1552551677517;[171, 0, 17, 255, 161, 76, 221, 5, 80, 0, 0, 10, 0, 0, 25, 1, 0, 249, 6, 162]
1552551677684;[171, 0, 4, 255, 132, 128, 65]
1552551677686;[171, 0, 17, 255, 161, 76, 221, 5, 81, 0, 0, 12, 0, 0, 21, 1, 0, 249, 7, 31]
1552551677868;[171, 0, 17, 255, 161, 76, 221, 5, 81, 0, 0, 11, 0, 0, 21, 1, 0, 246, 7, 110]
1552551677868;[171, 0, 17, 255, 161, 76, 221, 5, 81, 0, 0, 11, 0, 0, 20, 1, 0, 245, 7, 141]
1552551678035;[171, 0, 17, 255, 161, 76, 221, 5, 81, 0, 0, 10, 0, 0, 25, 1, 0, 248, 7, 146]
1552551678036;[171, 0, 17, 255, 161, 76, 221, 5, 81, 0, 0, 11, 0, 0, 22, 1, 0, 249, 7, 99]
1552551678203;[171, 0, 17, 255, 161, 76, 221, 5, 81, 0, 0, 11, 0, 0, 22, 1, 0, 250, 7, 55]
1552551678370;[171, 0, 17, 255, 161, 76, 221, 5, 81, 0, 0, 12, 0, 0, 21, 1, 0, 249, 6, 252]
1552551678386;[171, 0, 17, 255, 161, 76, 221, 5, 81, 0, 0, 11, 0, 0, 21, 1, 0, 248, 6, 174]
1552551678553;[171, 0, 17, 255, 161, 76, 221, 5, 81, 0, 0, 10, 0, 0, 22, 1, 0, 249, 6, 132]
1552551678554;[171, 0, 17, 255, 161, 76, 221, 5, 81, 0, 0, 9, 0, 0, 22, 1, 0, 246, 6, 238]
1552551678888;[171, 0, 4, 255, 132, 128, 64]
1552551678890;[171, 0, 17, 255, 161, 76, 221, 5, 82, 0, 0, 11, 0, 0, 22, 1, 0, 249, 7, 60]
1552551678907;[171, 0, 17, 255, 161, 76, 221, 5, 82, 0, 0, 11, 0, 0, 21, 1, 0, 248, 7, 79]
1552551679071;[171, 0, 17, 255, 161, 76, 221, 5, 82, 0, 0, 11, 0, 0, 21, 1, 0, 250, 7, 85]
1552551679071;[171, 0, 17, 255, 161, 76, 221, 5, 82, 0, 0, 12, 0, 0, 24, 1, 0, 249, 6, 171]
1552551679406;[171, 0, 17, 255, 161, 76, 221, 5, 82, 0, 0, 10, 0, 0, 24, 1, 1, 3, 5, 234]
1552551679406;[171, 0, 17, 255, 161, 76, 221, 5, 82, 0, 0, 5, 0, 0, 21, 1, 0, 249, 5, 80]
1552551679422;[171, 0, 17, 255, 161, 76, 221, 5, 82, 0, 0, 1, 0, 0, 25, 1, 0, 249, 4, 5]
1552551679589;[171, 0, 17, 255, 161, 76, 221, 5, 82, 1, 0, 1, 0, 0, 29, 1, 0, 245, 2, 143]
1552551679590;[171, 0, 17, 255, 161, 76, 221, 5, 82, 1, 0, 1, 0, 0, 27, 1, 0, 249, 1, 238]
1552551679757;[171, 0, 17, 255, 161, 76, 221, 5, 82, 1, 0, 1, 0, 0, 29, 1, 0, 249, 1, 161]
1552551679757;[171, 0, 4, 255, 132, 128, 64]
1552551679923;[171, 0, 17, 255, 161, 76, 221, 5, 83, 0, 0, 1, 0, 0, 27, 1, 0, 249, 1, 90]
1552551679923;[171, 0, 17, 255, 161, 76, 221, 5, 83, 0, 0, 2, 0, 0, 28, 1, 0, 254, 1, 90]
1552551680106;[171, 0, 17, 255, 161, 76, 221, 5, 83, 0, 0, 2, 0, 0, 24, 1, 0, 246, 1, 142]
1552551680274;[171, 0, 17, 255, 161, 76, 221, 5, 83, 0, 0, 3, 0, 0, 28, 1, 0, 250, 1, 178]
1552551680274;[171, 0, 17, 255, 161, 76, 221, 5, 83, 0, 0, 5, 0, 0, 30, 1, 0, 248, 1, 219]
1552551680441;[171, 0, 17, 255, 161, 76, 221, 5, 83, 1, 0, 4, 0, 0, 25, 1, 0, 254, 1, 222]
1552551680458;[171, 0, 17, 255, 161, 76, 221, 5, 83, 1, 0, 3, 0, 0, 27, 1, 0, 249, 1, 209]
1552551680625;[171, 0, 17, 255, 161, 76, 221, 5, 83, 0, 0, 5, 0, 0, 26, 1, 0, 249, 1, 186]
1552551680792;[171, 0, 17, 255, 161, 76, 221, 5, 83, 0, 0, 5, 0, 0, 21, 1, 0, 250, 2, 18]
1552551680792;[171, 0, 17, 255, 161, 76, 221, 5, 83, 0, 0, 1, 0, 0, 21, 1, 0, 249, 2, 112]
1552551681143;[171, 0, 4, 255, 132, 128, 64]
1552551681144;[171, 0, 17, 255, 161, 76, 221, 5, 84, 0, 0, 9, 0, 0, 24, 1, 0, 245, 2, 148]
1552551681144;[171, 0, 17, 255, 161, 76, 221, 5, 84, 0, 0, 4, 0, 0, 21, 1, 0, 249, 2, 181]
1552551681145;[171, 0, 17, 255, 161, 76, 221, 5, 84, 0, 0, 8, 0, 0, 24, 1, 0, 249, 2, 193]
1552551681310;[171, 0, 17, 255, 161, 76, 221, 5, 84, 0, 0, 3, 0, 0, 20, 1, 0, 250, 2, 157]
1552551681477;[171, 0, 17, 255, 161, 76, 221, 5, 84, 0, 0, 7, 0, 0, 20, 1, 0, 250, 2, 100]
1552551681478;[171, 0, 17, 255, 161, 76, 221, 5, 84, 0, 0, 3, 0, 0, 21, 1, 0, 249, 2, 48]
1552551681661;[171, 0, 17, 255, 161, 76, 221, 5, 84, 0, 0, 8, 0, 0, 21, 1, 0, 250, 1, 228]
1552551681662;[171, 0, 17, 255, 161, 76, 221, 5, 84, 0, 0, 5, 0, 0, 21, 1, 0, 248, 1, 217]
1552551681828;[171, 0, 17, 255, 161, 76, 221, 5, 84, 0, 0, 5, 0, 0, 20, 1, 0, 249, 2, 38]
1552551681829;[171, 0, 17, 255, 161, 76, 221, 5, 84, 0, 0, 5, 0, 0, 21, 1, 0, 249, 2, 57]
1552551681995;[171, 0, 4, 255, 132, 128, 63]
1552551682180;[171, 0, 17, 255, 161, 76, 221, 5, 85, 0, 0, 6, 0, 0, 21, 1, 0, 247, 2, 52]
1552551682180;[171, 0, 17, 255, 161, 76, 221, 5, 85, 0, 0, 3, 0, 0, 20, 1, 0, 249, 2, 24]
1552551682348;[171, 0, 17, 255, 161, 76, 221, 5, 85, 0, 0, 9, 0, 0, 20, 1, 0, 250, 1, 216]
1552551682348;[171, 0, 17, 255, 161, 76, 221, 5, 85, 0, 0, 5, 0, 0, 20, 1, 0, 249, 1, 152]
1552551682513;[171, 0, 17, 255, 161, 76, 221, 5, 85, 0, 0, 7, 0, 0, 20, 1, 0, 249, 1, 58]
1552551682697;[171, 0, 17, 255, 161, 76, 221, 5, 85, 0, 0, 9, 0, 0, 20, 1, 0, 248, 1, 7]
1552551682697;[171, 0, 17, 255, 161, 76, 221, 5, 85, 0, 0, 8, 0, 0, 20, 1, 0, 249, 1, 83]
1552551682864;[171, 0, 17, 255, 161, 76, 221, 5, 85, 0, 0, 7, 0, 0, 24, 1, 0, 248, 1, 158]
1552551682864;[171, 0, 17, 255, 161, 76, 221, 5, 85, 0, 0, 3, 0, 0, 21, 1, 0, 250, 1, 207]
1552551683031;[171, 0, 17, 255, 161, 76, 221, 5, 85, 0, 0, 4, 0, 0, 22, 1, 0, 249, 2, 2]
1552551683032;[171, 0, 4, 255, 132, 128, 63]
1552551683215;[171, 0, 17, 255, 161, 76, 221, 5, 86, 0, 0, 7, 0, 0, 21, 1, 0, 245, 2, 15]
1552551683382;[171, 0, 17, 255, 161, 76, 221, 5, 86, 0, 0, 2, 0, 0, 24, 1, 0, 254, 2, 38]
1552551683383;[171, 0, 17, 255, 161, 76, 221, 5, 86, 0, 0, 5, 0, 0, 21, 1, 0, 249, 2, 32]
1552551683549;[171, 0, 17, 255, 161, 76, 221, 5, 86, 0, 0, 7, 0, 0, 21, 1, 0, 254, 2, 35]
1552551683550;[171, 0, 17, 255, 161, 76, 221, 5, 86, 0, 0, 9, 0, 0, 21, 1, 0, 249, 2, 191]
1552551683733;[171, 0, 17, 255, 161, 76, 221, 5, 86, 0, 0, 5, 0, 0, 24, 1, 0, 249, 3, 141]
1552551683733;[171, 0, 17, 255, 161, 76, 221, 5, 86, 0, 0, 4, 0, 0, 16, 1, 0, 247, 4, 30]
1552551683900;[171, 0, 17, 255, 161, 76, 221, 5, 86, 0, 0, 9, 0, 0, 20, 1, 0, 249, 4, 148]
1552551684067;[171, 0, 17, 255, 161, 76, 221, 5, 86, 0, 0, 2, 0, 0, 21, 1, 0, 248, 4, 240]
1552551684068;[171, 0, 17, 255, 161, 76, 221, 5, 86, 0, 0, 5, 0, 0, 21, 1, 0, 249, 5, 62]
1552551684251;[171, 0, 4, 255, 132, 128, 63]
1552551684252;[171, 0, 17, 255, 161, 76, 221, 5, 87, 0, 0, 4, 0, 0, 21, 1, 0, 250, 5, 123]
1552551684418;[171, 0, 17, 255, 161, 76, 221, 5, 87, 0, 0, 9, 0, 0, 24, 1, 0, 249, 5, 162]
1552551684585;[171, 0, 17, 255, 161, 76, 221, 5, 87, 0, 0, 5, 0, 0, 22, 1, 0, 249, 5, 250]
1552551684586;[171, 0, 17, 255, 161, 76, 221, 5, 87, 0, 0, 9, 0, 0, 21, 1, 0, 254, 6, 214]
1552551684936;[171, 0, 17, 255, 161, 76, 221, 5, 87, 0, 0, 3, 0, 0, 24, 1, 0, 248, 7, 121]
1552551684937;[171, 0, 17, 255, 161, 76, 221, 5, 87, 0, 0, 5, 0, 0, 21, 1, 0, 249, 7, 225]
1552551684937;[171, 0, 17, 255, 161, 76, 221, 5, 87, 0, 0, 3, 0, 0, 22, 1, 0, 250, 8, 35]
1552551684938;[171, 0, 17, 255, 161, 76, 221, 5, 87, 0, 0, 5, 0, 0, 21, 1, 0, 249, 8, 55]
1552551685103;[171, 0, 17, 255, 161, 76, 221, 5, 87, 0, 0, 2, 0, 0, 21, 1, 0, 254, 8, 40]
1552551685454;[171, 0, 17, 255, 161, 76, 221, 5, 87, 0, 0, 3, 0, 0, 23, 1, 0, 249, 8, 21]
1552551685454;[171, 0, 4, 255, 132, 128, 63]
1552551685621;[171, 0, 17, 255, 161, 76, 221, 5, 88, 0, 0, 2, 0, 0, 25, 1, 0, 248, 7, 235]
1552551685622;[171, 0, 17, 255, 161, 76, 221, 5, 88, 0, 0, 7, 0, 0, 21, 1, 0, 250, 7, 234]
1552551685622;[171, 0, 17, 255, 161, 76, 221, 5, 88, 0, 0, 2, 0, 0, 21, 1, 0, 249, 8, 124]
1552551685623;[171, 0, 17, 255, 161, 76, 221, 5, 88, 0, 0, 9, 0, 0, 24, 1, 0, 250, 8, 239]
1552551685805;[171, 0, 17, 255, 161, 76, 221, 5, 88, 0, 0, 3, 0, 0, 27, 1, 0, 250, 9, 18]
1552551685972;[171, 0, 17, 255, 161, 76, 221, 5, 88, 0, 0, 5, 0, 0, 22, 1, 0, 249, 9, 40]
1552551685972;[171, 0, 17, 255, 161, 76, 221, 5, 88, 0, 0, 5, 0, 0, 27, 1, 0, 249, 9, 21]
1552551686139;[171, 0, 17, 255, 161, 76, 221, 5, 88, 0, 0, 2, 0, 0, 24, 1, 0, 249, 8, 235]
1552551686139;[171, 0, 17, 255, 161, 76, 221, 5, 88, 0, 0, 7, 0, 0, 22, 1, 0, 250, 8, 183]
1552551686306;[171, 0, 17, 255, 161, 76, 221, 5, 88, 0, 0, 7, 0, 0, 22, 1, 0, 250, 8, 111]
1552551686490;[171, 0, 4, 255, 132, 128, 63]
1552551686491;[171, 0, 17, 255, 161, 76, 221, 5, 89, 0, 0, 2, 0, 0, 27, 1, 0, 249, 8, 33]
1552551686657;[171, 0, 17, 255, 161, 76, 221, 5, 89, 0, 0, 5, 0, 0, 24, 1, 0, 250, 8, 23]
1552551686657;[171, 0, 17, 255, 161, 76, 221, 5, 89, 0, 0, 5, 0, 0, 24, 1, 0, 249, 8, 129]
1552551686824;[171, 0, 17, 255, 161, 76, 221, 5, 89, 0, 0, 3, 0, 0, 27, 1, 0, 246, 8, 185]
1552551686825;[171, 0, 17, 255, 161, 76, 221, 5, 89, 0, 0, 3, 0, 0, 24, 1, 0, 248, 8, 199]
1552551687007;[171, 0, 17, 255, 161, 76, 221, 5, 89, 0, 0, 3, 0, 0, 21, 1, 0, 250, 8, 184]
1552551687342;[171, 0, 17, 255, 161, 76, 221, 5, 89, 0, 0, 5, 0, 0, 22, 1, 0, 248, 8, 129]
1552551687358;[171, 0, 17, 255, 161, 76, 221, 5, 89, 0, 0, 9, 0, 0, 27, 1, 0, 249, 8, 68]
1552551687359;[171, 0, 17, 255, 161, 76, 221, 5, 89, 0, 0, 5, 0, 0, 20, 1, 0, 249, 8, 2]
1552551687360;[171, 0, 17, 255, 161, 76, 221, 5, 89, 0, 0, 10, 0, 0, 21, 1, 0, 249, 7, 177]
1552551687694;[171, 0, 4, 255, 132, 128, 63]
1552551687713;[171, 0, 17, 255, 161, 76, 221, 5, 90, 0, 0, 5, 0, 0, 21, 1, 0, 249, 7, 90]
1552551687713;[171, 0, 17, 255, 161, 76, 221, 5, 90, 0, 0, 10, 0, 0, 28, 1, 0, 246, 7, 98]
1552551687860;[171, 0, 17, 255, 161, 76, 221, 5, 90, 0, 0, 3, 0, 0, 11, 1, 0, 251, 7, 161]
1552551687861;[171, 0, 17, 255, 161, 76, 221, 5, 90, 0, 0, 12, 0, 0, 21, 1, 0, 249, 7, 180]
1552551688044;[171, 0, 17, 255, 161, 76, 221, 5, 90, 0, 0, 7, 0, 0, 21, 1, 0, 249, 7, 163]
1552551688044;[171, 0, 17, 255, 161, 76, 221, 5, 90, 0, 0, 12, 0, 0, 22, 1, 0, 243, 7, 141]
1552551688211;[171, 0, 17, 255, 161, 76, 221, 5, 90, 0, 0, 9, 0, 0, 21, 1, 0, 254, 7, 93]
1552551688378;[171, 0, 17, 255, 161, 76, 221, 5, 90, 0, 0, 12, 0, 0, 16, 1, 0, 250, 7, 31]
1552551688379;[171, 0, 17, 255, 161, 76, 221, 5, 90, 0, 0, 11, 0, 0, 24, 1, 0, 249, 6, 223]
1552551688561;[171, 0, 17, 255, 161, 76, 221, 5, 90, 0, 0, 7, 0, 0, 21, 1, 0, 248, 6, 168]
1552551688562;[171, 0, 4, 255, 132, 128, 64]
1552551688729;[171, 0, 17, 255, 161, 76, 221, 5, 91, 0, 0, 7, 0, 0, 25, 1, 0, 249, 6, 240]
1552551688730;[171, 0, 17, 255, 161, 76, 221, 5, 91, 0, 0, 11, 0, 0, 11, 1, 0, 249, 7, 27]
1552551688896;[171, 0, 17, 255, 161, 76, 221, 5, 91, 0, 0, 7, 0, 0, 11, 1, 0, 247, 7, 26]
1552551689080;[171, 0, 17, 255, 161, 76, 221, 5, 91, 0, 0, 10, 0, 0, 21, 1, 0, 249, 7, 21]
1552551689081;[171, 0, 17, 255, 161, 76, 221, 5, 91, 0, 0, 2, 0, 0, 21, 1, 0, 247, 6, 243]
1552551689246;[171, 0, 17, 255, 161, 76, 221, 5, 91, 0, 0, 2, 0, 0, 24, 1, 0, 250, 6, 202]
1552551689247;[171, 0, 17, 255, 161, 76, 221, 5, 91, 0, 0, 7, 0, 0, 24, 1, 0, 248, 6, 148]
1552551689414;[171, 0, 17, 255, 161, 76, 221, 5, 91, 0, 0, 3, 0, 0, 21, 1, 0, 250, 6, 101]
1552551689765;[171, 0, 17, 255, 161, 76, 221, 5, 91, 0, 0, 2, 0, 0, 21, 1, 0, 249, 6, 178]
1552551689766;[171, 0, 17, 255, 161, 76, 221, 5, 91, 0, 0, 5, 0, 0, 24, 1, 0, 254, 6, 235]
1552551689766;[171, 0, 4, 255, 132, 128, 64]
1552551689768;[171, 0, 17, 255, 161, 76, 221, 5, 92, 0, 0, 5, 0, 0, 21, 1, 0, 249, 6, 253]
1552551689932;[171, 0, 17, 255, 161, 76, 221, 5, 92, 0, 0, 2, 0, 0, 27, 1, 0, 250, 6, 247]
1552551689932;[171, 0, 17, 255, 161, 76, 221, 5, 92, 0, 0, 3, 0, 0, 21, 1, 0, 249, 6, 217]
1552551690116;[171, 0, 17, 255, 161, 76, 221, 5, 92, 0, 0, 2, 0, 0, 23, 1, 0, 253, 6, 179]
1552551690284;[171, 0, 17, 255, 161, 76, 221, 5, 92, 0, 0, 5, 0, 0, 25, 1, 0, 249, 6, 118]
1552551690284;[171, 0, 17, 255, 161, 76, 221, 5, 92, 0, 0, 2, 0, 0, 23, 1, 0, 249, 6, 68]
1552551690450;[171, 0, 17, 255, 161, 76, 221, 5, 92, 0, 0, 3, 0, 0, 24, 1, 0, 249, 6, 140]
1552551690450;[171, 0, 17, 255, 161, 76, 221, 5, 92, 0, 0, 2, 0, 0, 20, 1, 0, 246, 6, 214]
1552551690617;[171, 0, 17, 255, 161, 76, 221, 5, 92, 0, 0, 5, 0, 0, 21, 1, 0, 249, 6, 248]
1552551690633;[171, 0, 17, 255, 161, 76, 221, 5, 92, 0, 0, 2, 0, 0, 23, 1, 0, 249, 7, 3]
1552551690801;[171, 0, 4, 255, 132, 128, 64]
1552551691135;[171, 0, 17, 255, 161, 76, 221, 5, 93, 0, 0, 7, 0, 0, 22, 1, 0, 249, 6, 230]
1552551691151;[171, 0, 17, 255, 161, 76, 221, 5, 93, 0, 0, 2, 0, 0, 24, 1, 0, 250, 6, 206]
1552551691152;[171, 0, 17, 255, 161, 76, 221, 5, 93, 0, 0, 2, 0, 0, 21, 1, 0, 249, 6, 153]
1552551691152;[171, 0, 17, 255, 161, 76, 221, 5, 93, 0, 0, 1, 0, 0, 22, 1, 0, 249, 6, 87]
1552551691319;[171, 0, 17, 255, 161, 76, 221, 5, 93, 0, 0, 3, 0, 0, 25, 1, 0, 254, 6, 94]
1552551691486;[171, 0, 17, 255, 161, 76, 221, 5, 93, 0, 0, 2, 0, 0, 21, 1, 0, 247, 6, 177]
1552551691486;[171, 0, 17, 255, 161, 76, 221, 5, 93, 0, 0, 3, 0, 0, 24, 1, 0, 249, 6, 234]
1552551691652;[171, 0, 17, 255, 161, 76, 221, 5, 93, 0, 0, 3, 0, 0, 24, 1, 0, 247, 6, 237]
1552551691670;[171, 0, 17, 255, 161, 76, 221, 5, 93, 0, 0, 2, 0, 0, 27, 1, 0, 249, 6, 232]
1552551691836;[171, 0, 17, 255, 161, 76, 221, 5, 93, 0, 0, 4, 0, 0, 24, 1, 0, 249, 6, 197]
1552551691837;[171, 0, 4, 255, 132, 128, 64]
1552551692004;[171, 0, 17, 255, 161, 76, 221, 5, 94, 0, 0, 2, 0, 0, 25, 1, 0, 249, 6, 156]
1552551692171;[171, 0, 17, 255, 161, 76, 221, 5, 94, 0, 0, 1, 0, 0, 24, 1, 0, 250, 6, 99]
1552551692187;[171, 0, 17, 255, 161, 76, 221, 5, 94, 0, 0, 3, 0, 0, 22, 1, 0, 254, 6, 60]
1552551692522;[171, 0, 17, 255, 161, 76, 221, 5, 94, 0, 0, 7, 0, 0, 25, 1, 0, 249, 6, 133]
1552551692522;[171, 0, 17, 255, 161, 76, 221, 5, 94, 0, 0, 2, 0, 0, 25, 1, 0, 249, 6, 191]
1552551692523;[171, 0, 17, 255, 161, 76, 221, 5, 94, 0, 0, 5, 0, 0, 21, 1, 0, 248, 6, 197]
1552551692524;[171, 0, 17, 255, 161, 76, 221, 5, 94, 0, 0, 2, 0, 0, 23, 1, 0, 246, 6, 204]
1552551692689;[171, 0, 17, 255, 161, 76, 221, 5, 94, 0, 0, 3, 0, 0, 24, 1, 0, 250, 6, 175]
1552551692872;[171, 0, 17, 255, 161, 76, 221, 5, 94, 0, 0, 2, 0, 0, 24, 1, 0, 249, 6, 129]
1552551692873;[171, 0, 17, 255, 161, 76, 221, 5, 94, 0, 0, 2, 0, 0, 27, 1, 0, 254, 6, 87]
1552551693039;[171, 0, 4, 255, 132, 128, 64]
1552551693041;[171, 0, 17, 255, 161, 76, 221, 5, 95, 0, 0, 3, 0, 0, 27, 1, 0, 249, 6, 15]
1552551693207;[171, 0, 17, 255, 161, 76, 221, 5, 95, 0, 0, 1, 0, 0, 24, 1, 0, 249, 5, 226]
1552551693390;[171, 0, 17, 255, 161, 76, 221, 5, 95, 0, 0, 2, 0, 0, 25, 1, 0, 248, 6, 43]
1552551693390;[171, 0, 17, 255, 161, 76, 221, 5, 95, 0, 0, 3, 0, 0, 22, 1, 0, 249, 6, 90]
1552551693557;[171, 0, 17, 255, 161, 76, 221, 5, 95, 0, 0, 7, 0, 0, 21, 1, 0, 246, 6, 88]
1552551693725;[171, 0, 17, 255, 161, 76, 221, 5, 95, 0, 0, 5, 0, 0, 21, 1, 0, 245, 6, 35]
1552551693726;[171, 0, 17, 255, 161, 76, 221, 5, 95, 0, 0, 2, 0, 0, 22, 1, 0, 249, 5, 221]
1552551693742;[171, 0, 17, 255, 161, 76, 221, 5, 95, 0, 0, 2, 0, 0, 21, 1, 0, 250, 5, 127]
1552551693908;[171, 0, 17, 255, 161, 76, 221, 5, 95, 0, 0, 9, 0, 0, 23, 1, 0, 254, 5, 20]
1552551694075;[171, 0, 17, 255, 161, 76, 221, 5, 95, 0, 0, 2, 0, 0, 22, 1, 0, 250, 4, 147]
1552551694076;[171, 0, 4, 255, 132, 128, 65]
1552551694243;[171, 0, 17, 255, 161, 76, 221, 5, 96, 0, 0, 2, 0, 0, 25, 1, 0, 248, 4, 100]
1552551694244;[171, 0, 17, 255, 161, 76, 221, 5, 96, 0, 0, 5, 0, 0, 21, 1, 0, 249, 4, 116]
1552551694426;[171, 0, 17, 255, 161, 76, 221, 5, 96, 0, 0, 5, 0, 0, 22, 1, 0, 254, 4, 101]
1552551694427;[171, 0, 17, 255, 161, 76, 221, 5, 96, 0, 0, 2, 0, 0, 24, 1, 0, 251, 4, 77]
1552551694594;[171, 0, 17, 255, 161, 76, 221, 5, 96, 0, 0, 7, 0, 0, 21, 1, 0, 246, 4, 22]
1552551694760;[171, 0, 17, 255, 161, 76, 221, 5, 96, 0, 0, 2, 0, 0, 21, 1, 0, 249, 3, 200]
1552551694761;[171, 0, 17, 255, 161, 76, 221, 5, 96, 0, 0, 5, 0, 0, 25, 1, 0, 249, 3, 121]
1552551694944;[171, 0, 17, 255, 161, 76, 221, 5, 96, 0, 0, 2, 0, 0, 24, 1, 0, 249, 3, 31]
1552551694945;[171, 0, 17, 255, 161, 76, 221, 5, 96, 0, 0, 3, 0, 0, 24, 1, 0, 254, 2, 229]
1552551695278;[171, 0, 17, 255, 161, 76, 221, 5, 96, 0, 0, 7, 0, 0, 21, 1, 0, 246, 2, 246]
1552551695279;[171, 0, 4, 255, 132, 128, 65]
1552551695280;[171, 0, 17, 255, 161, 76, 221, 5, 97, 0, 0, 5, 0, 0, 21, 1, 0, 249, 3, 11]
1552551695463;[171, 0, 17, 255, 161, 76, 221, 5, 97, 0, 0, 7, 0, 0, 22, 1, 0, 254, 3, 3]
1552551695463;[171, 0, 17, 255, 161, 76, 221, 5, 97, 0, 0, 9, 0, 0, 21, 1, 0, 249, 2, 246]
1552551695796;[171, 0, 17, 255, 161, 76, 221, 5, 97, 0, 0, 9, 0, 0, 22, 1, 0, 249, 2, 221]
1552551695797;[171, 0, 17, 255, 161, 76, 221, 5, 97, 0, 0, 5, 0, 0, 24, 1, 0, 254, 2, 193]
1552551695798;[171, 0, 17, 255, 161, 76, 221, 5, 97, 0, 0, 9, 0, 0, 25, 1, 0, 250, 2, 134]
1552551695980;[171, 0, 17, 255, 161, 76, 221, 5, 97, 0, 0, 11, 0, 0, 21, 1, 0, 254, 2, 158]
1552551695981;[171, 0, 17, 255, 161, 76, 221, 5, 97, 0, 0, 5, 0, 0, 25, 1, 0, 249, 2, 175]
1552551696147;[171, 0, 17, 255, 161, 76, 221, 5, 97, 0, 0, 9, 0, 0, 21, 1, 0, 249, 2, 114]
1552551696148;[171, 0, 17, 255, 161, 76, 221, 5, 97, 0, 0, 9, 0, 0, 24, 1, 0, 250, 2, 75]
1552551696314;[171, 0, 4, 255, 132, 128, 66]
1552551696498;[171, 0, 17, 255, 161, 76, 221, 5, 98, 0, 0, 5, 0, 0, 20, 1, 0, 254, 2, 8]
1552551696499;[171, 0, 17, 255, 161, 76, 221, 5, 98, 0, 0, 3, 0, 0, 20, 1, 0, 249, 1, 171]
1552551696665;[171, 0, 17, 255, 161, 76, 221, 5, 98, 0, 0, 3, 0, 0, 20, 1, 0, 249, 1, 86]
1552551696666;[171, 0, 17, 255, 161, 76, 221, 5, 98, 0, 0, 7, 0, 0, 24, 1, 0, 248, 1, 140]
1552551696832;[171, 0, 17, 255, 161, 76, 221, 5, 98, 0, 0, 9, 0, 0, 20, 1, 0, 249, 1, 204]
1552551696833;[171, 0, 17, 255, 161, 76, 221, 5, 98, 0, 0, 5, 0, 0, 20, 1, 0, 254, 1, 229]
1552551697016;[171, 0, 17, 255, 161, 76, 221, 5, 98, 0, 0, 5, 0, 0, 24, 1, 0, 249, 1, 241]
1552551697183;[171, 0, 17, 255, 161, 76, 221, 5, 98, 0, 0, 7, 0, 0, 21, 1, 0, 249, 1, 220]
1552551697184;[171, 0, 17, 255, 161, 76, 221, 5, 98, 0, 0, 3, 0, 0, 21, 1, 0, 249, 1, 193]
1552551697351;[171, 0, 17, 255, 161, 76, 221, 5, 98, 0, 0, 9, 0, 0, 25, 1, 0, 249, 1, 174]
1552551697351;[171, 0, 4, 255, 132, 128, 66]
1552551697518;[171, 0, 17, 255, 161, 76, 221, 5, 99, 0, 0, 5, 0, 0, 25, 1, 0, 250, 2, 54]
1552551697701;[171, 0, 17, 255, 161, 76, 221, 5, 99, 0, 0, 3, 0, 0, 21, 1, 0, 250, 2, 179]
1552551697868;[171, 0, 17, 255, 161, 76, 221, 5, 99, 0, 0, 1, 0, 0, 22, 1, 0, 250, 2, 244]
1552551697869;[171, 0, 17, 255, 161, 76, 221, 5, 99, 0, 0, 5, 0, 0, 21, 1, 0, 246, 3, 26]
1552551697870;[171, 0, 17, 255, 161, 76, 221, 5, 99, 0, 0, 1, 0, 0, 21, 1, 0, 249, 3, 35]
1552551698035;[171, 0, 17, 255, 161, 76, 221, 5, 99, 0, 0, 3, 0, 0, 22, 1, 0, 250, 3, 3]
1552551698052;[171, 0, 17, 255, 161, 76, 221, 5, 99, 0, 0, 5, 0, 0, 27, 1, 0, 249, 2, 234]
1552551698219;[171, 0, 17, 255, 161, 76, 221, 5, 99, 0, 0, 6, 0, 0, 22, 1, 0, 250, 3, 116]
1552551698386;[171, 0, 17, 255, 161, 76, 221, 5, 99, 0, 0, 2, 0, 0, 24, 1, 0, 249, 3, 253]
1552551698554;[171, 0, 17, 255, 161, 76, 221, 5, 102, 0, 0, 2, 0, 0, 21, 1, 0, 254, 3, 163]
1552551698737;[171, 0, 17, 255, 161, 76, 221, 5, 102, 0, 0, 5, 0, 0, 20, 1, 0, 246, 3, 57]
1552551698738;[171, 0, 17, 255, 161, 76, 221, 5, 102, 0, 0, 7, 0, 0, 21, 1, 0, 250, 2, 235]
1552551698904;[171, 0, 17, 255, 161, 76, 221, 5, 102, 0, 0, 5, 0, 0, 21, 1, 0, 250, 3, 71]
1552551699071;[171, 0, 17, 255, 161, 76, 221, 5, 102, 0, 0, 9, 0, 0, 21, 1, 0, 249, 3, 114]
1552551699072;[171, 0, 17, 255, 161, 76, 221, 5, 102, 0, 0, 2, 0, 0, 22, 1, 0, 249, 3, 106]
1552551699255;[171, 0, 17, 255, 161, 76, 221, 5, 102, 0, 0, 7, 0, 0, 21, 1, 0, 254, 3, 114]
1552551699256;[171, 0, 17, 255, 161, 76, 221, 5, 102, 0, 0, 5, 0, 0, 21, 1, 0, 254, 3, 73]
1552551699422;[171, 0, 17, 255, 161, 76, 221, 5, 102, 0, 0, 3, 0, 0, 21, 1, 0, 248, 3, 24]
1552551699423;[171, 0, 17, 255, 161, 76, 221, 5, 102, 0, 0, 9, 0, 0, 16, 1, 0, 249, 2, 204]
1552551699589;[171, 0, 4, 255, 132, 128, 70]
1552551699773;[171, 0, 17, 255, 161, 76, 221, 5, 103, 0, 0, 5, 0, 0, 22, 1, 0, 248, 2, 252]
1552551699774;[171, 0, 17, 255, 161, 76, 221, 5, 103, 0, 0, 7, 0, 0, 21, 1, 0, 249, 3, 107]
1552551699941;[171, 0, 17, 255, 161, 76, 221, 5, 103, 0, 0, 10, 0, 0, 21, 1, 0, 249, 3, 123]
1552551699942;[171, 0, 17, 255, 161, 76, 221, 5, 103, 0, 0, 9, 0, 0, 21, 1, 0, 249, 3, 136]
1552551700291;[171, 0, 17, 255, 161, 76, 221, 5, 103, 0, 0, 7, 0, 0, 22, 1, 0, 250, 3, 138]
1552551700292;[171, 0, 17, 255, 161, 76, 221, 5, 103, 0, 0, 2, 0, 0, 22, 1, 0, 249, 3, 87]
1552551700292;[171, 0, 17, 255, 161, 76, 221, 5, 103, 0, 0, 9, 0, 0, 20, 1, 0, 249, 3, 20]
1552551700458;[171, 0, 17, 255, 161, 76, 221, 5, 103, 0, 0, 9, 0, 0, 22, 1, 0, 249, 3, 17]
1552551700459;[171, 0, 17, 255, 161, 76, 221, 5, 103, 0, 0, 10, 0, 0, 20, 1, 0, 249, 3, 143]
1552551700809;[171, 0, 17, 255, 161, 76, 221, 5, 103, 0, 0, 5, 0, 0, 25, 1, 0, 249, 3, 175]
1552551700809;[171, 0, 4, 255, 132, 128, 70]
1552551700810;[171, 0, 17, 255, 161, 76, 221, 5, 104, 0, 0, 10, 0, 0, 20, 1, 0, 249, 3, 171]
1552551700976;[171, 0, 17, 255, 161, 76, 221, 5, 104, 0, 0, 9, 0, 0, 21, 1, 0, 249, 3, 152]
1552551700976;[171, 0, 17, 255, 161, 76, 221, 5, 104, 0, 0, 2, 0, 0, 22, 1, 0, 249, 3, 107]
1552551701143;[171, 0, 17, 255, 161, 76, 221, 5, 104, 0, 0, 7, 0, 0, 23, 1, 0, 249, 3, 45]
1552551701143;[171, 0, 17, 255, 161, 76, 221, 5, 104, 0, 0, 7, 0, 0, 16, 1, 1, 3, 3, 2]
1552551701327;[171, 0, 17, 255, 161, 76, 221, 5, 104, 0, 0, 10, 0, 0, 21, 1, 0, 250, 3, 142]
1552551701327;[171, 0, 17, 255, 161, 76, 221, 5, 104, 0, 0, 9, 0, 0, 16, 1, 0, 250, 4, 0]
1552551701494;[171, 0, 17, 255, 161, 76, 221, 5, 104, 0, 0, 2, 0, 0, 28, 1, 0, 245, 4, 45]
1552551701661;[171, 0, 17, 255, 161, 76, 221, 5, 104, 0, 0, 7, 0, 0, 21, 1, 0, 250, 4, 112]
1552551701662;[171, 0, 17, 255, 161, 76, 221, 5, 104, 0, 0, 7, 0, 0, 21, 1, 0, 249, 4, 143]
1552551701844;[171, 0, 4, 255, 132, 128, 71]
1552551701845;[171, 0, 17, 255, 161, 76, 221, 5, 105, 0, 0, 5, 0, 0, 21, 1, 0, 249, 4, 132]
1552551702012;[171, 0, 17, 255, 161, 76, 221, 5, 105, 0, 0, 5, 0, 0, 27, 1, 0, 249, 4, 96]
1552551702179;[171, 0, 17, 255, 161, 76, 221, 5, 105, 0, 0, 3, 0, 0, 21, 1, 0, 249, 4, 118]
1552551702180;[171, 0, 17, 255, 161, 76, 221, 5, 105, 0, 0, 5, 0, 0, 20, 1, 0, 249, 5, 46]
1552551702362;[171, 0, 17, 255, 161, 76, 221, 5, 105, 0, 0, 5, 0, 0, 20, 1, 0, 249, 5, 145]
1552551702362;[171, 0, 17, 255, 161, 76, 221, 5, 105, 0, 0, 5, 0, 0, 22, 1, 0, 249, 5, 177]
1552551702529;[171, 0, 17, 255, 161, 76, 221, 5, 105, 0, 0, 5, 0, 0, 22, 1, 0, 250, 5, 193]
1552551702530;[171, 0, 17, 255, 161, 76, 221, 5, 105, 0, 0, 7, 0, 0, 22, 1, 0, 250, 5, 178]
1552551702696;[171, 0, 17, 255, 161, 76, 221, 5, 105, 0, 0, 5, 0, 0, 24, 1, 0, 249, 5, 120]
1552551702880;[171, 0, 17, 255, 161, 76, 221, 5, 105, 0, 0, 5, 0, 0, 24, 1, 0, 249, 5, 66]
1552551702880;[171, 0, 4, 255, 132, 128, 71]
1552551703047;[171, 0, 17, 255, 161, 76, 221, 5, 106, 0, 0, 7, 0, 0, 21, 1, 0, 249, 5, 144]
1552551703047;[171, 0, 17, 255, 161, 76, 221, 5, 106, 0, 0, 9, 0, 0, 24, 1, 0, 249, 6, 6]
1552551703214;[171, 0, 17, 255, 161, 76, 221, 5, 106, 0, 0, 5, 0, 0, 20, 1, 0, 249, 6, 32]
1552551703565;[171, 0, 17, 255, 161, 76, 221, 5, 106, 0, 0, 7, 0, 0, 22, 1, 0, 249, 6, 30]
1552551703565;[171, 0, 17, 255, 161, 76, 221, 5, 106, 0, 0, 5, 0, 0, 25, 1, 0, 249, 6, 10]
1552551703566;[171, 0, 17, 255, 161, 76, 221, 5, 106, 0, 0, 9, 0, 0, 21, 1, 0, 249, 5, 207]
1552551703566;[171, 0, 17, 255, 161, 76, 221, 5, 106, 0, 0, 5, 0, 0, 21, 1, 0, 249, 5, 129]
1552551703733;[171, 0, 17, 255, 161, 76, 221, 5, 106, 0, 0, 1, 0, 0, 27, 1, 0, 254, 5, 56]
1552551703900;[171, 0, 17, 255, 161, 76, 221, 5, 106, 0, 0, 9, 0, 0, 22, 1, 0, 249, 5, 141]
1552551703901;[171, 0, 17, 255, 161, 76, 221, 5, 106, 0, 0, 5, 0, 0, 24, 1, 0, 249, 6, 11]
1552551704083;[171, 0, 4, 255, 132, 128, 72]
1552551704084;[171, 0, 17, 255, 161, 76, 221, 5, 107, 0, 0, 5, 0, 0, 21, 1, 0, 246, 6, 44]
1552551704250;[171, 0, 17, 255, 161, 76, 221, 5, 107, 0, 0, 7, 0, 0, 21, 1, 0, 249, 6, 51]
1552551704250;[171, 0, 17, 255, 161, 76, 221, 5, 107, 0, 0, 10, 0, 0, 22, 1, 0, 249, 6, 32]
1552551704418;[171, 0, 17, 255, 161, 76, 221, 5, 107, 0, 0, 3, 0, 0, 24, 1, 0, 250, 5, 220]
1552551704434;[171, 0, 17, 255, 161, 76, 221, 5, 107, 0, 0, 5, 0, 0, 24, 1, 0, 250, 5, 139]
1552551704601;[171, 0, 17, 255, 161, 76, 221, 5, 107, 0, 0, 2, 0, 0, 25, 1, 0, 249, 5, 54]
1552551704769;[171, 0, 17, 255, 161, 76, 221, 5, 107, 1, 0, 1, 0, 0, 25, 1, 0, 254, 5, 17]
1552551704769;[171, 0, 17, 255, 161, 76, 221, 5, 107, 0, 0, 3, 0, 0, 25, 1, 0, 250, 5, 155]
1552551704936;[171, 0, 17, 255, 161, 76, 221, 5, 107, 0, 0, 7, 0, 0, 22, 1, 0, 250, 5, 245]
1552551704952;[171, 0, 17, 255, 161, 76, 221, 5, 107, 0, 0, 5, 0, 0, 22, 1, 0, 246, 5, 252]
1552551705119;[171, 0, 4, 255, 132, 128, 73]
1552551705286;[171, 0, 17, 255, 161, 76, 221, 5, 108, 0, 0, 2, 0, 0, 24, 1, 0, 249, 5, 238]
1552551705287;[171, 0, 17, 255, 161, 76, 221, 5, 108, 0, 0, 2, 0, 0, 27, 1, 0, 249, 5, 193]
1552551705454;[171, 0, 17, 255, 161, 76, 221, 5, 108, 0, 0, 2, 0, 0, 23, 1, 0, 250, 5, 114]
1552551705470;[171, 0, 17, 255, 161, 76, 221, 5, 108, 0, 0, 1, 0, 0, 22, 1, 0, 250, 5, 31]
1552551705637;[171, 0, 17, 255, 161, 76, 221, 5, 108, 0, 0, 5, 0, 0, 24, 1, 0, 249, 4, 189]
1552551705638;[171, 0, 17, 255, 161, 76, 221, 5, 108, 0, 0, 2, 0, 0, 21, 1, 0, 250, 4, 61]
1552551705805;[171, 0, 17, 255, 161, 76, 221, 5, 108, 0, 0, 2, 0, 0, 24, 1, 0, 254, 3, 193]
1552551705971;[171, 0, 17, 255, 161, 76, 221, 5, 108, 0, 0, 3, 0, 0, 21, 1, 0, 249, 4, 11]
1552551705972;[171, 0, 17, 255, 161, 76, 221, 5, 108, 0, 0, 5, 0, 0, 24, 1, 0, 249, 4, 70]
1552551706156;[171, 0, 17, 255, 161, 76, 221, 5, 108, 0, 0, 1, 0, 0, 21, 1, 0, 250, 4, 64]
1552551706156;[171, 0, 4, 255, 132, 128, 74]
1552551706323;[171, 0, 17, 255, 161, 76, 221, 5, 109, 0, 0, 1, 0, 0, 23, 1, 0, 249, 4, 32]
1552551706323;[171, 0, 17, 255, 161, 76, 221, 5, 109, 0, 0, 2, 0, 0, 22, 1, 0, 254, 3, 241]
1552551706490;[171, 0, 17, 255, 161, 76, 221, 5, 109, 1, 0, 1, 0, 0, 24, 1, 0, 254, 3, 171]
1552551706673;[171, 0, 17, 255, 161, 76, 221, 5, 109, 0, 0, 2, 0, 0, 24, 1, 0, 250, 3, 85]
1552551706674;[171, 0, 17, 255, 161, 76, 221, 5, 109, 0, 0, 2, 0, 0, 22, 1, 0, 249, 3, 3]
1552551706840;[171, 0, 17, 255, 161, 76, 221, 5, 109, 0, 0, 3, 0, 0, 25, 1, 0, 254, 2, 157]
1552551706840;[171, 0, 17, 255, 161, 76, 221, 5, 109, 0, 0, 1, 0, 0, 27, 1, 0, 250, 2, 60]
1552551707007;[171, 0, 17, 255, 161, 76, 221, 5, 109, 0, 0, 1, 0, 0, 27, 1, 0, 249, 2, 66]
1552551707191;[171, 0, 17, 255, 161, 76, 221, 5, 109, 0, 0, 1, 0, 0, 26, 1, 0, 249, 2, 142]
1552551707192;[171, 0, 17, 255, 161, 76, 221, 5, 109, 0, 0, 1, 0, 0, 25, 1, 0, 248, 2, 175]
1552551707358;[171, 0, 4, 255, 132, 128, 74]
1552551707359;[171, 0, 17, 255, 161, 76, 221, 5, 110, 0, 0, 2, 0, 0, 27, 1, 0, 246, 2, 166]
1552551707525;[171, 0, 17, 255, 161, 76, 221, 5, 110, 0, 0, 2, 0, 0, 24, 1, 0, 249, 2, 149]
1552551707525;[171, 0, 17, 255, 161, 76, 221, 5, 110, 0, 0, 2, 0, 0, 22, 1, 0, 248, 2, 86]
1552551707709;[171, 0, 17, 255, 161, 76, 221, 5, 110, 0, 0, 1, 0, 0, 21, 1, 0, 249, 2, 21]
1552551707876;[171, 0, 17, 255, 161, 76, 221, 5, 110, 0, 0, 2, 0, 0, 27, 1, 0, 249, 1, 197]
1552551707876;[171, 0, 17, 255, 161, 76, 221, 5, 110, 0, 0, 3, 0, 0, 22, 1, 0, 249, 1, 108]
1552551708043;[171, 0, 17, 255, 161, 76, 221, 5, 110, 0, 0, 1, 0, 0, 25, 1, 0, 250, 1, 16]
1552551708044;[171, 0, 17, 255, 161, 76, 221, 5, 110, 0, 0, 5, 0, 0, 24, 1, 0, 249, 1, 59]
1552551708227;[171, 0, 17, 255, 161, 76, 221, 5, 110, 0, 0, 2, 0, 0, 21, 1, 0, 250, 1, 108]
1552551708228;[171, 0, 17, 255, 161, 76, 221, 5, 110, 0, 0, 1, 0, 0, 22, 1, 0, 249, 1, 95]
1552551708394;[171, 0, 4, 255, 132, 128, 74]
1552551708561;[171, 0, 17, 255, 161, 76, 221, 5, 111, 0, 0, 1, 0, 0, 24, 1, 0, 247, 1, 80]
1552551708561;[171, 0, 17, 255, 161, 76, 221, 5, 111, 1, 0, 1, 0, 0, 24, 1, 0, 248, 1, 39]
1552551708745;[171, 0, 17, 255, 161, 76, 221, 5, 111, 0, 0, 1, 0, 0, 24, 1, 0, 249, 0, 248]
1552551708745;[171, 0, 17, 255, 161, 76, 221, 5, 111, 0, 0, 1, 0, 0, 22, 1, 0, 250, 16, 185]
1552551708914;[171, 0, 17, 255, 161, 76, 221, 5, 111, 0, 0, 1, 0, 0, 25, 1, 0, 249, 7, 121]
1552551709079;[171, 0, 17, 255, 161, 76, 221, 5, 111, 0, 0, 3, 0, 0, 27, 1, 0, 249, 7, 38]
1552551709079;[171, 0, 17, 255, 161, 76, 221, 5, 111, 1, 0, 1, 0, 0, 24, 1, 0, 249, 6, 242]
1552551709246;[171, 0, 17, 255, 161, 76, 221, 5, 111, 0, 0, 2, 0, 0, 21, 1, 0, 249, 7, 65]
1552551709263;[171, 0, 17, 255, 161, 76, 221, 5, 111, 0, 0, 2, 0, 0, 26, 1, 0, 250, 7, 92]
1552551709598;[171, 0, 17, 255, 161, 76, 221, 5, 111, 0, 0, 1, 0, 0, 27, 1, 0, 254, 7, 77]
1552551709598;[171, 0, 4, 255, 132, 128, 73]
1552551709599;[171, 0, 17, 255, 161, 76, 221, 5, 112, 0, 0, 1, 0, 0, 21, 1, 0, 249, 7, 65]
1552551709764;[171, 0, 17, 255, 161, 76, 221, 5, 112, 0, 0, 2, 0, 0, 24, 1, 0, 249, 7, 43]
1552551709781;[171, 0, 17, 255, 161, 76, 221, 5, 112, 0, 0, 1, 0, 0, 25, 1, 0, 247, 6, 243]
1552551709948;[171, 0, 17, 255, 161, 76, 221, 5, 112, 0, 0, 2, 0, 0, 25, 1, 0, 248, 6, 192]
1552551709949;[171, 0, 17, 255, 161, 76, 221, 5, 112, 0, 0, 1, 0, 0, 24, 1, 0, 249, 6, 133]
1552551710114;[171, 0, 17, 255, 161, 76, 221, 5, 112, 0, 0, 2, 0, 0, 22, 1, 0, 249, 6, 88]
1552551710282;[171, 0, 17, 255, 161, 76, 221, 5, 112, 0, 0, 2, 0, 0, 21, 1, 0, 250, 6, 177]
1552551710299;[171, 0, 17, 255, 161, 76, 221, 5, 112, 0, 0, 2, 0, 0, 27, 1, 0, 254, 6, 235]
1552551710466;[171, 0, 17, 255, 161, 76, 221, 5, 112, 0, 0, 2, 0, 0, 27, 1, 0, 249, 6, 245]
1552551710467;[171, 0, 17, 255, 161, 76, 221, 5, 112, 0, 0, 2, 0, 0, 25, 1, 0, 249, 7, 11]
1552551710633;[171, 0, 4, 255, 132, 128, 73]
1552551710634;[171, 0, 17, 255, 161, 76, 221, 5, 113, 0, 0, 2, 0, 0, 24, 1, 0, 248, 7, 11]
1552551710800;[171, 0, 17, 255, 161, 76, 221, 5, 113, 0, 0, 2, 0, 0, 25, 1, 0, 249, 6, 232]
1552551710984;[171, 0, 17, 255, 161, 76, 221, 5, 113, 0, 0, 3, 0, 0, 27, 1, 0, 249, 6, 194]
1552551710984;[171, 0, 17, 255, 161, 76, 221, 5, 113, 0, 0, 2, 0, 0, 27, 1, 0, 250, 6, 151]
1552551711150;[171, 0, 17, 255, 161, 76, 221, 5, 113, 1, 0, 1, 0, 0, 22, 1, 0, 254, 6, 237]
1552551711151;[171, 0, 17, 255, 161, 76, 221, 5, 113, 1, 0, 1, 0, 0, 25, 1, 0, 249, 7, 82]
1552551711318;[171, 0, 17, 255, 161, 76, 221, 5, 113, 0, 0, 1, 0, 0, 24, 1, 0, 250, 7, 121]
1552551711318;[171, 0, 17, 255, 161, 76, 221, 5, 113, 0, 0, 2, 0, 0, 25, 1, 0, 249, 7, 154]
1552551711502;[171, 0, 17, 255, 161, 76, 221, 5, 113, 0, 0, 2, 0, 0, 22, 1, 0, 250, 7, 168]
1552551711835;[171, 0, 17, 255, 161, 76, 221, 5, 113, 0, 0, 2, 0, 0, 21, 1, 0, 250, 7, 154]
1552551711836;[171, 0, 4, 255, 132, 128, 72]
1552551711854;[171, 0, 17, 255, 161, 76, 221, 5, 114, 0, 0, 2, 0, 0, 24, 1, 0, 250, 7, 118]
1552551711855;[171, 0, 17, 255, 161, 76, 221, 5, 114, 0, 0, 1, 0, 0, 24, 1, 0, 249, 7, 79]
1552551712019;[171, 0, 17, 255, 161, 76, 221, 5, 114, 0, 0, 2, 0, 0, 22, 1, 0, 246, 7, 112]
1552551712187;[171, 0, 17, 255, 161, 76, 221, 5, 114, 0, 0, 2, 0, 0, 23, 1, 0, 249, 8, 4]
1552551712187;[171, 0, 17, 255, 161, 76, 221, 5, 114, 0, 0, 2, 0, 0, 21, 1, 0, 250, 8, 87]
1552551712355;[171, 0, 17, 255, 161, 76, 221, 5, 114, 0, 0, 2, 0, 0, 24, 1, 0, 250, 8, 127]
1552551712355;[171, 0, 17, 255, 161, 76, 221, 5, 114, 0, 0, 1, 0, 0, 21, 1, 0, 249, 8, 165]
1552551712537;[171, 0, 17, 255, 161, 76, 221, 5, 114, 0, 0, 2, 0, 0, 22, 1, 0, 249, 8, 172]
1552551712537;[171, 0, 17, 255, 161, 76, 221, 5, 114, 0, 0, 1, 0, 0, 25, 1, 0, 249, 8, 160]
1552551712705;[171, 0, 17, 255, 161, 76, 221, 5, 114, 0, 0, 2, 0, 0, 22, 1, 0, 249, 8, 130]
1552551712872;[171, 0, 4, 255, 132, 128, 71]
1552551712873;[171, 0, 17, 255, 161, 76, 221, 5, 115, 0, 0, 2, 0, 0, 21, 1, 0, 254, 8, 91]
1552551713055;[171, 0, 17, 255, 161, 76, 221, 5, 115, 0, 0, 2, 0, 0, 25, 1, 0, 249, 8, 160]
1552551713056;[171, 0, 17, 255, 161, 76, 221, 5, 115, 0, 0, 5, 0, 0, 25, 1, 0, 249, 9, 59]
1552551713223;[171, 0, 17, 255, 161, 76, 221, 5, 115, 0, 0, 2, 0, 0, 20, 1, 0, 249, 9, 134]
1552551713223;[171, 0, 17, 255, 161, 76, 221, 5, 115, 0, 0, 1, 0, 0, 24, 1, 0, 249, 9, 185]
1552551713389;[171, 0, 17, 255, 161, 76, 221, 5, 115, 0, 0, 2, 0, 0, 28, 1, 0, 249, 9, 226]
1552551713573;[171, 0, 17, 255, 161, 76, 221, 5, 115, 0, 0, 1, 0, 0, 24, 1, 0, 255, 9, 224]
1552551713573;[171, 0, 17, 255, 161, 76, 221, 5, 115, 0, 0, 1, 0, 0, 25, 1, 0, 248, 9, 202]
1552551713741;[171, 0, 17, 255, 161, 76, 221, 5, 115, 0, 0, 1, 0, 0, 22, 1, 0, 250, 9, 161]
1552551713741;[171, 0, 17, 255, 161, 76, 221, 5, 115, 0, 0, 2, 0, 0, 22, 1, 0, 249, 9, 125]
1552551713908;[171, 0, 4, 255, 132, 128, 70]
1552551714093;[171, 0, 17, 255, 161, 76, 221, 5, 116, 0, 0, 1, 0, 0, 27, 1, 0, 250, 9, 201]
1552551714094;[171, 0, 17, 255, 161, 76, 221, 5, 116, 0, 0, 3, 0, 0, 25, 1, 0, 245, 10, 74]
1552551714258;[171, 0, 17, 255, 161, 76, 221, 5, 116, 0, 0, 1, 0, 0, 21, 1, 0, 249, 10, 130]
1552551714259;[171, 0, 17, 255, 161, 76, 221, 5, 116, 0, 0, 3, 0, 0, 22, 1, 0, 249, 10, 132]
1552551714425;[171, 0, 17, 255, 161, 76, 221, 5, 116, 0, 0, 7, 0, 0, 22, 1, 0, 254, 10, 127]
1552551714426;[171, 0, 17, 255, 161, 76, 221, 5, 116, 0, 0, 1, 0, 0, 24, 1, 0, 249, 10, 127]
1552551714609;[171, 0, 17, 255, 161, 76, 221, 5, 116, 1, 0, 4, 0, 0, 30, 1, 0, 249, 10, 95]
1552551714776;[171, 0, 17, 255, 161, 76, 221, 5, 116, 0, 0, 27, 0, 0, 30, 1, 1, 14, 10, 32]
1552551714777;[171, 0, 17, 255, 161, 76, 221, 5, 116, 0, 0, 17, 0, 0, 14, 1, 0, 246, 9, 163]
1552551714943;[171, 0, 17, 255, 161, 76, 221, 5, 116, 0, 0, 41, 0, 0, 42, 1, 0, 235, 9, 121]
1552551714944;[171, 0, 4, 255, 132, 128, 70]
1552551715127;[171, 0, 17, 255, 161, 76, 221, 5, 117, 0, 0, 7, 0, 0, 85, 1, 0, 227, 9, 103]
1552551715128;[171, 0, 17, 255, 161, 76, 221, 5, 117, 1, 0, 22, 0, 0, 97, 1, 0, 220, 8, 179]
1552551715294;[171, 0, 17, 255, 161, 76, 221, 5, 117, 1, 0, 58, 0, 0, 115, 1, 0, 216, 7, 203]
1552551715461;[171, 0, 17, 255, 161, 76, 221, 5, 117, 1, 0, 54, 0, 0, 101, 1, 0, 211, 6, 57]
1552551715462;[171, 0, 17, 255, 161, 76, 221, 5, 117, 1, 0, 77, 0, 0, 67, 1, 1, 8, 5, 4]
1552551715645;[171, 0, 17, 255, 161, 76, 221, 5, 117, 1, 0, 25, 0, 0, 69, 1, 0, 228, 3, 223]
1552551715645;[171, 0, 17, 255, 161, 76, 221, 5, 117, 1, 0, 21, 0, 0, 54, 1, 1, 11, 4, 49]
1552551715812;[171, 0, 17, 255, 161, 76, 221, 5, 117, 1, 0, 37, 0, 0, 72, 1, 0, 230, 5, 71]
1552551715979;[171, 0, 17, 255, 161, 76, 221, 5, 117, 1, 0, 8, 0, 0, 111, 1, 0, 234, 6, 179]
1552551715980;[171, 0, 17, 255, 161, 76, 221, 5, 117, 1, 0, 65, 0, 0, 111, 1, 0, 216, 7, 192]
1552551716330;[171, 0, 4, 255, 132, 128, 70]
1552551716331;[171, 0, 17, 255, 161, 76, 221, 5, 118, 1, 0, 15, 0, 0, 128, 1, 0, 200, 8, 97]
1552551716331;[171, 0, 17, 255, 161, 76, 221, 5, 118, 1, 0, 8, 0, 0, 123, 1, 0, 208, 8, 251]
1552551716332;[171, 0, 17, 255, 161, 76, 221, 5, 118, 0, 0, 38, 0, 0, 124, 1, 0, 200, 9, 71]
1552551716497;[171, 0, 17, 255, 161, 76, 221, 5, 118, 0, 0, 25, 0, 0, 121, 1, 0, 200, 8, 206]
1552551716664;[171, 0, 17, 255, 161, 76, 221, 5, 118, 1, 0, 62, 0, 0, 124, 1, 1, 17, 7, 14]
1552551716681;[171, 0, 17, 255, 161, 76, 221, 5, 118, 1, 0, 77, 0, 0, 152, 1, 0, 194, 7, 14]
1552551716849;[171, 0, 17, 255, 161, 76, 221, 5, 118, 1, 0, 29, 0, 0, 115, 1, 0, 245, 8, 50]
1552551716849;[171, 0, 17, 255, 161, 76, 221, 5, 118, 0, 0, 6, 0, 0, 127, 1, 0, 208, 9, 52]
1552551717015;[171, 0, 17, 255, 161, 76, 221, 5, 118, 1, 0, 2, 0, 0, 118, 1, 0, 219, 10, 73]
1552551717199;[171, 0, 17, 255, 161, 76, 221, 5, 118, 0, 0, 26, 0, 0, 125, 1, 0, 204, 10, 252]
1552551717200;[171, 0, 4, 255, 132, 128, 69]
1552551717366;[171, 0, 17, 255, 161, 76, 221, 5, 119, 0, 0, 36, 0, 0, 124, 1, 0, 217, 11, 9]
1552551717366;[171, 0, 17, 255, 161, 76, 221, 5, 119, 0, 0, 28, 0, 0, 130, 1, 0, 216, 9, 121]
1552551717701;[171, 0, 17, 255, 161, 76, 221, 5, 119, 1, 0, 8, 0, 0, 124, 1, 0, 210, 8, 145]
1552551717701;[171, 0, 17, 255, 161, 76, 221, 5, 119, 1, 0, 7, 0, 0, 135, 1, 0, 226, 9, 8]
1552551717884;[171, 0, 17, 255, 161, 76, 221, 5, 119, 1, 0, 22, 0, 0, 120, 1, 0, 243, 10, 63]
1552551717884;[171, 0, 17, 255, 161, 76, 221, 5, 119, 1, 0, 55, 0, 0, 138, 1, 0, 207, 11, 28]
1552551717885;[171, 0, 17, 255, 161, 76, 221, 5, 119, 1, 0, 22, 0, 0, 139, 1, 0, 196, 10, 217]
1552551718051;[171, 0, 17, 255, 161, 76, 221, 5, 119, 1, 0, 59, 0, 0, 125, 1, 0, 210, 10, 40]
1552551718052;[171, 0, 17, 255, 161, 76, 221, 5, 119, 1, 0, 37, 0, 0, 114, 1, 0, 199, 9, 70]
1552551718218;[171, 0, 17, 255, 161, 76, 221, 5, 119, 1, 0, 37, 0, 0, 116, 1, 0, 196, 9, 72]
1552551718219;[171, 0, 4, 255, 132, 128, 69]
1552551718402;[171, 0, 17, 255, 161, 76, 221, 5, 120, 0, 0, 39, 0, 0, 198, 1, 0, 220, 9, 142]
1552551718570;[171, 0, 17, 255, 161, 76, 221, 5, 120, 0, 0, 13, 0, 0, 168, 1, 0, 252, 9, 171]
1552551718570;[171, 0, 17, 255, 161, 76, 221, 5, 120, 0, 0, 9, 0, 0, 151, 1, 0, 220, 10, 160]
1552551718736;[171, 0, 17, 255, 161, 76, 221, 5, 120, 1, 0, 68, 0, 0, 162, 1, 0, 186, 11, 109]
1552551718737;[171, 0, 17, 255, 161, 76, 221, 5, 120, 1, 0, 12, 0, 0, 78, 1, 0, 214, 11, 130]
1552551718920;[171, 0, 17, 255, 161, 76, 221, 5, 120, 1, 0, 92, 0, 0, 83, 1, 0, 190, 11, 173]
1552551719087;[171, 0, 17, 255, 161, 76, 221, 5, 120, 1, 0, 18, 0, 0, 56, 1, 0, 213, 10, 89]
1552551719087;[171, 0, 17, 255, 161, 76, 221, 5, 120, 0, 0, 11, 0, 0, 125, 1, 0, 251, 7, 109]
1552551719254;[171, 0, 17, 255, 161, 76, 221, 5, 120, 1, 0, 16, 0, 0, 102, 1, 0, 226, 4, 208]
1552551719255;[171, 0, 17, 255, 161, 76, 221, 5, 120, 1, 0, 33, 0, 0, 124, 1, 0, 229, 3, 136]
1552551719438;[171, 0, 4, 255, 132, 128, 69]
1552551719439;[171, 0, 17, 255, 161, 76, 221, 5, 121, 1, 0, 44, 0, 0, 133, 1, 0, 186, 3, 136]
1552551719772;[171, 0, 17, 255, 161, 76, 221, 5, 121, 1, 0, 45, 0, 0, 87, 1, 0, 206, 4, 91]
1552551719772;[171, 0, 17, 255, 161, 76, 221, 5, 121, 1, 0, 21, 0, 0, 105, 1, 0, 215, 4, 195]
1552551719773;[171, 0, 17, 255, 161, 76, 221, 5, 121, 1, 0, 14, 0, 0, 127, 1, 0, 242, 5, 64]
1552551719956;[171, 0, 17, 255, 161, 76, 221, 5, 121, 0, 0, 7, 0, 0, 105, 1, 0, 241, 5, 118]
1552551719957;[171, 0, 17, 255, 161, 76, 221, 5, 121, 0, 0, 15, 0, 0, 97, 1, 0, 228, 5, 157]
1552551720124;[171, 0, 17, 255, 161, 76, 221, 5, 121, 1, 0, 1, 0, 0, 85, 1, 0, 251, 5, 170]
1552551720125;[171, 0, 17, 255, 161, 76, 221, 5, 121, 1, 0, 19, 0, 0, 70, 1, 1, 16, 5, 168]
1552551720290;[171, 0, 17, 255, 161, 76, 221, 5, 121, 1, 0, 43, 0, 0, 56, 1, 0, 254, 6, 74]
1552551720641;[171, 0, 17, 255, 161, 76, 221, 5, 128, 0, 0, 105, 0, 0, 10, 1, 0, 241, 5, 137]
1552551720642;[171, 0, 17, 255, 161, 76, 221, 5, 128, 0, 0, 103, 0, 0, 24, 1, 0, 224, 6, 209]
1552551720808;[171, 0, 17, 255, 161, 76, 221, 5, 128, 0, 0, 97, 0, 0, 22, 1, 0, 230, 8, 5]
1552551721159;[171, 0, 17, 255, 161, 76, 221, 5, 128, 0, 0, 70, 0, 0, 27, 1, 0, 236, 8, 212]
1552551721160;[171, 0, 17, 255, 161, 76, 221, 5, 128, 0, 0, 85, 0, 0, 11, 1, 0, 242, 9, 131]
1552551721160;[171, 0, 17, 255, 161, 76, 221, 5, 128, 0, 0, 63, 0, 0, 30, 1, 0, 231, 9, 252]
1552551721161;[171, 0, 17, 255, 161, 76, 221, 5, 128, 0, 0, 80, 0, 0, 49, 1, 0, 228, 10, 80]
1552551721326;[171, 0, 17, 255, 161, 76, 221, 5, 128, 0, 0, 62, 0, 0, 63, 1, 0, 219, 10, 160]
1552551721327;[171, 0, 17, 255, 161, 76, 221, 5, 128, 0, 0, 47, 0, 0, 71, 1, 0, 228, 11, 85]
1552551721677;[171, 0, 17, 255, 161, 76, 221, 5, 128, 0, 0, 44, 0, 0, 54, 1, 0, 241, 12, 11]
1552551721678;[171, 0, 4, 255, 132, 128, 69]
1552551721679;[171, 0, 17, 255, 161, 76, 221, 5, 129, 0, 0, 66, 0, 0, 56, 1, 0, 228, 12, 86]
1552551721844;[171, 0, 17, 255, 161, 76, 221, 5, 129, 0, 0, 61, 0, 0, 50, 1, 0, 220, 12, 86]
1552551721845;[171, 0, 17, 255, 161, 76, 221, 5, 129, 0, 0, 66, 0, 0, 54, 1, 0, 230, 12, 116]
1552551722028;[171, 0, 17, 255, 161, 76, 221, 5, 129, 0, 0, 66, 0, 0, 42, 1, 0, 220, 12, 135]
1552551722029;[171, 0, 17, 255, 161, 76, 221, 5, 129, 0, 0, 55, 0, 0, 49, 1, 1, 3, 12, 112]
1552551722195;[171, 0, 17, 255, 161, 76, 221, 5, 129, 0, 0, 93, 0, 0, 164, 1, 1, 61, 12, 52]
1552551722362;[171, 0, 17, 255, 161, 76, 221, 5, 129, 0, 0, 74, 0, 0, 135, 1, 0, 224, 12, 59]
1552551722363;[171, 0, 17, 255, 161, 76, 221, 5, 129, 0, 0, 10, 0, 0, 129, 1, 0, 158, 11, 168]
1552551722529;[171, 0, 17, 255, 161, 76, 221, 5, 129, 1, 0, 1, 0, 0, 21, 1, 0, 171, 10, 13]
1552551722546;[171, 0, 17, 255, 161, 76, 221, 5, 129, 1, 0, 35, 1, 0, 56, 1, 0, 214, 8, 121]
1552551722713;[171, 0, 4, 255, 132, 128, 70]
1552551722880;[171, 0, 17, 255, 161, 76, 221, 5, 130, 0, 0, 19, 1, 0, 67, 1, 1, 13, 7, 82]
1552551722897;[171, 0, 17, 255, 161, 76, 221, 5, 130, 0, 0, 39, 1, 0, 14, 1, 0, 236, 6, 251]
1552551723047;[171, 0, 17, 255, 161, 76, 221, 5, 130, 1, 0, 20, 0, 0, 23, 1, 1, 36, 7, 5]
1552551723064;[171, 0, 17, 255, 161, 76, 221, 5, 130, 1, 0, 13, 0, 0, 8, 1, 0, 253, 6, 207]
1552551723231;[171, 0, 17, 255, 161, 76, 221, 5, 130, 1, 0, 17, 0, 0, 20, 1, 0, 248, 6, 255]
1552551723232;[171, 0, 17, 255, 161, 76, 221, 5, 130, 1, 0, 17, 0, 0, 20, 1, 0, 254, 7, 31]
1552551723398;[171, 0, 17, 255, 161, 76, 221, 5, 130, 1, 0, 14, 0, 0, 20, 1, 1, 4, 7, 29]
1552551723565;[171, 0, 17, 255, 161, 76, 221, 5, 130, 1, 0, 7, 0, 0, 11, 1, 0, 249, 7, 16]
1552551723582;[171, 0, 17, 255, 161, 76, 221, 5, 130, 1, 0, 3, 0, 0, 17, 1, 0, 250, 6, 243]
1552551723749;[171, 0, 17, 255, 161, 76, 221, 5, 130, 1, 0, 7, 0, 0, 20, 1, 0, 249, 6, 189]
1552551723749;[171, 0, 4, 255, 132, 128, 69]
1552551723916;[171, 0, 17, 255, 161, 76, 221, 5, 131, 1, 0, 3, 0, 0, 21, 1, 0, 254, 6, 121]
1552551723917;[171, 0, 17, 255, 161, 76, 221, 5, 131, 1, 0, 2, 0, 0, 16, 1, 0, 249, 6, 63]
1552551724083;[171, 0, 17, 255, 161, 76, 221, 5, 131, 1, 0, 1, 0, 0, 20, 1, 0, 250, 6, 79]
1552551724267;[171, 0, 17, 255, 161, 76, 221, 5, 131, 1, 0, 1, 0, 0, 16, 1, 0, 249, 6, 90]
1552551724268;[171, 0, 17, 255, 161, 76, 221, 5, 131, 1, 0, 1, 0, 0, 21, 1, 0, 249, 6, 85]
1552551724434;[171, 0, 17, 255, 161, 76, 221, 5, 131, 1, 0, 1, 0, 0, 20, 1, 0, 249, 6, 48]
1552551724434;[171, 0, 17, 255, 161, 76, 221, 5, 131, 0, 0, 0, 0, 0, 22, 1, 0, 250, 6, 16]
1552551724601;[171, 0, 17, 255, 161, 76, 221, 5, 131, 0, 0, 1, 0, 0, 16, 1, 0, 250, 5, 202]
1552551724785;[171, 0, 17, 255, 161, 76, 221, 5, 131, 0, 0, 1, 0, 0, 21, 1, 0, 249, 5, 156]
1552551724952;[171, 0, 17, 255, 161, 76, 221, 5, 131, 0, 0, 1, 0, 0, 11, 1, 0, 248, 5, 86]
1552551724953;[171, 0, 4, 255, 132, 128, 69]
1552551724954;[171, 0, 17, 255, 161, 76, 221, 5, 132, 1, 0, 1, 0, 0, 16, 1, 0, 246, 5, 43]
1552551725119;[171, 0, 17, 255, 161, 76, 221, 5, 132, 0, 0, 1, 0, 0, 20, 1, 0, 250, 5, 28]
1552551725120;[171, 0, 17, 255, 161, 76, 221, 5, 132, 0, 0, 2, 0, 0, 21, 1, 0, 254, 4, 252]
1552551725303;[171, 0, 17, 255, 161, 76, 221, 5, 132, 0, 0, 1, 0, 0, 21, 1, 1, 3, 4, 205]
1552551725470;[171, 0, 17, 255, 161, 76, 221, 5, 132, 0, 0, 2, 0, 0, 16, 1, 0, 248, 4, 160]
1552551725471;[171, 0, 17, 255, 161, 76, 221, 5, 132, 1, 0, 1, 0, 0, 22, 1, 0, 249, 4, 95]
1552551725637;[171, 0, 17, 255, 161, 76, 221, 5, 132, 0, 0, 1, 0, 0, 21, 1, 0, 249, 4, 35]
1552551725638;[171, 0, 17, 255, 161, 76, 221, 5, 132, 0, 0, 1, 0, 0, 16, 1, 0, 249, 3, 236]
1552551725821;[171, 0, 17, 255, 161, 76, 221, 5, 132, 0, 0, 5, 0, 0, 21, 1, 0, 249, 3, 189]
1552551725988;[171, 0, 17, 255, 161, 76, 221, 5, 132, 0, 0, 2, 0, 0, 16, 1, 0, 248, 3, 161]
1552551725989;[171, 0, 4, 255, 132, 128, 69]
1552551726155;[171, 0, 17, 255, 161, 76, 221, 5, 133, 0, 0, 2, 0, 0, 20, 1, 0, 249, 3, 121]
1552551726156;[171, 0, 17, 255, 161, 76, 221, 5, 133, 0, 0, 1, 0, 0, 21, 1, 0, 248, 3, 86]
1552551726339;[171, 0, 17, 255, 161, 76, 221, 5, 133, 0, 0, 3, 0, 0, 17, 1, 0, 250, 3, 51]
1552551726339;[171, 0, 17, 255, 161, 76, 221, 5, 133, 0, 0, 7, 0, 0, 21, 1, 0, 249, 3, 1]
1552551726506;[171, 0, 17, 255, 161, 76, 221, 5, 133, 0, 0, 5, 0, 0, 21, 1, 0, 249, 3, 1]
1552551726673;[171, 0, 17, 255, 161, 76, 221, 5, 133, 0, 0, 1, 0, 0, 21, 1, 0, 249, 2, 226]
1552551726674;[171, 0, 17, 255, 161, 76, 221, 5, 133, 0, 0, 1, 0, 0, 16, 1, 0, 249, 2, 183]
1552551726856;[171, 0, 17, 255, 161, 76, 221, 5, 133, 0, 0, 7, 0, 0, 16, 1, 0, 254, 2, 181]
1552551726857;[171, 0, 17, 255, 161, 76, 221, 5, 133, 0, 0, 1, 0, 0, 21, 1, 0, 249, 2, 160]
1552551727191;[171, 0, 17, 255, 161, 76, 221, 5, 133, 0, 0, 2, 0, 0, 20, 1, 0, 249, 2, 132]
1552551727191;[171, 0, 4, 255, 132, 128, 69]
1552551727192;[171, 0, 17, 255, 161, 76, 221, 5, 134, 0, 0, 7, 0, 0, 21, 1, 0, 250, 2, 100]
1552551727374;[171, 0, 17, 255, 161, 76, 221, 5, 134, 1, 0, 2, 0, 0, 22, 1, 0, 249, 2, 83]
1552551727375;[171, 0, 17, 255, 161, 76, 221, 5, 134, 1, 0, 1, 0, 0, 20, 1, 0, 254, 2, 58]
1552551727709;[171, 0, 17, 255, 161, 76, 221, 5, 134, 0, 0, 9, 1, 0, 14, 1, 1, 16, 2, 25]
1552551727709;[171, 0, 17, 255, 161, 76, 221, 5, 134, 1, 0, 17, 1, 0, 11, 1, 1, 8, 1, 234]
1552551727710;[171, 0, 17, 255, 161, 76, 221, 5, 134, 1, 0, 45, 1, 0, 11, 1, 0, 225, 1, 178]
1552551727893;[171, 0, 17, 255, 161, 76, 221, 5, 134, 1, 0, 12, 0, 0, 26, 1, 0, 224, 1, 162]
1552551727893;[171, 0, 17, 255, 161, 76, 221, 5, 134, 0, 0, 32, 0, 0, 91, 1, 0, 210, 1, 136]
1552551728059;[171, 0, 17, 255, 161, 76, 221, 5, 134, 1, 0, 20, 0, 0, 92, 1, 0, 222, 1, 86]
1552551728060;[171, 0, 17, 255, 161, 76, 221, 5, 134, 0, 0, 17, 0, 0, 104, 1, 0, 211, 1, 68]
1552551728394;[171, 0, 4, 255, 132, 128, 69]
1552551728413;[171, 0, 17, 255, 161, 76, 221, 5, 135, 0, 0, 154, 0, 0, 118, 1, 1, 17, 1, 70]
1552551728414;[171, 0, 17, 255, 161, 76, 221, 5, 135, 0, 0, 133, 0, 0, 70, 1, 0, 205, 1, 64]
1552551728578;[171, 0, 17, 255, 161, 76, 221, 5, 135, 0, 0, 114, 0, 0, 47, 1, 0, 215, 1, 77]
1552551728578;[171, 0, 17, 255, 161, 76, 221, 5, 135, 0, 0, 116, 0, 0, 44, 1, 0, 210, 1, 122]
1552551728745;[171, 0, 17, 255, 161, 76, 221, 5, 135, 0, 0, 103, 0, 0, 60, 1, 0, 213, 2, 30]
1552551728745;[171, 0, 17, 255, 161, 76, 221, 5, 135, 0, 0, 80, 0, 0, 59, 1, 0, 211, 2, 248]
1552551728912;[171, 0, 17, 255, 161, 76, 221, 5, 135, 0, 0, 66, 0, 0, 56, 1, 0, 223, 3, 118]
1552551728928;[171, 0, 17, 255, 161, 76, 221, 5, 135, 0, 0, 58, 0, 0, 62, 1, 0, 234, 3, 224]
1552551729095;[171, 0, 17, 255, 161, 76, 221, 5, 135, 0, 0, 72, 0, 0, 55, 1, 0, 224, 4, 58]
1552551729263;[171, 0, 17, 255, 161, 76, 221, 5, 135, 0, 0, 80, 0, 0, 49, 1, 0, 228, 4, 122]
1552551729263;[171, 0, 4, 255, 132, 128, 69]
1552551729430;[171, 0, 17, 255, 161, 76, 221, 5, 136, 0, 0, 65, 0, 0, 50, 1, 0, 228, 4, 160]
1552551729447;[171, 0, 17, 255, 161, 76, 221, 5, 136, 0, 0, 72, 0, 0, 59, 1, 0, 234, 4, 223]
1552551729614;[171, 0, 17, 255, 161, 76, 221, 5, 136, 0, 0, 72, 0, 0, 46, 1, 0, 228, 5, 134]
1552551729781;[171, 0, 17, 255, 161, 76, 221, 5, 136, 0, 0, 96, 0, 0, 95, 1, 0, 235, 5, 249]
1552551729781;[171, 0, 17, 255, 161, 76, 221, 5, 136, 0, 0, 147, 0, 0, 128, 1, 0, 241, 6, 51]
1552551729948;[171, 0, 17, 255, 161, 76, 221, 5, 136, 0, 0, 103, 0, 0, 132, 1, 0, 166, 6, 142]
1552551729948;[171, 0, 17, 255, 161, 76, 221, 5, 136, 0, 0, 73, 0, 0, 130, 1, 0, 142, 6, 213]
1552551730132;[171, 0, 17, 255, 161, 76, 221, 5, 136, 0, 0, 41, 0, 0, 120, 1, 0, 143, 6, 252]
1552551730132;[171, 0, 17, 255, 161, 76, 221, 5, 136, 0, 0, 76, 0, 0, 97, 1, 0, 208, 6, 253]
1552551730299;[171, 0, 17, 255, 161, 76, 221, 5, 136, 0, 0, 60, 0, 0, 151, 1, 0, 228, 7, 66]
1552551730466;[171, 0, 4, 255, 132, 128, 69]
1552551730467;[171, 0, 17, 255, 161, 76, 221, 5, 137, 0, 0, 32, 0, 0, 164, 1, 0, 215, 7, 143]
1552551730650;[171, 0, 17, 255, 161, 76, 221, 5, 137, 0, 0, 2, 0, 0, 144, 1, 0, 194, 7, 76]
1552551730650;[171, 0, 17, 255, 161, 76, 221, 5, 137, 0, 0, 51, 0, 0, 122, 1, 0, 206, 5, 222]
1552551730817;[171, 0, 17, 255, 161, 76, 221, 5, 137, 0, 0, 55, 0, 0, 165, 1, 0, 183, 3, 228]
1552551730817;[171, 0, 17, 255, 161, 76, 221, 5, 137, 0, 0, 67, 0, 0, 147, 1, 0, 199, 3, 49]
1552551730984;[171, 0, 17, 255, 161, 76, 221, 5, 137, 0, 0, 51, 0, 0, 142, 1, 0, 193, 2, 196]
1552551731167;[171, 0, 17, 255, 161, 76, 221, 5, 137, 0, 0, 53, 0, 0, 159, 1, 0, 189, 2, 239]
1552551731168;[171, 0, 17, 255, 161, 76, 221, 5, 137, 0, 0, 20, 0, 0, 157, 1, 0, 205, 3, 100]
1552551731335;[171, 0, 17, 255, 161, 76, 221, 5, 137, 0, 0, 17, 0, 0, 145, 1, 0, 200, 2, 198]
1552551731335;[171, 0, 17, 255, 161, 76, 221, 5, 137, 1, 0, 17, 0, 0, 138, 1, 0, 190, 2, 29]
1552551731502;[171, 0, 4, 255, 132, 128, 69]
1552551731686;[171, 0, 17, 255, 161, 76, 221, 5, 138, 1, 0, 20, 0, 0, 146, 1, 0, 201, 1, 233]
1552551731686;[171, 0, 17, 255, 161, 76, 221, 5, 138, 1, 0, 32, 0, 0, 148, 1, 0, 215, 1, 210]
1552551731852;[171, 0, 17, 255, 161, 76, 221, 5, 138, 1, 0, 35, 0, 0, 155, 1, 0, 200, 1, 126]
1552551731853;[171, 0, 17, 255, 161, 76, 221, 5, 138, 1, 0, 34, 0, 0, 150, 1, 0, 215, 0, 247]
1552551732020;[171, 0, 17, 255, 161, 76, 221, 5, 138, 1, 0, 25, 0, 0, 153, 1, 0, 186, 16, 157]
1552551732021;[171, 0, 17, 255, 161, 76, 221, 5, 138, 1, 0, 40, 0, 0, 160, 1, 0, 204, 7, 166]
1552551732203;[171, 0, 17, 255, 161, 76, 221, 5, 138, 1, 0, 31, 0, 0, 131, 1, 0, 181, 7, 135]
1552551732371;[171, 0, 17, 255, 161, 76, 221, 5, 138, 1, 0, 67, 0, 0, 147, 1, 0, 192, 7, 138]
1552551732372;[171, 0, 17, 255, 161, 76, 221, 5, 138, 1, 0, 8, 0, 0, 144, 1, 0, 207, 7, 54]
1552551732538;[171, 0, 17, 255, 161, 76, 221, 5, 138, 1, 0, 62, 0, 0, 106, 1, 0, 187, 7, 57]
1552551732538;[171, 0, 4, 255, 132, 128, 68]
1552551732722;[171, 0, 17, 255, 161, 76, 221, 5, 139, 1, 0, 47, 0, 0, 124, 1, 0, 235, 7, 80]
1552551732889;[171, 0, 17, 255, 161, 76, 221, 5, 139, 0, 0, 47, 0, 0, 132, 1, 1, 4, 7, 79]
1552551732905;[171, 0, 17, 255, 161, 76, 221, 5, 139, 0, 0, 72, 0, 0, 127, 1, 0, 196, 7, 18]
1552551733055;[171, 0, 17, 255, 161, 76, 221, 5, 139, 0, 0, 139, 0, 0, 121, 1, 0, 189, 6, 43]
1552551733239;[171, 0, 17, 255, 161, 76, 221, 5, 139, 0, 0, 90, 0, 0, 112, 1, 0, 168, 5, 71]
1552551733239;[171, 0, 17, 255, 161, 76, 221, 5, 139, 0, 0, 95, 0, 0, 82, 1, 0, 183, 4, 153]
1552551733240;[171, 0, 17, 255, 161, 76, 221, 5, 139, 0, 0, 103, 0, 0, 35, 1, 0, 219, 4, 153]
1552551733406;[171, 0, 17, 255, 161, 76, 221, 5, 139, 0, 0, 91, 1, 0, 22, 1, 0, 245, 4, 142]
1552551733573;[171, 0, 17, 255, 161, 76, 221, 5, 139, 0, 0, 80, 0, 0, 28, 1, 0, 226, 4, 226]
1552551733574;[171, 0, 17, 255, 161, 76, 221, 5, 139, 0, 0, 118, 0, 0, 15, 1, 0, 210, 5, 46]
1552551733757;[171, 0, 4, 255, 132, 128, 68]
1552551733758;[171, 0, 17, 255, 161, 76, 221, 5, 140, 0, 0, 65, 0, 0, 30, 1, 0, 217, 5, 50]
1552551733925;[171, 0, 17, 255, 161, 76, 221, 5, 140, 0, 0, 45, 0, 0, 42, 1, 0, 246, 5, 23]
1552551733925;[171, 0, 17, 255, 161, 76, 221, 5, 140, 0, 0, 52, 0, 0, 58, 1, 0, 240, 5, 45]
1552551734093;[171, 0, 17, 255, 161, 76, 221, 5, 140, 0, 0, 6, 0, 0, 28, 1, 0, 243, 4, 245]
1552551734275;[171, 0, 17, 255, 161, 76, 221, 5, 140, 0, 0, 12, 0, 0, 25, 1, 0, 243, 4, 176]
1552551734276;[171, 0, 17, 255, 161, 76, 221, 5, 140, 0, 0, 17, 0, 0, 41, 1, 0, 247, 4, 133]
1552551734442;[171, 0, 17, 255, 161, 76, 221, 5, 140, 0, 0, 24, 0, 0, 35, 1, 0, 250, 4, 142]
1552551734443;[171, 0, 17, 255, 161, 76, 221, 5, 140, 0, 0, 24, 0, 0, 40, 1, 0, 241, 4, 148]
1552551734609;[171, 0, 17, 255, 161, 76, 221, 5, 140, 0, 0, 12, 0, 0, 42, 1, 0, 222, 4, 168]
1552551734776;[171, 0, 17, 255, 161, 76, 221, 5, 140, 0, 0, 78, 0, 0, 58, 1, 0, 216, 4, 202]
1552551734793;[171, 0, 4, 255, 132, 128, 68]
1552551734960;[171, 0, 17, 255, 161, 76, 221, 5, 141, 0, 0, 95, 0, 0, 60, 1, 0, 210, 5, 9]
1552551734961;[171, 0, 17, 255, 161, 76, 221, 5, 141, 0, 0, 97, 0, 0, 58, 1, 0, 213, 4, 177]
1552551735127;[171, 0, 17, 255, 161, 76, 221, 5, 141, 0, 0, 80, 0, 0, 50, 1, 0, 224, 4, 68]
1552551735128;[171, 0, 17, 255, 161, 76, 221, 5, 141, 0, 0, 81, 0, 0, 52, 1, 0, 217, 3, 219]
1552551735294;[171, 0, 17, 255, 161, 76, 221, 5, 141, 0, 0, 80, 0, 0, 54, 1, 0, 219, 3, 150]
1552551735478;[171, 0, 17, 255, 161, 76, 221, 5, 141, 0, 0, 85, 0, 0, 53, 1, 0, 224, 3, 95]
1552551735479;[171, 0, 17, 255, 161, 76, 221, 5, 141, 0, 0, 85, 0, 0, 54, 1, 0, 219, 3, 39]
1552551735645;[171, 0, 17, 255, 161, 76, 221, 5, 141, 0, 0, 85, 0, 0, 53, 1, 0, 221, 3, 1]
1552551735646;[171, 0, 17, 255, 161, 76, 221, 5, 141, 0, 0, 85, 0, 0, 56, 1, 0, 217, 3, 39]
1552551735813;[171, 0, 17, 255, 161, 76, 221, 5, 141, 0, 0, 92, 0, 0, 52, 1, 0, 214, 3, 64]
1552551735829;[171, 0, 4, 255, 132, 128, 68]
1552551735996;[171, 0, 17, 255, 161, 76, 221, 5, 142, 0, 0, 110, 0, 0, 54, 1, 0, 207, 3, 85]
1552551736163;[171, 0, 17, 255, 161, 76, 221, 5, 142, 0, 0, 106, 0, 0, 63, 1, 0, 209, 4, 18]
1552551736163;[171, 0, 17, 255, 161, 76, 221, 5, 142, 0, 0, 106, 0, 0, 58, 1, 0, 203, 4, 210]
1552551736330;[171, 0, 17, 255, 161, 76, 221, 5, 142, 0, 0, 103, 0, 0, 62, 1, 0, 207, 5, 106]
1552551736347;[171, 0, 17, 255, 161, 76, 221, 5, 142, 0, 0, 97, 0, 0, 57, 1, 0, 210, 5, 247]
1552551736514;[171, 0, 17, 255, 161, 76, 221, 5, 142, 0, 0, 101, 0, 0, 63, 1, 0, 210, 6, 92]
1552551736682;[171, 0, 17, 255, 161, 76, 221, 5, 142, 0, 0, 93, 0, 0, 58, 1, 0, 211, 6, 156]
1552551736682;[171, 0, 17, 255, 161, 76, 221, 5, 142, 0, 0, 93, 0, 0, 58, 1, 0, 213, 6, 237]
1552551736849;[171, 0, 17, 255, 161, 76, 221, 5, 142, 0, 0, 91, 0, 0, 58, 1, 0, 213, 7, 206]
1552551736849;[171, 0, 17, 255, 161, 76, 221, 5, 142, 0, 0, 93, 0, 0, 59, 1, 0, 216, 8, 145]
1552551737032;[171, 0, 4, 255, 132, 128, 67]
1552551737033;[171, 0, 17, 255, 161, 76, 221, 5, 143, 0, 0, 93, 0, 0, 54, 1, 0, 213, 9, 24]
1552551737199;[171, 0, 17, 255, 161, 76, 221, 5, 143, 0, 0, 93, 0, 0, 56, 1, 0, 219, 9, 130]
1552551737366;[171, 0, 17, 255, 161, 76, 221, 5, 143, 0, 0, 94, 0, 0, 55, 1, 0, 217, 9, 197]
1552551737367;[171, 0, 17, 255, 161, 76, 221, 5, 143, 0, 0, 85, 0, 0, 56, 1, 0, 217, 9, 210]
1552551737550;[171, 0, 17, 255, 161, 76, 221, 5, 143, 0, 0, 83, 0, 0, 53, 1, 0, 222, 9, 180]
1552551737551;[171, 0, 17, 255, 161, 76, 221, 5, 143, 0, 0, 19, 0, 0, 56, 1, 0, 246, 8, 234]
1552551737717;[171, 0, 17, 255, 161, 76, 221, 5, 143, 0, 0, 67, 0, 0, 41, 1, 0, 240, 8, 22]
1552551737718;[171, 0, 17, 255, 161, 76, 221, 5, 143, 0, 0, 55, 0, 0, 56, 1, 0, 228, 7, 182]
1552551737884;[171, 0, 17, 255, 161, 76, 221, 5, 143, 0, 0, 54, 0, 0, 46, 1, 0, 239, 7, 141]
1552551738068;[171, 0, 17, 255, 161, 76, 221, 5, 143, 0, 0, 59, 0, 0, 46, 1, 0, 235, 7, 177]
1552551738069;[171, 0, 4, 255, 132, 128, 67]
1552551738236;[171, 0, 17, 255, 161, 76, 221, 5, 144, 0, 0, 52, 0, 0, 48, 1, 0, 235, 7, 167]
1552551738236;[171, 0, 17, 255, 161, 76, 221, 5, 144, 0, 0, 46, 0, 0, 46, 1, 0, 239, 7, 134]
1552551738403;[171, 0, 17, 255, 161, 76, 221, 5, 144, 0, 0, 47, 0, 0, 46, 1, 0, 239, 7, 94]
1552551738586;[171, 0, 17, 255, 161, 76, 221, 5, 144, 0, 0, 31, 0, 0, 40, 1, 0, 254, 6, 141]
1552551738587;[171, 0, 17, 255, 161, 76, 221, 5, 144, 0, 0, 94, 0, 0, 55, 1, 0, 219, 5, 39]
1552551738753;[171, 0, 17, 255, 161, 76, 221, 5, 144, 0, 0, 45, 0, 0, 56, 1, 0, 239, 4, 16]
1552551738754;[171, 0, 17, 255, 161, 76, 221, 5, 144, 0, 0, 49, 0, 0, 56, 1, 0, 230, 3, 35]
1552551738921;[171, 0, 17, 255, 161, 76, 221, 5, 144, 0, 0, 44, 0, 0, 46, 1, 0, 240, 2, 97]
1552551738921;[171, 0, 17, 255, 161, 76, 221, 5, 144, 0, 0, 49, 0, 0, 58, 1, 0, 239, 1, 238]
1552551739104;[171, 0, 17, 255, 161, 76, 221, 5, 144, 0, 0, 62, 0, 0, 55, 1, 0, 230, 1, 147]
1552551739271;[171, 0, 4, 255, 132, 128, 65]
1552551739272;[171, 0, 17, 255, 161, 76, 221, 5, 145, 0, 0, 44, 0, 0, 54, 1, 0, 239, 1, 58]
1552551739438;[171, 0, 17, 255, 161, 76, 221, 5, 145, 0, 0, 44, 0, 0, 53, 1, 0, 240, 0, 214]
1552551739438;[171, 0, 17, 255, 161, 76, 221, 5, 145, 0, 0, 49, 0, 0, 54, 1, 0, 239, 16, 108]
1552551739622;[171, 0, 17, 255, 161, 76, 221, 5, 145, 0, 0, 44, 0, 0, 52, 1, 0, 240, 7, 85]
1552551739789;[171, 0, 17, 255, 161, 76, 221, 5, 145, 0, 0, 47, 0, 0, 53, 1, 0, 239, 6, 245]
1552551739790;[171, 0, 17, 255, 161, 76, 221, 5, 145, 0, 0, 41, 0, 0, 51, 1, 0, 239, 6, 152]
1552551739956;[171, 0, 17, 255, 161, 76, 221, 5, 145, 0, 0, 39, 0, 0, 52, 1, 0, 239, 6, 83]
1552551739956;[171, 0, 17, 255, 161, 76, 221, 5, 145, 0, 0, 47, 0, 0, 56, 1, 0, 233, 6, 83]
1552551740140;[171, 0, 17, 255, 161, 76, 221, 5, 145, 0, 0, 41, 0, 0, 54, 1, 0, 239, 6, 50]
1552551740141;[171, 0, 17, 255, 161, 76, 221, 5, 145, 0, 0, 41, 0, 0, 53, 1, 0, 240, 6, 67]
1552551740307;[171, 0, 4, 255, 132, 128, 64]
1552551740474;[171, 0, 17, 255, 161, 76, 221, 5, 146, 0, 0, 47, 0, 0, 56, 1, 0, 241, 6, 142]
1552551740475;[171, 0, 17, 255, 161, 76, 221, 5, 146, 0, 0, 40, 0, 0, 51, 1, 0, 240, 7, 45]
1552551740825;[171, 0, 17, 255, 161, 76, 221, 5, 146, 0, 0, 43, 0, 0, 50, 1, 0, 241, 7, 215]
1552551740992;[171, 0, 17, 255, 161, 76, 221, 5, 146, 0, 0, 11, 0, 0, 45, 1, 0, 246, 8, 124]
1552551740992;[171, 0, 17, 255, 161, 76, 221, 5, 146, 0, 0, 49, 0, 0, 52, 1, 0, 236, 8, 224]
1552551740993;[171, 0, 17, 255, 161, 76, 221, 5, 146, 0, 0, 30, 0, 0, 47, 1, 0, 246, 9, 48]
1552551740993;[171, 0, 17, 255, 161, 76, 221, 5, 146, 0, 0, 30, 0, 0, 41, 1, 0, 241, 9, 108]
1552551741159;[171, 0, 17, 255, 161, 76, 221, 5, 146, 0, 0, 27, 0, 0, 46, 1, 0, 246, 9, 143]
1552551741176;[171, 0, 17, 255, 161, 76, 221, 5, 146, 0, 0, 13, 0, 0, 43, 1, 0, 254, 9, 246]
1552551741343;[171, 0, 17, 255, 161, 76, 221, 5, 146, 1, 0, 6, 0, 0, 44, 1, 1, 14, 10, 187]
1552551741343;[171, 0, 4, 255, 132, 128, 63]
1552551741510;[171, 0, 17, 255, 161, 76, 221, 5, 147, 0, 0, 41, 0, 0, 80, 1, 0, 216, 11, 71]
1552551741677;[171, 0, 17, 255, 161, 76, 221, 5, 147, 0, 0, 48, 0, 0, 75, 1, 0, 226, 11, 207]
1552551741694;[171, 0, 17, 255, 161, 76, 221, 5, 147, 0, 0, 12, 0, 0, 68, 1, 0, 240, 12, 86]
1552551741861;[171, 0, 17, 255, 161, 76, 221, 5, 147, 0, 0, 17, 0, 0, 72, 1, 0, 240, 12, 208]
1552551741862;[171, 0, 17, 255, 161, 76, 221, 5, 147, 0, 0, 10, 0, 0, 66, 1, 0, 240, 13, 56]
1552551742196;[171, 0, 17, 255, 161, 76, 221, 5, 147, 0, 0, 10, 0, 0, 65, 1, 0, 239, 13, 154]
1552551742212;[171, 0, 17, 255, 161, 76, 221, 5, 147, 0, 0, 9, 0, 0, 59, 1, 0, 241, 13, 224]
1552551742213;[171, 0, 17, 255, 161, 76, 221, 5, 147, 0, 0, 2, 0, 0, 62, 1, 0, 244, 14, 45]
1552551742380;[171, 0, 17, 255, 161, 76, 221, 5, 147, 1, 0, 14, 0, 0, 56, 1, 0, 250, 15, 54]
1552551742546;[171, 0, 17, 255, 161, 76, 221, 5, 150, 0, 0, 206, 0, 0, 98, 0, 0, 84, 9, 159]
1552551742713;[171, 0, 17, 255, 161, 76, 221, 5, 150, 0, 0, 208, 0, 0, 98, 0, 0, 87, 9, 240]
1552551742730;[171, 0, 17, 255, 161, 76, 221, 5, 150, 0, 0, 209, 0, 0, 98, 0, 0, 86, 10, 12]
1552551742897;[171, 0, 17, 255, 161, 76, 221, 5, 150, 0, 0, 209, 0, 0, 98, 0, 0, 88, 10, 8]
1552551743064;[171, 0, 17, 255, 161, 76, 221, 5, 150, 0, 0, 209, 0, 0, 100, 0, 0, 85, 9, 229]
1552551743065;[171, 0, 17, 255, 161, 76, 221, 5, 150, 0, 0, 208, 0, 0, 100, 0, 0, 86, 9, 170]
1552551743231;[171, 0, 17, 255, 161, 76, 221, 5, 150, 0, 0, 210, 0, 0, 97, 0, 0, 85, 9, 106]
1552551743232;[171, 0, 17, 255, 161, 76, 221, 5, 150, 0, 0, 209, 0, 0, 97, 0, 0, 88, 9, 26]
1552551743415;[171, 0, 17, 255, 161, 76, 221, 5, 150, 0, 0, 208, 0, 0, 100, 0, 0, 89, 8, 188]
1552551743582;[171, 0, 17, 255, 161, 76, 221, 5, 150, 0, 0, 209, 0, 0, 96, 0, 0, 90, 8, 93]
1552551743582;[171, 0, 4, 255, 132, 128, 61]
1552551743749;[171, 0, 17, 255, 161, 76, 221, 5, 151, 0, 0, 207, 0, 0, 103, 0, 0, 90, 8, 126]
1552551743749;[171, 0, 17, 255, 161, 76, 221, 5, 151, 0, 0, 209, 0, 0, 101, 0, 0, 91, 8, 201]
1552551743933;[171, 0, 17, 255, 161, 76, 221, 5, 151, 0, 0, 209, 0, 0, 97, 0, 0, 90, 8, 206]
1552551743933;[171, 0, 17, 255, 161, 76, 221, 5, 151, 0, 0, 208, 0, 0, 98, 0, 0, 89, 8, 179]
1552551744100;[171, 0, 17, 255, 161, 76, 221, 5, 151, 0, 0, 208, 0, 0, 99, 0, 0, 92, 8, 124]
1552551744267;[171, 0, 17, 255, 161, 76, 221, 5, 151, 0, 0, 209, 0, 0, 97, 0, 0, 90, 8, 55]
1552551744268;[171, 0, 17, 255, 161, 76, 221, 5, 151, 0, 0, 207, 0, 0, 101, 0, 0, 92, 7, 232]
1552551744450;[171, 0, 17, 255, 161, 76, 221, 5, 151, 0, 0, 209, 0, 0, 98, 0, 0, 91, 7, 133]
1552551744451;[171, 0, 17, 255, 161, 76, 221, 5, 151, 0, 0, 209, 0, 0, 97, 0, 0, 91, 7, 33]
1552551744618;[171, 0, 17, 255, 161, 76, 221, 5, 151, 0, 0, 209, 0, 0, 100, 0, 0, 91, 6, 182]
1552551744618;[171, 0, 4, 255, 132, 128, 61]
1552551744785;[171, 0, 17, 255, 161, 76, 221, 5, 152, 0, 0, 209, 0, 0, 101, 0, 0, 93, 6, 75]
1552551744969;[171, 0, 17, 255, 161, 76, 221, 5, 152, 0, 0, 209, 0, 0, 97, 0, 0, 95, 5, 246]
1552551744969;[171, 0, 17, 255, 161, 76, 221, 5, 152, 0, 0, 205, 0, 0, 98, 0, 0, 92, 6, 28]
1552551745135;[171, 0, 17, 255, 161, 76, 221, 5, 152, 0, 0, 209, 0, 0, 98, 0, 0, 93, 6, 51]
1552551745136;[171, 0, 17, 255, 161, 76, 221, 5, 152, 0, 0, 206, 0, 0, 97, 0, 0, 95, 6, 23]
1552551745303;[171, 0, 17, 255, 161, 76, 221, 5, 152, 0, 0, 209, 0, 0, 97, 0, 0, 96, 5, 239]
1552551745487;[171, 0, 17, 255, 161, 76, 221, 5, 152, 0, 0, 209, 0, 0, 98, 0, 0, 91, 5, 191]
1552551745487;[171, 0, 17, 255, 161, 76, 221, 5, 152, 0, 0, 207, 0, 0, 98, 0, 0, 95, 5, 123]
1552551745654;[171, 0, 17, 255, 161, 76, 221, 5, 152, 0, 0, 207, 0, 0, 99, 0, 0, 93, 5, 57]
1552551745654;[171, 0, 17, 255, 161, 76, 221, 5, 152, 0, 0, 208, 0, 0, 98, 0, 0, 96, 4, 237]
1552551745821;[171, 0, 4, 255, 132, 128, 60]
1552551745822;[171, 0, 17, 255, 161, 76, 221, 5, 153, 0, 0, 208, 0, 0, 98, 0, 0, 95, 4, 155]
1552551746005;[171, 0, 17, 255, 161, 76, 221, 5, 153, 0, 0, 205, 0, 0, 97, 0, 0, 95, 4, 87]
1552551746339;[171, 0, 17, 255, 161, 76, 221, 5, 153, 0, 0, 206, 0, 0, 97, 0, 0, 96, 4, 96]
1552551746339;[171, 0, 17, 255, 161, 76, 221, 5, 153, 0, 0, 206, 0, 0, 97, 0, 0, 96, 4, 144]
1552551746522;[171, 0, 17, 255, 161, 76, 221, 5, 153, 0, 0, 211, 0, 0, 100, 0, 0, 95, 4, 148]
1552551746523;[171, 0, 17, 255, 161, 76, 221, 5, 153, 0, 0, 207, 0, 0, 100, 0, 0, 92, 4, 137]
1552551746523;[171, 0, 17, 255, 161, 76, 221, 5, 153, 0, 0, 206, 0, 0, 97, 0, 0, 95, 4, 117]
1552551746524;[171, 0, 17, 255, 161, 76, 221, 5, 153, 0, 0, 207, 0, 0, 102, 0, 0, 94, 4, 86]
1552551746857;[171, 0, 17, 255, 161, 76, 221, 5, 153, 0, 0, 205, 0, 0, 99, 0, 0, 95, 4, 47]
1552551746857;[171, 0, 17, 255, 161, 76, 221, 5, 153, 0, 0, 206, 0, 0, 98, 0, 0, 96, 3, 251]
1552551746858;[171, 0, 4, 255, 132, 128, 60]
1552551747040;[171, 0, 17, 255, 161, 76, 221, 5, 154, 0, 0, 208, 0, 0, 97, 0, 0, 95, 3, 192]
1552551747041;[171, 0, 17, 255, 161, 76, 221, 5, 154, 0, 0, 206, 0, 0, 97, 0, 0, 96, 3, 145]
1552551747208;[171, 0, 17, 255, 161, 76, 221, 5, 154, 0, 0, 207, 0, 0, 97, 0, 0, 95, 3, 220]
1552551747375;[171, 0, 17, 255, 161, 76, 221, 5, 154, 0, 0, 206, 0, 0, 99, 0, 0, 96, 4, 25]
1552551747376;[171, 0, 17, 255, 161, 76, 221, 5, 154, 0, 0, 207, 0, 0, 103, 0, 0, 96, 4, 35]
1552551747542;[171, 0, 17, 255, 161, 76, 221, 5, 154, 0, 0, 206, 0, 0, 103, 0, 0, 95, 4, 54]
1552551747558;[171, 0, 17, 255, 161, 76, 221, 5, 154, 0, 0, 205, 0, 0, 98, 0, 0, 95, 4, 52]
1552551747726;[171, 0, 17, 255, 161, 76, 221, 5, 154, 0, 0, 204, 0, 0, 97, 0, 0, 96, 4, 34]
1552551747727;[171, 0, 17, 255, 161, 76, 221, 5, 154, 0, 0, 207, 0, 0, 97, 0, 0, 96, 4, 14]
1552551747893;[171, 0, 17, 255, 161, 76, 221, 5, 154, 0, 0, 204, 0, 0, 100, 0, 0, 95, 3, 248]
1552551748060;[171, 0, 4, 255, 132, 128, 59]
1552551748079;[171, 0, 17, 255, 161, 76, 221, 5, 155, 0, 0, 209, 0, 0, 97, 0, 0, 96, 3, 213]
1552551748244;[171, 0, 17, 255, 161, 76, 221, 5, 155, 0, 0, 206, 0, 0, 100, 0, 0, 96, 3, 183]
1552551748244;[171, 0, 17, 255, 161, 76, 221, 5, 155, 0, 0, 208, 0, 0, 97, 0, 0, 95, 3, 248]
1552551748578;[171, 0, 17, 255, 161, 76, 221, 5, 155, 0, 0, 206, 0, 0, 97, 0, 0, 95, 4, 97]
1552551748595;[171, 0, 17, 255, 161, 76, 221, 5, 155, 0, 0, 207, 0, 0, 98, 0, 0, 99, 4, 158]
1552551748762;[171, 0, 17, 255, 161, 76, 221, 5, 155, 0, 0, 205, 0, 0, 100, 0, 0, 97, 4, 199]
1552551748762;[171, 0, 17, 255, 161, 76, 221, 5, 155, 0, 0, 206, 0, 0, 100, 0, 0, 95, 4, 221]
1552551748763;[171, 0, 17, 255, 161, 76, 221, 5, 155, 0, 0, 207, 0, 0, 98, 0, 0, 96, 4, 221]
1552551749096;[171, 0, 17, 255, 161, 76, 221, 5, 155, 0, 0, 207, 0, 0, 100, 0, 0, 96, 4, 219]
1552551749096;[171, 0, 17, 255, 161, 76, 221, 5, 155, 0, 0, 206, 0, 0, 98, 0, 0, 96, 4, 203]
1552551749113;[171, 0, 4, 255, 132, 128, 59]
1552551749279;[171, 0, 17, 255, 161, 76, 221, 5, 156, 0, 0, 206, 0, 0, 100, 0, 0, 96, 4, 178]
1552551749280;[171, 0, 17, 255, 161, 76, 221, 5, 156, 0, 0, 206, 0, 0, 99, 0, 0, 95, 4, 142]
1552551749446;[171, 0, 17, 255, 161, 76, 221, 5, 156, 0, 0, 205, 0, 0, 98, 0, 0, 96, 4, 102]
1552551749447;[171, 0, 17, 255, 161, 76, 221, 5, 156, 0, 0, 206, 0, 0, 99, 0, 0, 96, 4, 79]
1552551749614;[171, 0, 17, 255, 161, 76, 221, 5, 156, 0, 0, 209, 0, 0, 100, 0, 0, 96, 4, 200]
1552551749615;[171, 0, 17, 255, 161, 76, 221, 5, 156, 0, 0, 206, 0, 0, 97, 0, 0, 91, 5, 38]
1552551749797;[171, 0, 17, 255, 161, 76, 221, 5, 156, 0, 0, 206, 0, 0, 97, 0, 0, 96, 5, 91]
1552551749965;[171, 0, 17, 255, 161, 76, 221, 5, 156, 0, 0, 209, 0, 0, 97, 0, 0, 95, 5, 124]
1552551749965;[171, 0, 17, 255, 161, 76, 221, 5, 156, 0, 0, 210, 0, 0, 100, 0, 0, 96, 5, 136]
1552551750132;[171, 0, 17, 255, 161, 76, 221, 5, 156, 0, 0, 207, 0, 0, 100, 0, 0, 96, 5, 127]
1552551750132;[171, 0, 4, 255, 132, 128, 59]
1552551750315;[171, 0, 17, 255, 161, 76, 221, 5, 157, 0, 0, 207, 0, 0, 97, 0, 0, 97, 5, 106]
1552551750482;[171, 0, 17, 255, 161, 76, 221, 5, 157, 0, 0, 207, 0, 0, 101, 0, 0, 97, 5, 86]
1552551750483;[171, 0, 17, 255, 161, 76, 221, 5, 157, 0, 0, 207, 0, 0, 96, 0, 0, 95, 5, 54]
1552551750650;[171, 0, 17, 255, 161, 76, 221, 5, 157, 0, 0, 202, 0, 0, 97, 0, 0, 97, 5, 23]
1552551750650;[171, 0, 17, 255, 161, 76, 221, 5, 157, 0, 0, 209, 0, 0, 97, 0, 0, 99, 4, 247]
1552551750833;[171, 0, 17, 255, 161, 76, 221, 5, 157, 0, 0, 208, 0, 0, 98, 0, 0, 97, 4, 244]
1552551750834;[171, 0, 17, 255, 161, 76, 221, 5, 157, 0, 0, 207, 0, 0, 100, 0, 0, 96, 5, 80]
1552551751000;[171, 0, 17, 255, 161, 76, 221, 5, 157, 0, 0, 207, 0, 0, 97, 0, 0, 97, 5, 133]
1552551751168;[171, 0, 17, 255, 161, 76, 221, 5, 157, 0, 0, 204, 0, 0, 98, 0, 0, 98, 5, 148]
1552551751168;[171, 0, 17, 255, 161, 76, 221, 5, 157, 0, 0, 207, 0, 0, 97, 0, 0, 97, 5, 161]
1552551751351;[171, 0, 4, 255, 132, 128, 59]
1552551751352;[171, 0, 17, 255, 161, 76, 221, 5, 158, 0, 0, 207, 0, 0, 96, 0, 0, 99, 5, 143]
1552551751518;[171, 0, 17, 255, 161, 76, 221, 5, 158, 0, 0, 207, 0, 0, 96, 0, 0, 96, 5, 112]
1552551751519;[171, 0, 17, 255, 161, 76, 221, 5, 158, 0, 0, 207, 0, 0, 98, 0, 0, 96, 5, 77]
1552551751685;[171, 0, 17, 255, 161, 76, 221, 5, 158, 0, 0, 206, 0, 0, 100, 0, 0, 97, 5, 31]
1552551751870;[171, 0, 17, 255, 161, 76, 221, 5, 158, 0, 0, 206, 0, 0, 96, 0, 0, 95, 4, 235]
1552551751870;[171, 0, 17, 255, 161, 76, 221, 5, 158, 0, 0, 204, 0, 0, 97, 0, 0, 99, 4, 201]
1552551752036;[171, 0, 17, 255, 161, 76, 221, 5, 158, 0, 0, 206, 0, 0, 97, 0, 0, 97, 5, 22]
1552551752037;[171, 0, 17, 255, 161, 76, 221, 5, 158, 0, 0, 207, 0, 0, 98, 0, 0, 96, 5, 77]
1552551752204;[171, 0, 17, 255, 161, 76, 221, 5, 158, 0, 0, 209, 0, 0, 98, 0, 0, 96, 5, 83]
1552551752387;[171, 0, 17, 255, 161, 76, 221, 5, 158, 0, 0, 206, 0, 0, 97, 0, 0, 97, 5, 94]
1552551752388;[171, 0, 4, 255, 132, 128, 59]
1552551752554;[171, 0, 17, 255, 161, 76, 221, 5, 159, 0, 0, 206, 0, 0, 100, 0, 0, 97, 5, 76]
1552551752555;[171, 0, 17, 255, 161, 76, 221, 5, 159, 0, 0, 204, 0, 0, 96, 0, 0, 97, 5, 53]
1552551752905;[171, 0, 17, 255, 161, 76, 221, 5, 159, 0, 0, 206, 0, 0, 98, 0, 0, 97, 5, 21]
1552551752906;[171, 0, 17, 255, 161, 76, 221, 5, 159, 0, 0, 204, 0, 0, 97, 0, 0, 96, 4, 227]
1552551752906;[171, 0, 17, 255, 161, 76, 221, 5, 159, 0, 0, 204, 0, 0, 99, 0, 0, 97, 4, 178]
1552551753072;[171, 0, 17, 255, 161, 76, 221, 5, 159, 0, 0, 207, 0, 0, 97, 0, 0, 97, 4, 223]
1552551753073;[171, 0, 17, 255, 161, 76, 221, 5, 159, 0, 0, 206, 0, 0, 97, 0, 0, 96, 5, 26]
1552551753239;[171, 0, 17, 255, 161, 76, 221, 5, 159, 0, 0, 207, 0, 0, 97, 0, 0, 97, 5, 44]
1552551753240;[171, 0, 17, 255, 161, 76, 221, 5, 159, 0, 0, 209, 0, 0, 101, 0, 0, 99, 5, 55]
1552551753406;[171, 0, 17, 255, 161, 76, 221, 5, 159, 0, 0, 204, 0, 0, 100, 0, 0, 99, 5, 44]
