1552553050888;[171, 0, 15, 255, 146, 192, 3, 7, 212, 241, 78, 66, 165, 124, 120, 0, 11, 2]
1552553050985;[171, 0, 5, 255, 145, 128, 0, 40]
1552553053033;[171, 0, 4, 255, 132, 128, 63]
1552553053145;[171, 0, 14, 255, 81, 8, 0, 0, 0, 0, 0, 0, 0, 0, 0, 0, 0]
1552553053630;[171, 0, 22, 255, 81, 32, 19, 3, 7, 16, 0, 0, 23, 0, 0, 0, 0, 0, 0, 0]
1552553053680;[0, 0, 0, 0, 0, 0]
1552553053781;[171, 0, 22, 255, 81, 32, 19, 3, 7, 17, 0, 0, 23, 0, 0, 0, 0, 0, 0, 0]
1552553053865;[0, 0, 0, 0, 0, 0]
1552553053964;[171, 0, 22, 255, 81, 32, 19, 3, 7, 18, 0, 0, 23, 0, 0, 0, 0, 0, 0, 0]
1552553054071;[0, 0, 0, 0, 0, 0]
1552553054164;[171, 0, 4, 255, 132, 128, 63]
1552553054265;[171, 0, 22, 255, 81, 32, 19, 3, 7, 19, 0, 0, 23, 0, 0, 0, 0, 0, 0, 0]
1552553054365;[0, 0, 0, 0, 0, 0]
1552553054464;[171, 0, 22, 255, 81, 32, 19, 3, 7, 20, 0, 0, 23, 0, 0, 0, 0, 0, 0, 0]
1552553054548;[0, 0, 0, 0, 0, 0]
1552553054649;[171, 0, 22, 255, 81, 32, 19, 3, 7, 21, 0, 0, 23, 0, 0, 0, 0, 0, 0, 0]
1552553054750;[0, 0, 0, 0, 0, 0]
1552553054917;[171, 0, 22, 255, 81, 32, 19, 3, 7, 22, 0, 0, 23, 0, 0, 0, 0, 0, 0, 0]
1552553055100;[0, 0, 0, 0, 0, 0]
1552553055100;[171, 0, 22, 255, 81, 32, 19, 3, 8, 0, 0, 0, 177, 0, 0, 6, 0, 0, 0, 0]
1552553055267;[0, 0, 0, 0, 0, 0]
1552553055267;[171, 0, 4, 255, 132, 128, 64]
1552553055450;[171, 0, 22, 255, 81, 32, 19, 3, 8, 1, 0, 1, 74, 0, 0, 12, 0, 0, 0, 0]
1552553055451;[0, 0, 0, 0, 0, 0]
1552553055617;[171, 0, 22, 255, 81, 32, 19, 3, 8, 2, 0, 5, 123, 0, 0, 52, 0, 0, 0, 0]
1552553055785;[0, 0, 0, 0, 0, 0]
1552553055785;[171, 0, 22, 255, 81, 32, 19, 3, 8, 3, 0, 7, 103, 0, 0, 70, 0, 0, 0, 0]
1552553055952;[0, 0, 0, 0, 0, 0]
1552553056137;[171, 0, 22, 255, 81, 32, 19, 3, 8, 4, 0, 7, 103, 0, 0, 70, 0, 0, 0, 0]
1552553056138;[0, 0, 0, 0, 0, 0]
1552553056302;[171, 0, 22, 255, 81, 32, 19, 3, 8, 5, 0, 7, 103, 0, 0, 70, 0, 0, 0, 0]
1552553056303;[0, 0, 0, 0, 0, 0]
1552553056469;[171, 0, 4, 255, 132, 128, 65]
1552553056471;[171, 0, 22, 255, 81, 32, 19, 3, 8, 6, 0, 7, 103, 0, 0, 70, 0, 0, 0, 0]
1552553056656;[0, 0, 0, 0, 0, 0]
1552553056656;[171, 0, 22, 255, 81, 32, 19, 3, 8, 7, 0, 7, 103, 0, 0, 70, 0, 0, 0, 0]
1552553056820;[0, 0, 0, 0, 0, 0]
1552553056988;[171, 0, 22, 255, 81, 32, 19, 3, 8, 8, 0, 7, 103, 0, 0, 70, 0, 0, 0, 0]
1552553056989;[0, 0, 0, 0, 0, 0]
1552553057171;[171, 0, 22, 255, 81, 32, 19, 3, 8, 9, 0, 7, 103, 0, 0, 70, 0, 0, 0, 0]
1552553057172;[0, 0, 0, 0, 0, 0]
1552553057340;[171, 0, 22, 255, 81, 32, 19, 3, 8, 10, 0, 7, 103, 0, 0, 70, 0, 0, 0, 0]
1552553057340;[0, 0, 0, 0, 0, 0]
1552553057507;[171, 0, 4, 255, 132, 128, 65]
1552553057689;[171, 0, 22, 255, 81, 32, 19, 3, 8, 11, 0, 7, 103, 0, 0, 70, 0, 0, 0, 0]
1552553057689;[0, 0, 0, 0, 0, 0]
1552553057856;[171, 0, 22, 255, 81, 32, 19, 3, 8, 12, 0, 7, 103, 0, 0, 70, 0, 0, 0, 0]
1552553057857;[0, 0, 0, 0, 0, 0]
1552553058041;[171, 0, 17, 255, 161, 76, 221, 11, 18, 0, 0, 47, 0, 0, 78, 1, 0, 219, 9, 32]
1552553058208;[171, 0, 17, 255, 161, 76, 221, 11, 18, 0, 0, 30, 0, 0, 106, 1, 0, 209, 9, 30]
1552553058208;[171, 0, 22, 255, 81, 32, 19, 3, 8, 13, 0, 7, 103, 0, 0, 70, 0, 0, 0, 0]
1552553058377;[0, 0, 0, 0, 0, 0]
1552553058377;[171, 0, 17, 255, 161, 76, 221, 11, 18, 0, 0, 64, 0, 0, 121, 1, 0, 220, 9, 42]
1552553058543;[171, 0, 17, 255, 161, 76, 221, 11, 18, 0, 0, 83, 0, 0, 85, 1, 0, 201, 9, 5]
1552553058543;[171, 0, 22, 255, 81, 32, 19, 3, 8, 14, 0, 7, 103, 0, 0, 70, 0, 0, 0, 0]
1552553058709;[0, 0, 0, 0, 0, 0]
1552553058893;[171, 0, 17, 255, 161, 76, 221, 11, 18, 0, 0, 45, 0, 0, 53, 1, 0, 186, 8, 223]
1552553058894;[171, 0, 17, 255, 161, 76, 221, 11, 18, 0, 0, 50, 0, 0, 59, 1, 0, 235, 8, 121]
1552553059061;[171, 0, 22, 255, 81, 32, 19, 3, 8, 15, 0, 7, 103, 0, 0, 70, 0, 0, 0, 0]
1552553059061;[0, 0, 0, 0, 0, 0]
1552553059226;[171, 0, 17, 255, 161, 76, 221, 11, 18, 1, 0, 67, 0, 0, 16, 1, 1, 38, 7, 232]
1552553059243;[171, 0, 4, 255, 132, 128, 66]
1552553059577;[171, 0, 17, 255, 161, 76, 221, 11, 20, 0, 0, 113, 0, 0, 56, 1, 0, 203, 6, 219]
1552553059578;[171, 0, 17, 255, 161, 76, 221, 11, 20, 0, 0, 138, 0, 0, 103, 1, 0, 153, 6, 199]
1552553059578;[171, 0, 22, 255, 81, 32, 19, 3, 8, 23, 0, 16, 45, 0, 0, 153, 0, 0, 0, 0]
1552553059747;[0, 0, 0, 0, 0, 0]
1552553059760;[171, 0, 17, 255, 161, 76, 221, 11, 20, 0, 0, 143, 0, 0, 92, 1, 0, 132, 6, 154]
1552553059929;[171, 0, 17, 255, 161, 76, 221, 11, 20, 0, 0, 224, 0, 0, 96, 1, 0, 122, 6, 104]
1552553060264;[171, 0, 22, 255, 81, 32, 19, 3, 11, 2, 0, 0, 68, 0, 0, 2, 0, 0, 0, 0]
1552553060264;[0, 0, 0, 0, 0, 0]
1552553060448;[171, 0, 17, 255, 161, 76, 221, 11, 20, 0, 0, 119, 0, 0, 118, 1, 0, 177, 6, 118]
1552553060448;[171, 0, 17, 255, 161, 76, 221, 11, 20, 0, 0, 118, 0, 0, 78, 1, 0, 164, 6, 192]
1552553060449;[171, 0, 22, 255, 81, 32, 19, 3, 11, 3, 0, 7, 60, 0, 0, 68, 0, 0, 0, 0]
1552553060449;[0, 0, 0, 0, 0, 0]
1552553060614;[171, 0, 17, 255, 161, 76, 221, 11, 20, 0, 0, 80, 0, 0, 58, 1, 0, 200, 7, 28]
1552553060781;[171, 0, 4, 255, 132, 128, 68]
1552553060800;[171, 0, 17, 255, 161, 76, 221, 11, 20, 0, 0, 11, 0, 0, 176, 1, 1, 6, 7, 115]
1552553060963;[171, 0, 22, 255, 81, 32, 19, 3, 11, 4, 0, 7, 60, 0, 0, 68, 0, 0, 0, 0]
1552553060966;[0, 0, 0, 0, 0, 0]
1552553061133;[171, 0, 17, 255, 161, 76, 221, 11, 20, 0, 0, 85, 0, 0, 133, 1, 0, 169, 7, 209]
1552553061134;[171, 0, 17, 255, 161, 76, 221, 11, 21, 0, 0, 133, 0, 0, 97, 1, 0, 242, 7, 243]
1552553061299;[171, 0, 22, 255, 81, 32, 19, 3, 11, 5, 0, 7, 60, 0, 0, 68, 0, 0, 0, 0]
1552553061483;[0, 0, 0, 0, 0, 0]
1552553061483;[171, 0, 17, 255, 161, 76, 221, 11, 21, 0, 0, 62, 0, 0, 58, 1, 0, 203, 8, 32]
1552553061650;[171, 0, 17, 255, 161, 76, 221, 11, 21, 0, 0, 85, 0, 0, 83, 1, 0, 150, 8, 18]
1552553061650;[171, 0, 22, 255, 81, 32, 19, 3, 11, 6, 0, 7, 60, 0, 0, 68, 0, 0, 0, 0]
1552553061817;[0, 0, 0, 0, 0, 0]
1552553062167;[171, 0, 17, 255, 161, 76, 221, 11, 22, 0, 0, 185, 0, 0, 111, 1, 0, 96, 9, 248]
1552553062168;[171, 0, 4, 255, 132, 128, 68]
1552553062341;[171, 0, 17, 255, 161, 76, 221, 11, 22, 0, 0, 199, 0, 0, 76, 1, 0, 120, 10, 67]
1552553062341;[171, 0, 22, 255, 81, 32, 19, 3, 11, 14, 0, 7, 60, 0, 0, 68, 0, 0, 0, 0]
1552553062524;[0, 0, 0, 0, 0, 0]
1552553062690;[171, 0, 17, 255, 161, 76, 221, 11, 22, 0, 0, 153, 0, 0, 89, 1, 0, 101, 10, 159]
1552553062691;[171, 0, 17, 255, 161, 76, 221, 11, 23, 0, 0, 174, 0, 0, 90, 1, 0, 72, 10, 56]
1552553062858;[171, 0, 22, 255, 81, 32, 19, 3, 11, 15, 0, 7, 127, 0, 0, 71, 0, 0, 0, 0]
1552553062859;[0, 0, 0, 0, 0, 0]
1552553063042;[171, 0, 17, 255, 161, 76, 221, 11, 23, 0, 0, 233, 0, 0, 141, 1, 0, 64, 9, 38]
1552553063043;[171, 0, 17, 255, 161, 76, 221, 11, 23, 0, 0, 149, 0, 0, 186, 1, 0, 87, 8, 18]
1552553063209;[171, 0, 22, 255, 81, 32, 19, 3, 11, 16, 0, 13, 88, 0, 0, 126, 0, 0, 0, 0]
1552553063376;[0, 0, 0, 0, 0, 0]
1552553063377;[171, 0, 17, 255, 161, 76, 221, 11, 23, 0, 0, 220, 0, 0, 156, 1, 0, 130, 7, 192]
1552553063561;[171, 0, 17, 255, 161, 76, 221, 11, 23, 0, 0, 209, 0, 0, 115, 1, 0, 71, 7, 101]
1552553063561;[171, 0, 22, 255, 81, 32, 19, 3, 12, 15, 0, 0, 60, 0, 0, 2, 0, 0, 0, 0]
1552553063894;[0, 0, 0, 0, 0, 0]
1552553063894;[171, 0, 17, 255, 161, 76, 221, 11, 23, 0, 0, 112, 0, 0, 91, 1, 0, 167, 7, 90]
1552553063895;[171, 0, 17, 255, 161, 76, 221, 11, 23, 0, 0, 103, 0, 0, 83, 1, 0, 240, 7, 123]
1552553064078;[171, 0, 22, 255, 81, 32, 19, 3, 12, 16, 0, 0, 60, 0, 0, 2, 0, 0, 0, 0]
1552553064078;[0, 0, 0, 0, 0, 0]
1552553064245;[171, 0, 17, 255, 161, 76, 221, 11, 23, 0, 0, 48, 0, 0, 101, 1, 0, 199, 6, 203]
1552553064245;[171, 0, 4, 255, 132, 128, 68]
1552553064412;[171, 0, 17, 255, 161, 76, 221, 11, 25, 0, 0, 215, 0, 0, 114, 1, 0, 55, 5, 68]
1552553064596;[171, 0, 17, 255, 161, 76, 221, 11, 25, 0, 0, 187, 0, 0, 73, 1, 0, 41, 5, 153]
1552553064597;[171, 0, 22, 255, 81, 32, 19, 3, 13, 11, 0, 1, 169, 0, 0, 15, 0, 0, 0, 0]
1552553064763;[0, 0, 0, 0, 0, 0]
1552553064763;[171, 0, 17, 255, 161, 76, 221, 11, 25, 0, 0, 116, 0, 0, 116, 1, 0, 97, 6, 54]
1552553064930;[171, 0, 17, 255, 161, 76, 221, 11, 25, 0, 0, 216, 0, 0, 138, 1, 0, 111, 5, 85]
1552553064930;[171, 0, 22, 255, 81, 32, 19, 3, 13, 12, 0, 1, 217, 0, 0, 17, 0, 0, 0, 0]
1552553065099;[0, 0, 0, 0, 0, 0]
1552553065274;[171, 0, 17, 255, 161, 76, 221, 11, 25, 0, 0, 155, 0, 0, 123, 1, 0, 125, 4, 77]
1552553065275;[171, 0, 17, 255, 161, 76, 221, 11, 25, 0, 0, 179, 0, 0, 124, 1, 0, 185, 3, 212]
1552553065455;[171, 0, 22, 255, 81, 32, 19, 3, 13, 13, 0, 2, 122, 0, 0, 23, 0, 0, 0, 0]
1552553065455;[0, 0, 0, 0, 0, 0]
1552553065610;[171, 0, 17, 255, 161, 76, 221, 11, 25, 0, 0, 173, 0, 0, 124, 1, 0, 113, 3, 155]
1552553065793;[171, 0, 4, 255, 132, 128, 68]
1552553065794;[171, 0, 17, 255, 161, 76, 221, 11, 25, 0, 0, 176, 0, 0, 146, 1, 0, 123, 3, 131]
1552553065961;[171, 0, 22, 255, 81, 32, 19, 3, 13, 14, 0, 2, 198, 0, 0, 26, 0, 0, 0, 0]
1552553065962;[0, 0, 0, 0, 0, 0]
1552553066128;[171, 0, 17, 255, 161, 76, 221, 11, 25, 0, 0, 85, 0, 0, 109, 1, 0, 135, 3, 89]
1552553066129;[171, 0, 17, 255, 161, 76, 221, 11, 26, 0, 0, 118, 0, 0, 117, 1, 0, 112, 2, 239]
1552553066312;[171, 0, 22, 255, 81, 32, 19, 3, 13, 15, 0, 2, 198, 0, 0, 26, 0, 0, 0, 0]
1552553066478;[0, 0, 0, 0, 0, 0]
1552553066479;[171, 0, 17, 255, 161, 76, 221, 11, 26, 0, 0, 183, 0, 0, 132, 1, 0, 86, 2, 132]
1552553066645;[171, 0, 17, 255, 161, 76, 221, 11, 26, 0, 0, 56, 0, 0, 190, 1, 0, 181, 2, 2]
1552553066645;[171, 0, 22, 255, 81, 32, 19, 3, 13, 16, 0, 3, 12, 0, 0, 28, 0, 0, 0, 0]
1552553066829;[0, 0, 0, 0, 0, 0]
1552553067163;[171, 0, 4, 255, 132, 128, 66]
1552553067347;[171, 0, 22, 255, 81, 32, 19, 3, 13, 23, 0, 3, 12, 0, 0, 28, 0, 0, 0, 0]
1552553067348;[0, 0, 0, 0, 0, 0]
1552553067349;[171, 0, 17, 255, 161, 76, 221, 11, 27, 1, 0, 47, 1, 0, 3, 1, 1, 5, 16, 179]
1552553067513;[171, 0, 17, 255, 161, 76, 221, 11, 27, 1, 0, 8, 1, 0, 29, 1, 1, 9, 7, 148]
1552553067682;[171, 0, 17, 255, 161, 76, 221, 11, 28, 1, 0, 14, 1, 0, 28, 1, 1, 14, 7, 86]
1552553067682;[171, 0, 17, 255, 161, 76, 221, 11, 28, 0, 0, 19, 1, 0, 12, 1, 1, 3, 6, 224]
1552553067864;[171, 0, 17, 255, 161, 76, 221, 11, 28, 0, 0, 67, 1, 0, 4, 1, 0, 219, 5, 154]
1552553067865;[171, 0, 17, 255, 161, 76, 221, 11, 28, 0, 0, 80, 1, 0, 7, 1, 0, 234, 5, 154]
1552553068199;[171, 0, 17, 255, 161, 76, 221, 11, 28, 0, 0, 91, 0, 0, 10, 1, 0, 230, 5, 154]
1552553068200;[171, 0, 17, 255, 161, 76, 221, 11, 28, 0, 0, 79, 1, 0, 11, 1, 0, 230, 6, 44]
1552553068200;[171, 0, 17, 255, 161, 76, 221, 11, 28, 0, 0, 85, 1, 0, 10, 1, 0, 254, 6, 45]
1552553068383;[171, 0, 17, 255, 161, 76, 221, 11, 28, 0, 0, 102, 0, 0, 16, 1, 0, 234, 6, 35]
1552553068383;[171, 0, 4, 255, 132, 128, 64]
1552553068550;[171, 0, 17, 255, 161, 76, 221, 11, 28, 0, 0, 87, 0, 0, 36, 1, 0, 211, 6, 26]
1552553068551;[171, 0, 17, 255, 161, 76, 221, 11, 28, 0, 0, 32, 0, 0, 50, 1, 0, 251, 6, 13]
1552553068901;[171, 0, 17, 255, 161, 76, 221, 11, 29, 0, 0, 66, 0, 0, 61, 1, 0, 224, 5, 216]
1552553068902;[171, 0, 17, 255, 161, 76, 221, 11, 29, 0, 0, 41, 0, 0, 83, 1, 0, 219, 5, 252]
1552553068902;[171, 0, 17, 255, 161, 76, 221, 11, 29, 0, 0, 7, 0, 0, 87, 1, 0, 218, 6, 34]
1552553069068;[171, 0, 17, 255, 161, 76, 221, 11, 29, 1, 0, 1, 0, 0, 104, 1, 0, 243, 6, 75]
1552553069069;[171, 0, 17, 255, 161, 76, 221, 11, 29, 1, 0, 15, 0, 0, 111, 1, 0, 241, 6, 108]
1552553069419;[171, 0, 17, 255, 161, 76, 221, 11, 29, 1, 0, 12, 0, 0, 117, 1, 0, 210, 6, 136]
1552553069420;[171, 0, 17, 255, 161, 76, 221, 11, 29, 0, 0, 5, 0, 0, 128, 1, 0, 189, 6, 192]
1552553069421;[171, 0, 17, 255, 161, 76, 221, 11, 29, 0, 0, 19, 0, 0, 175, 1, 0, 192, 7, 6]
1552553069586;[171, 0, 4, 255, 132, 128, 64]
1552553069587;[171, 0, 17, 255, 161, 76, 221, 11, 29, 1, 0, 45, 0, 0, 123, 1, 0, 176, 7, 20]
1552553069753;[171, 0, 17, 255, 161, 76, 221, 11, 29, 0, 0, 19, 0, 0, 138, 1, 0, 183, 7, 10]
1552553069754;[171, 0, 17, 255, 161, 76, 221, 11, 30, 0, 0, 66, 0, 0, 131, 1, 0, 187, 7, 74]
1552553069936;[171, 0, 17, 255, 161, 76, 221, 11, 30, 0, 0, 106, 0, 0, 175, 1, 0, 158, 8, 12]
1552553069937;[171, 0, 17, 255, 161, 76, 221, 11, 30, 0, 0, 213, 0, 0, 191, 1, 0, 124, 8, 194]
1552553070104;[171, 0, 17, 255, 161, 76, 221, 11, 30, 0, 0, 166, 0, 0, 162, 1, 0, 64, 9, 99]
1552553070271;[171, 0, 17, 255, 161, 76, 221, 11, 30, 0, 0, 112, 0, 0, 121, 1, 0, 11, 9, 238]
1552553070271;[171, 0, 17, 255, 161, 76, 221, 11, 30, 0, 0, 186, 0, 0, 154, 1, 0, 72, 10, 129]
1552553070456;[171, 0, 17, 255, 161, 76, 221, 11, 30, 0, 0, 185, 0, 0, 173, 1, 0, 82, 11, 46]
1552553070457;[171, 0, 17, 255, 161, 76, 221, 11, 30, 0, 0, 139, 0, 0, 173, 1, 0, 13, 11, 208]
1552553070622;[171, 0, 4, 255, 132, 128, 64]
1552553070623;[171, 0, 17, 255, 161, 76, 221, 11, 30, 0, 0, 126, 0, 0, 210, 0, 0, 10, 12, 104]
1552553070789;[171, 0, 17, 255, 161, 76, 221, 11, 30, 0, 0, 85, 0, 0, 215, 0, 0, 27, 13, 19]
1552553070958;[171, 0, 17, 255, 161, 76, 221, 11, 31, 0, 0, 117, 0, 0, 179, 1, 0, 38, 13, 209]
1552553070958;[171, 0, 17, 255, 161, 76, 221, 11, 31, 0, 0, 187, 0, 0, 128, 0, 0, 23, 14, 180]
1552553071140;[171, 0, 17, 255, 161, 76, 221, 11, 31, 0, 0, 164, 0, 0, 112, 1, 0, 49, 31, 146]
1552553071141;[171, 0, 17, 255, 161, 76, 221, 11, 31, 0, 0, 169, 0, 0, 116, 0, 0, 16, 7, 208]
1552553071307;[171, 0, 17, 255, 161, 76, 221, 11, 31, 0, 0, 118, 0, 0, 175, 0, 0, 38, 8, 12]
1552553071658;[171, 0, 17, 255, 161, 76, 221, 11, 31, 0, 0, 125, 0, 0, 200, 0, 0, 22, 8, 62]
1552553071659;[171, 0, 17, 255, 161, 76, 221, 11, 31, 0, 0, 103, 0, 0, 220, 0, 0, 33, 8, 93]
1552553071659;[171, 0, 17, 255, 161, 76, 221, 11, 31, 0, 0, 179, 0, 0, 213, 0, 0, 69, 8, 136]
1552553071660;[171, 0, 4, 255, 132, 128, 64]
1552553071826;[171, 0, 17, 255, 161, 76, 221, 11, 31, 0, 0, 244, 0, 0, 181, 0, 0, 62, 8, 179]
1552553071826;[171, 0, 17, 255, 161, 76, 221, 11, 31, 0, 0, 255, 0, 0, 135, 0, 0, 57, 9, 75]
1552553071992;[171, 0, 17, 255, 161, 76, 221, 11, 32, 0, 0, 206, 0, 0, 165, 0, 0, 57, 10, 41]
1552553072176;[171, 0, 17, 255, 161, 76, 221, 11, 32, 0, 0, 205, 0, 0, 178, 0, 0, 88, 10, 207]
1552553072177;[171, 0, 17, 255, 161, 76, 221, 11, 32, 0, 0, 185, 0, 0, 151, 0, 0, 18, 11, 26]
1552553072342;[171, 0, 17, 255, 161, 76, 221, 11, 32, 0, 0, 131, 0, 0, 166, 1, 0, 10, 11, 13]
1552553072343;[171, 0, 17, 255, 161, 76, 221, 11, 32, 0, 0, 150, 0, 0, 105, 1, 0, 44, 10, 153]
1552553072694;[171, 0, 17, 255, 161, 76, 221, 11, 32, 0, 0, 134, 0, 0, 182, 1, 0, 89, 10, 33]
1552553072695;[171, 0, 17, 255, 161, 76, 221, 11, 32, 0, 0, 167, 0, 0, 181, 1, 0, 79, 9, 209]
1552553072862;[171, 0, 17, 255, 161, 76, 221, 11, 32, 0, 0, 158, 0, 0, 170, 1, 0, 83, 9, 219]
1552553072862;[171, 0, 4, 255, 132, 128, 64]
1552553072863;[171, 0, 17, 255, 161, 76, 221, 11, 32, 0, 0, 178, 0, 0, 151, 1, 0, 75, 10, 18]
1552553073213;[171, 0, 17, 255, 161, 76, 221, 11, 32, 0, 0, 143, 0, 0, 190, 1, 0, 97, 9, 211]
1552553073214;[171, 0, 17, 255, 161, 76, 221, 11, 33, 0, 0, 74, 0, 0, 164, 1, 0, 110, 9, 108]
1552553073214;[171, 0, 17, 255, 161, 76, 221, 11, 33, 0, 0, 155, 0, 0, 158, 1, 0, 96, 9, 54]
1552553073380;[171, 0, 17, 255, 161, 76, 221, 11, 33, 0, 0, 146, 0, 0, 188, 1, 0, 39, 9, 56]
1552553073381;[171, 0, 17, 255, 161, 76, 221, 11, 33, 0, 0, 133, 0, 0, 152, 1, 0, 77, 9, 54]
1552553073546;[171, 0, 17, 255, 161, 76, 221, 11, 33, 0, 0, 149, 0, 0, 164, 1, 0, 61, 9, 4]
1552553073731;[171, 0, 17, 255, 161, 76, 221, 11, 33, 0, 0, 177, 0, 0, 93, 1, 0, 9, 9, 185]
1552553073898;[171, 0, 17, 255, 161, 76, 221, 11, 33, 0, 0, 125, 0, 0, 132, 0, 0, 15, 10, 9]
1552553073898;[171, 0, 17, 255, 161, 76, 221, 11, 33, 0, 0, 230, 0, 0, 212, 0, 0, 190, 10, 51]
1552553073899;[171, 0, 4, 255, 132, 128, 65]
1552553074065;[171, 0, 17, 255, 161, 76, 221, 11, 33, 0, 0, 185, 0, 0, 154, 0, 0, 113, 10, 43]
1552553074066;[171, 0, 17, 255, 161, 76, 221, 11, 33, 0, 0, 179, 0, 0, 148, 0, 0, 180, 10, 57]
1552553074248;[171, 0, 17, 255, 161, 76, 221, 11, 34, 0, 0, 164, 0, 0, 121, 0, 0, 123, 10, 66]
1552553074249;[171, 0, 17, 255, 161, 76, 221, 11, 34, 0, 0, 219, 0, 0, 138, 0, 0, 185, 10, 71]
1552553074415;[171, 0, 17, 255, 161, 76, 221, 11, 34, 0, 0, 180, 0, 0, 99, 0, 0, 123, 10, 77]
1552553074582;[171, 0, 17, 255, 161, 76, 221, 11, 34, 0, 0, 156, 0, 0, 58, 0, 0, 108, 10, 166]
1552553074583;[171, 0, 17, 255, 161, 76, 221, 11, 34, 0, 0, 164, 0, 0, 83, 0, 0, 118, 11, 91]
1552553074934;[171, 0, 17, 255, 161, 76, 221, 11, 34, 0, 0, 173, 0, 0, 130, 0, 0, 160, 11, 136]
1552553074934;[171, 0, 17, 255, 161, 76, 221, 11, 34, 0, 0, 179, 0, 0, 134, 0, 0, 149, 11, 41]
1552553074935;[171, 0, 17, 255, 161, 76, 221, 11, 34, 0, 0, 151, 0, 0, 118, 0, 0, 146, 10, 193]
1552553074935;[171, 0, 4, 255, 132, 128, 65]
1552553075101;[171, 0, 17, 255, 161, 76, 221, 11, 34, 0, 0, 157, 0, 0, 130, 0, 0, 140, 10, 117]
1552553075283;[171, 0, 17, 255, 161, 76, 221, 11, 34, 0, 0, 159, 0, 0, 125, 0, 0, 157, 10, 88]
1552553075284;[171, 0, 17, 255, 161, 76, 221, 11, 35, 0, 0, 175, 0, 0, 83, 0, 0, 170, 10, 43]
1552553075452;[171, 0, 17, 255, 161, 76, 221, 11, 35, 0, 0, 232, 0, 0, 40, 0, 0, 163, 10, 40]
1552553075453;[171, 0, 17, 255, 161, 76, 221, 11, 35, 0, 0, 223, 0, 0, 92, 0, 0, 143, 10, 65]
1552553075619;[171, 0, 17, 255, 161, 76, 221, 11, 35, 0, 0, 110, 0, 0, 151, 0, 0, 3, 10, 104]
1552553075636;[171, 0, 17, 255, 161, 76, 221, 11, 35, 0, 0, 124, 0, 0, 177, 0, 0, 120, 10, 111]
1552553075802;[171, 0, 17, 255, 161, 76, 221, 11, 35, 0, 0, 107, 0, 0, 123, 0, 0, 96, 10, 132]
1552553075970;[171, 0, 17, 255, 161, 76, 221, 11, 35, 0, 0, 217, 0, 0, 132, 0, 0, 106, 10, 160]
1552553075971;[171, 0, 17, 255, 161, 76, 221, 11, 35, 0, 1, 0, 0, 0, 107, 0, 0, 129, 10, 193]
1552553076136;[171, 0, 4, 255, 132, 128, 66]
1552553076138;[171, 0, 17, 255, 161, 76, 221, 11, 35, 0, 1, 37, 0, 0, 115, 0, 0, 126, 10, 237]
1552553076320;[171, 0, 17, 255, 161, 76, 221, 11, 35, 0, 0, 159, 0, 0, 204, 1, 0, 147, 10, 110]
1552553076487;[171, 0, 17, 255, 161, 76, 221, 11, 36, 0, 0, 74, 0, 0, 161, 1, 0, 70, 9, 18]
1552553076488;[171, 0, 17, 255, 161, 76, 221, 11, 36, 0, 0, 64, 0, 0, 69, 1, 0, 214, 6, 138]
1552553076655;[171, 0, 17, 255, 161, 76, 221, 11, 36, 0, 0, 47, 0, 0, 156, 1, 0, 185, 4, 163]
1552553076839;[171, 0, 17, 255, 161, 76, 221, 11, 36, 0, 0, 85, 0, 0, 154, 1, 0, 243, 3, 211]
1552553076840;[171, 0, 17, 255, 161, 76, 221, 11, 36, 0, 0, 165, 0, 0, 138, 1, 0, 103, 4, 61]
1552553076841;[171, 0, 17, 255, 161, 76, 221, 11, 36, 0, 0, 113, 0, 0, 139, 1, 0, 125, 4, 207]
1552553077006;[171, 0, 17, 255, 161, 76, 221, 11, 36, 0, 0, 118, 0, 0, 201, 1, 0, 96, 4, 246]
1552553077173;[171, 0, 17, 255, 161, 76, 221, 11, 36, 0, 0, 234, 0, 0, 221, 1, 0, 86, 5, 64]
1552553077174;[171, 0, 4, 255, 132, 128, 67]
1552553077357;[171, 0, 17, 255, 161, 76, 221, 11, 36, 0, 0, 62, 0, 0, 151, 1, 0, 96, 5, 192]
1552553077358;[171, 0, 17, 255, 161, 76, 221, 11, 36, 0, 0, 96, 0, 0, 130, 1, 0, 135, 5, 213]
1552553077524;[171, 0, 17, 255, 161, 76, 221, 11, 37, 0, 0, 88, 0, 0, 141, 1, 0, 152, 5, 233]
1552553077525;[171, 0, 17, 255, 161, 76, 221, 11, 37, 0, 0, 78, 0, 0, 154, 1, 0, 172, 5, 236]
1552553077690;[171, 0, 17, 255, 161, 76, 221, 11, 37, 0, 0, 112, 0, 0, 154, 1, 0, 141, 5, 216]
1552553077874;[171, 0, 17, 255, 161, 76, 221, 11, 37, 0, 0, 116, 0, 0, 114, 1, 0, 158, 5, 133]
1552553077875;[171, 0, 17, 255, 161, 76, 221, 11, 37, 0, 0, 209, 0, 0, 128, 1, 0, 141, 5, 58]
1552553078041;[171, 0, 17, 255, 161, 76, 221, 11, 37, 0, 0, 114, 0, 0, 99, 1, 0, 180, 5, 30]
1552553078042;[171, 0, 17, 255, 161, 76, 221, 11, 37, 0, 0, 127, 0, 0, 145, 1, 0, 148, 5, 3]
1552553078209;[171, 0, 17, 255, 161, 76, 221, 11, 37, 0, 0, 44, 0, 0, 164, 1, 0, 175, 4, 243]
1552553078392;[171, 0, 4, 255, 132, 128, 67]
1552553078394;[171, 0, 17, 255, 161, 76, 221, 11, 37, 0, 0, 34, 0, 0, 146, 1, 0, 216, 3, 233]
1552553078559;[171, 0, 17, 255, 161, 76, 221, 11, 37, 0, 0, 19, 0, 0, 133, 1, 0, 142, 1, 64]
1552553078560;[171, 0, 17, 255, 161, 76, 221, 11, 38, 0, 0, 216, 0, 0, 116, 1, 0, 254, 1, 103]
1552553078726;[171, 0, 17, 255, 161, 76, 221, 11, 38, 0, 0, 109, 0, 0, 137, 1, 0, 239, 1, 98]
1552553078727;[171, 0, 17, 255, 161, 76, 221, 11, 38, 1, 0, 44, 0, 0, 91, 1, 0, 216, 1, 74]
1552553078911;[171, 0, 17, 255, 161, 76, 221, 11, 38, 0, 0, 66, 0, 0, 156, 1, 0, 234, 16, 143]
1552553079076;[171, 0, 17, 255, 161, 76, 221, 11, 38, 0, 0, 32, 0, 0, 128, 1, 0, 155, 6, 196]
1552553079077;[171, 0, 17, 255, 161, 76, 221, 11, 38, 1, 0, 20, 0, 0, 141, 1, 0, 206, 5, 243]
1552553079244;[171, 0, 17, 255, 161, 76, 221, 11, 38, 1, 0, 104, 0, 0, 175, 1, 0, 203, 5, 241]
1552553079245;[171, 0, 17, 255, 161, 76, 221, 11, 38, 1, 0, 80, 0, 0, 150, 1, 0, 156, 6, 165]
1552553079411;[171, 0, 4, 255, 132, 128, 67]
1552553079595;[171, 0, 17, 255, 161, 76, 221, 11, 38, 1, 0, 60, 0, 0, 122, 1, 0, 198, 7, 58]
1552553079595;[171, 0, 17, 255, 161, 76, 221, 11, 38, 1, 0, 138, 0, 0, 138, 1, 0, 177, 7, 150]
1552553079762;[171, 0, 17, 255, 161, 76, 221, 11, 39, 1, 0, 121, 0, 0, 142, 1, 0, 185, 7, 225]
1552553079762;[171, 0, 17, 255, 161, 76, 221, 11, 39, 1, 0, 144, 0, 0, 134, 1, 0, 187, 7, 235]
1552553079929;[171, 0, 17, 255, 161, 76, 221, 11, 39, 1, 0, 138, 0, 0, 101, 1, 0, 198, 7, 189]
1552553079930;[171, 0, 17, 255, 161, 76, 221, 11, 39, 1, 0, 156, 0, 0, 102, 1, 0, 157, 7, 245]
1552553080113;[171, 0, 17, 255, 161, 76, 221, 11, 39, 1, 0, 118, 0, 0, 90, 1, 0, 207, 8, 167]
1552553080279;[171, 0, 17, 255, 161, 76, 221, 11, 39, 1, 0, 200, 0, 0, 99, 1, 0, 163, 9, 126]
1552553080280;[171, 0, 17, 255, 161, 76, 221, 11, 39, 1, 0, 146, 0, 0, 69, 1, 0, 185, 9, 99]
1552553080448;[171, 0, 17, 255, 161, 76, 221, 11, 39, 1, 0, 20, 0, 0, 95, 1, 0, 91, 9, 21]
1552553080448;[171, 0, 4, 255, 132, 128, 67]
1552553080631;[171, 0, 17, 255, 161, 76, 221, 11, 39, 0, 0, 63, 0, 1, 6, 1, 0, 146, 10, 116]
1552553080632;[171, 0, 17, 255, 161, 76, 221, 11, 39, 0, 1, 15, 0, 0, 121, 0, 0, 134, 11, 131]
1552553080965;[171, 0, 17, 255, 161, 76, 221, 11, 40, 0, 0, 195, 0, 0, 97, 0, 0, 205, 12, 129]
1552553080965;[171, 0, 17, 255, 161, 76, 221, 11, 40, 0, 0, 199, 0, 0, 72, 0, 0, 156, 12, 125]
1552553080966;[171, 0, 17, 255, 161, 76, 221, 11, 40, 0, 0, 190, 0, 0, 93, 0, 0, 149, 12, 181]
1552553081148;[171, 0, 17, 255, 161, 76, 221, 11, 40, 0, 0, 140, 0, 0, 152, 0, 0, 166, 13, 47]
1552553081149;[171, 0, 17, 255, 161, 76, 221, 11, 40, 0, 0, 143, 0, 0, 110, 0, 0, 121, 13, 172]
1552553081316;[171, 0, 17, 255, 161, 76, 221, 11, 40, 0, 0, 185, 0, 0, 116, 0, 0, 121, 13, 255]
1552553081483;[171, 0, 17, 255, 161, 76, 221, 11, 40, 0, 0, 198, 0, 0, 134, 0, 0, 188, 14, 64]
1552553081484;[171, 0, 17, 255, 161, 76, 221, 11, 40, 0, 0, 204, 0, 0, 102, 0, 0, 156, 14, 115]
1552553081666;[171, 0, 4, 255, 132, 128, 67]
1552553081668;[171, 0, 17, 255, 161, 76, 221, 11, 40, 0, 0, 219, 0, 0, 92, 0, 0, 108, 14, 181]
1552553082001;[171, 0, 17, 255, 161, 76, 221, 11, 40, 0, 0, 204, 0, 0, 49, 0, 0, 98, 15, 52]
1552553082002;[171, 0, 17, 255, 161, 76, 221, 11, 41, 0, 0, 122, 0, 0, 20, 0, 0, 87, 31, 255]
1552553082002;[171, 0, 17, 255, 161, 76, 221, 11, 41, 0, 0, 171, 0, 0, 92, 0, 0, 156, 9, 125]
1552553082184;[171, 0, 17, 255, 161, 76, 221, 11, 41, 0, 0, 165, 0, 0, 157, 0, 0, 164, 10, 33]
1552553082185;[171, 0, 17, 255, 161, 76, 221, 11, 41, 0, 0, 91, 0, 0, 176, 0, 0, 159, 10, 2]
1552553082519;[171, 0, 17, 255, 161, 76, 221, 11, 41, 0, 0, 120, 0, 0, 69, 0, 0, 109, 8, 239]
1552553082520;[171, 0, 17, 255, 161, 76, 221, 11, 41, 0, 0, 152, 0, 0, 161, 0, 0, 146, 8, 120]
1552553082520;[171, 0, 17, 255, 161, 76, 221, 11, 41, 0, 0, 185, 0, 0, 150, 0, 0, 132, 9, 15]
1552553082521;[171, 0, 17, 255, 161, 76, 221, 11, 41, 0, 0, 173, 0, 0, 148, 0, 0, 104, 8, 228]
1552553082870;[171, 0, 4, 255, 132, 128, 68]
1552553082871;[171, 0, 17, 255, 161, 76, 221, 11, 41, 0, 0, 196, 0, 0, 141, 0, 0, 73, 8, 187]
1552553082871;[171, 0, 17, 255, 161, 76, 221, 11, 41, 0, 0, 195, 0, 0, 148, 0, 0, 1, 8, 245]
1552553083037;[171, 0, 17, 255, 161, 76, 221, 11, 42, 0, 0, 199, 0, 0, 125, 1, 0, 27, 9, 66]
1552553083038;[171, 0, 17, 255, 161, 76, 221, 11, 42, 0, 0, 192, 0, 0, 138, 1, 0, 8, 9, 11]
1552553083219;[171, 0, 17, 255, 161, 76, 221, 11, 42, 0, 0, 181, 0, 0, 141, 1, 0, 43, 8, 153]
1552553083388;[171, 0, 17, 255, 161, 76, 221, 11, 42, 0, 0, 187, 0, 0, 158, 1, 0, 15, 8, 85]
1552553083388;[171, 0, 17, 255, 161, 76, 221, 11, 42, 0, 0, 206, 0, 0, 131, 1, 0, 9, 8, 99]
1552553083555;[171, 0, 17, 255, 161, 76, 221, 11, 42, 0, 0, 176, 0, 0, 157, 1, 0, 38, 8, 189]
1552553083555;[171, 0, 17, 255, 161, 76, 221, 11, 42, 0, 0, 164, 0, 0, 135, 1, 0, 51, 8, 187]
1552553083738;[171, 0, 17, 255, 161, 76, 221, 11, 42, 0, 0, 202, 0, 0, 166, 1, 0, 27, 8, 160]
1552553083738;[171, 0, 4, 255, 132, 128, 68]
1552553083906;[171, 0, 17, 255, 161, 76, 221, 11, 42, 0, 0, 170, 0, 0, 118, 1, 0, 47, 8, 213]
1552553084073;[171, 0, 17, 255, 161, 76, 221, 11, 42, 0, 0, 187, 0, 0, 167, 1, 0, 23, 8, 191]
1552553084073;[171, 0, 17, 255, 161, 76, 221, 11, 43, 0, 0, 194, 0, 0, 144, 1, 0, 63, 8, 180]
1552553084241;[171, 0, 17, 255, 161, 76, 221, 11, 43, 0, 0, 191, 0, 0, 130, 1, 0, 49, 8, 110]
1552553084256;[171, 0, 17, 255, 161, 76, 221, 11, 43, 0, 0, 185, 0, 0, 148, 1, 0, 30, 8, 35]
1552553084424;[171, 0, 17, 255, 161, 76, 221, 11, 43, 0, 0, 150, 0, 0, 135, 1, 0, 83, 7, 221]
1552553084424;[171, 0, 17, 255, 161, 76, 221, 11, 43, 0, 0, 213, 0, 0, 124, 1, 0, 63, 7, 123]
1552553084590;[171, 0, 17, 255, 161, 76, 221, 11, 43, 0, 0, 192, 0, 0, 123, 1, 0, 35, 7, 85]
1552553084757;[171, 0, 17, 255, 161, 76, 221, 11, 43, 0, 0, 186, 0, 0, 133, 1, 0, 36, 7, 116]
1552553084773;[171, 0, 17, 255, 161, 76, 221, 11, 43, 0, 0, 196, 0, 0, 133, 1, 0, 57, 7, 159]
1552553084941;[171, 0, 4, 255, 132, 128, 68]
1552553085108;[171, 0, 17, 255, 161, 76, 221, 11, 43, 0, 0, 209, 0, 0, 124, 1, 0, 48, 7, 172]
1552553085275;[171, 0, 17, 255, 161, 76, 221, 11, 43, 0, 0, 143, 0, 0, 125, 1, 0, 53, 7, 202]
1552553085276;[171, 0, 17, 255, 161, 76, 221, 11, 44, 0, 0, 122, 0, 0, 156, 1, 0, 144, 6, 95]
1552553085291;[171, 0, 17, 255, 161, 76, 221, 11, 44, 0, 0, 130, 0, 0, 130, 1, 0, 192, 4, 94]
1552553085460;[171, 0, 17, 255, 161, 76, 221, 11, 44, 0, 0, 80, 0, 0, 122, 1, 0, 191, 3, 100]
1552553085460;[171, 0, 17, 255, 161, 76, 221, 11, 44, 0, 0, 49, 0, 0, 130, 1, 0, 167, 2, 143]
1552553085626;[171, 0, 17, 255, 161, 76, 221, 11, 44, 0, 0, 51, 0, 0, 128, 1, 0, 205, 1, 18]
1552553085627;[171, 0, 17, 255, 161, 76, 221, 11, 44, 0, 0, 30, 0, 0, 116, 1, 0, 181, 16, 0]
1552553085976;[171, 0, 17, 255, 161, 76, 221, 11, 44, 0, 0, 30, 0, 0, 122, 1, 0, 214, 5, 208]
1552553085977;[171, 0, 17, 255, 161, 76, 221, 11, 44, 0, 0, 34, 0, 0, 97, 1, 0, 243, 4, 244]
1552553085978;[171, 0, 4, 255, 132, 128, 69]
1552553086144;[171, 0, 17, 255, 161, 76, 221, 11, 44, 0, 0, 13, 0, 0, 82, 1, 0, 219, 4, 244]
1552553086144;[171, 0, 17, 255, 161, 76, 221, 11, 44, 0, 0, 76, 0, 0, 133, 1, 0, 225, 4, 217]
1552553086311;[171, 0, 17, 255, 161, 76, 221, 11, 45, 0, 0, 80, 0, 0, 142, 1, 0, 185, 3, 68]
1552553086495;[171, 0, 17, 255, 161, 76, 221, 11, 45, 0, 0, 76, 0, 0, 116, 1, 0, 169, 2, 192]
1552553086496;[171, 0, 17, 255, 161, 76, 221, 11, 45, 0, 0, 80, 0, 0, 136, 1, 0, 200, 3, 53]
1552553086662;[171, 0, 17, 255, 161, 76, 221, 11, 45, 0, 0, 91, 0, 0, 112, 1, 0, 189, 2, 229]
1552553086663;[171, 0, 17, 255, 161, 76, 221, 11, 45, 0, 0, 76, 0, 0, 141, 1, 0, 222, 2, 166]
1552553086829;[171, 0, 17, 255, 161, 76, 221, 11, 45, 0, 0, 51, 0, 0, 112, 1, 0, 222, 2, 206]
1552553087013;[171, 0, 17, 255, 161, 76, 221, 11, 45, 0, 0, 80, 0, 0, 173, 1, 0, 112, 2, 38]
1552553087181;[171, 0, 17, 255, 161, 76, 221, 11, 47, 0, 0, 146, 0, 0, 62, 1, 0, 162, 7, 54]
1552553087181;[171, 0, 17, 255, 161, 76, 221, 11, 47, 0, 0, 193, 0, 0, 80, 1, 0, 148, 8, 69]
1552553087348;[171, 0, 17, 255, 161, 76, 221, 11, 48, 0, 0, 181, 0, 0, 97, 1, 0, 142, 9, 99]
1552553087530;[171, 0, 17, 255, 161, 76, 221, 11, 48, 0, 0, 181, 0, 0, 79, 1, 0, 132, 10, 114]
1552553087532;[171, 0, 17, 255, 161, 76, 221, 11, 48, 0, 0, 204, 0, 0, 80, 1, 0, 162, 11, 84]
1552553087698;[171, 0, 17, 255, 161, 76, 221, 11, 48, 0, 0, 158, 0, 0, 97, 1, 0, 168, 11, 248]
1552553087865;[171, 0, 17, 255, 161, 76, 221, 11, 48, 0, 0, 127, 0, 0, 91, 1, 0, 133, 12, 151]
1552553087866;[171, 0, 17, 255, 161, 76, 221, 11, 48, 0, 0, 173, 0, 0, 78, 1, 0, 125, 13, 35]
1552553088049;[171, 0, 17, 255, 161, 76, 221, 11, 48, 0, 0, 176, 0, 0, 78, 1, 0, 135, 13, 47]
1552553088049;[171, 0, 17, 255, 161, 76, 221, 11, 48, 0, 0, 171, 0, 0, 69, 1, 0, 142, 13, 152]
1552553088216;[171, 0, 4, 255, 132, 128, 72]
1552553088382;[171, 0, 17, 255, 161, 76, 221, 11, 48, 0, 0, 178, 0, 0, 79, 1, 0, 157, 13, 252]
1552553088383;[171, 0, 17, 255, 161, 76, 221, 11, 48, 0, 0, 173, 0, 0, 74, 1, 0, 150, 14, 86]
1552553088568;[171, 0, 17, 255, 161, 76, 221, 11, 49, 0, 0, 164, 0, 0, 66, 1, 0, 147, 14, 228]
1552553088569;[171, 0, 17, 255, 161, 76, 221, 11, 49, 0, 0, 191, 0, 0, 76, 1, 0, 155, 31, 138]
1552553088735;[171, 0, 17, 255, 161, 76, 221, 11, 49, 0, 0, 178, 0, 0, 91, 1, 0, 162, 8, 79]
1552553088736;[171, 0, 17, 255, 161, 76, 221, 11, 49, 0, 0, 158, 0, 0, 99, 1, 0, 163, 8, 79]
1552553088901;[171, 0, 17, 255, 161, 76, 221, 11, 49, 0, 0, 138, 0, 0, 83, 1, 0, 169, 7, 232]
1552553089086;[171, 0, 17, 255, 161, 76, 221, 11, 49, 0, 0, 86, 0, 0, 87, 1, 0, 147, 7, 156]
1552553089087;[171, 0, 17, 255, 161, 76, 221, 11, 49, 0, 0, 118, 0, 0, 99, 1, 0, 192, 7, 121]
1552553089252;[171, 0, 17, 255, 161, 76, 221, 11, 49, 0, 0, 121, 0, 0, 87, 1, 0, 186, 7, 115]
1552553089253;[171, 0, 4, 255, 132, 128, 73]
1552553089419;[171, 0, 17, 255, 161, 76, 221, 11, 49, 0, 0, 107, 0, 0, 88, 1, 0, 201, 7, 107]
1552553089420;[171, 0, 17, 255, 161, 76, 221, 11, 49, 0, 0, 138, 0, 0, 96, 1, 0, 200, 7, 63]
1552553089603;[171, 0, 17, 255, 161, 76, 221, 11, 50, 0, 0, 128, 0, 0, 125, 1, 0, 197, 7, 32]
1552553089770;[171, 0, 17, 255, 161, 76, 221, 11, 50, 0, 0, 83, 0, 0, 112, 1, 0, 185, 7, 35]
1552553089771;[171, 0, 17, 255, 161, 76, 221, 11, 50, 0, 0, 85, 0, 0, 72, 1, 0, 213, 7, 16]
1552553089938;[171, 0, 17, 255, 161, 76, 221, 11, 50, 0, 0, 61, 0, 0, 16, 1, 1, 39, 6, 179]
1552553089939;[171, 0, 17, 255, 161, 76, 221, 11, 50, 0, 0, 22, 0, 0, 58, 1, 0, 224, 6, 27]
1552553090287;[171, 0, 17, 255, 161, 76, 221, 11, 50, 0, 0, 79, 0, 0, 72, 1, 0, 237, 5, 51]
1552553090287;[171, 0, 17, 255, 161, 76, 221, 11, 50, 0, 0, 38, 0, 0, 80, 1, 0, 239, 4, 206]
1552553090288;[171, 0, 17, 255, 161, 76, 221, 11, 50, 0, 0, 45, 0, 0, 65, 1, 0, 224, 4, 158]
1552553090456;[171, 0, 4, 255, 132, 128, 73]
1552553090458;[171, 0, 17, 255, 161, 76, 221, 11, 50, 0, 0, 76, 0, 0, 49, 1, 0, 239, 4, 79]
1552553090639;[171, 0, 17, 255, 161, 76, 221, 11, 50, 0, 0, 69, 0, 0, 83, 1, 0, 197, 4, 42]
1552553090640;[171, 0, 17, 255, 161, 76, 221, 11, 51, 0, 0, 61, 0, 0, 88, 1, 0, 228, 4, 72]
1552553090806;[171, 0, 17, 255, 161, 76, 221, 11, 51, 0, 0, 19, 0, 0, 30, 1, 0, 241, 4, 133]
1552553090973;[171, 0, 17, 255, 161, 76, 221, 11, 51, 0, 0, 21, 1, 0, 39, 1, 0, 244, 4, 148]
1552553090974;[171, 0, 17, 255, 161, 76, 221, 11, 51, 0, 0, 31, 1, 0, 68, 1, 0, 228, 4, 113]
1552553091157;[171, 0, 17, 255, 161, 76, 221, 11, 51, 0, 0, 59, 0, 0, 4, 1, 1, 10, 4, 227]
1552553091159;[171, 0, 17, 255, 161, 76, 221, 11, 51, 0, 0, 19, 0, 0, 20, 1, 1, 2, 5, 79]
1552553091325;[171, 0, 17, 255, 161, 76, 221, 11, 51, 0, 0, 19, 0, 0, 2, 1, 0, 245, 5, 111]
1552553091326;[171, 0, 17, 255, 161, 76, 221, 11, 51, 0, 0, 29, 0, 0, 2, 1, 0, 251, 5, 113]
1552553091490;[171, 0, 4, 255, 132, 128, 74]
1552553091676;[171, 0, 17, 255, 161, 76, 221, 11, 51, 0, 0, 39, 0, 0, 5, 1, 0, 242, 5, 111]
1552553091677;[171, 0, 17, 255, 161, 76, 221, 11, 51, 0, 0, 34, 0, 0, 9, 1, 0, 243, 5, 182]
1552553091842;[171, 0, 17, 255, 161, 76, 221, 11, 52, 0, 0, 34, 0, 0, 6, 1, 0, 242, 5, 255]
1552553091843;[171, 0, 17, 255, 161, 76, 221, 11, 52, 0, 0, 43, 0, 0, 7, 1, 0, 246, 6, 37]
1552553092010;[171, 0, 17, 255, 161, 76, 221, 11, 52, 0, 0, 39, 0, 0, 8, 1, 0, 242, 6, 61]
1552553092177;[171, 0, 17, 255, 161, 76, 221, 11, 52, 0, 0, 41, 0, 0, 4, 1, 0, 243, 6, 86]
1552553092194;[171, 0, 17, 255, 161, 76, 221, 11, 52, 0, 0, 43, 0, 0, 4, 1, 0, 247, 6, 90]
1552553092361;[171, 0, 17, 255, 161, 76, 221, 11, 52, 0, 0, 37, 0, 0, 4, 1, 0, 245, 6, 88]
1552553092528;[171, 0, 17, 255, 161, 76, 221, 11, 52, 0, 0, 38, 0, 0, 8, 1, 0, 248, 6, 112]
1552553092695;[171, 0, 17, 255, 161, 76, 221, 11, 52, 0, 0, 43, 0, 0, 9, 1, 0, 242, 6, 199]
1552553092710;[171, 0, 4, 255, 132, 128, 72]
1552553092711;[171, 0, 17, 255, 161, 76, 221, 11, 52, 0, 0, 37, 0, 0, 8, 1, 0, 248, 7, 45]
1552553092878;[171, 0, 17, 255, 161, 76, 221, 11, 52, 0, 0, 43, 0, 0, 5, 1, 0, 243, 7, 114]
1552553092879;[171, 0, 17, 255, 161, 76, 221, 11, 53, 0, 0, 38, 0, 0, 4, 1, 0, 247, 7, 176]
1552553093045;[171, 0, 17, 255, 161, 76, 221, 11, 53, 0, 0, 43, 0, 0, 4, 1, 0, 242, 7, 211]
1552553093046;[171, 0, 17, 255, 161, 76, 221, 11, 53, 0, 0, 43, 0, 0, 7, 1, 0, 243, 7, 236]
1552553093397;[171, 0, 17, 255, 161, 76, 221, 11, 53, 0, 0, 39, 0, 0, 6, 1, 0, 243, 7, 245]
1552553093398;[171, 0, 17, 255, 161, 76, 221, 11, 53, 0, 0, 41, 0, 0, 4, 1, 0, 245, 7, 247]
1552553093399;[171, 0, 17, 255, 161, 76, 221, 11, 53, 0, 0, 41, 0, 0, 4, 1, 0, 242, 8, 68]
1552553093564;[171, 0, 17, 255, 161, 76, 221, 11, 53, 0, 0, 40, 0, 0, 8, 1, 0, 243, 8, 140]
1552553093566;[171, 0, 17, 255, 161, 76, 221, 11, 53, 0, 0, 40, 0, 0, 3, 1, 0, 249, 8, 182]
1552553093730;[171, 0, 4, 255, 132, 128, 69]
1552553093732;[171, 0, 17, 255, 161, 76, 221, 11, 53, 0, 0, 41, 0, 0, 5, 1, 0, 243, 8, 219]
1552553093914;[171, 0, 17, 255, 161, 76, 221, 11, 53, 0, 0, 34, 0, 0, 8, 1, 0, 248, 8, 233]
1552553094081;[171, 0, 17, 255, 161, 76, 221, 11, 54, 0, 0, 34, 0, 0, 8, 1, 0, 246, 8, 231]
1552553094082;[171, 0, 17, 255, 161, 76, 221, 11, 54, 0, 0, 37, 0, 0, 6, 1, 0, 246, 8, 213]
1552553094248;[171, 0, 17, 255, 161, 76, 221, 11, 54, 0, 0, 33, 0, 0, 6, 1, 0, 245, 8, 218]
1552553094249;[171, 0, 17, 255, 161, 76, 221, 11, 54, 0, 0, 39, 0, 0, 4, 1, 0, 246, 9, 39]
1552553094431;[171, 0, 17, 255, 161, 76, 221, 11, 54, 0, 0, 37, 0, 0, 8, 1, 0, 248, 9, 87]
1552553094431;[171, 0, 17, 255, 161, 76, 221, 11, 54, 0, 0, 37, 0, 0, 9, 1, 0, 246, 9, 100]
1552553094599;[171, 0, 17, 255, 161, 76, 221, 11, 54, 0, 0, 34, 0, 0, 8, 1, 0, 246, 9, 110]
1552553094767;[171, 0, 17, 255, 161, 76, 221, 11, 54, 0, 0, 41, 0, 0, 0, 1, 1, 25, 9, 135]
1552553094949;[171, 0, 4, 255, 132, 128, 68]
1552553094951;[171, 0, 17, 255, 161, 76, 221, 11, 54, 0, 0, 114, 0, 0, 43, 1, 1, 22, 9, 224]
1552553094952;[171, 0, 17, 255, 161, 76, 221, 11, 54, 0, 0, 229, 0, 0, 147, 1, 0, 133, 10, 247]
1552553095117;[171, 0, 17, 255, 161, 76, 221, 11, 55, 0, 0, 122, 0, 0, 152, 1, 0, 19, 11, 187]
1552553095282;[171, 0, 17, 255, 161, 76, 221, 11, 55, 0, 0, 66, 0, 1, 9, 1, 0, 23, 12, 168]
1552553095283;[171, 0, 17, 255, 161, 76, 221, 11, 55, 0, 0, 80, 0, 0, 243, 1, 0, 5, 13, 99]
1552553095468;[171, 0, 17, 255, 161, 76, 221, 11, 55, 0, 0, 69, 0, 0, 247, 0, 0, 24, 13, 156]
1552553095469;[171, 0, 17, 255, 161, 76, 221, 11, 55, 0, 0, 38, 0, 0, 244, 0, 0, 23, 13, 106]
1552553095633;[171, 0, 17, 255, 161, 76, 221, 11, 55, 0, 0, 70, 0, 0, 251, 0, 0, 18, 13, 12]
1552553095633;[171, 0, 17, 255, 161, 76, 221, 11, 55, 0, 0, 70, 0, 0, 244, 0, 0, 17, 12, 157]
1552553095802;[171, 0, 17, 255, 161, 76, 221, 11, 55, 0, 0, 66, 0, 0, 252, 0, 0, 28, 12, 51]
1552553095986;[171, 0, 4, 255, 132, 128, 69]
1552553095988;[171, 0, 17, 255, 161, 76, 221, 11, 55, 0, 0, 59, 0, 0, 237, 1, 0, 22, 12, 131]
1552553096504;[171, 0, 17, 255, 161, 76, 221, 11, 55, 0, 0, 39, 0, 0, 255, 0, 0, 57, 12, 204]
1552553096505;[171, 0, 17, 255, 161, 76, 221, 11, 56, 0, 0, 118, 0, 0, 253, 0, 0, 71, 13, 46]
1552553096506;[171, 0, 17, 255, 161, 76, 221, 11, 56, 0, 0, 91, 0, 0, 207, 1, 0, 77, 12, 136]
1552553096507;[171, 0, 17, 255, 161, 76, 221, 11, 56, 1, 0, 157, 0, 0, 106, 1, 0, 188, 10, 77]
1552553096508;[171, 0, 17, 255, 161, 76, 221, 11, 56, 1, 0, 61, 0, 0, 100, 1, 1, 38, 9, 52]
1552553096671;[171, 0, 17, 255, 161, 76, 221, 11, 56, 1, 0, 72, 0, 0, 135, 1, 0, 228, 8, 183]
1552553096672;[171, 0, 17, 255, 161, 76, 221, 11, 56, 1, 0, 79, 0, 0, 87, 1, 0, 234, 8, 88]
1552553096838;[171, 0, 17, 255, 161, 76, 221, 11, 56, 1, 0, 71, 0, 0, 61, 1, 0, 226, 7, 245]
1552553097006;[171, 0, 17, 255, 161, 76, 221, 11, 56, 1, 0, 5, 0, 0, 77, 1, 0, 231, 8, 39]
1552553097188;[171, 0, 4, 255, 132, 128, 69]
1552553097357;[171, 0, 17, 255, 161, 76, 221, 11, 56, 1, 0, 4, 0, 0, 64, 1, 0, 249, 8, 186]
1552553097358;[171, 0, 17, 255, 161, 76, 221, 11, 56, 0, 0, 30, 0, 0, 72, 1, 0, 238, 8, 247]
1552553097373;[171, 0, 17, 255, 161, 76, 221, 11, 57, 0, 0, 38, 0, 0, 66, 1, 0, 228, 9, 43]
1552553097374;[171, 0, 17, 255, 161, 76, 221, 11, 57, 0, 0, 11, 0, 0, 65, 1, 0, 220, 9, 78]
1552553097524;[171, 0, 17, 255, 161, 76, 221, 11, 57, 0, 0, 40, 0, 0, 94, 1, 0, 245, 9, 84]
1552553097540;[171, 0, 17, 255, 161, 76, 221, 11, 57, 0, 0, 47, 0, 0, 106, 1, 0, 250, 9, 85]
1552553097707;[171, 0, 17, 255, 161, 76, 221, 11, 57, 0, 0, 34, 0, 0, 87, 1, 0, 228, 9, 117]
1552553097874;[171, 0, 17, 255, 161, 76, 221, 11, 57, 0, 0, 91, 0, 0, 65, 1, 0, 189, 9, 133]
1552553097876;[171, 0, 17, 255, 161, 76, 221, 11, 57, 0, 0, 42, 0, 0, 96, 1, 0, 228, 9, 169]
1552553098042;[171, 0, 17, 255, 161, 76, 221, 11, 57, 0, 0, 51, 0, 0, 101, 1, 0, 220, 9, 246]
1552553098058;[171, 0, 4, 255, 132, 128, 69]
1552553098393;[171, 0, 17, 255, 161, 76, 221, 11, 57, 0, 0, 101, 0, 0, 121, 1, 0, 211, 10, 110]
1552553098408;[171, 0, 17, 255, 161, 76, 221, 11, 57, 0, 0, 165, 0, 0, 116, 1, 0, 174, 10, 158]
1552553098409;[171, 0, 17, 255, 161, 76, 221, 11, 58, 0, 0, 53, 0, 0, 100, 1, 0, 219, 10, 113]
1552553098560;[171, 0, 17, 255, 161, 76, 221, 11, 58, 0, 0, 103, 0, 0, 121, 1, 0, 189, 10, 78]
1552553098576;[171, 0, 17, 255, 161, 76, 221, 11, 58, 0, 0, 85, 0, 0, 106, 1, 0, 206, 10, 88]
1552553098744;[171, 0, 17, 255, 161, 76, 221, 11, 58, 0, 0, 72, 0, 0, 117, 1, 0, 201, 10, 88]
1552553098745;[171, 0, 17, 255, 161, 76, 221, 11, 58, 0, 0, 85, 0, 0, 117, 1, 0, 204, 10, 81]
1552553098911;[171, 0, 17, 255, 161, 76, 221, 11, 58, 0, 0, 89, 0, 0, 112, 1, 0, 196, 10, 71]
1552553099076;[171, 0, 17, 255, 161, 76, 221, 11, 58, 0, 0, 83, 0, 0, 117, 1, 0, 197, 10, 59]
1552553099093;[171, 0, 17, 255, 161, 76, 221, 11, 58, 0, 0, 67, 0, 0, 119, 1, 0, 204, 10, 42]
1552553099260;[171, 0, 4, 255, 132, 128, 69]
1552553099262;[171, 0, 17, 255, 161, 76, 221, 11, 58, 0, 0, 85, 0, 0, 123, 1, 0, 207, 10, 39]
1552553099428;[171, 0, 17, 255, 161, 76, 221, 11, 58, 0, 0, 72, 0, 0, 111, 1, 0, 204, 10, 53]
1552553099429;[171, 0, 17, 255, 161, 76, 221, 11, 59, 0, 0, 72, 0, 0, 111, 1, 0, 205, 10, 134]
1552553099595;[171, 0, 17, 255, 161, 76, 221, 11, 59, 0, 0, 73, 0, 0, 106, 1, 0, 187, 10, 194]
1552553099778;[171, 0, 17, 255, 161, 76, 221, 11, 59, 0, 0, 82, 0, 0, 120, 1, 0, 185, 11, 8]
1552553099779;[171, 0, 17, 255, 161, 76, 221, 11, 59, 0, 0, 83, 0, 0, 119, 1, 0, 197, 11, 64]
1552553099946;[171, 0, 17, 255, 161, 76, 221, 11, 59, 0, 0, 83, 0, 0, 122, 1, 0, 197, 11, 62]
1552553099947;[171, 0, 17, 255, 161, 76, 221, 11, 59, 0, 0, 78, 0, 0, 112, 1, 0, 213, 11, 95]
1552553100112;[171, 0, 17, 255, 161, 76, 221, 11, 59, 0, 0, 74, 0, 0, 117, 1, 0, 222, 11, 129]
1552553100295;[171, 0, 17, 255, 161, 76, 221, 11, 59, 0, 0, 91, 0, 0, 125, 1, 0, 211, 11, 180]
1552553100296;[171, 0, 4, 255, 132, 128, 68]
1552553100462;[171, 0, 17, 255, 161, 76, 221, 11, 59, 0, 0, 59, 0, 0, 120, 1, 0, 183, 11, 246]
1552553100463;[171, 0, 17, 255, 161, 76, 221, 11, 59, 0, 0, 25, 0, 0, 124, 1, 0, 194, 11, 161]
1552553100630;[171, 0, 17, 255, 161, 76, 221, 11, 64, 1, 0, 3, 0, 0, 120, 1, 0, 225, 11, 91]
1552553100631;[171, 0, 17, 255, 161, 76, 221, 11, 64, 1, 0, 13, 0, 0, 106, 1, 0, 243, 10, 33]
1552553100814;[171, 0, 17, 255, 161, 76, 221, 11, 64, 1, 0, 26, 0, 0, 125, 1, 0, 207, 9, 58]
1552553100980;[171, 0, 17, 255, 161, 76, 221, 11, 64, 1, 0, 4, 0, 0, 100, 1, 0, 234, 8, 151]
1552553100981;[171, 0, 17, 255, 161, 76, 221, 11, 64, 1, 0, 27, 0, 0, 84, 1, 0, 219, 8, 62]
1552553101147;[171, 0, 17, 255, 161, 76, 221, 11, 64, 1, 0, 18, 0, 0, 107, 1, 0, 249, 7, 96]
1552553101147;[171, 0, 17, 255, 161, 76, 221, 11, 64, 0, 0, 85, 0, 0, 97, 1, 0, 189, 8, 28]
1552553101332;[171, 0, 17, 255, 161, 76, 221, 11, 64, 0, 0, 206, 0, 0, 93, 1, 0, 157, 8, 202]
1552553101333;[171, 0, 4, 255, 132, 128, 68]
1552553101498;[171, 0, 17, 255, 161, 76, 221, 11, 64, 0, 0, 155, 0, 0, 118, 1, 0, 150, 9, 49]
1552553101666;[171, 0, 17, 255, 161, 76, 221, 11, 64, 0, 0, 155, 0, 0, 97, 1, 0, 142, 9, 95]
1552553101667;[171, 0, 17, 255, 161, 76, 221, 11, 65, 0, 0, 158, 0, 0, 82, 1, 0, 152, 9, 140]
1552553101832;[171, 0, 17, 255, 161, 76, 221, 11, 65, 0, 0, 80, 0, 0, 114, 1, 0, 102, 9, 159]
1552553101850;[171, 0, 17, 255, 161, 76, 221, 11, 65, 0, 1, 28, 0, 0, 92, 1, 0, 55, 9, 184]
1552553102016;[171, 0, 17, 255, 161, 76, 221, 11, 65, 0, 0, 175, 0, 0, 98, 1, 0, 103, 10, 21]
1552553102351;[171, 0, 17, 255, 161, 76, 221, 11, 65, 0, 0, 167, 0, 0, 86, 1, 0, 86, 10, 97]
1552553102367;[171, 0, 17, 255, 161, 76, 221, 11, 65, 0, 0, 196, 0, 0, 87, 1, 0, 126, 10, 110]
1552553102367;[171, 0, 17, 255, 161, 76, 221, 11, 65, 0, 0, 114, 0, 0, 58, 1, 0, 184, 10, 105]
1552553102368;[171, 0, 17, 255, 161, 76, 221, 11, 65, 0, 0, 54, 0, 0, 13, 1, 1, 1, 8, 205]
1552553102535;[171, 0, 4, 255, 132, 128, 69]
1552553102537;[171, 0, 17, 255, 161, 76, 221, 11, 65, 0, 0, 72, 0, 0, 29, 1, 1, 14, 7, 97]
1552553102868;[171, 0, 17, 255, 161, 76, 221, 11, 65, 0, 0, 30, 0, 0, 11, 1, 1, 7, 6, 161]
1552553102886;[171, 0, 17, 255, 161, 76, 221, 11, 66, 1, 0, 10, 1, 0, 3, 1, 1, 0, 6, 25]
1552553102887;[171, 0, 17, 255, 161, 76, 221, 11, 66, 0, 0, 5, 1, 0, 2, 1, 0, 254, 5, 209]
1552553103052;[171, 0, 17, 255, 161, 76, 221, 11, 66, 0, 0, 17, 0, 0, 0, 1, 0, 249, 5, 99]
1552553103052;[171, 0, 17, 255, 161, 76, 221, 11, 66, 0, 0, 19, 0, 0, 0, 1, 0, 249, 5, 32]
1552553103404;[171, 0, 17, 255, 161, 76, 221, 11, 66, 0, 0, 13, 1, 0, 3, 1, 0, 249, 4, 148]
1552553103406;[171, 0, 17, 255, 161, 76, 221, 11, 66, 0, 0, 7, 1, 0, 2, 1, 0, 252, 3, 223]
1552553103406;[171, 0, 17, 255, 161, 76, 221, 11, 66, 0, 0, 19, 1, 0, 2, 1, 0, 243, 3, 144]
1552553103571;[171, 0, 17, 255, 161, 76, 221, 11, 66, 0, 0, 13, 1, 0, 4, 1, 0, 249, 3, 78]
1552553103572;[171, 0, 4, 255, 132, 128, 69]
1552553103739;[171, 0, 17, 255, 161, 76, 221, 11, 66, 0, 0, 10, 1, 0, 7, 1, 1, 3, 3, 48]
1552553103907;[171, 0, 17, 255, 161, 76, 221, 11, 66, 0, 0, 13, 1, 0, 3, 1, 0, 250, 3, 7]
1552553104089;[171, 0, 17, 255, 161, 76, 221, 11, 67, 0, 0, 22, 1, 0, 3, 1, 0, 249, 2, 232]
1552553104090;[171, 0, 17, 255, 161, 76, 221, 11, 67, 0, 0, 7, 1, 0, 4, 1, 0, 254, 3, 19]
1552553104259;[171, 0, 17, 255, 161, 76, 221, 11, 67, 0, 0, 10, 1, 0, 3, 1, 0, 248, 3, 67]
1552553104260;[171, 0, 17, 255, 161, 76, 221, 11, 67, 0, 0, 11, 1, 0, 3, 1, 0, 250, 3, 70]
1552553104261;[171, 0, 17, 255, 161, 76, 221, 11, 67, 0, 0, 9, 1, 0, 3, 1, 0, 249, 3, 46]
1552553104424;[171, 0, 17, 255, 161, 76, 221, 11, 67, 0, 0, 10, 1, 0, 3, 1, 0, 248, 3, 4]
1552553104441;[171, 0, 17, 255, 161, 76, 221, 11, 67, 0, 0, 10, 1, 0, 1, 1, 0, 249, 3, 5]
1552553104608;[171, 0, 17, 255, 161, 76, 221, 11, 67, 0, 0, 1, 1, 0, 1, 1, 0, 249, 2, 249]
1552553104774;[171, 0, 4, 255, 132, 128, 70]
1552553104776;[171, 0, 17, 255, 161, 76, 221, 11, 67, 0, 0, 12, 1, 0, 3, 1, 0, 248, 2, 239]
1552553104942;[171, 0, 17, 255, 161, 76, 221, 11, 67, 0, 0, 10, 1, 0, 4, 1, 0, 249, 2, 214]
1552553105125;[171, 0, 17, 255, 161, 76, 221, 11, 68, 0, 0, 10, 1, 0, 4, 1, 0, 249, 2, 205]
1552553105126;[171, 0, 17, 255, 161, 76, 221, 11, 68, 0, 0, 9, 1, 0, 3, 1, 0, 250, 2, 195]
1552553105127;[171, 0, 17, 255, 161, 76, 221, 11, 68, 0, 0, 10, 1, 0, 8, 1, 0, 249, 2, 171]
1552553105291;[171, 0, 17, 255, 161, 76, 221, 11, 68, 0, 0, 9, 1, 0, 3, 1, 0, 249, 2, 147]
1552553105459;[171, 0, 17, 255, 161, 76, 221, 11, 68, 0, 0, 5, 1, 0, 3, 1, 0, 249, 2, 129]
1552553105475;[171, 0, 17, 255, 161, 76, 221, 11, 68, 0, 0, 7, 1, 0, 4, 1, 0, 250, 2, 158]
1552553105643;[171, 0, 17, 255, 161, 76, 221, 11, 68, 0, 0, 9, 1, 0, 4, 1, 0, 249, 2, 228]
1552553105644;[171, 0, 17, 255, 161, 76, 221, 11, 68, 0, 0, 10, 1, 0, 4, 1, 0, 250, 3, 30]
1552553105811;[171, 0, 4, 255, 132, 128, 71]
1552553105976;[171, 0, 17, 255, 161, 76, 221, 11, 68, 0, 0, 7, 1, 0, 6, 1, 0, 254, 3, 103]
1552553105977;[171, 0, 17, 255, 161, 76, 221, 11, 68, 0, 0, 10, 1, 0, 1, 1, 0, 250, 3, 162]
1552553106161;[171, 0, 17, 255, 161, 76, 221, 11, 69, 0, 0, 10, 1, 0, 4, 1, 0, 250, 3, 172]
1552553106162;[171, 0, 17, 255, 161, 76, 221, 11, 69, 0, 0, 10, 1, 0, 5, 1, 0, 250, 3, 178]
1552553106328;[171, 0, 17, 255, 161, 76, 221, 11, 69, 0, 0, 9, 1, 0, 5, 1, 0, 249, 3, 171]
1552553106329;[171, 0, 17, 255, 161, 76, 221, 11, 69, 0, 0, 6, 1, 0, 2, 1, 0, 250, 3, 149]
1552553106496;[171, 0, 17, 255, 161, 76, 221, 11, 69, 0, 0, 7, 1, 0, 3, 1, 0, 249, 3, 169]
1552553106680;[171, 0, 17, 255, 161, 76, 221, 11, 69, 0, 0, 9, 1, 0, 3, 1, 0, 250, 4, 2]
1552553106681;[171, 0, 17, 255, 161, 76, 221, 11, 69, 0, 0, 7, 1, 0, 4, 1, 0, 249, 4, 88]
1552553106847;[171, 0, 17, 255, 161, 76, 221, 11, 69, 0, 0, 12, 1, 0, 5, 1, 0, 254, 4, 142]
1552553106848;[171, 0, 4, 255, 132, 128, 72]
1552553107015;[171, 0, 17, 255, 161, 76, 221, 11, 69, 0, 0, 3, 0, 0, 3, 1, 0, 249, 4, 172]
1552553107030;[171, 0, 17, 255, 161, 76, 221, 11, 69, 0, 0, 7, 1, 0, 7, 1, 1, 5, 4, 201]
1552553107198;[171, 0, 17, 255, 161, 76, 221, 11, 70, 0, 0, 24, 0, 0, 3, 1, 1, 7, 4, 223]
1552553107365;[171, 0, 17, 255, 161, 76, 221, 11, 70, 0, 0, 38, 0, 0, 5, 1, 1, 32, 4, 222]
1552553107366;[171, 0, 17, 255, 161, 76, 221, 11, 70, 0, 0, 72, 0, 0, 49, 1, 1, 8, 4, 214]
1552553107532;[171, 0, 17, 255, 161, 76, 221, 11, 70, 0, 0, 65, 0, 0, 77, 1, 0, 216, 4, 232]
1552553107547;[171, 0, 17, 255, 161, 76, 221, 11, 70, 0, 0, 51, 0, 0, 124, 1, 0, 187, 5, 121]
1552553107716;[171, 0, 17, 255, 161, 76, 221, 11, 70, 0, 0, 39, 0, 0, 161, 1, 0, 163, 6, 39]
1552553107881;[171, 0, 17, 255, 161, 76, 221, 11, 70, 1, 0, 1, 0, 0, 187, 1, 0, 126, 6, 212]
1552553107881;[171, 0, 17, 255, 161, 76, 221, 11, 70, 1, 0, 12, 0, 0, 227, 1, 0, 79, 7, 54]
1552553108233;[171, 0, 4, 255, 132, 128, 72]
1552553108400;[171, 0, 17, 255, 161, 76, 221, 11, 70, 1, 0, 46, 0, 0, 228, 1, 0, 80, 6, 219]
1552553108567;[171, 0, 17, 255, 161, 76, 221, 11, 70, 1, 0, 133, 0, 0, 211, 1, 0, 61, 4, 219]
1552553108750;[171, 0, 17, 255, 161, 76, 221, 11, 71, 1, 0, 156, 0, 0, 208, 1, 0, 63, 3, 172]
1552553108751;[171, 0, 17, 255, 161, 76, 221, 11, 71, 1, 0, 127, 0, 0, 210, 1, 0, 70, 3, 38]
1552553108752;[171, 0, 17, 255, 161, 76, 221, 11, 71, 1, 0, 125, 0, 0, 213, 1, 0, 52, 2, 61]
1552553108752;[171, 0, 17, 255, 161, 76, 221, 11, 71, 1, 0, 127, 0, 0, 210, 1, 0, 70, 1, 117]
1552553108754;[171, 0, 17, 255, 161, 76, 221, 11, 71, 1, 0, 136, 0, 0, 210, 1, 0, 80, 1, 130]
1552553108754;[171, 0, 17, 255, 161, 76, 221, 11, 71, 1, 0, 127, 0, 0, 202, 1, 0, 119, 1, 187]
1552553108919;[171, 0, 17, 255, 161, 76, 221, 11, 71, 1, 0, 125, 0, 0, 208, 1, 0, 83, 1, 221]
1552553109084;[171, 0, 17, 255, 161, 76, 221, 11, 73, 0, 0, 30, 0, 0, 101, 1, 0, 148, 9, 214]
1552553109253;[171, 0, 17, 255, 161, 76, 221, 11, 73, 0, 0, 0, 0, 0, 55, 1, 1, 8, 10, 172]
1552553109436;[171, 0, 17, 255, 161, 76, 221, 11, 74, 0, 0, 0, 0, 0, 8, 1, 1, 51, 11, 44]
1552553109437;[171, 0, 17, 255, 161, 76, 221, 11, 74, 0, 0, 2, 0, 0, 10, 1, 1, 18, 11, 168]
1552553109603;[171, 0, 17, 255, 161, 76, 221, 11, 74, 0, 0, 34, 0, 0, 7, 1, 1, 9, 12, 25]
1552553109770;[171, 0, 17, 255, 161, 76, 221, 11, 74, 0, 0, 9, 1, 0, 2, 1, 1, 7, 12, 92]
1552553109785;[171, 0, 17, 255, 161, 76, 221, 11, 74, 0, 0, 23, 0, 0, 2, 1, 0, 246, 12, 190]
1552553109953;[171, 0, 17, 255, 161, 76, 221, 11, 74, 0, 0, 17, 1, 0, 1, 1, 0, 254, 13, 50]
1552553109954;[171, 0, 17, 255, 161, 76, 221, 11, 74, 0, 0, 17, 0, 0, 2, 1, 0, 250, 14, 14]
1552553110121;[171, 0, 17, 255, 161, 76, 221, 11, 74, 0, 0, 11, 0, 0, 1, 1, 0, 250, 15, 58]
1552553110121;[171, 0, 4, 255, 132, 128, 72]
1552553110288;[171, 0, 17, 255, 161, 76, 221, 11, 74, 0, 0, 23, 0, 0, 2, 1, 0, 249, 15, 58]
1552553110470;[171, 0, 17, 255, 161, 76, 221, 11, 74, 0, 0, 30, 0, 0, 0, 1, 0, 248, 31, 255]
1552553110472;[171, 0, 17, 255, 161, 76, 221, 11, 75, 0, 0, 19, 0, 0, 0, 1, 0, 249, 8, 162]
1552553110639;[171, 0, 17, 255, 161, 76, 221, 11, 75, 0, 0, 19, 1, 0, 3, 1, 0, 249, 9, 21]
1552553110639;[171, 0, 17, 255, 161, 76, 221, 11, 75, 0, 0, 13, 0, 0, 3, 1, 0, 249, 9, 134]
1552553110807;[171, 0, 17, 255, 161, 76, 221, 11, 75, 0, 0, 24, 1, 0, 3, 1, 0, 249, 9, 214]
1552553111156;[171, 0, 17, 255, 161, 76, 221, 11, 75, 0, 0, 23, 1, 0, 1, 1, 0, 248, 10, 53]
1552553111156;[171, 0, 17, 255, 161, 76, 221, 11, 75, 0, 0, 19, 0, 0, 1, 1, 0, 249, 10, 235]
1552553111157;[171, 0, 17, 255, 161, 76, 221, 11, 75, 0, 0, 24, 1, 0, 1, 1, 0, 249, 11, 118]
1552553111157;[171, 0, 17, 255, 161, 76, 221, 11, 75, 0, 0, 24, 0, 0, 0, 1, 0, 249, 11, 209]
1552553111323;[171, 0, 4, 255, 132, 128, 71]
1552553111324;[171, 0, 17, 255, 161, 76, 221, 11, 75, 0, 0, 24, 1, 0, 2, 1, 0, 246, 11, 209]
1552553111508;[171, 0, 17, 255, 161, 76, 221, 11, 75, 0, 0, 24, 1, 0, 1, 1, 0, 248, 11, 255]
1552553111675;[171, 0, 17, 255, 161, 76, 221, 11, 76, 0, 0, 25, 1, 0, 3, 1, 0, 249, 12, 20]
1552553111676;[171, 0, 17, 255, 161, 76, 221, 11, 76, 0, 0, 23, 1, 0, 1, 1, 0, 249, 12, 9]
1552553111841;[171, 0, 17, 255, 161, 76, 221, 11, 76, 0, 0, 23, 1, 0, 3, 1, 0, 249, 12, 93]
1552553111841;[171, 0, 17, 255, 161, 76, 221, 11, 76, 0, 0, 23, 1, 0, 1, 1, 0, 246, 12, 208]
1552553112025;[171, 0, 17, 255, 161, 76, 221, 11, 76, 0, 0, 23, 0, 0, 1, 1, 0, 249, 12, 253]
1552553112025;[171, 0, 17, 255, 161, 76, 221, 11, 76, 0, 0, 24, 1, 0, 2, 1, 0, 249, 13, 24]
1552553112192;[171, 0, 17, 255, 161, 76, 221, 11, 76, 0, 0, 24, 1, 0, 1, 1, 0, 249, 13, 18]
1552553112360;[171, 0, 17, 255, 161, 76, 221, 11, 76, 0, 0, 24, 1, 0, 3, 1, 0, 249, 12, 254]
1552553112361;[171, 0, 4, 255, 132, 128, 72]
1552553112543;[171, 0, 17, 255, 161, 76, 221, 11, 76, 0, 0, 24, 1, 0, 3, 1, 0, 249, 12, 215]
1552553112710;[171, 0, 17, 255, 161, 76, 221, 11, 76, 0, 0, 25, 1, 0, 3, 1, 0, 248, 12, 171]
1552553112711;[171, 0, 17, 255, 161, 76, 221, 11, 77, 0, 0, 24, 1, 0, 1, 1, 0, 248, 12, 217]
1552553112877;[171, 0, 17, 255, 161, 76, 221, 11, 77, 0, 0, 23, 0, 0, 2, 1, 0, 246, 13, 40]
1552553112878;[171, 0, 17, 255, 161, 76, 221, 11, 77, 0, 0, 19, 1, 0, 5, 1, 0, 249, 13, 74]
1552553113062;[171, 0, 17, 255, 161, 76, 221, 11, 77, 0, 0, 23, 1, 0, 1, 1, 0, 248, 13, 78]
1552553113062;[171, 0, 17, 255, 161, 76, 221, 11, 77, 0, 0, 19, 1, 0, 3, 1, 0, 246, 13, 62]
1552553113229;[171, 0, 17, 255, 161, 76, 221, 11, 77, 0, 0, 23, 0, 0, 1, 1, 0, 249, 13, 14]
1552553113229;[171, 0, 17, 255, 161, 76, 221, 11, 77, 0, 0, 17, 1, 0, 1, 1, 0, 249, 12, 226]
1552553113397;[171, 0, 17, 255, 161, 76, 221, 11, 77, 0, 0, 21, 0, 0, 2, 1, 0, 249, 12, 165]
1552553113578;[171, 0, 4, 255, 132, 128, 72]
1552553113579;[171, 0, 17, 255, 161, 76, 221, 11, 77, 0, 0, 24, 0, 0, 1, 1, 0, 249, 12, 121]
1552553113747;[171, 0, 17, 255, 161, 76, 221, 11, 77, 0, 0, 24, 0, 0, 1, 1, 0, 249, 12, 159]
1552553113747;[171, 0, 17, 255, 161, 76, 221, 11, 78, 0, 0, 17, 1, 0, 2, 1, 0, 247, 12, 189]
1552553113914;[171, 0, 17, 255, 161, 76, 221, 11, 78, 0, 0, 23, 1, 0, 2, 1, 0, 248, 12, 171]
1552553113915;[171, 0, 17, 255, 161, 76, 221, 11, 78, 0, 0, 23, 1, 0, 1, 1, 0, 249, 12, 139]
1552553114097;[171, 0, 17, 255, 161, 76, 221, 11, 78, 0, 0, 17, 1, 0, 2, 1, 0, 249, 12, 102]
1552553114431;[171, 0, 17, 255, 161, 76, 221, 11, 78, 0, 0, 19, 0, 0, 0, 1, 0, 246, 12, 40]
1552553114432;[171, 0, 17, 255, 161, 76, 221, 11, 78, 0, 0, 24, 1, 0, 1, 1, 0, 249, 11, 236]
1552553114433;[171, 0, 17, 255, 161, 76, 221, 11, 78, 0, 0, 19, 1, 0, 1, 1, 0, 248, 11, 165]
1552553114433;[171, 0, 17, 255, 161, 76, 221, 11, 78, 0, 0, 24, 0, 0, 0, 1, 0, 248, 11, 76]
1552553114614;[171, 0, 4, 255, 132, 128, 72]
1552553114950;[171, 0, 17, 255, 161, 76, 221, 11, 78, 0, 0, 28, 1, 0, 2, 1, 0, 248, 11, 85]
1552553114951;[171, 0, 17, 255, 161, 76, 221, 11, 78, 0, 0, 25, 1, 0, 1, 1, 0, 249, 11, 107]
1552553114951;[171, 0, 17, 255, 161, 76, 221, 11, 79, 0, 0, 25, 1, 0, 4, 1, 0, 246, 11, 105]
1552553114966;[171, 0, 17, 255, 161, 76, 221, 11, 79, 0, 0, 28, 1, 0, 3, 1, 0, 246, 11, 58]
1552553115116;[171, 0, 17, 255, 161, 76, 221, 11, 79, 0, 0, 27, 1, 0, 3, 1, 0, 249, 10, 241]
1552553115133;[171, 0, 17, 255, 161, 76, 221, 11, 79, 0, 0, 24, 1, 0, 3, 1, 0, 249, 10, 157]
1552553115300;[171, 0, 17, 255, 161, 76, 221, 11, 79, 0, 0, 24, 1, 0, 4, 1, 0, 249, 10, 66]
1552553115468;[171, 0, 17, 255, 161, 76, 221, 11, 79, 0, 0, 25, 1, 0, 6, 1, 0, 248, 9, 228]
1552553115468;[171, 0, 17, 255, 161, 76, 221, 11, 79, 0, 0, 26, 1, 0, 1, 1, 0, 249, 9, 187]
1552553115635;[171, 0, 17, 255, 161, 76, 221, 11, 79, 0, 0, 27, 0, 0, 2, 1, 0, 249, 9, 180]
1552553115650;[171, 0, 4, 255, 132, 128, 72]
1552553115818;[171, 0, 17, 255, 161, 76, 221, 11, 79, 0, 0, 24, 1, 0, 2, 1, 0, 249, 9, 142]
1552553115985;[171, 0, 17, 255, 161, 76, 221, 11, 79, 0, 0, 24, 1, 0, 4, 1, 0, 249, 9, 107]
1552553115985;[171, 0, 17, 255, 161, 76, 221, 11, 80, 0, 0, 24, 1, 0, 3, 1, 0, 246, 9, 62]
1552553116153;[171, 0, 17, 255, 161, 76, 221, 11, 80, 0, 0, 25, 1, 0, 3, 1, 0, 249, 9, 11]
1552553116169;[171, 0, 17, 255, 161, 76, 221, 11, 80, 0, 0, 24, 1, 0, 1, 1, 0, 248, 8, 208]
1552553116336;[171, 0, 17, 255, 161, 76, 221, 11, 80, 0, 0, 25, 1, 0, 7, 1, 0, 249, 8, 149]
1552553116337;[171, 0, 17, 255, 161, 76, 221, 11, 80, 0, 0, 24, 1, 0, 4, 1, 0, 249, 8, 98]
1552553116503;[171, 0, 17, 255, 161, 76, 221, 11, 80, 0, 0, 23, 1, 0, 3, 1, 0, 249, 8, 111]
1552553116670;[171, 0, 17, 255, 161, 76, 221, 11, 80, 0, 0, 25, 1, 0, 3, 1, 0, 246, 8, 120]
1552553116671;[171, 0, 17, 255, 161, 76, 221, 11, 80, 0, 0, 25, 1, 0, 3, 1, 0, 249, 8, 105]
1552553116854;[171, 0, 4, 255, 132, 128, 72]
1552553116855;[171, 0, 17, 255, 161, 76, 221, 11, 80, 0, 0, 23, 0, 0, 0, 1, 0, 250, 8, 49]
1552553117188;[171, 0, 17, 255, 161, 76, 221, 11, 80, 0, 0, 24, 0, 0, 0, 1, 0, 246, 7, 225]
1552553117189;[171, 0, 17, 255, 161, 76, 221, 11, 81, 0, 0, 47, 0, 0, 2, 1, 0, 248, 7, 118]
1552553117204;[171, 0, 17, 255, 161, 76, 221, 11, 81, 0, 0, 34, 1, 0, 7, 1, 1, 9, 6, 190]
1552553117371;[171, 0, 17, 255, 161, 76, 221, 11, 81, 0, 0, 33, 0, 0, 3, 1, 0, 248, 5, 176]
1552553117371;[171, 0, 17, 255, 161, 76, 221, 11, 81, 0, 0, 61, 0, 0, 8, 1, 0, 216, 5, 0]
1552553117540;[171, 0, 17, 255, 161, 76, 221, 11, 81, 0, 0, 80, 0, 0, 1, 1, 1, 0, 3, 216]
1552553117540;[171, 0, 17, 255, 161, 76, 221, 11, 81, 0, 0, 67, 0, 0, 1, 1, 1, 11, 2, 197]
1552553117707;[171, 0, 17, 255, 161, 76, 221, 11, 81, 0, 0, 63, 0, 0, 8, 1, 0, 244, 2, 68]
1552553117890;[171, 0, 17, 255, 161, 76, 221, 11, 81, 0, 0, 102, 0, 0, 35, 1, 0, 204, 2, 68]
1552553117891;[171, 0, 4, 255, 132, 128, 72]
1552553118057;[171, 0, 17, 255, 161, 76, 221, 11, 81, 0, 0, 117, 0, 0, 47, 1, 0, 202, 1, 212]
1552553118058;[171, 0, 17, 255, 161, 76, 221, 11, 81, 0, 0, 95, 0, 0, 40, 1, 0, 218, 1, 10]
1552553118241;[171, 0, 17, 255, 161, 76, 221, 11, 82, 0, 0, 87, 0, 0, 42, 1, 0, 197, 16, 0]
1552553118408;[171, 0, 17, 255, 161, 76, 221, 11, 82, 0, 0, 79, 0, 0, 54, 1, 0, 212, 6, 140]
1552553118408;[171, 0, 17, 255, 161, 76, 221, 11, 82, 0, 0, 73, 0, 0, 48, 1, 0, 221, 5, 175]
1552553118743;[171, 0, 17, 255, 161, 76, 221, 11, 82, 0, 0, 79, 0, 0, 48, 1, 0, 228, 5, 67]
1552553118743;[171, 0, 17, 255, 161, 76, 221, 11, 82, 0, 0, 80, 0, 0, 46, 1, 0, 229, 5, 8]
1552553118758;[171, 0, 17, 255, 161, 76, 221, 11, 82, 0, 0, 80, 0, 0, 41, 1, 0, 228, 4, 214]
1552553118760;[171, 0, 17, 255, 161, 76, 221, 11, 82, 0, 0, 73, 0, 0, 41, 1, 0, 226, 4, 194]
1552553118926;[171, 0, 17, 255, 161, 76, 221, 11, 82, 0, 0, 72, 0, 0, 43, 1, 0, 224, 4, 178]
1552553118926;[171, 0, 4, 255, 132, 128, 72]
1552553119093;[171, 0, 17, 255, 161, 76, 221, 11, 82, 0, 0, 71, 0, 0, 35, 1, 0, 248, 4, 123]
1552553119260;[171, 0, 17, 255, 161, 76, 221, 11, 82, 0, 0, 78, 0, 0, 56, 1, 0, 249, 4, 114]
1552553119261;[171, 0, 17, 255, 161, 76, 221, 11, 83, 0, 0, 65, 0, 0, 74, 1, 0, 199, 4, 114]
1552553119444;[171, 0, 17, 255, 161, 76, 221, 11, 83, 0, 0, 59, 0, 0, 97, 1, 0, 192, 4, 143]
1552553119444;[171, 0, 17, 255, 161, 76, 221, 11, 83, 0, 0, 80, 0, 0, 103, 1, 0, 203, 4, 139]
1552553119610;[171, 0, 17, 255, 161, 76, 221, 11, 83, 0, 0, 85, 0, 0, 104, 1, 0, 201, 4, 190]
1552553119778;[171, 0, 17, 255, 161, 76, 221, 11, 83, 0, 0, 84, 0, 0, 104, 1, 0, 196, 5, 7]
1552553119779;[171, 0, 17, 255, 161, 76, 221, 11, 83, 0, 0, 86, 0, 0, 111, 1, 0, 191, 5, 70]
1552553119961;[171, 0, 17, 255, 161, 76, 221, 11, 83, 0, 0, 85, 0, 0, 105, 1, 0, 200, 5, 97]
1552553119962;[171, 0, 17, 255, 161, 76, 221, 11, 83, 0, 0, 85, 0, 0, 105, 1, 0, 204, 5, 137]
1552553120128;[171, 0, 4, 255, 132, 128, 72]
1552553120129;[171, 0, 17, 255, 161, 76, 221, 11, 83, 0, 0, 89, 0, 0, 96, 1, 0, 213, 5, 160]
1552553120297;[171, 0, 17, 255, 161, 76, 221, 11, 83, 0, 0, 85, 0, 0, 106, 1, 0, 178, 5, 86]
1552553120479;[171, 0, 17, 255, 161, 76, 221, 11, 84, 0, 0, 13, 0, 0, 70, 1, 0, 246, 5, 82]
1552553120480;[171, 0, 17, 255, 161, 76, 221, 11, 84, 0, 0, 72, 0, 0, 61, 1, 0, 255, 5, 109]
1552553120648;[171, 0, 17, 255, 161, 76, 221, 11, 84, 0, 0, 91, 0, 0, 80, 1, 0, 215, 5, 87]
1552553120816;[171, 0, 17, 255, 161, 76, 221, 11, 84, 0, 0, 71, 0, 0, 90, 1, 0, 213, 5, 116]
1552553120981;[171, 0, 17, 255, 161, 76, 221, 11, 84, 0, 0, 59, 0, 0, 76, 1, 0, 227, 6, 0]
1552553120998;[171, 0, 17, 255, 161, 76, 221, 11, 84, 0, 0, 72, 0, 0, 78, 1, 0, 219, 6, 143]
1552553120998;[171, 0, 17, 255, 161, 76, 221, 11, 84, 0, 0, 66, 0, 0, 78, 1, 0, 224, 7, 3]
1552553121165;[171, 0, 17, 255, 161, 76, 221, 11, 84, 0, 0, 51, 0, 0, 62, 1, 0, 234, 7, 111]
1552553121166;[171, 0, 4, 255, 132, 128, 71]
1552553121333;[171, 0, 17, 255, 161, 76, 221, 11, 84, 0, 0, 51, 0, 0, 69, 1, 0, 234, 7, 195]
1552553121333;[171, 0, 17, 255, 161, 76, 221, 11, 84, 0, 0, 51, 0, 0, 66, 1, 0, 234, 8, 4]
1552553121499;[171, 0, 17, 255, 161, 76, 221, 11, 85, 0, 0, 59, 0, 0, 70, 1, 0, 228, 8, 73]
1552553121683;[171, 0, 17, 255, 161, 76, 221, 11, 85, 0, 0, 51, 0, 0, 68, 1, 0, 231, 8, 118]
1552553121684;[171, 0, 17, 255, 161, 76, 221, 11, 85, 0, 0, 57, 0, 0, 65, 1, 0, 228, 8, 157]
1552553121850;[171, 0, 17, 255, 161, 76, 221, 11, 85, 0, 0, 57, 0, 0, 63, 1, 0, 228, 8, 219]
1552553121851;[171, 0, 17, 255, 161, 76, 221, 11, 85, 0, 0, 59, 0, 0, 65, 1, 0, 228, 9, 105]
1552553122017;[171, 0, 17, 255, 161, 76, 221, 11, 85, 0, 0, 57, 0, 0, 65, 1, 0, 228, 9, 226]
1552553122033;[171, 0, 17, 255, 161, 76, 221, 11, 85, 0, 0, 56, 0, 0, 67, 1, 0, 228, 10, 51]
1552553122201;[171, 0, 17, 255, 161, 76, 221, 11, 85, 0, 0, 59, 0, 0, 65, 1, 0, 228, 10, 130]
1552553122367;[171, 0, 4, 255, 132, 128, 71]
1552553122368;[171, 0, 17, 255, 161, 76, 221, 11, 85, 0, 0, 56, 0, 0, 66, 1, 0, 228, 10, 189]
1552553122535;[171, 0, 17, 255, 161, 76, 221, 11, 85, 0, 0, 57, 0, 0, 66, 1, 0, 228, 10, 224]
1552553122536;[171, 0, 17, 255, 161, 76, 221, 11, 86, 0, 0, 54, 0, 0, 65, 1, 0, 228, 10, 251]
1552553122719;[171, 0, 17, 255, 161, 76, 221, 11, 86, 0, 0, 54, 0, 0, 60, 1, 0, 228, 11, 4]
1552553122886;[171, 0, 17, 255, 161, 76, 221, 11, 86, 0, 0, 59, 0, 0, 68, 1, 0, 227, 11, 88]
1552553122887;[171, 0, 17, 255, 161, 76, 221, 11, 86, 0, 0, 59, 0, 0, 64, 1, 0, 230, 11, 203]
1552553123403;[171, 0, 17, 255, 161, 76, 221, 11, 86, 0, 0, 52, 0, 0, 68, 1, 0, 228, 12, 12]
1552553123404;[171, 0, 17, 255, 161, 76, 221, 11, 86, 0, 0, 58, 0, 0, 65, 1, 0, 228, 12, 70]
1552553123404;[171, 0, 17, 255, 161, 76, 221, 11, 86, 0, 0, 52, 0, 0, 62, 1, 0, 228, 12, 104]
1552553123405;[171, 0, 17, 255, 161, 76, 221, 11, 86, 0, 0, 51, 0, 0, 62, 1, 0, 234, 12, 92]
1552553123405;[171, 0, 4, 255, 132, 128, 71]
1552553123755;[171, 0, 17, 255, 161, 76, 221, 11, 86, 0, 0, 50, 0, 0, 62, 1, 0, 234, 12, 79]
1552553123755;[171, 0, 17, 255, 161, 76, 221, 11, 86, 0, 0, 55, 0, 0, 62, 1, 0, 228, 12, 58]
1552553123756;[171, 0, 17, 255, 161, 76, 221, 11, 87, 0, 0, 52, 0, 0, 65, 1, 0, 234, 12, 33]
1552553123756;[171, 0, 17, 255, 161, 76, 221, 11, 87, 0, 0, 51, 0, 0, 60, 1, 0, 228, 12, 75]
1552553123922;[171, 0, 17, 255, 161, 76, 221, 11, 87, 0, 0, 44, 0, 0, 62, 1, 0, 230, 12, 122]
1552553123923;[171, 0, 17, 255, 161, 76, 221, 11, 87, 0, 0, 44, 0, 0, 60, 1, 0, 239, 12, 125]
1552553124088;[171, 0, 17, 255, 161, 76, 221, 11, 87, 0, 0, 52, 0, 0, 65, 1, 0, 234, 12, 132]
1552553124273;[171, 0, 17, 255, 161, 76, 221, 11, 87, 0, 0, 51, 0, 0, 62, 1, 0, 231, 12, 105]
1552553124275;[171, 0, 17, 255, 161, 76, 221, 11, 87, 0, 0, 50, 0, 0, 59, 1, 0, 230, 12, 80]
1552553124440;[171, 0, 17, 255, 161, 76, 221, 11, 87, 0, 0, 46, 0, 0, 62, 1, 0, 234, 12, 40]
1552553124441;[171, 0, 4, 255, 132, 128, 70]
1552553124607;[171, 0, 17, 255, 161, 76, 221, 11, 87, 0, 0, 51, 0, 0, 60, 1, 0, 230, 11, 243]
1552553124791;[171, 0, 17, 255, 161, 76, 221, 11, 87, 0, 0, 54, 0, 0, 58, 1, 0, 226, 11, 191]
1552553124792;[171, 0, 17, 255, 161, 76, 221, 11, 88, 0, 0, 49, 0, 0, 58, 1, 0, 234, 11, 178]
1552553124958;[171, 0, 17, 255, 161, 76, 221, 11, 88, 0, 0, 44, 0, 0, 54, 1, 0, 230, 11, 188]
1552553124959;[171, 0, 17, 255, 161, 76, 221, 11, 88, 0, 0, 44, 0, 0, 44, 1, 0, 240, 11, 182]
1552553125125;[171, 0, 17, 255, 161, 76, 221, 11, 88, 0, 0, 41, 0, 0, 41, 1, 0, 241, 11, 198]
1552553125126;[171, 0, 17, 255, 161, 76, 221, 11, 88, 0, 0, 34, 0, 0, 41, 1, 0, 243, 11, 190]
1552553125308;[171, 0, 17, 255, 161, 76, 221, 11, 88, 0, 0, 36, 0, 0, 34, 1, 0, 244, 11, 160]
1552553125476;[171, 0, 17, 255, 161, 76, 221, 11, 88, 0, 0, 28, 0, 0, 30, 1, 0, 241, 11, 133]
1552553125477;[171, 0, 17, 255, 161, 76, 221, 11, 88, 0, 0, 24, 0, 0, 30, 1, 0, 241, 11, 103]
1552553125643;[171, 0, 4, 255, 132, 128, 69]
1552553125645;[171, 0, 17, 255, 161, 76, 221, 11, 88, 0, 0, 12, 0, 0, 27, 1, 0, 249, 11, 63]
1552553125828;[171, 0, 17, 255, 161, 76, 221, 11, 88, 0, 0, 23, 0, 0, 25, 1, 0, 254, 11, 47]
1552553125829;[171, 0, 17, 255, 161, 76, 221, 11, 89, 0, 0, 19, 0, 0, 22, 1, 0, 246, 11, 67]
1552553125994;[171, 0, 17, 255, 161, 76, 221, 11, 89, 0, 0, 25, 0, 0, 27, 1, 0, 245, 11, 90]
1552553126161;[171, 0, 17, 255, 161, 76, 221, 11, 89, 0, 0, 19, 0, 0, 21, 1, 0, 250, 11, 42]
1552553126162;[171, 0, 17, 255, 161, 76, 221, 11, 89, 0, 0, 19, 0, 0, 25, 1, 0, 243, 11, 9]
1552553126346;[171, 0, 17, 255, 161, 76, 221, 11, 89, 0, 0, 23, 0, 0, 25, 1, 0, 250, 11, 15]
1552553126347;[171, 0, 17, 255, 161, 76, 221, 11, 89, 0, 0, 13, 0, 0, 27, 1, 0, 249, 11, 26]
1552553126512;[171, 0, 17, 255, 161, 76, 221, 11, 89, 0, 0, 23, 0, 0, 27, 1, 0, 246, 11, 36]
1552553126680;[171, 0, 17, 255, 161, 76, 221, 11, 89, 0, 0, 22, 0, 0, 27, 1, 0, 246, 11, 28]
1552553126680;[171, 0, 4, 255, 132, 128, 68]
1552553126863;[171, 0, 17, 255, 161, 76, 221, 11, 89, 0, 0, 17, 0, 0, 24, 1, 0, 254, 11, 11]
1552553126864;[171, 0, 17, 255, 161, 76, 221, 11, 89, 0, 0, 13, 0, 0, 24, 1, 0, 249, 11, 27]
1552553127029;[171, 0, 17, 255, 161, 76, 221, 11, 90, 0, 0, 17, 0, 0, 21, 1, 0, 249, 11, 54]
1552553127030;[171, 0, 17, 255, 161, 76, 221, 11, 90, 0, 0, 24, 0, 0, 24, 1, 0, 249, 11, 67]
1552553127197;[171, 0, 17, 255, 161, 76, 221, 11, 90, 0, 0, 12, 0, 0, 25, 1, 0, 249, 11, 64]
1552553127379;[171, 0, 17, 255, 161, 76, 221, 11, 90, 0, 0, 19, 0, 0, 25, 1, 0, 249, 11, 43]
1552553127379;[171, 0, 17, 255, 161, 76, 221, 11, 90, 0, 0, 23, 0, 0, 27, 1, 0, 248, 11, 24]
1552553127547;[171, 0, 17, 255, 161, 76, 221, 11, 90, 0, 0, 13, 0, 0, 28, 1, 0, 246, 11, 20]
1552553127547;[171, 0, 17, 255, 161, 76, 221, 11, 90, 0, 0, 13, 0, 0, 25, 1, 0, 248, 11, 9]
1552553127713;[171, 0, 17, 255, 161, 76, 221, 11, 90, 0, 0, 12, 0, 0, 25, 1, 0, 249, 10, 244]
1552553127714;[171, 0, 4, 255, 132, 128, 68]
1552553127898;[171, 0, 17, 255, 161, 76, 221, 11, 90, 0, 0, 17, 0, 0, 27, 1, 0, 246, 10, 238]
1552553128065;[171, 0, 17, 255, 161, 76, 221, 11, 90, 0, 0, 13, 0, 0, 25, 1, 0, 249, 11, 15]
1552553128065;[171, 0, 17, 255, 161, 76, 221, 11, 91, 0, 0, 12, 0, 0, 27, 1, 0, 243, 11, 35]
1552553128401;[171, 0, 17, 255, 161, 76, 221, 11, 91, 0, 0, 13, 0, 0, 25, 1, 0, 246, 11, 35]
1552553128417;[171, 0, 17, 255, 161, 76, 221, 11, 91, 0, 0, 17, 0, 0, 23, 1, 0, 249, 11, 33]
1552553128418;[171, 0, 17, 255, 161, 76, 221, 11, 91, 0, 0, 12, 0, 0, 23, 1, 0, 249, 11, 31]
1552553128585;[171, 0, 17, 255, 161, 76, 221, 11, 91, 0, 0, 12, 0, 0, 27, 1, 0, 248, 11, 20]
1552553128586;[171, 0, 17, 255, 161, 76, 221, 11, 91, 0, 0, 13, 0, 0, 27, 1, 0, 249, 11, 2]
1552553128751;[171, 0, 17, 255, 161, 76, 221, 11, 91, 0, 0, 13, 0, 0, 27, 1, 0, 249, 10, 243]
1552553128752;[171, 0, 17, 255, 161, 76, 221, 11, 91, 0, 0, 13, 0, 0, 23, 1, 0, 249, 10, 228]
1552553128916;[171, 0, 4, 255, 132, 128, 67]
1552553128937;[171, 0, 17, 255, 161, 76, 221, 11, 91, 0, 0, 12, 0, 0, 24, 1, 0, 254, 10, 250]
1552553129101;[171, 0, 17, 255, 161, 76, 221, 11, 91, 0, 0, 17, 0, 0, 27, 1, 0, 246, 11, 23]
1552553129269;[171, 0, 17, 255, 161, 76, 221, 11, 92, 0, 0, 12, 0, 0, 24, 1, 0, 249, 11, 33]
1552553129270;[171, 0, 17, 255, 161, 76, 221, 11, 92, 0, 0, 11, 0, 0, 25, 1, 0, 248, 11, 37]
1552553129436;[171, 0, 17, 255, 161, 76, 221, 11, 92, 0, 0, 17, 0, 0, 27, 1, 0, 250, 10, 245]
1552553129453;[171, 0, 17, 255, 161, 76, 221, 11, 92, 0, 0, 9, 0, 0, 27, 1, 0, 246, 10, 187]
1552553129620;[171, 0, 17, 255, 161, 76, 221, 11, 92, 0, 0, 11, 0, 0, 26, 1, 0, 249, 10, 140]
1552553129786;[171, 0, 17, 255, 161, 76, 221, 11, 92, 0, 0, 11, 0, 0, 24, 1, 0, 246, 10, 86]
1552553129786;[171, 0, 17, 255, 161, 76, 221, 11, 92, 0, 0, 11, 0, 0, 25, 1, 1, 3, 10, 32]
1552553129954;[171, 0, 17, 255, 161, 76, 221, 11, 92, 0, 0, 13, 0, 0, 28, 1, 0, 246, 10, 4]
1552553129971;[171, 0, 4, 255, 132, 128, 67]
1552553130138;[171, 0, 17, 255, 161, 76, 221, 11, 92, 0, 0, 13, 0, 0, 22, 1, 0, 249, 10, 11]
1552553130139;[171, 0, 17, 255, 161, 76, 221, 11, 92, 0, 0, 13, 0, 0, 24, 1, 0, 249, 9, 248]
1552553130304;[171, 0, 17, 255, 161, 76, 221, 11, 93, 0, 0, 11, 0, 0, 27, 1, 0, 246, 9, 223]
1552553130470;[171, 0, 17, 255, 161, 76, 221, 11, 93, 0, 0, 11, 0, 0, 27, 1, 0, 248, 9, 198]
1552553130471;[171, 0, 17, 255, 161, 76, 221, 11, 93, 0, 0, 13, 0, 0, 25, 1, 0, 248, 9, 166]
1552553130822;[171, 0, 17, 255, 161, 76, 221, 11, 93, 0, 0, 13, 0, 0, 22, 1, 0, 249, 9, 130]
1552553130823;[171, 0, 17, 255, 161, 76, 221, 11, 93, 0, 0, 12, 0, 0, 24, 1, 0, 250, 9, 100]
1552553130824;[171, 0, 17, 255, 161, 76, 221, 11, 93, 0, 0, 12, 0, 0, 24, 1, 0, 245, 9, 73]
1552553130839;[171, 0, 17, 255, 161, 76, 221, 11, 93, 0, 0, 10, 0, 0, 27, 1, 0, 250, 9, 57]
1552553131174;[171, 0, 17, 255, 161, 76, 221, 11, 95, 0, 0, 13, 0, 0, 3, 1, 0, 249, 9, 76]
1552553131176;[171, 0, 17, 255, 161, 76, 221, 11, 95, 0, 0, 17, 0, 0, 3, 1, 0, 249, 9, 78]
1552553131341;[171, 0, 17, 255, 161, 76, 221, 11, 96, 0, 0, 13, 0, 0, 4, 1, 0, 250, 9, 105]
1552553131507;[171, 0, 17, 255, 161, 76, 221, 11, 96, 0, 0, 13, 0, 0, 3, 1, 0, 250, 9, 166]
1552553131858;[171, 0, 17, 255, 161, 76, 221, 11, 96, 0, 0, 17, 0, 0, 4, 1, 0, 249, 9, 216]
1552553131859;[171, 0, 17, 255, 161, 76, 221, 11, 96, 0, 0, 13, 0, 0, 4, 1, 0, 254, 9, 248]
1552553132026;[171, 0, 17, 255, 161, 76, 221, 11, 96, 0, 0, 9, 0, 0, 3, 1, 0, 249, 10, 18]
1552553132208;[171, 0, 17, 255, 161, 76, 221, 11, 96, 0, 0, 11, 0, 0, 4, 1, 0, 249, 10, 32]
1552553132209;[171, 0, 17, 255, 161, 76, 221, 11, 96, 0, 0, 12, 0, 0, 2, 1, 0, 248, 10, 29]
1552553132209;[171, 0, 17, 255, 161, 76, 221, 11, 96, 0, 0, 12, 0, 0, 3, 1, 0, 249, 10, 21]
1552553132210;[171, 0, 4, 255, 132, 128, 65]
1552553132376;[171, 0, 17, 255, 161, 76, 221, 11, 96, 0, 0, 13, 0, 0, 3, 1, 0, 248, 10, 9]
1552553132376;[171, 0, 17, 255, 161, 76, 221, 11, 96, 0, 0, 15, 0, 0, 3, 1, 0, 249, 10, 42]
1552553132727;[171, 0, 17, 255, 161, 76, 221, 11, 97, 0, 0, 17, 0, 0, 3, 1, 0, 254, 10, 106]
1552553132728;[171, 0, 17, 255, 161, 76, 221, 11, 97, 0, 0, 13, 0, 0, 2, 1, 0, 249, 10, 153]
1552553132729;[171, 0, 17, 255, 161, 76, 221, 11, 97, 0, 0, 12, 0, 0, 3, 1, 0, 249, 10, 183]
1552553132730;[171, 0, 17, 255, 161, 76, 221, 11, 97, 0, 0, 17, 1, 0, 1, 1, 0, 250, 10, 203]
1552553132895;[171, 0, 17, 255, 161, 76, 221, 11, 97, 0, 0, 11, 0, 0, 3, 1, 0, 250, 10, 211]
1552553133061;[171, 0, 17, 255, 161, 76, 221, 11, 97, 0, 0, 12, 0, 0, 2, 1, 0, 249, 10, 206]
1552553133062;[171, 0, 17, 255, 161, 76, 221, 11, 97, 0, 0, 13, 0, 0, 2, 1, 0, 249, 10, 196]
1552553133245;[171, 0, 17, 255, 161, 76, 221, 11, 97, 0, 0, 17, 0, 0, 2, 1, 0, 249, 10, 180]
1552553133246;[171, 0, 4, 255, 132, 128, 65]
1552553133413;[171, 0, 17, 255, 161, 76, 221, 11, 97, 0, 0, 13, 0, 0, 3, 1, 0, 249, 10, 157]
1552553133579;[171, 0, 17, 255, 161, 76, 221, 11, 97, 0, 0, 13, 0, 0, 3, 1, 0, 249, 10, 140]
1552553133581;[171, 0, 17, 255, 161, 76, 221, 11, 98, 0, 0, 13, 0, 0, 3, 1, 0, 249, 10, 176]
1552553133763;[171, 0, 17, 255, 161, 76, 221, 11, 98, 0, 0, 12, 0, 0, 3, 1, 0, 250, 10, 219]
1552553133764;[171, 0, 17, 255, 161, 76, 221, 11, 98, 0, 0, 13, 0, 0, 3, 1, 0, 248, 10, 243]
1552553133930;[171, 0, 17, 255, 161, 76, 221, 11, 98, 0, 0, 12, 0, 0, 4, 1, 0, 254, 11, 11]
1552553133931;[171, 0, 17, 255, 161, 76, 221, 11, 98, 0, 0, 9, 0, 0, 3, 1, 0, 246, 11, 16]
1552553134097;[171, 0, 17, 255, 161, 76, 221, 11, 98, 0, 0, 2, 0, 0, 2, 1, 0, 254, 11, 6]
1552553134281;[171, 0, 17, 255, 161, 76, 221, 11, 98, 0, 0, 7, 0, 0, 4, 1, 0, 254, 11, 10]
1552553134448;[171, 0, 17, 255, 161, 76, 221, 11, 98, 0, 0, 9, 0, 0, 0, 1, 1, 5, 10, 254]
1552553134449;[171, 0, 4, 255, 132, 128, 66]
1552553134451;[171, 0, 17, 255, 161, 76, 221, 11, 98, 0, 0, 12, 0, 0, 9, 1, 0, 241, 10, 126]
1552553134615;[171, 0, 17, 255, 161, 76, 221, 11, 98, 0, 0, 43, 0, 0, 10, 1, 1, 3, 9, 181]
1552553134616;[171, 0, 17, 255, 161, 76, 221, 11, 99, 0, 0, 3, 0, 0, 9, 1, 1, 9, 9, 56]
1552553134799;[171, 0, 17, 255, 161, 76, 221, 11, 99, 0, 0, 36, 0, 0, 27, 1, 0, 231, 9, 60]
1552553134967;[171, 0, 17, 255, 161, 76, 221, 11, 99, 1, 0, 6, 0, 0, 24, 1, 1, 11, 9, 96]
1552553134969;[171, 0, 17, 255, 161, 76, 221, 11, 99, 1, 0, 29, 0, 0, 40, 1, 0, 217, 9, 39]
1552553135134;[171, 0, 17, 255, 161, 76, 221, 11, 99, 0, 0, 47, 0, 0, 63, 1, 0, 251, 8, 217]
1552553135135;[171, 0, 17, 255, 161, 76, 221, 11, 99, 0, 0, 27, 0, 0, 42, 1, 0, 228, 8, 125]
1552553135300;[171, 0, 17, 255, 161, 76, 221, 11, 99, 1, 0, 11, 0, 0, 28, 1, 0, 254, 8, 64]
1552553135485;[171, 0, 17, 255, 161, 76, 221, 11, 99, 0, 0, 30, 0, 0, 40, 1, 0, 228, 8, 57]
1552553135486;[171, 0, 4, 255, 132, 128, 66]
1552553135652;[171, 0, 17, 255, 161, 76, 221, 11, 99, 0, 0, 12, 0, 0, 36, 1, 0, 250, 8, 38]
1552553135653;[171, 0, 17, 255, 161, 76, 221, 11, 99, 0, 0, 17, 0, 0, 35, 1, 0, 255, 8, 14]
1552553135835;[171, 0, 17, 255, 161, 76, 221, 11, 100, 0, 0, 1, 0, 0, 29, 1, 0, 235, 7, 247]
1552553135836;[171, 0, 17, 255, 161, 76, 221, 11, 100, 1, 0, 1, 0, 0, 28, 1, 1, 7, 7, 250]
1552553136002;[171, 0, 17, 255, 161, 76, 221, 11, 100, 0, 0, 28, 0, 0, 40, 1, 0, 240, 8, 8]
1552553136169;[171, 0, 17, 255, 161, 76, 221, 11, 100, 0, 0, 12, 0, 0, 29, 1, 1, 3, 8, 31]
1552553136170;[171, 0, 17, 255, 161, 76, 221, 11, 100, 0, 0, 19, 0, 0, 29, 1, 0, 250, 8, 62]
1552553136336;[171, 0, 17, 255, 161, 76, 221, 11, 100, 0, 0, 3, 0, 0, 36, 1, 0, 249, 8, 81]
1552553136353;[171, 0, 17, 255, 161, 76, 221, 11, 100, 0, 0, 8, 0, 0, 30, 1, 0, 250, 8, 88]
1552553136521;[171, 0, 17, 255, 161, 76, 221, 11, 100, 0, 0, 38, 0, 0, 52, 1, 0, 209, 8, 64]
1552553136854;[171, 0, 4, 255, 132, 128, 66]
1552553136877;[171, 0, 17, 255, 161, 76, 221, 11, 100, 1, 0, 35, 0, 0, 36, 1, 0, 246, 8, 74]
1552553136878;[171, 0, 17, 255, 161, 76, 221, 11, 100, 0, 0, 7, 0, 0, 19, 1, 0, 240, 7, 170]
1552553136879;[171, 0, 17, 255, 161, 76, 221, 11, 101, 1, 0, 8, 1, 0, 1, 1, 1, 37, 7, 87]
1552553137038;[171, 0, 17, 255, 161, 76, 221, 11, 101, 1, 0, 24, 0, 0, 0, 1, 0, 228, 7, 0]
1552553137039;[171, 0, 17, 255, 161, 76, 221, 11, 101, 1, 0, 8, 0, 0, 10, 1, 0, 250, 6, 167]
1552553137205;[171, 0, 17, 255, 161, 76, 221, 11, 101, 1, 0, 11, 1, 0, 5, 1, 1, 5, 6, 122]
1552553137372;[171, 0, 17, 255, 161, 76, 221, 11, 101, 1, 0, 12, 1, 0, 8, 1, 1, 0, 6, 35]
1552553137388;[171, 0, 17, 255, 161, 76, 221, 11, 101, 0, 0, 1, 1, 0, 6, 1, 1, 10, 5, 198]
1552553137554;[171, 0, 17, 255, 161, 76, 221, 11, 101, 0, 0, 1, 1, 0, 7, 1, 1, 3, 5, 112]
1552553137555;[171, 0, 17, 255, 161, 76, 221, 11, 101, 0, 0, 1, 1, 0, 2, 1, 0, 254, 5, 19]
1552553137721;[171, 0, 4, 255, 132, 128, 66]
1552553137722;[171, 0, 17, 255, 161, 76, 221, 11, 101, 0, 0, 2, 1, 0, 2, 1, 0, 254, 4, 244]
1552553137888;[171, 0, 17, 255, 161, 76, 221, 11, 101, 0, 0, 2, 1, 0, 7, 1, 1, 3, 4, 205]
1552553138242;[171, 0, 17, 255, 161, 76, 221, 11, 102, 0, 0, 7, 1, 0, 6, 1, 0, 250, 4, 154]
1552553138243;[171, 0, 17, 255, 161, 76, 221, 11, 102, 0, 0, 11, 1, 0, 8, 1, 0, 250, 4, 53]
1552553138244;[171, 0, 17, 255, 161, 76, 221, 11, 102, 0, 0, 12, 1, 0, 7, 1, 0, 250, 3, 209]
1552553138258;[171, 0, 17, 255, 161, 76, 221, 11, 102, 0, 0, 11, 1, 0, 8, 1, 0, 254, 3, 124]
1552553138408;[171, 0, 17, 255, 161, 76, 221, 11, 102, 0, 0, 9, 1, 0, 6, 1, 0, 249, 3, 96]
1552553138592;[171, 0, 17, 255, 161, 76, 221, 11, 102, 0, 0, 10, 1, 0, 7, 1, 0, 255, 3, 108]
1552553138594;[171, 0, 17, 255, 161, 76, 221, 11, 102, 0, 0, 11, 1, 0, 4, 1, 0, 249, 3, 195]
1552553138759;[171, 0, 17, 255, 161, 76, 221, 11, 102, 0, 0, 11, 1, 0, 5, 1, 0, 249, 4, 8]
1552553138760;[171, 0, 4, 255, 132, 128, 65]
1552553138926;[171, 0, 17, 255, 161, 76, 221, 11, 102, 0, 0, 5, 1, 0, 9, 1, 0, 254, 4, 77]
1552553139094;[171, 0, 17, 255, 161, 76, 221, 11, 102, 0, 0, 10, 1, 0, 7, 1, 0, 250, 4, 151]
1552553139111;[171, 0, 17, 255, 161, 76, 221, 11, 103, 0, 0, 7, 1, 0, 6, 1, 0, 249, 5, 41]
1552553139278;[171, 0, 17, 255, 161, 76, 221, 11, 103, 0, 0, 10, 1, 0, 9, 1, 0, 249, 5, 189]
1552553139278;[171, 0, 17, 255, 161, 76, 221, 11, 103, 0, 0, 11, 1, 0, 6, 1, 0, 251, 6, 55]
1552553139444;[171, 0, 17, 255, 161, 76, 221, 11, 103, 0, 0, 7, 1, 0, 8, 1, 0, 250, 6, 178]
1552553139445;[171, 0, 17, 255, 161, 76, 221, 11, 103, 0, 0, 10, 1, 0, 3, 1, 0, 250, 7, 9]
1552553139627;[171, 0, 17, 255, 161, 76, 221, 11, 103, 0, 0, 10, 1, 0, 7, 1, 0, 254, 7, 96]
1552553139628;[171, 0, 17, 255, 161, 76, 221, 11, 103, 0, 0, 10, 1, 0, 7, 1, 0, 249, 7, 162]
1552553139795;[171, 0, 17, 255, 161, 76, 221, 11, 103, 0, 0, 10, 1, 0, 7, 1, 0, 254, 7, 224]
1552553139962;[171, 0, 4, 255, 132, 128, 64]
1552553139963;[171, 0, 17, 255, 161, 76, 221, 11, 103, 0, 0, 7, 1, 0, 5, 1, 0, 250, 8, 54]
1552553140129;[171, 0, 17, 255, 161, 76, 221, 11, 103, 0, 0, 10, 1, 0, 9, 1, 0, 250, 8, 191]
1552553140146;[171, 0, 17, 255, 161, 76, 221, 11, 104, 0, 0, 9, 1, 0, 8, 1, 0, 249, 9, 52]
1552553140313;[171, 0, 17, 255, 161, 76, 221, 11, 104, 0, 0, 5, 1, 0, 6, 1, 0, 249, 9, 137]
