1552554185542;[171, 0, 15, 255, 146, 192, 3, 7, 212, 241, 78, 66, 165, 124, 120, 0, 11, 2]
1552554185869;[171, 0, 5, 255, 145, 128, 0, 40]
1552554187688;[171, 0, 4, 255, 132, 128, 70]
1552554187842;[171, 0, 14, 255, 81, 8, 0, 0, 0, 0, 0, 0, 0, 0, 0, 0, 0]
1552554187943;[171, 0, 10, 255, 81, 17, 18, 12, 12, 15, 50, 72, 72]
1552554188042;[171, 0, 10, 255, 81, 17, 18, 12, 12, 15, 55, 56, 56]
1552554188142;[171, 0, 10, 255, 81, 17, 18, 12, 12, 16, 0, 65, 65]
1552554188285;[171, 0, 10, 255, 81, 17, 18, 12, 12, 16, 5, 71, 71]
1552554188377;[171, 0, 10, 255, 81, 17, 18, 12, 12, 16, 10, 71, 71]
1552554188477;[171, 0, 10, 255, 81, 17, 18, 12, 12, 16, 15, 71, 71]
1552554188577;[171, 0, 10, 255, 81, 17, 18, 12, 12, 16, 20, 71, 71]
1552554188710;[171, 0, 4, 255, 132, 128, 70]
1552554188776;[171, 0, 10, 255, 81, 17, 18, 12, 12, 16, 25, 70, 70]
1552554188895;[171, 0, 10, 255, 81, 17, 18, 12, 12, 16, 30, 70, 70]
1552554189011;[171, 0, 10, 255, 81, 17, 18, 12, 12, 16, 35, 73, 73]
1552554189061;[171, 0, 10, 255, 81, 17, 18, 12, 12, 16, 40, 69, 69]
1552554189161;[171, 0, 10, 255, 81, 17, 18, 12, 12, 16, 45, 82, 82]
1552554189261;[171, 0, 10, 255, 81, 17, 18, 12, 12, 16, 50, 78, 78]
1552554189362;[171, 0, 10, 255, 81, 17, 18, 12, 12, 16, 55, 89, 89]
1552554189455;[171, 0, 10, 255, 81, 17, 18, 12, 12, 17, 0, 76, 76]
1552554189617;[171, 0, 10, 255, 81, 17, 18, 12, 12, 17, 5, 74, 74]
1552554189964;[171, 0, 10, 255, 81, 17, 18, 12, 12, 17, 10, 79, 79]
1552554189964;[171, 0, 4, 255, 132, 128, 71]
1552554189965;[171, 0, 10, 255, 81, 17, 18, 12, 12, 17, 15, 76, 76]
1552554189965;[171, 0, 10, 255, 81, 17, 18, 12, 12, 17, 20, 72, 72]
1552554190132;[171, 0, 10, 255, 81, 17, 18, 12, 12, 17, 25, 71, 71]
1552554190315;[171, 0, 10, 255, 81, 17, 18, 12, 12, 17, 30, 72, 72]
1552554190483;[171, 0, 10, 255, 81, 17, 18, 12, 12, 17, 35, 76, 76]
1552554190483;[171, 0, 10, 255, 81, 17, 18, 12, 12, 17, 40, 77, 77]
1552554190483;[171, 0, 10, 255, 81, 17, 18, 12, 12, 17, 45, 79, 79]
1552554190666;[171, 0, 10, 255, 81, 17, 18, 12, 12, 17, 50, 69, 69]
1552554190666;[171, 0, 10, 255, 81, 17, 18, 12, 12, 17, 55, 76, 76]
1552554190835;[171, 0, 10, 255, 81, 17, 18, 12, 12, 18, 0, 77, 77]
1552554191000;[171, 0, 4, 255, 132, 128, 71]
1552554191000;[171, 0, 10, 255, 81, 17, 18, 12, 12, 18, 5, 72, 72]
1552554191168;[171, 0, 10, 255, 81, 17, 18, 12, 12, 18, 10, 75, 75]
1552554191183;[171, 0, 10, 255, 81, 17, 18, 12, 12, 18, 15, 72, 72]
1552554191351;[171, 0, 10, 255, 81, 17, 18, 12, 12, 18, 20, 80, 80]
1552554191352;[171, 0, 10, 255, 81, 17, 18, 12, 12, 18, 25, 88, 88]
1552554191519;[171, 0, 10, 255, 81, 17, 18, 12, 12, 18, 30, 71, 71]
1552554191703;[171, 0, 10, 255, 81, 17, 18, 12, 12, 18, 35, 55, 55]
1552554191870;[171, 0, 10, 255, 81, 17, 18, 12, 12, 18, 40, 71, 71]
1552554191871;[171, 0, 10, 255, 81, 17, 18, 12, 12, 18, 45, 70, 70]
1552554191871;[171, 0, 10, 255, 81, 17, 18, 12, 13, 9, 5, 72, 72]
1552554192035;[171, 0, 4, 255, 132, 128, 71]
1552554192036;[171, 0, 10, 255, 81, 17, 18, 12, 13, 9, 10, 81, 81]
1552554192205;[171, 0, 10, 255, 81, 17, 18, 12, 13, 9, 15, 76, 76]
1552554192400;[171, 0, 10, 255, 81, 17, 18, 12, 13, 9, 20, 70, 70]
1552554192400;[171, 0, 10, 255, 81, 17, 18, 12, 13, 9, 25, 88, 88]
1552554192545;[171, 0, 17, 255, 161, 76, 221, 16, 203, 0, 0, 192, 0, 0, 87, 0, 0, 138, 13, 89]
1552554192545;[171, 0, 10, 255, 81, 17, 18, 12, 13, 9, 30, 78, 78]
1552554192716;[171, 0, 17, 255, 161, 76, 221, 16, 204, 0, 0, 196, 0, 0, 86, 0, 0, 135, 13, 141]
1552554192890;[171, 0, 10, 255, 81, 17, 18, 12, 13, 9, 35, 78, 78]
1552554192891;[171, 0, 17, 255, 161, 76, 221, 16, 204, 0, 0, 193, 0, 0, 86, 0, 0, 133, 13, 186]
1552554193062;[171, 0, 10, 255, 81, 17, 18, 12, 13, 9, 40, 75, 75]
1552554193064;[171, 0, 17, 255, 161, 76, 221, 16, 204, 0, 0, 193, 0, 0, 87, 0, 0, 136, 13, 221]
1552554193234;[171, 0, 10, 255, 81, 17, 18, 12, 13, 9, 45, 81, 81]
1552554193236;[171, 0, 17, 255, 161, 76, 221, 16, 204, 0, 0, 196, 0, 0, 85, 0, 0, 135, 14, 0]
1552554193410;[171, 0, 10, 255, 81, 17, 18, 12, 13, 9, 50, 77, 77]
1552554193592;[171, 0, 17, 255, 161, 76, 221, 16, 204, 0, 0, 196, 0, 0, 85, 0, 0, 136, 14, 64]
1552554193593;[171, 0, 10, 255, 81, 17, 18, 12, 13, 9, 55, 67, 67]
1552554193752;[171, 0, 17, 255, 161, 76, 221, 16, 204, 0, 0, 196, 0, 0, 87, 0, 0, 135, 14, 191]
1552554193754;[171, 0, 4, 255, 132, 128, 71]
1552554194097;[171, 0, 17, 255, 161, 76, 221, 16, 205, 0, 0, 181, 0, 0, 84, 0, 0, 148, 9, 212]
1552554194099;[171, 0, 10, 255, 81, 17, 18, 12, 13, 11, 10, 61, 61]
1552554194272;[171, 0, 17, 255, 161, 76, 221, 16, 206, 0, 0, 185, 0, 0, 82, 0, 0, 147, 9, 213]
1552554194275;[171, 0, 10, 255, 81, 17, 18, 12, 13, 11, 15, 73, 73]
1552554194442;[171, 0, 17, 255, 161, 76, 221, 16, 206, 0, 0, 180, 0, 0, 82, 0, 0, 147, 9, 212]
1552554194444;[171, 0, 10, 255, 81, 17, 18, 12, 13, 11, 20, 67, 67]
1552554194616;[171, 0, 17, 255, 161, 76, 221, 16, 206, 0, 0, 181, 0, 0, 84, 0, 0, 147, 9, 236]
1552554194788;[171, 0, 10, 255, 81, 17, 18, 12, 13, 11, 25, 76, 76]
1552554194791;[171, 0, 17, 255, 161, 76, 221, 16, 206, 0, 0, 184, 0, 0, 84, 0, 0, 149, 9, 236]
1552554194966;[171, 0, 10, 255, 81, 17, 18, 12, 13, 11, 30, 75, 75]
1552554194969;[171, 0, 17, 255, 161, 76, 221, 16, 206, 0, 0, 185, 0, 0, 85, 0, 0, 149, 10, 5]
1552554195133;[171, 0, 10, 255, 81, 17, 18, 12, 13, 11, 35, 74, 74]
1552554195135;[171, 0, 17, 255, 161, 76, 221, 16, 206, 0, 0, 180, 0, 0, 84, 0, 0, 149, 10, 65]
1552554195305;[171, 0, 4, 255, 132, 128, 70]
1552554195482;[171, 0, 10, 255, 81, 17, 18, 12, 13, 11, 40, 76, 76]
1552554195483;[171, 0, 17, 255, 161, 76, 221, 16, 206, 0, 0, 191, 0, 0, 85, 0, 0, 151, 10, 71]
1552554195651;[171, 0, 10, 255, 81, 17, 18, 12, 13, 11, 45, 80, 80]
1552554195652;[171, 0, 17, 255, 161, 76, 221, 16, 206, 0, 0, 178, 0, 0, 85, 0, 0, 149, 10, 79]
1552554195823;[171, 0, 10, 255, 81, 17, 18, 12, 13, 11, 50, 83, 83]
1552554195997;[171, 0, 17, 255, 161, 76, 221, 16, 206, 0, 0, 180, 0, 0, 84, 0, 0, 150, 10, 82]
1552554195998;[171, 0, 10, 255, 81, 17, 18, 12, 13, 11, 55, 75, 75]
1552554196177;[171, 0, 17, 255, 161, 76, 221, 16, 206, 0, 0, 178, 0, 0, 82, 0, 0, 146, 10, 52]
1552554196339;[171, 0, 10, 255, 81, 17, 18, 12, 13, 12, 0, 69, 69]
1552554196340;[171, 0, 17, 255, 161, 76, 221, 16, 207, 0, 0, 185, 0, 0, 85, 0, 0, 150, 10, 20]
1552554196511;[171, 0, 17, 255, 161, 76, 221, 16, 208, 0, 0, 193, 0, 0, 85, 0, 0, 142, 9, 22]
1552554196686;[171, 0, 10, 255, 81, 17, 18, 12, 13, 13, 15, 70, 70]
1552554196687;[171, 0, 17, 255, 161, 76, 221, 16, 208, 0, 0, 187, 0, 0, 87, 0, 0, 140, 9, 10]
1552554197075;[171, 0, 4, 255, 132, 128, 69]
1552554197202;[171, 0, 10, 255, 81, 17, 18, 12, 13, 13, 20, 86, 86]
1552554197375;[171, 0, 17, 255, 161, 76, 221, 16, 208, 0, 0, 187, 0, 0, 85, 0, 0, 138, 9, 60]
1552554197377;[171, 0, 10, 255, 81, 17, 18, 12, 13, 13, 25, 89, 89]
1552554197380;[171, 0, 17, 255, 161, 76, 221, 16, 208, 0, 0, 190, 0, 0, 85, 0, 0, 140, 9, 90]
1552554197381;[171, 0, 10, 255, 81, 17, 18, 12, 13, 13, 30, 89, 89]
1552554197382;[171, 0, 17, 255, 161, 76, 221, 16, 208, 0, 0, 190, 0, 0, 85, 0, 0, 140, 9, 113]
1552554197549;[171, 0, 10, 255, 81, 17, 18, 12, 13, 13, 35, 89, 89]
1552554197550;[171, 0, 17, 255, 161, 76, 221, 16, 208, 0, 0, 191, 0, 0, 87, 0, 0, 142, 9, 134]
1552554197720;[171, 0, 10, 255, 81, 17, 18, 12, 13, 13, 40, 91, 91]
1552554197901;[171, 0, 17, 255, 161, 76, 221, 16, 209, 0, 0, 192, 0, 0, 85, 0, 0, 141, 9, 141]
1552554197903;[171, 0, 10, 255, 81, 17, 18, 12, 13, 13, 45, 76, 76]
1552554198065;[171, 0, 17, 255, 161, 76, 221, 16, 209, 0, 0, 180, 0, 0, 83, 0, 0, 138, 9, 155]
1552554198238;[171, 0, 10, 255, 81, 17, 18, 12, 24, 10, 0, 90, 90]
1552554198239;[171, 0, 17, 255, 161, 76, 221, 16, 209, 0, 0, 193, 0, 0, 87, 0, 0, 138, 9, 201]
1552554198240;[171, 0, 10, 255, 81, 17, 18, 12, 25, 14, 40, 90, 90]
1552554198412;[171, 0, 17, 255, 161, 76, 221, 16, 209, 0, 0, 191, 0, 0, 85, 0, 0, 142, 9, 198]
1552554198585;[171, 0, 10, 255, 81, 17, 18, 12, 25, 14, 45, 168, 168]
1552554198586;[171, 0, 17, 255, 161, 76, 221, 16, 209, 0, 0, 190, 0, 0, 86, 0, 0, 142, 9, 205]
1552554198758;[171, 0, 10, 255, 81, 17, 18, 12, 25, 14, 55, 187, 187]
1552554198759;[171, 0, 17, 255, 161, 76, 221, 16, 209, 0, 0, 185, 0, 0, 87, 0, 0, 141, 9, 244]
1552554198930;[171, 0, 10, 255, 81, 17, 19, 2, 28, 13, 5, 87, 87]
1552554199101;[171, 0, 17, 255, 161, 76, 221, 16, 210, 0, 0, 193, 0, 0, 85, 0, 0, 143, 10, 7]
1552554199273;[171, 0, 10, 255, 81, 17, 19, 2, 28, 13, 10, 77, 77]
1552554199274;[171, 0, 17, 255, 161, 76, 221, 16, 211, 0, 0, 185, 0, 0, 86, 0, 0, 141, 10, 5]
1552554199444;[171, 0, 10, 255, 81, 17, 19, 2, 28, 13, 15, 72, 72]
1552554199447;[171, 0, 17, 255, 161, 76, 221, 16, 211, 0, 0, 185, 0, 0, 85, 0, 0, 141, 10, 4]
1552554199630;[171, 0, 10, 255, 81, 17, 19, 2, 28, 13, 20, 71, 71]
1552554199790;[171, 0, 17, 255, 161, 76, 221, 16, 211, 0, 0, 187, 0, 0, 85, 0, 0, 141, 9, 255]
1552554199792;[171, 0, 10, 255, 81, 17, 19, 2, 28, 13, 25, 70, 70]
1552554199985;[171, 0, 17, 255, 161, 76, 221, 16, 211, 0, 0, 181, 0, 0, 85, 0, 0, 140, 9, 245]
1552554199986;[171, 0, 10, 255, 81, 17, 19, 2, 28, 13, 30, 73, 73]
1552554200144;[171, 0, 17, 255, 161, 76, 221, 16, 211, 0, 0, 192, 0, 0, 86, 0, 0, 141, 9, 235]
1552554200145;[171, 0, 10, 255, 81, 17, 19, 2, 28, 13, 35, 71, 71]
1552554200310;[171, 0, 17, 255, 161, 76, 221, 16, 211, 0, 0, 190, 0, 0, 84, 0, 0, 140, 9, 245]
1552554200490;[171, 0, 4, 255, 132, 128, 67]
1552554200491;[171, 0, 10, 255, 81, 17, 19, 2, 28, 13, 40, 74, 74]
1552554200652;[171, 0, 17, 255, 161, 76, 221, 16, 211, 0, 0, 187, 0, 0, 86, 0, 0, 140, 10, 70]
1552554200826;[171, 0, 17, 255, 161, 76, 221, 16, 211, 0, 0, 192, 0, 0, 86, 0, 0, 140, 10, 163]
1552554200827;[171, 0, 10, 255, 81, 17, 19, 2, 28, 13, 45, 74, 74]
1552554200998;[171, 0, 17, 255, 161, 76, 221, 16, 211, 0, 0, 191, 0, 0, 86, 0, 0, 138, 10, 220]
1552554201000;[171, 0, 10, 255, 81, 17, 19, 2, 28, 13, 50, 72, 72]
1552554201171;[171, 0, 17, 255, 161, 76, 221, 16, 211, 0, 0, 193, 0, 0, 84, 0, 0, 140, 11, 13]
1552554201172;[171, 0, 10, 255, 81, 17, 19, 2, 28, 13, 55, 69, 69]
1552554201517;[171, 0, 17, 255, 161, 76, 221, 16, 212, 0, 0, 192, 0, 0, 85, 0, 0, 141, 11, 45]
1552554201518;[171, 0, 17, 255, 161, 76, 221, 16, 213, 0, 0, 192, 0, 0, 84, 0, 0, 140, 11, 149]
1552554201688;[171, 0, 10, 255, 81, 17, 19, 2, 28, 15, 10, 65, 65]
1552554202036;[171, 0, 17, 255, 161, 76, 221, 16, 213, 0, 0, 179, 0, 0, 96, 0, 0, 144, 11, 148]
1552554202039;[171, 0, 4, 255, 132, 128, 65]
1552554202045;[171, 0, 10, 255, 81, 17, 19, 2, 28, 15, 15, 61, 61]
1552554202046;[171, 0, 17, 255, 161, 76, 221, 16, 213, 0, 0, 195, 0, 0, 87, 0, 0, 144, 11, 110]
1552554202046;[171, 0, 10, 255, 81, 17, 19, 2, 28, 15, 20, 63, 63]
1552554202219;[171, 0, 17, 255, 161, 76, 221, 16, 213, 0, 0, 196, 0, 0, 81, 0, 0, 141, 11, 66]
1552554202377;[171, 0, 10, 255, 81, 17, 19, 2, 28, 15, 25, 69, 69]
1552554202577;[171, 0, 17, 255, 161, 76, 221, 16, 213, 0, 0, 179, 0, 0, 76, 0, 0, 140, 11, 67]
1552554202577;[171, 0, 10, 255, 81, 17, 19, 2, 28, 15, 30, 64, 64]
1552554202578;[171, 0, 17, 255, 161, 76, 221, 16, 213, 0, 0, 205, 0, 0, 85, 0, 0, 140, 11, 188]
1552554202723;[171, 0, 10, 255, 81, 17, 19, 2, 28, 15, 35, 63, 63]
1552554202895;[171, 0, 17, 255, 161, 76, 221, 16, 214, 0, 0, 192, 0, 0, 82, 0, 0, 138, 12, 9]
1552554203068;[171, 0, 10, 255, 81, 17, 19, 2, 28, 15, 40, 60, 60]
1552554203069;[171, 0, 17, 255, 161, 76, 221, 16, 214, 0, 0, 194, 0, 0, 79, 0, 0, 129, 12, 30]
1552554203070;[171, 0, 10, 255, 81, 17, 19, 2, 28, 15, 45, 59, 59]
1552554205152;[171, 0, 17, 255, 161, 76, 221, 16, 214, 0, 0, 204, 0, 0, 86, 0, 0, 124, 12, 47]
1552554205152;[171, 0, 10, 255, 81, 17, 19, 2, 28, 15, 50, 75, 75]
1552554205153;[171, 0, 17, 255, 161, 76, 221, 16, 214, 0, 0, 202, 0, 0, 85, 0, 0, 116, 12, 39]
1552554205153;[171, 0, 10, 255, 81, 17, 19, 2, 28, 15, 55, 66, 66]
1552554205154;[171, 0, 17, 255, 161, 76, 221, 16, 214, 0, 0, 204, 0, 0, 86, 0, 0, 109, 12, 23]
1552554205156;[171, 0, 10, 255, 81, 17, 19, 2, 28, 16, 0, 71, 71]
1552554205156;[171, 0, 17, 255, 161, 76, 221, 16, 214, 0, 0, 211, 0, 0, 86, 0, 0, 103, 12, 20]
1552554205157;[171, 0, 10, 255, 81, 17, 19, 2, 28, 17, 10, 85, 85]
1552554205159;[171, 0, 17, 255, 161, 76, 221, 16, 215, 0, 0, 191, 0, 0, 83, 0, 0, 144, 12, 229]
1552554205159;[171, 0, 10, 255, 81, 17, 19, 2, 28, 17, 15, 77, 77]
1552554205160;[171, 0, 17, 255, 161, 76, 221, 16, 216, 0, 0, 187, 0, 0, 84, 0, 0, 148, 13, 40]
1552554205160;[171, 0, 10, 255, 81, 17, 19, 2, 28, 17, 20, 64, 64]
1552554205161;[171, 0, 17, 255, 161, 76, 221, 16, 216, 0, 0, 181, 0, 0, 85, 0, 0, 148, 13, 104]
1552554205161;[171, 0, 10, 255, 81, 17, 19, 2, 28, 17, 25, 63, 63]
1552554205162;[171, 0, 17, 255, 161, 76, 221, 16, 216, 0, 0, 187, 0, 0, 82, 0, 0, 145, 13, 146]
1552554205163;[171, 0, 10, 255, 81, 17, 19, 2, 28, 17, 30, 63, 63]
1552554205176;[171, 0, 17, 255, 161, 76, 221, 16, 216, 0, 0, 191, 0, 0, 84, 0, 0, 147, 13, 167]
1552554205177;[171, 0, 10, 255, 81, 17, 19, 2, 28, 17, 35, 68, 68]
1552554205178;[171, 0, 17, 255, 161, 76, 221, 16, 216, 0, 0, 181, 0, 0, 87, 0, 0, 148, 13, 158]
1552554205313;[171, 0, 10, 255, 81, 17, 19, 2, 28, 17, 40, 67, 67]
1552554205314;[171, 0, 17, 255, 161, 76, 221, 16, 216, 0, 0, 181, 0, 0, 85, 0, 0, 146, 13, 163]
1552554205486;[171, 0, 4, 255, 132, 128, 62]
1552554205487;[171, 0, 10, 255, 81, 17, 19, 2, 28, 17, 45, 80, 80]
1552554205657;[171, 0, 17, 255, 161, 76, 221, 16, 216, 0, 0, 180, 0, 0, 86, 0, 0, 147, 13, 171]
1552554205658;[171, 0, 10, 255, 81, 17, 19, 2, 28, 17, 50, 63, 63]
1552554205836;[171, 0, 17, 255, 161, 76, 221, 16, 216, 0, 0, 181, 0, 0, 85, 0, 0, 147, 13, 173]
1552554205837;[171, 0, 10, 255, 81, 17, 19, 2, 28, 17, 55, 60, 60]
1552554206012;[171, 0, 17, 255, 161, 76, 221, 16, 216, 0, 0, 187, 0, 0, 86, 0, 0, 149, 13, 164]
1552554206175;[171, 0, 10, 255, 81, 17, 19, 2, 28, 18, 0, 64, 64]
1552554206177;[171, 0, 17, 255, 161, 76, 221, 16, 216, 0, 0, 190, 0, 0, 86, 0, 0, 138, 13, 204]
1552554206356;[171, 0, 17, 255, 161, 76, 221, 16, 218, 0, 0, 202, 0, 0, 82, 0, 0, 135, 13, 214]
1552554206520;[171, 0, 10, 255, 81, 17, 19, 2, 28, 22, 15, 73, 73]
1552554206693;[171, 0, 17, 255, 161, 76, 221, 16, 218, 0, 0, 185, 0, 0, 84, 0, 0, 138, 13, 202]
1552554206693;[171, 0, 10, 255, 81, 17, 19, 2, 28, 22, 20, 82, 82]
1552554206874;[171, 0, 17, 255, 161, 76, 221, 16, 218, 0, 0, 199, 0, 0, 85, 0, 0, 129, 13, 198]
1552554206876;[171, 0, 4, 255, 132, 128, 61]
1552554207036;[171, 0, 10, 255, 81, 17, 19, 2, 28, 22, 25, 80, 80]
1552554207036;[171, 0, 17, 255, 161, 76, 221, 16, 218, 0, 0, 193, 0, 0, 86, 0, 0, 136, 13, 190]
1552554207225;[171, 0, 10, 255, 81, 17, 19, 2, 28, 22, 30, 84, 84]
1552554207382;[171, 0, 17, 255, 161, 76, 221, 16, 218, 0, 0, 196, 0, 0, 85, 0, 0, 132, 13, 188]
1552554207554;[171, 0, 10, 255, 81, 17, 19, 2, 28, 22, 35, 76, 76]
1552554207587;[171, 0, 17, 255, 161, 76, 221, 16, 218, 0, 0, 194, 0, 0, 85, 0, 0, 133, 13, 172]
1552554207587;[171, 0, 10, 255, 81, 17, 19, 2, 28, 22, 40, 72, 72]
1552554207729;[171, 0, 17, 255, 161, 76, 221, 16, 218, 0, 0, 185, 0, 0, 84, 0, 0, 129, 13, 160]
1552554207909;[171, 0, 10, 255, 81, 17, 19, 2, 28, 22, 45, 76, 76]
1552554207910;[171, 0, 17, 255, 161, 76, 221, 16, 219, 0, 0, 185, 0, 0, 84, 0, 0, 132, 13, 141]
1552554208084;[171, 0, 10, 255, 81, 17, 19, 2, 28, 22, 50, 62, 62]
1552554208085;[171, 0, 17, 255, 161, 76, 221, 16, 219, 0, 0, 193, 0, 0, 85, 0, 0, 127, 13, 172]
1552554208242;[171, 0, 10, 255, 81, 17, 19, 2, 28, 22, 55, 73, 73]
1552554208252;[171, 0, 17, 255, 161, 76, 221, 16, 219, 0, 0, 196, 0, 0, 84, 0, 0, 140, 13, 204]
1552554208415;[171, 0, 10, 255, 81, 17, 19, 2, 28, 23, 0, 93, 93]
1552554208594;[171, 0, 17, 255, 161, 76, 221, 16, 219, 0, 0, 195, 0, 0, 84, 0, 0, 130, 13, 223]
1552554208595;[171, 0, 10, 255, 81, 17, 19, 2, 28, 23, 5, 60, 60]
1552554208769;[171, 0, 17, 255, 161, 76, 221, 16, 219, 0, 0, 196, 0, 0, 82, 0, 0, 129, 13, 239]
1552554208935;[171, 0, 10, 255, 81, 17, 19, 2, 28, 23, 55, 57, 57]
1552554208936;[171, 0, 17, 255, 161, 76, 221, 16, 220, 0, 0, 191, 0, 0, 82, 0, 0, 136, 14, 128]
1552554209107;[171, 0, 10, 255, 81, 17, 19, 3, 1, 0, 0, 69, 69]
1552554209287;[171, 0, 17, 255, 161, 76, 221, 16, 220, 0, 0, 195, 0, 0, 85, 0, 0, 138, 14, 150]
1552554209288;[171, 0, 10, 255, 81, 17, 19, 3, 1, 0, 5, 70, 70]
1552554209452;[171, 0, 17, 255, 161, 76, 221, 16, 221, 0, 0, 192, 0, 0, 84, 0, 0, 136, 14, 165]
1552554209452;[171, 0, 10, 255, 81, 17, 19, 3, 1, 0, 10, 76, 76]
1552554209623;[171, 0, 17, 255, 161, 76, 221, 16, 221, 0, 0, 198, 0, 0, 85, 0, 0, 133, 14, 198]
1552554209803;[171, 0, 10, 255, 81, 17, 19, 3, 1, 0, 15, 69, 69]
1552554209804;[171, 0, 17, 255, 161, 76, 221, 16, 221, 0, 0, 194, 0, 0, 84, 0, 0, 136, 14, 235]
1552554209968;[171, 0, 10, 255, 81, 17, 19, 3, 1, 0, 20, 70, 70]
1552554209970;[171, 0, 17, 255, 161, 76, 221, 16, 221, 0, 0, 196, 0, 0, 84, 0, 0, 133, 14, 233]
1552554210140;[171, 0, 10, 255, 81, 17, 19, 3, 1, 0, 25, 74, 74]
1552554210141;[171, 0, 17, 255, 161, 76, 221, 16, 221, 0, 0, 198, 0, 0, 85, 0, 0, 130, 14, 233]
1552554210509;[171, 0, 10, 255, 81, 17, 19, 3, 1, 0, 30, 75, 75]
1552554210511;[171, 0, 17, 255, 161, 76, 221, 16, 221, 0, 0, 194, 0, 0, 82, 0, 0, 129, 14, 219]
1552554210512;[171, 0, 4, 255, 132, 128, 60]
1552554210658;[171, 0, 10, 255, 81, 17, 19, 3, 1, 0, 35, 69, 69]
1552554210658;[171, 0, 17, 255, 161, 76, 221, 16, 221, 0, 0, 198, 0, 0, 82, 0, 0, 129, 14, 206]
1552554210844;[171, 0, 10, 255, 81, 17, 19, 3, 1, 0, 40, 72, 72]
1552554210846;[171, 0, 17, 255, 161, 76, 221, 16, 221, 0, 0, 198, 0, 0, 85, 0, 0, 129, 14, 185]
1552554211006;[171, 0, 10, 255, 81, 17, 19, 3, 5, 2, 25, 74, 74]
1552554211177;[171, 0, 17, 255, 161, 76, 221, 16, 221, 0, 0, 196, 0, 0, 84, 0, 0, 129, 14, 166]
1552554211347;[171, 0, 17, 255, 161, 76, 221, 16, 223, 0, 0, 198, 0, 0, 82, 0, 0, 126, 13, 213]
1552554211351;[171, 0, 10, 255, 81, 17, 19, 3, 6, 23, 40, 74, 74]
1552554211698;[171, 0, 17, 255, 161, 76, 221, 16, 223, 0, 0, 199, 0, 0, 80, 0, 0, 126, 13, 227]
1552554211700;[171, 0, 10, 255, 81, 17, 19, 3, 6, 23, 45, 60, 60]
1552554211703;[171, 0, 17, 255, 161, 76, 221, 16, 223, 0, 0, 198, 0, 0, 84, 0, 0, 127, 13, 236]
1552554211865;[171, 0, 10, 255, 81, 17, 19, 3, 6, 23, 50, 60, 60]
1552554212043;[171, 0, 17, 255, 161, 76, 221, 16, 223, 0, 0, 196, 0, 0, 84, 0, 0, 127, 13, 237]
1552554212045;[171, 0, 4, 255, 132, 128, 59]
1552554212048;[171, 0, 10, 255, 81, 17, 19, 3, 6, 23, 55, 64, 64]
1552554212213;[171, 0, 17, 255, 161, 76, 221, 16, 223, 0, 0, 198, 0, 0, 84, 0, 0, 127, 13, 229]
1552554212382;[171, 0, 10, 255, 81, 17, 19, 3, 7, 0, 0, 78, 78]
1552554212384;[171, 0, 17, 255, 161, 76, 221, 16, 223, 0, 0, 195, 0, 0, 80, 0, 0, 129, 13, 214]
1552554212558;[171, 0, 10, 255, 81, 17, 19, 3, 7, 0, 5, 65, 65]
1552554212559;[171, 0, 17, 255, 161, 76, 221, 16, 223, 0, 0, 198, 0, 0, 84, 0, 0, 126, 13, 203]
1552554212728;[171, 0, 10, 255, 81, 17, 19, 3, 7, 0, 10, 65, 65]
1552554212729;[171, 0, 17, 255, 161, 76, 221, 16, 223, 0, 0, 198, 0, 0, 85, 0, 0, 128, 13, 176]
1552554212899;[171, 0, 10, 255, 81, 17, 19, 3, 7, 0, 15, 63, 63]
1552554213073;[171, 0, 17, 255, 161, 76, 221, 16, 224, 0, 0, 200, 0, 0, 82, 0, 0, 127, 13, 155]
1552554213075;[171, 0, 10, 255, 81, 17, 19, 3, 7, 0, 20, 64, 64]
1552554213249;[171, 0, 17, 255, 161, 76, 221, 16, 224, 0, 0, 198, 0, 0, 84, 0, 0, 128, 13, 156]
1552554213250;[171, 0, 10, 255, 81, 17, 19, 3, 7, 0, 25, 69, 69]
1552554213590;[171, 0, 17, 255, 161, 76, 221, 16, 224, 0, 0, 198, 0, 0, 84, 0, 0, 127, 13, 189]
1552554213591;[171, 0, 10, 255, 81, 17, 19, 3, 7, 0, 30, 68, 68]
1552554213594;[171, 0, 17, 255, 161, 76, 221, 16, 224, 0, 0, 199, 0, 0, 84, 0, 0, 131, 13, 206]
1552554213762;[171, 0, 10, 255, 81, 17, 19, 3, 8, 2, 25, 66, 66]
1552554213935;[171, 0, 17, 255, 161, 76, 221, 16, 225, 0, 0, 198, 0, 0, 81, 0, 0, 127, 12, 244]
1552554213937;[171, 0, 10, 255, 81, 17, 19, 3, 8, 2, 30, 62, 62]
1552554214117;[171, 0, 17, 255, 161, 76, 221, 16, 225, 0, 0, 195, 0, 0, 82, 0, 0, 127, 12, 253]
1552554214530;[171, 0, 10, 255, 81, 17, 19, 3, 8, 2, 40, 62, 62]
1552554214533;[171, 0, 17, 255, 161, 76, 221, 16, 225, 0, 0, 198, 0, 0, 84, 0, 0, 129, 12, 249]
1552554214536;[171, 0, 10, 255, 81, 17, 19, 3, 12, 15, 25, 80, 80]
1552554214536;[171, 0, 17, 255, 161, 76, 221, 16, 226, 0, 0, 198, 0, 0, 84, 0, 0, 126, 13, 26]
1552554214626;[171, 0, 17, 255, 161, 76, 221, 16, 226, 0, 0, 198, 0, 0, 79, 0, 0, 126, 13, 42]
1552554214799;[171, 0, 10, 255, 81, 17, 19, 3, 12, 15, 30, 62, 62]
1552554214801;[171, 0, 17, 255, 161, 76, 221, 16, 226, 0, 0, 196, 0, 0, 84, 0, 0, 127, 13, 57]
1552554214971;[171, 0, 10, 255, 81, 17, 19, 3, 12, 15, 35, 67, 67]
1552554214973;[171, 0, 17, 255, 161, 76, 221, 16, 226, 0, 0, 199, 0, 0, 84, 0, 0, 126, 13, 100]
1552554215142;[171, 0, 10, 255, 81, 17, 19, 3, 12, 15, 40, 62, 62]
1552554215143;[171, 0, 17, 255, 161, 76, 221, 16, 226, 0, 0, 201, 0, 0, 84, 0, 0, 126, 13, 115]
1552554215314;[171, 0, 10, 255, 81, 17, 19, 3, 12, 15, 45, 70, 70]
1552554215488;[171, 0, 17, 255, 161, 76, 221, 16, 226, 0, 0, 198, 0, 0, 85, 0, 0, 125, 13, 112]
1552554215494;[171, 0, 4, 255, 132, 128, 59]
1552554215660;[171, 0, 10, 255, 81, 17, 19, 3, 12, 15, 50, 61, 61]
1552554215661;[171, 0, 17, 255, 161, 76, 221, 16, 226, 0, 0, 202, 0, 0, 85, 0, 0, 126, 13, 102]
1552554215832;[171, 0, 10, 255, 81, 17, 19, 3, 12, 15, 55, 66, 66]
1552554215836;[171, 0, 17, 255, 161, 76, 221, 16, 226, 0, 0, 198, 0, 0, 84, 0, 0, 126, 13, 102]
1552554216005;[171, 0, 10, 255, 81, 17, 19, 3, 12, 16, 0, 65, 65]
1552554216375;[171, 0, 17, 255, 161, 76, 221, 16, 226, 0, 0, 205, 0, 0, 85, 0, 0, 123, 13, 89]
1552554216522;[171, 0, 17, 255, 161, 76, 221, 16, 228, 0, 0, 204, 0, 0, 80, 0, 0, 112, 14, 31]
1552554216524;[171, 0, 10, 255, 81, 17, 19, 3, 13, 11, 50, 83, 83]
1552554216525;[171, 0, 17, 255, 161, 76, 221, 16, 228, 0, 0, 206, 0, 0, 80, 0, 0, 117, 14, 62]
1552554216695;[171, 0, 10, 255, 81, 17, 19, 3, 13, 11, 55, 84, 84]
1552554216696;[171, 0, 17, 255, 161, 76, 221, 16, 228, 0, 0, 204, 0, 0, 82, 0, 0, 115, 14, 81]
1552554216867;[171, 0, 10, 255, 81, 17, 19, 3, 13, 12, 0, 83, 83]
1552554216868;[171, 0, 17, 255, 161, 76, 221, 16, 228, 0, 0, 207, 0, 0, 82, 0, 0, 116, 14, 94]
1552554217040;[171, 0, 4, 255, 132, 128, 59]
1552554217042;[171, 0, 10, 255, 81, 17, 19, 3, 13, 12, 5, 83, 83]
1552554217388;[171, 0, 17, 255, 161, 76, 221, 16, 228, 0, 0, 202, 0, 0, 84, 0, 0, 116, 14, 118]
1552554217391;[171, 0, 10, 255, 81, 17, 19, 3, 13, 12, 10, 81, 81]
1552554217394;[171, 0, 17, 255, 161, 76, 221, 16, 228, 0, 0, 207, 0, 0, 85, 0, 0, 116, 14, 116]
1552554217558;[171, 0, 10, 255, 81, 17, 19, 3, 13, 12, 15, 78, 78]
1552554217560;[171, 0, 17, 255, 161, 76, 221, 16, 228, 0, 0, 206, 0, 0, 84, 0, 0, 116, 14, 134]
1552554217908;[171, 0, 10, 255, 81, 17, 19, 3, 13, 12, 20, 77, 77]
1552554217908;[171, 0, 17, 255, 161, 76, 221, 16, 228, 0, 0, 203, 0, 0, 85, 0, 0, 116, 14, 163]
1552554217909;[171, 0, 10, 255, 81, 17, 19, 3, 13, 12, 25, 74, 74]
1552554218076;[171, 0, 17, 255, 161, 76, 221, 16, 229, 0, 0, 200, 0, 0, 85, 0, 0, 115, 14, 172]
1552554218078;[171, 0, 10, 255, 81, 17, 19, 3, 13, 12, 30, 73, 73]
1552554218254;[171, 0, 17, 255, 161, 76, 221, 16, 229, 0, 0, 202, 0, 0, 86, 0, 0, 113, 14, 178]
1552554218255;[171, 0, 10, 255, 81, 17, 19, 3, 13, 12, 35, 73, 73]
1552554218420;[171, 0, 17, 255, 161, 76, 221, 16, 229, 0, 0, 201, 0, 0, 85, 0, 0, 115, 14, 141]
1552554218774;[171, 0, 10, 255, 81, 17, 19, 3, 13, 12, 40, 73, 73]
1552554218774;[171, 0, 17, 255, 161, 76, 221, 16, 229, 0, 0, 206, 0, 0, 86, 0, 0, 110, 14, 101]
1552554218938;[171, 0, 10, 255, 81, 17, 19, 3, 13, 13, 50, 80, 80]
1552554218940;[171, 0, 17, 255, 161, 76, 221, 16, 230, 0, 0, 199, 0, 0, 80, 0, 0, 123, 13, 118]
1552554218941;[171, 0, 10, 255, 81, 17, 19, 3, 13, 14, 0, 71, 71]
1552554219109;[171, 0, 17, 255, 161, 76, 221, 16, 230, 0, 0, 202, 0, 0, 84, 0, 0, 123, 13, 152]
1552554219283;[171, 0, 10, 255, 81, 17, 19, 3, 13, 14, 5, 73, 73]
1552554219286;[171, 0, 17, 255, 161, 76, 221, 16, 230, 0, 0, 196, 0, 0, 84, 0, 0, 124, 13, 178]
1552554219628;[171, 0, 10, 255, 81, 17, 19, 3, 13, 14, 10, 77, 77]
1552554219630;[171, 0, 17, 255, 161, 76, 221, 16, 231, 0, 0, 200, 0, 0, 82, 0, 0, 126, 13, 194]
1552554219633;[171, 0, 10, 255, 81, 17, 19, 3, 13, 14, 15, 75, 75]
1552554219636;[171, 0, 17, 255, 161, 76, 221, 16, 231, 0, 0, 198, 0, 0, 80, 0, 0, 124, 13, 214]
1552554219824;[171, 0, 10, 255, 81, 17, 19, 3, 13, 14, 20, 79, 79]
1552554219973;[171, 0, 17, 255, 161, 76, 221, 16, 231, 0, 0, 198, 0, 0, 82, 0, 0, 126, 13, 218]
1552554219977;[171, 0, 10, 255, 81, 17, 19, 3, 13, 14, 25, 75, 75]
1552554220317;[171, 0, 17, 255, 161, 76, 221, 16, 231, 0, 0, 199, 0, 0, 82, 0, 0, 123, 13, 203]
1552554220318;[171, 0, 10, 255, 81, 17, 19, 3, 13, 14, 30, 78, 78]
1552554220321;[171, 0, 17, 255, 161, 76, 221, 16, 231, 0, 0, 201, 0, 0, 84, 0, 0, 126, 13, 192]
1552554220663;[171, 0, 10, 255, 81, 17, 19, 3, 13, 14, 35, 71, 71]
1552554220666;[171, 0, 17, 255, 161, 76, 221, 16, 231, 0, 0, 204, 0, 0, 82, 0, 0, 124, 13, 176]
1552554220667;[171, 0, 4, 255, 132, 128, 60]
1552554220669;[171, 0, 10, 255, 81, 17, 19, 3, 13, 14, 40, 70, 70]
1552554220835;[171, 0, 17, 255, 161, 76, 221, 16, 231, 0, 0, 198, 0, 0, 81, 0, 0, 126, 13, 152]
1552554221009;[171, 0, 10, 255, 81, 17, 19, 3, 13, 14, 45, 71, 71]
1552554221010;[171, 0, 17, 255, 161, 76, 221, 16, 231, 0, 0, 198, 0, 0, 81, 0, 0, 127, 13, 165]
1552554221180;[171, 0, 17, 255, 161, 76, 221, 16, 233, 0, 0, 204, 0, 0, 80, 0, 0, 126, 13, 35]
1552554221354;[171, 0, 10, 255, 81, 17, 19, 3, 13, 16, 0, 77, 77]
1552554221357;[171, 0, 17, 255, 161, 76, 221, 16, 233, 0, 0, 202, 0, 0, 82, 0, 0, 123, 13, 31]
1552554221541;[171, 0, 10, 255, 81, 17, 19, 3, 13, 16, 5, 71, 71]
1552554221702;[171, 0, 17, 255, 161, 76, 221, 16, 233, 0, 0, 199, 0, 0, 82, 0, 0, 124, 13, 22]
1552554221704;[171, 0, 10, 255, 81, 17, 19, 3, 13, 16, 10, 72, 72]
1552554221873;[171, 0, 17, 255, 161, 76, 221, 16, 233, 0, 0, 201, 0, 0, 82, 0, 0, 126, 13, 5]
1552554221875;[171, 0, 10, 255, 81, 17, 19, 3, 13, 16, 15, 79, 79]
1552554222047;[171, 0, 17, 255, 161, 76, 221, 16, 233, 0, 0, 207, 0, 0, 84, 0, 0, 125, 12, 254]
1552554222049;[171, 0, 4, 255, 132, 128, 60]
1552554222215;[171, 0, 10, 255, 81, 17, 19, 3, 13, 16, 20, 77, 77]
1552554222560;[171, 0, 17, 255, 161, 76, 221, 16, 233, 0, 0, 195, 0, 0, 85, 0, 0, 116, 12, 191]
1552554222563;[171, 0, 10, 255, 81, 17, 19, 3, 13, 16, 25, 61, 61]
1552554222564;[171, 0, 17, 255, 161, 76, 221, 16, 233, 0, 0, 206, 0, 0, 81, 0, 0, 109, 12, 166]
1552554222566;[171, 0, 10, 255, 81, 17, 19, 3, 13, 16, 30, 74, 74]
1552554222732;[171, 0, 17, 255, 161, 76, 221, 16, 233, 0, 0, 205, 0, 0, 84, 0, 0, 115, 12, 147]
1552554222734;[171, 0, 10, 255, 81, 17, 19, 3, 13, 16, 35, 71, 71]
1552554222905;[171, 0, 17, 255, 161, 76, 221, 16, 233, 0, 0, 207, 0, 0, 84, 0, 0, 109, 12, 128]
1552554223083;[171, 0, 10, 255, 81, 17, 19, 3, 13, 16, 40, 77, 77]
1552554223250;[171, 0, 17, 255, 161, 76, 221, 16, 234, 0, 0, 206, 0, 0, 82, 0, 0, 108, 12, 114]
1552554223252;[171, 0, 10, 255, 81, 17, 19, 3, 13, 16, 45, 76, 76]
1552554223255;[171, 0, 17, 255, 161, 76, 221, 16, 234, 0, 0, 202, 0, 0, 82, 0, 0, 104, 12, 91]
1552554223422;[171, 0, 10, 255, 81, 17, 19, 3, 13, 16, 50, 72, 72]
1552554223595;[171, 0, 17, 255, 161, 76, 221, 16, 234, 0, 0, 211, 0, 0, 82, 0, 0, 102, 12, 61]
1552554223769;[171, 0, 10, 255, 81, 17, 19, 3, 13, 18, 0, 74, 74]
1552554223770;[171, 0, 17, 255, 161, 76, 221, 16, 235, 0, 0, 202, 0, 0, 81, 0, 0, 123, 11, 42]
1552554223943;[171, 0, 10, 255, 81, 17, 19, 3, 13, 18, 5, 77, 77]
1552554223946;[171, 0, 17, 255, 161, 76, 221, 16, 235, 0, 0, 202, 0, 0, 84, 0, 0, 121, 11, 79]
1552554224115;[171, 0, 10, 255, 81, 17, 19, 3, 13, 18, 10, 78, 78]
1552554224287;[171, 0, 17, 255, 161, 76, 221, 16, 235, 0, 0, 206, 0, 0, 82, 0, 0, 123, 11, 107]
1552554224288;[171, 0, 10, 255, 81, 17, 19, 3, 14, 15, 55, 69, 69]
1552554224459;[171, 0, 17, 255, 161, 76, 221, 16, 235, 0, 0, 198, 0, 0, 81, 0, 0, 123, 11, 135]
1552554224463;[171, 0, 10, 255, 81, 17, 19, 3, 14, 16, 0, 66, 66]
1552554224633;[171, 0, 17, 255, 161, 76, 221, 16, 236, 0, 0, 201, 0, 0, 80, 0, 0, 123, 11, 165]
1552554224638;[171, 0, 10, 255, 81, 17, 19, 3, 14, 16, 5, 64, 64]
1552554224802;[171, 0, 17, 255, 161, 76, 221, 16, 236, 0, 0, 198, 0, 0, 79, 0, 0, 123, 11, 180]
1552554224975;[171, 0, 10, 255, 81, 17, 19, 3, 14, 16, 10, 67, 67]
1552554224978;[171, 0, 17, 255, 161, 76, 221, 16, 236, 0, 0, 202, 0, 0, 81, 0, 0, 123, 11, 205]
1552554225147;[171, 0, 10, 255, 81, 17, 19, 3, 14, 16, 15, 68, 68]
1552554225148;[171, 0, 17, 255, 161, 76, 221, 16, 236, 0, 0, 207, 0, 0, 80, 0, 0, 123, 11, 221]
1552554225321;[171, 0, 10, 255, 81, 17, 19, 3, 14, 16, 20, 75, 75]
1552554225665;[171, 0, 17, 255, 161, 76, 221, 16, 236, 0, 0, 209, 0, 0, 80, 0, 0, 120, 11, 251]
1552554225671;[171, 0, 10, 255, 81, 17, 19, 3, 14, 16, 25, 66, 66]
1552554225673;[171, 0, 17, 255, 161, 76, 221, 16, 236, 0, 0, 204, 0, 0, 80, 0, 0, 107, 11, 222]
1552554225675;[171, 0, 4, 255, 132, 128, 61]
1552554225842;[171, 0, 10, 255, 81, 17, 19, 3, 14, 16, 30, 68, 68]
1552554225844;[171, 0, 17, 255, 161, 76, 221, 16, 236, 0, 0, 211, 0, 0, 80, 0, 0, 101, 11, 172]
1552554226012;[171, 0, 10, 255, 81, 17, 19, 3, 14, 16, 35, 66, 66]
1552554226186;[171, 0, 17, 255, 161, 76, 221, 16, 236, 0, 0, 215, 0, 0, 79, 0, 0, 101, 11, 135]
1552554226359;[171, 0, 17, 255, 161, 76, 221, 16, 238, 0, 0, 198, 0, 0, 79, 0, 0, 125, 11, 242]
1552554226361;[171, 0, 22, 255, 81, 32, 19, 3, 7, 21, 0, 0, 23, 0, 0, 0, 0, 0, 0, 0]
1552554226527;[0, 0, 0, 0, 0, 0]
1552554226529;[171, 0, 17, 255, 161, 76, 221, 16, 238, 0, 0, 200, 0, 0, 79, 0, 0, 127, 11, 229]
1552554226699;[171, 0, 17, 255, 161, 76, 221, 16, 238, 0, 0, 199, 0, 0, 80, 0, 0, 123, 11, 231]
1552554226875;[171, 0, 22, 255, 81, 32, 19, 3, 7, 22, 0, 0, 23, 0, 0, 0, 0, 0, 0, 0]
1552554226878;[0, 0, 0, 0, 0, 0]
1552554227048;[171, 0, 17, 255, 161, 76, 221, 16, 238, 0, 0, 204, 0, 0, 80, 0, 0, 127, 12, 9]
1552554227049;[171, 0, 4, 255, 132, 128, 61]
1552554227220;[171, 0, 17, 255, 161, 76, 221, 16, 238, 0, 0, 210, 0, 0, 84, 0, 0, 126, 12, 20]
1552554227394;[171, 0, 22, 255, 81, 32, 19, 3, 8, 0, 0, 0, 177, 0, 0, 6, 0, 0, 0, 0]
1552554227395;[0, 0, 0, 0, 0, 0]
1552554227565;[171, 0, 17, 255, 161, 76, 221, 16, 238, 0, 0, 196, 0, 0, 79, 0, 0, 123, 12, 42]
1552554227735;[171, 0, 17, 255, 161, 76, 221, 16, 238, 0, 0, 206, 0, 0, 77, 0, 0, 123, 12, 57]
1552554227736;[171, 0, 22, 255, 81, 32, 19, 3, 8, 1, 0, 1, 74, 0, 0, 12, 0, 0, 0, 0]
1552554227737;[0, 0, 0, 0, 0, 0]
1552554227908;[171, 0, 17, 255, 161, 76, 221, 16, 238, 0, 0, 204, 0, 0, 81, 0, 0, 123, 12, 63]
1552554228081;[171, 0, 17, 255, 161, 76, 221, 16, 239, 0, 0, 200, 0, 0, 80, 0, 0, 127, 12, 61]
1552554228083;[171, 0, 22, 255, 81, 32, 19, 3, 8, 2, 0, 5, 123, 0, 0, 52, 0, 0, 0, 0]
1552554228253;[0, 0, 0, 0, 0, 0]
1552554228254;[171, 0, 17, 255, 161, 76, 221, 16, 239, 0, 0, 205, 0, 0, 80, 0, 0, 126, 12, 67]
1552554228599;[171, 0, 17, 255, 161, 76, 221, 16, 239, 0, 0, 204, 0, 0, 79, 0, 0, 123, 12, 61]
1552554228601;[171, 0, 22, 255, 81, 32, 19, 3, 8, 3, 0, 7, 103, 0, 0, 70, 0, 0, 0, 0]
1552554228603;[0, 0, 0, 0, 0, 0]
1552554228770;[171, 0, 17, 255, 161, 76, 221, 16, 240, 0, 0, 201, 0, 0, 80, 0, 0, 121, 13, 131]
1552554228945;[171, 0, 22, 255, 81, 32, 19, 3, 8, 10, 0, 7, 103, 0, 0, 70, 0, 0, 0, 0]
1552554228951;[0, 0, 0, 0, 0, 0]
1552554229115;[171, 0, 17, 255, 161, 76, 221, 16, 240, 0, 0, 202, 0, 0, 78, 0, 0, 121, 13, 138]
1552554229287;[171, 0, 17, 255, 161, 76, 221, 16, 240, 0, 0, 206, 0, 0, 80, 0, 0, 121, 13, 142]
1552554229464;[171, 0, 22, 255, 81, 32, 19, 3, 8, 11, 0, 7, 103, 0, 0, 70, 0, 0, 0, 0]
1552554229634;[0, 0, 0, 0, 0, 0]
1552554229982;[171, 0, 17, 255, 161, 76, 221, 16, 241, 0, 0, 200, 0, 0, 79, 0, 0, 123, 13, 164]
1552554229986;[171, 0, 17, 255, 161, 76, 221, 16, 241, 0, 0, 206, 0, 0, 79, 0, 0, 120, 13, 233]
1552554229988;[171, 0, 22, 255, 81, 32, 19, 3, 8, 12, 0, 7, 103, 0, 0, 70, 0, 0, 0, 0]
1552554229992;[0, 0, 0, 0, 0, 0]
1552554229995;[171, 0, 17, 255, 161, 76, 221, 16, 241, 0, 0, 202, 0, 0, 78, 0, 0, 118, 14, 7]
1552554229997;[171, 0, 17, 255, 161, 76, 221, 16, 241, 0, 0, 201, 0, 0, 81, 0, 0, 120, 14, 7]
1552554230152;[171, 0, 22, 255, 81, 32, 19, 3, 8, 13, 0, 7, 103, 0, 0, 70, 0, 0, 0, 0]
1552554230154;[0, 0, 0, 0, 0, 0]
1552554230325;[171, 0, 17, 255, 161, 76, 221, 16, 241, 0, 0, 212, 0, 0, 82, 0, 0, 123, 13, 242]
1552554230497;[171, 0, 17, 255, 161, 76, 221, 16, 241, 0, 0, 201, 0, 0, 80, 0, 0, 121, 13, 233]
1552554230500;[171, 0, 4, 255, 132, 128, 62]
1552554230674;[171, 0, 22, 255, 81, 32, 19, 3, 8, 14, 0, 7, 103, 0, 0, 70, 0, 0, 0, 0]
1552554230675;[0, 0, 0, 0, 0, 0]
1552554230842;[171, 0, 17, 255, 161, 76, 221, 16, 241, 0, 0, 204, 0, 0, 82, 0, 0, 123, 13, 250]
1552554230844;[171, 0, 17, 255, 161, 76, 221, 16, 241, 0, 0, 202, 0, 0, 80, 0, 0, 123, 14, 11]
1552554231015;[171, 0, 22, 255, 81, 32, 19, 3, 8, 15, 0, 7, 103, 0, 0, 70, 0, 0, 0, 0]
1552554231187;[0, 0, 0, 0, 0, 0]
1552554231392;[171, 0, 17, 255, 161, 76, 221, 16, 243, 0, 0, 202, 0, 0, 79, 0, 0, 118, 7, 246]
1552554231531;[171, 0, 17, 255, 161, 76, 221, 16, 243, 0, 0, 202, 0, 0, 79, 0, 0, 116, 8, 1]
1552554231532;[171, 0, 22, 255, 81, 32, 19, 3, 8, 23, 0, 16, 45, 0, 0, 153, 0, 0, 0, 0]
1552554231707;[0, 0, 0, 0, 0, 0]
1552554231878;[171, 0, 17, 255, 161, 76, 221, 16, 243, 0, 0, 206, 0, 0, 79, 0, 0, 116, 8, 29]
1552554231893;[171, 0, 17, 255, 161, 76, 221, 16, 243, 0, 0, 206, 0, 0, 78, 0, 0, 120, 8, 56]
1552554232050;[171, 0, 4, 255, 132, 128, 65]
1552554232222;[171, 0, 22, 255, 81, 32, 19, 3, 11, 2, 0, 0, 68, 0, 0, 2, 0, 0, 0, 0]
1552554232225;[0, 0, 0, 0, 0, 0]
1552554232393;[171, 0, 17, 255, 161, 76, 221, 16, 243, 0, 0, 207, 0, 0, 76, 0, 0, 120, 8, 70]
1552554232394;[171, 0, 17, 255, 161, 76, 221, 16, 243, 0, 0, 208, 0, 0, 79, 0, 0, 120, 8, 70]
1552554232565;[171, 0, 22, 255, 81, 32, 19, 3, 11, 3, 0, 7, 60, 0, 0, 68, 0, 0, 0, 0]
1552554232567;[0, 0, 0, 0, 0, 0]
1552554232738;[171, 0, 17, 255, 161, 76, 221, 16, 243, 0, 0, 206, 0, 0, 79, 0, 0, 120, 8, 42]
1552554232739;[171, 0, 17, 255, 161, 76, 221, 16, 243, 0, 0, 204, 0, 0, 80, 0, 0, 118, 8, 11]
1552554232909;[171, 0, 22, 255, 81, 32, 19, 3, 11, 4, 0, 7, 60, 0, 0, 68, 0, 0, 0, 0]
1552554233082;[0, 0, 0, 0, 0, 0]
1552554233084;[171, 0, 17, 255, 161, 76, 221, 16, 244, 0, 0, 204, 0, 0, 78, 0, 0, 117, 7, 238]
1552554233255;[171, 0, 17, 255, 161, 76, 221, 16, 244, 0, 0, 204, 0, 0, 79, 0, 0, 116, 7, 222]
1552554233256;[171, 0, 22, 255, 81, 32, 19, 3, 11, 5, 0, 7, 60, 0, 0, 68, 0, 0, 0, 0]
1552554233428;[0, 0, 0, 0, 0, 0]
1552554233430;[171, 0, 17, 255, 161, 76, 221, 16, 244, 0, 0, 202, 0, 0, 80, 0, 0, 116, 7, 163]
1552554233602;[171, 0, 17, 255, 161, 76, 221, 16, 244, 0, 0, 200, 0, 0, 80, 0, 0, 116, 7, 113]
1552554233773;[171, 0, 17, 255, 161, 76, 221, 16, 245, 0, 0, 202, 0, 0, 80, 0, 0, 118, 7, 95]
1552554233947;[171, 0, 22, 255, 81, 32, 19, 3, 11, 13, 0, 7, 60, 0, 0, 68, 0, 0, 0, 0]
1552554234119;[0, 0, 0, 0, 0, 0]
1552554234120;[171, 0, 17, 255, 161, 76, 221, 16, 245, 0, 0, 204, 0, 0, 80, 0, 0, 121, 7, 80]
1552554234290;[171, 0, 17, 255, 161, 76, 221, 16, 245, 0, 0, 207, 0, 0, 80, 0, 0, 115, 7, 79]
1552554234464;[171, 0, 22, 255, 81, 32, 19, 3, 11, 14, 0, 7, 60, 0, 0, 68, 0, 0, 0, 0]
1552554234465;[0, 0, 0, 0, 0, 0]
1552554234467;[171, 0, 17, 255, 161, 76, 221, 16, 246, 0, 0, 202, 0, 0, 79, 0, 0, 118, 7, 63]
1552554234636;[171, 0, 17, 255, 161, 76, 221, 16, 246, 0, 0, 209, 0, 0, 80, 0, 0, 120, 7, 35]
1552554234637;[171, 0, 22, 255, 81, 32, 19, 3, 11, 15, 0, 7, 127, 0, 0, 71, 0, 0, 0, 0]
1552554234980;[0, 0, 0, 0, 0, 0]
1552554234985;[171, 0, 17, 255, 161, 76, 221, 16, 246, 0, 0, 203, 0, 0, 81, 0, 0, 120, 7, 20]
1552554234990;[171, 0, 17, 255, 161, 76, 221, 16, 246, 0, 0, 207, 0, 0, 80, 0, 0, 116, 7, 37]
1552554235156;[171, 0, 22, 255, 81, 32, 19, 3, 11, 16, 0, 13, 88, 0, 0, 126, 0, 0, 0, 0]
1552554235160;[0, 0, 0, 0, 0, 0]
1552554235331;[171, 0, 17, 255, 161, 76, 221, 16, 246, 0, 0, 204, 0, 0, 79, 0, 0, 120, 7, 46]
1552554235332;[171, 0, 17, 255, 161, 76, 221, 16, 246, 0, 0, 204, 0, 0, 79, 0, 0, 118, 7, 46]
1552554235499;[171, 0, 4, 255, 132, 128, 65]
1552554235674;[171, 0, 22, 255, 81, 32, 19, 3, 12, 15, 0, 0, 60, 0, 0, 2, 0, 0, 0, 0]
1552554235846;[0, 0, 0, 0, 0, 0]
1552554235847;[171, 0, 17, 255, 161, 76, 221, 16, 246, 0, 0, 209, 0, 0, 78, 0, 0, 118, 7, 40]
1552554235848;[171, 0, 17, 255, 161, 76, 221, 16, 246, 0, 0, 204, 0, 0, 79, 0, 0, 116, 7, 34]
1552554236019;[171, 0, 22, 255, 81, 32, 19, 3, 12, 16, 0, 0, 60, 0, 0, 2, 0, 0, 0, 0]
1552554236186;[0, 0, 0, 0, 0, 0]
1552554236362;[171, 0, 17, 255, 161, 76, 221, 16, 248, 0, 0, 207, 0, 0, 81, 0, 0, 121, 4, 64]
1552554236532;[171, 0, 17, 255, 161, 76, 221, 16, 248, 0, 0, 204, 0, 0, 79, 0, 0, 121, 4, 53]
1552554236706;[171, 0, 22, 255, 81, 32, 19, 3, 13, 11, 0, 1, 169, 0, 0, 15, 0, 0, 0, 0]
1552554236707;[0, 0, 0, 0, 0, 0]
1552554236877;[171, 0, 17, 255, 161, 76, 221, 16, 248, 0, 0, 206, 0, 0, 79, 0, 0, 121, 4, 40]
1552554236881;[171, 0, 17, 255, 161, 76, 221, 16, 248, 0, 0, 206, 0, 0, 79, 0, 0, 116, 4, 9]
1552554237052;[171, 0, 4, 255, 132, 128, 65]
1552554237054;[171, 0, 22, 255, 81, 32, 19, 3, 13, 12, 0, 1, 217, 0, 0, 17, 0, 0, 0, 0]
1552554237221;[0, 0, 0, 0, 0, 0]
1552554237396;[171, 0, 17, 255, 161, 76, 221, 16, 248, 0, 0, 202, 0, 0, 80, 0, 0, 118, 4, 36]
1552554237399;[171, 0, 17, 255, 161, 76, 221, 16, 248, 0, 0, 206, 0, 0, 79, 0, 0, 116, 4, 46]
1552554237568;[171, 0, 22, 255, 81, 32, 19, 3, 13, 13, 0, 2, 122, 0, 0, 23, 0, 0, 0, 0]
1552554237568;[0, 0, 0, 0, 0, 0]
1552554237741;[171, 0, 17, 255, 161, 76, 221, 16, 248, 0, 0, 204, 0, 0, 79, 0, 0, 115, 4, 45]
1552554237755;[171, 0, 17, 255, 161, 76, 221, 16, 248, 0, 0, 207, 0, 0, 78, 0, 0, 120, 4, 42]
1552554237912;[171, 0, 22, 255, 81, 32, 19, 3, 13, 14, 0, 2, 198, 0, 0, 26, 0, 0, 0, 0]
1552554238257;[0, 0, 0, 0, 0, 0]
1552554238259;[171, 0, 17, 255, 161, 76, 221, 16, 249, 0, 0, 201, 0, 0, 79, 0, 0, 116, 4, 36]
1552554238260;[171, 0, 17, 255, 161, 76, 221, 16, 249, 0, 0, 205, 0, 0, 76, 0, 0, 116, 4, 19]
1552554238261;[171, 0, 22, 255, 81, 32, 19, 3, 13, 15, 0, 2, 198, 0, 0, 26, 0, 0, 0, 0]
1552554238432;[0, 0, 0, 0, 0, 0]
1552554238435;[171, 0, 17, 255, 161, 76, 221, 16, 249, 0, 0, 207, 0, 0, 76, 0, 0, 120, 4, 6]
1552554238602;[171, 0, 17, 255, 161, 76, 221, 16, 249, 0, 0, 201, 0, 0, 77, 0, 0, 116, 3, 252]
1552554238778;[171, 0, 17, 255, 161, 76, 221, 16, 250, 0, 0, 169, 1, 0, 4, 0, 0, 134, 16, 155]
1552554238951;[171, 0, 22, 255, 81, 32, 19, 3, 13, 23, 0, 3, 12, 0, 0, 28, 0, 0, 0, 0]
1552554238956;[0, 0, 0, 0, 0, 0]
1552554239124;[171, 0, 17, 255, 161, 76, 221, 16, 250, 0, 0, 220, 1, 0, 27, 0, 0, 173, 6, 109]
1552554239297;[171, 0, 17, 255, 161, 76, 221, 16, 250, 0, 0, 215, 1, 0, 55, 0, 0, 159, 5, 242]
1552554239299;[171, 0, 17, 255, 161, 76, 221, 16, 251, 0, 0, 207, 1, 0, 36, 0, 0, 120, 5, 242]
1552554239641;[171, 0, 17, 255, 161, 76, 221, 16, 251, 0, 0, 196, 1, 0, 33, 0, 0, 99, 6, 37]
1552554239643;[171, 0, 17, 255, 161, 76, 221, 16, 251, 0, 0, 241, 1, 0, 30, 0, 0, 99, 6, 128]
1552554239645;[171, 0, 17, 255, 161, 76, 221, 16, 251, 0, 0, 213, 0, 0, 6, 0, 0, 40, 7, 3]
1552554239648;[171, 0, 17, 255, 161, 76, 221, 16, 251, 0, 0, 219, 1, 0, 47, 0, 0, 16, 7, 107]
1552554239818;[171, 0, 17, 255, 161, 76, 221, 16, 251, 0, 0, 181, 1, 0, 110, 0, 0, 34, 7, 161]
1552554239983;[171, 0, 4, 255, 132, 128, 65]
1552554239983;[171, 0, 17, 255, 161, 76, 221, 16, 251, 0, 0, 170, 1, 0, 218, 0, 0, 26, 7, 241]
1552554240158;[171, 0, 17, 255, 161, 76, 221, 16, 251, 0, 0, 131, 1, 0, 244, 0, 0, 23, 8, 113]
1552554240159;[171, 0, 17, 255, 161, 76, 221, 16, 251, 0, 0, 160, 1, 0, 221, 1, 0, 11, 9, 30]
1552554240331;[171, 0, 17, 255, 161, 76, 221, 16, 251, 0, 0, 113, 1, 0, 174, 0, 0, 14, 9, 122]
1552554240333;[171, 0, 17, 255, 161, 76, 221, 17, 0, 0, 0, 139, 1, 0, 214, 0, 0, 12, 10, 21]
1552554240502;[171, 0, 17, 255, 161, 76, 221, 17, 0, 0, 0, 116, 1, 0, 183, 0, 0, 0, 10, 169]
1552554240675;[171, 0, 17, 255, 161, 76, 221, 17, 0, 0, 0, 131, 1, 0, 207, 0, 0, 6, 10, 148]
1552554240848;[171, 0, 17, 255, 161, 76, 221, 17, 0, 0, 0, 128, 1, 0, 212, 0, 0, 51, 10, 161]
1552554241194;[171, 0, 17, 255, 161, 76, 221, 17, 0, 0, 0, 141, 1, 0, 193, 0, 0, 82, 11, 21]
1552554241196;[171, 0, 17, 255, 161, 76, 221, 17, 0, 0, 0, 125, 1, 0, 249, 0, 0, 43, 11, 104]
1552554241199;[171, 0, 4, 255, 132, 128, 66]
1552554241202;[171, 0, 17, 255, 161, 76, 221, 17, 0, 0, 0, 101, 1, 0, 201, 0, 0, 81, 11, 123]
1552554241205;[171, 0, 17, 255, 161, 76, 221, 17, 0, 0, 0, 136, 1, 0, 208, 0, 0, 112, 11, 205]
1552554241365;[171, 0, 17, 255, 161, 76, 221, 17, 0, 0, 0, 141, 1, 0, 155, 0, 0, 132, 11, 241]
1552554241538;[171, 0, 17, 255, 161, 76, 221, 17, 0, 0, 1, 55, 1, 0, 176, 0, 0, 126, 11, 197]
1552554241578;[171, 0, 17, 255, 161, 76, 221, 17, 1, 0, 0, 154, 1, 0, 118, 0, 0, 127, 11, 159]
1552554241581;[171, 0, 17, 255, 161, 76, 221, 17, 1, 0, 0, 183, 1, 0, 128, 0, 0, 115, 11, 183]
1552554241710;[171, 0, 17, 255, 161, 76, 221, 17, 1, 0, 0, 179, 1, 0, 104, 0, 0, 115, 11, 216]
1552554241883;[171, 0, 17, 255, 161, 76, 221, 17, 1, 0, 0, 192, 1, 0, 93, 0, 0, 122, 11, 197]
1552554241886;[171, 0, 17, 255, 161, 76, 221, 17, 1, 0, 0, 191, 1, 0, 103, 0, 0, 119, 11, 135]
1552554242057;[171, 0, 17, 255, 161, 76, 221, 17, 1, 0, 0, 208, 1, 0, 100, 0, 0, 98, 11, 128]
1552554242060;[171, 0, 4, 255, 132, 128, 67]
1552554242228;[171, 0, 17, 255, 161, 76, 221, 17, 1, 0, 0, 215, 1, 0, 99, 0, 0, 89, 11, 241]
1552554242230;[171, 0, 17, 255, 161, 76, 221, 17, 1, 0, 0, 236, 1, 0, 82, 0, 0, 64, 12, 49]
1552554242401;[171, 0, 17, 255, 161, 76, 221, 17, 1, 0, 0, 225, 1, 0, 68, 0, 0, 53, 12, 50]
1552554242573;[171, 0, 17, 255, 161, 76, 221, 17, 1, 0, 0, 208, 1, 0, 51, 0, 0, 31, 12, 26]
1552554242575;[171, 0, 17, 255, 161, 76, 221, 17, 2, 0, 0, 236, 1, 0, 25, 0, 0, 24, 11, 202]
1552554242743;[171, 0, 17, 255, 161, 76, 221, 17, 2, 0, 0, 227, 1, 0, 20, 0, 0, 27, 11, 156]
1552554242743;[171, 0, 17, 255, 161, 76, 221, 17, 2, 0, 0, 241, 1, 0, 18, 0, 0, 1, 11, 206]
1552554242916;[171, 0, 17, 255, 161, 76, 221, 17, 2, 0, 0, 235, 1, 0, 17, 0, 0, 5, 11, 252]
1552554243096;[171, 0, 17, 255, 161, 76, 221, 17, 2, 0, 0, 246, 0, 0, 2, 1, 0, 19, 12, 17]
1552554243115;[171, 0, 17, 255, 161, 76, 221, 17, 2, 0, 0, 215, 0, 0, 2, 1, 0, 27, 12, 24]
1552554243259;[171, 0, 4, 255, 132, 128, 67]
1552554243432;[171, 0, 17, 255, 161, 76, 221, 17, 2, 0, 0, 239, 1, 0, 13, 1, 0, 19, 12, 30]
1552554243434;[171, 0, 17, 255, 161, 76, 221, 17, 2, 0, 0, 243, 1, 0, 2, 0, 0, 14, 11, 190]
1552554243437;[171, 0, 17, 255, 161, 76, 221, 17, 2, 0, 0, 241, 1, 0, 10, 0, 0, 12, 11, 43]
1552554243781;[171, 0, 17, 255, 161, 76, 221, 17, 2, 0, 0, 229, 1, 0, 14, 0, 0, 19, 10, 199]
1552554243785;[171, 0, 17, 255, 161, 76, 221, 17, 3, 0, 0, 253, 1, 0, 2, 1, 0, 38, 10, 165]
1552554243788;[171, 0, 17, 255, 161, 76, 221, 17, 3, 0, 0, 209, 1, 0, 5, 1, 0, 29, 10, 179]
1552554243952;[171, 0, 17, 255, 161, 76, 221, 17, 3, 0, 0, 240, 1, 0, 28, 1, 0, 48, 6, 108]
1552554244297;[171, 0, 17, 255, 161, 76, 221, 17, 3, 0, 0, 228, 1, 0, 54, 1, 0, 8, 3, 31]
1552554244304;[171, 0, 17, 255, 161, 76, 221, 17, 3, 0, 0, 241, 1, 0, 39, 1, 0, 29, 3, 251]
1552554244307;[171, 0, 17, 255, 161, 76, 221, 17, 3, 0, 0, 208, 1, 0, 41, 1, 0, 29, 3, 4]
1552554244310;[171, 0, 4, 255, 132, 128, 68]
1552554244469;[171, 0, 17, 255, 161, 76, 221, 17, 3, 0, 1, 9, 1, 0, 63, 1, 0, 60, 3, 12]
1552554244472;[171, 0, 17, 255, 161, 76, 221, 17, 3, 0, 0, 215, 1, 0, 65, 1, 0, 91, 2, 39]
1552554244644;[171, 0, 17, 255, 161, 76, 221, 17, 3, 0, 0, 187, 1, 0, 67, 1, 0, 63, 1, 224]
1552554244646;[171, 0, 17, 255, 161, 76, 221, 17, 3, 0, 0, 240, 1, 0, 124, 0, 0, 34, 1, 76]
1552554244812;[171, 0, 17, 255, 161, 76, 221, 17, 4, 0, 1, 1, 1, 0, 89, 0, 0, 81, 1, 7]
1552554244984;[171, 0, 17, 255, 161, 76, 221, 17, 4, 0, 0, 246, 1, 0, 73, 0, 0, 53, 1, 169]
1552554244990;[171, 0, 17, 255, 161, 76, 221, 17, 4, 0, 0, 188, 1, 0, 90, 0, 0, 88, 2, 115]
1552554245157;[171, 0, 17, 255, 161, 76, 221, 17, 4, 0, 0, 222, 1, 0, 72, 0, 0, 101, 3, 23]
1552554245330;[171, 0, 17, 255, 161, 76, 221, 17, 4, 0, 0, 217, 1, 0, 71, 0, 0, 106, 3, 101]
1552554245502;[171, 0, 17, 255, 161, 76, 221, 17, 4, 0, 0, 206, 1, 0, 71, 0, 0, 93, 3, 146]
1552554245675;[171, 0, 4, 255, 132, 128, 68]
1552554245686;[171, 0, 17, 255, 161, 76, 221, 17, 4, 0, 0, 217, 1, 0, 75, 0, 0, 47, 3, 247]
1552554245688;[171, 0, 17, 255, 161, 76, 221, 17, 4, 0, 0, 219, 1, 0, 74, 0, 0, 60, 4, 197]
1552554245688;[171, 0, 17, 255, 161, 76, 221, 17, 4, 0, 0, 200, 1, 0, 70, 0, 0, 53, 5, 196]
1552554245848;[171, 0, 17, 255, 161, 76, 221, 17, 4, 0, 0, 220, 1, 0, 59, 0, 0, 65, 7, 130]
1552554245849;[171, 0, 17, 255, 161, 76, 221, 17, 5, 0, 0, 220, 1, 0, 66, 0, 0, 68, 9, 44]
1552554246020;[171, 0, 17, 255, 161, 76, 221, 17, 5, 0, 0, 217, 1, 0, 71, 0, 0, 82, 10, 83]
1552554246192;[171, 0, 17, 255, 161, 76, 221, 17, 5, 0, 0, 223, 1, 0, 68, 0, 0, 78, 11, 110]
1552554246193;[171, 0, 17, 255, 161, 76, 221, 17, 5, 0, 0, 211, 1, 0, 76, 0, 0, 67, 12, 181]
1552554246365;[171, 0, 17, 255, 161, 76, 221, 17, 5, 0, 0, 243, 1, 0, 71, 0, 0, 62, 13, 232]
1552554246366;[171, 0, 17, 255, 161, 76, 221, 17, 5, 0, 0, 233, 1, 0, 85, 0, 0, 58, 14, 176]
1552554246538;[171, 0, 4, 255, 132, 128, 69]
1552554246539;[171, 0, 17, 255, 161, 76, 221, 17, 5, 0, 0, 216, 1, 0, 110, 0, 0, 28, 15, 30]
1552554246710;[171, 0, 17, 255, 161, 76, 221, 17, 5, 0, 0, 225, 1, 0, 68, 0, 0, 7, 15, 48]
1552554246883;[171, 0, 17, 255, 161, 76, 221, 17, 5, 0, 1, 43, 1, 0, 4, 1, 0, 25, 15, 48]
1552554246884;[171, 0, 17, 255, 161, 76, 221, 17, 5, 0, 0, 234, 1, 0, 68, 1, 0, 13, 15, 48]
1552554247056;[171, 0, 17, 255, 161, 76, 221, 17, 6, 0, 0, 231, 1, 0, 59, 1, 0, 2, 15, 48]
1552554247057;[171, 0, 17, 255, 161, 76, 221, 17, 6, 0, 0, 234, 1, 0, 62, 1, 0, 9, 8, 82]
1552554247228;[171, 0, 17, 255, 161, 76, 221, 17, 6, 0, 0, 220, 1, 0, 62, 1, 0, 9, 8, 82]
1552554247228;[171, 0, 17, 255, 161, 76, 221, 17, 6, 0, 0, 240, 1, 0, 70, 0, 0, 24, 8, 82]
1552554247399;[171, 0, 17, 255, 161, 76, 221, 17, 6, 0, 0, 244, 1, 0, 65, 0, 0, 26, 8, 82]
1552554247572;[171, 0, 17, 255, 161, 76, 221, 17, 6, 0, 0, 237, 1, 0, 65, 0, 0, 32, 8, 82]
1552554247573;[171, 0, 4, 255, 132, 128, 69]
1552554247745;[171, 0, 17, 255, 161, 76, 221, 17, 6, 0, 0, 240, 1, 0, 55, 0, 0, 32, 8, 82]
1552554247919;[171, 0, 17, 255, 161, 76, 221, 17, 6, 0, 0, 240, 1, 0, 61, 0, 0, 30, 8, 82]
1552554247920;[171, 0, 17, 255, 161, 76, 221, 17, 6, 0, 0, 222, 1, 0, 70, 0, 0, 27, 8, 82]
1552554248090;[171, 0, 17, 255, 161, 76, 221, 17, 6, 0, 0, 223, 1, 0, 69, 0, 0, 28, 8, 82]
1552554248091;[171, 0, 17, 255, 161, 76, 221, 17, 7, 0, 0, 232, 1, 0, 68, 0, 0, 42, 8, 82]
1552554248274;[171, 0, 17, 255, 161, 76, 221, 17, 7, 0, 0, 230, 1, 0, 70, 0, 0, 43, 8, 82]
1552554248275;[171, 0, 17, 255, 161, 76, 221, 17, 7, 0, 0, 229, 1, 0, 68, 0, 0, 45, 10, 199]
1552554248436;[171, 0, 17, 255, 161, 76, 221, 17, 7, 0, 0, 227, 1, 0, 68, 0, 0, 44, 8, 172]
1552554248437;[171, 0, 17, 255, 161, 76, 221, 17, 7, 0, 0, 227, 1, 0, 68, 0, 0, 45, 7, 109]
1552554248607;[171, 0, 17, 255, 161, 76, 221, 17, 7, 0, 0, 194, 1, 0, 69, 0, 0, 45, 8, 117]
1552554248780;[171, 0, 4, 255, 132, 128, 70]
1552554248781;[171, 0, 17, 255, 161, 76, 221, 17, 7, 0, 0, 226, 1, 0, 70, 0, 0, 45, 8, 37]
1552554248952;[171, 0, 17, 255, 161, 76, 221, 17, 7, 0, 0, 221, 1, 0, 74, 0, 0, 48, 9, 242]
1552554248953;[171, 0, 17, 255, 161, 76, 221, 17, 7, 0, 0, 229, 1, 0, 69, 0, 0, 48, 10, 2]
1552554249125;[171, 0, 17, 255, 161, 76, 221, 17, 7, 0, 0, 228, 1, 0, 70, 0, 0, 53, 10, 98]
1552554249126;[171, 0, 17, 255, 161, 76, 221, 17, 8, 0, 0, 219, 1, 0, 68, 0, 0, 53, 11, 172]
1552554249301;[171, 0, 17, 255, 161, 76, 221, 17, 8, 0, 0, 220, 1, 0, 62, 0, 0, 62, 4, 117]
1552554249473;[171, 0, 17, 255, 161, 76, 221, 17, 8, 0, 0, 227, 1, 0, 78, 0, 0, 45, 4, 117]
1552554249475;[171, 0, 17, 255, 161, 76, 221, 17, 8, 0, 0, 234, 1, 0, 101, 0, 0, 84, 4, 117]
1552554249818;[171, 0, 17, 255, 161, 76, 221, 17, 8, 0, 0, 211, 1, 0, 73, 0, 0, 66, 4, 117]
1552554249821;[171, 0, 17, 255, 161, 76, 221, 17, 8, 0, 0, 215, 1, 0, 87, 0, 0, 67, 4, 117]
1552554249823;[171, 0, 4, 255, 132, 128, 70]
1552554250335;[171, 0, 17, 255, 161, 76, 221, 17, 8, 0, 0, 219, 1, 0, 74, 0, 0, 90, 4, 117]
1552554250340;[171, 0, 17, 255, 161, 76, 221, 17, 8, 0, 0, 154, 1, 0, 33, 0, 0, 91, 4, 117]
1552554250343;[171, 0, 17, 255, 161, 76, 221, 17, 8, 0, 0, 207, 1, 0, 76, 0, 0, 92, 4, 117]
1552554250346;[171, 0, 17, 255, 161, 76, 221, 17, 8, 0, 0, 224, 1, 0, 38, 0, 0, 61, 4, 160]
1552554250349;[171, 0, 17, 255, 161, 76, 221, 17, 9, 0, 0, 218, 1, 0, 92, 0, 0, 112, 5, 99]
1552554250352;[171, 0, 17, 255, 161, 76, 221, 17, 9, 0, 0, 217, 1, 0, 74, 0, 0, 77, 6, 193]
1552554250507;[171, 0, 17, 255, 161, 76, 221, 17, 9, 0, 0, 200, 1, 0, 77, 0, 0, 94, 6, 193]
1552554250680;[171, 0, 17, 255, 161, 76, 221, 17, 9, 0, 0, 213, 1, 0, 72, 0, 0, 114, 6, 193]
1552554250683;[171, 0, 17, 255, 161, 76, 221, 17, 9, 0, 0, 189, 1, 0, 80, 0, 0, 123, 6, 193]
1552554250853;[171, 0, 17, 255, 161, 76, 221, 17, 9, 0, 0, 193, 1, 0, 86, 0, 0, 123, 6, 193]
1552554250855;[171, 0, 4, 255, 132, 128, 71]
1552554251025;[171, 0, 17, 255, 161, 76, 221, 17, 9, 0, 0, 183, 1, 0, 59, 0, 0, 154, 6, 193]
1552554251198;[171, 0, 17, 255, 161, 76, 221, 17, 9, 0, 0, 156, 1, 0, 140, 0, 0, 160, 6, 193]
1552554251202;[171, 0, 17, 255, 161, 76, 221, 17, 9, 0, 0, 144, 1, 0, 75, 0, 0, 232, 6, 193]
1552554251391;[171, 0, 17, 255, 161, 76, 221, 17, 9, 0, 0, 114, 1, 0, 71, 0, 0, 251, 6, 193]
1552554251393;[171, 0, 17, 255, 161, 76, 221, 17, 10, 0, 0, 84, 1, 0, 60, 0, 1, 3, 6, 193]
1552554251543;[171, 0, 17, 255, 161, 76, 221, 17, 10, 0, 0, 110, 1, 0, 40, 0, 0, 241, 6, 54]
1552554251545;[171, 0, 17, 255, 161, 76, 221, 17, 10, 0, 0, 116, 1, 0, 27, 0, 0, 216, 5, 126]
1552554251715;[171, 0, 17, 255, 161, 76, 221, 17, 10, 0, 0, 106, 0, 0, 9, 0, 0, 237, 5, 19]
1552554251887;[171, 0, 17, 255, 161, 76, 221, 17, 10, 0, 0, 91, 0, 0, 35, 0, 0, 212, 5, 1]
1552554251890;[171, 0, 17, 255, 161, 76, 221, 17, 10, 0, 0, 116, 0, 0, 69, 0, 0, 184, 6, 245]
1552554252060;[171, 0, 4, 255, 132, 128, 74]
1552554252062;[171, 0, 17, 255, 161, 76, 221, 17, 10, 0, 0, 159, 0, 0, 25, 0, 0, 177, 5, 8]
1552554252233;[171, 0, 17, 255, 161, 76, 221, 17, 10, 0, 0, 175, 1, 0, 15, 0, 0, 201, 2, 127]
1552554252405;[171, 0, 17, 255, 161, 76, 221, 17, 10, 0, 0, 159, 1, 0, 14, 0, 0, 201, 0, 202]
1552554252408;[171, 0, 17, 255, 161, 76, 221, 17, 10, 0, 0, 158, 1, 0, 3, 0, 0, 191, 16, 163]
1552554252578;[171, 0, 17, 255, 161, 76, 221, 17, 11, 0, 0, 144, 0, 0, 5, 0, 0, 211, 9, 112]
1552554252581;[171, 0, 17, 255, 161, 76, 221, 17, 11, 0, 0, 147, 1, 0, 5, 0, 0, 219, 10, 152]
1552554252749;[171, 0, 17, 255, 161, 76, 221, 17, 11, 0, 0, 146, 1, 0, 8, 0, 0, 210, 11, 62]
1552554252752;[171, 0, 17, 255, 161, 76, 221, 17, 11, 0, 0, 156, 1, 0, 14, 0, 0, 213, 10, 145]
1552554252922;[171, 0, 17, 255, 161, 76, 221, 17, 11, 0, 0, 153, 0, 0, 12, 0, 0, 207, 8, 203]
1552554253095;[171, 0, 17, 255, 161, 76, 221, 17, 11, 0, 0, 164, 0, 0, 40, 0, 0, 202, 7, 6]
1552554253097;[171, 0, 4, 255, 132, 128, 76]
1552554253268;[171, 0, 17, 255, 161, 76, 221, 17, 11, 0, 0, 176, 0, 0, 28, 0, 0, 162, 5, 219]
1552554253271;[171, 0, 17, 255, 161, 76, 221, 17, 11, 0, 0, 184, 1, 0, 5, 0, 0, 124, 4, 187]
1552554253440;[171, 0, 17, 255, 161, 76, 221, 17, 11, 0, 0, 199, 0, 0, 19, 0, 0, 126, 4, 187]
1552554253443;[171, 0, 17, 255, 161, 76, 221, 17, 11, 0, 0, 238, 0, 0, 32, 0, 0, 100, 4, 187]
1552554253612;[171, 0, 17, 255, 161, 76, 221, 17, 12, 0, 0, 214, 0, 0, 38, 0, 0, 103, 4, 176]
1552554253785;[171, 0, 17, 255, 161, 76, 221, 17, 12, 0, 0, 193, 0, 0, 21, 0, 0, 49, 4, 232]
1552554253787;[171, 0, 17, 255, 161, 76, 221, 17, 12, 0, 1, 1, 1, 0, 27, 0, 0, 77, 4, 200]
1552554253957;[171, 0, 17, 255, 161, 76, 221, 17, 12, 0, 0, 242, 1, 0, 3, 0, 0, 100, 5, 43]
1552554253960;[171, 0, 17, 255, 161, 76, 221, 17, 12, 0, 0, 235, 1, 0, 43, 0, 0, 116, 4, 249]
1552554254130;[171, 0, 17, 255, 161, 76, 221, 17, 12, 0, 0, 244, 1, 0, 40, 0, 0, 94, 4, 124]
1552554254132;[171, 0, 4, 255, 132, 128, 78]
1552554254303;[171, 0, 17, 255, 161, 76, 221, 17, 12, 0, 1, 48, 0, 0, 65, 0, 0, 75, 3, 235]
1552554254475;[171, 0, 17, 255, 161, 76, 221, 17, 12, 0, 0, 245, 1, 0, 71, 0, 0, 15, 4, 217]
1552554254647;[171, 0, 17, 255, 161, 76, 221, 17, 12, 0, 0, 204, 1, 0, 70, 0, 0, 63, 5, 95]
1552554254651;[171, 0, 17, 255, 161, 76, 221, 17, 12, 0, 0, 231, 1, 0, 79, 0, 0, 54, 6, 181]
1552554254654;[171, 0, 17, 255, 161, 76, 221, 17, 13, 0, 0, 170, 1, 0, 57, 0, 0, 84, 4, 234]
1552554254820;[171, 0, 17, 255, 161, 76, 221, 17, 13, 0, 0, 193, 1, 0, 70, 0, 0, 158, 4, 234]
1552554255166;[171, 0, 17, 255, 161, 76, 221, 17, 13, 0, 0, 250, 1, 0, 86, 0, 0, 39, 4, 234]
1552554255168;[171, 0, 17, 255, 161, 76, 221, 17, 13, 0, 0, 216, 1, 0, 112, 0, 0, 128, 4, 234]
1552554255171;[171, 0, 17, 255, 161, 76, 221, 17, 13, 0, 0, 211, 1, 0, 124, 0, 0, 126, 4, 234]
1552554255174;[171, 0, 17, 255, 161, 76, 221, 17, 13, 0, 0, 192, 1, 0, 122, 0, 0, 159, 4, 234]
1552554255338;[171, 0, 4, 255, 132, 128, 78]
1552554255340;[171, 0, 17, 255, 161, 76, 221, 17, 13, 0, 0, 89, 1, 0, 82, 0, 0, 181, 4, 234]
1552554255510;[171, 0, 17, 255, 161, 76, 221, 17, 13, 0, 0, 137, 1, 0, 97, 0, 0, 207, 4, 234]
1552554255855;[171, 0, 17, 255, 161, 76, 221, 17, 13, 0, 0, 187, 1, 0, 128, 0, 0, 215, 4, 234]
1552554255857;[171, 0, 17, 255, 161, 76, 221, 17, 13, 0, 0, 143, 1, 0, 79, 0, 0, 207, 4, 234]
1552554255861;[171, 0, 17, 255, 161, 76, 221, 17, 14, 0, 0, 127, 1, 0, 94, 0, 0, 182, 4, 234]
1552554255863;[171, 0, 17, 255, 161, 76, 221, 17, 14, 0, 1, 31, 1, 0, 180, 0, 0, 211, 4, 234]
1552554256027;[171, 0, 17, 255, 161, 76, 221, 17, 14, 0, 0, 158, 1, 0, 99, 0, 0, 184, 4, 234]
1552554256030;[171, 0, 17, 255, 161, 76, 221, 17, 14, 0, 0, 147, 1, 0, 100, 0, 0, 150, 11, 29]
1552554256200;[171, 0, 17, 255, 161, 76, 221, 17, 14, 0, 0, 175, 1, 0, 85, 0, 0, 173, 10, 32]
1552554256372;[171, 0, 17, 255, 161, 76, 221, 17, 14, 0, 0, 149, 1, 0, 87, 0, 0, 163, 10, 149]
1552554256375;[171, 0, 4, 255, 132, 128, 77]
1552554256545;[171, 0, 17, 255, 161, 76, 221, 17, 14, 0, 0, 177, 1, 0, 85, 0, 0, 170, 10, 218]
1552554256548;[171, 0, 17, 255, 161, 76, 221, 17, 14, 0, 0, 173, 1, 0, 89, 0, 0, 170, 8, 56]
1552554256718;[171, 0, 17, 255, 161, 76, 221, 17, 14, 0, 0, 187, 1, 0, 68, 0, 0, 153, 8, 56]
1552554256890;[171, 0, 17, 255, 161, 76, 221, 17, 14, 0, 0, 225, 1, 0, 106, 0, 0, 113, 8, 56]
1552554256893;[171, 0, 17, 255, 161, 76, 221, 17, 15, 0, 1, 27, 1, 0, 154, 0, 0, 88, 8, 56]
1552554257063;[171, 0, 17, 255, 161, 76, 221, 17, 15, 0, 0, 187, 1, 0, 55, 0, 0, 97, 8, 56]
1552554257065;[171, 0, 17, 255, 161, 76, 221, 17, 15, 0, 0, 178, 1, 0, 52, 0, 0, 27, 8, 56]
1552554257235;[171, 0, 17, 255, 161, 76, 221, 17, 15, 0, 0, 242, 1, 0, 48, 0, 0, 61, 8, 56]
1552554257237;[171, 0, 17, 255, 161, 76, 221, 17, 15, 0, 0, 208, 1, 0, 36, 0, 0, 90, 8, 56]
1552554257408;[171, 0, 17, 255, 161, 76, 221, 17, 15, 0, 0, 217, 1, 0, 28, 0, 0, 92, 8, 56]
1552554257579;[171, 0, 4, 255, 132, 128, 78]
1552554257582;[171, 0, 17, 255, 161, 76, 221, 17, 15, 0, 0, 223, 1, 0, 41, 0, 0, 103, 8, 56]
1552554257752;[171, 0, 17, 255, 161, 76, 221, 17, 15, 0, 0, 212, 1, 0, 40, 0, 0, 101, 8, 56]
1552554257755;[171, 0, 17, 255, 161, 76, 221, 17, 15, 0, 0, 215, 1, 0, 44, 0, 0, 108, 8, 56]
1552554257925;[171, 0, 17, 255, 161, 76, 221, 17, 15, 0, 0, 212, 1, 0, 47, 0, 0, 109, 8, 56]
1552554257927;[171, 0, 17, 255, 161, 76, 221, 17, 16, 0, 0, 220, 1, 0, 51, 0, 0, 108, 8, 56]
1552554258097;[171, 0, 17, 255, 161, 76, 221, 17, 16, 0, 0, 202, 1, 0, 56, 0, 0, 115, 8, 56]
1552554258270;[171, 0, 17, 255, 161, 76, 221, 17, 16, 0, 0, 208, 1, 0, 72, 0, 0, 132, 8, 56]
1552554258272;[171, 0, 17, 255, 161, 76, 221, 17, 16, 0, 0, 202, 1, 0, 70, 0, 0, 142, 8, 56]
1552554258443;[171, 0, 17, 255, 161, 76, 221, 17, 16, 0, 0, 209, 1, 0, 64, 0, 0, 135, 8, 56]
1552554258446;[171, 0, 17, 255, 161, 76, 221, 17, 16, 0, 0, 208, 1, 0, 66, 0, 0, 120, 8, 56]
1552554258614;[171, 0, 4, 255, 132, 128, 78]
1552554258788;[171, 0, 17, 255, 161, 76, 221, 17, 16, 0, 0, 199, 1, 0, 55, 0, 0, 129, 8, 56]
1552554258790;[171, 0, 17, 255, 161, 76, 221, 17, 16, 0, 0, 183, 1, 0, 53, 0, 0, 123, 8, 56]
1552554259130;[171, 0, 17, 255, 161, 76, 221, 17, 16, 0, 0, 127, 1, 0, 61, 0, 0, 164, 8, 56]
1552554259131;[171, 0, 17, 255, 161, 76, 221, 17, 16, 0, 0, 173, 1, 0, 56, 0, 0, 189, 8, 56]
1552554259132;[171, 0, 17, 255, 161, 76, 221, 17, 17, 0, 0, 156, 1, 0, 56, 0, 0, 180, 6, 97]
1552554259133;[171, 0, 17, 255, 161, 76, 221, 17, 17, 0, 0, 179, 1, 0, 52, 0, 0, 190, 4, 223]
1552554259304;[171, 0, 17, 255, 161, 76, 221, 17, 17, 0, 0, 158, 1, 0, 60, 0, 0, 174, 3, 230]
1552554259478;[171, 0, 17, 255, 161, 76, 221, 17, 17, 0, 0, 157, 1, 0, 56, 0, 0, 182, 3, 51]
1552554259480;[171, 0, 17, 255, 161, 76, 221, 17, 17, 0, 0, 152, 1, 0, 53, 0, 0, 190, 2, 182]
1552554259650;[171, 0, 17, 255, 161, 76, 221, 17, 19, 0, 0, 236, 1, 0, 31, 0, 0, 79, 13, 94]
1552554259822;[171, 0, 17, 255, 161, 76, 221, 17, 19, 0, 0, 231, 1, 0, 27, 0, 0, 68, 13, 94]
1552554259995;[171, 0, 17, 255, 161, 76, 221, 17, 19, 0, 0, 234, 1, 0, 34, 0, 0, 71, 13, 94]
1552554259998;[171, 0, 17, 255, 161, 76, 221, 17, 19, 0, 0, 233, 1, 0, 32, 0, 0, 70, 13, 94]
1552554260167;[171, 0, 17, 255, 161, 76, 221, 17, 20, 0, 0, 230, 1, 0, 29, 0, 0, 67, 13, 94]
1552554260341;[171, 0, 17, 255, 161, 76, 221, 17, 20, 0, 0, 228, 1, 0, 34, 0, 0, 68, 13, 94]
1552554260343;[171, 0, 17, 255, 161, 76, 221, 17, 20, 0, 0, 225, 1, 0, 31, 0, 0, 63, 31, 255]
1552554260512;[171, 0, 17, 255, 161, 76, 221, 17, 20, 0, 0, 230, 1, 0, 32, 0, 0, 71, 12, 88]
1552554260686;[171, 0, 17, 255, 161, 76, 221, 17, 20, 0, 0, 247, 1, 0, 33, 0, 0, 58, 12, 88]
1552554260688;[171, 0, 17, 255, 161, 76, 221, 17, 20, 0, 0, 235, 1, 0, 35, 0, 0, 53, 12, 88]
1552554260857;[171, 0, 4, 255, 132, 128, 83]
1552554260861;[171, 0, 17, 255, 161, 76, 221, 17, 20, 0, 0, 212, 1, 0, 46, 0, 0, 30, 12, 88]
1552554261030;[171, 0, 17, 255, 161, 76, 221, 17, 20, 0, 0, 242, 1, 0, 36, 1, 0, 11, 12, 88]
1552554261032;[171, 0, 17, 255, 161, 76, 221, 17, 20, 0, 0, 230, 1, 0, 30, 1, 0, 19, 12, 232]
1552554261202;[171, 0, 17, 255, 161, 76, 221, 17, 20, 0, 0, 212, 1, 0, 33, 1, 0, 14, 10, 251]
1552554261375;[171, 0, 17, 255, 161, 76, 221, 17, 21, 0, 0, 221, 1, 0, 35, 1, 0, 10, 9, 152]
1552554261378;[171, 0, 17, 255, 161, 76, 221, 17, 21, 0, 0, 229, 1, 0, 65, 0, 0, 19, 9, 91]
1552554261548;[171, 0, 17, 255, 161, 76, 221, 17, 21, 0, 0, 238, 1, 0, 72, 0, 0, 39, 9, 82]
1552554261551;[171, 0, 17, 255, 161, 76, 221, 17, 21, 0, 0, 216, 1, 0, 65, 0, 0, 57, 9, 130]
1552554261719;[171, 0, 17, 255, 161, 76, 221, 17, 21, 0, 0, 227, 1, 0, 62, 0, 0, 69, 9, 129]
1552554261893;[171, 0, 17, 255, 161, 76, 221, 17, 21, 0, 0, 198, 1, 0, 47, 0, 0, 54, 9, 35]
1552554261895;[171, 0, 4, 255, 132, 128, 84]
1552554262065;[171, 0, 17, 255, 161, 76, 221, 17, 21, 0, 0, 200, 1, 0, 92, 0, 0, 47, 9, 68]
1552554262068;[171, 0, 17, 255, 161, 76, 221, 17, 21, 0, 0, 223, 1, 0, 62, 0, 0, 47, 8, 248]
1552554262238;[171, 0, 17, 255, 161, 76, 221, 17, 21, 0, 0, 208, 1, 0, 90, 0, 0, 74, 7, 155]
1552554262410;[171, 0, 17, 255, 161, 76, 221, 17, 21, 0, 0, 211, 1, 0, 71, 0, 0, 131, 3, 111]
1552554262413;[171, 0, 17, 255, 161, 76, 221, 17, 22, 0, 0, 211, 1, 0, 53, 0, 0, 129, 4, 130]
1552554262583;[171, 0, 17, 255, 161, 76, 221, 17, 22, 0, 0, 212, 1, 0, 62, 0, 0, 120, 16, 0]
1552554262585;[171, 0, 17, 255, 161, 76, 221, 17, 22, 0, 0, 236, 1, 0, 64, 0, 0, 108, 6, 146]
1552554262755;[171, 0, 17, 255, 161, 76, 221, 17, 22, 0, 0, 213, 1, 0, 67, 0, 0, 94, 4, 85]
1552554262758;[171, 0, 17, 255, 161, 76, 221, 17, 22, 0, 0, 152, 1, 0, 95, 0, 0, 151, 4, 60]
1552554262928;[171, 0, 17, 255, 161, 76, 221, 17, 22, 0, 0, 227, 1, 0, 67, 0, 0, 85, 2, 219]
1552554262930;[171, 0, 4, 255, 132, 128, 84]
1552554263100;[171, 0, 17, 255, 161, 76, 221, 17, 22, 0, 0, 202, 1, 0, 47, 0, 0, 86, 1, 240]
1552554263272;[171, 0, 17, 255, 161, 76, 221, 17, 22, 0, 0, 225, 1, 0, 66, 0, 0, 118, 1, 148]
1552554263275;[171, 0, 17, 255, 161, 76, 221, 17, 22, 0, 0, 212, 1, 0, 66, 0, 0, 108, 3, 48]
1552554263445;[171, 0, 17, 255, 161, 76, 221, 17, 22, 0, 0, 213, 1, 0, 68, 0, 0, 120, 5, 76]
1552554263447;[171, 0, 17, 255, 161, 76, 221, 17, 23, 0, 0, 211, 1, 0, 59, 0, 0, 99, 6, 17]
1552554263617;[171, 0, 17, 255, 161, 76, 221, 17, 23, 0, 0, 205, 1, 0, 68, 0, 0, 160, 6, 17]
1552554263791;[171, 0, 17, 255, 161, 76, 221, 17, 23, 0, 0, 206, 1, 0, 143, 0, 0, 129, 6, 17]
1552554263793;[171, 0, 17, 255, 161, 76, 221, 17, 23, 0, 0, 200, 1, 0, 44, 0, 0, 157, 6, 17]
1552554263962;[171, 0, 17, 255, 161, 76, 221, 17, 23, 0, 0, 167, 1, 0, 42, 0, 0, 160, 6, 17]
1552554263965;[171, 0, 17, 255, 161, 76, 221, 17, 23, 0, 0, 171, 1, 0, 82, 0, 0, 174, 6, 17]
1552554264137;[171, 0, 4, 255, 132, 128, 84]
1552554264139;[171, 0, 17, 255, 161, 76, 221, 17, 23, 0, 0, 178, 1, 0, 49, 0, 0, 164, 6, 17]
1552554264308;[171, 0, 17, 255, 161, 76, 221, 17, 23, 0, 0, 178, 1, 0, 42, 0, 0, 165, 6, 17]
1552554264480;[171, 0, 17, 255, 161, 76, 221, 17, 23, 0, 0, 131, 1, 0, 30, 0, 0, 219, 6, 17]
1552554264483;[171, 0, 17, 255, 161, 76, 221, 17, 23, 0, 0, 139, 1, 0, 17, 0, 0, 236, 6, 17]
1552554264653;[171, 0, 17, 255, 161, 76, 221, 17, 24, 0, 0, 43, 1, 0, 1, 0, 0, 254, 6, 17]
1552554264656;[171, 0, 17, 255, 161, 76, 221, 17, 24, 0, 0, 7, 1, 0, 55, 0, 1, 17, 6, 17]
1552554264825;[171, 0, 17, 255, 161, 76, 221, 17, 24, 0, 0, 26, 1, 0, 59, 0, 1, 16, 6, 17]
1552554264828;[171, 0, 17, 255, 161, 76, 221, 17, 24, 1, 0, 117, 1, 0, 226, 0, 0, 132, 6, 17]
1552554264997;[171, 0, 17, 255, 161, 76, 221, 17, 24, 0, 1, 28, 0, 0, 84, 0, 0, 34, 6, 17]
1552554265170;[171, 0, 17, 255, 161, 76, 221, 17, 24, 1, 2, 8, 1, 0, 228, 1, 0, 27, 6, 17]
1552554265172;[171, 0, 4, 255, 132, 128, 78]
1552554265342;[171, 0, 17, 255, 161, 76, 221, 17, 24, 1, 0, 80, 1, 0, 157, 0, 0, 132, 6, 17]
1552554265345;[171, 0, 17, 255, 161, 76, 221, 17, 24, 0, 0, 110, 1, 0, 192, 0, 0, 46, 6, 17]
1552554265515;[171, 0, 17, 255, 161, 76, 221, 17, 24, 1, 0, 149, 1, 0, 227, 1, 0, 81, 6, 17]
1552554265687;[171, 0, 17, 255, 161, 76, 221, 17, 24, 1, 0, 140, 1, 0, 193, 1, 0, 94, 6, 17]
1552554265690;[171, 0, 17, 255, 161, 76, 221, 17, 25, 1, 0, 98, 1, 0, 222, 1, 0, 72, 6, 17]
1552554265861;[171, 0, 17, 255, 161, 76, 221, 17, 25, 1, 0, 55, 1, 1, 3, 1, 0, 69, 6, 17]
1552554265863;[171, 0, 17, 255, 161, 76, 221, 17, 25, 1, 0, 62, 1, 1, 72, 1, 0, 2, 6, 17]
1552554266033;[171, 0, 17, 255, 161, 76, 221, 17, 25, 1, 0, 65, 1, 0, 242, 1, 0, 51, 6, 17]
1552554266036;[171, 0, 17, 255, 161, 76, 221, 17, 25, 1, 0, 29, 1, 0, 219, 1, 0, 70, 6, 17]
1552554266204;[171, 0, 17, 255, 161, 76, 221, 17, 25, 1, 0, 53, 1, 0, 245, 1, 0, 111, 6, 17]
1552554266376;[171, 0, 4, 255, 132, 128, 73]
1552554266379;[171, 0, 17, 255, 161, 76, 221, 17, 25, 1, 0, 71, 1, 0, 224, 1, 0, 110, 6, 17]
1552554266551;[171, 0, 17, 255, 161, 76, 221, 17, 25, 1, 0, 77, 1, 0, 227, 1, 0, 94, 6, 17]
1552554266553;[171, 0, 17, 255, 161, 76, 221, 17, 25, 1, 0, 75, 1, 0, 225, 1, 0, 94, 6, 17]
1552554266720;[171, 0, 17, 255, 161, 76, 221, 17, 25, 1, 0, 75, 1, 0, 225, 1, 0, 93, 6, 17]
1552554266892;[171, 0, 17, 255, 161, 76, 221, 17, 26, 1, 0, 73, 1, 0, 228, 1, 0, 94, 6, 17]
1552554266895;[171, 0, 17, 255, 161, 76, 221, 17, 26, 1, 0, 73, 1, 0, 224, 1, 0, 93, 6, 17]
1552554267065;[171, 0, 17, 255, 161, 76, 221, 17, 26, 1, 0, 77, 1, 0, 224, 1, 0, 96, 6, 17]
1552554267066;[171, 0, 17, 255, 161, 76, 221, 17, 26, 1, 0, 74, 1, 0, 225, 1, 0, 96, 6, 17]
1552554267239;[171, 0, 17, 255, 161, 76, 221, 17, 26, 1, 0, 74, 1, 0, 225, 1, 0, 96, 6, 17]
1552554267241;[171, 0, 17, 255, 161, 76, 221, 17, 26, 1, 0, 74, 1, 0, 225, 1, 0, 93, 6, 17]
1552554267411;[171, 0, 4, 255, 132, 128, 73]
1552554267585;[171, 0, 17, 255, 161, 76, 221, 17, 26, 1, 0, 76, 1, 0, 226, 1, 0, 96, 6, 17]
1552554267587;[171, 0, 17, 255, 161, 76, 221, 17, 26, 1, 0, 75, 1, 0, 225, 1, 0, 94, 6, 17]
1552554267763;[171, 0, 17, 255, 161, 76, 221, 17, 26, 1, 0, 74, 1, 0, 226, 1, 0, 96, 6, 17]
1552554267764;[171, 0, 17, 255, 161, 76, 221, 17, 26, 1, 0, 75, 1, 0, 227, 1, 0, 94, 6, 17]
1552554267929;[171, 0, 17, 255, 161, 76, 221, 17, 27, 1, 0, 75, 1, 0, 226, 1, 0, 95, 6, 17]
1552554267930;[171, 0, 17, 255, 161, 76, 221, 17, 27, 1, 0, 77, 1, 0, 225, 1, 0, 93, 6, 17]
1552554268100;[171, 0, 17, 255, 161, 76, 221, 17, 27, 1, 0, 75, 1, 0, 227, 1, 0, 94, 6, 17]
1552554268447;[171, 0, 17, 255, 161, 76, 221, 17, 27, 1, 0, 75, 1, 0, 228, 1, 0, 93, 6, 17]
1552554268448;[171, 0, 17, 255, 161, 76, 221, 17, 27, 1, 0, 74, 1, 0, 223, 1, 0, 94, 6, 17]
1552554268449;[171, 0, 17, 255, 161, 76, 221, 17, 27, 1, 0, 72, 1, 0, 226, 1, 0, 94, 6, 17]
1552554268449;[171, 0, 4, 255, 132, 128, 69]
1552554268618;[171, 0, 17, 255, 161, 76, 221, 17, 27, 1, 0, 73, 1, 0, 225, 1, 0, 93, 6, 17]
1552554268790;[171, 0, 17, 255, 161, 76, 221, 17, 27, 1, 0, 77, 1, 0, 224, 1, 0, 96, 6, 17]
1552554268795;[171, 0, 17, 255, 161, 76, 221, 17, 27, 1, 0, 79, 1, 0, 225, 1, 0, 93, 6, 17]
1552554268962;[171, 0, 17, 255, 161, 76, 221, 17, 27, 1, 0, 75, 1, 0, 225, 1, 0, 96, 6, 17]
1552554268964;[171, 0, 4, 255, 132, 128, 255]
1552554274140;[171, 0, 4, 255, 132, 128, 255]
1552554284142;[171, 0, 4, 255, 132, 128, 255]
1552554294151;[171, 0, 4, 255, 132, 128, 255]
1552554304155;[171, 0, 4, 255, 132, 128, 255]
1552554314159;[171, 0, 4, 255, 132, 128, 255]
1552554324165;[171, 0, 4, 255, 132, 128, 255]
1552554334169;[171, 0, 4, 255, 132, 128, 255]
1552554344175;[171, 0, 4, 255, 132, 128, 255]
1552554354179;[171, 0, 4, 255, 132, 128, 255]
1552554364185;[171, 0, 4, 255, 132, 128, 255]
1552554374189;[171, 0, 4, 255, 132, 128, 255]
1552554384194;[171, 0, 4, 255, 132, 128, 255]
1552554394199;[171, 0, 4, 255, 132, 128, 255]
1552554404206;[171, 0, 4, 255, 132, 128, 255]
1552554414210;[171, 0, 4, 255, 132, 128, 255]
1552554424211;[171, 0, 4, 255, 132, 128, 255]
1552554434219;[171, 0, 4, 255, 132, 128, 255]
1552554444223;[171, 0, 4, 255, 132, 128, 255]
1552554449224;[171, 0, 17, 255, 161, 76, 221, 17, 221, 0, 0, 13, 0, 0, 3, 1, 1, 24, 6, 17]
1552554450261;[171, 0, 17, 255, 161, 76, 221, 17, 222, 0, 0, 152, 0, 0, 53, 1, 0, 186, 6, 17]
1552554450263;[171, 0, 17, 255, 161, 76, 221, 17, 222, 0, 0, 164, 0, 0, 82, 1, 0, 165, 6, 17]
1552554450436;[171, 0, 17, 255, 161, 76, 221, 17, 222, 0, 0, 122, 0, 0, 188, 1, 0, 148, 6, 17]
1552554450438;[171, 0, 17, 255, 161, 76, 221, 17, 222, 0, 0, 11, 0, 0, 211, 1, 0, 97, 6, 17]
1552554450607;[171, 0, 17, 255, 161, 76, 221, 17, 222, 1, 0, 3, 0, 0, 181, 1, 0, 76, 6, 17]
1552554450777;[171, 0, 4, 255, 132, 128, 255]
1552554450778;[171, 0, 17, 255, 161, 76, 221, 17, 222, 1, 0, 1, 0, 1, 7, 1, 0, 70, 6, 17]
1552554450955;[171, 0, 17, 255, 161, 76, 221, 17, 222, 1, 0, 26, 0, 0, 240, 1, 0, 51, 6, 17]
1552554450956;[171, 0, 17, 255, 161, 76, 221, 17, 222, 1, 0, 8, 0, 0, 227, 1, 0, 32, 6, 17]
1552554451641;[171, 0, 4, 255, 132, 128, 0]
1552554452675;[171, 0, 4, 255, 132, 128, 0]
1552554453538;[171, 0, 4, 255, 132, 128, 255]
1552554458194;[171, 0, 4, 255, 132, 128, 255]
1552554468202;[171, 0, 4, 255, 132, 128, 255]
