1552551476649;[171, 0, 4, 255, 132, 128, 0]
1552551476656;[171, 0, 4, 255, 132, 128, 0]
1552551477586;[171, 0, 4, 255, 132, 128, 0]
1552551478454;[171, 0, 4, 255, 132, 128, 0]
1552551479657;[171, 0, 4, 255, 132, 128, 0]
1552551480526;[171, 0, 4, 255, 132, 128, 0]
1552551481562;[171, 0, 4, 255, 132, 128, 0]
1552551482598;[171, 0, 4, 255, 132, 128, 0]
1552551483450;[171, 0, 4, 255, 132, 128, 0]
1552551484653;[171, 0, 4, 255, 132, 128, 0]
1552551485522;[171, 0, 4, 255, 132, 128, 0]
1552551486558;[171, 0, 4, 255, 132, 128, 0]
1552551487594;[171, 0, 4, 255, 132, 128, 0]
1552551488630;[171, 0, 4, 255, 132, 128, 0]
1552551489499;[171, 0, 4, 255, 132, 128, 0]
1552551490534;[171, 0, 4, 255, 132, 128, 0]
1552551491554;[171, 0, 4, 255, 132, 128, 0]
1552551492589;[171, 0, 4, 255, 132, 128, 0]
1552551493458;[171, 0, 4, 255, 132, 128, 0]
1552551494495;[171, 0, 4, 255, 132, 128, 0]
1552551495530;[171, 0, 4, 255, 132, 128, 0]
1552551496733;[171, 0, 4, 255, 132, 128, 0]
1552551497602;[171, 0, 4, 255, 132, 128, 0]
1552551498454;[171, 0, 4, 255, 132, 128, 0]
1552551499490;[171, 0, 4, 255, 132, 128, 0]
1552551500526;[171, 0, 4, 255, 132, 128, 0]
1552551501395;[171, 0, 17, 255, 161, 76, 221, 4, 148, 0, 0, 44, 1, 0, 3, 1, 0, 247, 2, 245]
1552551501395;[171, 0, 17, 255, 161, 76, 221, 4, 148, 0, 0, 28, 1, 0, 1, 1, 0, 243, 2, 206]
1552551501396;[171, 0, 17, 255, 161, 76, 221, 4, 148, 0, 0, 28, 0, 0, 1, 1, 0, 249, 2, 175]
1552551501562;[171, 0, 17, 255, 161, 76, 221, 4, 148, 0, 0, 25, 1, 0, 1, 1, 0, 250, 2, 135]
1552551501562;[171, 0, 4, 255, 132, 128, 58]
1552551501746;[171, 0, 17, 255, 161, 76, 221, 4, 149, 0, 0, 13, 0, 0, 2, 1, 0, 249, 2, 104]
1552551501746;[171, 0, 17, 255, 161, 76, 221, 4, 149, 0, 0, 9, 0, 0, 4, 1, 0, 248, 2, 56]
1552551501916;[171, 0, 17, 255, 161, 76, 221, 4, 149, 0, 0, 11, 0, 0, 2, 1, 0, 250, 2, 11]
1552551502081;[171, 0, 17, 255, 161, 76, 221, 4, 149, 0, 0, 9, 0, 0, 4, 1, 0, 249, 1, 202]
1552551502082;[171, 0, 17, 255, 161, 76, 221, 4, 149, 0, 0, 1, 0, 0, 5, 1, 0, 255, 1, 152]
1552551502264;[171, 0, 17, 255, 161, 76, 221, 4, 149, 0, 0, 6, 0, 0, 3, 1, 0, 249, 1, 128]
1552551502264;[171, 0, 17, 255, 161, 76, 221, 4, 149, 1, 0, 1, 0, 0, 2, 1, 0, 250, 1, 168]
1552551502431;[171, 0, 17, 255, 161, 76, 221, 4, 149, 1, 0, 6, 0, 0, 4, 1, 0, 249, 1, 182]
1552551502598;[171, 0, 17, 255, 161, 76, 221, 4, 149, 1, 0, 12, 0, 0, 3, 1, 0, 249, 1, 174]
1552551502599;[171, 0, 17, 255, 161, 76, 221, 4, 149, 1, 0, 12, 0, 0, 5, 1, 0, 254, 1, 162]
1552551502765;[171, 0, 4, 255, 132, 128, 58]
1552551502784;[171, 0, 17, 255, 161, 76, 221, 4, 150, 1, 0, 17, 0, 0, 6, 1, 1, 3, 1, 151]
1552551503116;[171, 0, 17, 255, 161, 76, 221, 4, 150, 1, 0, 16, 0, 0, 1, 1, 0, 254, 1, 131]
1552551503116;[171, 0, 17, 255, 161, 76, 221, 4, 150, 1, 0, 21, 0, 0, 6, 1, 0, 250, 1, 94]
1552551503117;[171, 0, 17, 255, 161, 76, 221, 4, 150, 1, 0, 24, 0, 0, 8, 1, 0, 249, 1, 69]
1552551503283;[171, 0, 17, 255, 161, 76, 221, 4, 150, 1, 0, 31, 0, 0, 4, 1, 0, 255, 1, 32]
1552551503300;[171, 0, 17, 255, 161, 76, 221, 4, 150, 1, 0, 27, 0, 0, 3, 1, 0, 254, 1, 7]
1552551503467;[171, 0, 17, 255, 161, 76, 221, 4, 150, 1, 0, 32, 0, 0, 6, 1, 0, 249, 0, 230]
1552551503467;[171, 0, 17, 255, 161, 76, 221, 4, 150, 1, 0, 32, 0, 0, 6, 1, 0, 250, 16, 189]
1552551503803;[171, 0, 17, 255, 161, 76, 221, 4, 150, 1, 0, 37, 0, 0, 6, 1, 0, 254, 7, 226]
1552551503818;[171, 0, 17, 255, 161, 76, 221, 4, 150, 1, 0, 37, 0, 0, 8, 1, 0, 254, 7, 243]
1552551503819;[171, 0, 4, 255, 132, 128, 58]
1552551504319;[171, 0, 17, 255, 161, 76, 221, 4, 151, 1, 0, 50, 0, 0, 9, 1, 0, 249, 8, 4]
1552551504335;[171, 0, 17, 255, 161, 76, 221, 4, 151, 1, 0, 46, 0, 0, 9, 1, 0, 255, 8, 21]
1552551504336;[171, 0, 17, 255, 161, 76, 221, 4, 151, 1, 0, 50, 0, 0, 10, 1, 0, 254, 8, 31]
1552551504337;[171, 0, 17, 255, 161, 76, 221, 4, 151, 1, 0, 54, 0, 0, 10, 1, 0, 249, 8, 35]
1552551504337;[171, 0, 17, 255, 161, 76, 221, 4, 151, 1, 0, 52, 0, 0, 11, 1, 0, 249, 8, 40]
1552551504502;[171, 0, 17, 255, 161, 76, 221, 4, 151, 1, 0, 54, 0, 0, 8, 1, 0, 249, 8, 35]
1552551504503;[171, 0, 17, 255, 161, 76, 221, 4, 151, 1, 0, 51, 0, 0, 16, 1, 0, 246, 8, 27]
1552551504670;[171, 0, 17, 255, 161, 76, 221, 4, 151, 1, 0, 51, 0, 0, 11, 1, 0, 250, 8, 31]
1552551504670;[171, 0, 17, 255, 161, 76, 221, 4, 151, 1, 0, 46, 0, 0, 11, 1, 0, 254, 8, 13]
1552551505021;[171, 0, 17, 255, 161, 76, 221, 4, 151, 1, 0, 57, 0, 0, 11, 1, 0, 249, 8, 3]
1552551505021;[171, 0, 4, 255, 132, 128, 58]
1552551505022;[171, 0, 17, 255, 161, 76, 221, 4, 152, 1, 0, 52, 0, 0, 11, 1, 0, 248, 8, 24]
1552551505188;[171, 0, 17, 255, 161, 76, 221, 4, 152, 1, 0, 53, 0, 0, 11, 1, 0, 249, 8, 7]
1552551505189;[171, 0, 17, 255, 161, 76, 221, 4, 152, 1, 0, 48, 0, 0, 11, 1, 0, 249, 7, 227]
1552551505355;[171, 0, 17, 255, 161, 76, 221, 4, 152, 1, 0, 41, 0, 0, 11, 1, 0, 246, 7, 196]
1552551505539;[171, 0, 17, 255, 161, 76, 221, 4, 152, 1, 0, 35, 0, 0, 11, 1, 0, 246, 7, 161]
1552551505706;[171, 0, 17, 255, 161, 76, 221, 4, 152, 1, 0, 20, 0, 0, 10, 1, 0, 249, 7, 103]
1552551505706;[171, 0, 17, 255, 161, 76, 221, 4, 152, 0, 0, 11, 0, 0, 11, 1, 0, 249, 7, 22]
1552551505707;[171, 0, 17, 255, 161, 76, 221, 4, 152, 0, 0, 52, 0, 0, 9, 1, 0, 249, 6, 210]
1552551505873;[171, 0, 17, 255, 161, 76, 221, 4, 152, 0, 0, 80, 0, 0, 21, 1, 0, 241, 6, 175]
1552551506057;[171, 0, 17, 255, 161, 76, 221, 4, 152, 0, 0, 101, 0, 0, 30, 1, 0, 233, 6, 179]
1552551506057;[171, 0, 4, 255, 132, 128, 58]
1552551506058;[171, 0, 17, 255, 161, 76, 221, 4, 153, 0, 0, 122, 0, 0, 37, 1, 0, 209, 6, 196]
1552551506224;[171, 0, 17, 255, 161, 76, 221, 4, 153, 0, 0, 151, 0, 0, 49, 1, 0, 176, 7, 18]
1552551506392;[171, 0, 17, 255, 161, 76, 221, 4, 153, 0, 0, 152, 0, 0, 69, 1, 0, 142, 7, 154]
1552551506574;[171, 0, 17, 255, 161, 76, 221, 4, 153, 0, 0, 160, 0, 0, 59, 1, 0, 129, 7, 240]
1552551506575;[171, 0, 17, 255, 161, 76, 221, 4, 153, 0, 0, 177, 0, 0, 49, 1, 0, 96, 8, 46]
1552551506575;[171, 0, 17, 255, 161, 76, 221, 4, 153, 0, 0, 209, 0, 0, 36, 1, 0, 93, 8, 115]
1552551506741;[171, 0, 17, 255, 161, 76, 221, 4, 153, 0, 0, 222, 0, 0, 42, 1, 0, 87, 8, 220]
1552551506742;[171, 0, 17, 255, 161, 76, 221, 4, 153, 0, 0, 227, 0, 0, 46, 1, 0, 85, 9, 64]
1552551507092;[171, 0, 17, 255, 161, 76, 221, 4, 153, 0, 0, 223, 0, 0, 42, 1, 0, 85, 9, 157]
1552551507093;[171, 0, 17, 255, 161, 76, 221, 4, 153, 0, 0, 211, 0, 0, 40, 1, 0, 84, 9, 235]
1552551507093;[171, 0, 4, 255, 132, 128, 59]
1552551507260;[171, 0, 17, 255, 161, 76, 221, 4, 154, 0, 0, 213, 0, 0, 30, 1, 0, 86, 10, 46]
1552551507261;[171, 0, 17, 255, 161, 76, 221, 4, 154, 0, 0, 211, 0, 0, 29, 1, 0, 90, 10, 119]
1552551507610;[171, 0, 17, 255, 161, 76, 221, 4, 154, 0, 0, 213, 0, 0, 30, 1, 0, 87, 11, 24]
1552551507612;[171, 0, 17, 255, 161, 76, 221, 4, 154, 0, 0, 211, 0, 0, 30, 1, 0, 90, 11, 228]
1552551507612;[171, 0, 17, 255, 161, 76, 221, 4, 154, 0, 0, 213, 0, 0, 27, 1, 0, 90, 12, 132]
1552551507777;[171, 0, 17, 255, 161, 76, 221, 4, 154, 0, 0, 211, 0, 0, 29, 1, 0, 93, 13, 31]
1552551507778;[171, 0, 17, 255, 161, 76, 221, 4, 154, 0, 0, 213, 0, 0, 30, 1, 0, 94, 13, 184]
1552551507945;[171, 0, 17, 255, 161, 76, 221, 4, 154, 0, 0, 215, 0, 0, 30, 1, 0, 90, 14, 47]
1552551507945;[171, 0, 17, 255, 161, 76, 221, 4, 154, 0, 0, 209, 0, 0, 25, 1, 0, 86, 14, 154]
1552551508128;[171, 0, 17, 255, 161, 76, 221, 4, 154, 0, 0, 215, 0, 0, 30, 1, 0, 90, 14, 246]
1552551508295;[171, 0, 4, 255, 132, 128, 58]
1552551508296;[171, 0, 17, 255, 161, 76, 221, 4, 155, 0, 0, 226, 0, 0, 34, 1, 0, 85, 15, 38]
1552551508463;[171, 0, 17, 255, 161, 76, 221, 4, 155, 0, 0, 209, 0, 0, 28, 1, 0, 86, 31, 64]
1552551508463;[171, 0, 17, 255, 161, 76, 221, 4, 155, 0, 0, 198, 0, 0, 6, 1, 0, 94, 8, 136]
1552551508646;[171, 0, 17, 255, 161, 76, 221, 4, 155, 0, 0, 163, 0, 0, 2, 1, 0, 100, 9, 66]
1552551508647;[171, 0, 17, 255, 161, 76, 221, 4, 155, 0, 0, 194, 0, 0, 30, 1, 0, 121, 9, 158]
1552551508813;[171, 0, 17, 255, 161, 76, 221, 4, 155, 0, 0, 227, 0, 0, 30, 1, 0, 96, 9, 193]
1552551508981;[171, 0, 17, 255, 161, 76, 221, 4, 155, 0, 0, 228, 0, 0, 59, 1, 0, 123, 10, 58]
1552551508981;[171, 0, 17, 255, 161, 76, 221, 4, 155, 0, 0, 201, 0, 0, 62, 1, 0, 157, 9, 225]
1552551509164;[171, 0, 17, 255, 161, 76, 221, 4, 155, 0, 0, 171, 0, 0, 41, 1, 0, 161, 9, 16]
1552551509331;[171, 0, 17, 255, 161, 76, 221, 4, 155, 0, 0, 168, 0, 0, 28, 1, 0, 161, 8, 138]
1552551509332;[171, 0, 4, 255, 132, 128, 57]
1552551509498;[171, 0, 17, 255, 161, 76, 221, 4, 156, 0, 0, 192, 0, 0, 28, 1, 0, 157, 8, 38]
1552551509499;[171, 0, 17, 255, 161, 76, 221, 4, 156, 0, 0, 196, 0, 0, 27, 1, 0, 147, 7, 199]
1552551509849;[171, 0, 17, 255, 161, 76, 221, 4, 156, 0, 0, 202, 0, 0, 33, 1, 0, 133, 7, 237]
1552551509850;[171, 0, 17, 255, 161, 76, 221, 4, 156, 0, 0, 219, 0, 0, 41, 1, 0, 111, 8, 33]
1552551509850;[171, 0, 17, 255, 161, 76, 221, 4, 156, 0, 0, 215, 0, 0, 59, 1, 0, 111, 8, 74]
1552551509851;[171, 0, 17, 255, 161, 76, 221, 4, 156, 0, 0, 177, 0, 0, 84, 1, 0, 101, 8, 159]
1552551510019;[171, 0, 17, 255, 161, 76, 221, 4, 156, 0, 0, 178, 0, 0, 100, 1, 0, 121, 8, 203]
1552551510184;[171, 0, 17, 255, 161, 76, 221, 4, 156, 0, 0, 169, 0, 0, 124, 1, 0, 113, 8, 224]
1552551510200;[171, 0, 17, 255, 161, 76, 221, 4, 156, 0, 0, 151, 0, 0, 136, 1, 0, 137, 8, 220]
1552551510368;[171, 0, 17, 255, 161, 76, 221, 4, 156, 0, 0, 146, 0, 0, 143, 1, 0, 142, 8, 223]
1552551510368;[171, 0, 4, 255, 132, 128, 56]
1552551510535;[171, 0, 17, 255, 161, 76, 221, 4, 157, 0, 0, 137, 0, 0, 155, 1, 0, 133, 8, 207]
1552551510536;[171, 0, 17, 255, 161, 76, 221, 4, 157, 0, 0, 116, 0, 0, 160, 1, 0, 138, 8, 239]
1552551510702;[171, 0, 17, 255, 161, 76, 221, 4, 157, 0, 0, 101, 0, 0, 155, 1, 0, 142, 9, 71]
1552551510885;[171, 0, 17, 255, 161, 76, 221, 4, 157, 0, 0, 86, 0, 0, 155, 1, 0, 142, 9, 94]
1552551510886;[171, 0, 17, 255, 161, 76, 221, 4, 157, 0, 0, 86, 0, 0, 168, 1, 0, 142, 9, 106]
1552551511052;[171, 0, 17, 255, 161, 76, 221, 4, 157, 0, 0, 85, 0, 0, 161, 1, 0, 133, 9, 107]
1552551511053;[171, 0, 17, 255, 161, 76, 221, 4, 157, 0, 0, 95, 0, 0, 180, 1, 0, 113, 9, 92]
1552551511220;[171, 0, 17, 255, 161, 76, 221, 4, 157, 0, 0, 96, 0, 0, 187, 1, 0, 120, 9, 88]
1552551511403;[171, 0, 17, 255, 161, 76, 221, 4, 157, 0, 0, 91, 0, 0, 187, 1, 0, 111, 9, 87]
1552551511404;[171, 0, 17, 255, 161, 76, 221, 4, 157, 0, 0, 91, 0, 0, 198, 1, 0, 110, 9, 57]
1552551511570;[171, 0, 4, 255, 132, 128, 56]
1552551511571;[171, 0, 17, 255, 161, 76, 221, 4, 158, 0, 0, 89, 0, 0, 204, 1, 0, 107, 9, 40]
1552551511738;[171, 0, 17, 255, 161, 76, 221, 4, 158, 0, 0, 91, 0, 0, 196, 1, 0, 99, 9, 107]
1552551511738;[171, 0, 17, 255, 161, 76, 221, 4, 158, 0, 0, 75, 0, 0, 207, 1, 0, 103, 9, 138]
1552551511921;[171, 0, 17, 255, 161, 76, 221, 4, 158, 0, 0, 85, 0, 0, 207, 1, 0, 99, 9, 143]
1552551512088;[171, 0, 17, 255, 161, 76, 221, 4, 158, 0, 0, 85, 0, 0, 210, 1, 0, 107, 9, 136]
1552551512089;[171, 0, 17, 255, 161, 76, 221, 4, 158, 0, 0, 80, 0, 0, 206, 1, 0, 102, 9, 103]
1552551512255;[171, 0, 17, 255, 161, 76, 221, 4, 158, 0, 0, 80, 0, 0, 211, 1, 0, 108, 9, 55]
1552551512256;[171, 0, 17, 255, 161, 76, 221, 4, 158, 0, 0, 78, 0, 0, 206, 1, 0, 105, 9, 6]
1552551512439;[171, 0, 17, 255, 161, 76, 221, 4, 158, 0, 0, 83, 0, 0, 208, 1, 0, 109, 8, 193]
1552551512440;[171, 0, 17, 255, 161, 76, 221, 4, 158, 0, 0, 74, 0, 0, 210, 1, 0, 111, 8, 168]
1552551512606;[171, 0, 4, 255, 132, 128, 56]
1552551512774;[171, 0, 17, 255, 161, 76, 221, 4, 159, 0, 0, 74, 0, 0, 209, 1, 0, 110, 8, 176]
1552551512774;[171, 0, 17, 255, 161, 76, 221, 4, 159, 0, 0, 74, 0, 0, 211, 1, 0, 108, 8, 148]
1552551512957;[171, 0, 17, 255, 161, 76, 221, 4, 159, 0, 0, 73, 0, 0, 211, 1, 0, 111, 8, 111]
1552551512958;[171, 0, 17, 255, 161, 76, 221, 4, 159, 0, 0, 72, 0, 0, 210, 1, 0, 107, 8, 77]
1552551513124;[171, 0, 17, 255, 161, 76, 221, 4, 159, 0, 0, 70, 0, 0, 210, 1, 0, 108, 8, 39]
1552551513292;[171, 0, 17, 255, 161, 76, 221, 4, 159, 0, 0, 72, 0, 0, 211, 1, 0, 108, 8, 4]
1552551513293;[171, 0, 17, 255, 161, 76, 221, 4, 159, 0, 0, 73, 0, 0, 210, 1, 0, 109, 7, 219]
1552551513475;[171, 0, 17, 255, 161, 76, 221, 4, 159, 0, 0, 74, 0, 0, 212, 1, 0, 102, 7, 235]
1552551513476;[171, 0, 17, 255, 161, 76, 221, 4, 159, 0, 0, 74, 0, 0, 211, 1, 0, 109, 8, 50]
1552551513642;[171, 0, 17, 255, 161, 76, 221, 4, 159, 0, 0, 72, 0, 0, 211, 1, 0, 108, 8, 87]
1552551513643;[171, 0, 4, 255, 132, 128, 57]
1552551513810;[171, 0, 17, 255, 161, 76, 221, 4, 160, 0, 0, 72, 0, 0, 210, 1, 0, 108, 8, 76]
1552551513993;[171, 0, 17, 255, 161, 76, 221, 4, 160, 0, 0, 72, 0, 0, 210, 1, 0, 111, 8, 52]
1552551513993;[171, 0, 17, 255, 161, 76, 221, 4, 160, 0, 0, 70, 0, 0, 212, 1, 0, 107, 7, 249]
1552551514161;[171, 0, 17, 255, 161, 76, 221, 4, 160, 0, 0, 73, 0, 0, 216, 1, 0, 107, 7, 203]
1552551514161;[171, 0, 17, 255, 161, 76, 221, 4, 160, 0, 0, 66, 0, 0, 212, 1, 0, 108, 7, 142]
1552551514327;[171, 0, 17, 255, 161, 76, 221, 4, 160, 0, 0, 66, 0, 0, 217, 1, 0, 110, 7, 171]
1552551514511;[171, 0, 17, 255, 161, 76, 221, 4, 160, 0, 0, 66, 0, 0, 217, 1, 0, 109, 7, 214]
1552551514511;[171, 0, 17, 255, 161, 76, 221, 4, 160, 0, 0, 59, 0, 0, 217, 1, 0, 111, 7, 220]
1552551514845;[171, 0, 17, 255, 161, 76, 221, 4, 160, 0, 0, 65, 0, 0, 214, 1, 0, 108, 8, 14]
1552551514846;[171, 0, 17, 255, 161, 76, 221, 4, 160, 0, 0, 59, 0, 0, 218, 1, 0, 107, 8, 61]
1552551514846;[171, 0, 4, 255, 132, 128, 58]
1552551514847;[171, 0, 17, 255, 161, 76, 221, 4, 161, 0, 0, 55, 0, 0, 221, 1, 0, 107, 8, 109]
1552551515196;[171, 0, 17, 255, 161, 76, 221, 4, 161, 0, 0, 59, 0, 0, 221, 1, 0, 104, 8, 146]
1552551515363;[171, 0, 17, 255, 161, 76, 221, 4, 161, 0, 0, 59, 0, 0, 214, 1, 0, 110, 8, 226]
1552551515364;[171, 0, 17, 255, 161, 76, 221, 4, 161, 0, 0, 62, 0, 0, 217, 1, 0, 107, 9, 93]
1552551515364;[171, 0, 17, 255, 161, 76, 221, 4, 161, 0, 0, 66, 0, 0, 211, 1, 0, 108, 9, 187]
1552551515365;[171, 0, 17, 255, 161, 76, 221, 4, 161, 0, 0, 66, 0, 0, 214, 1, 0, 111, 9, 244]
1552551515549;[171, 0, 17, 255, 161, 76, 221, 4, 161, 0, 0, 70, 0, 0, 214, 1, 0, 111, 10, 36]
1552551515550;[171, 0, 17, 255, 161, 76, 221, 4, 161, 0, 0, 70, 0, 0, 214, 1, 0, 107, 10, 73]
1552551515881;[171, 0, 17, 255, 161, 76, 221, 4, 161, 0, 0, 70, 0, 0, 211, 1, 0, 105, 10, 92]
1552551515882;[171, 0, 17, 255, 161, 76, 221, 4, 161, 0, 0, 72, 0, 0, 211, 1, 0, 101, 10, 138]
1552551515882;[171, 0, 4, 255, 132, 128, 60]
1552551516048;[171, 0, 17, 255, 161, 76, 221, 4, 162, 0, 0, 72, 0, 0, 210, 1, 0, 102, 10, 216]
1552551516065;[171, 0, 17, 255, 161, 76, 221, 4, 162, 0, 0, 74, 0, 0, 211, 1, 0, 103, 11, 6]
1552551516232;[171, 0, 17, 255, 161, 76, 221, 4, 162, 0, 0, 73, 0, 0, 211, 1, 0, 102, 11, 31]
1552551516399;[171, 0, 17, 255, 161, 76, 221, 4, 162, 0, 0, 72, 0, 0, 211, 1, 0, 102, 11, 48]
1552551516400;[171, 0, 17, 255, 161, 76, 221, 4, 162, 0, 0, 72, 0, 0, 211, 1, 0, 107, 11, 50]
1552551516566;[171, 0, 17, 255, 161, 76, 221, 4, 162, 0, 0, 70, 0, 0, 217, 1, 0, 102, 11, 42]
1552551516583;[171, 0, 17, 255, 161, 76, 221, 4, 162, 0, 0, 73, 0, 0, 211, 1, 0, 98, 11, 43]
1552551516750;[171, 0, 17, 255, 161, 76, 221, 4, 162, 0, 0, 72, 0, 0, 215, 1, 0, 105, 11, 99]
1552551516750;[171, 0, 17, 255, 161, 76, 221, 4, 162, 0, 0, 73, 0, 0, 211, 1, 0, 102, 11, 145]
1552551516917;[171, 0, 17, 255, 161, 76, 221, 4, 162, 0, 0, 70, 0, 0, 214, 1, 0, 100, 11, 157]
1552551517084;[171, 0, 4, 255, 132, 128, 62]
1552551517104;[171, 0, 17, 255, 161, 76, 221, 4, 163, 0, 0, 69, 0, 0, 214, 1, 0, 105, 11, 183]
1552551517268;[171, 0, 17, 255, 161, 76, 221, 4, 163, 0, 0, 74, 0, 0, 217, 1, 0, 105, 11, 179]
1552551517269;[171, 0, 17, 255, 161, 76, 221, 4, 163, 0, 0, 69, 0, 0, 217, 1, 0, 107, 11, 160]
1552551517435;[171, 0, 17, 255, 161, 76, 221, 4, 163, 0, 0, 72, 0, 0, 225, 1, 0, 98, 11, 151]
1552551517436;[171, 0, 17, 255, 161, 76, 221, 4, 163, 0, 0, 72, 0, 0, 230, 1, 0, 111, 11, 173]
1552551517602;[171, 0, 17, 255, 161, 76, 221, 4, 163, 0, 0, 66, 0, 0, 226, 1, 0, 116, 11, 190]
1552551517786;[171, 0, 17, 255, 161, 76, 221, 4, 163, 0, 0, 59, 0, 0, 206, 1, 0, 113, 11, 163]
1552551517787;[171, 0, 17, 255, 161, 76, 221, 4, 163, 0, 0, 47, 0, 0, 207, 1, 0, 126, 11, 141]
1552551518003;[171, 0, 17, 255, 161, 76, 221, 4, 163, 0, 0, 39, 0, 0, 204, 1, 0, 138, 11, 97]
1552551518003;[171, 0, 17, 255, 161, 76, 221, 4, 163, 0, 0, 30, 0, 0, 201, 1, 0, 142, 11, 43]
1552551518120;[171, 0, 4, 255, 132, 128, 62]
1552551518304;[171, 0, 17, 255, 161, 76, 221, 4, 164, 0, 0, 24, 0, 0, 203, 1, 0, 152, 10, 230]
1552551518471;[171, 0, 17, 255, 161, 76, 221, 4, 164, 0, 0, 8, 0, 0, 194, 1, 0, 161, 10, 179]
1552551518638;[171, 0, 17, 255, 161, 76, 221, 4, 164, 1, 0, 6, 0, 0, 186, 1, 0, 163, 10, 141]
1552551518639;[171, 0, 17, 255, 161, 76, 221, 4, 164, 1, 0, 18, 0, 0, 180, 1, 0, 165, 10, 71]
1552551518654;[171, 0, 17, 255, 161, 76, 221, 4, 164, 1, 0, 25, 0, 0, 177, 1, 0, 171, 9, 253]
1552551518655;[171, 0, 17, 255, 161, 76, 221, 4, 164, 1, 0, 33, 0, 0, 173, 1, 0, 181, 9, 159]
1552551518822;[171, 0, 17, 255, 161, 76, 221, 4, 164, 1, 0, 45, 0, 0, 170, 1, 0, 173, 9, 49]
1552551518989;[171, 0, 17, 255, 161, 76, 221, 4, 164, 1, 0, 54, 0, 0, 163, 1, 0, 181, 8, 199]
1552551518989;[171, 0, 17, 255, 161, 76, 221, 4, 164, 1, 0, 51, 0, 0, 158, 1, 0, 172, 8, 116]
1552551519156;[171, 0, 17, 255, 161, 76, 221, 4, 164, 1, 0, 56, 0, 0, 167, 1, 0, 172, 8, 89]
1552551519157;[171, 0, 4, 255, 132, 128, 64]
1552551519340;[171, 0, 17, 255, 161, 76, 221, 4, 165, 1, 0, 33, 0, 0, 176, 1, 0, 183, 8, 147]
1552551519341;[171, 0, 17, 255, 161, 76, 221, 4, 165, 1, 0, 21, 0, 0, 176, 1, 0, 186, 8, 189]
1552551519507;[171, 0, 17, 255, 161, 76, 221, 4, 165, 0, 0, 7, 0, 0, 157, 1, 0, 172, 8, 244]
1552551519673;[171, 0, 17, 255, 161, 76, 221, 4, 165, 0, 0, 31, 0, 0, 163, 1, 0, 161, 9, 56]
1552551519674;[171, 0, 17, 255, 161, 76, 221, 4, 165, 0, 0, 69, 0, 0, 170, 1, 0, 144, 9, 84]
1552551519859;[171, 0, 17, 255, 161, 76, 221, 4, 165, 0, 0, 97, 0, 0, 182, 1, 0, 125, 9, 88]
1552551519860;[171, 0, 17, 255, 161, 76, 221, 4, 165, 0, 0, 116, 0, 0, 188, 1, 0, 113, 9, 109]
1552551520025;[171, 0, 17, 255, 161, 76, 221, 4, 165, 0, 0, 131, 0, 0, 173, 1, 0, 111, 9, 104]
1552551520191;[171, 0, 17, 255, 161, 76, 221, 4, 165, 0, 0, 149, 0, 0, 151, 1, 0, 107, 9, 140]
1552551520192;[171, 0, 17, 255, 161, 76, 221, 4, 165, 0, 0, 192, 0, 0, 124, 1, 0, 90, 9, 115]
1552551520375;[171, 0, 4, 255, 132, 128, 67]
1552551520376;[171, 0, 17, 255, 161, 76, 221, 4, 166, 0, 0, 199, 0, 0, 105, 1, 0, 102, 9, 92]
1552551520710;[171, 0, 17, 255, 161, 76, 221, 4, 166, 0, 0, 215, 0, 0, 83, 1, 0, 116, 9, 116]
1552551520711;[171, 0, 17, 255, 161, 76, 221, 4, 166, 0, 0, 198, 0, 0, 58, 1, 0, 138, 9, 142]
1552551520711;[171, 0, 17, 255, 161, 76, 221, 4, 166, 0, 0, 173, 0, 0, 44, 1, 0, 146, 9, 48]
1552551520893;[171, 0, 17, 255, 161, 76, 221, 4, 166, 0, 0, 175, 0, 0, 44, 1, 0, 161, 8, 148]
1552551520894;[171, 0, 17, 255, 161, 76, 221, 4, 166, 0, 0, 179, 0, 0, 44, 1, 0, 162, 8, 3]
1552551521060;[171, 0, 17, 255, 161, 76, 221, 4, 166, 0, 0, 169, 0, 0, 41, 1, 0, 161, 7, 141]
1552551521061;[171, 0, 17, 255, 161, 76, 221, 4, 166, 0, 0, 170, 0, 0, 44, 1, 0, 157, 6, 252]
1552551521411;[171, 0, 17, 255, 161, 76, 221, 4, 166, 0, 0, 175, 0, 0, 44, 1, 0, 161, 6, 113]
1552551521411;[171, 0, 17, 255, 161, 76, 221, 4, 166, 0, 0, 165, 0, 0, 39, 1, 0, 161, 6, 16]
1552551521412;[171, 0, 4, 255, 132, 128, 69]
1552551521578;[171, 0, 17, 255, 161, 76, 221, 4, 167, 0, 0, 173, 0, 0, 30, 1, 0, 150, 5, 193]
1552551521578;[171, 0, 17, 255, 161, 76, 221, 4, 167, 0, 0, 192, 0, 0, 24, 1, 0, 156, 5, 55]
1552551521929;[171, 0, 17, 255, 161, 76, 221, 4, 167, 0, 0, 159, 0, 0, 55, 1, 0, 146, 3, 119]
1552551521930;[171, 0, 17, 255, 161, 76, 221, 4, 167, 0, 0, 143, 0, 0, 78, 1, 0, 175, 2, 65]
1552551521930;[171, 0, 17, 255, 161, 76, 221, 4, 167, 0, 0, 116, 0, 0, 100, 1, 0, 138, 1, 249]
1552551522096;[171, 0, 17, 255, 161, 76, 221, 4, 167, 0, 0, 143, 0, 0, 86, 1, 0, 128, 1, 199]
1552551522097;[171, 0, 17, 255, 161, 76, 221, 4, 167, 0, 0, 199, 0, 0, 134, 1, 0, 153, 1, 140]
1552551522264;[171, 0, 17, 255, 161, 76, 221, 4, 167, 0, 0, 193, 0, 0, 125, 1, 0, 119, 2, 30]
1552551522265;[171, 0, 17, 255, 161, 76, 221, 4, 167, 0, 0, 212, 0, 0, 75, 1, 0, 163, 2, 117]
1552551522615;[171, 0, 17, 255, 161, 76, 221, 4, 170, 0, 0, 164, 0, 0, 53, 1, 0, 146, 4, 217]
1552551522781;[171, 0, 17, 255, 161, 76, 221, 4, 170, 0, 0, 187, 0, 0, 62, 1, 0, 156, 4, 216]
1552551522782;[171, 0, 17, 255, 161, 76, 221, 4, 170, 0, 0, 196, 0, 0, 58, 1, 0, 117, 5, 8]
1552551522950;[171, 0, 17, 255, 161, 76, 221, 4, 170, 0, 0, 187, 0, 0, 79, 1, 0, 121, 4, 251]
1552551522950;[171, 0, 17, 255, 161, 76, 221, 4, 170, 0, 0, 180, 0, 0, 80, 1, 0, 133, 4, 192]
1552551523133;[171, 0, 17, 255, 161, 76, 221, 4, 170, 0, 0, 192, 0, 0, 62, 1, 0, 149, 4, 127]
1552551523299;[171, 0, 17, 255, 161, 76, 221, 4, 170, 0, 0, 185, 0, 0, 81, 1, 0, 123, 4, 155]
1552551523300;[171, 0, 17, 255, 161, 76, 221, 4, 170, 0, 0, 160, 0, 0, 80, 1, 0, 121, 4, 156]
1552551523466;[171, 0, 17, 255, 161, 76, 221, 4, 170, 0, 0, 187, 0, 0, 103, 1, 0, 129, 4, 184]
1552551523467;[171, 0, 17, 255, 161, 76, 221, 4, 170, 0, 0, 175, 0, 0, 84, 1, 0, 142, 4, 192]
1552551523651;[171, 0, 4, 255, 132, 128, 73]
1552551523652;[171, 0, 17, 255, 161, 76, 221, 4, 171, 0, 0, 175, 0, 0, 92, 1, 0, 126, 4, 154]
1552551523817;[171, 0, 17, 255, 161, 76, 221, 4, 171, 0, 0, 159, 0, 0, 84, 1, 0, 138, 4, 126]
1552551523985;[171, 0, 17, 255, 161, 76, 221, 4, 171, 0, 0, 175, 0, 0, 81, 1, 0, 150, 4, 80]
1552551523985;[171, 0, 17, 255, 161, 76, 221, 4, 171, 0, 0, 177, 0, 0, 66, 1, 0, 163, 4, 100]
1552551524168;[171, 0, 17, 255, 161, 76, 221, 4, 171, 0, 0, 156, 0, 0, 86, 1, 0, 151, 4, 152]
1552551524169;[171, 0, 17, 255, 161, 76, 221, 4, 171, 0, 0, 149, 0, 0, 87, 1, 0, 150, 4, 170]
1552551524336;[171, 0, 17, 255, 161, 76, 221, 4, 171, 0, 0, 150, 0, 0, 100, 1, 0, 142, 4, 216]
1552551524336;[171, 0, 17, 255, 161, 76, 221, 4, 171, 0, 0, 175, 0, 0, 92, 1, 0, 139, 4, 219]
1552551524686;[171, 0, 17, 255, 161, 76, 221, 4, 171, 0, 0, 164, 0, 0, 77, 1, 0, 144, 4, 154]
1552551524687;[171, 0, 17, 255, 161, 76, 221, 4, 171, 0, 0, 158, 0, 0, 81, 1, 0, 144, 4, 97]
1552551524688;[171, 0, 4, 255, 132, 128, 73]
1552551524854;[171, 0, 17, 255, 161, 76, 221, 4, 172, 0, 0, 154, 0, 0, 87, 1, 0, 143, 4, 107]
1552551524854;[171, 0, 17, 255, 161, 76, 221, 4, 172, 0, 0, 170, 0, 0, 86, 1, 0, 142, 4, 94]
1552551525020;[171, 0, 17, 255, 161, 76, 221, 4, 172, 0, 0, 166, 0, 0, 82, 1, 0, 157, 4, 79]
1552551525205;[171, 0, 17, 255, 161, 76, 221, 4, 172, 0, 0, 165, 0, 0, 71, 1, 0, 156, 4, 69]
1552551525205;[171, 0, 17, 255, 161, 76, 221, 4, 172, 0, 0, 151, 0, 0, 75, 1, 0, 150, 4, 70]
1552551525372;[171, 0, 17, 255, 161, 76, 221, 4, 172, 0, 0, 165, 0, 0, 83, 1, 0, 150, 4, 73]
1552551525372;[171, 0, 17, 255, 161, 76, 221, 4, 172, 0, 0, 154, 0, 0, 80, 1, 0, 144, 4, 72]
1552551525722;[171, 0, 17, 255, 161, 76, 221, 4, 172, 0, 0, 169, 0, 0, 78, 1, 0, 150, 4, 102]
1552551525723;[171, 0, 17, 255, 161, 76, 221, 4, 172, 0, 0, 160, 0, 0, 70, 1, 0, 147, 4, 122]
1552551525724;[171, 0, 17, 255, 161, 76, 221, 4, 172, 0, 0, 159, 0, 0, 58, 1, 0, 147, 4, 86]
1552551525890;[171, 0, 4, 255, 132, 128, 74]
1552551525891;[171, 0, 17, 255, 161, 76, 221, 4, 173, 0, 0, 177, 0, 0, 64, 1, 0, 146, 4, 28]
1552551526056;[171, 0, 17, 255, 161, 76, 221, 4, 173, 0, 0, 158, 0, 0, 66, 1, 0, 150, 4, 1]
1552551526056;[171, 0, 17, 255, 161, 76, 221, 4, 173, 0, 0, 160, 0, 0, 74, 1, 0, 144, 3, 231]
1552551526240;[171, 0, 17, 255, 161, 76, 221, 4, 173, 0, 0, 149, 0, 0, 59, 1, 0, 171, 3, 203]
1552551526241;[171, 0, 17, 255, 161, 76, 221, 4, 173, 0, 0, 154, 0, 0, 68, 1, 0, 168, 3, 225]
1552551526408;[171, 0, 17, 255, 161, 76, 221, 4, 173, 0, 0, 138, 0, 0, 75, 1, 0, 171, 3, 243]
1552551526575;[171, 0, 17, 255, 161, 76, 221, 4, 173, 0, 0, 136, 0, 0, 76, 1, 0, 181, 3, 234]
1552551526575;[171, 0, 17, 255, 161, 76, 221, 4, 173, 0, 0, 136, 0, 0, 87, 1, 0, 171, 3, 235]
1552551526758;[171, 0, 17, 255, 161, 76, 221, 4, 173, 0, 0, 133, 0, 0, 81, 1, 0, 177, 3, 237]
1552551526759;[171, 0, 17, 255, 161, 76, 221, 4, 173, 0, 0, 131, 0, 0, 86, 1, 0, 172, 3, 236]
1552551526925;[171, 0, 4, 255, 132, 128, 75]
1552551527093;[171, 0, 17, 255, 161, 76, 221, 4, 174, 0, 0, 131, 0, 0, 84, 1, 0, 171, 3, 209]
1552551527093;[171, 0, 17, 255, 161, 76, 221, 4, 174, 0, 0, 141, 0, 0, 84, 1, 0, 172, 3, 191]
1552551527276;[171, 0, 17, 255, 161, 76, 221, 4, 174, 0, 0, 150, 0, 0, 78, 1, 0, 168, 3, 155]
1552551527277;[171, 0, 17, 255, 161, 76, 221, 4, 174, 0, 0, 143, 0, 0, 78, 1, 0, 173, 3, 103]
1552551527443;[171, 0, 17, 255, 161, 76, 221, 4, 174, 0, 0, 113, 0, 0, 85, 1, 0, 162, 3, 77]
1552551527444;[171, 0, 17, 255, 161, 76, 221, 4, 174, 0, 0, 171, 0, 0, 75, 1, 0, 134, 3, 33]
1552551527611;[171, 0, 17, 255, 161, 76, 221, 4, 174, 0, 0, 116, 0, 0, 49, 1, 0, 174, 2, 238]
1552551527777;[171, 0, 17, 255, 161, 76, 221, 4, 174, 0, 0, 164, 0, 0, 52, 1, 0, 172, 2, 177]
1552551527794;[171, 0, 17, 255, 161, 76, 221, 4, 174, 0, 0, 135, 0, 0, 20, 1, 0, 208, 2, 197]
1552551527961;[171, 0, 17, 255, 161, 76, 221, 4, 174, 0, 0, 131, 0, 0, 22, 1, 0, 189, 2, 240]
1552551527961;[171, 0, 4, 255, 132, 128, 76]
1552551528128;[171, 0, 17, 255, 161, 76, 221, 4, 175, 0, 0, 117, 0, 0, 4, 1, 0, 206, 3, 37]
1552551528295;[171, 0, 17, 255, 161, 76, 221, 4, 175, 0, 0, 89, 0, 0, 61, 1, 0, 213, 3, 238]
1552551528312;[171, 0, 17, 255, 161, 76, 221, 4, 175, 0, 0, 142, 0, 0, 105, 1, 0, 176, 4, 89]
1552551528479;[171, 0, 17, 255, 161, 76, 221, 4, 175, 0, 0, 140, 0, 0, 51, 1, 0, 206, 4, 156]
1552551528480;[171, 0, 17, 255, 161, 76, 221, 4, 175, 0, 0, 64, 0, 0, 107, 1, 0, 148, 3, 231]
1552551528646;[171, 0, 17, 255, 161, 76, 221, 4, 175, 0, 0, 141, 0, 0, 40, 1, 0, 192, 3, 17]
1552551528647;[171, 0, 17, 255, 161, 76, 221, 4, 175, 0, 0, 120, 0, 0, 83, 1, 0, 184, 2, 179]
1552551528813;[171, 0, 17, 255, 161, 76, 221, 4, 175, 0, 0, 97, 0, 0, 61, 1, 0, 233, 1, 210]
1552551528997;[171, 0, 17, 255, 161, 76, 221, 4, 175, 0, 0, 107, 0, 0, 101, 1, 0, 244, 16, 36]
1552551528997;[171, 0, 17, 255, 161, 76, 221, 4, 175, 0, 0, 49, 0, 0, 35, 1, 0, 213, 6, 137]
1552551529164;[171, 0, 4, 255, 132, 128, 76]
1552551529165;[171, 0, 17, 255, 161, 76, 221, 4, 176, 0, 0, 83, 0, 0, 88, 1, 0, 192, 6, 164]
1552551529332;[171, 0, 17, 255, 161, 76, 221, 4, 176, 0, 0, 79, 0, 0, 80, 1, 0, 177, 5, 238]
1552551529348;[171, 0, 17, 255, 161, 76, 221, 4, 176, 0, 0, 243, 0, 0, 121, 1, 0, 59, 5, 238]
1552551529515;[171, 0, 17, 255, 161, 76, 221, 4, 176, 0, 1, 93, 0, 0, 135, 1, 0, 38, 6, 52]
1552551529682;[171, 0, 17, 255, 161, 76, 221, 4, 176, 0, 0, 216, 0, 0, 147, 1, 0, 41, 6, 96]
1552551529683;[171, 0, 17, 255, 161, 76, 221, 4, 176, 0, 0, 135, 0, 0, 69, 1, 0, 109, 6, 75]
1552551529850;[171, 0, 17, 255, 161, 76, 221, 4, 176, 0, 0, 185, 0, 0, 14, 1, 0, 140, 6, 53]
1552551529867;[171, 0, 17, 255, 161, 76, 221, 4, 176, 0, 0, 230, 0, 0, 80, 1, 0, 44, 6, 11]
1552551530033;[171, 0, 17, 255, 161, 76, 221, 4, 176, 0, 0, 164, 0, 0, 93, 1, 0, 110, 6, 63]
1552551530200;[171, 0, 17, 255, 161, 76, 221, 4, 176, 0, 0, 17, 0, 0, 59, 1, 0, 191, 6, 211]
1552551530367;[171, 0, 4, 255, 132, 128, 75]
1552551530551;[171, 0, 17, 255, 161, 76, 221, 4, 177, 0, 0, 147, 0, 0, 119, 1, 0, 196, 7, 115]
1552551530551;[171, 0, 17, 255, 161, 76, 221, 4, 177, 0, 0, 106, 0, 0, 112, 1, 0, 194, 7, 194]
1552551530552;[171, 0, 17, 255, 161, 76, 221, 4, 177, 0, 0, 91, 0, 0, 86, 1, 0, 201, 7, 179]
1552551530552;[171, 0, 17, 255, 161, 76, 221, 4, 177, 0, 0, 5, 0, 0, 81, 1, 0, 127, 7, 92]
1552551530885;[171, 0, 17, 255, 161, 76, 221, 4, 177, 0, 0, 35, 0, 0, 56, 1, 0, 132, 7, 1]
1552551530886;[171, 0, 17, 255, 161, 76, 221, 4, 177, 0, 0, 137, 0, 0, 70, 1, 0, 173, 7, 3]
1552551530902;[171, 0, 17, 255, 161, 76, 221, 4, 177, 0, 0, 209, 0, 0, 78, 1, 0, 199, 7, 54]
1552551531069;[171, 0, 17, 255, 161, 76, 221, 4, 177, 0, 1, 15, 0, 0, 54, 1, 0, 245, 7, 109]
1552551531070;[171, 0, 17, 255, 161, 76, 221, 4, 177, 0, 0, 150, 0, 0, 88, 1, 0, 197, 7, 146]
1552551531236;[171, 0, 17, 255, 161, 76, 221, 4, 177, 0, 1, 36, 0, 0, 75, 1, 0, 150, 8, 20]
1552551531237;[171, 0, 4, 255, 132, 128, 75]
1552551531404;[171, 0, 17, 255, 161, 76, 221, 4, 178, 0, 0, 211, 0, 0, 58, 1, 0, 85, 8, 163]
1552551531587;[171, 0, 17, 255, 161, 76, 221, 4, 178, 0, 0, 173, 0, 0, 39, 1, 0, 122, 9, 51]
1552551531588;[171, 0, 17, 255, 161, 76, 221, 4, 178, 0, 0, 165, 0, 0, 38, 1, 0, 144, 9, 124]
1552551531754;[171, 0, 17, 255, 161, 76, 221, 4, 178, 0, 0, 205, 0, 0, 8, 1, 0, 154, 9, 240]
1552551531755;[171, 0, 17, 255, 161, 76, 221, 4, 178, 0, 0, 180, 1, 0, 8, 1, 0, 150, 10, 87]
1552551531924;[171, 0, 17, 255, 161, 76, 221, 4, 178, 0, 0, 158, 1, 0, 1, 1, 0, 172, 10, 170]
1552551532105;[171, 0, 17, 255, 161, 76, 221, 4, 178, 0, 0, 153, 0, 0, 6, 1, 0, 181, 11, 22]
1552551532106;[171, 0, 17, 255, 161, 76, 221, 4, 178, 0, 0, 147, 0, 0, 3, 1, 0, 189, 11, 98]
1552551532272;[171, 0, 17, 255, 161, 76, 221, 4, 178, 0, 0, 131, 0, 0, 8, 1, 0, 189, 11, 153]
1552551532273;[171, 0, 17, 255, 161, 76, 221, 4, 178, 0, 0, 143, 0, 0, 3, 1, 0, 194, 12, 29]
1552551532439;[171, 0, 4, 255, 132, 128, 75]
1552551532440;[171, 0, 17, 255, 161, 76, 221, 4, 179, 0, 0, 146, 1, 0, 3, 1, 0, 189, 12, 155]
1552551532622;[171, 0, 17, 255, 161, 76, 221, 4, 179, 0, 0, 140, 0, 0, 2, 1, 0, 186, 12, 240]
1552551532790;[171, 0, 17, 255, 161, 76, 221, 4, 179, 0, 0, 148, 1, 0, 4, 1, 0, 185, 13, 35]
1552551532791;[171, 0, 17, 255, 161, 76, 221, 4, 179, 0, 0, 144, 0, 0, 3, 1, 0, 188, 13, 72]
1552551532957;[171, 0, 17, 255, 161, 76, 221, 4, 179, 0, 0, 133, 0, 0, 5, 1, 0, 192, 13, 76]
1552551532958;[171, 0, 17, 255, 161, 76, 221, 4, 179, 0, 0, 129, 0, 0, 3, 1, 0, 191, 13, 141]
1552551533141;[171, 0, 17, 255, 161, 76, 221, 4, 179, 0, 0, 136, 0, 0, 5, 1, 0, 192, 13, 216]
1552551533141;[171, 0, 17, 255, 161, 76, 221, 4, 179, 0, 0, 143, 0, 0, 2, 1, 0, 196, 14, 0]
1552551533308;[171, 0, 17, 255, 161, 76, 221, 4, 179, 0, 0, 128, 0, 0, 4, 1, 0, 189, 14, 10]
1552551533475;[171, 0, 17, 255, 161, 76, 221, 4, 179, 0, 0, 143, 0, 0, 0, 1, 0, 189, 14, 2]
1552551533475;[171, 0, 4, 255, 132, 128, 75]
1552551533659;[171, 0, 17, 255, 161, 76, 221, 4, 180, 0, 0, 133, 0, 0, 4, 1, 0, 196, 13, 235]
1552551533659;[171, 0, 17, 255, 161, 76, 221, 4, 180, 0, 0, 128, 0, 0, 2, 1, 0, 194, 13, 223]
1552551533992;[171, 0, 17, 255, 161, 76, 221, 4, 180, 0, 0, 135, 0, 0, 3, 1, 0, 191, 14, 0]
1552551533993;[171, 0, 17, 255, 161, 76, 221, 4, 180, 0, 0, 135, 0, 0, 3, 1, 0, 197, 13, 250]
1552551533993;[171, 0, 17, 255, 161, 76, 221, 4, 180, 0, 0, 135, 0, 0, 4, 1, 0, 191, 13, 221]
1552551534159;[171, 0, 17, 255, 161, 76, 221, 4, 180, 0, 0, 128, 0, 0, 3, 1, 0, 191, 13, 179]
1552551534176;[171, 0, 17, 255, 161, 76, 221, 4, 180, 0, 0, 135, 0, 0, 0, 1, 0, 196, 13, 128]
1552551534343;[171, 0, 17, 255, 161, 76, 221, 4, 180, 0, 0, 131, 0, 0, 0, 1, 0, 200, 13, 80]
1552551534344;[171, 0, 17, 255, 161, 76, 221, 4, 180, 0, 0, 129, 0, 0, 3, 1, 0, 197, 13, 54]
1552551534511;[171, 0, 17, 255, 161, 76, 221, 4, 180, 0, 0, 133, 0, 0, 4, 1, 0, 194, 13, 29]
1552551534679;[171, 0, 4, 255, 132, 128, 78]
1552551534697;[171, 0, 17, 255, 161, 76, 221, 4, 181, 0, 0, 135, 0, 0, 2, 1, 0, 194, 12, 246]
1552551534861;[171, 0, 17, 255, 161, 76, 221, 4, 181, 0, 0, 129, 0, 0, 3, 1, 0, 196, 12, 190]
1552551534862;[171, 0, 17, 255, 161, 76, 221, 4, 181, 0, 0, 133, 0, 0, 3, 1, 0, 193, 12, 136]
1552551535029;[171, 0, 17, 255, 161, 76, 221, 4, 181, 0, 0, 128, 0, 0, 4, 1, 0, 196, 12, 76]
1552551535196;[171, 0, 17, 255, 161, 76, 221, 4, 181, 0, 0, 129, 0, 0, 2, 1, 0, 196, 12, 13]
1552551535212;[171, 0, 17, 255, 161, 76, 221, 4, 181, 0, 0, 135, 0, 0, 3, 1, 0, 197, 11, 222]
1552551535380;[171, 0, 17, 255, 161, 76, 221, 4, 181, 0, 0, 131, 0, 0, 2, 1, 0, 196, 11, 174]
1552551535380;[171, 0, 17, 255, 161, 76, 221, 4, 181, 0, 0, 128, 0, 0, 3, 1, 0, 194, 11, 128]
1552551535546;[171, 0, 17, 255, 161, 76, 221, 4, 181, 0, 0, 131, 0, 0, 3, 1, 0, 194, 11, 64]
1552551535547;[171, 0, 17, 255, 161, 76, 221, 4, 181, 0, 0, 131, 0, 0, 4, 1, 0, 195, 11, 6]
1552551535714;[171, 0, 4, 255, 132, 128, 80]
1552551535897;[171, 0, 17, 255, 161, 76, 221, 4, 182, 0, 0, 128, 0, 0, 4, 1, 0, 196, 10, 197]
1552551535898;[171, 0, 17, 255, 161, 76, 221, 4, 182, 0, 0, 131, 0, 0, 0, 1, 0, 200, 10, 133]
1552551536064;[171, 0, 17, 255, 161, 76, 221, 4, 182, 0, 0, 128, 0, 0, 4, 1, 0, 197, 10, 75]
1552551536065;[171, 0, 17, 255, 161, 76, 221, 4, 182, 0, 0, 129, 0, 0, 4, 1, 0, 197, 10, 31]
1552551536232;[171, 0, 17, 255, 161, 76, 221, 4, 182, 0, 0, 129, 0, 0, 2, 1, 0, 192, 9, 235]
1552551536249;[171, 0, 17, 255, 161, 76, 221, 4, 182, 0, 0, 133, 0, 0, 2, 1, 0, 199, 9, 188]
1552551536416;[171, 0, 17, 255, 161, 76, 221, 4, 182, 0, 0, 128, 0, 0, 3, 1, 0, 192, 9, 141]
1552551536583;[171, 0, 17, 255, 161, 76, 221, 4, 182, 0, 0, 131, 0, 0, 4, 1, 0, 197, 9, 85]
1552551536584;[171, 0, 17, 255, 161, 76, 221, 4, 182, 0, 0, 129, 0, 0, 3, 1, 0, 198, 9, 42]
1552551536750;[171, 0, 17, 255, 161, 76, 221, 4, 182, 0, 0, 133, 0, 0, 3, 1, 0, 194, 9, 15]
1552551536750;[171, 0, 4, 255, 132, 128, 82]
1552551536933;[171, 0, 17, 255, 161, 76, 221, 4, 183, 0, 0, 128, 0, 0, 3, 1, 0, 196, 8, 241]
1552551537268;[171, 0, 17, 255, 161, 76, 221, 4, 183, 0, 0, 137, 0, 0, 3, 1, 0, 197, 8, 205]
1552551537452;[171, 0, 17, 255, 161, 76, 221, 4, 183, 0, 0, 128, 0, 0, 3, 1, 0, 196, 8, 159]
1552551537453;[171, 0, 17, 255, 161, 76, 221, 4, 183, 0, 0, 128, 0, 0, 4, 1, 0, 194, 8, 116]
1552551537453;[171, 0, 17, 255, 161, 76, 221, 4, 183, 0, 0, 128, 0, 0, 3, 1, 0, 199, 8, 76]
1552551537969;[171, 0, 17, 255, 161, 76, 221, 4, 183, 0, 0, 129, 0, 0, 3, 1, 0, 197, 8, 48]
1552551537971;[171, 0, 17, 255, 161, 76, 221, 4, 183, 0, 0, 129, 0, 0, 1, 1, 0, 196, 7, 250]
1552551537971;[171, 0, 17, 255, 161, 76, 221, 4, 183, 0, 0, 128, 0, 0, 2, 1, 0, 194, 7, 223]
1552551537972;[171, 0, 17, 255, 161, 76, 221, 4, 183, 0, 0, 129, 0, 0, 3, 1, 0, 192, 7, 186]
1552551538136;[171, 0, 17, 255, 161, 76, 221, 4, 183, 0, 0, 128, 0, 0, 2, 1, 0, 197, 7, 161]
1552551538137;[171, 0, 4, 255, 132, 128, 83]
1552551538138;[171, 0, 17, 255, 161, 76, 221, 4, 184, 0, 0, 127, 0, 0, 2, 1, 0, 196, 7, 145]
1552551538138;[171, 0, 17, 255, 161, 76, 221, 4, 184, 0, 0, 129, 0, 0, 3, 1, 0, 196, 7, 113]
1552551538139;[171, 0, 17, 255, 161, 76, 221, 4, 184, 0, 0, 128, 0, 0, 2, 1, 0, 196, 7, 78]
1552551538304;[171, 0, 17, 255, 161, 76, 221, 4, 184, 0, 0, 131, 0, 0, 0, 1, 0, 192, 7, 52]
1552551538487;[171, 0, 17, 255, 161, 76, 221, 4, 184, 0, 0, 128, 0, 0, 3, 1, 0, 196, 7, 26]
1552551538488;[171, 0, 17, 255, 161, 76, 221, 4, 184, 0, 0, 133, 0, 0, 2, 1, 0, 197, 6, 249]
1552551538655;[171, 0, 17, 255, 161, 76, 221, 4, 184, 0, 0, 133, 0, 0, 3, 1, 0, 191, 6, 228]
1552551538655;[171, 0, 17, 255, 161, 76, 221, 4, 184, 0, 0, 129, 0, 0, 1, 1, 0, 194, 6, 204]
1552551538821;[171, 0, 17, 255, 161, 76, 221, 4, 184, 0, 0, 130, 0, 0, 3, 1, 0, 196, 6, 192]
1552551539005;[171, 0, 17, 255, 161, 76, 221, 4, 184, 0, 0, 128, 1, 0, 2, 1, 0, 194, 6, 180]
1552551539006;[171, 0, 4, 255, 132, 128, 85]
1552551539172;[171, 0, 17, 255, 161, 76, 221, 4, 185, 0, 0, 131, 0, 0, 1, 1, 0, 199, 6, 172]
1552551539173;[171, 0, 17, 255, 161, 76, 221, 4, 185, 0, 0, 127, 0, 0, 0, 1, 0, 196, 6, 159]
1552551539339;[171, 0, 17, 255, 161, 76, 221, 4, 185, 0, 0, 131, 0, 0, 2, 1, 0, 196, 6, 140]
1552551539340;[171, 0, 17, 255, 161, 76, 221, 4, 185, 0, 0, 127, 0, 0, 2, 1, 0, 194, 6, 133]
1552551539523;[171, 0, 17, 255, 161, 76, 221, 4, 185, 0, 0, 128, 0, 0, 3, 1, 0, 196, 6, 125]
1552551539691;[171, 0, 17, 255, 161, 76, 221, 4, 185, 0, 0, 128, 0, 0, 2, 1, 0, 196, 6, 134]
1552551539691;[171, 0, 17, 255, 161, 76, 221, 4, 185, 0, 0, 131, 0, 0, 3, 1, 0, 194, 6, 159]
1552551539857;[171, 0, 17, 255, 161, 76, 221, 4, 185, 0, 0, 128, 0, 0, 4, 1, 0, 197, 6, 173]
1552551539858;[171, 0, 17, 255, 161, 76, 221, 4, 185, 0, 0, 129, 0, 0, 0, 1, 0, 196, 6, 195]
1552551540043;[171, 0, 17, 255, 161, 76, 221, 4, 185, 0, 0, 128, 0, 0, 3, 1, 0, 196, 6, 220]
1552551540043;[171, 0, 4, 255, 132, 128, 85]
1552551540208;[171, 0, 17, 255, 161, 76, 221, 4, 186, 0, 0, 128, 0, 0, 0, 1, 0, 197, 6, 228]
1552551540375;[171, 0, 17, 255, 161, 76, 221, 4, 186, 0, 0, 131, 0, 0, 1, 1, 0, 196, 6, 248]
1552551540376;[171, 0, 17, 255, 161, 76, 221, 4, 186, 0, 0, 128, 0, 0, 2, 1, 0, 197, 7, 5]
1552551540542;[171, 0, 17, 255, 161, 76, 221, 4, 186, 0, 0, 131, 0, 0, 0, 1, 0, 197, 7, 75]
1552551540559;[171, 0, 17, 255, 161, 76, 221, 4, 186, 0, 0, 127, 0, 0, 0, 1, 0, 197, 7, 162]
1552551540726;[171, 0, 17, 255, 161, 76, 221, 4, 186, 0, 0, 127, 0, 0, 1, 1, 0, 195, 7, 229]
1552551540893;[171, 0, 17, 255, 161, 76, 221, 4, 186, 0, 0, 133, 1, 0, 3, 1, 0, 197, 8, 47]
1552551540894;[171, 0, 17, 255, 161, 76, 221, 4, 186, 0, 0, 133, 1, 0, 1, 1, 0, 196, 8, 90]
1552551541061;[171, 0, 17, 255, 161, 76, 221, 4, 186, 0, 0, 131, 1, 0, 3, 1, 0, 194, 8, 133]
1552551541077;[171, 0, 17, 255, 161, 76, 221, 4, 186, 0, 0, 128, 1, 0, 2, 1, 0, 194, 8, 163]
1552551541244;[171, 0, 4, 255, 132, 128, 86]
1552551541245;[171, 0, 17, 255, 161, 76, 221, 4, 187, 0, 0, 127, 0, 0, 2, 1, 0, 197, 8, 185]
1552551541411;[171, 0, 17, 255, 161, 76, 221, 4, 187, 0, 0, 128, 0, 0, 3, 1, 0, 198, 9, 15]
1552551541579;[171, 0, 17, 255, 161, 76, 221, 4, 187, 0, 0, 133, 0, 0, 0, 1, 0, 196, 9, 138]
1552551541580;[171, 0, 17, 255, 161, 76, 221, 4, 187, 0, 0, 128, 0, 0, 0, 1, 0, 196, 9, 222]
1552551541762;[171, 0, 17, 255, 161, 76, 221, 4, 187, 0, 0, 129, 0, 0, 2, 1, 0, 197, 10, 39]
1552551541763;[171, 0, 17, 255, 161, 76, 221, 4, 187, 0, 0, 131, 0, 0, 1, 1, 0, 196, 10, 91]
1552551541929;[171, 0, 17, 255, 161, 76, 221, 4, 187, 0, 0, 129, 0, 0, 2, 1, 0, 197, 10, 130]
1552551541930;[171, 0, 17, 255, 161, 76, 221, 4, 187, 0, 0, 128, 0, 0, 0, 1, 0, 194, 10, 151]
1552551542113;[171, 0, 17, 255, 161, 76, 221, 4, 187, 0, 0, 133, 0, 0, 2, 1, 0, 197, 10, 181]
1552551542281;[171, 0, 17, 255, 161, 76, 221, 4, 187, 0, 0, 131, 1, 0, 1, 1, 0, 196, 10, 213]
1552551542281;[171, 0, 4, 255, 132, 128, 84]
1552551542447;[171, 0, 17, 255, 161, 76, 221, 4, 192, 0, 0, 131, 1, 0, 1, 1, 0, 197, 11, 71]
1552551542448;[171, 0, 17, 255, 161, 76, 221, 4, 192, 0, 0, 133, 0, 0, 0, 1, 0, 197, 11, 147]
1552551542798;[171, 0, 17, 255, 161, 76, 221, 4, 192, 0, 0, 128, 0, 0, 0, 1, 0, 196, 11, 199]
1552551542799;[171, 0, 17, 255, 161, 76, 221, 4, 192, 0, 0, 129, 0, 0, 3, 1, 0, 196, 12, 2]
1552551542799;[171, 0, 17, 255, 161, 76, 221, 4, 192, 0, 0, 131, 0, 0, 3, 1, 0, 200, 12, 19]
1552551542965;[171, 0, 17, 255, 161, 76, 221, 4, 192, 0, 0, 129, 0, 0, 3, 1, 0, 197, 12, 28]
1552551542966;[171, 0, 17, 255, 161, 76, 221, 4, 192, 0, 0, 129, 0, 0, 3, 1, 0, 196, 12, 33]
1552551543132;[171, 0, 17, 255, 161, 76, 221, 4, 192, 0, 0, 128, 0, 0, 1, 1, 0, 197, 12, 20]
1552551543133;[171, 0, 17, 255, 161, 76, 221, 4, 192, 0, 0, 131, 0, 0, 2, 1, 0, 197, 12, 50]
1552551543316;[171, 0, 17, 255, 161, 76, 221, 4, 192, 0, 0, 128, 0, 0, 0, 1, 0, 197, 12, 151]
1552551543483;[171, 0, 4, 255, 132, 128, 83]
1552551543484;[171, 0, 17, 255, 161, 76, 221, 4, 193, 0, 0, 129, 0, 0, 0, 1, 0, 196, 12, 197]
1552551543834;[171, 0, 17, 255, 161, 76, 221, 4, 193, 0, 0, 127, 0, 0, 3, 1, 0, 197, 12, 222]
1552551543834;[171, 0, 17, 255, 161, 76, 221, 4, 193, 0, 0, 129, 0, 0, 3, 1, 0, 196, 12, 253]
1552551543835;[171, 0, 17, 255, 161, 76, 221, 4, 193, 0, 0, 130, 0, 0, 1, 1, 0, 199, 12, 249]
1552551544001;[171, 0, 17, 255, 161, 76, 221, 4, 193, 0, 0, 127, 1, 0, 2, 1, 0, 197, 12, 241]
1552551544002;[171, 0, 17, 255, 161, 76, 221, 4, 193, 0, 0, 129, 0, 0, 3, 1, 0, 198, 12, 233]
1552551544168;[171, 0, 17, 255, 161, 76, 221, 4, 193, 0, 0, 127, 0, 0, 1, 1, 0, 199, 12, 215]
1552551544169;[171, 0, 17, 255, 161, 76, 221, 4, 193, 0, 0, 127, 0, 0, 3, 1, 0, 196, 12, 181]
1552551544352;[171, 0, 17, 255, 161, 76, 221, 4, 193, 0, 0, 133, 1, 0, 2, 1, 0, 196, 12, 182]
1552551544686;[171, 0, 17, 255, 161, 76, 221, 4, 196, 0, 0, 128, 0, 0, 2, 1, 0, 197, 13, 114]
1552551544686;[171, 0, 17, 255, 161, 76, 221, 4, 196, 0, 0, 128, 1, 0, 1, 1, 0, 196, 13, 127]
1552551544870;[171, 0, 17, 255, 161, 76, 221, 4, 196, 0, 0, 135, 0, 0, 2, 1, 0, 196, 13, 118]
1552551544871;[171, 0, 17, 255, 161, 76, 221, 4, 196, 0, 0, 129, 0, 0, 0, 1, 0, 191, 13, 109]
1552551545037;[171, 0, 17, 255, 161, 76, 221, 4, 196, 0, 0, 135, 0, 0, 3, 1, 0, 196, 13, 90]
1552551545038;[171, 0, 17, 255, 161, 76, 221, 4, 196, 0, 0, 128, 1, 0, 2, 1, 0, 197, 13, 101]
1552551545204;[171, 0, 17, 255, 161, 76, 221, 4, 196, 0, 0, 128, 0, 0, 2, 1, 0, 197, 13, 169]
1552551545555;[171, 0, 17, 255, 161, 76, 221, 4, 196, 0, 0, 128, 0, 0, 0, 1, 0, 196, 13, 205]
1552551545556;[171, 0, 17, 255, 161, 76, 221, 4, 196, 0, 0, 133, 0, 0, 3, 1, 0, 200, 14, 57]
1552551545557;[171, 0, 17, 255, 161, 76, 221, 4, 196, 0, 0, 128, 1, 0, 4, 1, 0, 191, 14, 142]
1552551545557;[171, 0, 4, 255, 132, 128, 77]
1552551545722;[171, 0, 17, 255, 161, 76, 221, 4, 197, 0, 0, 131, 1, 0, 3, 1, 0, 200, 14, 189]
1552551546074;[171, 0, 17, 255, 161, 76, 221, 4, 197, 0, 0, 127, 1, 0, 2, 1, 0, 198, 14, 214]
1552551546240;[171, 0, 17, 255, 161, 76, 221, 4, 197, 0, 0, 128, 1, 0, 3, 1, 0, 197, 14, 224]
1552551546241;[171, 0, 17, 255, 161, 76, 221, 4, 197, 0, 0, 127, 1, 0, 4, 1, 0, 196, 14, 212]
1552551546241;[171, 0, 17, 255, 161, 76, 221, 4, 197, 0, 0, 128, 0, 0, 0, 1, 0, 200, 14, 254]
1552551546242;[171, 0, 17, 255, 161, 76, 221, 4, 197, 0, 0, 128, 1, 0, 3, 1, 0, 199, 14, 246]
1552551546257;[171, 0, 17, 255, 161, 76, 221, 4, 197, 0, 0, 128, 1, 0, 3, 1, 0, 196, 14, 201]
1552551546424;[171, 0, 17, 255, 161, 76, 221, 4, 197, 0, 0, 131, 1, 0, 3, 1, 0, 197, 14, 158]
1552551546591;[171, 0, 17, 255, 161, 76, 221, 4, 197, 0, 0, 128, 1, 0, 1, 1, 0, 197, 14, 157]
1552551546592;[171, 0, 17, 255, 161, 76, 221, 4, 197, 0, 0, 128, 1, 0, 4, 1, 0, 195, 14, 159]
1552551546758;[171, 0, 4, 255, 132, 128, 75]
1552551546759;[171, 0, 17, 255, 161, 76, 221, 4, 198, 0, 0, 131, 0, 0, 2, 1, 0, 196, 14, 159]
1552551546942;[171, 0, 17, 255, 161, 76, 221, 4, 198, 0, 0, 123, 1, 0, 2, 1, 0, 199, 14, 165]
1552551546943;[171, 0, 17, 255, 161, 76, 221, 4, 198, 0, 0, 128, 1, 0, 3, 1, 0, 196, 14, 187]
1552551547109;[171, 0, 17, 255, 161, 76, 221, 4, 198, 0, 0, 125, 1, 0, 2, 1, 0, 198, 15, 41]
1552551547276;[171, 0, 17, 255, 161, 76, 221, 4, 198, 0, 0, 127, 0, 0, 2, 1, 0, 196, 31, 135]
1552551547277;[171, 0, 17, 255, 161, 76, 221, 4, 198, 0, 0, 131, 1, 0, 4, 1, 0, 200, 7, 208]
1552551547460;[171, 0, 17, 255, 161, 76, 221, 4, 198, 0, 0, 128, 0, 0, 0, 1, 0, 197, 8, 21]
1552551547460;[171, 0, 17, 255, 161, 76, 221, 4, 198, 0, 0, 128, 1, 0, 1, 1, 0, 196, 8, 48]
1552551547627;[171, 0, 17, 255, 161, 76, 221, 4, 198, 0, 0, 127, 0, 0, 2, 1, 0, 196, 8, 55]
1552551547794;[171, 0, 17, 255, 161, 76, 221, 4, 198, 0, 0, 131, 1, 0, 1, 1, 0, 194, 8, 60]
1552551547795;[171, 0, 4, 255, 132, 128, 74]
1552551547962;[171, 0, 17, 255, 161, 76, 221, 4, 199, 0, 0, 128, 1, 0, 1, 1, 0, 200, 8, 56]
1552551547977;[171, 0, 17, 255, 161, 76, 221, 4, 199, 0, 0, 133, 1, 0, 3, 1, 0, 200, 8, 49]
1552551548145;[171, 0, 17, 255, 161, 76, 221, 4, 199, 0, 0, 128, 1, 0, 1, 1, 0, 196, 8, 108]
1552551548312;[171, 0, 17, 255, 161, 76, 221, 4, 199, 0, 0, 129, 1, 0, 3, 1, 0, 197, 8, 231]
1552551548313;[171, 0, 17, 255, 161, 76, 221, 4, 199, 0, 0, 129, 1, 0, 3, 1, 0, 194, 9, 50]
1552551548479;[171, 0, 17, 255, 161, 76, 221, 4, 199, 0, 0, 128, 0, 0, 1, 1, 0, 197, 9, 107]
1552551548480;[171, 0, 17, 255, 161, 76, 221, 4, 199, 0, 0, 131, 1, 0, 2, 1, 0, 198, 9, 150]
1552551548662;[171, 0, 17, 255, 161, 76, 221, 4, 199, 0, 0, 127, 1, 0, 2, 1, 0, 200, 9, 167]
1552551548830;[171, 0, 17, 255, 161, 76, 221, 4, 199, 0, 0, 128, 1, 0, 2, 1, 0, 196, 9, 177]
1552551548831;[171, 0, 17, 255, 161, 76, 221, 4, 199, 0, 0, 128, 1, 0, 1, 1, 0, 196, 9, 183]
1552551548831;[171, 0, 4, 255, 132, 128, 73]
1552551548997;[171, 0, 17, 255, 161, 76, 221, 4, 200, 0, 0, 128, 1, 0, 1, 1, 0, 199, 9, 177]
1552551549348;[171, 0, 17, 255, 161, 76, 221, 4, 200, 0, 0, 129, 1, 0, 1, 1, 0, 197, 9, 156]
1552551549515;[171, 0, 17, 255, 161, 76, 221, 4, 200, 0, 0, 129, 0, 0, 0, 1, 0, 197, 9, 162]
1552551549515;[171, 0, 17, 255, 161, 76, 221, 4, 200, 0, 0, 131, 1, 0, 3, 1, 0, 196, 10, 5]
1552551549532;[171, 0, 17, 255, 161, 76, 221, 4, 200, 0, 0, 131, 1, 0, 3, 1, 0, 194, 10, 83]
1552551549532;[171, 0, 17, 255, 161, 76, 221, 4, 200, 0, 0, 131, 1, 0, 2, 1, 0, 196, 10, 113]
1552551549866;[171, 0, 17, 255, 161, 76, 221, 4, 200, 0, 0, 128, 1, 0, 3, 1, 0, 197, 10, 143]
1552551549867;[171, 0, 17, 255, 161, 76, 221, 4, 200, 0, 0, 128, 0, 0, 2, 1, 0, 200, 10, 152]
1552551549867;[171, 0, 17, 255, 161, 76, 221, 4, 200, 0, 0, 128, 1, 0, 3, 1, 0, 200, 10, 143]
1552551549868;[171, 0, 17, 255, 161, 76, 221, 4, 200, 0, 0, 129, 1, 0, 1, 1, 0, 194, 10, 135]
1552551550033;[171, 0, 4, 255, 132, 128, 73]
1552551550034;[171, 0, 17, 255, 161, 76, 221, 4, 201, 0, 0, 128, 1, 0, 3, 1, 0, 196, 10, 108]
1552551550216;[171, 0, 17, 255, 161, 76, 221, 4, 201, 0, 0, 114, 0, 0, 3, 1, 0, 190, 10, 71]
1552551550384;[171, 0, 17, 255, 161, 76, 221, 4, 201, 0, 0, 127, 1, 0, 4, 1, 0, 196, 10, 41]
1552551550385;[171, 0, 17, 255, 161, 76, 221, 4, 201, 0, 0, 128, 1, 0, 3, 1, 0, 200, 10, 40]
1552551550735;[171, 0, 17, 255, 161, 76, 221, 4, 201, 0, 0, 128, 1, 0, 6, 1, 0, 196, 10, 120]
1552551550735;[171, 0, 17, 255, 161, 76, 221, 4, 201, 0, 0, 128, 0, 0, 0, 1, 0, 200, 10, 165]
1552551550736;[171, 0, 17, 255, 161, 76, 221, 4, 201, 0, 0, 128, 1, 0, 3, 1, 0, 191, 10, 190]
1552551550902;[171, 0, 17, 255, 161, 76, 221, 4, 201, 0, 0, 127, 0, 0, 1, 1, 0, 196, 10, 205]
1552551550902;[171, 0, 17, 255, 161, 76, 221, 4, 201, 0, 0, 128, 1, 0, 1, 1, 0, 196, 10, 198]
1552551551069;[171, 0, 17, 255, 161, 76, 221, 4, 201, 0, 0, 128, 0, 0, 0, 1, 0, 197, 10, 183]
1552551551069;[171, 0, 4, 255, 132, 128, 72]
1552551551253;[171, 0, 17, 255, 161, 76, 221, 4, 202, 0, 0, 129, 1, 0, 3, 1, 0, 197, 10, 155]
1552551551253;[171, 0, 17, 255, 161, 76, 221, 4, 202, 0, 0, 128, 1, 0, 4, 1, 0, 196, 10, 120]
1552551551587;[171, 0, 17, 255, 161, 76, 221, 4, 202, 0, 0, 129, 1, 0, 4, 1, 0, 194, 10, 79]
1552551551588;[171, 0, 17, 255, 161, 76, 221, 4, 202, 0, 0, 129, 1, 0, 2, 1, 0, 197, 10, 39]
1552551551588;[171, 0, 17, 255, 161, 76, 221, 4, 202, 0, 0, 128, 1, 0, 4, 1, 0, 196, 10, 93]
1552551551770;[171, 0, 17, 255, 161, 76, 221, 4, 202, 0, 0, 128, 0, 0, 2, 1, 0, 196, 10, 117]
1552551551771;[171, 0, 17, 255, 161, 76, 221, 4, 202, 0, 0, 129, 1, 0, 1, 1, 0, 197, 10, 110]
1552551552104;[171, 0, 17, 255, 161, 76, 221, 4, 202, 0, 0, 129, 1, 0, 4, 1, 0, 196, 10, 108]
1552551552105;[171, 0, 17, 255, 161, 76, 221, 4, 202, 0, 0, 129, 1, 0, 3, 1, 0, 196, 10, 92]
1552551552106;[171, 0, 17, 255, 161, 76, 221, 4, 202, 0, 0, 128, 0, 0, 1, 1, 0, 198, 10, 67]
1552551552288;[171, 0, 4, 255, 132, 128, 71]
1552551552289;[171, 0, 17, 255, 161, 76, 221, 4, 203, 0, 0, 128, 1, 0, 3, 1, 0, 199, 10, 41]
1552551552455;[171, 0, 17, 255, 161, 76, 221, 4, 203, 0, 0, 128, 0, 0, 1, 1, 0, 196, 9, 250]
1552551552456;[171, 0, 17, 255, 161, 76, 221, 4, 203, 0, 0, 128, 1, 0, 4, 1, 0, 200, 9, 220]
1552551552623;[171, 0, 17, 255, 161, 76, 221, 4, 203, 0, 0, 128, 0, 0, 0, 1, 0, 197, 9, 245]
1552551552790;[171, 0, 17, 255, 161, 76, 221, 4, 203, 0, 0, 128, 1, 0, 3, 1, 0, 197, 10, 24]
1552551552806;[171, 0, 17, 255, 161, 76, 221, 4, 203, 0, 0, 127, 0, 0, 0, 1, 0, 200, 10, 17]
1552551552973;[171, 0, 17, 255, 161, 76, 221, 4, 203, 0, 0, 131, 0, 0, 1, 1, 0, 197, 10, 15]
1552551552974;[171, 0, 17, 255, 161, 76, 221, 4, 203, 0, 0, 128, 0, 0, 2, 1, 0, 197, 10, 2]
1552551553141;[171, 0, 17, 255, 161, 76, 221, 4, 203, 0, 0, 128, 1, 0, 3, 1, 0, 198, 9, 230]
1552551553141;[171, 0, 17, 255, 161, 76, 221, 4, 203, 0, 0, 128, 1, 0, 3, 1, 0, 197, 9, 192]
1552551553307;[171, 0, 4, 255, 132, 128, 69]
1552551553491;[171, 0, 17, 255, 161, 76, 221, 4, 204, 0, 0, 129, 1, 0, 3, 1, 0, 197, 9, 153]
1552551553492;[171, 0, 17, 255, 161, 76, 221, 4, 204, 0, 0, 128, 1, 0, 4, 1, 0, 197, 9, 159]
1552551553658;[171, 0, 17, 255, 161, 76, 221, 4, 204, 0, 0, 128, 1, 0, 3, 1, 0, 197, 9, 186]
1552551553659;[171, 0, 17, 255, 161, 76, 221, 4, 204, 0, 0, 129, 1, 0, 3, 1, 0, 196, 9, 197]
1552551553825;[171, 0, 17, 255, 161, 76, 221, 4, 204, 0, 0, 129, 1, 0, 4, 1, 0, 200, 9, 195]
1552551553842;[171, 0, 17, 255, 161, 76, 221, 4, 204, 0, 0, 126, 1, 0, 4, 1, 0, 197, 9, 185]
1552551554010;[171, 0, 17, 255, 161, 76, 221, 4, 204, 0, 0, 129, 1, 0, 3, 1, 0, 196, 9, 161]
1552551554344;[171, 0, 17, 255, 161, 76, 221, 4, 204, 0, 0, 128, 1, 0, 3, 1, 0, 200, 9, 137]
1552551554344;[171, 0, 17, 255, 161, 76, 221, 4, 204, 0, 0, 128, 1, 0, 1, 1, 0, 197, 9, 105]
1552551554360;[171, 0, 17, 255, 161, 76, 221, 4, 204, 0, 0, 127, 0, 0, 3, 1, 0, 196, 9, 140]
1552551554361;[171, 0, 4, 255, 132, 128, 67]
1552551554528;[171, 0, 17, 255, 161, 76, 221, 4, 205, 0, 0, 131, 1, 0, 3, 1, 0, 196, 9, 172]
1552551554695;[171, 0, 17, 255, 161, 76, 221, 4, 205, 0, 0, 127, 1, 0, 3, 1, 0, 196, 9, 174]
1552551554695;[171, 0, 17, 255, 161, 76, 221, 4, 205, 0, 0, 127, 1, 0, 3, 1, 0, 196, 9, 175]
1552551554862;[171, 0, 17, 255, 161, 76, 221, 4, 205, 0, 0, 127, 1, 0, 2, 1, 0, 198, 9, 151]
1552551554878;[171, 0, 17, 255, 161, 76, 221, 4, 205, 0, 0, 129, 1, 0, 1, 1, 0, 202, 9, 123]
1552551555045;[171, 0, 17, 255, 161, 76, 221, 4, 205, 0, 0, 128, 0, 0, 2, 1, 0, 199, 9, 92]
1552551555046;[171, 0, 17, 255, 161, 76, 221, 4, 205, 0, 0, 128, 1, 0, 3, 1, 0, 196, 9, 95]
1552551555379;[171, 0, 17, 255, 161, 76, 221, 4, 205, 0, 0, 128, 0, 0, 0, 1, 0, 192, 9, 134]
1552551555380;[171, 0, 17, 255, 161, 76, 221, 4, 205, 0, 0, 127, 1, 0, 3, 1, 0, 198, 9, 139]
1552551555396;[171, 0, 17, 255, 161, 76, 221, 4, 205, 0, 0, 128, 1, 0, 4, 1, 0, 196, 9, 143]
1552551555563;[171, 0, 4, 255, 132, 128, 66]
1552551555564;[171, 0, 17, 255, 161, 76, 221, 4, 206, 0, 0, 129, 1, 0, 1, 1, 0, 198, 9, 141]
1552551555898;[171, 0, 17, 255, 161, 76, 221, 4, 206, 0, 0, 131, 1, 0, 4, 1, 0, 202, 9, 118]
1552551555899;[171, 0, 17, 255, 161, 76, 221, 4, 206, 0, 0, 128, 1, 0, 1, 1, 0, 194, 9, 88]
1552551555914;[171, 0, 17, 255, 161, 76, 221, 4, 206, 0, 0, 128, 1, 0, 3, 1, 0, 194, 9, 68]
1552551556081;[171, 0, 17, 255, 161, 76, 221, 4, 206, 0, 0, 128, 1, 0, 1, 1, 0, 201, 9, 100]
1552551556082;[171, 0, 17, 255, 161, 76, 221, 4, 206, 0, 0, 128, 0, 0, 2, 1, 0, 197, 9, 126]
1552551556248;[171, 0, 17, 255, 161, 76, 221, 4, 206, 0, 0, 135, 1, 0, 1, 1, 0, 197, 9, 120]
1552551556249;[171, 0, 17, 255, 161, 76, 221, 4, 206, 0, 0, 128, 1, 0, 4, 1, 0, 198, 9, 112]
1552551556415;[171, 0, 17, 255, 161, 76, 221, 4, 206, 0, 0, 128, 0, 0, 0, 1, 0, 198, 9, 100]
1552551556599;[171, 0, 17, 255, 161, 76, 221, 4, 206, 0, 0, 128, 1, 0, 2, 1, 0, 196, 9, 71]
1552551556600;[171, 0, 4, 255, 132, 128, 66]
1552551556766;[171, 0, 17, 255, 161, 76, 221, 4, 207, 0, 0, 129, 0, 0, 1, 1, 0, 200, 9, 41]
1552551556766;[171, 0, 17, 255, 161, 76, 221, 4, 207, 0, 0, 128, 1, 0, 3, 1, 0, 197, 9, 0]
1552551556933;[171, 0, 17, 255, 161, 76, 221, 4, 207, 0, 0, 129, 1, 0, 3, 1, 0, 197, 9, 16]
1552551556934;[171, 0, 17, 255, 161, 76, 221, 4, 207, 0, 0, 131, 1, 0, 4, 1, 0, 198, 9, 43]
1552551557117;[171, 0, 17, 255, 161, 76, 221, 4, 207, 0, 0, 128, 1, 0, 2, 1, 0, 196, 9, 54]
1552551557284;[171, 0, 17, 255, 161, 76, 221, 4, 207, 0, 0, 128, 1, 0, 6, 1, 0, 197, 9, 52]
1552551557285;[171, 0, 17, 255, 161, 76, 221, 4, 207, 0, 0, 128, 1, 0, 3, 1, 0, 196, 9, 30]
1552551557635;[171, 0, 17, 255, 161, 76, 221, 4, 207, 0, 0, 131, 0, 0, 0, 1, 0, 199, 9, 5]
1552551557636;[171, 0, 17, 255, 161, 76, 221, 4, 207, 0, 0, 129, 1, 0, 3, 1, 0, 196, 8, 230]
1552551557636;[171, 0, 17, 255, 161, 76, 221, 4, 207, 0, 0, 133, 1, 0, 4, 1, 0, 196, 8, 194]
1552551557637;[171, 0, 4, 255, 132, 128, 67]
1552551557802;[171, 0, 17, 255, 161, 76, 221, 4, 208, 0, 0, 129, 1, 0, 1, 1, 0, 196, 8, 149]
1552551557969;[171, 0, 17, 255, 161, 76, 221, 4, 208, 0, 0, 129, 1, 0, 3, 1, 0, 196, 8, 169]
1552551557970;[171, 0, 17, 255, 161, 76, 221, 4, 208, 0, 0, 131, 1, 0, 4, 1, 0, 197, 8, 177]
1552551558153;[171, 0, 17, 255, 161, 76, 221, 4, 208, 0, 0, 129, 1, 0, 4, 1, 0, 196, 8, 166]
1552551558154;[171, 0, 17, 255, 161, 76, 221, 4, 208, 0, 0, 128, 1, 0, 3, 1, 0, 200, 8, 153]
1552551558320;[171, 0, 17, 255, 161, 76, 221, 4, 208, 0, 0, 135, 1, 0, 5, 1, 0, 196, 8, 127]
1552551558487;[171, 0, 17, 255, 161, 76, 221, 4, 208, 0, 0, 129, 1, 0, 2, 1, 0, 199, 8, 97]
1552551558671;[171, 0, 17, 255, 161, 76, 221, 4, 208, 0, 0, 131, 1, 0, 1, 1, 0, 197, 8, 53]
1552551558671;[171, 0, 17, 255, 161, 76, 221, 4, 208, 0, 0, 128, 1, 0, 4, 1, 0, 197, 8, 15]
1552551558672;[171, 0, 17, 255, 161, 76, 221, 4, 208, 0, 0, 128, 0, 0, 1, 1, 0, 197, 7, 253]
1552551558838;[171, 0, 4, 255, 132, 128, 67]
1552551558839;[171, 0, 17, 255, 161, 76, 221, 4, 209, 0, 0, 129, 1, 0, 4, 1, 0, 197, 8, 24]
1552551559005;[171, 0, 17, 255, 161, 76, 221, 4, 209, 0, 0, 129, 1, 0, 3, 1, 0, 198, 8, 21]
1552551559172;[171, 0, 17, 255, 161, 76, 221, 4, 209, 0, 0, 128, 1, 0, 2, 1, 0, 197, 8, 12]
1552551559189;[171, 0, 17, 255, 161, 76, 221, 4, 209, 0, 0, 127, 1, 0, 3, 1, 0, 196, 7, 250]
1552551559356;[171, 0, 17, 255, 161, 76, 221, 4, 209, 0, 0, 131, 1, 0, 6, 1, 0, 197, 7, 220]
1552551559357;[171, 0, 17, 255, 161, 76, 221, 4, 209, 0, 0, 127, 1, 0, 3, 1, 0, 200, 7, 186]
1552551559523;[171, 0, 17, 255, 161, 76, 221, 4, 209, 0, 0, 128, 0, 0, 0, 1, 0, 198, 7, 139]
1552551559691;[171, 0, 17, 255, 161, 76, 221, 4, 209, 0, 0, 128, 1, 0, 3, 1, 0, 196, 7, 97]
1552551559707;[171, 0, 17, 255, 161, 76, 221, 4, 209, 0, 0, 122, 1, 0, 3, 1, 0, 200, 7, 59]
1552551559874;[171, 0, 17, 255, 161, 76, 221, 4, 209, 0, 0, 131, 1, 0, 3, 1, 0, 196, 7, 18]
1552551559875;[171, 0, 4, 255, 132, 128, 68]
1552551560041;[171, 0, 17, 255, 161, 76, 221, 4, 210, 0, 0, 127, 1, 0, 3, 1, 0, 199, 7, 16]
1552551560042;[171, 0, 17, 255, 161, 76, 221, 4, 210, 0, 0, 131, 1, 0, 5, 1, 0, 197, 7, 24]
1552551560208;[171, 0, 17, 255, 161, 76, 221, 4, 210, 0, 0, 129, 1, 0, 3, 1, 0, 197, 7, 15]
1552551560392;[171, 0, 17, 255, 161, 76, 221, 4, 210, 0, 0, 129, 1, 0, 5, 1, 0, 196, 7, 4]
1552551560393;[171, 0, 17, 255, 161, 76, 221, 4, 210, 0, 0, 128, 1, 0, 1, 1, 0, 197, 6, 229]
1552551560559;[171, 0, 17, 255, 161, 76, 221, 4, 210, 0, 0, 129, 1, 0, 3, 1, 0, 196, 6, 198]
1552551560560;[171, 0, 17, 255, 161, 76, 221, 4, 210, 0, 0, 129, 1, 0, 2, 1, 0, 203, 6, 181]
1552551560726;[171, 0, 17, 255, 161, 76, 221, 4, 210, 0, 0, 122, 0, 0, 2, 1, 0, 192, 6, 176]
1552551560743;[171, 0, 17, 255, 161, 76, 221, 4, 210, 0, 0, 124, 0, 0, 7, 1, 0, 198, 6, 134]
1552551560911;[171, 0, 17, 255, 161, 76, 221, 4, 210, 0, 0, 118, 1, 0, 7, 1, 0, 204, 6, 37]
1552551561077;[171, 0, 4, 255, 132, 128, 68]
1552551561078;[171, 0, 17, 255, 161, 76, 221, 4, 211, 0, 0, 118, 1, 0, 5, 1, 0, 201, 5, 237]
1552551561245;[171, 0, 17, 255, 161, 76, 221, 4, 211, 0, 0, 120, 1, 0, 8, 1, 0, 202, 5, 215]
1552551561261;[171, 0, 17, 255, 161, 76, 221, 4, 211, 0, 0, 115, 1, 0, 5, 1, 0, 210, 5, 174]
1552551561428;[171, 0, 17, 255, 161, 76, 221, 4, 211, 0, 0, 118, 1, 0, 3, 1, 0, 207, 5, 134]
1552551561595;[171, 0, 17, 255, 161, 76, 221, 4, 211, 0, 0, 118, 1, 0, 10, 1, 0, 207, 5, 83]
1552551561595;[171, 0, 17, 255, 161, 76, 221, 4, 211, 0, 0, 115, 1, 0, 2, 1, 0, 210, 5, 12]
1552551561762;[171, 0, 17, 255, 161, 76, 221, 4, 211, 0, 0, 116, 1, 0, 8, 1, 0, 210, 4, 209]
1552551561763;[171, 0, 17, 255, 161, 76, 221, 4, 211, 0, 0, 114, 1, 0, 6, 1, 0, 204, 4, 134]
1552551561946;[171, 0, 17, 255, 161, 76, 221, 4, 211, 0, 0, 117, 1, 0, 3, 1, 0, 210, 4, 65]
1552551561947;[171, 0, 17, 255, 161, 76, 221, 4, 211, 0, 0, 116, 1, 0, 6, 1, 0, 208, 4, 27]
1552551562114;[171, 0, 4, 255, 132, 128, 68]
1552551562281;[171, 0, 17, 255, 161, 76, 221, 4, 212, 0, 0, 114, 1, 0, 9, 1, 0, 210, 3, 248]
1552551562463;[171, 0, 17, 255, 161, 76, 221, 4, 212, 0, 0, 115, 1, 0, 4, 1, 0, 210, 3, 220]
1552551562464;[171, 0, 17, 255, 161, 76, 221, 4, 212, 0, 0, 115, 1, 0, 10, 1, 0, 211, 3, 184]
1552551562465;[171, 0, 17, 255, 161, 76, 221, 4, 212, 0, 0, 114, 1, 0, 3, 1, 0, 210, 3, 141]
1552551562631;[171, 0, 17, 255, 161, 76, 221, 4, 212, 0, 0, 115, 1, 0, 3, 1, 0, 210, 3, 105]
1552551562632;[171, 0, 17, 255, 161, 76, 221, 4, 212, 0, 0, 114, 1, 0, 5, 1, 0, 209, 3, 66]
1552551562982;[171, 0, 17, 255, 161, 76, 221, 4, 212, 0, 0, 114, 1, 0, 4, 1, 0, 211, 3, 17]
1552551562982;[171, 0, 17, 255, 161, 76, 221, 4, 212, 0, 0, 109, 1, 0, 7, 1, 0, 207, 3, 5]
1552551562983;[171, 0, 17, 255, 161, 76, 221, 4, 212, 0, 0, 114, 1, 0, 3, 1, 0, 211, 3, 9]
1552551563149;[171, 0, 17, 255, 161, 76, 221, 4, 212, 0, 0, 112, 1, 0, 4, 1, 0, 213, 3, 21]
1552551563150;[171, 0, 4, 255, 132, 128, 68]
1552551563319;[171, 0, 17, 255, 161, 76, 221, 4, 213, 0, 0, 112, 1, 0, 7, 1, 0, 210, 3, 28]
1552551563667;[171, 0, 17, 255, 161, 76, 221, 4, 213, 0, 0, 114, 1, 0, 4, 1, 0, 211, 3, 21]
1552551563668;[171, 0, 17, 255, 161, 76, 221, 4, 213, 0, 0, 114, 1, 0, 7, 1, 0, 211, 3, 21]
1552551563668;[171, 0, 17, 255, 161, 76, 221, 4, 213, 0, 0, 112, 1, 0, 9, 1, 0, 211, 3, 8]
1552551563669;[171, 0, 17, 255, 161, 76, 221, 4, 213, 0, 0, 112, 1, 0, 5, 1, 0, 210, 2, 238]
1552551563834;[171, 0, 17, 255, 161, 76, 221, 4, 213, 0, 0, 114, 1, 0, 5, 1, 0, 208, 2, 228]
1552551563835;[171, 0, 17, 255, 161, 76, 221, 4, 213, 0, 0, 112, 1, 0, 2, 1, 0, 207, 2, 246]
1552551564018;[171, 0, 17, 255, 161, 76, 221, 4, 213, 0, 0, 112, 1, 0, 3, 1, 0, 213, 2, 254]
1552551564185;[171, 0, 17, 255, 161, 76, 221, 4, 213, 0, 0, 108, 1, 0, 3, 1, 0, 207, 2, 242]
1552551564185;[171, 0, 17, 255, 161, 76, 221, 4, 213, 0, 0, 112, 1, 0, 3, 1, 0, 207, 2, 241]
1552551564352;[171, 0, 4, 255, 132, 128, 68]
1552551564353;[171, 0, 17, 255, 161, 76, 221, 4, 214, 0, 0, 115, 1, 0, 12, 1, 0, 210, 2, 240]
1552551564536;[171, 0, 17, 255, 161, 76, 221, 4, 214, 0, 0, 114, 1, 0, 5, 1, 0, 211, 2, 230]
1552551564703;[171, 0, 17, 255, 161, 76, 221, 4, 214, 0, 0, 114, 1, 0, 4, 1, 0, 210, 2, 234]
1552551564704;[171, 0, 17, 255, 161, 76, 221, 4, 214, 0, 0, 118, 1, 0, 5, 1, 0, 209, 2, 237]
1552551564870;[171, 0, 17, 255, 161, 76, 221, 4, 214, 0, 0, 117, 1, 0, 7, 1, 0, 209, 3, 51]
1552551564871;[171, 0, 17, 255, 161, 76, 221, 4, 214, 0, 0, 108, 1, 0, 1, 1, 0, 211, 3, 115]
1552551565054;[171, 0, 17, 255, 161, 76, 221, 4, 214, 0, 0, 114, 1, 0, 8, 1, 0, 210, 3, 130]
1552551565054;[171, 0, 17, 255, 161, 76, 221, 4, 214, 0, 0, 108, 1, 0, 4, 1, 0, 213, 3, 161]
1552551565221;[171, 0, 17, 255, 161, 76, 221, 4, 214, 0, 0, 113, 1, 0, 3, 1, 0, 210, 3, 164]
1552551565388;[171, 0, 17, 255, 161, 76, 221, 4, 214, 0, 0, 115, 1, 0, 5, 1, 0, 211, 3, 170]
1552551565389;[171, 0, 4, 255, 132, 128, 68]
1552551565571;[171, 0, 17, 255, 161, 76, 221, 4, 215, 0, 0, 113, 1, 0, 5, 1, 0, 210, 3, 167]
1552551565572;[171, 0, 17, 255, 161, 76, 221, 4, 215, 0, 0, 111, 1, 0, 8, 1, 0, 210, 3, 148]
1552551565739;[171, 0, 17, 255, 161, 76, 221, 4, 215, 0, 0, 111, 1, 0, 5, 1, 0, 207, 3, 176]
1552551565740;[171, 0, 17, 255, 161, 76, 221, 4, 215, 0, 0, 110, 1, 0, 6, 1, 0, 211, 3, 237]
1552551565906;[171, 0, 17, 255, 161, 76, 221, 4, 215, 0, 0, 115, 1, 0, 8, 1, 0, 210, 4, 11]
1552551566073;[171, 0, 17, 255, 161, 76, 221, 4, 215, 0, 0, 112, 1, 0, 9, 1, 0, 211, 4, 33]
1552551566090;[171, 0, 17, 255, 161, 76, 221, 4, 215, 0, 0, 115, 1, 0, 10, 1, 0, 210, 4, 39]
1552551566256;[171, 0, 17, 255, 161, 76, 221, 4, 215, 0, 0, 114, 1, 0, 9, 1, 0, 211, 4, 23]
1552551566257;[171, 0, 17, 255, 161, 76, 221, 4, 215, 0, 0, 111, 1, 0, 10, 1, 0, 211, 4, 11]
1552551566591;[171, 0, 17, 255, 161, 76, 221, 4, 218, 0, 0, 204, 0, 0, 110, 1, 0, 31, 3, 174]
1552551566775;[171, 0, 17, 255, 161, 76, 221, 4, 218, 0, 0, 202, 0, 0, 125, 1, 0, 11, 3, 249]
1552551566941;[171, 0, 17, 255, 161, 76, 221, 4, 218, 0, 0, 201, 0, 0, 134, 1, 0, 2, 4, 23]
1552551566942;[171, 0, 17, 255, 161, 76, 221, 4, 218, 0, 0, 196, 0, 0, 134, 0, 0, 3, 3, 253]
1552551566943;[171, 0, 17, 255, 161, 76, 221, 4, 218, 0, 0, 192, 0, 0, 138, 0, 0, 12, 3, 221]
1552551567108;[171, 0, 17, 255, 161, 76, 221, 4, 218, 0, 0, 196, 0, 0, 135, 1, 0, 5, 3, 218]
1552551567292;[171, 0, 17, 255, 161, 76, 221, 4, 218, 0, 0, 196, 0, 0, 145, 0, 0, 21, 3, 246]
1552551567460;[171, 0, 17, 255, 161, 76, 221, 4, 218, 0, 0, 185, 0, 0, 152, 0, 0, 47, 4, 78]
1552551567460;[171, 0, 17, 255, 161, 76, 221, 4, 218, 0, 0, 173, 0, 0, 168, 0, 0, 82, 4, 195]
1552551567461;[171, 0, 17, 255, 161, 76, 221, 4, 218, 0, 0, 179, 0, 0, 153, 0, 0, 90, 5, 7]
1552551567810;[171, 0, 4, 255, 132, 128, 70]
1552551567977;[171, 0, 17, 255, 161, 76, 221, 4, 219, 0, 0, 160, 0, 0, 155, 0, 0, 84, 5, 96]
1552551567978;[171, 0, 17, 255, 161, 76, 221, 4, 219, 0, 0, 173, 0, 0, 156, 0, 0, 87, 6, 52]
1552551567978;[171, 0, 17, 255, 161, 76, 221, 4, 219, 0, 0, 170, 0, 0, 170, 0, 0, 81, 7, 25]
1552551567979;[171, 0, 17, 255, 161, 76, 221, 4, 219, 0, 0, 170, 0, 0, 155, 0, 0, 88, 7, 176]
1552551568144;[171, 0, 17, 255, 161, 76, 221, 4, 219, 0, 0, 180, 0, 0, 152, 0, 0, 71, 8, 26]
1552551568145;[171, 0, 17, 255, 161, 76, 221, 4, 219, 0, 0, 180, 0, 0, 155, 0, 0, 77, 8, 68]
1552551568328;[171, 0, 17, 255, 161, 76, 221, 4, 219, 0, 0, 175, 0, 0, 152, 0, 0, 77, 8, 87]
1552551568495;[171, 0, 17, 255, 161, 76, 221, 4, 219, 0, 0, 173, 0, 0, 161, 0, 0, 90, 8, 95]
1552551568496;[171, 0, 17, 255, 161, 76, 221, 4, 219, 0, 0, 170, 0, 0, 156, 0, 0, 90, 8, 86]
1552551568662;[171, 0, 17, 255, 161, 76, 221, 4, 219, 0, 0, 177, 0, 0, 157, 0, 0, 87, 8, 38]
1552551568663;[171, 0, 4, 255, 132, 128, 70]
1552551568846;[171, 0, 17, 255, 161, 76, 221, 4, 220, 0, 0, 173, 0, 0, 158, 0, 0, 88, 7, 235]
1552551568846;[171, 0, 17, 255, 161, 76, 221, 4, 220, 0, 0, 170, 0, 0, 155, 0, 0, 92, 7, 184]
1552551569013;[171, 0, 17, 255, 161, 76, 221, 4, 220, 0, 0, 177, 0, 0, 156, 0, 0, 93, 7, 145]
1552551569180;[171, 0, 17, 255, 161, 76, 221, 4, 220, 0, 0, 165, 0, 0, 156, 0, 0, 97, 7, 90]
1552551569181;[171, 0, 17, 255, 161, 76, 221, 4, 220, 0, 0, 175, 0, 0, 141, 0, 0, 101, 7, 74]
1552551569364;[171, 0, 17, 255, 161, 76, 221, 4, 220, 0, 0, 171, 0, 0, 158, 0, 0, 99, 7, 70]
1552551569365;[171, 0, 17, 255, 161, 76, 221, 4, 220, 0, 0, 169, 0, 0, 157, 0, 0, 102, 7, 50]
1552551569531;[171, 0, 17, 255, 161, 76, 221, 4, 220, 0, 0, 164, 0, 0, 155, 0, 0, 101, 7, 37]
1552551569532;[171, 0, 17, 255, 161, 76, 221, 4, 220, 0, 0, 171, 0, 0, 150, 0, 0, 99, 7, 22]
1552551569699;[171, 0, 17, 255, 161, 76, 221, 4, 220, 0, 0, 159, 0, 0, 158, 0, 0, 101, 6, 243]
1552551569882;[171, 0, 4, 255, 132, 128, 70]
1552551569883;[171, 0, 17, 255, 161, 76, 221, 4, 221, 0, 0, 170, 0, 0, 135, 0, 0, 106, 6, 224]
1552551570049;[171, 0, 17, 255, 161, 76, 221, 4, 221, 0, 0, 170, 0, 0, 165, 0, 0, 88, 6, 197]
1552551570216;[171, 0, 17, 255, 161, 76, 221, 4, 221, 0, 0, 177, 0, 0, 153, 0, 0, 105, 6, 199]
1552551570217;[171, 0, 17, 255, 161, 76, 221, 4, 221, 0, 0, 160, 0, 0, 156, 0, 0, 96, 6, 233]
1552551570400;[171, 0, 17, 255, 161, 76, 221, 4, 221, 0, 0, 160, 0, 0, 160, 0, 0, 96, 6, 253]
1552551570400;[171, 0, 17, 255, 161, 76, 221, 4, 221, 0, 0, 165, 0, 0, 160, 0, 0, 101, 7, 8]
1552551570567;[171, 0, 17, 255, 161, 76, 221, 4, 221, 0, 0, 164, 0, 0, 165, 0, 0, 99, 7, 16]
1552551570568;[171, 0, 17, 255, 161, 76, 221, 4, 221, 0, 0, 160, 0, 0, 156, 0, 0, 102, 7, 12]
1552551570734;[171, 0, 17, 255, 161, 76, 221, 4, 221, 0, 0, 160, 0, 0, 165, 0, 0, 97, 7, 9]
1552551570735;[171, 0, 17, 255, 161, 76, 221, 4, 221, 0, 0, 160, 0, 0, 154, 0, 0, 98, 7, 0]
1552551570918;[171, 0, 4, 255, 132, 128, 70]
1552551571252;[171, 0, 17, 255, 161, 76, 221, 4, 222, 0, 0, 164, 0, 0, 156, 0, 0, 97, 6, 251]
1552551571253;[171, 0, 17, 255, 161, 76, 221, 4, 222, 0, 0, 169, 0, 0, 155, 0, 0, 101, 7, 31]
1552551571253;[171, 0, 17, 255, 161, 76, 221, 4, 222, 0, 0, 164, 0, 0, 157, 0, 0, 108, 7, 63]
1552551571254;[171, 0, 17, 255, 161, 76, 221, 4, 222, 0, 0, 157, 0, 0, 169, 0, 0, 95, 7, 82]
1552551571436;[171, 0, 17, 255, 161, 76, 221, 4, 222, 0, 0, 158, 0, 0, 156, 0, 0, 106, 7, 98]
1552551571603;[171, 0, 17, 255, 161, 76, 221, 4, 222, 0, 0, 158, 0, 0, 161, 0, 0, 102, 7, 109]
1552551571604;[171, 0, 17, 255, 161, 76, 221, 4, 222, 0, 0, 164, 0, 0, 163, 0, 0, 102, 7, 96]
1552551571771;[171, 0, 17, 255, 161, 76, 221, 4, 222, 0, 0, 157, 0, 0, 156, 0, 0, 105, 7, 94]
1552551571772;[171, 0, 17, 255, 161, 76, 221, 4, 222, 0, 0, 165, 0, 0, 160, 0, 0, 103, 7, 100]
1552551571937;[171, 0, 17, 255, 161, 76, 221, 4, 222, 0, 0, 165, 0, 0, 155, 0, 0, 102, 7, 133]
1552551571954;[171, 0, 4, 255, 132, 128, 71]
1552551572121;[171, 0, 17, 255, 161, 76, 221, 4, 223, 0, 0, 165, 0, 0, 160, 0, 0, 104, 7, 156]
1552551572289;[171, 0, 17, 255, 161, 76, 221, 4, 223, 0, 0, 159, 0, 0, 156, 0, 0, 102, 7, 167]
1552551572289;[171, 0, 17, 255, 161, 76, 221, 4, 223, 0, 0, 159, 0, 0, 155, 0, 0, 102, 7, 181]
1552551572456;[171, 0, 17, 255, 161, 76, 221, 4, 223, 0, 0, 170, 0, 0, 158, 0, 0, 108, 7, 173]
1552551572472;[171, 0, 17, 255, 161, 76, 221, 4, 223, 0, 0, 169, 0, 0, 154, 0, 0, 108, 7, 173]
1552551572639;[171, 0, 17, 255, 161, 76, 221, 4, 223, 0, 0, 159, 0, 0, 156, 0, 0, 103, 7, 167]
1552551572640;[171, 0, 17, 255, 161, 76, 221, 4, 223, 0, 0, 170, 0, 0, 152, 0, 0, 115, 7, 171]
1552551572806;[171, 0, 17, 255, 161, 76, 221, 4, 223, 0, 0, 175, 0, 0, 157, 0, 0, 106, 7, 254]
1552551572973;[171, 0, 17, 255, 161, 76, 221, 4, 223, 0, 0, 173, 0, 0, 155, 0, 0, 114, 8, 116]
1552551572990;[171, 0, 17, 255, 161, 76, 221, 4, 223, 0, 0, 159, 0, 0, 152, 0, 0, 116, 9, 5]
1552551573157;[171, 0, 4, 255, 132, 128, 71]
1552551573158;[171, 0, 17, 255, 161, 76, 221, 4, 224, 0, 0, 156, 0, 0, 161, 0, 0, 121, 9, 136]
1552551573324;[171, 0, 17, 255, 161, 76, 221, 4, 224, 0, 0, 164, 0, 0, 152, 0, 0, 125, 9, 237]
1552551573491;[171, 0, 17, 255, 161, 76, 221, 4, 224, 0, 0, 179, 0, 0, 149, 0, 0, 102, 10, 48]
1552551573675;[171, 0, 17, 255, 161, 76, 221, 4, 224, 0, 0, 192, 0, 0, 135, 0, 0, 61, 10, 34]
1552551573842;[171, 0, 17, 255, 161, 76, 221, 4, 224, 0, 0, 156, 0, 0, 144, 0, 0, 78, 9, 225]
1552551573842;[171, 0, 17, 255, 161, 76, 221, 4, 224, 0, 0, 164, 0, 0, 165, 0, 0, 73, 9, 145]
1552551573843;[171, 0, 17, 255, 161, 76, 221, 4, 224, 0, 0, 190, 0, 0, 162, 0, 0, 65, 9, 125]
1552551573843;[171, 0, 17, 255, 161, 76, 221, 4, 224, 0, 0, 165, 0, 0, 147, 0, 0, 56, 9, 55]
1552551574009;[171, 0, 17, 255, 161, 76, 221, 4, 224, 0, 0, 159, 0, 0, 152, 0, 0, 93, 8, 238]
1552551574193;[171, 0, 17, 255, 161, 76, 221, 4, 224, 0, 0, 187, 0, 0, 140, 0, 0, 101, 8, 190]
1552551574194;[171, 0, 4, 255, 132, 128, 71]
1552551574360;[171, 0, 17, 255, 161, 76, 221, 4, 225, 0, 0, 191, 0, 0, 145, 0, 0, 99, 8, 123]
1552551574361;[171, 0, 17, 255, 161, 76, 221, 4, 225, 0, 0, 190, 0, 0, 153, 0, 0, 102, 8, 128]
1552551574711;[171, 0, 17, 255, 161, 76, 221, 4, 225, 0, 0, 187, 0, 0, 155, 0, 0, 111, 8, 160]
1552551574712;[171, 0, 17, 255, 161, 76, 221, 4, 225, 0, 0, 187, 0, 0, 160, 0, 0, 119, 8, 187]
1552551574712;[171, 0, 17, 255, 161, 76, 221, 4, 225, 0, 0, 186, 0, 0, 138, 0, 0, 102, 8, 237]
1552551574878;[171, 0, 17, 255, 161, 76, 221, 4, 225, 0, 0, 129, 0, 0, 130, 0, 0, 99, 9, 99]
1552551574879;[171, 0, 17, 255, 161, 76, 221, 4, 225, 0, 0, 148, 0, 0, 145, 0, 0, 63, 9, 101]
1552551575045;[171, 0, 17, 255, 161, 76, 221, 4, 225, 0, 0, 193, 0, 0, 115, 0, 0, 95, 9, 5]
1552551575046;[171, 0, 17, 255, 161, 76, 221, 4, 225, 0, 0, 146, 0, 0, 172, 0, 0, 82, 8, 143]
1552551575229;[171, 0, 17, 255, 161, 76, 221, 4, 225, 0, 0, 169, 0, 0, 250, 0, 0, 34, 7, 167]
1552551575747;[171, 0, 4, 255, 132, 128, 71]
1552551575748;[171, 0, 17, 255, 161, 76, 221, 4, 226, 0, 0, 139, 0, 0, 210, 1, 0, 7, 6, 25]
1552551575914;[171, 0, 17, 255, 161, 76, 221, 4, 226, 0, 0, 116, 0, 0, 199, 1, 0, 31, 5, 117]
1552551576082;[171, 0, 17, 255, 161, 76, 221, 4, 226, 0, 0, 144, 0, 0, 141, 1, 0, 75, 5, 51]
1552551576083;[171, 0, 17, 255, 161, 76, 221, 4, 226, 0, 0, 181, 0, 0, 139, 1, 0, 109, 4, 190]
1552551576083;[171, 0, 17, 255, 161, 76, 221, 4, 226, 0, 0, 168, 0, 0, 155, 1, 0, 152, 4, 78]
1552551576098;[171, 0, 17, 255, 161, 76, 221, 4, 226, 0, 0, 85, 0, 0, 148, 1, 0, 147, 4, 166]
1552551576098;[171, 0, 17, 255, 161, 76, 221, 4, 226, 0, 0, 122, 0, 0, 125, 1, 0, 148, 3, 210]
1552551576099;[171, 0, 17, 255, 161, 76, 221, 4, 226, 0, 0, 78, 0, 0, 169, 1, 0, 147, 3, 119]
1552551576265;[171, 0, 17, 255, 161, 76, 221, 4, 226, 0, 0, 55, 0, 0, 172, 1, 0, 172, 3, 23]
1552551576265;[171, 0, 17, 255, 161, 76, 221, 4, 226, 0, 0, 55, 0, 0, 129, 1, 0, 192, 2, 128]
1552551576432;[171, 0, 4, 255, 132, 128, 71]
1552551576433;[171, 0, 17, 255, 161, 76, 221, 4, 227, 0, 0, 85, 0, 0, 131, 1, 0, 185, 1, 255]
1552551576599;[171, 0, 17, 255, 161, 76, 221, 4, 227, 0, 0, 73, 0, 0, 155, 1, 0, 168, 1, 173]
1552551576783;[171, 0, 17, 255, 161, 76, 221, 4, 227, 0, 0, 89, 0, 0, 166, 1, 0, 132, 1, 108]
1552551576784;[171, 0, 17, 255, 161, 76, 221, 4, 227, 0, 0, 118, 0, 0, 188, 1, 0, 118, 1, 95]
1552551576951;[171, 0, 17, 255, 161, 76, 221, 4, 227, 0, 0, 127, 0, 0, 182, 1, 0, 102, 1, 208]
1552551576951;[171, 0, 17, 255, 161, 76, 221, 4, 227, 0, 0, 83, 0, 0, 194, 1, 0, 105, 1, 244]
1552551577301;[171, 0, 17, 255, 161, 76, 221, 4, 227, 0, 0, 105, 0, 0, 174, 1, 0, 125, 1, 251]
1552551577301;[171, 0, 17, 255, 161, 76, 221, 4, 227, 0, 0, 120, 0, 0, 182, 1, 0, 90, 2, 104]
1552551577302;[171, 0, 17, 255, 161, 76, 221, 4, 227, 0, 0, 112, 0, 0, 170, 1, 0, 86, 2, 124]
1552551577468;[171, 0, 17, 255, 161, 76, 221, 4, 227, 0, 0, 118, 0, 0, 123, 1, 0, 105, 2, 31]
1552551577468;[171, 0, 4, 255, 132, 128, 71]
1552551577635;[171, 0, 17, 255, 161, 76, 221, 4, 228, 0, 0, 143, 0, 0, 146, 1, 0, 107, 1, 184]
1552551577636;[171, 0, 17, 255, 161, 76, 221, 4, 228, 0, 0, 122, 0, 0, 194, 1, 0, 78, 1, 82]
1552551577819;[171, 0, 17, 255, 161, 76, 221, 4, 228, 0, 0, 108, 0, 0, 191, 1, 0, 45, 0, 229]
1552551577986;[171, 0, 17, 255, 161, 76, 221, 4, 228, 0, 0, 111, 0, 0, 200, 1, 0, 54, 16, 154]
1552551577986;[171, 0, 17, 255, 161, 76, 221, 4, 228, 0, 0, 148, 0, 0, 213, 1, 0, 19, 7, 148]
1552551578153;[171, 0, 17, 255, 161, 76, 221, 4, 228, 0, 0, 181, 0, 0, 214, 0, 0, 9, 7, 100]
1552551578153;[171, 0, 17, 255, 161, 76, 221, 4, 228, 0, 0, 156, 0, 0, 227, 0, 0, 45, 7, 99]
1552551578504;[171, 0, 17, 255, 161, 76, 221, 4, 228, 0, 0, 201, 0, 0, 210, 0, 0, 7, 7, 100]
1552551578504;[171, 0, 17, 255, 161, 76, 221, 4, 228, 0, 0, 154, 0, 0, 156, 0, 0, 4, 7, 106]
1552551578505;[171, 0, 17, 255, 161, 76, 221, 4, 228, 0, 0, 139, 0, 0, 173, 0, 0, 49, 7, 118]
1552551578670;[171, 0, 4, 255, 132, 128, 71]
1552551578671;[171, 0, 17, 255, 161, 76, 221, 4, 229, 0, 0, 183, 0, 0, 179, 0, 0, 80, 8, 14]
1552551578838;[171, 0, 17, 255, 161, 76, 221, 4, 229, 0, 0, 185, 0, 0, 163, 0, 0, 113, 8, 77]
1552551578854;[171, 0, 17, 255, 161, 76, 221, 4, 229, 0, 0, 173, 0, 0, 128, 0, 0, 82, 7, 249]
1552551579022;[171, 0, 17, 255, 161, 76, 221, 4, 229, 0, 0, 176, 0, 0, 141, 0, 0, 87, 7, 161]
1552551579189;[171, 0, 17, 255, 161, 76, 221, 4, 229, 0, 0, 180, 0, 0, 152, 0, 0, 105, 7, 83]
1552551579190;[171, 0, 17, 255, 161, 76, 221, 4, 229, 0, 0, 173, 0, 0, 154, 0, 0, 101, 7, 83]
1552551579356;[171, 0, 17, 255, 161, 76, 221, 4, 229, 0, 0, 186, 0, 0, 189, 0, 0, 115, 7, 133]
1552551579372;[171, 0, 17, 255, 161, 76, 221, 4, 229, 0, 0, 171, 0, 0, 210, 0, 0, 97, 8, 45]
1552551579540;[171, 0, 17, 255, 161, 76, 221, 4, 229, 0, 0, 128, 0, 0, 218, 0, 0, 95, 9, 40]
1552551579540;[171, 0, 17, 255, 161, 76, 221, 4, 229, 0, 0, 113, 0, 0, 146, 0, 0, 91, 9, 208]
1552551579707;[171, 0, 4, 255, 132, 128, 71]
1552551579874;[171, 0, 17, 255, 161, 76, 221, 4, 230, 0, 0, 114, 0, 0, 106, 0, 0, 50, 9, 238]
1552551579891;[171, 0, 17, 255, 161, 76, 221, 4, 230, 0, 0, 180, 0, 0, 157, 0, 0, 35, 10, 61]
1552551580058;[171, 0, 17, 255, 161, 76, 221, 4, 230, 0, 0, 92, 0, 0, 227, 0, 0, 18, 10, 132]
1552551580058;[171, 0, 17, 255, 161, 76, 221, 4, 230, 0, 0, 132, 0, 0, 166, 1, 0, 146, 9, 250]
1552551580225;[171, 0, 17, 255, 161, 76, 221, 4, 230, 0, 0, 86, 0, 0, 123, 1, 0, 213, 9, 250]
1552551580392;[171, 0, 17, 255, 161, 76, 221, 4, 230, 0, 0, 55, 0, 0, 111, 1, 0, 210, 9, 198]
1552551580393;[171, 0, 17, 255, 161, 76, 221, 4, 230, 0, 0, 51, 0, 0, 138, 1, 0, 211, 9, 37]
1552551580575;[171, 0, 17, 255, 161, 76, 221, 4, 230, 0, 0, 37, 0, 0, 133, 1, 0, 185, 8, 105]
1552551580576;[171, 0, 17, 255, 161, 76, 221, 4, 230, 0, 0, 51, 0, 0, 119, 1, 0, 190, 7, 111]
1552551580742;[171, 0, 17, 255, 161, 76, 221, 4, 230, 0, 0, 81, 0, 0, 156, 1, 0, 187, 6, 37]
1552551580743;[171, 0, 4, 255, 132, 128, 71]
1552551580910;[171, 0, 17, 255, 161, 76, 221, 4, 231, 0, 0, 52, 0, 0, 130, 1, 0, 185, 5, 119]
1552551581094;[171, 0, 17, 255, 161, 76, 221, 4, 231, 0, 0, 19, 0, 0, 141, 1, 0, 213, 5, 107]
1552551581094;[171, 0, 17, 255, 161, 76, 221, 4, 231, 0, 0, 75, 0, 0, 141, 1, 0, 189, 5, 62]
1552551581261;[171, 0, 17, 255, 161, 76, 221, 4, 231, 0, 0, 64, 0, 0, 128, 1, 0, 183, 4, 227]
1552551581262;[171, 0, 17, 255, 161, 76, 221, 4, 231, 0, 0, 113, 0, 0, 145, 1, 0, 180, 4, 159]
1552551581428;[171, 0, 17, 255, 161, 76, 221, 4, 231, 1, 0, 10, 0, 0, 203, 1, 0, 228, 4, 120]
1552551581429;[171, 0, 17, 255, 161, 76, 221, 4, 231, 0, 0, 7, 0, 0, 198, 1, 0, 172, 2, 222]
1552551581779;[171, 0, 17, 255, 161, 76, 221, 4, 231, 0, 0, 130, 0, 0, 111, 1, 0, 72, 2, 182]
1552551581780;[171, 0, 17, 255, 161, 76, 221, 4, 231, 0, 0, 103, 0, 0, 172, 1, 0, 19, 3, 228]
1552551581780;[171, 0, 17, 255, 161, 76, 221, 4, 231, 0, 1, 12, 0, 0, 203, 0, 0, 101, 5, 57]
1552551581946;[171, 0, 4, 255, 132, 128, 71]
1552551581947;[171, 0, 17, 255, 161, 76, 221, 4, 232, 0, 0, 170, 0, 0, 191, 0, 0, 87, 6, 34]
1552551582129;[171, 0, 17, 255, 161, 76, 221, 4, 232, 0, 0, 109, 0, 0, 152, 0, 0, 136, 5, 228]
1552551582296;[171, 0, 17, 255, 161, 76, 221, 4, 232, 0, 0, 170, 0, 0, 160, 0, 0, 78, 5, 185]
1552551582297;[171, 0, 17, 255, 161, 76, 221, 4, 232, 0, 0, 167, 0, 0, 187, 0, 0, 90, 5, 243]
1552551582464;[171, 0, 17, 255, 161, 76, 221, 4, 232, 0, 0, 95, 0, 0, 201, 0, 0, 85, 6, 71]
1552551582464;[171, 0, 17, 255, 161, 76, 221, 4, 232, 0, 0, 127, 0, 0, 180, 0, 0, 87, 6, 131]
1552551582815;[171, 0, 17, 255, 161, 76, 221, 4, 232, 0, 0, 158, 0, 0, 170, 0, 0, 120, 6, 198]
1552551582816;[171, 0, 17, 255, 161, 76, 221, 4, 232, 0, 0, 223, 0, 0, 156, 0, 0, 126, 7, 47]
1552551582816;[171, 0, 17, 255, 161, 76, 221, 4, 232, 0, 0, 193, 0, 0, 119, 0, 0, 115, 7, 144]
1552551582981;[171, 0, 17, 255, 161, 76, 221, 4, 232, 0, 0, 187, 0, 0, 105, 0, 0, 123, 7, 220]
1552551582982;[171, 0, 4, 255, 132, 128, 72]
1552551583332;[171, 0, 17, 255, 161, 76, 221, 4, 233, 0, 0, 194, 0, 0, 105, 0, 0, 102, 8, 86]
1552551583333;[171, 0, 17, 255, 161, 76, 221, 4, 233, 0, 0, 204, 0, 0, 134, 0, 0, 126, 8, 194]
1552551583334;[171, 0, 17, 255, 161, 76, 221, 4, 233, 0, 0, 208, 0, 0, 124, 0, 0, 119, 8, 244]
