1552553224322;[171, 0, 17, 255, 161, 76, 221, 11, 196, 0, 0, 2, 0, 0, 3, 1, 0, 250, 14, 79]
1552553224326;[171, 0, 17, 255, 161, 76, 221, 11, 196, 0, 0, 4, 0, 0, 1, 1, 0, 255, 15, 31]
1552553224489;[171, 0, 17, 255, 161, 76, 221, 11, 196, 0, 0, 3, 0, 0, 0, 1, 0, 250, 31, 194]
1552553224657;[171, 0, 17, 255, 161, 76, 221, 11, 196, 0, 0, 3, 0, 0, 2, 1, 0, 250, 8, 97]
1552553224673;[171, 0, 17, 255, 161, 76, 221, 11, 196, 0, 0, 2, 0, 0, 4, 1, 0, 249, 8, 213]
1552553226844;[171, 0, 4, 255, 132, 128, 64]
1552553226846;[171, 0, 17, 255, 161, 76, 221, 11, 196, 0, 0, 2, 0, 0, 3, 1, 0, 254, 9, 43]
1552553226852;[171, 0, 17, 255, 161, 76, 221, 11, 196, 0, 0, 2, 0, 0, 0, 1, 0, 254, 9, 118]
1552553226858;[171, 0, 17, 255, 161, 76, 221, 11, 197, 0, 0, 2, 0, 0, 3, 1, 0, 249, 9, 181]
1552553226859;[171, 0, 17, 255, 161, 76, 221, 11, 197, 0, 0, 5, 0, 0, 3, 1, 0, 247, 9, 223]
1552553226866;[171, 0, 17, 255, 161, 76, 221, 11, 197, 0, 0, 2, 0, 0, 2, 1, 0, 255, 10, 20]
1552553226867;[171, 0, 17, 255, 161, 76, 221, 11, 197, 0, 0, 1, 0, 0, 1, 1, 0, 250, 10, 177]
1552553226873;[171, 0, 17, 255, 161, 76, 221, 11, 197, 0, 0, 2, 0, 0, 3, 1, 0, 250, 11, 36]
1552553226874;[171, 0, 17, 255, 161, 76, 221, 11, 197, 0, 0, 3, 0, 0, 2, 1, 0, 250, 11, 36]
1552553226880;[171, 0, 17, 255, 161, 76, 221, 11, 197, 0, 0, 5, 0, 0, 3, 1, 0, 249, 11, 116]
1552553226885;[171, 0, 17, 255, 161, 76, 221, 11, 197, 0, 0, 2, 0, 0, 1, 1, 0, 254, 11, 147]
1552553226886;[171, 0, 4, 255, 132, 128, 64]
1552553226891;[171, 0, 17, 255, 161, 76, 221, 11, 197, 0, 0, 1, 0, 0, 3, 1, 0, 250, 11, 153]
1552553226891;[171, 0, 17, 255, 161, 76, 221, 11, 197, 0, 0, 2, 0, 0, 2, 1, 0, 250, 11, 154]
1552553226902;[171, 0, 17, 255, 161, 76, 221, 11, 198, 0, 0, 1, 0, 0, 0, 1, 0, 250, 11, 135]
1552553226903;[171, 0, 17, 255, 161, 76, 221, 11, 198, 1, 0, 1, 0, 0, 4, 1, 0, 250, 11, 106]
1552553226903;[171, 0, 17, 255, 161, 76, 221, 11, 198, 0, 0, 2, 0, 0, 3, 1, 0, 250, 11, 114]
1552553226908;[171, 0, 17, 255, 161, 76, 221, 11, 198, 0, 0, 3, 0, 0, 4, 1, 0, 254, 11, 207]
1552553226909;[171, 0, 17, 255, 161, 76, 221, 11, 198, 0, 0, 1, 0, 0, 1, 1, 0, 254, 12, 8]
1552553226914;[171, 0, 17, 255, 161, 76, 221, 11, 198, 0, 0, 3, 0, 0, 3, 1, 0, 249, 12, 35]
1552553226915;[171, 0, 17, 255, 161, 76, 221, 11, 198, 0, 0, 2, 0, 0, 2, 1, 0, 249, 12, 46]
1552553226922;[171, 0, 17, 255, 161, 76, 221, 11, 198, 0, 0, 1, 0, 0, 1, 1, 0, 249, 12, 31]
1552553227078;[171, 0, 4, 255, 132, 128, 64]
1552553227079;[171, 0, 17, 255, 161, 76, 221, 11, 198, 0, 0, 1, 1, 0, 1, 1, 0, 249, 12, 6]
1552553227246;[171, 0, 17, 255, 161, 76, 221, 11, 198, 0, 0, 2, 0, 0, 3, 1, 1, 3, 11, 234]
1552553227247;[171, 0, 17, 255, 161, 76, 221, 11, 199, 0, 0, 1, 0, 0, 1, 1, 0, 250, 11, 194]
1552553227428;[171, 0, 17, 255, 161, 76, 221, 11, 199, 0, 0, 5, 0, 0, 3, 1, 0, 250, 11, 141]
1552553227430;[171, 0, 17, 255, 161, 76, 221, 11, 199, 0, 0, 1, 0, 0, 3, 1, 0, 254, 11, 121]
1552553227597;[171, 0, 17, 255, 161, 76, 221, 11, 199, 0, 0, 1, 0, 0, 0, 1, 0, 250, 11, 169]
1552553227764;[171, 0, 17, 255, 161, 76, 221, 11, 199, 0, 0, 2, 0, 0, 3, 1, 0, 249, 11, 199]
1552553227764;[171, 0, 17, 255, 161, 76, 221, 11, 199, 0, 0, 1, 1, 0, 2, 1, 0, 254, 11, 199]
1552553227931;[171, 0, 17, 255, 161, 76, 221, 11, 199, 0, 0, 1, 0, 0, 1, 1, 0, 250, 11, 186]
1552553227947;[171, 0, 17, 255, 161, 76, 221, 11, 199, 0, 0, 2, 0, 0, 3, 1, 0, 250, 11, 167]
1552553228115;[171, 0, 4, 255, 132, 128, 64]
1552553228116;[171, 0, 17, 255, 161, 76, 221, 11, 199, 0, 0, 2, 0, 0, 3, 1, 0, 249, 11, 131]
1552553228282;[171, 0, 17, 255, 161, 76, 221, 11, 199, 0, 0, 1, 0, 0, 0, 1, 0, 250, 11, 86]
1552553228449;[171, 0, 17, 255, 161, 76, 221, 11, 200, 0, 0, 2, 0, 0, 0, 1, 0, 250, 11, 44]
1552553228465;[171, 0, 17, 255, 161, 76, 221, 11, 200, 1, 0, 1, 0, 0, 2, 1, 0, 250, 10, 246]
1552553228633;[171, 0, 17, 255, 161, 76, 221, 11, 200, 0, 0, 2, 0, 0, 2, 1, 1, 3, 10, 195]
1552553228633;[171, 0, 17, 255, 161, 76, 221, 11, 200, 0, 0, 3, 0, 0, 3, 1, 0, 250, 10, 219]
1552553228967;[171, 0, 17, 255, 161, 76, 221, 11, 200, 0, 0, 2, 0, 0, 1, 1, 0, 249, 10, 237]
1552553229151;[171, 0, 17, 255, 161, 76, 221, 11, 200, 0, 0, 2, 0, 0, 1, 1, 0, 250, 10, 241]
1552553229152;[171, 0, 17, 255, 161, 76, 221, 11, 200, 0, 0, 1, 0, 0, 3, 1, 0, 249, 10, 240]
1552553229152;[171, 0, 17, 255, 161, 76, 221, 11, 200, 1, 0, 1, 0, 0, 3, 1, 0, 254, 10, 223]
1552553229153;[171, 0, 4, 255, 132, 128, 64]
1552553229319;[171, 0, 17, 255, 161, 76, 221, 11, 200, 0, 0, 5, 0, 0, 2, 1, 0, 254, 10, 187]
1552553229319;[171, 0, 17, 255, 161, 76, 221, 11, 200, 0, 0, 1, 0, 0, 3, 1, 0, 249, 10, 158]
1552553229669;[171, 0, 17, 255, 161, 76, 221, 11, 201, 0, 0, 2, 0, 0, 2, 1, 0, 254, 10, 124]
1552553229670;[171, 0, 17, 255, 161, 76, 221, 11, 201, 0, 0, 2, 0, 0, 1, 1, 0, 250, 10, 79]
1552553229670;[171, 0, 17, 255, 161, 76, 221, 11, 201, 0, 0, 1, 0, 0, 4, 1, 0, 250, 10, 75]
1552553229835;[171, 0, 17, 255, 161, 76, 221, 11, 201, 0, 0, 2, 0, 0, 3, 1, 0, 254, 10, 112]
1552553229836;[171, 0, 17, 255, 161, 76, 221, 11, 201, 0, 0, 2, 0, 0, 1, 1, 0, 250, 10, 132]
1552553230002;[171, 0, 17, 255, 161, 76, 221, 11, 201, 0, 0, 1, 0, 0, 3, 1, 0, 249, 10, 137]
1552553230003;[171, 0, 17, 255, 161, 76, 221, 11, 201, 0, 0, 2, 0, 0, 2, 1, 0, 254, 10, 128]
1552553230186;[171, 0, 17, 255, 161, 76, 221, 11, 201, 0, 0, 1, 0, 0, 0, 1, 0, 250, 10, 109]
1552553230353;[171, 0, 4, 255, 132, 128, 64]
1552553230355;[171, 0, 17, 255, 161, 76, 221, 11, 201, 0, 0, 2, 0, 0, 0, 1, 0, 249, 10, 76]
1552553230520;[171, 0, 17, 255, 161, 76, 221, 11, 201, 0, 0, 2, 0, 0, 1, 1, 0, 250, 10, 49]
1552553230520;[171, 0, 17, 255, 161, 76, 221, 11, 202, 0, 0, 2, 0, 0, 3, 1, 0, 249, 10, 16]
1552553230704;[171, 0, 17, 255, 161, 76, 221, 11, 202, 0, 0, 1, 0, 0, 2, 1, 0, 249, 9, 232]
1552553230871;[171, 0, 17, 255, 161, 76, 221, 11, 202, 1, 0, 1, 0, 0, 3, 1, 0, 250, 9, 222]
1552553230872;[171, 0, 17, 255, 161, 76, 221, 11, 202, 0, 0, 2, 0, 0, 3, 1, 0, 250, 10, 17]
1552553231038;[171, 0, 17, 255, 161, 76, 221, 11, 202, 0, 0, 2, 0, 0, 1, 1, 0, 250, 10, 52]
1552553231039;[171, 0, 17, 255, 161, 76, 221, 11, 202, 0, 0, 5, 0, 0, 2, 1, 0, 250, 10, 70]
1552553231222;[171, 0, 17, 255, 161, 76, 221, 11, 202, 0, 0, 1, 0, 0, 4, 1, 0, 250, 10, 83]
1552553231222;[171, 0, 17, 255, 161, 76, 221, 11, 202, 0, 0, 2, 0, 0, 2, 1, 0, 255, 10, 81]
1552553231389;[171, 0, 4, 255, 132, 128, 63]
1552553231556;[171, 0, 17, 255, 161, 76, 221, 11, 202, 0, 0, 5, 0, 0, 3, 1, 0, 249, 10, 65]
1552553231557;[171, 0, 17, 255, 161, 76, 221, 11, 202, 0, 0, 3, 0, 0, 0, 1, 0, 250, 10, 56]
1552553231739;[171, 0, 17, 255, 161, 76, 221, 11, 203, 0, 0, 2, 0, 0, 3, 1, 0, 254, 10, 33]
1552553231740;[171, 0, 17, 255, 161, 76, 221, 11, 203, 0, 0, 1, 0, 0, 2, 1, 0, 254, 10, 9]
1552553231907;[171, 0, 17, 255, 161, 76, 221, 11, 203, 0, 0, 2, 0, 0, 2, 1, 0, 249, 9, 221]
1552553232074;[171, 0, 17, 255, 161, 76, 221, 11, 203, 0, 0, 3, 0, 0, 3, 1, 0, 249, 10, 1]
1552553232075;[171, 0, 17, 255, 161, 76, 221, 11, 203, 0, 0, 2, 0, 0, 4, 1, 0, 249, 10, 58]
1552553232258;[171, 0, 17, 255, 161, 76, 221, 11, 203, 0, 0, 5, 0, 0, 2, 1, 0, 255, 10, 91]
1552553232259;[171, 0, 17, 255, 161, 76, 221, 11, 203, 0, 0, 2, 0, 0, 3, 1, 0, 250, 10, 116]
1552553232425;[171, 0, 17, 255, 161, 76, 221, 11, 203, 0, 0, 2, 0, 0, 0, 1, 0, 255, 10, 134]
1552553232426;[171, 0, 4, 255, 132, 128, 63]
1552553232593;[171, 0, 17, 255, 161, 76, 221, 11, 203, 0, 0, 3, 0, 0, 3, 1, 0, 249, 10, 140]
1552553232943;[171, 0, 17, 255, 161, 76, 221, 11, 203, 0, 0, 3, 0, 0, 4, 1, 0, 250, 10, 123]
1552553232944;[171, 0, 17, 255, 161, 76, 221, 11, 204, 0, 0, 3, 0, 0, 3, 1, 0, 249, 10, 111]
1552553232944;[171, 0, 17, 255, 161, 76, 221, 11, 204, 0, 0, 1, 0, 0, 3, 1, 0, 255, 10, 79]
1552553232945;[171, 0, 17, 255, 161, 76, 221, 11, 204, 0, 0, 2, 0, 0, 2, 1, 0, 250, 10, 98]
1552553233110;[171, 0, 17, 255, 161, 76, 221, 11, 204, 0, 0, 3, 0, 0, 3, 1, 0, 250, 10, 160]
1552553233111;[171, 0, 17, 255, 161, 76, 221, 11, 204, 0, 0, 2, 0, 0, 2, 1, 0, 249, 10, 204]
1552553233293;[171, 0, 17, 255, 161, 76, 221, 11, 204, 0, 0, 1, 0, 0, 2, 1, 0, 255, 10, 225]
1552553233461;[171, 0, 17, 255, 161, 76, 221, 11, 204, 0, 0, 1, 1, 0, 1, 1, 0, 255, 10, 243]
1552553233461;[171, 0, 17, 255, 161, 76, 221, 11, 204, 0, 0, 1, 0, 0, 3, 1, 0, 254, 10, 227]
1552553233628;[171, 0, 4, 255, 132, 128, 63]
1552553233629;[171, 0, 17, 255, 161, 76, 221, 11, 204, 1, 0, 1, 0, 0, 3, 1, 0, 250, 10, 224]
1552553233811;[171, 0, 17, 255, 161, 76, 221, 11, 204, 0, 0, 2, 0, 0, 1, 1, 0, 249, 10, 203]
1552553233979;[171, 0, 17, 255, 161, 76, 221, 11, 205, 0, 0, 3, 0, 0, 0, 1, 0, 249, 10, 174]
1552553233980;[171, 0, 17, 255, 161, 76, 221, 11, 205, 0, 0, 3, 0, 0, 2, 1, 0, 249, 10, 137]
1552553234146;[171, 0, 17, 255, 161, 76, 221, 11, 205, 0, 0, 2, 0, 0, 3, 1, 0, 254, 10, 184]
1552553234147;[171, 0, 17, 255, 161, 76, 221, 11, 205, 0, 0, 1, 0, 0, 3, 1, 0, 249, 10, 229]
1552553234315;[171, 0, 17, 255, 161, 76, 221, 11, 205, 0, 0, 1, 0, 0, 0, 1, 0, 250, 11, 11]
1552553234330;[171, 0, 17, 255, 161, 76, 221, 11, 205, 0, 0, 1, 0, 0, 3, 1, 1, 3, 11, 26]
1552553234497;[171, 0, 17, 255, 161, 76, 221, 11, 205, 0, 0, 1, 0, 0, 0, 1, 0, 250, 11, 25]
1552553234665;[171, 0, 17, 255, 161, 76, 221, 11, 205, 0, 0, 1, 0, 0, 4, 1, 0, 254, 11, 11]
1552553234665;[171, 0, 4, 255, 132, 128, 63]
1552553234831;[171, 0, 17, 255, 161, 76, 221, 11, 205, 0, 0, 1, 0, 0, 2, 1, 0, 249, 10, 246]
1552553234847;[171, 0, 17, 255, 161, 76, 221, 11, 205, 0, 0, 1, 0, 0, 2, 1, 0, 249, 10, 223]
1552553235182;[171, 0, 17, 255, 161, 76, 221, 11, 206, 0, 0, 3, 0, 0, 3, 1, 0, 254, 10, 190]
1552553235183;[171, 0, 17, 255, 161, 76, 221, 11, 206, 0, 0, 3, 0, 0, 0, 1, 0, 249, 10, 152]
1552553235183;[171, 0, 17, 255, 161, 76, 221, 11, 206, 0, 0, 1, 0, 0, 0, 1, 0, 249, 10, 108]
1552553235350;[171, 0, 17, 255, 161, 76, 221, 11, 206, 0, 0, 2, 0, 0, 0, 1, 0, 249, 10, 110]
1552553235366;[171, 0, 17, 255, 161, 76, 221, 11, 206, 0, 0, 1, 0, 0, 0, 1, 0, 250, 10, 155]
1552553235533;[171, 0, 17, 255, 161, 76, 221, 11, 206, 0, 0, 1, 0, 0, 3, 1, 0, 254, 10, 184]
1552553235534;[171, 0, 17, 255, 161, 76, 221, 11, 206, 0, 0, 2, 0, 0, 1, 1, 0, 254, 10, 197]
1552553235701;[171, 0, 17, 255, 161, 76, 221, 11, 206, 0, 0, 3, 0, 0, 3, 1, 0, 250, 10, 189]
1552553235867;[171, 0, 4, 255, 132, 128, 63]
1552553235868;[171, 0, 17, 255, 161, 76, 221, 11, 206, 0, 0, 1, 0, 0, 3, 1, 0, 254, 10, 187]
1552553236218;[171, 0, 17, 255, 161, 76, 221, 11, 206, 0, 0, 2, 0, 0, 2, 1, 0, 249, 10, 166]
1552553236218;[171, 0, 17, 255, 161, 76, 221, 11, 207, 0, 0, 3, 0, 0, 2, 1, 0, 249, 10, 132]
1552553236219;[171, 0, 17, 255, 161, 76, 221, 11, 207, 0, 0, 3, 0, 0, 3, 1, 0, 249, 10, 98]
1552553236219;[171, 0, 17, 255, 161, 76, 221, 11, 207, 0, 0, 1, 0, 0, 5, 1, 0, 249, 10, 63]
1552553236385;[171, 0, 17, 255, 161, 76, 221, 11, 207, 0, 0, 2, 0, 0, 3, 1, 0, 250, 10, 24]
1552553236569;[171, 0, 17, 255, 161, 76, 221, 11, 207, 0, 0, 1, 0, 0, 1, 1, 0, 254, 10, 25]
1552553236569;[171, 0, 17, 255, 161, 76, 221, 11, 207, 0, 0, 1, 0, 0, 2, 1, 0, 250, 10, 72]
1552553236737;[171, 0, 17, 255, 161, 76, 221, 11, 207, 0, 0, 2, 0, 0, 2, 1, 0, 254, 10, 102]
1552553236737;[171, 0, 17, 255, 161, 76, 221, 11, 207, 0, 0, 2, 0, 0, 4, 1, 0, 250, 10, 114]
1552553236903;[171, 0, 4, 255, 132, 128, 62]
1552553236904;[171, 0, 17, 255, 161, 76, 221, 11, 207, 0, 0, 2, 0, 0, 1, 1, 0, 250, 10, 119]
1552553237086;[171, 0, 17, 255, 161, 76, 221, 11, 207, 0, 0, 2, 1, 0, 1, 1, 0, 254, 10, 113]
1552553237421;[171, 0, 17, 255, 161, 76, 221, 11, 208, 0, 0, 2, 0, 0, 1, 1, 0, 248, 10, 85]
1552553237422;[171, 0, 17, 255, 161, 76, 221, 11, 208, 0, 0, 3, 0, 0, 0, 1, 1, 3, 10, 58]
1552553237436;[171, 0, 17, 255, 161, 76, 221, 11, 208, 0, 0, 2, 0, 0, 3, 1, 0, 255, 10, 24]
1552553237438;[171, 0, 17, 255, 161, 76, 221, 11, 208, 0, 0, 2, 0, 0, 1, 1, 0, 249, 9, 246]
1552553237604;[171, 0, 17, 255, 161, 76, 221, 11, 208, 0, 0, 1, 1, 0, 1, 1, 0, 249, 9, 210]
1552553237772;[171, 0, 17, 255, 161, 76, 221, 11, 208, 0, 0, 2, 0, 0, 3, 1, 1, 3, 9, 161]
1552553237773;[171, 0, 17, 255, 161, 76, 221, 11, 208, 1, 0, 1, 0, 0, 3, 1, 0, 249, 9, 164]
1552553237939;[171, 0, 17, 255, 161, 76, 221, 11, 208, 0, 0, 2, 0, 0, 4, 1, 0, 254, 9, 207]
1552553237939;[171, 0, 4, 255, 132, 128, 62]
1552553238123;[171, 0, 17, 255, 161, 76, 221, 11, 208, 0, 0, 1, 0, 0, 2, 1, 0, 254, 9, 235]
1552553238123;[171, 0, 17, 255, 161, 76, 221, 11, 208, 1, 0, 1, 0, 0, 3, 1, 0, 249, 9, 244]
1552553238457;[171, 0, 17, 255, 161, 76, 221, 11, 209, 0, 0, 1, 0, 0, 1, 1, 0, 250, 10, 3]
1552553238458;[171, 0, 17, 255, 161, 76, 221, 11, 209, 0, 0, 5, 0, 0, 3, 1, 0, 250, 9, 240]
1552553238458;[171, 0, 17, 255, 161, 76, 221, 11, 209, 0, 0, 2, 0, 0, 2, 1, 0, 248, 9, 223]
1552553238641;[171, 0, 17, 255, 161, 76, 221, 11, 209, 0, 0, 1, 0, 0, 4, 1, 0, 255, 9, 203]
1552553238641;[171, 0, 17, 255, 161, 76, 221, 11, 209, 0, 0, 2, 0, 0, 3, 1, 0, 250, 9, 179]
1552553238808;[171, 0, 17, 255, 161, 76, 221, 11, 209, 1, 0, 1, 0, 0, 4, 1, 0, 254, 9, 144]
1552553238975;[171, 0, 17, 255, 161, 76, 221, 11, 209, 0, 0, 2, 0, 0, 4, 1, 0, 250, 9, 109]
1552553239159;[171, 0, 17, 255, 161, 76, 221, 11, 211, 0, 0, 4, 0, 0, 3, 1, 0, 250, 9, 59]
1552553239160;[171, 0, 17, 255, 161, 76, 221, 11, 211, 1, 0, 1, 0, 0, 3, 1, 0, 250, 9, 115]
1552553239325;[171, 0, 17, 255, 161, 76, 221, 11, 212, 0, 0, 3, 0, 0, 3, 1, 0, 249, 9, 160]
1552553239492;[171, 0, 17, 255, 161, 76, 221, 11, 212, 0, 0, 1, 0, 0, 3, 1, 0, 249, 9, 178]
1552553239676;[171, 0, 17, 255, 161, 76, 221, 11, 212, 0, 0, 3, 0, 0, 2, 1, 0, 254, 9, 198]
1552553239676;[171, 0, 17, 255, 161, 76, 221, 11, 212, 0, 0, 2, 0, 0, 4, 1, 0, 249, 9, 196]
1552553239843;[171, 0, 17, 255, 161, 76, 221, 11, 212, 0, 0, 2, 0, 0, 2, 1, 0, 255, 9, 187]
1552553239844;[171, 0, 17, 255, 161, 76, 221, 11, 212, 0, 0, 2, 0, 0, 3, 1, 0, 250, 9, 176]
1552553240010;[171, 0, 17, 255, 161, 76, 221, 11, 212, 1, 0, 1, 0, 0, 2, 1, 0, 250, 9, 152]
1552553240011;[171, 0, 17, 255, 161, 76, 221, 11, 212, 0, 0, 2, 0, 0, 4, 1, 0, 250, 9, 126]
1552553240194;[171, 0, 4, 255, 132, 128, 60]
1552553240361;[171, 0, 17, 255, 161, 76, 221, 11, 212, 0, 0, 1, 0, 0, 2, 1, 0, 250, 9, 105]
1552553240362;[171, 0, 17, 255, 161, 76, 221, 11, 212, 0, 0, 1, 0, 0, 0, 1, 0, 250, 9, 146]
1552553240528;[171, 0, 17, 255, 161, 76, 221, 11, 213, 0, 0, 1, 0, 0, 3, 1, 0, 254, 9, 174]
1552553240528;[171, 0, 17, 255, 161, 76, 221, 11, 213, 0, 0, 1, 0, 0, 0, 1, 0, 250, 9, 186]
1552553240696;[171, 0, 17, 255, 161, 76, 221, 11, 213, 0, 0, 3, 0, 0, 3, 1, 0, 250, 9, 198]
1552553240879;[171, 0, 17, 255, 161, 76, 221, 11, 213, 0, 0, 3, 0, 0, 3, 1, 0, 250, 9, 197]
1552553240880;[171, 0, 17, 255, 161, 76, 221, 11, 213, 0, 0, 2, 0, 0, 3, 1, 0, 254, 9, 183]
1552553241047;[171, 0, 17, 255, 161, 76, 221, 11, 213, 0, 0, 1, 0, 0, 2, 1, 0, 249, 9, 161]
1552553241047;[171, 0, 17, 255, 161, 76, 221, 11, 213, 0, 0, 1, 0, 0, 2, 1, 0, 250, 9, 129]
1552553241216;[171, 0, 17, 255, 161, 76, 221, 11, 213, 0, 0, 1, 0, 0, 3, 1, 0, 250, 9, 90]
1552553241231;[171, 0, 4, 255, 132, 128, 59]
1552553241398;[171, 0, 17, 255, 161, 76, 221, 11, 213, 0, 0, 3, 0, 0, 1, 1, 0, 254, 9, 79]
1552553241565;[171, 0, 17, 255, 161, 76, 221, 11, 213, 0, 0, 1, 0, 0, 2, 1, 0, 249, 9, 118]
1552553241566;[171, 0, 17, 255, 161, 76, 221, 11, 214, 0, 0, 1, 0, 0, 4, 1, 1, 3, 9, 133]
1552553241732;[171, 0, 17, 255, 161, 76, 221, 11, 214, 0, 0, 3, 0, 0, 3, 1, 1, 3, 9, 141]
1552553241748;[171, 0, 17, 255, 161, 76, 221, 11, 214, 1, 0, 1, 0, 0, 0, 1, 0, 254, 9, 134]
1552553241916;[171, 0, 17, 255, 161, 76, 221, 11, 214, 0, 0, 5, 0, 0, 2, 1, 0, 255, 9, 121]
1552553241916;[171, 0, 17, 255, 161, 76, 221, 11, 214, 0, 0, 2, 0, 0, 1, 1, 1, 3, 9, 96]
1552553242083;[171, 0, 17, 255, 161, 76, 221, 11, 214, 0, 0, 1, 0, 0, 4, 1, 0, 254, 9, 67]
1552553242250;[171, 0, 17, 255, 161, 76, 221, 11, 214, 0, 0, 3, 0, 0, 3, 1, 0, 250, 9, 32]
1552553242266;[171, 0, 17, 255, 161, 76, 221, 11, 214, 1, 0, 1, 0, 0, 2, 1, 0, 249, 8, 247]
1552553242433;[171, 0, 4, 255, 132, 128, 59]
1552553242434;[171, 0, 17, 255, 161, 76, 221, 11, 214, 0, 0, 1, 0, 0, 2, 1, 0, 250, 8, 216]
1552553242601;[171, 0, 17, 255, 161, 76, 221, 11, 214, 0, 0, 2, 0, 0, 3, 1, 0, 253, 8, 254]
1552553242768;[171, 0, 17, 255, 161, 76, 221, 11, 215, 0, 0, 2, 0, 0, 3, 1, 0, 255, 9, 36]
1552553242769;[171, 0, 17, 255, 161, 76, 221, 11, 215, 0, 0, 1, 0, 0, 2, 1, 0, 250, 9, 51]
1552553242951;[171, 0, 17, 255, 161, 76, 221, 11, 215, 0, 0, 1, 0, 0, 0, 1, 0, 249, 9, 65]
1552553242952;[171, 0, 17, 255, 161, 76, 221, 11, 215, 0, 0, 2, 0, 0, 3, 1, 0, 250, 9, 48]
1552553243133;[171, 0, 17, 255, 161, 76, 221, 11, 215, 0, 0, 2, 0, 0, 1, 1, 0, 250, 9, 44]
1552553243134;[171, 0, 17, 255, 161, 76, 221, 11, 215, 0, 0, 2, 0, 0, 3, 1, 0, 250, 9, 19]
1552553243470;[171, 0, 17, 255, 161, 76, 221, 11, 215, 0, 0, 1, 0, 0, 4, 1, 0, 250, 8, 236]
1552553243470;[171, 0, 17, 255, 161, 76, 221, 11, 215, 0, 0, 1, 0, 0, 3, 1, 0, 254, 8, 215]
1552553243471;[171, 0, 4, 255, 132, 128, 59]
1552553243637;[171, 0, 17, 255, 161, 76, 221, 11, 215, 0, 0, 1, 0, 0, 3, 1, 0, 254, 8, 167]
1552553243638;[171, 0, 17, 255, 161, 76, 221, 11, 215, 0, 0, 1, 0, 0, 3, 1, 0, 249, 8, 127]
1552553243804;[171, 0, 17, 255, 161, 76, 221, 11, 216, 0, 0, 1, 0, 0, 2, 1, 0, 250, 8, 95]
1552553243805;[171, 0, 17, 255, 161, 76, 221, 11, 216, 0, 0, 2, 0, 0, 3, 1, 0, 250, 8, 121]
1552553243987;[171, 0, 17, 255, 161, 76, 221, 11, 216, 0, 0, 2, 0, 0, 3, 1, 0, 255, 8, 142]
1552553244156;[171, 0, 17, 255, 161, 76, 221, 11, 216, 0, 0, 1, 0, 0, 0, 1, 0, 249, 8, 134]
1552553244171;[171, 0, 17, 255, 161, 76, 221, 11, 216, 1, 0, 1, 0, 0, 2, 1, 0, 254, 8, 75]
1552553244505;[171, 0, 17, 255, 161, 76, 221, 11, 216, 0, 0, 1, 0, 0, 2, 1, 0, 254, 8, 8]
1552553244506;[171, 0, 17, 255, 161, 76, 221, 11, 216, 0, 0, 1, 1, 0, 1, 1, 0, 250, 7, 213]
1552553244507;[171, 0, 17, 255, 161, 76, 221, 11, 216, 1, 0, 1, 0, 0, 2, 1, 0, 254, 7, 153]
1552553244672;[171, 0, 4, 255, 132, 128, 59]
1552553244674;[171, 0, 17, 255, 161, 76, 221, 11, 216, 1, 0, 1, 0, 0, 3, 1, 0, 250, 7, 72]
1552553245022;[171, 0, 17, 255, 161, 76, 221, 11, 216, 0, 0, 1, 0, 0, 2, 1, 0, 249, 6, 235]
1552553245023;[171, 0, 17, 255, 161, 76, 221, 11, 217, 1, 0, 1, 0, 0, 0, 1, 0, 249, 6, 135]
1552553245024;[171, 0, 17, 255, 161, 76, 221, 11, 217, 1, 0, 1, 0, 0, 1, 1, 0, 250, 6, 97]
1552553245024;[171, 0, 17, 255, 161, 76, 221, 11, 217, 0, 0, 2, 0, 0, 3, 1, 0, 254, 6, 84]
1552553245190;[171, 0, 17, 255, 161, 76, 221, 11, 217, 0, 0, 1, 0, 0, 1, 1, 0, 255, 6, 76]
1552553245357;[171, 0, 17, 255, 161, 76, 221, 11, 217, 0, 0, 2, 0, 0, 2, 1, 0, 249, 6, 37]
1552553245358;[171, 0, 17, 255, 161, 76, 221, 11, 217, 0, 0, 1, 0, 0, 3, 1, 0, 254, 5, 249]
1552553245541;[171, 0, 17, 255, 161, 76, 221, 11, 217, 0, 0, 1, 0, 0, 1, 1, 0, 250, 5, 210]
1552553245542;[171, 0, 17, 255, 161, 76, 221, 11, 217, 1, 0, 1, 0, 0, 2, 1, 0, 254, 5, 166]
1552553245708;[171, 0, 4, 255, 132, 128, 59]
1552553245876;[171, 0, 17, 255, 161, 76, 221, 11, 217, 0, 0, 3, 0, 0, 0, 1, 0, 249, 5, 131]
1552553245892;[171, 0, 17, 255, 161, 76, 221, 11, 217, 0, 0, 1, 0, 0, 3, 1, 0, 254, 5, 68]
1552553246060;[171, 0, 17, 255, 161, 76, 221, 11, 218, 0, 0, 2, 0, 0, 2, 1, 0, 254, 5, 26]
1552553246060;[171, 0, 17, 255, 161, 76, 221, 11, 218, 1, 0, 1, 0, 0, 3, 1, 0, 249, 5, 43]
1552553246226;[171, 0, 17, 255, 161, 76, 221, 11, 218, 0, 0, 1, 0, 0, 3, 1, 0, 254, 5, 70]
1552553246227;[171, 0, 17, 255, 161, 76, 221, 11, 218, 1, 0, 1, 0, 0, 3, 1, 0, 249, 5, 80]
1552553246393;[171, 0, 17, 255, 161, 76, 221, 11, 218, 0, 0, 0, 0, 0, 2, 1, 0, 249, 5, 90]
1552553246576;[171, 0, 17, 255, 161, 76, 221, 11, 218, 1, 0, 1, 0, 0, 3, 1, 0, 249, 5, 73]
1552553246577;[171, 0, 17, 255, 161, 76, 221, 11, 218, 1, 0, 1, 0, 0, 2, 1, 0, 249, 5, 50]
1552553246744;[171, 0, 17, 255, 161, 76, 221, 11, 218, 0, 0, 1, 0, 0, 1, 1, 0, 255, 5, 22]
1552553246744;[171, 0, 4, 255, 132, 128, 59]
1552553246911;[171, 0, 17, 255, 161, 76, 221, 11, 218, 0, 0, 1, 0, 0, 3, 1, 0, 255, 4, 244]
1552553246912;[171, 0, 17, 255, 161, 76, 221, 11, 218, 1, 0, 3, 0, 0, 3, 1, 0, 249, 4, 204]
1552553247079;[171, 0, 17, 255, 161, 76, 221, 11, 219, 0, 0, 1, 0, 0, 2, 1, 0, 250, 4, 179]
1552553247264;[171, 0, 17, 255, 161, 76, 221, 11, 219, 1, 0, 1, 0, 0, 2, 1, 0, 254, 4, 226]
1552553247431;[171, 0, 17, 255, 161, 76, 221, 11, 219, 1, 0, 4, 0, 0, 2, 1, 0, 254, 5, 16]
1552553247431;[171, 0, 17, 255, 161, 76, 221, 11, 219, 0, 0, 1, 0, 0, 3, 1, 0, 249, 5, 43]
1552553247432;[171, 0, 17, 255, 161, 76, 221, 11, 219, 0, 0, 1, 0, 0, 2, 1, 0, 254, 5, 70]
1552553247780;[171, 0, 17, 255, 161, 76, 221, 11, 219, 0, 0, 1, 0, 0, 3, 1, 0, 250, 5, 75]
1552553247781;[171, 0, 17, 255, 161, 76, 221, 11, 219, 0, 0, 2, 0, 0, 3, 1, 0, 249, 5, 78]
1552553247782;[171, 0, 17, 255, 161, 76, 221, 11, 219, 0, 0, 1, 0, 0, 4, 1, 0, 250, 5, 79]
1552553247947;[171, 0, 4, 255, 132, 128, 58]
1552553247948;[171, 0, 17, 255, 161, 76, 221, 11, 219, 1, 0, 1, 0, 0, 2, 1, 0, 249, 5, 69]
1552553248115;[171, 0, 17, 255, 161, 76, 221, 11, 219, 0, 0, 2, 0, 0, 2, 1, 0, 255, 5, 63]
1552553248131;[171, 0, 17, 255, 161, 76, 221, 11, 220, 0, 0, 1, 0, 0, 3, 1, 0, 250, 5, 94]
1552553248298;[171, 0, 17, 255, 161, 76, 221, 11, 220, 1, 0, 1, 0, 0, 3, 1, 0, 255, 5, 173]
1552553248465;[171, 0, 17, 255, 161, 76, 221, 11, 220, 1, 0, 1, 0, 0, 1, 1, 1, 3, 5, 243]
1552553248466;[171, 0, 17, 255, 161, 76, 221, 11, 220, 0, 0, 1, 0, 0, 4, 1, 0, 249, 6, 49]
1552553248632;[171, 0, 17, 255, 161, 76, 221, 11, 220, 0, 0, 1, 0, 0, 3, 1, 0, 254, 6, 87]
1552553248817;[171, 0, 17, 255, 161, 76, 221, 11, 220, 1, 0, 2, 0, 0, 3, 1, 0, 255, 6, 105]
1552553248817;[171, 0, 17, 255, 161, 76, 221, 11, 220, 0, 0, 1, 0, 0, 3, 1, 0, 249, 6, 126]
1552553248818;[171, 0, 17, 255, 161, 76, 221, 11, 220, 0, 0, 1, 0, 0, 1, 1, 0, 250, 6, 134]
1552553248983;[171, 0, 4, 255, 132, 128, 58]
1552553249150;[171, 0, 17, 255, 161, 76, 221, 11, 220, 0, 0, 1, 0, 0, 4, 1, 0, 254, 6, 132]
1552553249166;[171, 0, 17, 255, 161, 76, 221, 11, 220, 0, 0, 1, 0, 0, 3, 1, 0, 249, 6, 110]
1552553249502;[171, 0, 17, 255, 161, 76, 221, 11, 221, 0, 0, 1, 0, 0, 4, 1, 0, 250, 6, 123]
1552553249502;[171, 0, 17, 255, 161, 76, 221, 11, 221, 1, 0, 1, 0, 0, 1, 1, 0, 254, 6, 207]
1552553249503;[171, 0, 17, 255, 161, 76, 221, 11, 221, 1, 0, 1, 0, 0, 2, 1, 0, 250, 7, 36]
1552553249668;[171, 0, 17, 255, 161, 76, 221, 11, 221, 0, 0, 1, 0, 0, 3, 1, 0, 249, 7, 95]
1552553249669;[171, 0, 17, 255, 161, 76, 221, 11, 221, 1, 0, 1, 0, 0, 3, 1, 0, 255, 7, 147]
1552553249851;[171, 0, 17, 255, 161, 76, 221, 11, 221, 1, 0, 1, 0, 0, 3, 1, 0, 249, 7, 177]
1552553249853;[171, 0, 17, 255, 161, 76, 221, 11, 221, 1, 0, 1, 0, 0, 3, 1, 0, 249, 7, 189]
1552553250019;[171, 0, 17, 255, 161, 76, 221, 11, 221, 1, 0, 1, 1, 0, 1, 1, 0, 250, 7, 195]
1552553250020;[171, 0, 4, 255, 132, 128, 58]
1552553250186;[171, 0, 17, 255, 161, 76, 221, 11, 221, 0, 0, 1, 0, 0, 3, 1, 0, 250, 7, 195]
1552553250369;[171, 0, 17, 255, 161, 76, 221, 11, 221, 0, 0, 0, 1, 0, 1, 1, 0, 250, 7, 187]
1552553250537;[171, 0, 17, 255, 161, 76, 221, 11, 222, 0, 0, 1, 0, 0, 3, 1, 0, 254, 7, 175]
1552553250538;[171, 0, 17, 255, 161, 76, 221, 11, 222, 0, 0, 1, 0, 0, 2, 1, 0, 250, 7, 228]
1552553250539;[171, 0, 17, 255, 161, 76, 221, 11, 222, 1, 0, 1, 0, 0, 3, 1, 0, 250, 8, 56]
1552553250704;[171, 0, 17, 255, 161, 76, 221, 11, 222, 0, 0, 0, 0, 0, 2, 1, 0, 249, 8, 105]
1552553250705;[171, 0, 17, 255, 161, 76, 221, 11, 222, 1, 0, 1, 0, 0, 3, 1, 0, 254, 8, 158]
1552553250888;[171, 0, 17, 255, 161, 76, 221, 11, 222, 1, 0, 1, 0, 0, 4, 1, 0, 249, 8, 180]
1552553251055;[171, 0, 17, 255, 161, 76, 221, 11, 222, 0, 0, 2, 0, 0, 3, 1, 0, 250, 8, 188]
1552553251055;[171, 0, 17, 255, 161, 76, 221, 11, 222, 0, 0, 2, 0, 0, 0, 1, 0, 250, 8, 196]
1552553251222;[171, 0, 4, 255, 132, 128, 58]
1552553251223;[171, 0, 17, 255, 161, 76, 221, 11, 222, 1, 0, 1, 0, 0, 4, 1, 0, 250, 8, 196]
1552553251405;[171, 0, 17, 255, 161, 76, 221, 11, 222, 0, 0, 1, 0, 0, 5, 1, 0, 249, 8, 179]
1552553251573;[171, 0, 17, 255, 161, 76, 221, 11, 223, 1, 0, 1, 0, 0, 3, 1, 0, 254, 8, 179]
1552553251574;[171, 0, 17, 255, 161, 76, 221, 11, 223, 1, 0, 1, 0, 0, 3, 1, 0, 250, 8, 244]
1552553251740;[171, 0, 17, 255, 161, 76, 221, 11, 223, 0, 0, 1, 0, 0, 4, 1, 0, 249, 9, 59]
1552553251741;[171, 0, 17, 255, 161, 76, 221, 11, 223, 0, 0, 1, 0, 0, 1, 1, 0, 250, 9, 100]
1552553252091;[171, 0, 17, 255, 161, 76, 221, 11, 223, 0, 0, 2, 0, 0, 2, 1, 0, 249, 9, 127]
1552553252091;[171, 0, 17, 255, 161, 76, 221, 11, 223, 0, 0, 1, 0, 0, 1, 1, 0, 250, 9, 140]
1552553252092;[171, 0, 17, 255, 161, 76, 221, 11, 223, 0, 0, 1, 0, 0, 2, 1, 0, 250, 9, 141]
1552553252259;[171, 0, 17, 255, 161, 76, 221, 11, 223, 0, 0, 1, 0, 0, 3, 1, 0, 250, 9, 132]
1552553252259;[171, 0, 4, 255, 132, 128, 59]
1552553252441;[171, 0, 17, 255, 161, 76, 221, 11, 223, 0, 0, 1, 0, 0, 3, 1, 0, 249, 9, 118]
1552553252442;[171, 0, 17, 255, 161, 76, 221, 11, 223, 0, 0, 2, 0, 0, 3, 1, 0, 255, 9, 98]
1552553252609;[171, 0, 17, 255, 161, 76, 221, 11, 224, 1, 0, 1, 0, 0, 4, 1, 0, 250, 9, 113]
1552553252610;[171, 0, 17, 255, 161, 76, 221, 11, 224, 0, 0, 1, 0, 0, 2, 1, 0, 250, 9, 179]
1552553252777;[171, 0, 17, 255, 161, 76, 221, 11, 224, 0, 0, 2, 0, 0, 3, 1, 1, 3, 9, 228]
1552553252944;[171, 0, 17, 255, 161, 76, 221, 11, 224, 1, 0, 1, 1, 0, 1, 1, 0, 249, 10, 1]
1552553252959;[171, 0, 17, 255, 161, 76, 221, 11, 224, 0, 0, 1, 0, 0, 2, 1, 0, 250, 10, 24]
1552553253294;[171, 0, 17, 255, 161, 76, 221, 11, 224, 0, 0, 2, 0, 0, 3, 1, 0, 250, 10, 18]
1552553253295;[171, 0, 17, 255, 161, 76, 221, 11, 224, 0, 0, 2, 0, 0, 2, 1, 0, 249, 10, 5]
1552553253295;[171, 0, 17, 255, 161, 76, 221, 11, 224, 0, 0, 1, 0, 0, 2, 1, 0, 248, 9, 251]
1552553253462;[171, 0, 4, 255, 132, 128, 59]
1552553253463;[171, 0, 17, 255, 161, 76, 221, 11, 224, 0, 0, 1, 0, 0, 2, 1, 0, 254, 9, 225]
1552553253812;[171, 0, 17, 255, 161, 76, 221, 11, 224, 0, 0, 1, 0, 0, 2, 1, 0, 250, 9, 212]
1552553253812;[171, 0, 17, 255, 161, 76, 221, 11, 225, 0, 0, 1, 0, 0, 0, 1, 1, 3, 10, 7]
1552553253813;[171, 0, 17, 255, 161, 76, 221, 11, 225, 0, 0, 1, 0, 0, 3, 1, 0, 249, 10, 54]
1552553253813;[171, 0, 17, 255, 161, 76, 221, 11, 225, 0, 0, 1, 0, 0, 2, 1, 0, 249, 10, 78]
1552553253979;[171, 0, 17, 255, 161, 76, 221, 11, 225, 1, 0, 1, 0, 0, 1, 1, 0, 250, 10, 88]
1552553254163;[171, 0, 17, 255, 161, 76, 221, 11, 225, 0, 0, 1, 0, 0, 3, 1, 0, 250, 10, 93]
1552553254164;[171, 0, 17, 255, 161, 76, 221, 11, 225, 0, 0, 1, 0, 0, 4, 1, 0, 249, 10, 67]
1552553254330;[171, 0, 17, 255, 161, 76, 221, 11, 225, 0, 0, 2, 0, 0, 3, 1, 0, 250, 10, 52]
1552553254330;[171, 0, 17, 255, 161, 76, 221, 11, 225, 0, 0, 1, 0, 0, 2, 1, 1, 3, 10, 20]
1552553254498;[171, 0, 4, 255, 132, 128, 59]
1552553254848;[171, 0, 17, 255, 161, 76, 221, 11, 225, 0, 0, 1, 0, 0, 2, 1, 0, 249, 10, 20]
1552553254849;[171, 0, 17, 255, 161, 76, 221, 11, 225, 0, 0, 1, 0, 0, 3, 1, 0, 250, 10, 76]
1552553254849;[171, 0, 17, 255, 161, 76, 221, 11, 226, 1, 0, 1, 0, 0, 3, 1, 0, 255, 10, 109]
1552553254850;[171, 0, 17, 255, 161, 76, 221, 11, 226, 0, 0, 1, 0, 0, 3, 1, 0, 249, 10, 126]
1552553255015;[171, 0, 17, 255, 161, 76, 221, 11, 226, 0, 0, 2, 0, 0, 3, 1, 0, 249, 10, 122]
1552553255016;[171, 0, 17, 255, 161, 76, 221, 11, 226, 1, 0, 1, 0, 0, 2, 1, 0, 250, 10, 110]
1552553255199;[171, 0, 17, 255, 161, 76, 221, 11, 226, 0, 0, 1, 0, 0, 3, 1, 0, 250, 10, 88]
1552553255534;[171, 0, 17, 255, 161, 76, 221, 11, 226, 0, 0, 1, 0, 0, 2, 1, 0, 249, 10, 64]
1552553255534;[171, 0, 17, 255, 161, 76, 221, 11, 226, 0, 0, 1, 0, 0, 3, 1, 0, 249, 10, 23]
1552553255549;[171, 0, 17, 255, 161, 76, 221, 11, 226, 0, 0, 2, 0, 0, 3, 1, 1, 3, 9, 242]
1552553255550;[171, 0, 4, 255, 132, 128, 59]
1552553255716;[171, 0, 17, 255, 161, 76, 221, 11, 226, 0, 0, 1, 0, 0, 4, 1, 0, 250, 10, 32]
1552553255717;[171, 0, 17, 255, 161, 76, 221, 11, 226, 0, 0, 1, 0, 0, 2, 1, 0, 249, 10, 76]
1552553255884;[171, 0, 17, 255, 161, 76, 221, 11, 227, 0, 0, 1, 0, 0, 3, 1, 0, 250, 10, 101]
1552553256051;[171, 0, 17, 255, 161, 76, 221, 11, 227, 0, 0, 1, 0, 0, 3, 1, 0, 249, 10, 110]
1552553256051;[171, 0, 17, 255, 161, 76, 221, 11, 227, 0, 0, 2, 0, 0, 2, 1, 0, 250, 10, 98]
1552553256234;[171, 0, 17, 255, 161, 76, 221, 11, 227, 1, 0, 1, 0, 0, 3, 1, 0, 254, 10, 86]
1552553256237;[171, 0, 17, 255, 161, 76, 221, 11, 227, 1, 0, 1, 0, 0, 3, 1, 0, 250, 10, 54]
1552553256402;[171, 0, 17, 255, 161, 76, 221, 11, 227, 0, 0, 0, 0, 0, 3, 1, 0, 249, 10, 19]
1552553256570;[171, 0, 17, 255, 161, 76, 221, 11, 227, 0, 0, 1, 0, 0, 4, 1, 0, 250, 9, 240]
1552553256570;[171, 0, 17, 255, 161, 76, 221, 11, 227, 0, 0, 1, 0, 0, 3, 1, 0, 254, 9, 197]
1552553256753;[171, 0, 4, 255, 132, 128, 59]
1552553256754;[171, 0, 17, 255, 161, 76, 221, 11, 227, 0, 0, 2, 0, 0, 2, 1, 0, 249, 9, 183]
1552553256919;[171, 0, 17, 255, 161, 76, 221, 11, 227, 0, 0, 1, 0, 0, 4, 1, 0, 250, 9, 212]
1552553257087;[171, 0, 17, 255, 161, 76, 221, 11, 228, 0, 0, 2, 0, 0, 2, 1, 0, 254, 9, 249]
1552553257087;[171, 0, 17, 255, 161, 76, 221, 11, 228, 0, 0, 1, 0, 0, 4, 1, 0, 249, 9, 251]
1552553257269;[171, 0, 17, 255, 161, 76, 221, 11, 228, 0, 0, 1, 0, 0, 3, 1, 0, 254, 9, 245]
1552553257271;[171, 0, 17, 255, 161, 76, 221, 11, 228, 0, 0, 1, 1, 0, 1, 1, 0, 248, 9, 228]
1552553257437;[171, 0, 17, 255, 161, 76, 221, 11, 228, 0, 0, 1, 0, 0, 4, 1, 0, 249, 9, 202]
1552553257439;[171, 0, 17, 255, 161, 76, 221, 11, 228, 0, 0, 1, 0, 0, 3, 1, 0, 250, 9, 155]
1552553257605;[171, 0, 17, 255, 161, 76, 221, 11, 228, 0, 0, 1, 0, 0, 0, 1, 0, 255, 9, 120]
1552553257605;[171, 0, 17, 255, 161, 76, 221, 11, 228, 1, 0, 1, 0, 0, 4, 1, 0, 249, 9, 70]
1552553257787;[171, 0, 4, 255, 132, 128, 60]
1552553258122;[171, 0, 17, 255, 161, 76, 221, 11, 228, 0, 0, 1, 0, 0, 4, 1, 0, 250, 9, 92]
1552553258122;[171, 0, 17, 255, 161, 76, 221, 11, 228, 0, 0, 2, 0, 0, 2, 1, 0, 254, 9, 119]
1552553258123;[171, 0, 17, 255, 161, 76, 221, 11, 229, 1, 0, 2, 0, 0, 3, 1, 0, 250, 9, 121]
1552553258307;[171, 0, 17, 255, 161, 76, 221, 11, 229, 1, 0, 1, 0, 0, 3, 1, 0, 250, 9, 112]
1552553258308;[171, 0, 17, 255, 161, 76, 221, 11, 229, 0, 0, 1, 0, 0, 2, 1, 0, 250, 9, 90]
1552553258474;[171, 0, 17, 255, 161, 76, 221, 11, 229, 0, 0, 2, 0, 0, 3, 1, 0, 254, 9, 49]
1552553258641;[171, 0, 17, 255, 161, 76, 221, 11, 229, 0, 0, 1, 0, 0, 4, 1, 0, 249, 9, 22]
1552553258642;[171, 0, 17, 255, 161, 76, 221, 11, 229, 0, 0, 1, 0, 0, 1, 1, 0, 254, 8, 225]
1552553258658;[171, 0, 17, 255, 161, 76, 221, 11, 229, 0, 0, 1, 0, 0, 2, 1, 0, 249, 8, 182]
1552553258825;[171, 0, 17, 255, 161, 76, 221, 11, 229, 0, 0, 1, 0, 0, 2, 1, 0, 254, 8, 126]
1552553258826;[171, 0, 4, 255, 132, 128, 60]
1552553258992;[171, 0, 17, 255, 161, 76, 221, 11, 229, 1, 0, 1, 0, 0, 2, 1, 0, 254, 8, 106]
1552553259158;[171, 0, 17, 255, 161, 76, 221, 11, 229, 0, 0, 2, 0, 0, 3, 1, 0, 250, 8, 129]
1552553259159;[171, 0, 17, 255, 161, 76, 221, 11, 230, 0, 0, 1, 0, 0, 3, 1, 0, 250, 8, 155]
1552553259326;[171, 0, 17, 255, 161, 76, 221, 11, 230, 1, 0, 1, 0, 0, 4, 1, 0, 255, 8, 139]
1552553259343;[171, 0, 17, 255, 161, 76, 221, 11, 230, 0, 0, 1, 0, 0, 3, 1, 0, 249, 8, 137]
1552553259511;[171, 0, 17, 255, 161, 76, 221, 11, 230, 0, 0, 1, 0, 0, 3, 1, 0, 249, 8, 113]
1552553259512;[171, 0, 17, 255, 161, 76, 221, 11, 230, 0, 0, 1, 0, 0, 3, 1, 0, 254, 8, 80]
1552553259676;[171, 0, 17, 255, 161, 76, 221, 11, 230, 0, 0, 2, 0, 0, 3, 1, 0, 250, 8, 54]
1552553259844;[171, 0, 17, 255, 161, 76, 221, 11, 230, 0, 0, 2, 1, 0, 1, 1, 0, 250, 8, 8]
1552553259860;[171, 0, 17, 255, 161, 76, 221, 11, 230, 1, 0, 1, 0, 0, 2, 1, 0, 255, 7, 222]
1552553260028;[171, 0, 4, 255, 132, 128, 60]
1552553260029;[171, 0, 17, 255, 161, 76, 221, 11, 230, 0, 0, 1, 0, 0, 2, 1, 0, 249, 7, 181]
1552553260363;[171, 0, 17, 255, 161, 76, 221, 11, 230, 0, 0, 2, 0, 0, 4, 1, 0, 254, 7, 211]
1552553260377;[171, 0, 17, 255, 161, 76, 221, 11, 231, 1, 0, 1, 0, 0, 3, 1, 0, 250, 7, 229]
1552553260378;[171, 0, 17, 255, 161, 76, 221, 11, 231, 0, 0, 0, 0, 0, 3, 1, 0, 249, 7, 233]
1552553260546;[171, 0, 17, 255, 161, 76, 221, 11, 231, 0, 0, 1, 0, 0, 3, 1, 0, 250, 7, 231]
1552553260546;[171, 0, 17, 255, 161, 76, 221, 11, 231, 0, 0, 1, 0, 0, 3, 1, 0, 249, 7, 205]
1552553260713;[171, 0, 17, 255, 161, 76, 221, 11, 231, 0, 0, 1, 0, 0, 6, 1, 0, 250, 7, 186]
1552553260713;[171, 0, 17, 255, 161, 76, 221, 11, 231, 0, 0, 2, 0, 0, 2, 1, 0, 254, 7, 155]
1552553260880;[171, 0, 17, 255, 161, 76, 221, 11, 231, 0, 0, 1, 0, 0, 3, 1, 0, 255, 7, 120]
1552553261063;[171, 0, 17, 255, 161, 76, 221, 11, 233, 1, 0, 1, 0, 0, 3, 1, 0, 250, 7, 119]
1552553261231;[171, 0, 17, 255, 161, 76, 221, 11, 233, 0, 0, 3, 0, 0, 0, 1, 0, 249, 7, 138]
1552553261397;[171, 0, 17, 255, 161, 76, 221, 11, 234, 0, 0, 1, 0, 0, 2, 1, 0, 255, 7, 159]
1552553261581;[171, 0, 17, 255, 161, 76, 221, 11, 234, 0, 0, 2, 0, 0, 3, 1, 0, 249, 7, 154]
1552553261582;[171, 0, 17, 255, 161, 76, 221, 11, 234, 0, 0, 1, 0, 0, 2, 1, 0, 255, 7, 146]
1552553261748;[171, 0, 17, 255, 161, 76, 221, 11, 234, 0, 0, 2, 0, 0, 3, 1, 0, 249, 7, 126]
1552553261749;[171, 0, 17, 255, 161, 76, 221, 11, 234, 0, 0, 1, 0, 0, 4, 1, 0, 250, 7, 100]
1552553261915;[171, 0, 17, 255, 161, 76, 221, 11, 234, 0, 0, 1, 0, 0, 3, 1, 0, 250, 7, 72]
1552553261917;[171, 0, 17, 255, 161, 76, 221, 11, 234, 0, 0, 2, 0, 0, 3, 1, 0, 249, 7, 98]
1552553262100;[171, 0, 17, 255, 161, 76, 221, 11, 234, 0, 0, 1, 0, 0, 3, 1, 0, 250, 7, 128]
1552553262267;[171, 0, 4, 255, 132, 128, 61]
1552553262268;[171, 0, 17, 255, 161, 76, 221, 11, 234, 0, 0, 2, 0, 0, 3, 1, 0, 254, 7, 148]
1552553262434;[171, 0, 17, 255, 161, 76, 221, 11, 234, 0, 0, 3, 0, 0, 4, 1, 0, 250, 7, 167]
1552553262435;[171, 0, 17, 255, 161, 76, 221, 11, 235, 0, 0, 2, 0, 0, 2, 1, 0, 249, 7, 164]
1552553262618;[171, 0, 17, 255, 161, 76, 221, 11, 235, 0, 0, 1, 0, 0, 1, 1, 0, 250, 7, 147]
1552553262619;[171, 0, 17, 255, 161, 76, 221, 11, 235, 0, 0, 2, 0, 0, 3, 1, 0, 250, 7, 124]
1552553262784;[171, 0, 17, 255, 161, 76, 221, 11, 235, 0, 0, 1, 0, 0, 0, 1, 1, 3, 7, 92]
1552553262951;[171, 0, 17, 255, 161, 76, 221, 11, 235, 1, 0, 1, 0, 0, 1, 1, 0, 250, 7, 70]
1552553262952;[171, 0, 17, 255, 161, 76, 221, 11, 235, 0, 0, 1, 0, 0, 3, 1, 0, 254, 7, 109]
1552553263134;[171, 0, 17, 255, 161, 76, 221, 11, 235, 1, 0, 1, 0, 0, 2, 1, 0, 254, 7, 153]
1552553263135;[171, 0, 17, 255, 161, 76, 221, 11, 235, 1, 0, 1, 0, 0, 0, 1, 1, 3, 7, 183]
1552553263302;[171, 0, 4, 255, 132, 128, 61]
1552553263470;[171, 0, 17, 255, 161, 76, 221, 11, 235, 0, 0, 5, 0, 0, 3, 1, 0, 250, 7, 195]
1552553263471;[171, 0, 17, 255, 161, 76, 221, 11, 235, 0, 0, 1, 0, 0, 3, 1, 0, 254, 7, 193]
1552553263653;[171, 0, 17, 255, 161, 76, 221, 11, 236, 0, 0, 1, 0, 0, 0, 1, 0, 249, 7, 166]
1552553263654;[171, 0, 17, 255, 161, 76, 221, 11, 236, 0, 0, 2, 1, 0, 1, 1, 0, 255, 7, 97]
1552553263820;[171, 0, 17, 255, 161, 76, 221, 11, 236, 0, 0, 3, 0, 0, 4, 1, 0, 249, 7, 2]
1552553263821;[171, 0, 17, 255, 161, 76, 221, 11, 236, 0, 0, 1, 0, 0, 3, 1, 0, 253, 6, 85]
1552553263988;[171, 0, 17, 255, 161, 76, 221, 11, 236, 0, 0, 1, 0, 0, 1, 1, 0, 250, 5, 231]
1552553264170;[171, 0, 17, 255, 161, 76, 221, 11, 236, 1, 0, 3, 1, 0, 1, 1, 0, 250, 5, 101]
1552553264171;[171, 0, 17, 255, 161, 76, 221, 11, 236, 0, 0, 2, 0, 0, 0, 1, 1, 3, 4, 161]
1552553264338;[171, 0, 17, 255, 161, 76, 221, 11, 236, 1, 0, 1, 0, 0, 3, 1, 0, 250, 3, 136]
1552553264339;[171, 0, 4, 255, 132, 128, 61]
1552553264505;[171, 0, 17, 255, 161, 76, 221, 11, 236, 0, 0, 1, 0, 0, 1, 1, 0, 249, 2, 104]
1552553264522;[171, 0, 17, 255, 161, 76, 221, 11, 236, 0, 0, 2, 0, 0, 0, 1, 0, 250, 2, 104]
1552553264690;[171, 0, 17, 255, 161, 76, 221, 11, 237, 0, 0, 2, 0, 0, 3, 1, 0, 249, 1, 185]
1552553264856;[171, 0, 17, 255, 161, 76, 221, 11, 237, 0, 0, 2, 0, 0, 4, 1, 0, 253, 0, 246]
1552553264858;[171, 0, 17, 255, 161, 76, 221, 11, 237, 0, 0, 2, 0, 0, 2, 1, 0, 246, 16, 97]
1552553265023;[171, 0, 17, 255, 161, 76, 221, 11, 237, 1, 0, 1, 0, 0, 0, 1, 0, 248, 7, 137]
1552553265207;[171, 0, 17, 255, 161, 76, 221, 11, 237, 1, 0, 1, 0, 0, 0, 1, 0, 247, 7, 134]
1552553265375;[171, 0, 17, 255, 161, 76, 221, 11, 237, 1, 0, 1, 0, 0, 2, 1, 0, 249, 7, 105]
1552553265376;[171, 0, 17, 255, 161, 76, 221, 11, 237, 1, 0, 1, 0, 0, 2, 1, 0, 249, 7, 65]
1552553265377;[171, 0, 17, 255, 161, 76, 221, 11, 237, 0, 0, 1, 0, 0, 2, 1, 0, 250, 7, 7]
1552553265541;[171, 0, 4, 255, 132, 128, 61]
1552553265543;[171, 0, 17, 255, 161, 76, 221, 11, 237, 0, 0, 1, 0, 0, 2, 1, 0, 254, 6, 233]
1552553265892;[171, 0, 17, 255, 161, 76, 221, 11, 237, 0, 0, 1, 0, 0, 3, 1, 0, 250, 6, 199]
1552553265893;[171, 0, 17, 255, 161, 76, 221, 11, 238, 1, 0, 1, 0, 0, 3, 1, 0, 254, 6, 144]
1552553265894;[171, 0, 17, 255, 161, 76, 221, 11, 238, 0, 0, 1, 0, 0, 4, 1, 0, 249, 6, 92]
1552553266060;[171, 0, 17, 255, 161, 76, 221, 11, 238, 0, 0, 3, 0, 0, 0, 1, 0, 249, 6, 22]
1552553266061;[171, 0, 17, 255, 161, 76, 221, 11, 238, 0, 0, 17, 0, 0, 0, 1, 1, 3, 6, 4]
1552553266243;[171, 0, 17, 255, 161, 76, 221, 11, 238, 1, 0, 1, 1, 0, 1, 1, 0, 246, 5, 249]
1552553266244;[171, 0, 17, 255, 161, 76, 221, 11, 238, 0, 0, 1, 0, 0, 2, 1, 0, 254, 6, 14]
1552553266410;[171, 0, 17, 255, 161, 76, 221, 11, 238, 1, 0, 1, 0, 0, 3, 1, 0, 254, 6, 37]
1552553266411;[171, 0, 17, 255, 161, 76, 221, 11, 238, 1, 0, 1, 0, 0, 3, 1, 0, 255, 6, 30]
1552553266761;[171, 0, 4, 255, 132, 128, 62]
1552553266928;[171, 0, 17, 255, 161, 76, 221, 11, 238, 1, 0, 6, 0, 0, 3, 1, 0, 248, 6, 57]
1552553266930;[171, 0, 17, 255, 161, 76, 221, 11, 238, 1, 0, 4, 0, 0, 2, 1, 0, 249, 6, 110]
1552553266930;[171, 0, 17, 255, 161, 76, 221, 11, 239, 1, 0, 4, 0, 0, 3, 1, 0, 250, 6, 161]
1552553266931;[171, 0, 17, 255, 161, 76, 221, 11, 239, 1, 0, 3, 0, 0, 3, 1, 0, 255, 7, 49]
1552553267095;[171, 0, 17, 255, 161, 76, 221, 11, 239, 1, 0, 8, 0, 0, 3, 1, 0, 250, 7, 206]
1552553267263;[171, 0, 17, 255, 161, 76, 221, 11, 239, 1, 0, 1, 0, 0, 1, 1, 0, 250, 8, 94]
1552553267446;[171, 0, 17, 255, 161, 76, 221, 11, 239, 1, 0, 4, 0, 0, 3, 1, 0, 255, 8, 219]
1552553267614;[171, 0, 17, 255, 161, 76, 221, 11, 239, 1, 0, 6, 0, 0, 2, 1, 0, 250, 9, 68]
1552553267615;[171, 0, 17, 255, 161, 76, 221, 11, 239, 1, 0, 1, 0, 0, 3, 1, 0, 255, 9, 159]
1552553267615;[171, 0, 17, 255, 161, 76, 221, 11, 239, 1, 0, 1, 0, 0, 4, 1, 0, 255, 9, 234]
1552553267629;[171, 0, 4, 255, 132, 128, 62]
1552553267780;[171, 0, 17, 255, 161, 76, 221, 11, 239, 1, 0, 1, 0, 0, 3, 1, 0, 250, 10, 34]
1552553267964;[171, 0, 17, 255, 161, 76, 221, 11, 239, 1, 0, 1, 0, 0, 3, 1, 0, 250, 10, 153]
1552553267965;[171, 0, 17, 255, 161, 76, 221, 11, 240, 1, 0, 2, 0, 0, 3, 1, 1, 3, 11, 62]
1552553268132;[171, 0, 17, 255, 161, 76, 221, 11, 240, 1, 0, 3, 0, 0, 1, 1, 0, 255, 11, 168]
1552553268133;[171, 0, 17, 255, 161, 76, 221, 11, 240, 1, 0, 3, 0, 0, 3, 1, 0, 250, 12, 30]
1552553268297;[171, 0, 17, 255, 161, 76, 221, 11, 240, 1, 0, 1, 0, 0, 0, 1, 0, 254, 12, 108]
1552553268649;[171, 0, 17, 255, 161, 76, 221, 11, 240, 1, 0, 1, 0, 0, 2, 1, 0, 250, 12, 165]
1552553268650;[171, 0, 17, 255, 161, 76, 221, 11, 240, 1, 0, 1, 0, 0, 3, 1, 0, 254, 12, 216]
1552553268651;[171, 0, 17, 255, 161, 76, 221, 11, 240, 1, 0, 1, 1, 0, 1, 1, 0, 250, 12, 241]
1552553268666;[171, 0, 17, 255, 161, 76, 221, 11, 240, 1, 0, 4, 0, 0, 2, 1, 0, 255, 13, 50]
1552553268816;[171, 0, 4, 255, 132, 128, 62]
1552553268817;[171, 0, 17, 255, 161, 76, 221, 11, 240, 1, 0, 3, 0, 0, 2, 1, 0, 254, 13, 199]
1552553269170;[171, 0, 17, 255, 161, 76, 221, 11, 240, 1, 0, 2, 0, 0, 3, 1, 0, 249, 14, 66]
1552553269172;[171, 0, 17, 255, 161, 76, 221, 11, 241, 1, 0, 3, 0, 0, 3, 1, 0, 254, 14, 150]
1552553269173;[171, 0, 17, 255, 161, 76, 221, 11, 241, 1, 0, 3, 0, 0, 1, 1, 0, 255, 14, 213]
1552553269334;[171, 0, 17, 255, 161, 76, 221, 11, 241, 1, 0, 1, 0, 0, 2, 1, 0, 249, 14, 253]
1552553269335;[171, 0, 17, 255, 161, 76, 221, 11, 241, 1, 0, 7, 0, 0, 4, 1, 0, 250, 15, 25]
1552553269518;[171, 0, 17, 255, 161, 76, 221, 11, 241, 1, 0, 1, 0, 0, 1, 1, 0, 255, 15, 34]
1552553269536;[171, 0, 17, 255, 161, 76, 221, 11, 241, 1, 0, 6, 0, 0, 1, 1, 0, 249, 15, 33]
1552553269686;[171, 0, 17, 255, 161, 76, 221, 11, 241, 1, 0, 1, 0, 0, 3, 1, 0, 250, 31, 91]
1552553269852;[171, 0, 17, 255, 161, 76, 221, 11, 241, 1, 0, 1, 0, 0, 3, 1, 1, 3, 8, 71]
1552553269853;[171, 0, 4, 255, 132, 128, 62]
1552553270036;[171, 0, 17, 255, 161, 76, 221, 11, 241, 1, 0, 4, 0, 0, 3, 1, 0, 255, 8, 161]
1552553270037;[171, 0, 17, 255, 161, 76, 221, 11, 241, 1, 0, 4, 0, 0, 2, 1, 0, 255, 8, 221]
1552553270371;[171, 0, 17, 255, 161, 76, 221, 11, 242, 0, 0, 1, 0, 0, 3, 1, 0, 250, 9, 1]
1552553270372;[171, 0, 17, 255, 161, 76, 221, 11, 242, 1, 0, 3, 0, 0, 3, 1, 0, 254, 9, 8]
1552553270387;[171, 0, 17, 255, 161, 76, 221, 11, 242, 0, 0, 1, 0, 0, 3, 1, 0, 250, 9, 12]
1552553270555;[171, 0, 17, 255, 161, 76, 221, 11, 242, 1, 0, 3, 0, 0, 2, 1, 0, 250, 9, 6]
1552553270555;[171, 0, 17, 255, 161, 76, 221, 11, 242, 1, 0, 4, 0, 0, 3, 1, 0, 249, 8, 246]
1552553270723;[171, 0, 17, 255, 161, 76, 221, 11, 242, 1, 0, 1, 0, 0, 2, 1, 0, 249, 8, 208]
1552553270725;[171, 0, 17, 255, 161, 76, 221, 11, 242, 1, 0, 3, 0, 0, 4, 1, 0, 249, 8, 193]
1552553270888;[171, 0, 17, 255, 161, 76, 221, 11, 242, 1, 0, 1, 0, 0, 2, 1, 1, 3, 9, 5]
1552553271072;[171, 0, 4, 255, 132, 128, 63]
1552553271073;[171, 0, 17, 255, 161, 76, 221, 11, 242, 0, 0, 1, 0, 0, 2, 1, 0, 250, 9, 61]
1552553271238;[171, 0, 17, 255, 161, 76, 221, 11, 242, 0, 0, 2, 0, 0, 4, 1, 0, 250, 9, 97]
1552553271239;[171, 0, 17, 255, 161, 76, 221, 11, 243, 1, 0, 6, 0, 0, 2, 1, 0, 250, 9, 116]
1552553271405;[171, 0, 17, 255, 161, 76, 221, 11, 243, 1, 0, 1, 0, 0, 3, 1, 0, 250, 9, 115]
1552553271406;[171, 0, 17, 255, 161, 76, 221, 11, 243, 0, 0, 1, 0, 0, 3, 1, 0, 255, 9, 92]
1552553271590;[171, 0, 17, 255, 161, 76, 221, 11, 243, 1, 0, 2, 0, 0, 2, 1, 1, 3, 9, 66]
1552553271756;[171, 0, 17, 255, 161, 76, 221, 11, 243, 0, 0, 1, 0, 0, 3, 1, 0, 255, 9, 27]
1552553271757;[171, 0, 17, 255, 161, 76, 221, 11, 243, 1, 0, 3, 0, 0, 3, 1, 0, 248, 8, 237]
1552553271924;[171, 0, 17, 255, 161, 76, 221, 11, 243, 1, 0, 3, 0, 0, 3, 1, 1, 3, 8, 205]
1552553271925;[171, 0, 17, 255, 161, 76, 221, 11, 243, 1, 0, 3, 0, 0, 3, 1, 1, 3, 8, 245]
1552553272107;[171, 0, 4, 255, 132, 128, 63]
1552553272275;[171, 0, 17, 255, 161, 76, 221, 11, 243, 1, 0, 8, 0, 0, 3, 1, 0, 254, 9, 9]
1552553272276;[171, 0, 17, 255, 161, 76, 221, 11, 243, 1, 0, 3, 0, 0, 3, 1, 0, 249, 9, 4]
1552553272442;[171, 0, 17, 255, 161, 76, 221, 11, 244, 1, 0, 3, 0, 0, 4, 1, 0, 254, 9, 6]
1552553272443;[171, 0, 17, 255, 161, 76, 221, 11, 244, 1, 0, 7, 0, 0, 3, 1, 0, 249, 8, 219]
1552553272624;[171, 0, 17, 255, 161, 76, 221, 11, 244, 1, 0, 3, 0, 0, 3, 1, 0, 255, 8, 198]
1552553272625;[171, 0, 17, 255, 161, 76, 221, 11, 244, 1, 0, 3, 0, 0, 3, 1, 0, 250, 8, 156]
1552553272792;[171, 0, 17, 255, 161, 76, 221, 11, 244, 1, 0, 1, 0, 0, 5, 1, 0, 249, 8, 116]
1552553272960;[171, 0, 17, 255, 161, 76, 221, 11, 244, 1, 0, 3, 0, 0, 4, 1, 0, 254, 8, 72]
1552553272961;[171, 0, 17, 255, 161, 76, 221, 11, 244, 1, 0, 1, 0, 0, 0, 1, 0, 250, 8, 101]
1552553273144;[171, 0, 17, 255, 161, 76, 221, 11, 244, 1, 0, 1, 0, 0, 3, 1, 1, 3, 8, 126]
1552553273145;[171, 0, 4, 255, 132, 128, 64]
1552553273310;[171, 0, 17, 255, 161, 76, 221, 11, 244, 1, 0, 6, 0, 0, 2, 1, 0, 255, 8, 136]
1552553273311;[171, 0, 17, 255, 161, 76, 221, 11, 244, 1, 0, 6, 0, 0, 3, 1, 0, 250, 8, 135]
1552553273478;[171, 0, 17, 255, 161, 76, 221, 11, 245, 1, 0, 6, 0, 0, 3, 1, 0, 254, 8, 112]
1552553273662;[171, 0, 17, 255, 161, 76, 221, 11, 245, 1, 0, 3, 0, 0, 3, 1, 0, 250, 8, 91]
1552553273663;[171, 0, 17, 255, 161, 76, 221, 11, 245, 1, 0, 4, 0, 0, 3, 1, 0, 249, 8, 56]
1552553273829;[171, 0, 17, 255, 161, 76, 221, 11, 245, 1, 0, 4, 0, 0, 1, 1, 0, 249, 8, 19]
1552553273830;[171, 0, 17, 255, 161, 76, 221, 11, 245, 1, 0, 3, 0, 0, 3, 1, 0, 249, 7, 240]
1552553273996;[171, 0, 17, 255, 161, 76, 221, 11, 245, 1, 0, 1, 0, 0, 3, 1, 0, 249, 8, 17]
1552553274179;[171, 0, 17, 255, 161, 76, 221, 11, 245, 1, 0, 3, 0, 0, 2, 1, 0, 255, 8, 52]
1552553274180;[171, 0, 17, 255, 161, 76, 221, 11, 245, 1, 0, 1, 0, 0, 4, 1, 0, 250, 8, 55]
1552553274346;[171, 0, 4, 255, 132, 128, 64]
1552553274348;[171, 0, 17, 255, 161, 76, 221, 11, 245, 1, 0, 3, 0, 0, 3, 1, 0, 250, 8, 56]
1552553274681;[171, 0, 17, 255, 161, 76, 221, 11, 245, 0, 0, 0, 0, 0, 3, 1, 0, 250, 8, 49]
1552553274698;[171, 0, 17, 255, 161, 76, 221, 11, 246, 1, 0, 1, 0, 0, 2, 1, 0, 255, 8, 24]
1552553274699;[171, 0, 17, 255, 161, 76, 221, 11, 246, 1, 0, 4, 0, 0, 2, 1, 0, 254, 7, 252]
1552553274865;[171, 0, 17, 255, 161, 76, 221, 11, 246, 0, 0, 1, 0, 0, 3, 1, 0, 255, 7, 211]
1552553274867;[171, 0, 17, 255, 161, 76, 221, 11, 246, 1, 0, 3, 0, 0, 3, 1, 0, 249, 7, 213]
1552553275032;[171, 0, 17, 255, 161, 76, 221, 11, 246, 1, 0, 1, 0, 0, 3, 1, 0, 250, 7, 245]
1552553275033;[171, 0, 17, 255, 161, 76, 221, 11, 246, 1, 0, 3, 0, 0, 1, 1, 1, 3, 8, 3]
1552553275350;[171, 0, 17, 255, 161, 76, 221, 11, 246, 1, 0, 6, 0, 0, 3, 1, 0, 249, 8, 10]
1552553275410;[171, 0, 17, 255, 161, 76, 221, 11, 246, 1, 0, 4, 0, 0, 2, 1, 0, 254, 8, 11]
1552553275410;[171, 0, 4, 255, 132, 128, 64]
1552553275548;[171, 0, 17, 255, 161, 76, 221, 11, 246, 1, 0, 3, 0, 0, 4, 1, 0, 255, 7, 253]
1552553275549;[171, 0, 17, 255, 161, 76, 221, 11, 246, 1, 0, 6, 0, 0, 5, 1, 0, 249, 7, 221]
1552553275716;[171, 0, 17, 255, 161, 76, 221, 11, 247, 1, 0, 3, 0, 0, 3, 1, 0, 250, 7, 190]
1552553275733;[171, 0, 17, 255, 161, 76, 221, 11, 247, 1, 0, 3, 0, 0, 3, 1, 0, 255, 7, 166]
1552553275899;[171, 0, 17, 255, 161, 76, 221, 11, 247, 1, 0, 1, 0, 0, 3, 1, 0, 250, 7, 211]
1552553276055;[171, 0, 17, 255, 161, 76, 221, 11, 247, 1, 0, 1, 0, 0, 4, 1, 0, 254, 7, 250]
1552553276228;[171, 0, 17, 255, 161, 76, 221, 11, 247, 1, 0, 3, 0, 0, 3, 1, 0, 249, 8, 7]
1552553276230;[171, 0, 17, 255, 161, 76, 221, 11, 247, 1, 0, 3, 0, 0, 3, 1, 0, 250, 8, 9]
1552553276402;[171, 0, 17, 255, 161, 76, 221, 11, 247, 1, 0, 6, 0, 0, 3, 1, 0, 254, 7, 244]
1552553276403;[171, 0, 17, 255, 161, 76, 221, 11, 247, 1, 0, 4, 0, 0, 0, 1, 0, 254, 7, 226]
1552553276404;[171, 0, 4, 255, 132, 128, 64]
1552553276747;[171, 0, 17, 255, 161, 76, 221, 11, 247, 1, 0, 4, 0, 0, 3, 1, 0, 255, 7, 184]
1552553276750;[171, 0, 17, 255, 161, 76, 221, 11, 247, 1, 0, 8, 0, 0, 0, 1, 0, 254, 7, 57]
1552553276751;[171, 0, 17, 255, 161, 76, 221, 11, 248, 1, 0, 1, 1, 0, 1, 1, 1, 3, 6, 206]
1552553276919;[171, 0, 17, 255, 161, 76, 221, 11, 248, 1, 0, 6, 1, 0, 14, 1, 1, 5, 6, 105]
1552553276922;[171, 0, 17, 255, 161, 76, 221, 11, 248, 1, 0, 10, 1, 0, 24, 1, 1, 8, 6, 44]
1552553277094;[171, 0, 17, 255, 161, 76, 221, 11, 248, 1, 0, 20, 1, 0, 27, 1, 1, 3, 5, 211]
1552553277266;[171, 0, 17, 255, 161, 76, 221, 11, 248, 1, 0, 23, 1, 0, 11, 1, 0, 255, 5, 62]
1552553277269;[171, 0, 17, 255, 161, 76, 221, 11, 248, 1, 0, 3, 0, 0, 9, 1, 0, 253, 4, 121]
1552553277439;[171, 0, 17, 255, 161, 76, 221, 11, 248, 1, 0, 3, 0, 0, 20, 1, 0, 252, 3, 124]
1552553277441;[171, 0, 17, 255, 161, 76, 221, 11, 248, 1, 0, 24, 0, 0, 44, 1, 0, 242, 2, 144]
1552553277611;[171, 0, 4, 255, 132, 128, 64]
1552553277614;[171, 0, 17, 255, 161, 76, 221, 11, 248, 1, 0, 14, 0, 0, 71, 1, 0, 243, 1, 210]
1552553277793;[171, 0, 17, 255, 161, 76, 221, 11, 248, 1, 0, 41, 0, 0, 45, 1, 0, 233, 1, 33]
1552553277960;[171, 0, 17, 255, 161, 76, 221, 11, 249, 0, 0, 17, 0, 0, 6, 1, 0, 251, 16, 181]
1552553277960;[171, 0, 17, 255, 161, 76, 221, 11, 249, 1, 0, 45, 1, 0, 1, 1, 1, 28, 7, 250]
1552553278148;[171, 0, 17, 255, 161, 76, 221, 11, 249, 1, 0, 62, 0, 0, 20, 1, 0, 247, 7, 236]
1552553278148;[171, 0, 17, 255, 161, 76, 221, 11, 249, 0, 0, 2, 0, 0, 58, 1, 0, 239, 7, 120]
1552553278316;[171, 0, 17, 255, 161, 76, 221, 11, 249, 0, 0, 19, 0, 0, 60, 1, 0, 241, 7, 74]
1552553278332;[171, 0, 17, 255, 161, 76, 221, 11, 249, 1, 0, 12, 0, 0, 62, 1, 0, 228, 7, 75]
1552553278483;[171, 0, 17, 255, 161, 76, 221, 11, 249, 1, 0, 6, 0, 0, 48, 1, 0, 235, 7, 49]
1552553278666;[171, 0, 17, 255, 161, 76, 221, 11, 249, 1, 0, 11, 0, 0, 30, 1, 0, 254, 7, 29]
1552553278833;[171, 0, 4, 255, 132, 128, 65]
1552553279008;[171, 0, 17, 255, 161, 76, 221, 11, 249, 0, 0, 17, 0, 0, 20, 1, 1, 7, 7, 27]
1552553279008;[171, 0, 17, 255, 161, 76, 221, 11, 249, 0, 0, 61, 0, 0, 8, 1, 0, 241, 6, 255]
1552553279008;[171, 0, 17, 255, 161, 76, 221, 11, 250, 0, 0, 45, 1, 0, 3, 1, 0, 240, 6, 243]
1552553279192;[171, 0, 17, 255, 161, 76, 221, 11, 250, 0, 0, 41, 0, 0, 0, 1, 0, 248, 6, 229]
1552553279193;[171, 0, 17, 255, 161, 76, 221, 11, 250, 0, 0, 51, 0, 0, 7, 1, 0, 247, 6, 204]
1552553279351;[171, 0, 17, 255, 161, 76, 221, 11, 250, 0, 0, 60, 0, 0, 16, 1, 0, 234, 6, 198]
1552553279352;[171, 0, 17, 255, 161, 76, 221, 11, 250, 0, 0, 62, 0, 0, 2, 1, 0, 241, 6, 169]
1552553279518;[171, 0, 17, 255, 161, 76, 221, 11, 250, 0, 0, 52, 1, 0, 22, 1, 1, 8, 5, 236]
1552553279518;[171, 0, 17, 255, 161, 76, 221, 11, 250, 0, 0, 24, 0, 0, 30, 1, 0, 211, 5, 32]
1552553279701;[171, 0, 17, 255, 161, 76, 221, 11, 250, 0, 0, 20, 0, 0, 44, 1, 0, 231, 5, 13]
1552553279870;[171, 0, 4, 255, 132, 128, 65]
1552553280029;[171, 0, 17, 255, 161, 76, 221, 11, 250, 0, 0, 72, 0, 0, 46, 1, 0, 231, 5, 153]
1552553280031;[171, 0, 17, 255, 161, 76, 221, 11, 250, 0, 0, 70, 0, 0, 49, 1, 0, 227, 6, 113]
1552553280031;[171, 0, 17, 255, 161, 76, 221, 11, 251, 0, 0, 85, 0, 0, 58, 1, 0, 240, 7, 20]
1552553280212;[171, 0, 17, 255, 161, 76, 221, 11, 251, 0, 0, 49, 0, 0, 26, 1, 0, 230, 7, 186]
1552553280213;[171, 0, 17, 255, 161, 76, 221, 11, 251, 0, 0, 27, 0, 0, 21, 1, 0, 247, 8, 33]
1552553280430;[171, 0, 17, 255, 161, 76, 221, 11, 251, 0, 0, 49, 0, 0, 29, 1, 0, 241, 8, 83]
1552553280548;[171, 0, 17, 255, 161, 76, 221, 11, 251, 0, 0, 47, 0, 0, 29, 1, 0, 239, 8, 107]
1552553280548;[171, 0, 17, 255, 161, 76, 221, 11, 251, 0, 0, 41, 0, 0, 27, 1, 0, 241, 8, 137]
1552553280730;[171, 0, 17, 255, 161, 76, 221, 11, 251, 0, 0, 45, 0, 0, 25, 1, 0, 244, 8, 134]
1552553280731;[171, 0, 17, 255, 161, 76, 221, 11, 251, 0, 0, 41, 0, 0, 27, 1, 0, 242, 8, 139]
1552553280897;[171, 0, 4, 255, 132, 128, 65]
1552553281098;[171, 0, 17, 255, 161, 76, 221, 11, 251, 0, 0, 41, 0, 0, 23, 1, 0, 243, 8, 245]
1552553281099;[171, 0, 17, 255, 161, 76, 221, 11, 251, 0, 0, 44, 0, 0, 28, 1, 0, 243, 9, 69]
1552553281248;[171, 0, 17, 255, 161, 76, 221, 12, 0, 0, 0, 43, 0, 0, 27, 1, 0, 241, 9, 124]
1552553281249;[171, 0, 17, 255, 161, 76, 221, 12, 0, 0, 0, 41, 0, 0, 27, 1, 0, 242, 9, 180]
1552553281416;[171, 0, 17, 255, 161, 76, 221, 12, 0, 0, 0, 43, 0, 0, 30, 1, 0, 250, 9, 215]
1552553281416;[171, 0, 17, 255, 161, 76, 221, 12, 0, 0, 0, 70, 0, 0, 52, 1, 0, 255, 9, 239]
1552553281583;[171, 0, 17, 255, 161, 76, 221, 12, 0, 0, 0, 38, 0, 0, 51, 1, 0, 250, 9, 212]
1552553281767;[171, 0, 17, 255, 161, 76, 221, 12, 0, 0, 0, 19, 0, 0, 41, 1, 0, 246, 9, 134]
1552553281767;[171, 0, 17, 255, 161, 76, 221, 12, 0, 1, 0, 5, 0, 0, 27, 1, 0, 225, 9, 47]
1552553281934;[171, 0, 17, 255, 161, 76, 221, 12, 0, 1, 0, 14, 0, 0, 5, 1, 0, 236, 8, 241]
1552553281935;[171, 0, 4, 255, 132, 128, 65]
1552553282284;[171, 0, 17, 255, 161, 76, 221, 12, 0, 1, 0, 18, 1, 0, 14, 1, 0, 244, 8, 248]
1552553282285;[171, 0, 17, 255, 161, 76, 221, 12, 0, 1, 0, 22, 1, 0, 28, 1, 1, 19, 8, 220]
1552553282285;[171, 0, 17, 255, 161, 76, 221, 12, 1, 1, 0, 10, 1, 0, 30, 1, 1, 26, 8, 217]
1552553282452;[171, 0, 17, 255, 161, 76, 221, 12, 1, 1, 0, 22, 1, 0, 40, 1, 1, 11, 8, 193]
1552553282453;[171, 0, 17, 255, 161, 76, 221, 12, 1, 1, 0, 1, 1, 0, 13, 1, 0, 240, 8, 203]
1552553282619;[171, 0, 17, 255, 161, 76, 221, 12, 1, 0, 0, 5, 0, 0, 2, 1, 0, 253, 8, 150]
1552553282620;[171, 0, 17, 255, 161, 76, 221, 12, 1, 0, 0, 1, 1, 0, 2, 1, 0, 254, 8, 62]
1552553282787;[171, 0, 17, 255, 161, 76, 221, 12, 1, 1, 0, 8, 0, 0, 2, 1, 0, 250, 8, 3]
1552553282970;[171, 0, 17, 255, 161, 76, 221, 12, 1, 0, 0, 12, 0, 0, 2, 1, 0, 249, 7, 238]
1552553283136;[171, 0, 17, 255, 161, 76, 221, 12, 3, 0, 0, 21, 0, 0, 2, 1, 0, 248, 13, 58]
1552553283137;[171, 0, 17, 255, 161, 76, 221, 12, 3, 0, 0, 19, 1, 0, 1, 1, 0, 249, 13, 86]
1552553283304;[171, 0, 17, 255, 161, 76, 221, 12, 4, 0, 0, 23, 0, 0, 0, 1, 0, 247, 13, 119]
1552553283488;[171, 0, 17, 255, 161, 76, 221, 12, 4, 0, 0, 19, 0, 0, 2, 1, 0, 249, 13, 139]
1552553283655;[171, 0, 17, 255, 161, 76, 221, 12, 4, 0, 0, 23, 0, 0, 0, 1, 0, 249, 13, 230]
1552553283656;[171, 0, 17, 255, 161, 76, 221, 12, 4, 0, 0, 26, 0, 0, 0, 1, 0, 248, 14, 66]
1552553283823;[171, 0, 17, 255, 161, 76, 221, 12, 4, 0, 0, 24, 0, 0, 2, 1, 0, 249, 14, 139]
1552553283823;[171, 0, 17, 255, 161, 76, 221, 12, 4, 0, 0, 23, 0, 0, 0, 1, 0, 249, 14, 203]
1552553284006;[171, 0, 17, 255, 161, 76, 221, 12, 4, 0, 0, 19, 1, 0, 1, 1, 0, 246, 14, 242]
1552553284173;[171, 0, 17, 255, 161, 76, 221, 12, 4, 0, 0, 24, 0, 0, 0, 1, 0, 248, 15, 10]
1552553284173;[171, 0, 4, 255, 132, 128, 65]
1552553284341;[171, 0, 17, 255, 161, 76, 221, 12, 4, 0, 0, 24, 0, 0, 0, 1, 0, 248, 15, 30]
1552553284341;[171, 0, 17, 255, 161, 76, 221, 12, 4, 0, 0, 23, 1, 0, 4, 1, 0, 247, 15, 30]
1552553284524;[171, 0, 17, 255, 161, 76, 221, 12, 5, 0, 0, 24, 1, 0, 2, 1, 0, 249, 15, 42]
1552553284524;[171, 0, 17, 255, 161, 76, 221, 12, 5, 0, 0, 28, 0, 0, 0, 1, 0, 248, 31, 131]
1552553284691;[171, 0, 17, 255, 161, 76, 221, 12, 5, 0, 0, 23, 0, 0, 2, 1, 0, 254, 8, 24]
1552553284858;[171, 0, 17, 255, 161, 76, 221, 12, 5, 0, 0, 17, 1, 0, 1, 1, 0, 249, 8, 72]
1552553285208;[171, 0, 17, 255, 161, 76, 221, 12, 5, 0, 0, 25, 1, 0, 1, 1, 0, 247, 8, 112]
1552553285209;[171, 0, 17, 255, 161, 76, 221, 12, 5, 0, 0, 19, 1, 0, 3, 1, 0, 246, 8, 128]
1552553285209;[171, 0, 17, 255, 161, 76, 221, 12, 5, 0, 0, 23, 0, 0, 1, 1, 0, 249, 8, 132]
1552553285210;[171, 0, 17, 255, 161, 76, 221, 12, 5, 0, 0, 24, 0, 0, 1, 1, 0, 249, 8, 127]
1552553285210;[171, 0, 4, 255, 132, 128, 65]
1552553285376;[171, 0, 17, 255, 161, 76, 221, 12, 5, 0, 0, 24, 1, 0, 1, 1, 0, 249, 8, 108]
1552553285560;[171, 0, 17, 255, 161, 76, 221, 12, 5, 0, 0, 24, 0, 0, 0, 1, 0, 248, 8, 86]
1552553285560;[171, 0, 17, 255, 161, 76, 221, 12, 6, 0, 0, 17, 0, 0, 2, 1, 0, 249, 8, 100]
1552553285727;[171, 0, 17, 255, 161, 76, 221, 12, 6, 0, 0, 19, 1, 0, 3, 1, 0, 249, 8, 149]
1552553285727;[171, 0, 17, 255, 161, 76, 221, 12, 6, 0, 0, 25, 0, 0, 0, 1, 0, 249, 8, 171]
1552553285895;[171, 0, 17, 255, 161, 76, 221, 12, 6, 0, 0, 17, 0, 0, 1, 1, 0, 250, 8, 177]
1552553286078;[171, 0, 17, 255, 161, 76, 221, 12, 6, 0, 0, 24, 0, 0, 1, 1, 0, 246, 8, 172]
1552553286078;[171, 0, 17, 255, 161, 76, 221, 12, 6, 0, 0, 24, 1, 0, 2, 1, 0, 249, 8, 149]
1552553286245;[171, 0, 17, 255, 161, 76, 221, 12, 6, 0, 0, 19, 0, 0, 0, 1, 0, 249, 8, 133]
1552553286245;[171, 0, 17, 255, 161, 76, 221, 12, 6, 0, 0, 23, 0, 0, 3, 1, 0, 249, 8, 99]
1552553286412;[171, 0, 4, 255, 132, 128, 65]
1552553286414;[171, 0, 17, 255, 161, 76, 221, 12, 6, 0, 0, 23, 1, 0, 1, 1, 0, 248, 8, 61]
1552553286596;[171, 0, 17, 255, 161, 76, 221, 12, 6, 0, 0, 24, 0, 0, 0, 1, 0, 249, 8, 30]
1552553286762;[171, 0, 17, 255, 161, 76, 221, 12, 7, 0, 0, 25, 0, 0, 0, 1, 0, 250, 8, 45]
1552553286763;[171, 0, 17, 255, 161, 76, 221, 12, 7, 0, 0, 24, 0, 0, 0, 1, 0, 248, 8, 68]
1552553286930;[171, 0, 17, 255, 161, 76, 221, 12, 7, 0, 0, 23, 0, 0, 3, 1, 0, 249, 8, 56]
1552553286932;[171, 0, 17, 255, 161, 76, 221, 12, 7, 0, 0, 25, 0, 0, 1, 1, 0, 248, 8, 56]
1552553287113;[171, 0, 17, 255, 161, 76, 221, 12, 7, 0, 0, 19, 0, 0, 0, 1, 0, 249, 8, 29]
1552553287114;[171, 0, 17, 255, 161, 76, 221, 12, 7, 0, 0, 24, 1, 0, 4, 1, 0, 248, 8, 4]
1552553287281;[171, 0, 17, 255, 161, 76, 221, 12, 7, 0, 0, 24, 0, 0, 0, 1, 0, 250, 7, 228]
1552553287448;[171, 0, 17, 255, 161, 76, 221, 12, 7, 0, 0, 17, 1, 0, 2, 1, 0, 249, 7, 184]
1552553287449;[171, 0, 4, 255, 132, 128, 66]
1552553287632;[171, 0, 17, 255, 161, 76, 221, 12, 7, 0, 0, 22, 1, 0, 3, 1, 0, 249, 7, 143]
1552553287632;[171, 0, 17, 255, 161, 76, 221, 12, 7, 0, 0, 13, 0, 0, 2, 1, 0, 249, 7, 123]
1552553287798;[171, 0, 17, 255, 161, 76, 221, 12, 8, 0, 0, 24, 0, 0, 0, 1, 0, 249, 7, 148]
1552553287965;[171, 0, 17, 255, 161, 76, 221, 12, 8, 0, 0, 24, 0, 0, 0, 1, 0, 246, 7, 163]
1552553287967;[171, 0, 17, 255, 161, 76, 221, 12, 8, 0, 0, 17, 1, 0, 3, 1, 0, 246, 7, 157]
1552553288135;[171, 0, 17, 255, 161, 76, 221, 12, 8, 0, 0, 22, 1, 0, 1, 1, 0, 249, 7, 151]
1552553288150;[171, 0, 17, 255, 161, 76, 221, 12, 8, 0, 0, 21, 1, 0, 2, 1, 0, 249, 7, 138]
1552553288316;[171, 0, 17, 255, 161, 76, 221, 12, 8, 0, 0, 19, 1, 0, 3, 1, 0, 248, 7, 108]
1552553288317;[171, 0, 17, 255, 161, 76, 221, 12, 8, 0, 0, 19, 1, 0, 3, 1, 0, 249, 7, 86]
1552553288485;[171, 0, 17, 255, 161, 76, 221, 12, 8, 0, 0, 24, 0, 0, 0, 1, 0, 249, 7, 45]
1552553288651;[171, 0, 4, 255, 132, 128, 66]
1552553288670;[171, 0, 17, 255, 161, 76, 221, 12, 8, 0, 0, 22, 1, 0, 1, 1, 0, 248, 7, 15]
1552553288834;[171, 0, 17, 255, 161, 76, 221, 12, 8, 0, 0, 23, 0, 0, 0, 1, 0, 248, 6, 233]
1552553288835;[171, 0, 17, 255, 161, 76, 221, 12, 9, 0, 0, 22, 1, 0, 1, 1, 0, 249, 6, 246]
1552553289001;[171, 0, 17, 255, 161, 76, 221, 12, 9, 0, 0, 23, 1, 0, 1, 1, 0, 249, 7, 16]
1552553289001;[171, 0, 17, 255, 161, 76, 221, 12, 9, 0, 0, 24, 0, 0, 0, 1, 0, 249, 7, 31]
1552553289206;[171, 0, 17, 255, 161, 76, 221, 12, 9, 0, 0, 17, 1, 0, 3, 1, 0, 249, 7, 47]
1552553289352;[171, 0, 17, 255, 161, 76, 221, 12, 9, 0, 0, 24, 1, 0, 3, 1, 0, 248, 7, 54]
1552553289352;[171, 0, 17, 255, 161, 76, 221, 12, 9, 0, 0, 24, 0, 0, 0, 1, 0, 248, 7, 41]
1552553289534;[171, 0, 17, 255, 161, 76, 221, 12, 9, 0, 0, 17, 1, 0, 1, 1, 0, 249, 7, 32]
1552553289534;[171, 0, 17, 255, 161, 76, 221, 12, 9, 0, 0, 24, 0, 0, 0, 1, 0, 249, 7, 11]
1552553289687;[171, 0, 4, 255, 132, 128, 66]
1552553289870;[171, 0, 17, 255, 161, 76, 221, 12, 9, 0, 0, 23, 0, 0, 2, 1, 0, 249, 6, 235]
1552553289871;[171, 0, 17, 255, 161, 76, 221, 12, 9, 0, 0, 22, 1, 0, 3, 1, 0, 249, 6, 208]
1552553290037;[171, 0, 17, 255, 161, 76, 221, 12, 10, 0, 0, 23, 0, 0, 2, 1, 0, 249, 6, 223]
1552553290038;[171, 0, 17, 255, 161, 76, 221, 12, 10, 0, 0, 24, 0, 0, 0, 1, 0, 249, 7, 16]
1552553290205;[171, 0, 17, 255, 161, 76, 221, 12, 10, 0, 0, 22, 0, 0, 1, 1, 0, 249, 7, 50]
1552553290205;[171, 0, 17, 255, 161, 76, 221, 12, 10, 0, 0, 25, 1, 0, 2, 1, 0, 248, 7, 78]
1552553290388;[171, 0, 17, 255, 161, 76, 221, 12, 10, 0, 0, 24, 0, 0, 2, 1, 0, 249, 7, 95]
1552553290555;[171, 0, 17, 255, 161, 76, 221, 12, 10, 0, 0, 23, 0, 0, 2, 1, 0, 249, 7, 101]
1552553290556;[171, 0, 17, 255, 161, 76, 221, 12, 10, 0, 0, 23, 0, 0, 1, 1, 0, 249, 7, 99]
1552553290723;[171, 0, 17, 255, 161, 76, 221, 12, 10, 0, 0, 22, 0, 0, 2, 1, 0, 246, 7, 85]
1552553290724;[171, 0, 4, 255, 132, 128, 66]
1552553290906;[171, 0, 17, 255, 161, 76, 221, 12, 10, 0, 0, 13, 1, 0, 1, 1, 0, 249, 7, 66]
1552553291073;[171, 0, 17, 255, 161, 76, 221, 12, 10, 0, 0, 23, 0, 0, 0, 1, 0, 248, 7, 53]
1552553291073;[171, 0, 17, 255, 161, 76, 221, 12, 11, 0, 0, 23, 1, 0, 1, 1, 0, 249, 7, 115]
1552553291241;[171, 0, 17, 255, 161, 76, 221, 12, 11, 0, 0, 17, 0, 0, 2, 1, 0, 246, 7, 177]
1552553291241;[171, 0, 17, 255, 161, 76, 221, 12, 11, 0, 0, 17, 1, 0, 1, 1, 0, 249, 7, 214]
1552553291424;[171, 0, 17, 255, 161, 76, 221, 12, 11, 0, 0, 24, 0, 0, 3, 1, 0, 249, 8, 2]
1552553291425;[171, 0, 17, 255, 161, 76, 221, 12, 11, 0, 0, 24, 0, 0, 0, 1, 0, 249, 8, 15]
1552553291591;[171, 0, 17, 255, 161, 76, 221, 12, 11, 0, 0, 17, 0, 0, 0, 1, 0, 249, 8, 20]
1552553291759;[171, 0, 17, 255, 161, 76, 221, 12, 11, 0, 0, 22, 0, 0, 0, 1, 0, 248, 8, 17]
1552553291759;[171, 0, 17, 255, 161, 76, 221, 12, 11, 0, 0, 17, 1, 0, 3, 1, 0, 250, 7, 253]
1552553291942;[171, 0, 4, 255, 132, 128, 66]
1552553291943;[171, 0, 17, 255, 161, 76, 221, 12, 11, 0, 0, 24, 1, 0, 3, 1, 0, 250, 8, 19]
1552553292109;[171, 0, 17, 255, 161, 76, 221, 12, 12, 0, 0, 24, 1, 0, 3, 1, 0, 249, 8, 97]
1552553292110;[171, 0, 17, 255, 161, 76, 221, 12, 12, 0, 0, 19, 0, 0, 0, 1, 0, 249, 8, 160]
1552553292277;[171, 0, 17, 255, 161, 76, 221, 12, 12, 0, 0, 19, 0, 0, 1, 1, 0, 249, 8, 197]
1552553292459;[171, 0, 17, 255, 161, 76, 221, 12, 12, 0, 0, 24, 1, 0, 1, 1, 0, 249, 8, 220]
1552553292460;[171, 0, 17, 255, 161, 76, 221, 12, 12, 0, 0, 17, 0, 0, 1, 1, 0, 247, 8, 226]
1552553292626;[171, 0, 17, 255, 161, 76, 221, 12, 12, 0, 0, 23, 1, 0, 3, 1, 0, 247, 8, 223]
1552553292627;[171, 0, 17, 255, 161, 76, 221, 12, 12, 0, 0, 23, 1, 0, 2, 1, 0, 249, 8, 211]
1552553292794;[171, 0, 17, 255, 161, 76, 221, 12, 12, 0, 0, 17, 0, 0, 3, 1, 0, 248, 8, 190]
1552553292978;[171, 0, 17, 255, 161, 76, 221, 12, 12, 0, 0, 24, 1, 0, 2, 1, 0, 249, 8, 165]
1552553292978;[171, 0, 4, 255, 132, 128, 65]
1552553293145;[171, 0, 17, 255, 161, 76, 221, 12, 12, 0, 0, 17, 1, 0, 3, 1, 0, 254, 8, 190]
1552553293146;[171, 0, 17, 255, 161, 76, 221, 12, 13, 0, 0, 25, 1, 0, 3, 1, 0, 249, 8, 254]
1552553293312;[171, 0, 17, 255, 161, 76, 221, 12, 13, 0, 0, 25, 0, 0, 0, 1, 0, 248, 9, 48]
1552553293313;[171, 0, 17, 255, 161, 76, 221, 12, 13, 0, 0, 24, 0, 0, 0, 1, 0, 248, 9, 70]
1552553293496;[171, 0, 17, 255, 161, 76, 221, 12, 13, 0, 0, 23, 1, 0, 1, 1, 0, 249, 9, 83]
1552553293663;[171, 0, 17, 255, 161, 76, 221, 12, 13, 0, 0, 27, 1, 0, 3, 1, 0, 249, 9, 74]
1552553293664;[171, 0, 17, 255, 161, 76, 221, 12, 13, 0, 0, 24, 0, 0, 0, 1, 0, 249, 9, 70]
1552553293830;[171, 0, 17, 255, 161, 76, 221, 12, 13, 0, 0, 19, 1, 0, 3, 1, 0, 249, 9, 33]
1552553293831;[171, 0, 17, 255, 161, 76, 221, 12, 13, 0, 0, 21, 1, 0, 2, 1, 0, 249, 9, 7]
1552553294014;[171, 0, 17, 255, 161, 76, 221, 12, 13, 0, 0, 19, 1, 0, 1, 1, 0, 248, 8, 241]
1552553294014;[171, 0, 4, 255, 132, 128, 65]
1552553294348;[171, 0, 17, 255, 161, 76, 221, 12, 13, 0, 0, 21, 0, 0, 1, 1, 0, 249, 9, 46]
1552553294349;[171, 0, 17, 255, 161, 76, 221, 12, 14, 0, 0, 24, 0, 0, 3, 1, 0, 249, 9, 84]
1552553294350;[171, 0, 17, 255, 161, 76, 221, 12, 14, 0, 0, 19, 0, 0, 0, 1, 0, 249, 9, 84]
1552553294532;[171, 0, 17, 255, 161, 76, 221, 12, 14, 0, 0, 24, 0, 0, 0, 1, 0, 250, 9, 86]
1552553294532;[171, 0, 17, 255, 161, 76, 221, 12, 14, 0, 0, 21, 1, 0, 1, 1, 0, 248, 9, 72]
1552553294699;[171, 0, 17, 255, 161, 76, 221, 12, 14, 0, 0, 17, 1, 0, 1, 1, 0, 249, 9, 50]
1552553294866;[171, 0, 17, 255, 161, 76, 221, 12, 14, 0, 0, 19, 1, 0, 1, 1, 0, 248, 9, 10]
1552553294866;[171, 0, 17, 255, 161, 76, 221, 12, 14, 0, 0, 19, 1, 0, 1, 1, 0, 247, 8, 241]
1552553295035;[171, 0, 17, 255, 161, 76, 221, 12, 14, 0, 0, 24, 1, 0, 3, 1, 0, 246, 8, 195]
1552553295050;[171, 0, 17, 255, 161, 76, 221, 12, 14, 0, 0, 24, 1, 0, 3, 1, 0, 249, 8, 213]
1552553295216;[171, 0, 4, 255, 132, 128, 65]
1552553295218;[171, 0, 17, 255, 161, 76, 221, 12, 14, 0, 0, 23, 0, 0, 1, 1, 0, 249, 8, 251]
1552553295384;[171, 0, 17, 255, 161, 76, 221, 12, 15, 0, 0, 24, 0, 0, 1, 1, 0, 249, 9, 21]
1552553295552;[171, 0, 17, 255, 161, 76, 221, 12, 15, 0, 0, 23, 1, 0, 1, 1, 0, 249, 9, 24]
1552553295568;[171, 0, 17, 255, 161, 76, 221, 12, 15, 0, 0, 19, 1, 0, 2, 1, 0, 243, 9, 10]
1552553295734;[171, 0, 17, 255, 161, 76, 221, 12, 15, 0, 0, 24, 1, 0, 3, 1, 0, 250, 8, 247]
1552553295735;[171, 0, 17, 255, 161, 76, 221, 12, 15, 0, 0, 19, 1, 0, 1, 1, 0, 249, 8, 218]
1552553295901;[171, 0, 17, 255, 161, 76, 221, 12, 15, 0, 0, 25, 0, 0, 2, 1, 0, 248, 8, 178]
1552553295902;[171, 0, 17, 255, 161, 76, 221, 12, 15, 0, 0, 24, 0, 0, 1, 1, 0, 249, 8, 144]
1552553296069;[171, 0, 17, 255, 161, 76, 221, 12, 15, 0, 0, 24, 1, 0, 1, 1, 0, 248, 8, 96]
1552553296253;[171, 0, 17, 255, 161, 76, 221, 12, 15, 0, 0, 25, 1, 0, 3, 1, 0, 247, 8, 71]
1552553296254;[171, 0, 4, 255, 132, 128, 64]
1552553296588;[171, 0, 17, 255, 161, 76, 221, 12, 15, 0, 0, 24, 1, 0, 1, 1, 0, 249, 8, 114]
1552553296588;[171, 0, 17, 255, 161, 76, 221, 12, 16, 0, 0, 24, 0, 0, 2, 1, 0, 249, 8, 154]
1552553296604;[171, 0, 17, 255, 161, 76, 221, 12, 16, 0, 0, 24, 0, 0, 0, 1, 0, 246, 8, 150]
1552553296771;[171, 0, 17, 255, 161, 76, 221, 12, 16, 0, 0, 23, 1, 0, 1, 1, 0, 249, 8, 157]
1552553296771;[171, 0, 17, 255, 161, 76, 221, 12, 16, 0, 0, 23, 0, 0, 1, 1, 0, 249, 8, 134]
1552553296938;[171, 0, 17, 255, 161, 76, 221, 12, 16, 0, 0, 24, 1, 0, 3, 1, 0, 249, 8, 112]
1552553296938;[171, 0, 17, 255, 161, 76, 221, 12, 16, 0, 0, 24, 1, 0, 1, 1, 0, 248, 8, 80]
1552553297105;[171, 0, 17, 255, 161, 76, 221, 12, 16, 0, 0, 24, 1, 0, 1, 1, 0, 249, 8, 43]
1552553297106;[171, 0, 17, 255, 161, 76, 221, 12, 16, 0, 0, 23, 1, 0, 2, 1, 0, 254, 8, 1]
1552553297289;[171, 0, 17, 255, 161, 76, 221, 12, 16, 0, 0, 21, 1, 0, 2, 1, 0, 249, 7, 254]
1552553297456;[171, 0, 4, 255, 132, 128, 64]
1552553297457;[171, 0, 17, 255, 161, 76, 221, 12, 16, 0, 0, 17, 1, 0, 1, 1, 0, 248, 8, 27]
1552553297624;[171, 0, 17, 255, 161, 76, 221, 12, 17, 0, 0, 22, 0, 0, 0, 1, 0, 249, 8, 45]
1552553297624;[171, 0, 17, 255, 161, 76, 221, 12, 17, 0, 0, 22, 0, 0, 1, 1, 0, 250, 8, 40]
1552553297806;[171, 0, 17, 255, 161, 76, 221, 12, 17, 0, 0, 26, 1, 0, 3, 1, 0, 248, 8, 26]
1552553298325;[171, 0, 17, 255, 161, 76, 221, 12, 17, 0, 0, 24, 1, 0, 1, 1, 0, 250, 8, 2]
1552553298325;[171, 0, 17, 255, 161, 76, 221, 12, 17, 0, 0, 22, 0, 0, 0, 1, 0, 250, 7, 233]
1552553298493;[171, 0, 17, 255, 161, 76, 221, 12, 17, 0, 0, 24, 1, 0, 1, 1, 0, 246, 7, 192]
1552553298493;[171, 0, 17, 255, 161, 76, 221, 12, 17, 0, 0, 19, 1, 0, 1, 1, 0, 249, 7, 162]
1552553298494;[171, 0, 17, 255, 161, 76, 221, 12, 17, 0, 0, 24, 1, 0, 1, 1, 0, 249, 7, 114]
1552553298494;[171, 0, 17, 255, 161, 76, 221, 12, 17, 0, 0, 22, 1, 0, 3, 1, 0, 246, 7, 85]
1552553298495;[171, 0, 4, 255, 132, 128, 64]
1552553298660;[171, 0, 17, 255, 161, 76, 221, 12, 17, 0, 0, 24, 1, 0, 1, 1, 0, 249, 7, 115]
1552553298660;[171, 0, 17, 255, 161, 76, 221, 12, 18, 0, 0, 25, 0, 0, 1, 1, 0, 248, 7, 147]
1552553298842;[171, 0, 17, 255, 161, 76, 221, 12, 18, 0, 0, 22, 1, 0, 1, 1, 0, 247, 7, 148]
1552553298843;[171, 0, 17, 255, 161, 76, 221, 12, 18, 0, 0, 24, 0, 0, 1, 1, 0, 249, 7, 149]
1552553299010;[171, 0, 17, 255, 161, 76, 221, 12, 18, 0, 0, 24, 1, 0, 1, 1, 0, 249, 7, 145]
1552553299010;[171, 0, 17, 255, 161, 76, 221, 12, 18, 0, 0, 17, 0, 0, 0, 1, 0, 249, 7, 126]
1552553299177;[171, 0, 17, 255, 161, 76, 221, 12, 18, 0, 0, 19, 0, 0, 2, 1, 0, 250, 7, 95]
1552553299360;[171, 0, 17, 255, 161, 76, 221, 12, 18, 0, 0, 13, 0, 0, 3, 1, 0, 249, 7, 59]
1552553299361;[171, 0, 17, 255, 161, 76, 221, 12, 18, 0, 0, 23, 0, 0, 0, 1, 0, 249, 7, 27]
1552553299528;[171, 0, 17, 255, 161, 76, 221, 12, 18, 0, 0, 24, 1, 0, 1, 1, 0, 248, 6, 248]
1552553299528;[171, 0, 4, 255, 132, 128, 64]
1552553299696;[171, 0, 17, 255, 161, 76, 221, 12, 18, 0, 0, 24, 0, 0, 2, 1, 0, 248, 6, 222]
1552553299878;[171, 0, 17, 255, 161, 76, 221, 12, 19, 0, 0, 24, 1, 0, 1, 1, 1, 3, 7, 13]
1552553299879;[171, 0, 17, 255, 161, 76, 221, 12, 19, 0, 0, 24, 0, 0, 0, 1, 0, 249, 7, 43]
1552553300046;[171, 0, 17, 255, 161, 76, 221, 12, 19, 0, 0, 19, 0, 0, 0, 1, 0, 250, 7, 46]
1552553300046;[171, 0, 17, 255, 161, 76, 221, 12, 19, 0, 0, 24, 0, 0, 2, 1, 0, 250, 7, 62]
1552553300396;[171, 0, 17, 255, 161, 76, 221, 12, 19, 0, 0, 22, 0, 0, 2, 1, 0, 248, 7, 57]
1552553300397;[171, 0, 17, 255, 161, 76, 221, 12, 19, 0, 0, 23, 1, 0, 1, 1, 0, 249, 7, 39]
1552553300397;[171, 0, 17, 255, 161, 76, 221, 12, 19, 0, 0, 24, 0, 0, 0, 1, 0, 249, 7, 24]
1552553300563;[171, 0, 17, 255, 161, 76, 221, 12, 19, 0, 0, 24, 0, 0, 1, 1, 0, 249, 6, 253]
1552553300564;[171, 0, 17, 255, 161, 76, 221, 12, 19, 0, 0, 24, 0, 0, 0, 1, 0, 248, 6, 231]
1552553300730;[171, 0, 4, 255, 132, 128, 64]
1552553300732;[171, 0, 17, 255, 161, 76, 221, 12, 19, 0, 0, 23, 1, 0, 1, 1, 0, 249, 7, 3]
1552553300898;[171, 0, 17, 255, 161, 76, 221, 12, 20, 0, 0, 24, 1, 0, 3, 1, 0, 249, 7, 40]
1552553300914;[171, 0, 17, 255, 161, 76, 221, 12, 20, 0, 0, 22, 0, 0, 1, 1, 0, 248, 7, 50]
1552553301249;[171, 0, 17, 255, 161, 76, 221, 12, 20, 0, 0, 24, 0, 0, 3, 1, 0, 250, 7, 69]
1552553301249;[171, 0, 17, 255, 161, 76, 221, 12, 20, 0, 0, 25, 0, 0, 1, 1, 0, 250, 7, 63]
1552553301251;[171, 0, 17, 255, 161, 76, 221, 12, 20, 0, 0, 23, 0, 0, 0, 1, 0, 246, 7, 45]
1552553301417;[171, 0, 17, 255, 161, 76, 221, 12, 20, 0, 0, 19, 0, 0, 0, 1, 0, 249, 7, 29]
1552553301433;[171, 0, 17, 255, 161, 76, 221, 12, 20, 0, 0, 24, 1, 0, 1, 1, 0, 249, 7, 4]
1552553301600;[171, 0, 17, 255, 161, 76, 221, 12, 20, 0, 0, 25, 0, 0, 2, 1, 0, 249, 6, 234]
1552553301767;[171, 0, 17, 255, 161, 76, 221, 12, 20, 0, 0, 24, 0, 0, 0, 1, 0, 249, 7, 0]
1552553301768;[171, 0, 4, 255, 132, 128, 63]
1552553302134;[171, 0, 17, 255, 161, 76, 221, 12, 20, 0, 0, 17, 0, 0, 1, 1, 0, 249, 7, 47]
1552553302135;[171, 0, 17, 255, 161, 76, 221, 12, 21, 0, 0, 19, 1, 0, 3, 1, 0, 249, 7, 77]
1552553302135;[171, 0, 17, 255, 161, 76, 221, 12, 21, 0, 0, 22, 1, 0, 1, 1, 0, 247, 7, 95]
1552553302151;[171, 0, 17, 255, 161, 76, 221, 12, 21, 0, 0, 19, 1, 0, 1, 1, 0, 248, 7, 100]
1552553302285;[171, 0, 17, 255, 161, 76, 221, 12, 21, 0, 0, 17, 0, 0, 1, 1, 0, 249, 7, 92]
1552553302635;[171, 0, 17, 255, 161, 76, 221, 12, 21, 0, 0, 19, 1, 0, 1, 1, 0, 248, 7, 79]
1552553302636;[171, 0, 17, 255, 161, 76, 221, 12, 21, 0, 0, 17, 0, 0, 0, 1, 0, 249, 7, 52]
1552553302636;[171, 0, 17, 255, 161, 76, 221, 12, 21, 0, 0, 22, 0, 0, 0, 1, 0, 246, 7, 23]
1552553302637;[171, 0, 17, 255, 161, 76, 221, 12, 21, 0, 0, 21, 1, 0, 2, 1, 0, 247, 7, 16]
1552553302802;[171, 0, 17, 255, 161, 76, 221, 12, 21, 0, 0, 17, 1, 0, 3, 1, 0, 250, 7, 68]
1552553302803;[171, 0, 4, 255, 132, 128, 63]
1552553302972;[171, 0, 17, 255, 161, 76, 221, 12, 21, 0, 0, 23, 0, 0, 1, 1, 0, 249, 7, 102]
1552553303142;[171, 0, 17, 255, 161, 76, 221, 12, 22, 0, 0, 24, 1, 0, 2, 1, 0, 248, 7, 129]
1552553303153;[171, 0, 17, 255, 161, 76, 221, 12, 22, 0, 0, 24, 0, 0, 3, 1, 0, 248, 7, 133]
1552553303321;[171, 0, 17, 255, 161, 76, 221, 12, 22, 0, 0, 21, 1, 0, 1, 1, 0, 249, 7, 112]
1552553303321;[171, 0, 17, 255, 161, 76, 221, 12, 22, 0, 0, 19, 0, 0, 0, 1, 0, 249, 7, 104]
1552553303489;[171, 0, 17, 255, 161, 76, 221, 12, 22, 0, 0, 19, 1, 0, 1, 1, 0, 249, 7, 76]
1552553303671;[171, 0, 17, 255, 161, 76, 221, 12, 22, 0, 0, 19, 1, 0, 2, 1, 0, 250, 7, 51]
1552553303672;[171, 0, 17, 255, 161, 76, 221, 12, 22, 0, 0, 24, 0, 0, 2, 1, 0, 246, 7, 16]
1552553303838;[171, 0, 17, 255, 161, 76, 221, 12, 22, 0, 0, 23, 0, 0, 0, 1, 0, 249, 6, 240]
1552553303839;[171, 0, 17, 255, 161, 76, 221, 12, 22, 0, 0, 23, 0, 0, 3, 1, 0, 248, 6, 253]
1552553304189;[171, 0, 4, 255, 132, 128, 62]
1552553304190;[171, 0, 17, 255, 161, 76, 221, 12, 22, 0, 0, 24, 0, 0, 2, 1, 0, 248, 7, 16]
1552553304191;[171, 0, 17, 255, 161, 76, 221, 12, 23, 0, 0, 24, 1, 0, 3, 1, 0, 246, 7, 13]
1552553304356;[171, 0, 17, 255, 161, 76, 221, 12, 23, 0, 0, 22, 0, 0, 0, 1, 0, 249, 6, 255]
1552553304357;[171, 0, 17, 255, 161, 76, 221, 12, 23, 0, 0, 23, 1, 0, 1, 1, 0, 249, 6, 233]
1552553304525;[171, 0, 17, 255, 161, 76, 221, 12, 23, 0, 0, 19, 0, 0, 0, 1, 0, 249, 6, 202]
1552553304525;[171, 0, 17, 255, 161, 76, 221, 12, 23, 0, 0, 23, 0, 0, 1, 1, 0, 246, 6, 159]
1552553304707;[171, 0, 17, 255, 161, 76, 221, 12, 23, 0, 0, 17, 0, 0, 2, 1, 0, 246, 6, 123]
1552553304875;[171, 0, 17, 255, 161, 76, 221, 12, 23, 0, 0, 25, 0, 0, 0, 1, 0, 249, 6, 79]
1552553304876;[171, 0, 17, 255, 161, 76, 221, 12, 23, 0, 0, 25, 0, 0, 0, 1, 0, 246, 6, 79]
1552553305041;[171, 0, 17, 255, 161, 76, 221, 12, 23, 0, 0, 22, 1, 0, 3, 1, 0, 246, 6, 81]
1552553305042;[171, 0, 4, 255, 132, 128, 62]
1552553305392;[171, 0, 17, 255, 161, 76, 221, 12, 23, 0, 0, 17, 1, 0, 2, 1, 0, 249, 6, 64]
1552553305394;[171, 0, 17, 255, 161, 76, 221, 12, 24, 0, 0, 23, 0, 0, 0, 1, 0, 248, 6, 39]
1552553305394;[171, 0, 17, 255, 161, 76, 221, 12, 24, 0, 0, 22, 1, 0, 2, 1, 0, 249, 6, 17]
1552553305560;[171, 0, 17, 255, 161, 76, 221, 12, 24, 0, 0, 19, 1, 0, 3, 1, 0, 249, 5, 238]
1552553305560;[171, 0, 17, 255, 161, 76, 221, 12, 24, 0, 0, 13, 0, 0, 0, 1, 0, 249, 5, 197]
1552553305742;[171, 0, 17, 255, 161, 76, 221, 12, 24, 0, 0, 24, 1, 0, 1, 1, 0, 249, 5, 159]
1552553305743;[171, 0, 17, 255, 161, 76, 221, 12, 24, 0, 0, 23, 0, 0, 2, 1, 0, 249, 5, 120]
1552553305910;[171, 0, 17, 255, 161, 76, 221, 12, 24, 0, 0, 19, 1, 0, 3, 1, 0, 249, 5, 124]
1552553305911;[171, 0, 17, 255, 161, 76, 221, 12, 24, 0, 0, 23, 1, 0, 1, 1, 0, 250, 5, 130]
1552553306261;[171, 0, 17, 255, 161, 76, 221, 12, 26, 0, 0, 13, 0, 0, 1, 1, 0, 249, 4, 121]
1552553306428;[171, 0, 17, 255, 161, 76, 221, 12, 27, 0, 0, 17, 1, 0, 1, 1, 0, 249, 4, 94]
1552553306596;[171, 0, 17, 255, 161, 76, 221, 12, 27, 0, 0, 22, 0, 0, 1, 1, 0, 249, 4, 61]
1552553306763;[171, 0, 17, 255, 161, 76, 221, 12, 27, 0, 0, 24, 1, 0, 1, 1, 0, 249, 4, 53]
1552553306779;[171, 0, 17, 255, 161, 76, 221, 12, 27, 0, 0, 17, 0, 0, 0, 1, 0, 249, 4, 80]
1552553306780;[171, 0, 17, 255, 161, 76, 221, 12, 27, 0, 0, 19, 0, 0, 1, 1, 0, 249, 4, 111]
1552553307114;[171, 0, 17, 255, 161, 76, 221, 12, 27, 0, 0, 23, 0, 0, 0, 1, 0, 249, 4, 109]
1552553307115;[171, 0, 17, 255, 161, 76, 221, 12, 27, 0, 0, 24, 1, 0, 3, 1, 0, 246, 4, 115]
1552553307116;[171, 0, 17, 255, 161, 76, 221, 12, 27, 0, 0, 19, 1, 0, 3, 1, 0, 248, 4, 99]
1552553307116;[171, 0, 17, 255, 161, 76, 221, 12, 27, 0, 0, 24, 1, 0, 2, 1, 0, 246, 4, 97]
1552553307463;[171, 0, 4, 255, 132, 128, 63]
1552553307465;[171, 0, 17, 255, 161, 76, 221, 12, 27, 0, 0, 23, 0, 0, 2, 1, 0, 249, 4, 63]
1552553307465;[171, 0, 17, 255, 161, 76, 221, 12, 28, 0, 0, 12, 1, 0, 1, 1, 0, 250, 4, 48]
1552553307631;[171, 0, 17, 255, 161, 76, 221, 12, 28, 0, 0, 19, 1, 0, 2, 1, 0, 250, 4, 21]
1552553307631;[171, 0, 17, 255, 161, 76, 221, 12, 28, 0, 0, 17, 0, 0, 0, 1, 0, 248, 3, 255]
1552553307799;[171, 0, 17, 255, 161, 76, 221, 12, 28, 0, 0, 19, 1, 0, 3, 1, 0, 249, 4, 28]
1552553307815;[171, 0, 17, 255, 161, 76, 221, 12, 28, 0, 0, 13, 0, 0, 2, 1, 0, 249, 4, 60]
1552553307982;[171, 0, 17, 255, 161, 76, 221, 12, 28, 0, 0, 23, 0, 0, 0, 1, 0, 249, 4, 77]
1552553308149;[171, 0, 17, 255, 161, 76, 221, 12, 28, 0, 0, 17, 1, 0, 2, 1, 0, 249, 4, 84]
1552553308150;[171, 0, 17, 255, 161, 76, 221, 12, 28, 0, 0, 23, 0, 0, 1, 1, 0, 254, 4, 70]
1552553308317;[171, 0, 17, 255, 161, 76, 221, 12, 28, 0, 0, 17, 1, 0, 1, 1, 0, 249, 4, 58]
1552553308317;[171, 0, 4, 255, 132, 128, 63]
1552553308666;[171, 0, 17, 255, 161, 76, 221, 12, 28, 0, 0, 22, 0, 0, 0, 1, 0, 249, 4, 39]
1552553308667;[171, 0, 17, 255, 161, 76, 221, 12, 29, 0, 0, 24, 1, 0, 2, 1, 0, 248, 4, 21]
1552553308667;[171, 0, 17, 255, 161, 76, 221, 12, 29, 0, 0, 13, 1, 0, 1, 1, 0, 248, 3, 250]
1552553308835;[171, 0, 17, 255, 161, 76, 221, 12, 29, 0, 0, 22, 1, 0, 1, 1, 0, 249, 3, 214]
1552553308835;[171, 0, 17, 255, 161, 76, 221, 12, 29, 0, 0, 23, 1, 0, 2, 1, 0, 249, 3, 248]
1552553309184;[171, 0, 17, 255, 161, 76, 221, 12, 29, 0, 0, 22, 1, 0, 6, 1, 0, 246, 4, 15]
1552553309185;[171, 0, 17, 255, 161, 76, 221, 12, 29, 0, 0, 22, 0, 0, 0, 1, 0, 250, 4, 33]
1552553309186;[171, 0, 17, 255, 161, 76, 221, 12, 29, 0, 0, 19, 1, 0, 1, 1, 0, 248, 4, 42]
