1552550489505;[171, 0, 17, 255, 161, 76, 221, 0, 92, 1, 0, 14, 0, 0, 42, 1, 0, 248, 12, 149]
1552550489689;[171, 0, 17, 255, 161, 76, 221, 0, 92, 1, 0, 12, 0, 0, 42, 1, 0, 249, 12, 175]
1552550489689;[171, 0, 17, 255, 161, 76, 221, 0, 92, 1, 0, 15, 0, 0, 39, 1, 0, 249, 12, 190]
1552550490023;[171, 0, 4, 255, 132, 128, 62]
1552550490373;[171, 0, 17, 255, 161, 76, 221, 0, 93, 1, 0, 12, 0, 0, 40, 1, 0, 250, 12, 205]
1552550490540;[171, 0, 17, 255, 161, 76, 221, 0, 93, 1, 0, 10, 0, 0, 41, 1, 0, 248, 12, 185]
1552550490557;[171, 0, 17, 255, 161, 76, 221, 0, 93, 1, 0, 14, 0, 0, 36, 1, 0, 246, 12, 174]
1552550490558;[171, 0, 17, 255, 161, 76, 221, 0, 93, 1, 0, 11, 0, 0, 41, 1, 0, 249, 12, 155]
1552550490558;[171, 0, 17, 255, 161, 76, 221, 0, 93, 1, 0, 14, 0, 0, 41, 1, 0, 250, 12, 122]
1552550490559;[171, 0, 17, 255, 161, 76, 221, 0, 93, 1, 0, 15, 0, 0, 41, 1, 0, 246, 12, 93]
1552550490560;[171, 0, 17, 255, 161, 76, 221, 0, 93, 1, 0, 18, 0, 0, 39, 1, 0, 249, 12, 77]
1552550490725;[171, 0, 17, 255, 161, 76, 221, 0, 93, 1, 0, 18, 0, 0, 36, 1, 0, 249, 12, 110]
1552550490725;[171, 0, 17, 255, 161, 76, 221, 0, 93, 1, 0, 14, 0, 0, 35, 1, 0, 249, 12, 129]
1552550490892;[171, 0, 17, 255, 161, 76, 221, 0, 93, 1, 0, 18, 0, 0, 40, 1, 0, 249, 12, 132]
1552550491059;[171, 0, 4, 255, 132, 128, 62]
1552550491060;[171, 0, 17, 255, 161, 76, 221, 0, 94, 1, 0, 12, 0, 0, 39, 1, 0, 246, 12, 128]
1552550491409;[171, 0, 17, 255, 161, 76, 221, 0, 94, 1, 0, 12, 0, 0, 36, 1, 0, 249, 12, 116]
1552550491410;[171, 0, 17, 255, 161, 76, 221, 0, 94, 1, 0, 11, 0, 0, 39, 1, 0, 250, 12, 94]
1552550491410;[171, 0, 17, 255, 161, 76, 221, 0, 94, 1, 0, 16, 0, 0, 39, 1, 0, 250, 12, 70]
1552550491411;[171, 0, 17, 255, 161, 76, 221, 0, 94, 1, 0, 15, 0, 0, 35, 1, 0, 254, 12, 48]
1552550491576;[171, 0, 17, 255, 161, 76, 221, 0, 94, 1, 0, 12, 0, 0, 34, 1, 0, 249, 12, 55]
1552550491928;[171, 0, 17, 255, 161, 76, 221, 0, 94, 1, 0, 17, 0, 0, 35, 1, 0, 249, 12, 87]
1552550491929;[171, 0, 17, 255, 161, 76, 221, 0, 94, 1, 0, 14, 0, 0, 40, 1, 0, 250, 12, 113]
1552550491929;[171, 0, 17, 255, 161, 76, 221, 0, 94, 1, 0, 12, 0, 0, 41, 1, 0, 249, 12, 125]
1552550491930;[171, 0, 17, 255, 161, 76, 221, 0, 94, 1, 0, 12, 0, 0, 30, 1, 0, 249, 12, 141]
1552550492094;[171, 0, 4, 255, 132, 128, 62]
1552550492278;[171, 0, 17, 255, 161, 76, 221, 0, 95, 1, 0, 12, 0, 0, 41, 1, 0, 247, 12, 132]
1552550492279;[171, 0, 17, 255, 161, 76, 221, 0, 95, 1, 0, 21, 0, 0, 35, 1, 0, 254, 12, 122]
1552550492446;[171, 0, 17, 255, 161, 76, 221, 0, 95, 1, 0, 14, 0, 0, 39, 1, 0, 249, 12, 100]
1552550492446;[171, 0, 17, 255, 161, 76, 221, 0, 95, 1, 0, 18, 0, 0, 40, 1, 0, 249, 12, 94]
1552550492613;[171, 0, 17, 255, 161, 76, 221, 0, 95, 1, 0, 16, 0, 0, 36, 1, 0, 249, 12, 136]
1552550492613;[171, 0, 17, 255, 161, 76, 221, 0, 95, 1, 0, 17, 0, 0, 30, 1, 0, 248, 12, 166]
1552550494798;[171, 0, 17, 255, 161, 76, 221, 0, 95, 1, 0, 12, 0, 0, 43, 1, 0, 246, 12, 190]
1552550494799;[171, 0, 17, 255, 161, 76, 221, 0, 95, 1, 0, 17, 0, 0, 40, 1, 0, 249, 12, 191]
1552550494800;[171, 0, 17, 255, 161, 76, 221, 0, 95, 1, 0, 17, 0, 0, 39, 1, 0, 248, 12, 174]
1552550494801;[171, 0, 17, 255, 161, 76, 221, 0, 95, 1, 0, 18, 0, 0, 36, 1, 0, 250, 12, 152]
1552550494801;[171, 0, 4, 255, 132, 128, 62]
1552550494802;[171, 0, 17, 255, 161, 76, 221, 0, 96, 1, 0, 14, 0, 0, 41, 1, 0, 249, 12, 119]
1552550494803;[171, 0, 17, 255, 161, 76, 221, 0, 96, 1, 0, 18, 0, 0, 35, 1, 0, 249, 12, 93]
1552550494803;[171, 0, 17, 255, 161, 76, 221, 0, 96, 1, 0, 18, 0, 0, 39, 1, 0, 249, 12, 121]
1552550494804;[171, 0, 17, 255, 161, 76, 221, 0, 96, 1, 0, 14, 0, 0, 42, 1, 0, 246, 12, 158]
1552550494804;[171, 0, 17, 255, 161, 76, 221, 0, 96, 1, 0, 19, 0, 0, 41, 1, 0, 248, 12, 179]
1552550494805;[171, 0, 17, 255, 161, 76, 221, 0, 96, 1, 0, 17, 0, 0, 39, 1, 0, 254, 12, 183]
1552550494805;[171, 0, 17, 255, 161, 76, 221, 0, 96, 1, 0, 15, 0, 0, 41, 1, 0, 249, 12, 181]
1552550494806;[171, 0, 17, 255, 161, 76, 221, 0, 96, 1, 0, 15, 0, 0, 40, 1, 0, 246, 12, 165]
1552550494806;[171, 0, 17, 255, 161, 76, 221, 0, 96, 1, 0, 17, 0, 0, 36, 1, 0, 249, 12, 135]
1552550494806;[171, 0, 17, 255, 161, 76, 221, 0, 96, 1, 0, 17, 0, 0, 40, 1, 0, 248, 12, 99]
1552550494807;[171, 0, 4, 255, 132, 128, 62]
1552550494808;[171, 0, 17, 255, 161, 76, 221, 0, 97, 1, 0, 18, 0, 0, 41, 1, 0, 249, 12, 107]
1552550494808;[171, 0, 17, 255, 161, 76, 221, 0, 97, 1, 0, 17, 0, 0, 41, 1, 0, 249, 12, 138]
1552550494809;[171, 0, 17, 255, 161, 76, 221, 0, 97, 1, 0, 18, 0, 0, 39, 1, 0, 249, 12, 164]
1552550494810;[171, 0, 17, 255, 161, 76, 221, 0, 97, 1, 0, 18, 0, 0, 39, 1, 0, 248, 12, 168]
1552550494868;[171, 0, 17, 255, 161, 76, 221, 0, 97, 1, 0, 18, 0, 0, 35, 1, 0, 249, 12, 166]
1552550494868;[171, 0, 17, 255, 161, 76, 221, 0, 97, 1, 0, 19, 0, 0, 41, 1, 0, 248, 12, 145]
1552550495035;[171, 0, 17, 255, 161, 76, 221, 0, 97, 1, 0, 18, 0, 0, 41, 1, 0, 249, 12, 123]
1552550495036;[171, 0, 17, 255, 161, 76, 221, 0, 97, 1, 0, 17, 0, 0, 30, 1, 0, 249, 12, 84]
1552550495202;[171, 0, 17, 255, 161, 76, 221, 0, 97, 1, 0, 17, 0, 0, 41, 1, 0, 249, 12, 62]
1552550495386;[171, 0, 17, 255, 161, 76, 221, 0, 97, 1, 0, 17, 0, 0, 35, 1, 0, 248, 12, 73]
1552550495386;[171, 0, 4, 255, 132, 128, 62]
1552550495553;[171, 0, 17, 255, 161, 76, 221, 0, 98, 1, 0, 17, 0, 0, 41, 1, 0, 248, 12, 94]
1552550495554;[171, 0, 17, 255, 161, 76, 221, 0, 98, 1, 0, 18, 0, 0, 40, 1, 0, 249, 12, 104]
1552550495720;[171, 0, 17, 255, 161, 76, 221, 0, 98, 1, 0, 18, 0, 0, 41, 1, 0, 248, 12, 99]
1552550495721;[171, 0, 17, 255, 161, 76, 221, 0, 98, 1, 0, 16, 0, 0, 40, 1, 0, 249, 12, 86]
1552550495887;[171, 0, 17, 255, 161, 76, 221, 0, 98, 1, 0, 18, 0, 0, 39, 1, 0, 250, 12, 49]
1552550496071;[171, 0, 17, 255, 161, 76, 221, 0, 98, 1, 0, 17, 0, 0, 34, 1, 0, 246, 12, 16]
1552550496071;[171, 0, 17, 255, 161, 76, 221, 0, 98, 1, 0, 14, 0, 0, 40, 1, 0, 249, 11, 237]
1552550496238;[171, 0, 17, 255, 161, 76, 221, 0, 98, 1, 0, 18, 0, 0, 35, 1, 0, 249, 11, 191]
1552550496238;[171, 0, 17, 255, 161, 76, 221, 0, 98, 1, 0, 16, 0, 0, 41, 1, 0, 249, 11, 197]
1552550496405;[171, 0, 17, 255, 161, 76, 221, 0, 98, 1, 0, 14, 0, 0, 41, 1, 0, 248, 11, 216]
1552550496421;[171, 0, 4, 255, 132, 128, 62]
1552550496588;[171, 0, 17, 255, 161, 76, 221, 0, 99, 1, 0, 16, 0, 0, 41, 1, 0, 248, 11, 196]
1552550496756;[171, 0, 17, 255, 161, 76, 221, 0, 99, 1, 0, 17, 0, 0, 36, 1, 0, 246, 11, 196]
1552550496923;[171, 0, 17, 255, 161, 76, 221, 0, 99, 1, 0, 17, 0, 0, 41, 1, 0, 249, 11, 173]
1552550496940;[171, 0, 17, 255, 161, 76, 221, 0, 99, 1, 0, 17, 0, 0, 40, 1, 0, 250, 11, 136]
1552550496941;[171, 0, 17, 255, 161, 76, 221, 0, 99, 1, 0, 20, 0, 0, 41, 1, 0, 249, 11, 90]
1552550497107;[171, 0, 17, 255, 161, 76, 221, 0, 99, 1, 0, 18, 0, 0, 41, 1, 0, 249, 11, 53]
1552550497274;[171, 0, 17, 255, 161, 76, 221, 0, 99, 1, 0, 18, 0, 0, 36, 1, 0, 249, 10, 253]
1552550497441;[171, 0, 17, 255, 161, 76, 221, 0, 99, 1, 0, 19, 0, 0, 40, 1, 0, 249, 10, 203]
1552550497442;[171, 0, 17, 255, 161, 76, 221, 0, 99, 1, 0, 18, 0, 0, 36, 1, 0, 249, 10, 186]
1552550497625;[171, 0, 17, 255, 161, 76, 221, 0, 102, 1, 0, 18, 0, 0, 35, 1, 0, 249, 9, 68]
1552550497792;[171, 0, 17, 255, 161, 76, 221, 0, 102, 1, 0, 19, 0, 0, 40, 1, 0, 250, 9, 58]
1552550497960;[171, 0, 17, 255, 161, 76, 221, 0, 102, 1, 0, 18, 0, 0, 40, 1, 0, 249, 9, 38]
1552550497960;[171, 0, 17, 255, 161, 76, 221, 0, 102, 1, 0, 19, 0, 0, 41, 1, 0, 248, 9, 10]
1552550498143;[171, 0, 17, 255, 161, 76, 221, 0, 102, 1, 0, 20, 0, 0, 41, 1, 0, 249, 8, 238]
1552550498144;[171, 0, 17, 255, 161, 76, 221, 0, 102, 1, 0, 17, 0, 0, 40, 1, 0, 248, 8, 206]
1552550498310;[171, 0, 17, 255, 161, 76, 221, 0, 102, 1, 0, 17, 0, 0, 41, 1, 0, 249, 8, 177]
1552550498311;[171, 0, 17, 255, 161, 76, 221, 0, 102, 1, 0, 18, 0, 0, 41, 1, 0, 249, 8, 159]
1552550498478;[171, 0, 17, 255, 161, 76, 221, 0, 102, 1, 0, 20, 0, 0, 41, 1, 0, 248, 8, 163]
1552550498661;[171, 0, 17, 255, 161, 76, 221, 0, 102, 1, 0, 17, 0, 0, 40, 1, 0, 246, 8, 170]
1552550498661;[171, 0, 4, 255, 132, 128, 64]
1552550498828;[171, 0, 17, 255, 161, 76, 221, 0, 103, 1, 0, 17, 0, 0, 41, 1, 0, 248, 8, 167]
1552550498829;[171, 0, 17, 255, 161, 76, 221, 0, 103, 1, 0, 20, 0, 0, 40, 1, 0, 246, 8, 169]
1552550498995;[171, 0, 17, 255, 161, 76, 221, 0, 103, 1, 0, 18, 0, 0, 40, 1, 0, 246, 8, 159]
1552550499179;[171, 0, 17, 255, 161, 76, 221, 0, 103, 1, 0, 23, 0, 0, 41, 1, 0, 249, 8, 141]
1552550499180;[171, 0, 17, 255, 161, 76, 221, 0, 103, 1, 0, 18, 0, 0, 41, 1, 0, 248, 8, 119]
1552550499346;[171, 0, 17, 255, 161, 76, 221, 0, 103, 1, 0, 18, 0, 0, 41, 1, 0, 250, 8, 92]
1552550499347;[171, 0, 17, 255, 161, 76, 221, 0, 103, 1, 0, 18, 0, 0, 41, 1, 0, 249, 8, 66]
1552550499513;[171, 0, 17, 255, 161, 76, 221, 0, 103, 1, 0, 18, 0, 0, 42, 1, 0, 249, 8, 53]
1552550499514;[171, 0, 17, 255, 161, 76, 221, 0, 103, 1, 0, 18, 0, 0, 41, 1, 0, 249, 8, 73]
1552550499697;[171, 0, 17, 255, 161, 76, 221, 0, 103, 1, 0, 18, 0, 0, 41, 1, 0, 249, 8, 86]
1552550499864;[171, 0, 4, 255, 132, 128, 64]
1552550499865;[171, 0, 17, 255, 161, 76, 221, 0, 104, 1, 0, 14, 0, 0, 40, 1, 0, 249, 8, 97]
1552550500032;[171, 0, 17, 255, 161, 76, 221, 0, 104, 1, 0, 18, 0, 0, 40, 1, 0, 249, 8, 97]
1552550500032;[171, 0, 17, 255, 161, 76, 221, 0, 104, 1, 0, 18, 0, 0, 40, 1, 0, 249, 8, 91]
1552550500215;[171, 0, 17, 255, 161, 76, 221, 0, 104, 1, 0, 17, 0, 0, 39, 1, 0, 249, 8, 85]
1552550500215;[171, 0, 17, 255, 161, 76, 221, 0, 104, 1, 0, 18, 0, 0, 41, 1, 0, 246, 8, 80]
1552550500382;[171, 0, 17, 255, 161, 76, 221, 0, 104, 1, 0, 20, 0, 0, 41, 1, 0, 249, 8, 53]
1552550500549;[171, 0, 17, 255, 161, 76, 221, 0, 104, 1, 0, 17, 0, 0, 42, 1, 0, 250, 8, 44]
1552550500550;[171, 0, 17, 255, 161, 76, 221, 0, 104, 1, 0, 17, 0, 0, 41, 1, 0, 247, 8, 74]
1552550500733;[171, 0, 17, 255, 161, 76, 221, 0, 104, 1, 0, 18, 0, 0, 41, 1, 0, 248, 8, 96]
1552550500733;[171, 0, 17, 255, 161, 76, 221, 0, 104, 1, 0, 19, 0, 0, 41, 1, 0, 249, 8, 113]
1552550501251;[171, 0, 4, 255, 132, 128, 64]
1552550501252;[171, 0, 17, 255, 161, 76, 221, 0, 105, 1, 0, 20, 0, 0, 40, 1, 0, 248, 8, 116]
1552550501252;[171, 0, 17, 255, 161, 76, 221, 0, 105, 1, 0, 17, 0, 0, 39, 1, 0, 249, 8, 111]
1552550501253;[171, 0, 17, 255, 161, 76, 221, 0, 105, 1, 0, 17, 0, 0, 42, 1, 0, 249, 8, 102]
1552550501253;[171, 0, 17, 255, 161, 76, 221, 0, 105, 1, 0, 17, 0, 0, 43, 1, 0, 249, 8, 87]
1552550501418;[171, 0, 17, 255, 161, 76, 221, 0, 105, 1, 0, 18, 0, 0, 41, 1, 0, 249, 8, 68]
1552550501418;[171, 0, 17, 255, 161, 76, 221, 0, 105, 1, 0, 17, 0, 0, 41, 1, 0, 250, 8, 45]
1552550501585;[171, 0, 17, 255, 161, 76, 221, 0, 105, 1, 0, 17, 0, 0, 42, 1, 0, 249, 8, 55]
1552550501769;[171, 0, 17, 255, 161, 76, 221, 0, 105, 1, 0, 18, 0, 0, 41, 1, 0, 248, 8, 99]
1552550501770;[171, 0, 17, 255, 161, 76, 221, 0, 105, 1, 0, 18, 0, 0, 40, 1, 0, 246, 8, 137]
1552550501936;[171, 0, 17, 255, 161, 76, 221, 0, 105, 1, 0, 16, 0, 0, 40, 1, 0, 249, 8, 168]
1552550501937;[171, 0, 4, 255, 132, 128, 63]
1552550502102;[171, 0, 17, 255, 161, 76, 221, 0, 106, 1, 0, 21, 0, 0, 40, 1, 0, 246, 8, 192]
1552550502270;[171, 0, 17, 255, 161, 76, 221, 0, 106, 1, 0, 19, 0, 0, 40, 1, 0, 249, 8, 193]
1552550502286;[171, 0, 17, 255, 161, 76, 221, 0, 106, 1, 0, 18, 0, 0, 43, 1, 0, 248, 8, 191]
1552550502453;[171, 0, 17, 255, 161, 76, 221, 0, 106, 1, 0, 17, 0, 0, 41, 1, 0, 248, 8, 179]
1552550502454;[171, 0, 17, 255, 161, 76, 221, 0, 106, 1, 0, 19, 0, 0, 42, 1, 0, 249, 8, 166]
1552550502620;[171, 0, 17, 255, 161, 76, 221, 0, 106, 1, 0, 19, 0, 0, 41, 1, 0, 249, 8, 149]
1552550502621;[171, 0, 17, 255, 161, 76, 221, 0, 106, 1, 0, 17, 0, 0, 40, 1, 0, 248, 8, 160]
1552550502788;[171, 0, 17, 255, 161, 76, 221, 0, 106, 1, 0, 18, 0, 0, 41, 1, 0, 249, 8, 197]
1552550502971;[171, 0, 17, 255, 161, 76, 221, 0, 106, 1, 0, 19, 0, 0, 42, 1, 0, 245, 8, 231]
1552550502972;[171, 0, 17, 255, 161, 76, 221, 0, 106, 1, 0, 17, 0, 0, 42, 1, 0, 248, 8, 250]
1552550503138;[171, 0, 4, 255, 132, 128, 63]
1552550503140;[171, 0, 17, 255, 161, 76, 221, 0, 107, 1, 0, 18, 0, 0, 41, 1, 0, 248, 8, 254]
1552550503489;[171, 0, 17, 255, 161, 76, 221, 0, 107, 1, 0, 18, 0, 0, 41, 1, 0, 249, 8, 231]
1552550503490;[171, 0, 17, 255, 161, 76, 221, 0, 107, 1, 0, 17, 0, 0, 41, 1, 0, 248, 8, 185]
1552550503491;[171, 0, 17, 255, 161, 76, 221, 0, 107, 1, 0, 18, 0, 0, 41, 1, 0, 245, 8, 122]
1552550503656;[171, 0, 17, 255, 161, 76, 221, 0, 107, 1, 0, 14, 0, 0, 42, 1, 0, 246, 8, 58]
1552550503657;[171, 0, 17, 255, 161, 76, 221, 0, 107, 1, 0, 16, 0, 0, 41, 1, 0, 249, 8, 21]
1552550504008;[171, 0, 17, 255, 161, 76, 221, 0, 107, 1, 0, 18, 0, 0, 41, 1, 0, 249, 8, 53]
1552550504008;[171, 0, 17, 255, 161, 76, 221, 0, 107, 1, 0, 15, 0, 0, 41, 1, 0, 249, 8, 77]
1552550504009;[171, 0, 17, 255, 161, 76, 221, 0, 107, 1, 0, 15, 0, 0, 40, 1, 0, 249, 8, 95]
1552550504175;[171, 0, 17, 255, 161, 76, 221, 0, 107, 1, 0, 19, 0, 0, 41, 1, 0, 250, 8, 100]
1552550504175;[171, 0, 4, 255, 132, 128, 63]
1552550504526;[171, 0, 17, 255, 161, 76, 221, 0, 108, 1, 0, 16, 0, 0, 41, 1, 0, 248, 8, 85]
1552550504526;[171, 0, 17, 255, 161, 76, 221, 0, 108, 1, 0, 13, 0, 0, 42, 1, 0, 246, 8, 62]
1552550504527;[171, 0, 17, 255, 161, 76, 221, 0, 108, 1, 0, 10, 0, 0, 41, 1, 0, 249, 8, 27]
1552550504527;[171, 0, 17, 255, 161, 76, 221, 0, 108, 1, 0, 7, 0, 0, 40, 1, 0, 249, 7, 243]
1552550504692;[171, 0, 17, 255, 161, 76, 221, 0, 108, 1, 0, 12, 0, 0, 41, 1, 0, 248, 7, 210]
1552550504860;[171, 0, 17, 255, 161, 76, 221, 0, 108, 1, 0, 11, 0, 0, 40, 1, 0, 250, 7, 246]
1552550504861;[171, 0, 17, 255, 161, 76, 221, 0, 108, 1, 0, 6, 0, 0, 41, 1, 0, 249, 8, 19]
1552550505043;[171, 0, 17, 255, 161, 76, 221, 0, 108, 1, 0, 12, 0, 0, 42, 1, 0, 245, 8, 21]
1552550505044;[171, 0, 17, 255, 161, 76, 221, 0, 108, 1, 0, 7, 0, 0, 41, 1, 0, 246, 8, 23]
1552550505211;[171, 0, 17, 255, 161, 76, 221, 0, 108, 1, 0, 10, 0, 0, 41, 1, 0, 247, 8, 12]
1552550505211;[171, 0, 4, 255, 132, 128, 63]
1552550505378;[171, 0, 17, 255, 161, 76, 221, 0, 109, 1, 0, 7, 0, 0, 42, 1, 0, 247, 7, 255]
1552550505562;[171, 0, 17, 255, 161, 76, 221, 0, 109, 1, 0, 4, 0, 0, 41, 1, 0, 249, 7, 233]
1552550505562;[171, 0, 17, 255, 161, 76, 221, 0, 109, 1, 0, 10, 0, 0, 42, 1, 0, 249, 7, 196]
1552550505729;[171, 0, 17, 255, 161, 76, 221, 0, 109, 1, 0, 11, 0, 0, 41, 1, 0, 248, 7, 160]
1552550505730;[171, 0, 17, 255, 161, 76, 221, 0, 109, 1, 0, 11, 0, 0, 40, 1, 0, 248, 7, 182]
1552550505895;[171, 0, 17, 255, 161, 76, 221, 0, 109, 1, 0, 10, 0, 0, 42, 1, 0, 249, 7, 248]
1552550506079;[171, 0, 17, 255, 161, 76, 221, 0, 109, 1, 0, 14, 0, 0, 35, 1, 0, 249, 8, 28]
1552550506080;[171, 0, 17, 255, 161, 76, 221, 0, 109, 1, 0, 11, 0, 0, 41, 1, 0, 249, 8, 58]
1552550506246;[171, 0, 17, 255, 161, 76, 221, 0, 109, 1, 0, 10, 0, 0, 41, 1, 0, 249, 8, 94]
1552550506247;[171, 0, 17, 255, 161, 76, 221, 0, 109, 1, 0, 7, 0, 0, 40, 1, 0, 249, 8, 114]
1552550506413;[171, 0, 4, 255, 132, 128, 63]
1552550506414;[171, 0, 17, 255, 161, 76, 221, 0, 110, 1, 0, 14, 0, 0, 42, 1, 0, 248, 8, 99]
1552550506597;[171, 0, 17, 255, 161, 76, 221, 0, 110, 1, 0, 12, 0, 0, 41, 1, 0, 250, 8, 73]
1552550506764;[171, 0, 17, 255, 161, 76, 221, 0, 110, 1, 0, 6, 0, 0, 41, 1, 0, 249, 8, 23]
1552550506765;[171, 0, 17, 255, 161, 76, 221, 0, 110, 1, 0, 7, 0, 0, 42, 1, 0, 246, 7, 237]
1552550506932;[171, 0, 17, 255, 161, 76, 221, 0, 110, 1, 0, 10, 0, 0, 41, 1, 0, 249, 8, 28]
1552550506948;[171, 0, 17, 255, 161, 76, 221, 0, 110, 1, 0, 11, 0, 0, 36, 1, 0, 249, 8, 92]
1552550507115;[171, 0, 17, 255, 161, 76, 221, 0, 110, 1, 0, 4, 0, 0, 40, 1, 0, 249, 8, 128]
1552550507116;[171, 0, 17, 255, 161, 76, 221, 0, 110, 1, 0, 7, 0, 0, 42, 1, 0, 247, 8, 139]
1552550507283;[171, 0, 17, 255, 161, 76, 221, 0, 110, 1, 0, 18, 0, 0, 42, 1, 0, 255, 8, 150]
1552550507450;[171, 0, 17, 255, 161, 76, 221, 0, 110, 1, 0, 1, 0, 0, 41, 1, 0, 250, 8, 139]
1552550507450;[171, 0, 4, 255, 132, 128, 63]
1552550507617;[171, 0, 17, 255, 161, 76, 221, 0, 111, 1, 0, 7, 0, 0, 41, 1, 0, 249, 8, 107]
1552550507633;[171, 0, 17, 255, 161, 76, 221, 0, 111, 1, 0, 10, 0, 0, 42, 1, 0, 250, 8, 77]
1552550507801;[171, 0, 17, 255, 161, 76, 221, 0, 111, 1, 0, 12, 0, 0, 40, 1, 0, 249, 8, 40]
1552550507967;[171, 0, 17, 255, 161, 76, 221, 0, 111, 1, 0, 10, 0, 0, 42, 1, 0, 249, 8, 16]
1552550507968;[171, 0, 17, 255, 161, 76, 221, 0, 111, 1, 0, 12, 0, 0, 41, 1, 0, 249, 8, 42]
1552550508134;[171, 0, 17, 255, 161, 76, 221, 0, 111, 1, 0, 4, 0, 0, 42, 1, 0, 246, 8, 68]
1552550508151;[171, 0, 17, 255, 161, 76, 221, 0, 111, 1, 0, 12, 0, 0, 41, 1, 0, 249, 8, 70]
1552550508318;[171, 0, 17, 255, 161, 76, 221, 0, 111, 1, 0, 12, 0, 0, 42, 1, 0, 243, 8, 66]
1552550508319;[171, 0, 17, 255, 161, 76, 221, 0, 111, 1, 0, 11, 0, 0, 41, 1, 0, 248, 8, 56]
1552550508485;[171, 0, 17, 255, 161, 76, 221, 0, 111, 1, 0, 12, 0, 0, 41, 1, 0, 245, 8, 28]
1552550508653;[171, 0, 4, 255, 132, 128, 63]
1552550508672;[171, 0, 17, 255, 161, 76, 221, 0, 112, 1, 0, 11, 0, 0, 42, 1, 0, 249, 7, 254]
1552550508836;[171, 0, 17, 255, 161, 76, 221, 0, 112, 1, 0, 8, 0, 0, 41, 1, 0, 249, 7, 203]
1552550508837;[171, 0, 17, 255, 161, 76, 221, 0, 112, 1, 0, 14, 0, 0, 41, 1, 0, 249, 7, 151]
1552550509004;[171, 0, 17, 255, 161, 76, 221, 0, 112, 1, 0, 8, 0, 0, 41, 1, 0, 248, 7, 98]
1552550509171;[171, 0, 17, 255, 161, 76, 221, 0, 112, 1, 0, 12, 0, 0, 41, 1, 0, 246, 7, 100]
1552550509188;[171, 0, 17, 255, 161, 76, 221, 0, 112, 1, 0, 12, 0, 0, 42, 1, 0, 246, 7, 132]
1552550509354;[171, 0, 17, 255, 161, 76, 221, 0, 112, 1, 0, 11, 0, 0, 41, 1, 0, 249, 7, 144]
1552550509355;[171, 0, 17, 255, 161, 76, 221, 0, 112, 1, 0, 14, 0, 0, 42, 1, 0, 248, 7, 143]
1552550509522;[171, 0, 17, 255, 161, 76, 221, 0, 112, 1, 0, 8, 0, 0, 43, 1, 0, 248, 7, 141]
1552550509522;[171, 0, 17, 255, 161, 76, 221, 0, 112, 1, 0, 11, 0, 0, 43, 1, 0, 249, 7, 117]
1552550509688;[171, 0, 4, 255, 132, 128, 63]
1552550509872;[171, 0, 17, 255, 161, 76, 221, 0, 113, 1, 0, 8, 0, 0, 40, 1, 0, 249, 7, 78]
1552550509873;[171, 0, 17, 255, 161, 76, 221, 0, 113, 1, 0, 14, 0, 0, 41, 1, 0, 248, 7, 42]
1552550510039;[171, 0, 17, 255, 161, 76, 221, 0, 113, 1, 0, 14, 0, 0, 42, 1, 0, 249, 7, 4]
1552550510040;[171, 0, 17, 255, 161, 76, 221, 0, 113, 1, 0, 12, 0, 0, 42, 1, 0, 246, 6, 215]
1552550510206;[171, 0, 17, 255, 161, 76, 221, 0, 113, 1, 0, 8, 0, 0, 42, 1, 0, 247, 6, 191]
1552550510206;[171, 0, 17, 255, 161, 76, 221, 0, 113, 1, 0, 8, 0, 0, 43, 1, 0, 249, 6, 211]
1552550510390;[171, 0, 17, 255, 161, 76, 221, 0, 113, 1, 0, 13, 0, 0, 42, 1, 0, 249, 6, 243]
1552550510557;[171, 0, 17, 255, 161, 76, 221, 0, 113, 1, 0, 8, 0, 0, 42, 1, 0, 248, 6, 255]
1552550510558;[171, 0, 17, 255, 161, 76, 221, 0, 113, 1, 0, 14, 0, 0, 41, 1, 0, 248, 7, 1]
1552550510724;[171, 0, 17, 255, 161, 76, 221, 0, 113, 1, 0, 11, 0, 0, 40, 1, 0, 246, 7, 6]
1552550510724;[171, 0, 4, 255, 132, 128, 63]
1552550510908;[171, 0, 17, 255, 161, 76, 221, 0, 114, 1, 0, 10, 0, 0, 42, 1, 0, 246, 6, 247]
1552550511075;[171, 0, 17, 255, 161, 76, 221, 0, 114, 1, 0, 11, 0, 0, 42, 1, 0, 248, 6, 230]
1552550511076;[171, 0, 17, 255, 161, 76, 221, 0, 114, 1, 0, 11, 0, 0, 41, 1, 0, 246, 6, 197]
1552550511242;[171, 0, 17, 255, 161, 76, 221, 0, 114, 1, 0, 7, 0, 0, 41, 1, 0, 246, 6, 164]
1552550511242;[171, 0, 17, 255, 161, 76, 221, 0, 114, 1, 0, 12, 0, 0, 42, 1, 0, 248, 6, 170]
1552550511425;[171, 0, 17, 255, 161, 76, 221, 0, 114, 1, 0, 12, 0, 0, 42, 1, 0, 249, 6, 196]
1552550511426;[171, 0, 17, 255, 161, 76, 221, 0, 114, 1, 0, 14, 0, 0, 40, 1, 0, 246, 6, 225]
1552550511593;[171, 0, 17, 255, 161, 76, 221, 0, 114, 1, 0, 15, 0, 0, 41, 1, 0, 247, 6, 236]
1552550511761;[171, 0, 17, 255, 161, 76, 221, 0, 114, 1, 0, 12, 0, 0, 41, 1, 0, 249, 6, 238]
1552550511762;[171, 0, 17, 255, 161, 76, 221, 0, 114, 1, 0, 14, 0, 0, 42, 1, 0, 250, 6, 242]
1552550511944;[171, 0, 4, 255, 132, 128, 63]
1552550511945;[171, 0, 17, 255, 161, 76, 221, 0, 115, 1, 0, 11, 0, 0, 41, 1, 0, 249, 6, 219]
1552550512111;[171, 0, 17, 255, 161, 76, 221, 0, 115, 1, 0, 12, 0, 0, 42, 1, 0, 249, 6, 207]
1552550512111;[171, 0, 17, 255, 161, 76, 221, 0, 115, 1, 0, 8, 0, 0, 42, 1, 0, 247, 6, 177]
1552550512462;[171, 0, 17, 255, 161, 76, 221, 0, 115, 1, 0, 11, 0, 0, 42, 1, 0, 247, 6, 160]
1552550512462;[171, 0, 17, 255, 161, 76, 221, 0, 115, 1, 0, 10, 0, 0, 43, 1, 0, 245, 6, 133]
1552550512463;[171, 0, 17, 255, 161, 76, 221, 0, 115, 1, 0, 11, 0, 0, 43, 1, 0, 249, 6, 154]
1552550512812;[171, 0, 17, 255, 161, 76, 221, 0, 115, 1, 0, 13, 0, 0, 41, 1, 0, 248, 6, 186]
1552550512813;[171, 0, 17, 255, 161, 76, 221, 0, 115, 1, 0, 12, 0, 0, 42, 1, 0, 248, 6, 202]
1552550512813;[171, 0, 17, 255, 161, 76, 221, 0, 115, 1, 0, 12, 0, 0, 41, 1, 0, 248, 6, 212]
1552550512980;[171, 0, 17, 255, 161, 76, 221, 0, 115, 1, 0, 12, 0, 0, 41, 1, 0, 246, 6, 213]
1552550512980;[171, 0, 4, 255, 132, 128, 62]
1552550513146;[171, 0, 17, 255, 161, 76, 221, 0, 116, 1, 0, 15, 0, 0, 40, 1, 0, 249, 6, 197]
1552550513147;[171, 0, 17, 255, 161, 76, 221, 0, 116, 1, 0, 13, 0, 0, 41, 1, 0, 246, 6, 179]
1552550513314;[171, 0, 17, 255, 161, 76, 221, 0, 116, 1, 0, 12, 0, 0, 41, 1, 0, 249, 6, 143]
1552550513314;[171, 0, 17, 255, 161, 76, 221, 0, 116, 1, 0, 14, 0, 0, 41, 1, 0, 249, 6, 105]
1552550513497;[171, 0, 17, 255, 161, 76, 221, 0, 116, 1, 0, 12, 0, 0, 42, 1, 0, 249, 6, 62]
1552550513664;[171, 0, 17, 255, 161, 76, 221, 0, 116, 1, 0, 12, 0, 0, 41, 1, 0, 245, 6, 87]
1552550513665;[171, 0, 17, 255, 161, 76, 221, 0, 116, 1, 0, 12, 0, 0, 42, 1, 0, 248, 6, 121]
1552550513832;[171, 0, 17, 255, 161, 76, 221, 0, 116, 1, 0, 12, 0, 0, 41, 1, 0, 249, 6, 161]
1552550513833;[171, 0, 17, 255, 161, 76, 221, 0, 116, 1, 0, 12, 0, 0, 42, 1, 0, 249, 6, 182]
1552550514016;[171, 0, 17, 255, 161, 76, 221, 0, 116, 1, 0, 10, 0, 0, 41, 1, 0, 243, 6, 182]
1552550514016;[171, 0, 4, 255, 132, 128, 62]
1552550514182;[171, 0, 17, 255, 161, 76, 221, 0, 117, 1, 0, 14, 0, 0, 41, 1, 0, 246, 6, 170]
1552550514350;[171, 0, 17, 255, 161, 76, 221, 0, 117, 1, 0, 11, 0, 0, 42, 1, 0, 250, 6, 153]
1552550514350;[171, 0, 17, 255, 161, 76, 221, 0, 117, 1, 0, 8, 0, 0, 42, 1, 0, 249, 6, 142]
1552550514516;[171, 0, 17, 255, 161, 76, 221, 0, 117, 1, 0, 14, 0, 0, 40, 1, 0, 246, 6, 121]
1552550514533;[171, 0, 17, 255, 161, 76, 221, 0, 117, 1, 0, 10, 0, 0, 42, 1, 0, 246, 6, 145]
1552550514700;[171, 0, 17, 255, 161, 76, 221, 0, 117, 1, 0, 11, 0, 0, 41, 1, 0, 250, 6, 186]
1552550514868;[171, 0, 17, 255, 161, 76, 221, 0, 117, 1, 0, 12, 0, 0, 41, 1, 0, 250, 6, 222]
1552550514868;[171, 0, 17, 255, 161, 76, 221, 0, 117, 1, 0, 11, 0, 0, 41, 1, 0, 246, 6, 236]
1552550515035;[171, 0, 17, 255, 161, 76, 221, 0, 117, 1, 0, 12, 0, 0, 41, 1, 0, 248, 6, 233]
1552550515051;[171, 0, 17, 255, 161, 76, 221, 0, 117, 1, 0, 12, 0, 0, 41, 1, 0, 249, 6, 214]
1552550515218;[171, 0, 4, 255, 132, 128, 62]
1552550515219;[171, 0, 17, 255, 161, 76, 221, 0, 118, 1, 0, 12, 0, 0, 41, 1, 0, 249, 6, 185]
1552550515386;[171, 0, 17, 255, 161, 76, 221, 0, 118, 1, 0, 11, 0, 0, 44, 1, 0, 248, 6, 154]
1552550515553;[171, 0, 17, 255, 161, 76, 221, 0, 118, 1, 0, 12, 0, 0, 41, 1, 0, 249, 6, 117]
1552550515569;[171, 0, 17, 255, 161, 76, 221, 0, 118, 1, 0, 12, 0, 0, 42, 1, 0, 246, 6, 104]
1552550515736;[171, 0, 17, 255, 161, 76, 221, 0, 118, 1, 0, 13, 0, 0, 40, 1, 0, 249, 6, 143]
1552550515737;[171, 0, 17, 255, 161, 76, 221, 0, 118, 1, 0, 13, 0, 0, 43, 1, 0, 249, 6, 184]
1552550515904;[171, 0, 17, 255, 161, 76, 221, 0, 118, 1, 0, 14, 0, 0, 42, 1, 0, 249, 6, 206]
1552550516071;[171, 0, 17, 255, 161, 76, 221, 0, 118, 1, 0, 15, 0, 0, 41, 1, 0, 249, 6, 219]
1552550516087;[171, 0, 17, 255, 161, 76, 221, 0, 118, 1, 0, 11, 0, 0, 44, 1, 0, 248, 6, 209]
1552550516255;[171, 0, 17, 255, 161, 76, 221, 0, 118, 1, 0, 12, 0, 0, 41, 1, 0, 246, 6, 193]
1552550516255;[171, 0, 4, 255, 132, 128, 62]
1552550516422;[171, 0, 17, 255, 161, 76, 221, 0, 119, 1, 0, 11, 0, 0, 41, 1, 0, 248, 6, 171]
1552550516423;[171, 0, 17, 255, 161, 76, 221, 0, 119, 1, 0, 8, 0, 0, 42, 1, 0, 248, 6, 146]
1552550516589;[171, 0, 17, 255, 161, 76, 221, 0, 119, 1, 0, 13, 0, 0, 42, 1, 0, 245, 6, 125]
1552550516773;[171, 0, 17, 255, 161, 76, 221, 0, 119, 1, 0, 14, 0, 0, 40, 1, 0, 249, 6, 146]
1552550516773;[171, 0, 17, 255, 161, 76, 221, 0, 119, 1, 0, 12, 0, 0, 43, 1, 0, 249, 6, 171]
1552550516940;[171, 0, 17, 255, 161, 76, 221, 0, 119, 1, 0, 14, 0, 0, 42, 1, 0, 248, 6, 193]
1552550516957;[171, 0, 17, 255, 161, 76, 221, 0, 119, 1, 0, 12, 0, 0, 42, 1, 0, 249, 6, 208]
1552550517107;[171, 0, 17, 255, 161, 76, 221, 0, 119, 1, 0, 15, 0, 0, 42, 1, 0, 248, 6, 211]
1552550517107;[171, 0, 17, 255, 161, 76, 221, 0, 119, 1, 0, 17, 0, 0, 42, 1, 0, 246, 6, 201]
1552550517291;[171, 0, 17, 255, 161, 76, 221, 0, 119, 1, 0, 14, 0, 0, 42, 1, 0, 249, 6, 177]
1552550517458;[171, 0, 4, 255, 132, 128, 62]
1552550517459;[171, 0, 17, 255, 161, 76, 221, 0, 120, 1, 0, 18, 0, 0, 44, 1, 0, 248, 6, 150]
1552550517625;[171, 0, 17, 255, 161, 76, 221, 0, 120, 1, 0, 20, 0, 0, 41, 1, 0, 249, 6, 126]
1552550517626;[171, 0, 17, 255, 161, 76, 221, 0, 120, 1, 0, 14, 0, 0, 40, 1, 0, 247, 6, 160]
1552550517809;[171, 0, 17, 255, 161, 76, 221, 0, 120, 1, 0, 21, 0, 0, 41, 1, 0, 249, 6, 191]
1552550517976;[171, 0, 17, 255, 161, 76, 221, 0, 120, 1, 0, 15, 0, 0, 40, 1, 0, 249, 6, 194]
1552550517977;[171, 0, 17, 255, 161, 76, 221, 0, 120, 1, 0, 21, 0, 0, 41, 1, 0, 249, 6, 193]
1552550518143;[171, 0, 17, 255, 161, 76, 221, 0, 120, 1, 0, 20, 0, 0, 41, 1, 0, 249, 6, 173]
1552550518144;[171, 0, 17, 255, 161, 76, 221, 0, 120, 1, 0, 24, 0, 0, 42, 1, 0, 249, 6, 141]
1552550518327;[171, 0, 17, 255, 161, 76, 221, 0, 120, 1, 0, 21, 0, 0, 42, 1, 0, 249, 6, 105]
1552550518327;[171, 0, 17, 255, 161, 76, 221, 0, 120, 1, 0, 21, 0, 0, 44, 1, 0, 249, 6, 66]
1552550518494;[171, 0, 4, 255, 132, 128, 62]
1552550518845;[171, 0, 17, 255, 161, 76, 221, 0, 121, 1, 0, 18, 0, 0, 41, 1, 0, 246, 6, 11]
1552550518845;[171, 0, 17, 255, 161, 76, 221, 0, 121, 1, 0, 18, 0, 0, 41, 1, 0, 249, 6, 45]
1552550519012;[171, 0, 17, 255, 161, 76, 221, 0, 121, 1, 0, 21, 0, 0, 42, 1, 0, 248, 6, 68]
1552550519013;[171, 0, 17, 255, 161, 76, 221, 0, 121, 1, 0, 18, 0, 0, 42, 1, 0, 249, 6, 83]
1552550519013;[171, 0, 17, 255, 161, 76, 221, 0, 121, 1, 0, 17, 0, 0, 41, 1, 0, 249, 6, 99]
1552550519014;[171, 0, 17, 255, 161, 76, 221, 0, 121, 1, 0, 16, 0, 0, 41, 1, 0, 249, 6, 89]
1552550519179;[171, 0, 17, 255, 161, 76, 221, 0, 121, 1, 0, 21, 0, 0, 36, 1, 0, 248, 6, 68]
1552550519362;[171, 0, 17, 255, 161, 76, 221, 0, 121, 1, 0, 17, 0, 0, 52, 1, 0, 243, 6, 55]
1552550519530;[171, 0, 17, 255, 161, 76, 221, 0, 121, 1, 0, 23, 0, 0, 40, 1, 0, 248, 6, 35]
1552550519697;[171, 0, 17, 255, 161, 76, 221, 0, 128, 1, 0, 17, 0, 0, 41, 1, 0, 249, 5, 190]
1552550519881;[171, 0, 17, 255, 161, 76, 221, 0, 128, 1, 0, 19, 0, 0, 41, 1, 0, 243, 5, 157]
1552550519882;[171, 0, 17, 255, 161, 76, 221, 0, 128, 1, 0, 18, 0, 0, 42, 1, 0, 248, 5, 119]
1552550520081;[171, 0, 17, 255, 161, 76, 221, 0, 128, 1, 0, 17, 0, 0, 42, 1, 0, 245, 5, 85]
1552550520082;[171, 0, 17, 255, 161, 76, 221, 0, 128, 1, 0, 19, 0, 0, 42, 1, 0, 248, 5, 104]
1552550520216;[171, 0, 17, 255, 161, 76, 221, 0, 128, 1, 0, 15, 0, 0, 43, 1, 0, 243, 5, 109]
1552550520216;[171, 0, 17, 255, 161, 76, 221, 0, 128, 1, 0, 18, 0, 0, 44, 1, 0, 249, 5, 96]
1552550520382;[171, 0, 17, 255, 161, 76, 221, 0, 128, 1, 0, 21, 0, 0, 42, 1, 0, 248, 5, 82]
1552550520565;[171, 0, 17, 255, 161, 76, 221, 0, 128, 1, 0, 19, 0, 0, 42, 1, 0, 246, 5, 62]
1552550520565;[171, 0, 17, 255, 161, 76, 221, 0, 128, 1, 0, 21, 0, 0, 44, 1, 0, 249, 5, 26]
1552550520732;[171, 0, 4, 255, 132, 128, 63]
1552550520733;[171, 0, 17, 255, 161, 76, 221, 0, 129, 1, 0, 17, 0, 0, 43, 1, 0, 249, 4, 240]
1552550520899;[171, 0, 17, 255, 161, 76, 221, 0, 129, 1, 0, 17, 0, 0, 46, 1, 0, 246, 4, 205]
1552550520916;[171, 0, 17, 255, 161, 76, 221, 0, 129, 1, 0, 18, 0, 0, 47, 1, 0, 246, 4, 178]
1552550521083;[171, 0, 17, 255, 161, 76, 221, 0, 129, 1, 0, 22, 0, 0, 42, 1, 0, 248, 4, 189]
1552550521251;[171, 0, 17, 255, 161, 76, 221, 0, 129, 1, 0, 18, 0, 0, 41, 1, 0, 246, 4, 187]
1552550521251;[171, 0, 17, 255, 161, 76, 221, 0, 129, 1, 0, 17, 0, 0, 43, 1, 0, 249, 4, 177]
1552550521419;[171, 0, 17, 255, 161, 76, 221, 0, 129, 1, 0, 18, 0, 0, 46, 1, 0, 248, 4, 168]
1552550521420;[171, 0, 17, 255, 161, 76, 221, 0, 129, 1, 0, 18, 0, 0, 44, 1, 0, 250, 4, 137]
1552550521601;[171, 0, 17, 255, 161, 76, 221, 0, 129, 1, 0, 18, 0, 0, 43, 1, 0, 249, 4, 137]
1552550521768;[171, 0, 17, 255, 161, 76, 221, 0, 129, 1, 0, 15, 0, 0, 44, 1, 0, 246, 4, 110]
1552550521768;[171, 0, 4, 255, 132, 128, 63]
1552550521935;[171, 0, 17, 255, 161, 76, 221, 0, 130, 1, 0, 17, 0, 0, 43, 1, 0, 249, 4, 66]
1552550521952;[171, 0, 17, 255, 161, 76, 221, 0, 130, 1, 0, 15, 0, 0, 46, 1, 0, 246, 4, 35]
1552550522286;[171, 0, 17, 255, 161, 76, 221, 0, 130, 1, 0, 18, 0, 0, 42, 1, 0, 243, 4, 26]
1552550522288;[171, 0, 17, 255, 161, 76, 221, 0, 130, 1, 0, 18, 0, 0, 44, 1, 0, 246, 4, 38]
1552550522288;[171, 0, 17, 255, 161, 76, 221, 0, 130, 1, 0, 19, 0, 0, 43, 1, 0, 245, 4, 41]
1552550522453;[171, 0, 17, 255, 161, 76, 221, 0, 130, 1, 0, 18, 0, 0, 41, 1, 0, 248, 4, 25]
1552550522453;[171, 0, 17, 255, 161, 76, 221, 0, 130, 1, 0, 17, 0, 0, 42, 1, 0, 254, 4, 1]
1552550522638;[171, 0, 17, 255, 161, 76, 221, 0, 130, 1, 0, 18, 0, 0, 43, 1, 0, 246, 3, 244]
1552550522638;[171, 0, 17, 255, 161, 76, 221, 0, 130, 1, 0, 18, 0, 0, 46, 1, 0, 245, 3, 206]
1552550522804;[171, 0, 17, 255, 161, 76, 221, 0, 130, 1, 0, 18, 0, 0, 41, 1, 0, 248, 3, 173]
1552550522971;[171, 0, 4, 255, 132, 128, 64]
1552550523155;[171, 0, 17, 255, 161, 76, 221, 0, 131, 1, 0, 17, 0, 0, 43, 1, 0, 246, 3, 131]
1552550523155;[171, 0, 17, 255, 161, 76, 221, 0, 131, 1, 0, 18, 0, 0, 42, 1, 0, 250, 3, 101]
1552550523156;[171, 0, 17, 255, 161, 76, 221, 0, 131, 1, 0, 17, 0, 0, 44, 1, 0, 247, 3, 70]
1552550523322;[171, 0, 17, 255, 161, 76, 221, 0, 131, 1, 0, 21, 0, 0, 43, 1, 1, 3, 3, 92]
1552550523323;[171, 0, 17, 255, 161, 76, 221, 0, 131, 1, 0, 22, 0, 0, 40, 1, 0, 250, 3, 101]
1552550523489;[171, 0, 17, 255, 161, 76, 221, 0, 131, 1, 0, 24, 0, 0, 41, 1, 0, 250, 3, 90]
1552550523673;[171, 0, 17, 255, 161, 76, 221, 0, 131, 1, 0, 18, 0, 0, 41, 1, 0, 246, 3, 64]
1552550523673;[171, 0, 17, 255, 161, 76, 221, 0, 131, 1, 0, 18, 0, 0, 40, 1, 0, 247, 3, 36]
1552550523840;[171, 0, 17, 255, 161, 76, 221, 0, 131, 1, 0, 17, 0, 0, 41, 1, 0, 249, 2, 255]
1552550523841;[171, 0, 17, 255, 161, 76, 221, 0, 131, 1, 0, 19, 0, 0, 43, 1, 0, 249, 2, 218]
1552550524007;[171, 0, 4, 255, 132, 128, 64]
1552550524008;[171, 0, 17, 255, 161, 76, 221, 0, 132, 1, 0, 19, 0, 0, 36, 1, 0, 246, 2, 214]
1552550524191;[171, 0, 17, 255, 161, 76, 221, 0, 132, 1, 0, 20, 0, 0, 41, 1, 0, 250, 2, 210]
1552550524358;[171, 0, 17, 255, 161, 76, 221, 0, 132, 1, 0, 18, 0, 0, 30, 1, 0, 246, 2, 185]
1552550524359;[171, 0, 17, 255, 161, 76, 221, 0, 132, 1, 0, 18, 0, 0, 40, 1, 0, 249, 2, 164]
1552550524525;[171, 0, 17, 255, 161, 76, 221, 0, 132, 1, 0, 22, 0, 0, 30, 1, 0, 250, 2, 142]
1552550524526;[171, 0, 17, 255, 161, 76, 221, 0, 132, 1, 0, 23, 0, 0, 34, 1, 0, 249, 2, 124]
1552550524709;[171, 0, 17, 255, 161, 76, 221, 0, 132, 1, 0, 19, 0, 0, 39, 1, 0, 249, 2, 93]
1552550524876;[171, 0, 17, 255, 161, 76, 221, 0, 132, 1, 0, 21, 0, 0, 40, 1, 0, 244, 2, 60]
1552550524876;[171, 0, 17, 255, 161, 76, 221, 0, 132, 1, 0, 18, 0, 0, 39, 1, 0, 244, 2, 31]
1552550525043;[171, 0, 17, 255, 161, 76, 221, 0, 132, 1, 0, 21, 0, 0, 35, 1, 0, 249, 1, 248]
1552550525043;[171, 0, 4, 255, 132, 128, 65]
1552550525226;[171, 0, 17, 255, 161, 76, 221, 0, 133, 1, 0, 18, 0, 0, 36, 1, 0, 249, 1, 224]
1552550525394;[171, 0, 17, 255, 161, 76, 221, 0, 133, 1, 0, 22, 0, 0, 42, 1, 0, 248, 1, 231]
1552550525394;[171, 0, 17, 255, 161, 76, 221, 0, 133, 1, 0, 17, 0, 0, 36, 1, 0, 249, 1, 224]
1552550525561;[171, 0, 17, 255, 161, 76, 221, 0, 133, 1, 0, 20, 0, 0, 36, 1, 0, 249, 1, 214]
1552550525561;[171, 0, 17, 255, 161, 76, 221, 0, 133, 1, 0, 18, 0, 0, 42, 1, 0, 249, 1, 190]
1552550525745;[171, 0, 17, 255, 161, 76, 221, 0, 133, 1, 0, 18, 0, 0, 35, 1, 0, 250, 1, 168]
1552550525745;[171, 0, 17, 255, 161, 76, 221, 0, 133, 1, 0, 18, 0, 0, 40, 1, 0, 248, 1, 137]
1552550526079;[171, 0, 17, 255, 161, 76, 221, 0, 133, 1, 0, 17, 0, 0, 40, 1, 0, 249, 1, 119]
1552550526079;[171, 0, 17, 255, 161, 76, 221, 0, 133, 1, 0, 14, 0, 0, 40, 1, 0, 249, 1, 95]
1552550526080;[171, 0, 17, 255, 161, 76, 221, 0, 133, 1, 0, 18, 0, 0, 35, 1, 0, 250, 1, 82]
1552550526263;[171, 0, 4, 255, 132, 128, 65]
1552550526263;[171, 0, 17, 255, 161, 76, 221, 0, 134, 1, 0, 18, 0, 0, 36, 1, 0, 248, 1, 98]
1552550526430;[171, 0, 17, 255, 161, 76, 221, 0, 134, 1, 0, 17, 0, 0, 36, 1, 0, 249, 1, 95]
1552550526430;[171, 0, 17, 255, 161, 76, 221, 0, 134, 1, 0, 17, 0, 0, 30, 1, 0, 248, 1, 96]
1552550526597;[171, 0, 17, 255, 161, 76, 221, 0, 134, 1, 0, 17, 0, 0, 35, 1, 0, 248, 1, 109]
1552550526764;[171, 0, 17, 255, 161, 76, 221, 0, 134, 1, 0, 18, 0, 0, 41, 1, 0, 243, 1, 92]
1552550526781;[171, 0, 17, 255, 161, 76, 221, 0, 134, 1, 0, 17, 0, 0, 40, 1, 0, 249, 1, 78]
1552550526948;[171, 0, 17, 255, 161, 76, 221, 0, 134, 1, 0, 18, 0, 0, 40, 1, 0, 249, 1, 69]
1552550526948;[171, 0, 17, 255, 161, 76, 221, 0, 134, 1, 0, 17, 0, 0, 30, 1, 0, 243, 1, 47]
1552550527115;[171, 0, 17, 255, 161, 76, 221, 0, 134, 1, 0, 18, 0, 0, 30, 1, 0, 248, 1, 68]
1552550527116;[171, 0, 17, 255, 161, 76, 221, 0, 134, 1, 0, 19, 0, 0, 41, 1, 0, 248, 1, 104]
1552550527282;[171, 0, 4, 255, 132, 128, 65]
1552550527466;[171, 0, 17, 255, 161, 76, 221, 0, 135, 1, 0, 17, 0, 0, 36, 1, 0, 249, 1, 108]
1552550527466;[171, 0, 17, 255, 161, 76, 221, 0, 135, 1, 0, 18, 0, 0, 35, 1, 0, 251, 1, 128]
1552550527633;[171, 0, 17, 255, 161, 76, 221, 0, 135, 1, 0, 19, 0, 0, 30, 1, 1, 3, 1, 134]
1552550527633;[171, 0, 17, 255, 161, 76, 221, 0, 135, 1, 0, 18, 0, 0, 40, 1, 0, 250, 1, 142]
1552550527800;[171, 0, 17, 255, 161, 76, 221, 0, 135, 1, 0, 25, 0, 0, 41, 1, 0, 246, 1, 165]
1552550527816;[171, 0, 17, 255, 161, 76, 221, 0, 135, 1, 0, 25, 0, 0, 41, 1, 0, 245, 1, 185]
1552550527983;[171, 0, 17, 255, 161, 76, 221, 0, 135, 1, 0, 25, 0, 0, 41, 1, 1, 5, 1, 232]
1552550528151;[171, 0, 17, 255, 161, 76, 221, 0, 135, 1, 0, 33, 0, 0, 44, 1, 0, 241, 2, 1]
1552550528152;[171, 0, 17, 255, 161, 76, 221, 0, 135, 1, 0, 33, 0, 0, 47, 1, 0, 246, 2, 17]
1552550528318;[171, 0, 17, 255, 161, 76, 221, 0, 135, 1, 0, 30, 0, 0, 42, 1, 0, 255, 2, 29]
1552550528335;[171, 0, 4, 255, 132, 128, 65]
1552550528502;[171, 0, 17, 255, 161, 76, 221, 0, 136, 1, 0, 15, 0, 0, 40, 1, 0, 249, 2, 74]
1552550528669;[171, 0, 17, 255, 161, 76, 221, 0, 136, 1, 0, 17, 0, 0, 43, 1, 0, 248, 2, 67]
1552550528686;[171, 0, 17, 255, 161, 76, 221, 0, 136, 1, 0, 22, 0, 0, 43, 1, 0, 241, 2, 1]
1552550528836;[171, 0, 17, 255, 161, 76, 221, 0, 136, 1, 0, 19, 0, 0, 41, 1, 0, 249, 1, 249]
1552550528836;[171, 0, 17, 255, 161, 76, 221, 0, 136, 1, 0, 46, 0, 0, 49, 1, 0, 249, 2, 9]
1552550529187;[171, 0, 17, 255, 161, 76, 221, 0, 136, 1, 0, 25, 0, 0, 41, 1, 0, 250, 2, 42]
1552550529188;[171, 0, 17, 255, 161, 76, 221, 0, 136, 1, 0, 25, 0, 0, 40, 1, 0, 250, 2, 41]
1552550529188;[171, 0, 17, 255, 161, 76, 221, 0, 136, 1, 0, 18, 0, 0, 41, 1, 0, 248, 2, 34]
1552550529354;[171, 0, 17, 255, 161, 76, 221, 0, 136, 1, 0, 32, 0, 0, 43, 1, 0, 245, 2, 72]
1552550529355;[171, 0, 17, 255, 161, 76, 221, 0, 136, 1, 0, 37, 0, 0, 44, 1, 0, 247, 2, 144]
1552550529538;[171, 0, 4, 255, 132, 128, 65]
1552550529539;[171, 0, 17, 255, 161, 76, 221, 0, 137, 1, 0, 37, 0, 0, 42, 1, 0, 246, 2, 191]
1552550529705;[171, 0, 17, 255, 161, 76, 221, 0, 137, 1, 0, 41, 0, 0, 42, 1, 0, 249, 2, 229]
1552550529872;[171, 0, 17, 255, 161, 76, 221, 0, 137, 1, 0, 40, 0, 0, 41, 1, 0, 245, 2, 240]
1552550529873;[171, 0, 17, 255, 161, 76, 221, 0, 137, 1, 0, 41, 0, 0, 40, 1, 0, 244, 3, 8]
1552550530056;[171, 0, 17, 255, 161, 76, 221, 0, 137, 1, 0, 42, 0, 0, 41, 1, 0, 249, 3, 82]
1552550530057;[171, 0, 17, 255, 161, 76, 221, 0, 137, 1, 0, 46, 0, 0, 36, 1, 0, 249, 3, 141]
1552550530223;[171, 0, 17, 255, 161, 76, 221, 0, 137, 1, 0, 46, 0, 0, 40, 1, 0, 248, 3, 195]
1552550530224;[171, 0, 17, 255, 161, 76, 221, 0, 137, 1, 0, 41, 0, 0, 36, 1, 0, 247, 3, 243]
1552550530390;[171, 0, 17, 255, 161, 76, 221, 0, 137, 1, 0, 43, 0, 0, 36, 1, 0, 249, 4, 15]
1552550530574;[171, 0, 17, 255, 161, 76, 221, 0, 137, 1, 0, 41, 0, 0, 41, 1, 0, 250, 4, 29]
1552550530574;[171, 0, 4, 255, 132, 128, 66]
1552550530908;[171, 0, 17, 255, 161, 76, 221, 0, 138, 1, 0, 41, 0, 0, 40, 1, 0, 246, 4, 37]
1552550530908;[171, 0, 17, 255, 161, 76, 221, 0, 138, 1, 0, 40, 0, 0, 40, 1, 0, 248, 4, 61]
1552550530924;[171, 0, 17, 255, 161, 76, 221, 0, 138, 1, 0, 37, 0, 0, 40, 1, 0, 246, 4, 140]
1552550530925;[171, 0, 17, 255, 161, 76, 221, 0, 138, 1, 0, 39, 0, 0, 42, 1, 0, 248, 4, 217]
1552550531091;[171, 0, 17, 255, 161, 76, 221, 0, 138, 1, 0, 40, 0, 0, 40, 1, 0, 249, 5, 16]
1552550531425;[171, 0, 17, 255, 161, 76, 221, 0, 138, 1, 0, 43, 0, 0, 42, 1, 0, 249, 5, 59]
1552550531426;[171, 0, 17, 255, 161, 76, 221, 0, 138, 1, 0, 40, 0, 0, 41, 1, 0, 249, 5, 81]
1552550531426;[171, 0, 17, 255, 161, 76, 221, 0, 138, 1, 0, 40, 0, 0, 42, 1, 0, 246, 5, 94]
1552550531427;[171, 0, 17, 255, 161, 76, 221, 0, 138, 1, 0, 40, 0, 0, 36, 1, 0, 248, 5, 95]
1552550531609;[171, 0, 17, 255, 161, 76, 221, 0, 138, 1, 0, 40, 0, 0, 42, 1, 0, 249, 5, 114]
1552550531943;[171, 0, 4, 255, 132, 128, 66]
1552550531944;[171, 0, 17, 255, 161, 76, 221, 0, 139, 1, 0, 40, 0, 0, 40, 1, 0, 249, 5, 179]
1552550531945;[171, 0, 17, 255, 161, 76, 221, 0, 139, 1, 0, 35, 0, 0, 41, 1, 0, 245, 5, 241]
1552550531945;[171, 0, 17, 255, 161, 76, 221, 0, 139, 1, 0, 40, 0, 0, 41, 1, 0, 246, 6, 25]
1552550532127;[171, 0, 17, 255, 161, 76, 221, 0, 139, 1, 0, 37, 0, 0, 42, 1, 0, 249, 6, 49]
1552550532128;[171, 0, 17, 255, 161, 76, 221, 0, 139, 1, 0, 37, 0, 0, 41, 1, 0, 246, 6, 56]
1552550532295;[171, 0, 17, 255, 161, 76, 221, 0, 139, 1, 0, 41, 0, 0, 41, 1, 0, 248, 6, 57]
1552550532461;[171, 0, 17, 255, 161, 76, 221, 0, 139, 1, 0, 37, 0, 0, 40, 1, 0, 249, 6, 52]
1552550532462;[171, 0, 17, 255, 161, 76, 221, 0, 139, 1, 0, 39, 0, 0, 42, 1, 0, 246, 6, 82]
1552550532645;[171, 0, 17, 255, 161, 76, 221, 0, 139, 1, 0, 37, 0, 0, 40, 1, 0, 248, 6, 139]
1552550532645;[171, 0, 17, 255, 161, 76, 221, 0, 139, 1, 0, 35, 0, 0, 41, 1, 0, 249, 6, 177]
1552550532812;[171, 0, 4, 255, 132, 128, 66]
1552550532980;[171, 0, 17, 255, 161, 76, 221, 0, 140, 1, 0, 40, 0, 0, 40, 1, 0, 249, 6, 201]
1552550532980;[171, 0, 17, 255, 161, 76, 221, 0, 140, 1, 0, 40, 0, 0, 41, 1, 0, 250, 6, 210]
1552550533147;[171, 0, 17, 255, 161, 76, 221, 0, 140, 1, 0, 40, 0, 0, 41, 1, 0, 248, 6, 198]
1552550533163;[171, 0, 17, 255, 161, 76, 221, 0, 140, 1, 0, 35, 0, 0, 41, 1, 0, 249, 6, 185]
1552550533330;[171, 0, 17, 255, 161, 76, 221, 0, 140, 1, 0, 24, 0, 0, 42, 1, 0, 246, 6, 181]
1552550533331;[171, 0, 17, 255, 161, 76, 221, 0, 140, 1, 0, 12, 0, 0, 42, 1, 0, 245, 6, 227]
1552550533498;[171, 0, 17, 255, 161, 76, 221, 0, 140, 1, 0, 15, 0, 0, 43, 1, 0, 249, 6, 243]
1552550533665;[171, 0, 17, 255, 161, 76, 221, 0, 140, 1, 0, 14, 0, 0, 42, 1, 0, 250, 6, 237]
1552550533681;[171, 0, 17, 255, 161, 76, 221, 0, 140, 1, 0, 14, 0, 0, 42, 1, 0, 249, 6, 234]
1552550533848;[171, 0, 17, 255, 161, 76, 221, 0, 140, 1, 0, 12, 0, 0, 42, 1, 0, 248, 6, 210]
1552550533849;[171, 0, 4, 255, 132, 128, 67]
1552550534183;[171, 0, 17, 255, 161, 76, 221, 0, 141, 1, 0, 14, 0, 0, 41, 1, 0, 249, 6, 186]
1552550534199;[171, 0, 17, 255, 161, 76, 221, 0, 141, 1, 0, 14, 0, 0, 42, 1, 0, 248, 6, 148]
1552550534200;[171, 0, 17, 255, 161, 76, 221, 0, 141, 1, 0, 16, 0, 0, 44, 1, 0, 245, 6, 126]
1552550534366;[171, 0, 17, 255, 161, 76, 221, 0, 141, 1, 0, 18, 0, 0, 41, 1, 0, 246, 6, 169]
1552550534367;[171, 0, 17, 255, 161, 76, 221, 0, 141, 1, 0, 17, 0, 0, 42, 1, 0, 246, 6, 193]
1552550534534;[171, 0, 17, 255, 161, 76, 221, 0, 141, 1, 0, 14, 0, 0, 41, 1, 0, 249, 6, 212]
1552550534534;[171, 0, 17, 255, 161, 76, 221, 0, 141, 1, 0, 14, 0, 0, 42, 1, 0, 248, 6, 209]
1552550534701;[171, 0, 17, 255, 161, 76, 221, 0, 141, 1, 0, 15, 0, 0, 43, 1, 0, 249, 6, 183]
1552550534701;[171, 0, 17, 255, 161, 76, 221, 0, 141, 1, 0, 15, 0, 0, 42, 1, 0, 249, 6, 148]
1552550534884;[171, 0, 17, 255, 161, 76, 221, 0, 141, 1, 0, 14, 0, 0, 41, 1, 0, 248, 6, 116]
1552550535218;[171, 0, 4, 255, 132, 128, 68]
1552550535219;[171, 0, 17, 255, 161, 76, 221, 0, 142, 1, 0, 14, 0, 0, 41, 1, 0, 250, 6, 73]
1552550535238;[171, 0, 17, 255, 161, 76, 221, 0, 142, 1, 0, 16, 0, 0, 42, 1, 0, 247, 6, 18]
1552550535239;[171, 0, 17, 255, 161, 76, 221, 0, 142, 1, 0, 14, 0, 0, 41, 1, 0, 249, 6, 3]
1552550535403;[171, 0, 17, 255, 161, 76, 221, 0, 142, 1, 0, 17, 0, 0, 42, 1, 0, 250, 6, 28]
1552550535570;[171, 0, 17, 255, 161, 76, 221, 0, 142, 1, 0, 16, 0, 0, 42, 1, 0, 247, 6, 43]
1552550535571;[171, 0, 17, 255, 161, 76, 221, 0, 142, 1, 0, 15, 0, 0, 41, 1, 0, 249, 6, 44]
1552550535737;[171, 0, 17, 255, 161, 76, 221, 0, 142, 1, 0, 14, 0, 0, 40, 1, 0, 248, 6, 36]
1552550535738;[171, 0, 17, 255, 161, 76, 221, 0, 142, 1, 0, 15, 0, 0, 41, 1, 0, 249, 6, 6]
1552550535920;[171, 0, 17, 255, 161, 76, 221, 0, 142, 1, 0, 14, 0, 0, 42, 1, 0, 249, 5, 231]
1552550535921;[171, 0, 17, 255, 161, 76, 221, 0, 142, 1, 0, 14, 0, 0, 44, 1, 0, 249, 5, 192]
1552550536087;[171, 0, 4, 255, 132, 128, 69]
1552550536254;[171, 0, 17, 255, 161, 76, 221, 0, 143, 1, 0, 15, 0, 0, 42, 1, 0, 246, 5, 155]
1552550536255;[171, 0, 17, 255, 161, 76, 221, 0, 143, 1, 0, 16, 0, 0, 43, 1, 0, 249, 5, 106]
1552550536438;[171, 0, 17, 255, 161, 76, 221, 0, 143, 1, 0, 15, 0, 0, 42, 1, 0, 246, 5, 78]
1552550536438;[171, 0, 17, 255, 161, 76, 221, 0, 143, 1, 0, 18, 0, 0, 42, 1, 0, 248, 5, 92]
1552550536605;[171, 0, 17, 255, 161, 76, 221, 0, 143, 1, 0, 12, 0, 0, 44, 1, 0, 249, 5, 108]
1552550536606;[171, 0, 17, 255, 161, 76, 221, 0, 143, 1, 0, 15, 0, 0, 41, 1, 0, 248, 5, 103]
1552550536956;[171, 0, 17, 255, 161, 76, 221, 0, 143, 1, 0, 17, 0, 0, 42, 1, 0, 249, 5, 90]
1552550536957;[171, 0, 17, 255, 161, 76, 221, 0, 143, 1, 0, 18, 0, 0, 42, 1, 0, 250, 5, 69]
1552550536957;[171, 0, 17, 255, 161, 76, 221, 0, 143, 1, 0, 13, 0, 0, 41, 1, 0, 246, 5, 33]
1552550537123;[171, 0, 17, 255, 161, 76, 221, 0, 143, 1, 0, 14, 0, 0, 41, 1, 0, 249, 5, 0]
1552550537124;[171, 0, 4, 255, 132, 128, 69]
1552550537290;[171, 0, 17, 255, 161, 76, 221, 0, 144, 1, 0, 18, 0, 0, 42, 1, 0, 245, 4, 205]
1552550537474;[171, 0, 17, 255, 161, 76, 221, 0, 144, 1, 0, 14, 0, 0, 42, 1, 0, 250, 4, 162]
1552550537474;[171, 0, 17, 255, 161, 76, 221, 0, 144, 1, 0, 16, 0, 0, 43, 1, 0, 242, 4, 143]
1552550537641;[171, 0, 17, 255, 161, 76, 221, 0, 144, 1, 0, 17, 0, 0, 40, 1, 0, 249, 4, 153]
1552550537642;[171, 0, 17, 255, 161, 76, 221, 0, 144, 1, 0, 17, 0, 0, 42, 1, 0, 250, 4, 163]
1552550537992;[171, 0, 17, 255, 161, 76, 221, 0, 144, 1, 0, 12, 0, 0, 42, 1, 0, 250, 4, 150]
1552550537993;[171, 0, 17, 255, 161, 76, 221, 0, 144, 1, 0, 18, 0, 0, 35, 1, 0, 248, 4, 141]
1552550537993;[171, 0, 17, 255, 161, 76, 221, 0, 144, 1, 0, 15, 0, 0, 42, 1, 0, 245, 4, 114]
1552550538159;[171, 0, 17, 255, 161, 76, 221, 0, 144, 1, 0, 17, 0, 0, 42, 1, 0, 248, 4, 81]
1552550538159;[171, 0, 17, 255, 161, 76, 221, 0, 144, 1, 0, 15, 0, 0, 42, 1, 0, 249, 4, 61]
1552550538326;[171, 0, 4, 255, 132, 128, 69]
1552550538328;[171, 0, 17, 255, 161, 76, 221, 0, 145, 1, 0, 12, 0, 0, 41, 1, 0, 249, 4, 22]
1552550538510;[171, 0, 17, 255, 161, 76, 221, 0, 145, 1, 0, 16, 0, 0, 42, 1, 0, 250, 3, 254]
1552550538678;[171, 0, 17, 255, 161, 76, 221, 0, 145, 1, 0, 17, 0, 0, 36, 1, 0, 249, 4, 20]
1552550538678;[171, 0, 17, 255, 161, 76, 221, 0, 145, 1, 0, 18, 0, 0, 42, 1, 0, 249, 4, 33]
1552550538844;[171, 0, 17, 255, 161, 76, 221, 0, 145, 1, 0, 17, 0, 0, 42, 1, 0, 243, 4, 28]
1552550538845;[171, 0, 17, 255, 161, 76, 221, 0, 145, 1, 0, 15, 0, 0, 44, 1, 0, 246, 4, 30]
1552550539028;[171, 0, 17, 255, 161, 76, 221, 0, 145, 1, 0, 18, 0, 0, 42, 1, 0, 248, 4, 8]
1552550539029;[171, 0, 17, 255, 161, 76, 221, 0, 145, 1, 0, 17, 0, 0, 42, 1, 0, 249, 3, 252]
1552550539196;[171, 0, 17, 255, 161, 76, 221, 0, 145, 1, 0, 14, 0, 0, 43, 1, 0, 245, 3, 219]
1552550539362;[171, 0, 17, 255, 161, 76, 221, 0, 145, 1, 0, 17, 0, 0, 41, 1, 0, 248, 3, 197]
1552550539363;[171, 0, 4, 255, 132, 128, 69]
1552550539529;[171, 0, 17, 255, 161, 76, 221, 0, 146, 1, 0, 16, 0, 0, 42, 1, 0, 249, 3, 208]
1552550539546;[171, 0, 17, 255, 161, 76, 221, 0, 146, 1, 0, 18, 0, 0, 41, 1, 0, 246, 3, 242]
1552550539714;[171, 0, 17, 255, 161, 76, 221, 0, 146, 1, 0, 16, 0, 0, 39, 1, 0, 248, 3, 245]
1552550539714;[171, 0, 17, 255, 161, 76, 221, 0, 146, 1, 0, 14, 0, 0, 41, 1, 0, 245, 4, 4]
1552550539880;[171, 0, 17, 255, 161, 76, 221, 0, 146, 1, 0, 18, 0, 0, 44, 1, 0, 249, 4, 2]
1552550540048;[171, 0, 17, 255, 161, 76, 221, 0, 146, 1, 0, 18, 0, 0, 42, 1, 0, 249, 3, 241]
1552550540064;[171, 0, 17, 255, 161, 76, 221, 0, 146, 1, 0, 17, 0, 0, 41, 1, 0, 247, 3, 227]
1552550540231;[171, 0, 17, 255, 161, 76, 221, 0, 146, 1, 0, 15, 0, 0, 41, 1, 0, 249, 3, 197]
1552550540232;[171, 0, 17, 255, 161, 76, 221, 0, 146, 1, 0, 17, 0, 0, 42, 1, 0, 249, 3, 196]
1552550540399;[171, 0, 17, 255, 161, 76, 221, 0, 146, 1, 0, 18, 0, 0, 41, 1, 0, 249, 3, 224]
1552550540565;[171, 0, 4, 255, 132, 128, 68]
1552550540566;[171, 0, 17, 255, 161, 76, 221, 0, 147, 1, 0, 17, 0, 0, 42, 1, 0, 250, 4, 3]
1552550540750;[171, 0, 17, 255, 161, 76, 221, 0, 147, 1, 0, 17, 0, 0, 42, 1, 0, 245, 4, 25]
1552550540750;[171, 0, 17, 255, 161, 76, 221, 0, 147, 1, 0, 19, 0, 0, 42, 1, 0, 246, 4, 43]
1552550540916;[171, 0, 17, 255, 161, 76, 221, 0, 147, 1, 0, 18, 0, 0, 41, 1, 0, 247, 4, 39]
1552550540917;[171, 0, 17, 255, 161, 76, 221, 0, 147, 1, 0, 17, 0, 0, 41, 1, 0, 248, 4, 20]
1552550541083;[171, 0, 17, 255, 161, 76, 221, 0, 147, 1, 0, 14, 0, 0, 41, 1, 0, 248, 4, 4]
1552550541267;[171, 0, 17, 255, 161, 76, 221, 0, 147, 1, 0, 17, 0, 0, 43, 1, 0, 250, 3, 231]
1552550541268;[171, 0, 17, 255, 161, 76, 221, 0, 147, 1, 0, 17, 0, 0, 42, 1, 0, 247, 3, 227]
1552550541435;[171, 0, 17, 255, 161, 76, 221, 0, 147, 1, 0, 18, 0, 0, 42, 1, 0, 248, 4, 10]
1552550541602;[171, 0, 17, 255, 161, 76, 221, 0, 150, 1, 0, 18, 0, 0, 42, 1, 0, 249, 3, 51]
1552550541785;[171, 0, 17, 255, 161, 76, 221, 0, 150, 1, 0, 20, 0, 0, 41, 1, 0, 246, 3, 19]
1552550541952;[171, 0, 17, 255, 161, 76, 221, 0, 150, 1, 0, 19, 0, 0, 42, 1, 0, 243, 2, 236]
1552550541953;[171, 0, 17, 255, 161, 76, 221, 0, 150, 1, 0, 19, 0, 0, 42, 1, 0, 246, 2, 191]
1552550542120;[171, 0, 17, 255, 161, 76, 221, 0, 150, 1, 0, 18, 0, 0, 42, 1, 0, 249, 2, 150]
1552550542120;[171, 0, 17, 255, 161, 76, 221, 0, 150, 1, 0, 21, 0, 0, 40, 1, 0, 248, 2, 148]
1552550542303;[171, 0, 17, 255, 161, 76, 221, 0, 150, 1, 0, 17, 0, 0, 42, 1, 0, 249, 2, 141]
1552550542471;[171, 0, 17, 255, 161, 76, 221, 0, 150, 1, 0, 20, 0, 0, 42, 1, 0, 249, 2, 133]
1552550542471;[171, 0, 17, 255, 161, 76, 221, 0, 150, 1, 0, 21, 0, 0, 41, 1, 0, 250, 2, 116]
1552550542637;[171, 0, 17, 255, 161, 76, 221, 0, 150, 1, 0, 19, 0, 0, 42, 1, 0, 245, 2, 104]
1552550542638;[171, 0, 4, 255, 132, 128, 68]
1552550542821;[171, 0, 17, 255, 161, 76, 221, 0, 151, 1, 0, 18, 0, 0, 41, 1, 0, 248, 2, 63]
1552550542821;[171, 0, 17, 255, 161, 76, 221, 0, 151, 1, 0, 17, 0, 0, 42, 1, 0, 248, 2, 31]
1552550542988;[171, 0, 17, 255, 161, 76, 221, 0, 151, 1, 0, 18, 0, 0, 41, 1, 0, 248, 1, 249]
1552550543155;[171, 0, 17, 255, 161, 76, 221, 0, 151, 1, 0, 19, 0, 0, 42, 1, 0, 246, 1, 212]
1552550543156;[171, 0, 17, 255, 161, 76, 221, 0, 151, 1, 0, 17, 0, 0, 43, 1, 0, 249, 1, 164]
1552550543339;[171, 0, 17, 255, 161, 76, 221, 0, 151, 1, 0, 18, 0, 0, 41, 1, 0, 246, 1, 151]
1552550543340;[171, 0, 17, 255, 161, 76, 221, 0, 151, 1, 0, 17, 0, 0, 41, 1, 0, 248, 1, 148]
1552550543506;[171, 0, 17, 255, 161, 76, 221, 0, 151, 1, 0, 21, 0, 0, 42, 1, 0, 248, 1, 137]
1552550543506;[171, 0, 17, 255, 161, 76, 221, 0, 151, 1, 0, 15, 0, 0, 42, 1, 0, 249, 1, 133]
1552550543673;[171, 0, 17, 255, 161, 76, 221, 0, 151, 1, 0, 18, 0, 0, 42, 1, 0, 249, 1, 113]
1552550543857;[171, 0, 4, 255, 132, 128, 68]
1552550543858;[171, 0, 17, 255, 161, 76, 221, 0, 152, 1, 0, 20, 0, 0, 42, 1, 0, 248, 1, 95]
1552550544024;[171, 0, 17, 255, 161, 76, 221, 0, 152, 1, 0, 18, 0, 0, 40, 1, 0, 248, 1, 67]
1552550544025;[171, 0, 17, 255, 161, 76, 221, 0, 152, 1, 0, 17, 0, 0, 41, 1, 0, 249, 1, 40]
1552550544191;[171, 0, 17, 255, 161, 76, 221, 0, 152, 1, 0, 18, 0, 0, 42, 1, 0, 249, 1, 10]
1552550544375;[171, 0, 17, 255, 161, 76, 221, 0, 152, 1, 0, 21, 0, 0, 42, 1, 0, 249, 0, 248]
1552550544375;[171, 0, 17, 255, 161, 76, 221, 0, 152, 1, 0, 20, 0, 0, 41, 1, 0, 248, 0, 254]
1552550544542;[171, 0, 17, 255, 161, 76, 221, 0, 152, 1, 0, 20, 0, 0, 42, 1, 0, 248, 1, 1]
1552550544542;[171, 0, 17, 255, 161, 76, 221, 0, 152, 1, 0, 18, 0, 0, 41, 1, 0, 250, 1, 5]
1552550544709;[171, 0, 17, 255, 161, 76, 221, 0, 152, 1, 0, 17, 0, 0, 42, 1, 0, 246, 0, 248]
1552550544709;[171, 0, 17, 255, 161, 76, 221, 0, 152, 1, 0, 18, 0, 0, 43, 1, 0, 246, 0, 229]
1552550544892;[171, 0, 4, 255, 132, 128, 68]
1552550545060;[171, 0, 17, 255, 161, 76, 221, 0, 153, 1, 0, 19, 0, 0, 42, 1, 0, 246, 0, 221]
1552550545060;[171, 0, 17, 255, 161, 76, 221, 0, 153, 1, 0, 16, 0, 0, 40, 1, 0, 246, 16, 198]
1552550545227;[171, 0, 17, 255, 161, 76, 221, 0, 153, 1, 0, 19, 0, 0, 42, 1, 0, 249, 7, 174]
1552550545227;[171, 0, 17, 255, 161, 76, 221, 0, 153, 1, 0, 18, 0, 0, 42, 1, 0, 248, 7, 147]
1552550545394;[171, 0, 17, 255, 161, 76, 221, 0, 153, 1, 0, 16, 0, 0, 43, 1, 0, 248, 7, 154]
1552550545578;[171, 0, 17, 255, 161, 76, 221, 0, 153, 1, 0, 17, 0, 0, 41, 1, 0, 247, 7, 173]
1552550545579;[171, 0, 17, 255, 161, 76, 221, 0, 153, 1, 0, 18, 0, 0, 44, 1, 0, 249, 7, 186]
1552550545745;[171, 0, 17, 255, 161, 76, 221, 0, 153, 1, 0, 21, 0, 0, 42, 1, 0, 249, 7, 192]
1552550545746;[171, 0, 17, 255, 161, 76, 221, 0, 153, 1, 0, 19, 0, 0, 42, 1, 0, 246, 7, 206]
1552550545929;[171, 0, 17, 255, 161, 76, 221, 0, 153, 1, 0, 19, 0, 0, 41, 1, 0, 246, 7, 201]
1552550545929;[171, 0, 4, 255, 132, 128, 67]
1552550546096;[171, 0, 17, 255, 161, 76, 221, 0, 154, 1, 0, 18, 0, 0, 41, 1, 0, 246, 7, 185]
1552550546263;[171, 0, 17, 255, 161, 76, 221, 0, 154, 1, 0, 17, 0, 0, 45, 1, 0, 250, 7, 172]
1552550546263;[171, 0, 17, 255, 161, 76, 221, 0, 154, 1, 0, 15, 0, 0, 42, 1, 0, 249, 7, 162]
1552550546430;[171, 0, 17, 255, 161, 76, 221, 0, 154, 1, 0, 17, 0, 0, 42, 1, 0, 249, 7, 128]
1552550546447;[171, 0, 17, 255, 161, 76, 221, 0, 154, 1, 0, 17, 0, 0, 46, 1, 0, 249, 7, 168]
1552550546781;[171, 0, 17, 255, 161, 76, 221, 0, 154, 1, 0, 14, 0, 0, 42, 1, 0, 247, 7, 203]
1552550546782;[171, 0, 17, 255, 161, 76, 221, 0, 154, 1, 0, 16, 0, 0, 36, 1, 0, 249, 7, 227]
1552550546782;[171, 0, 17, 255, 161, 76, 221, 0, 154, 1, 0, 20, 0, 0, 44, 1, 0, 248, 7, 247]
1552550546948;[171, 0, 17, 255, 161, 76, 221, 0, 154, 1, 0, 18, 0, 0, 42, 1, 0, 249, 8, 15]
1552550546949;[171, 0, 17, 255, 161, 76, 221, 0, 154, 1, 0, 19, 0, 0, 42, 1, 0, 246, 8, 24]
1552550547132;[171, 0, 4, 255, 132, 128, 67]
1552550547299;[171, 0, 17, 255, 161, 76, 221, 0, 155, 1, 0, 18, 0, 0, 41, 1, 0, 246, 8, 28]
1552550547300;[171, 0, 17, 255, 161, 76, 221, 0, 155, 1, 0, 17, 0, 0, 41, 1, 0, 249, 8, 38]
1552550547466;[171, 0, 17, 255, 161, 76, 221, 0, 155, 1, 0, 17, 0, 0, 42, 1, 0, 246, 8, 28]
1552550547482;[171, 0, 17, 255, 161, 76, 221, 0, 155, 1, 0, 18, 0, 0, 42, 1, 0, 245, 8, 86]
1552550547650;[171, 0, 17, 255, 161, 76, 221, 0, 155, 1, 0, 17, 0, 0, 44, 1, 0, 249, 8, 130]
1552550547650;[171, 0, 17, 255, 161, 76, 221, 0, 155, 1, 0, 19, 0, 0, 42, 1, 0, 249, 8, 166]
1552550547816;[171, 0, 17, 255, 161, 76, 221, 0, 155, 1, 0, 20, 0, 0, 43, 1, 0, 249, 8, 195]
1552550547817;[171, 0, 17, 255, 161, 76, 221, 0, 155, 1, 0, 18, 0, 0, 41, 1, 0, 246, 8, 219]
1552550547984;[171, 0, 17, 255, 161, 76, 221, 0, 155, 1, 0, 18, 0, 0, 41, 1, 0, 246, 8, 225]
1552550548168;[171, 0, 17, 255, 161, 76, 221, 0, 155, 1, 0, 16, 0, 0, 41, 1, 0, 249, 8, 217]
1552550548168;[171, 0, 4, 255, 132, 128, 66]
1552550548335;[171, 0, 17, 255, 161, 76, 221, 0, 156, 1, 0, 20, 0, 0, 41, 1, 0, 249, 8, 210]
1552550548336;[171, 0, 17, 255, 161, 76, 221, 0, 156, 1, 0, 18, 0, 0, 42, 1, 0, 249, 8, 185]
1552550548501;[171, 0, 17, 255, 161, 76, 221, 0, 156, 1, 0, 21, 0, 0, 42, 1, 0, 249, 8, 219]
1552550548502;[171, 0, 17, 255, 161, 76, 221, 0, 156, 1, 0, 19, 0, 0, 44, 1, 0, 248, 9, 16]
1552550548685;[171, 0, 17, 255, 161, 76, 221, 0, 156, 1, 0, 17, 0, 0, 42, 1, 0, 249, 9, 69]
1552550548853;[171, 0, 17, 255, 161, 76, 221, 0, 156, 1, 0, 18, 0, 0, 41, 1, 0, 249, 9, 95]
1552550548853;[171, 0, 17, 255, 161, 76, 221, 0, 156, 1, 0, 19, 0, 0, 43, 1, 0, 245, 9, 124]
1552550549020;[171, 0, 17, 255, 161, 76, 221, 0, 156, 1, 0, 18, 0, 0, 44, 1, 0, 248, 9, 135]
1552550549021;[171, 0, 17, 255, 161, 76, 221, 0, 156, 1, 0, 20, 0, 0, 42, 1, 0, 248, 9, 128]
1552550549203;[171, 0, 17, 255, 161, 76, 221, 0, 156, 1, 0, 20, 0, 0, 42, 1, 0, 248, 9, 118]
1552550549371;[171, 0, 4, 255, 132, 128, 66]
1552550549372;[171, 0, 17, 255, 161, 76, 221, 0, 157, 1, 0, 18, 0, 0, 42, 1, 0, 248, 9, 105]
1552550549538;[171, 0, 17, 255, 161, 76, 221, 0, 157, 1, 0, 18, 0, 0, 42, 1, 0, 248, 9, 77]
1552550549538;[171, 0, 17, 255, 161, 76, 221, 0, 157, 1, 0, 19, 0, 0, 43, 1, 0, 247, 9, 112]
1552550549721;[171, 0, 17, 255, 161, 76, 221, 0, 157, 1, 0, 21, 0, 0, 43, 1, 0, 247, 9, 170]
1552550549722;[171, 0, 17, 255, 161, 76, 221, 0, 157, 1, 0, 19, 0, 0, 41, 1, 0, 249, 9, 214]
1552550550057;[171, 0, 17, 255, 161, 76, 221, 0, 157, 1, 0, 20, 0, 0, 42, 1, 0, 249, 9, 238]
1552550550073;[171, 0, 17, 255, 161, 76, 221, 0, 157, 1, 0, 18, 0, 0, 42, 1, 0, 255, 10, 7]
1552550550074;[171, 0, 17, 255, 161, 76, 221, 0, 157, 1, 0, 18, 0, 0, 42, 1, 0, 249, 10, 7]
1552550550242;[171, 0, 17, 255, 161, 76, 221, 0, 157, 1, 0, 19, 0, 0, 42, 1, 0, 249, 10, 1]
1552550550243;[171, 0, 17, 255, 161, 76, 221, 0, 157, 1, 0, 18, 0, 0, 46, 1, 0, 245, 9, 253]
1552550550574;[171, 0, 4, 255, 132, 128, 66]
1552550550575;[171, 0, 17, 255, 161, 76, 221, 0, 158, 1, 0, 21, 0, 0, 42, 1, 0, 246, 9, 221]
1552550550575;[171, 0, 17, 255, 161, 76, 221, 0, 158, 1, 0, 18, 0, 0, 42, 1, 0, 249, 9, 188]
1552550550758;[171, 0, 17, 255, 161, 76, 221, 0, 158, 1, 0, 17, 0, 0, 41, 1, 0, 249, 9, 191]
1552550550758;[171, 0, 17, 255, 161, 76, 221, 0, 158, 1, 0, 18, 0, 0, 40, 1, 0, 249, 9, 236]
1552550551092;[171, 0, 17, 255, 161, 76, 221, 0, 158, 1, 0, 18, 0, 0, 42, 1, 0, 249, 10, 20]
1552550551093;[171, 0, 17, 255, 161, 76, 221, 0, 158, 1, 0, 17, 0, 0, 44, 1, 0, 249, 10, 31]
1552550551093;[171, 0, 17, 255, 161, 76, 221, 0, 158, 1, 0, 19, 0, 0, 41, 1, 0, 245, 10, 52]
1552550551259;[171, 0, 17, 255, 161, 76, 221, 0, 158, 1, 0, 18, 0, 0, 42, 1, 0, 245, 10, 53]
1552550551276;[171, 0, 17, 255, 161, 76, 221, 0, 158, 1, 0, 18, 0, 0, 42, 1, 0, 246, 10, 39]
1552550551442;[171, 0, 17, 255, 161, 76, 221, 0, 158, 1, 0, 19, 0, 0, 43, 1, 0, 249, 10, 27]
1552550551443;[171, 0, 4, 255, 132, 128, 66]
1552550551610;[171, 0, 17, 255, 161, 76, 221, 0, 159, 1, 0, 18, 0, 0, 42, 1, 0, 245, 10, 4]
1552550551611;[171, 0, 17, 255, 161, 76, 221, 0, 159, 1, 0, 18, 0, 0, 44, 1, 0, 249, 9, 237]
1552550551793;[171, 0, 17, 255, 161, 76, 221, 0, 159, 1, 0, 18, 0, 0, 41, 1, 0, 249, 10, 4]
1552550551961;[171, 0, 17, 255, 161, 76, 221, 0, 159, 1, 0, 19, 0, 0, 42, 1, 0, 249, 10, 46]
1552550551962;[171, 0, 17, 255, 161, 76, 221, 0, 159, 1, 0, 19, 0, 0, 41, 1, 0, 249, 10, 58]
1552550552128;[171, 0, 17, 255, 161, 76, 221, 0, 159, 1, 0, 19, 0, 0, 42, 1, 0, 249, 10, 64]
1552550552129;[171, 0, 17, 255, 161, 76, 221, 0, 159, 1, 0, 18, 0, 0, 43, 1, 0, 248, 10, 56]
1552550552295;[171, 0, 17, 255, 161, 76, 221, 0, 159, 1, 0, 22, 0, 0, 41, 1, 0, 249, 10, 41]
1552550552479;[171, 0, 17, 255, 161, 76, 221, 0, 159, 1, 0, 17, 0, 0, 42, 1, 0, 249, 10, 25]
1552550552495;[171, 0, 17, 255, 161, 76, 221, 0, 159, 1, 0, 18, 0, 0, 42, 1, 0, 247, 9, 248]
1552550552645;[171, 0, 4, 255, 132, 128, 65]
1552550552646;[171, 0, 17, 255, 161, 76, 221, 0, 160, 1, 0, 18, 0, 0, 43, 1, 0, 248, 9, 212]
1552550552813;[171, 0, 17, 255, 161, 76, 221, 0, 160, 1, 0, 18, 0, 0, 43, 1, 0, 249, 9, 189]
1552550552814;[171, 0, 17, 255, 161, 76, 221, 0, 160, 1, 0, 21, 0, 0, 43, 1, 0, 246, 9, 227]
1552550552996;[171, 0, 17, 255, 161, 76, 221, 0, 160, 1, 0, 19, 0, 0, 42, 1, 0, 248, 10, 0]
1552550553164;[171, 0, 17, 255, 161, 76, 221, 0, 160, 1, 0, 18, 0, 0, 43, 1, 0, 249, 10, 10]
1552550553164;[171, 0, 17, 255, 161, 76, 221, 0, 160, 1, 0, 21, 0, 0, 42, 1, 0, 245, 10, 22]
1552550553331;[171, 0, 17, 255, 161, 76, 221, 0, 160, 1, 0, 18, 0, 0, 43, 1, 0, 250, 10, 11]
1552550553331;[171, 0, 17, 255, 161, 76, 221, 0, 160, 1, 0, 21, 0, 0, 42, 1, 0, 249, 9, 245]
1552550553514;[171, 0, 17, 255, 161, 76, 221, 0, 160, 1, 0, 21, 0, 0, 42, 1, 0, 248, 9, 222]
1552550553515;[171, 0, 17, 255, 161, 76, 221, 0, 160, 1, 0, 21, 0, 0, 42, 1, 0, 246, 9, 189]
1552550553682;[171, 0, 4, 255, 132, 128, 65]
1552550553849;[171, 0, 17, 255, 161, 76, 221, 0, 161, 1, 0, 22, 0, 0, 42, 1, 0, 249, 9, 146]
1552550553849;[171, 0, 17, 255, 161, 76, 221, 0, 161, 1, 0, 18, 0, 0, 42, 1, 0, 247, 9, 148]
1552550554032;[171, 0, 17, 255, 161, 76, 221, 0, 161, 1, 0, 20, 0, 0, 43, 1, 0, 248, 9, 173]
1552550554033;[171, 0, 17, 255, 161, 76, 221, 0, 161, 1, 0, 19, 0, 0, 42, 1, 0, 248, 9, 196]
1552550554200;[171, 0, 17, 255, 161, 76, 221, 0, 161, 1, 0, 18, 0, 0, 41, 1, 0, 246, 9, 198]
1552550554367;[171, 0, 17, 255, 161, 76, 221, 0, 161, 1, 0, 17, 0, 0, 43, 1, 0, 249, 9, 205]
1552550554367;[171, 0, 17, 255, 161, 76, 221, 0, 161, 1, 0, 20, 0, 0, 43, 1, 0, 246, 9, 195]
1552550554550;[171, 0, 17, 255, 161, 76, 221, 0, 161, 1, 0, 17, 0, 0, 42, 1, 0, 247, 9, 168]
1552550554551;[171, 0, 17, 255, 161, 76, 221, 0, 161, 1, 0, 17, 0, 0, 39, 1, 0, 249, 9, 143]
1552550554718;[171, 0, 17, 255, 161, 76, 221, 0, 161, 1, 0, 19, 0, 0, 42, 1, 0, 246, 9, 118]
1552550554718;[171, 0, 4, 255, 132, 128, 64]
1552550555068;[171, 0, 17, 255, 161, 76, 221, 0, 162, 1, 0, 18, 0, 0, 41, 1, 0, 249, 9, 79]
1552550555068;[171, 0, 17, 255, 161, 76, 221, 0, 162, 1, 0, 18, 0, 0, 43, 1, 0, 248, 9, 69]
1552550555069;[171, 0, 17, 255, 161, 76, 221, 0, 162, 1, 0, 19, 0, 0, 42, 1, 0, 248, 9, 102]
1552550555235;[171, 0, 17, 255, 161, 76, 221, 0, 162, 1, 0, 18, 0, 0, 42, 1, 0, 249, 9, 123]
1552550555236;[171, 0, 17, 255, 161, 76, 221, 0, 162, 1, 0, 18, 0, 0, 42, 1, 0, 246, 9, 134]
1552550555402;[171, 0, 17, 255, 161, 76, 221, 0, 162, 1, 0, 17, 0, 0, 42, 1, 0, 249, 9, 132]
1552550555403;[171, 0, 17, 255, 161, 76, 221, 0, 162, 1, 0, 21, 0, 0, 42, 1, 0, 245, 9, 116]
1552550555586;[171, 0, 17, 255, 161, 76, 221, 0, 162, 1, 0, 18, 0, 0, 41, 1, 0, 246, 9, 94]
1552550555753;[171, 0, 17, 255, 161, 76, 221, 0, 162, 1, 0, 21, 0, 0, 40, 1, 0, 250, 9, 72]
1552550555753;[171, 0, 17, 255, 161, 76, 221, 0, 162, 1, 0, 19, 0, 0, 42, 1, 0, 249, 9, 44]
1552550556103;[171, 0, 4, 255, 132, 128, 64]
1552550556104;[171, 0, 17, 255, 161, 76, 221, 0, 163, 1, 0, 21, 0, 0, 42, 1, 0, 246, 9, 26]
1552550556105;[171, 0, 17, 255, 161, 76, 221, 0, 163, 1, 0, 20, 0, 0, 43, 1, 0, 253, 9, 63]
1552550556271;[171, 0, 17, 255, 161, 76, 221, 0, 163, 1, 0, 18, 0, 0, 41, 1, 0, 248, 9, 100]
1552550556271;[171, 0, 17, 255, 161, 76, 221, 0, 163, 1, 0, 21, 0, 0, 42, 1, 0, 246, 9, 105]
1552550556622;[171, 0, 17, 255, 161, 76, 221, 0, 163, 1, 0, 18, 0, 0, 44, 1, 0, 249, 9, 113]
1552550556622;[171, 0, 17, 255, 161, 76, 221, 0, 163, 1, 0, 18, 0, 0, 43, 1, 0, 247, 9, 98]
1552550556623;[171, 0, 17, 255, 161, 76, 221, 0, 163, 1, 0, 20, 0, 0, 43, 1, 0, 249, 9, 91]
1552550556623;[171, 0, 17, 255, 161, 76, 221, 0, 163, 1, 0, 20, 0, 0, 42, 1, 0, 247, 9, 53]
1552550556788;[171, 0, 17, 255, 161, 76, 221, 0, 163, 1, 0, 18, 0, 0, 42, 1, 0, 246, 9, 37]
1552550556956;[171, 0, 17, 255, 161, 76, 221, 0, 163, 1, 0, 18, 0, 0, 44, 1, 0, 248, 9, 1]
1552550556956;[171, 0, 4, 255, 132, 128, 64]
1552550557139;[171, 0, 17, 255, 161, 76, 221, 0, 164, 1, 0, 19, 0, 0, 43, 1, 0, 248, 8, 250]
1552550557140;[171, 0, 17, 255, 161, 76, 221, 0, 164, 1, 0, 20, 0, 0, 43, 1, 0, 249, 9, 26]
1552550557307;[171, 0, 17, 255, 161, 76, 221, 0, 164, 1, 0, 22, 0, 0, 41, 1, 0, 250, 9, 56]
1552550557307;[171, 0, 17, 255, 161, 76, 221, 0, 164, 1, 0, 18, 0, 0, 44, 1, 0, 249, 9, 70]
1552550557474;[171, 0, 17, 255, 161, 76, 221, 0, 164, 1, 0, 21, 0, 0, 42, 1, 0, 249, 9, 77]
1552550557658;[171, 0, 17, 255, 161, 76, 221, 0, 164, 1, 0, 21, 0, 0, 41, 1, 0, 249, 9, 71]
1552550557825;[171, 0, 17, 255, 161, 76, 221, 0, 164, 1, 0, 19, 0, 0, 43, 1, 0, 248, 9, 52]
1552550557825;[171, 0, 17, 255, 161, 76, 221, 0, 164, 1, 0, 18, 0, 0, 42, 1, 0, 249, 9, 25]
1552550557826;[171, 0, 17, 255, 161, 76, 221, 0, 164, 1, 0, 22, 0, 0, 42, 1, 0, 249, 9, 7]
1552550557992;[171, 0, 17, 255, 161, 76, 221, 0, 164, 1, 0, 20, 0, 0, 42, 1, 0, 247, 8, 234]
1552550558343;[171, 0, 4, 255, 132, 128, 64]
1552550558344;[171, 0, 17, 255, 161, 76, 221, 0, 165, 1, 0, 17, 0, 0, 43, 1, 0, 246, 8, 236]
1552550558344;[171, 0, 17, 255, 161, 76, 221, 0, 165, 1, 0, 19, 0, 0, 40, 1, 0, 249, 9, 9]
1552550558345;[171, 0, 17, 255, 161, 76, 221, 0, 165, 1, 0, 21, 0, 0, 41, 1, 0, 248, 9, 38]
1552550558510;[171, 0, 17, 255, 161, 76, 221, 0, 165, 1, 0, 20, 0, 0, 42, 1, 0, 248, 9, 52]
1552550558510;[171, 0, 17, 255, 161, 76, 221, 0, 165, 1, 0, 22, 0, 0, 42, 1, 0, 249, 9, 54]
1552550558861;[171, 0, 17, 255, 161, 76, 221, 0, 165, 1, 0, 18, 0, 0, 42, 1, 0, 248, 9, 42]
1552550558861;[171, 0, 17, 255, 161, 76, 221, 0, 165, 1, 0, 19, 0, 0, 42, 1, 0, 249, 9, 26]
1552550558862;[171, 0, 17, 255, 161, 76, 221, 0, 165, 1, 0, 20, 0, 0, 41, 1, 0, 243, 9, 4]
1552550559028;[171, 0, 17, 255, 161, 76, 221, 0, 165, 1, 0, 21, 0, 0, 40, 1, 0, 249, 8, 227]
1552550559029;[171, 0, 17, 255, 161, 76, 221, 0, 165, 1, 0, 20, 0, 0, 42, 1, 0, 246, 8, 188]
1552550559195;[171, 0, 4, 255, 132, 128, 63]
1552550559379;[171, 0, 17, 255, 161, 76, 221, 0, 166, 1, 0, 18, 0, 0, 44, 1, 0, 249, 8, 199]
1552550559381;[171, 0, 17, 255, 161, 76, 221, 0, 166, 1, 0, 19, 0, 0, 46, 1, 0, 248, 8, 231]
1552550559546;[171, 0, 17, 255, 161, 76, 221, 0, 166, 1, 0, 20, 0, 0, 41, 1, 0, 246, 9, 4]
1552550559546;[171, 0, 17, 255, 161, 76, 221, 0, 166, 1, 0, 22, 0, 0, 43, 1, 0, 248, 9, 28]
1552550559712;[171, 0, 17, 255, 161, 76, 221, 0, 166, 1, 0, 22, 0, 0, 45, 1, 0, 247, 9, 35]
1552550559713;[171, 0, 17, 255, 161, 76, 221, 0, 166, 1, 0, 20, 0, 0, 42, 1, 0, 249, 9, 28]
1552550559896;[171, 0, 17, 255, 161, 76, 221, 0, 166, 1, 0, 22, 0, 0, 46, 1, 0, 249, 9, 16]
1552550560064;[171, 0, 17, 255, 161, 76, 221, 0, 166, 1, 0, 21, 0, 0, 43, 1, 0, 249, 9, 0]
1552550560064;[171, 0, 17, 255, 161, 76, 221, 0, 166, 1, 0, 21, 0, 0, 42, 1, 0, 249, 8, 222]
1552550560230;[171, 0, 17, 255, 161, 76, 221, 0, 166, 1, 0, 19, 0, 0, 42, 1, 0, 248, 8, 191]
1552550560231;[171, 0, 4, 255, 132, 128, 63]
1552550560414;[171, 0, 17, 255, 161, 76, 221, 0, 167, 1, 0, 18, 0, 0, 43, 1, 0, 249, 8, 158]
1552550560415;[171, 0, 17, 255, 161, 76, 221, 0, 167, 1, 0, 20, 0, 0, 44, 1, 0, 248, 8, 178]
1552550560582;[171, 0, 17, 255, 161, 76, 221, 0, 167, 1, 0, 20, 0, 0, 41, 1, 0, 248, 8, 225]
1552550560749;[171, 0, 17, 255, 161, 76, 221, 0, 167, 1, 0, 22, 0, 0, 41, 1, 0, 246, 9, 0]
1552550560749;[171, 0, 17, 255, 161, 76, 221, 0, 167, 1, 0, 19, 0, 0, 42, 1, 0, 249, 9, 8]
1552550560932;[171, 0, 17, 255, 161, 76, 221, 0, 167, 1, 0, 20, 0, 0, 42, 1, 0, 246, 9, 14]
1552550560933;[171, 0, 17, 255, 161, 76, 221, 0, 167, 1, 0, 22, 0, 0, 41, 1, 0, 249, 8, 254]
1552550561099;[171, 0, 17, 255, 161, 76, 221, 0, 167, 1, 0, 21, 0, 0, 42, 1, 0, 249, 8, 249]
1552550561267;[171, 0, 17, 255, 161, 76, 221, 0, 167, 1, 0, 18, 0, 0, 42, 1, 0, 248, 8, 236]
1552550561268;[171, 0, 17, 255, 161, 76, 221, 0, 167, 1, 0, 18, 0, 0, 41, 1, 0, 248, 8, 207]
1552550561451;[171, 0, 4, 255, 132, 128, 63]
1552550561452;[171, 0, 17, 255, 161, 76, 221, 0, 168, 1, 0, 18, 0, 0, 41, 1, 0, 249, 8, 176]
1552550561618;[171, 0, 17, 255, 161, 76, 221, 0, 168, 1, 0, 17, 0, 0, 41, 1, 0, 249, 8, 197]
1552550561619;[171, 0, 17, 255, 161, 76, 221, 0, 168, 1, 0, 18, 0, 0, 42, 1, 0, 246, 8, 236]
1552550561785;[171, 0, 17, 255, 161, 76, 221, 0, 168, 1, 0, 20, 0, 0, 41, 1, 0, 249, 9, 13]
1552550562134;[171, 0, 17, 255, 161, 76, 221, 0, 168, 1, 0, 18, 0, 0, 42, 1, 0, 247, 9, 20]
1552550562135;[171, 0, 17, 255, 161, 76, 221, 0, 168, 1, 0, 18, 0, 0, 43, 1, 0, 248, 9, 32]
1552550562302;[171, 0, 17, 255, 161, 76, 221, 0, 168, 1, 0, 23, 0, 0, 41, 1, 0, 245, 9, 20]
1552550562303;[171, 0, 17, 255, 161, 76, 221, 0, 168, 1, 0, 19, 0, 0, 42, 1, 0, 248, 9, 14]
1552550562303;[171, 0, 17, 255, 161, 76, 221, 0, 168, 1, 0, 18, 0, 0, 42, 1, 0, 245, 8, 247]
1552550562319;[171, 0, 17, 255, 161, 76, 221, 0, 168, 1, 0, 19, 0, 0, 41, 1, 0, 249, 8, 214]
1552550562653;[171, 0, 4, 255, 132, 128, 63]
1552550562655;[171, 0, 17, 255, 161, 76, 221, 0, 169, 1, 0, 21, 0, 0, 42, 1, 0, 248, 8, 187]
1552550562655;[171, 0, 17, 255, 161, 76, 221, 0, 169, 1, 0, 21, 0, 0, 43, 1, 0, 249, 8, 222]
1552550562821;[171, 0, 17, 255, 161, 76, 221, 0, 169, 1, 0, 19, 0, 0, 42, 1, 0, 249, 9, 8]
1552550562821;[171, 0, 17, 255, 161, 76, 221, 0, 169, 1, 0, 21, 0, 0, 44, 1, 0, 248, 9, 45]
1552550563005;[171, 0, 17, 255, 161, 76, 221, 0, 169, 1, 0, 18, 0, 0, 42, 1, 0, 246, 9, 57]
1552550563171;[171, 0, 17, 255, 161, 76, 221, 0, 169, 1, 0, 22, 0, 0, 42, 1, 0, 248, 9, 58]
1552550563172;[171, 0, 17, 255, 161, 76, 221, 0, 169, 1, 0, 21, 0, 0, 42, 1, 0, 248, 9, 55]
1552550563338;[171, 0, 17, 255, 161, 76, 221, 0, 169, 1, 0, 19, 0, 0, 40, 1, 0, 246, 9, 40]
1552550563339;[171, 0, 17, 255, 161, 76, 221, 0, 169, 1, 0, 22, 0, 0, 41, 1, 0, 248, 9, 8]
1552550563690;[171, 0, 17, 255, 161, 76, 221, 0, 172, 1, 0, 19, 0, 0, 40, 1, 0, 249, 9, 139]
1552550563856;[171, 0, 17, 255, 161, 76, 221, 0, 172, 1, 0, 18, 0, 0, 42, 1, 0, 247, 9, 162]
1552550563857;[171, 0, 17, 255, 161, 76, 221, 0, 172, 1, 0, 18, 0, 0, 42, 1, 0, 246, 9, 176]
1552550564040;[171, 0, 17, 255, 161, 76, 221, 0, 172, 1, 0, 21, 0, 0, 42, 1, 0, 249, 9, 177]
1552550564041;[171, 0, 17, 255, 161, 76, 221, 0, 172, 1, 0, 18, 0, 0, 43, 1, 0, 249, 9, 163]
1552550564375;[171, 0, 17, 255, 161, 76, 221, 0, 172, 1, 0, 19, 0, 0, 42, 1, 0, 248, 9, 139]
1552550564375;[171, 0, 17, 255, 161, 76, 221, 0, 172, 1, 0, 18, 0, 0, 41, 1, 0, 249, 9, 107]
1552550564376;[171, 0, 17, 255, 161, 76, 221, 0, 172, 1, 0, 18, 0, 0, 41, 1, 0, 246, 9, 68]
1552550564541;[171, 0, 17, 255, 161, 76, 221, 0, 172, 1, 0, 17, 0, 0, 43, 1, 0, 248, 9, 53]
1552550564558;[171, 0, 17, 255, 161, 76, 221, 0, 172, 1, 0, 21, 0, 0, 41, 1, 0, 249, 9, 94]
1552550564725;[171, 0, 4, 255, 132, 128, 62]
1552550564727;[171, 0, 17, 255, 161, 76, 221, 0, 173, 1, 0, 18, 0, 0, 43, 1, 0, 249, 9, 121]
1552550564893;[171, 0, 17, 255, 161, 76, 221, 0, 173, 1, 0, 18, 0, 0, 44, 1, 0, 248, 9, 148]
1552550565059;[171, 0, 17, 255, 161, 76, 221, 0, 173, 1, 0, 21, 0, 0, 42, 1, 0, 246, 9, 156]
1552550565076;[171, 0, 17, 255, 161, 76, 221, 0, 173, 1, 0, 22, 0, 0, 41, 1, 0, 249, 9, 150]
1552550565243;[171, 0, 17, 255, 161, 76, 221, 0, 173, 1, 0, 20, 0, 0, 43, 1, 0, 249, 9, 135]
1552550565244;[171, 0, 17, 255, 161, 76, 221, 0, 173, 1, 0, 21, 0, 0, 41, 1, 0, 245, 9, 109]
1552550565411;[171, 0, 17, 255, 161, 76, 221, 0, 173, 1, 0, 17, 0, 0, 42, 1, 0, 246, 9, 80]
1552550565412;[171, 0, 17, 255, 161, 76, 221, 0, 173, 1, 0, 18, 0, 0, 42, 1, 0, 249, 9, 39]
1552550565578;[171, 0, 17, 255, 161, 76, 221, 0, 173, 1, 0, 18, 0, 0, 46, 1, 0, 249, 9, 43]
1552550565761;[171, 0, 17, 255, 161, 76, 221, 0, 173, 1, 0, 18, 0, 0, 42, 1, 0, 249, 9, 82]
1552550565762;[171, 0, 4, 255, 132, 128, 62]
1552550565929;[171, 0, 17, 255, 161, 76, 221, 0, 174, 1, 0, 18, 0, 0, 41, 1, 0, 248, 9, 101]
1552550565929;[171, 0, 17, 255, 161, 76, 221, 0, 174, 1, 0, 19, 0, 0, 46, 1, 0, 249, 9, 112]
1552550566096;[171, 0, 17, 255, 161, 76, 221, 0, 174, 1, 0, 18, 0, 0, 41, 1, 0, 249, 9, 114]
1552550566096;[171, 0, 17, 255, 161, 76, 221, 0, 174, 1, 0, 21, 0, 0, 42, 1, 0, 248, 9, 92]
1552550566280;[171, 0, 17, 255, 161, 76, 221, 0, 174, 1, 0, 18, 0, 0, 42, 1, 0, 249, 9, 62]
1552550566447;[171, 0, 17, 255, 161, 76, 221, 0, 174, 1, 0, 18, 0, 0, 41, 1, 0, 249, 9, 23]
1552550566447;[171, 0, 17, 255, 161, 76, 221, 0, 174, 1, 0, 18, 0, 0, 41, 1, 0, 245, 8, 249]
1552550566614;[171, 0, 17, 255, 161, 76, 221, 0, 174, 1, 0, 21, 0, 0, 42, 1, 0, 249, 8, 203]
1552550566614;[171, 0, 17, 255, 161, 76, 221, 0, 174, 1, 0, 18, 0, 0, 40, 1, 0, 249, 8, 216]
1552550566798;[171, 0, 17, 255, 161, 76, 221, 0, 174, 1, 0, 18, 0, 0, 42, 1, 0, 249, 8, 242]
1552550566963;[171, 0, 4, 255, 132, 128, 62]
1552550566964;[171, 0, 17, 255, 161, 76, 221, 0, 175, 1, 0, 21, 0, 0, 43, 1, 0, 248, 9, 7]
1552550567130;[171, 0, 17, 255, 161, 76, 221, 0, 175, 1, 0, 23, 0, 0, 42, 1, 0, 249, 9, 18]
1552550567131;[171, 0, 17, 255, 161, 76, 221, 0, 175, 1, 0, 19, 0, 0, 46, 1, 0, 250, 9, 15]
1552550567431;[171, 0, 17, 255, 161, 76, 221, 0, 175, 1, 0, 20, 0, 0, 41, 1, 0, 246, 8, 251]
1552550567432;[171, 0, 17, 255, 161, 76, 221, 0, 175, 1, 0, 23, 0, 0, 41, 1, 0, 245, 8, 221]
1552550567481;[171, 0, 17, 255, 161, 76, 221, 0, 175, 1, 0, 18, 0, 0, 40, 1, 0, 250, 8, 180]
1552550567648;[171, 0, 17, 255, 161, 76, 221, 0, 175, 1, 0, 21, 0, 0, 43, 1, 0, 249, 8, 152]
1552550567649;[171, 0, 17, 255, 161, 76, 221, 0, 175, 1, 0, 18, 0, 0, 43, 1, 0, 249, 8, 131]
1552550567832;[171, 0, 17, 255, 161, 76, 221, 0, 175, 1, 0, 19, 0, 0, 44, 1, 0, 249, 8, 160]
1552550567833;[171, 0, 17, 255, 161, 76, 221, 0, 175, 1, 0, 18, 0, 0, 42, 1, 0, 245, 8, 185]
1552550568167;[171, 0, 4, 255, 132, 128, 62]
1552550568168;[171, 0, 17, 255, 161, 76, 221, 0, 176, 1, 0, 18, 0, 0, 44, 1, 0, 246, 8, 183]
1552550568169;[171, 0, 17, 255, 161, 76, 221, 0, 176, 1, 0, 20, 0, 0, 42, 1, 0, 246, 8, 188]
1552550568351;[171, 0, 17, 255, 161, 76, 221, 0, 176, 1, 0, 18, 0, 0, 42, 1, 0, 249, 8, 176]
1552550568351;[171, 0, 17, 255, 161, 76, 221, 0, 176, 1, 0, 19, 0, 0, 43, 1, 0, 250, 8, 145]
1552550568518;[171, 0, 17, 255, 161, 76, 221, 0, 176, 1, 0, 18, 0, 0, 46, 1, 0, 248, 8, 108]
1552550568519;[171, 0, 17, 255, 161, 76, 221, 0, 176, 1, 0, 23, 0, 0, 44, 1, 0, 246, 8, 79]
1552550568685;[171, 0, 17, 255, 161, 76, 221, 0, 176, 1, 0, 20, 0, 0, 44, 1, 0, 243, 8, 67]
1552550568869;[171, 0, 17, 255, 161, 76, 221, 0, 176, 1, 0, 22, 0, 0, 41, 1, 0, 249, 8, 95]
1552550568869;[171, 0, 17, 255, 161, 76, 221, 0, 176, 1, 0, 21, 0, 0, 45, 1, 0, 246, 8, 119]
1552550569036;[171, 0, 17, 255, 161, 76, 221, 0, 176, 1, 0, 18, 0, 0, 42, 1, 0, 249, 8, 130]
1552550569036;[171, 0, 4, 255, 132, 128, 62]
1552550569203;[171, 0, 17, 255, 161, 76, 221, 0, 177, 1, 0, 24, 0, 0, 41, 1, 0, 249, 8, 123]
1552550569203;[171, 0, 17, 255, 161, 76, 221, 0, 177, 1, 0, 19, 0, 0, 42, 1, 0, 249, 8, 99]
1552550569387;[171, 0, 17, 255, 161, 76, 221, 0, 177, 1, 0, 19, 0, 0, 42, 1, 0, 245, 8, 67]
1552550569554;[171, 0, 17, 255, 161, 76, 221, 0, 177, 1, 0, 15, 0, 0, 41, 1, 0, 250, 8, 36]
1552550569556;[171, 0, 17, 255, 161, 76, 221, 0, 177, 1, 0, 24, 0, 0, 42, 1, 0, 247, 7, 250]
1552550569721;[171, 0, 17, 255, 161, 76, 221, 0, 177, 1, 0, 19, 0, 0, 42, 1, 0, 246, 7, 205]
1552550569721;[171, 0, 17, 255, 161, 76, 221, 0, 177, 1, 0, 22, 0, 0, 43, 1, 0, 248, 7, 214]
1552550569905;[171, 0, 17, 255, 161, 76, 221, 0, 177, 1, 0, 21, 0, 0, 42, 1, 0, 246, 7, 238]
1552550570072;[171, 0, 17, 255, 161, 76, 221, 0, 177, 1, 0, 19, 0, 0, 43, 1, 0, 248, 8, 1]
1552550570073;[171, 0, 17, 255, 161, 76, 221, 0, 177, 1, 0, 21, 0, 0, 43, 1, 0, 249, 7, 247]
1552550570238;[171, 0, 4, 255, 132, 128, 62]
1552550570240;[171, 0, 17, 255, 161, 76, 221, 0, 178, 1, 0, 21, 0, 0, 41, 1, 0, 246, 7, 240]
1552550570405;[171, 0, 17, 255, 161, 76, 221, 0, 178, 1, 0, 19, 0, 0, 42, 1, 0, 249, 7, 211]
1552550570422;[171, 0, 17, 255, 161, 76, 221, 0, 178, 1, 0, 24, 0, 0, 42, 1, 0, 249, 7, 184]
1552550570589;[171, 0, 17, 255, 161, 76, 221, 0, 178, 1, 0, 19, 0, 0, 42, 1, 0, 248, 7, 156]
1552550570757;[171, 0, 17, 255, 161, 76, 221, 0, 178, 1, 0, 18, 0, 0, 42, 1, 0, 249, 7, 156]
1552550570758;[171, 0, 17, 255, 161, 76, 221, 0, 178, 1, 0, 24, 0, 0, 44, 1, 0, 249, 7, 173]
1552550570941;[171, 0, 17, 255, 161, 76, 221, 0, 178, 1, 0, 20, 0, 0, 42, 1, 0, 243, 7, 194]
1552550570941;[171, 0, 17, 255, 161, 76, 221, 0, 178, 1, 0, 20, 0, 0, 43, 1, 0, 250, 7, 199]
1552550571108;[171, 0, 17, 255, 161, 76, 221, 0, 178, 1, 0, 21, 0, 0, 41, 1, 0, 246, 7, 203]
1552550571109;[171, 0, 17, 255, 161, 76, 221, 0, 178, 1, 0, 19, 0, 0, 43, 1, 0, 249, 7, 201]
1552550571275;[171, 0, 4, 255, 132, 128, 62]
1552550571442;[171, 0, 17, 255, 161, 76, 221, 0, 179, 1, 0, 23, 0, 0, 44, 1, 0, 249, 7, 173]
1552550571459;[171, 0, 17, 255, 161, 76, 221, 0, 179, 1, 0, 19, 0, 0, 41, 1, 0, 250, 7, 144]
1552550571793;[171, 0, 17, 255, 161, 76, 221, 0, 179, 1, 0, 19, 0, 0, 41, 1, 0, 249, 7, 112]
1552550571960;[171, 0, 17, 255, 161, 76, 221, 0, 179, 1, 0, 18, 0, 0, 41, 1, 0, 249, 7, 77]
1552550571977;[171, 0, 17, 255, 161, 76, 221, 0, 179, 1, 0, 18, 0, 0, 41, 1, 0, 245, 7, 79]
1552550571977;[171, 0, 17, 255, 161, 76, 221, 0, 179, 1, 0, 21, 0, 0, 41, 1, 0, 248, 7, 110]
1552550571978;[171, 0, 17, 255, 161, 76, 221, 0, 179, 1, 0, 24, 0, 0, 41, 1, 0, 245, 7, 125]
1552550572144;[171, 0, 17, 255, 161, 76, 221, 0, 179, 1, 0, 18, 0, 0, 43, 1, 0, 248, 7, 128]
1552550572144;[171, 0, 17, 255, 161, 76, 221, 0, 179, 1, 0, 19, 0, 0, 42, 1, 0, 248, 7, 125]
1552550572311;[171, 0, 17, 255, 161, 76, 221, 0, 179, 1, 0, 22, 0, 0, 42, 1, 0, 249, 7, 109]
1552550572312;[171, 0, 4, 255, 132, 128, 62]
1552550572478;[171, 0, 17, 255, 161, 76, 221, 0, 180, 1, 0, 21, 0, 0, 41, 1, 0, 249, 7, 79]
1552550572662;[171, 0, 17, 255, 161, 76, 221, 0, 180, 1, 0, 18, 0, 0, 42, 1, 0, 249, 7, 52]
1552550572663;[171, 0, 17, 255, 161, 76, 221, 0, 180, 1, 0, 18, 0, 0, 42, 1, 0, 249, 7, 6]
1552550572829;[171, 0, 17, 255, 161, 76, 221, 0, 180, 1, 0, 18, 0, 0, 42, 1, 0, 249, 6, 241]
1552550572829;[171, 0, 17, 255, 161, 76, 221, 0, 180, 1, 0, 22, 0, 0, 44, 1, 0, 246, 7, 8]
1552550572996;[171, 0, 17, 255, 161, 76, 221, 0, 180, 1, 0, 18, 0, 0, 42, 1, 0, 249, 7, 42]
1552550572996;[171, 0, 17, 255, 161, 76, 221, 0, 180, 1, 0, 19, 0, 0, 41, 1, 0, 246, 7, 52]
1552550573180;[171, 0, 17, 255, 161, 76, 221, 0, 180, 1, 0, 22, 0, 0, 41, 1, 0, 243, 7, 55]
1552550573347;[171, 0, 17, 255, 161, 76, 221, 0, 180, 1, 0, 18, 0, 0, 42, 1, 0, 249, 7, 58]
1552550573348;[171, 0, 17, 255, 161, 76, 221, 0, 180, 1, 0, 19, 0, 0, 38, 1, 0, 250, 7, 39]
1552550573514;[171, 0, 4, 255, 132, 128, 63]
1552550573515;[171, 0, 17, 255, 161, 76, 221, 0, 181, 1, 0, 17, 0, 0, 42, 1, 0, 249, 7, 29]
1552550573698;[171, 0, 17, 255, 161, 76, 221, 0, 181, 1, 0, 20, 0, 0, 41, 1, 0, 249, 6, 253]
1552550573865;[171, 0, 17, 255, 161, 76, 221, 0, 181, 1, 0, 19, 0, 0, 41, 1, 0, 246, 6, 225]
