1552553140480;[171, 0, 17, 255, 161, 76, 221, 11, 104, 0, 0, 11, 1, 0, 8, 1, 0, 254, 9, 221]
1552553140499;[171, 0, 17, 255, 161, 76, 221, 11, 104, 0, 0, 5, 1, 0, 8, 1, 0, 249, 10, 25]
1552553140647;[171, 0, 17, 255, 161, 76, 221, 11, 104, 0, 0, 10, 1, 0, 11, 1, 0, 250, 10, 73]
1552553140664;[171, 0, 17, 255, 161, 76, 221, 11, 104, 0, 0, 7, 1, 0, 11, 1, 0, 249, 10, 113]
1552553140831;[171, 0, 17, 255, 161, 76, 221, 11, 104, 0, 0, 9, 1, 0, 7, 1, 0, 250, 10, 165]
1552553140831;[171, 0, 17, 255, 161, 76, 221, 11, 104, 0, 0, 5, 1, 0, 9, 1, 0, 254, 11, 18]
1552553141166;[171, 0, 4, 255, 132, 128, 63]
1552553141349;[171, 0, 17, 255, 161, 76, 221, 11, 104, 0, 0, 7, 1, 0, 8, 1, 0, 248, 11, 94]
1552553141349;[171, 0, 17, 255, 161, 76, 221, 11, 104, 0, 0, 10, 1, 0, 6, 1, 0, 248, 11, 165]
1552553141350;[171, 0, 17, 255, 161, 76, 221, 11, 105, 0, 0, 9, 1, 0, 11, 1, 0, 249, 11, 217]
1552553141350;[171, 0, 17, 255, 161, 76, 221, 11, 105, 0, 0, 7, 1, 0, 9, 1, 0, 249, 11, 239]
1552553141516;[171, 0, 17, 255, 161, 76, 221, 11, 105, 0, 0, 3, 1, 0, 8, 1, 0, 249, 12, 12]
1552553141517;[171, 0, 17, 255, 161, 76, 221, 11, 105, 0, 0, 5, 1, 0, 8, 1, 0, 250, 12, 29]
1552553141683;[171, 0, 17, 255, 161, 76, 221, 11, 105, 0, 0, 10, 1, 0, 7, 1, 0, 249, 12, 75]
1552553141866;[171, 0, 17, 255, 161, 76, 221, 11, 105, 0, 0, 3, 1, 0, 8, 1, 0, 246, 12, 166]
1552553141867;[171, 0, 17, 255, 161, 76, 221, 11, 105, 0, 0, 10, 1, 0, 11, 1, 0, 250, 12, 241]
1552553142034;[171, 0, 17, 255, 161, 76, 221, 11, 105, 0, 0, 11, 1, 0, 8, 1, 0, 249, 13, 29]
1552553142035;[171, 0, 4, 255, 132, 128, 62]
1552553142384;[171, 0, 17, 255, 161, 76, 221, 11, 105, 0, 0, 7, 1, 0, 8, 1, 0, 250, 13, 70]
1552553142386;[171, 0, 17, 255, 161, 76, 221, 11, 105, 0, 0, 5, 1, 0, 10, 1, 0, 249, 13, 70]
1552553142386;[171, 0, 17, 255, 161, 76, 221, 11, 106, 0, 0, 7, 1, 0, 6, 1, 0, 250, 13, 76]
1552553142553;[171, 0, 17, 255, 161, 76, 221, 11, 106, 0, 0, 9, 1, 0, 5, 1, 0, 254, 13, 78]
1552553142554;[171, 0, 17, 255, 161, 76, 221, 11, 106, 0, 0, 5, 1, 0, 8, 1, 0, 249, 13, 76]
1552553142902;[171, 0, 17, 255, 161, 76, 221, 11, 106, 0, 0, 10, 1, 0, 7, 1, 0, 249, 13, 156]
1552553142902;[171, 0, 17, 255, 161, 76, 221, 11, 106, 0, 0, 9, 1, 0, 10, 1, 0, 255, 13, 217]
1552553142903;[171, 0, 17, 255, 161, 76, 221, 11, 106, 1, 0, 4, 1, 0, 11, 1, 0, 254, 13, 161]
1552553143068;[171, 0, 17, 255, 161, 76, 221, 11, 106, 0, 0, 36, 1, 0, 3, 1, 1, 35, 12, 250]
1552553143069;[171, 0, 17, 255, 161, 76, 221, 11, 106, 0, 0, 30, 0, 0, 8, 1, 1, 15, 12, 103]
1552553145144;[171, 0, 4, 255, 132, 128, 62]
1552553145148;[171, 0, 17, 255, 161, 76, 221, 11, 106, 0, 0, 3, 0, 0, 40, 1, 0, 208, 12, 83]
1552553145149;[171, 0, 17, 255, 161, 76, 221, 11, 106, 0, 0, 16, 0, 0, 70, 1, 0, 224, 12, 10]
1552553145150;[171, 0, 17, 255, 161, 76, 221, 11, 107, 1, 0, 8, 0, 0, 75, 1, 0, 201, 11, 35]
1552553145151;[171, 0, 17, 255, 161, 76, 221, 11, 107, 0, 0, 54, 0, 0, 89, 1, 1, 22, 10, 162]
1552553145152;[171, 0, 17, 255, 161, 76, 221, 11, 107, 0, 0, 78, 0, 0, 128, 1, 0, 180, 10, 107]
1552553145153;[171, 0, 17, 255, 161, 76, 221, 11, 107, 1, 0, 32, 0, 0, 128, 1, 0, 234, 10, 118]
1552553145154;[171, 0, 17, 255, 161, 76, 221, 11, 107, 1, 0, 54, 0, 0, 122, 1, 0, 203, 10, 127]
1552553145155;[171, 0, 17, 255, 161, 76, 221, 11, 107, 1, 0, 1, 0, 0, 130, 1, 0, 208, 10, 91]
1552553145156;[171, 0, 17, 255, 161, 76, 221, 11, 107, 1, 0, 92, 0, 0, 112, 1, 0, 219, 9, 244]
1552553145156;[171, 0, 17, 255, 161, 76, 221, 11, 107, 1, 0, 39, 0, 0, 120, 1, 0, 200, 9, 61]
1552553145157;[171, 0, 4, 255, 132, 128, 62]
1552553145159;[171, 0, 17, 255, 161, 76, 221, 11, 107, 1, 0, 57, 0, 0, 104, 1, 0, 229, 8, 134]
1552553145160;[171, 0, 17, 255, 161, 76, 221, 11, 107, 1, 0, 41, 0, 0, 120, 1, 0, 206, 7, 134]
1552553145160;[171, 0, 17, 255, 161, 76, 221, 11, 108, 1, 0, 48, 0, 0, 122, 1, 0, 228, 6, 47]
1552553145161;[171, 0, 17, 255, 161, 76, 221, 11, 108, 1, 0, 67, 0, 0, 120, 1, 0, 254, 5, 8]
1552553145161;[171, 0, 17, 255, 161, 76, 221, 11, 108, 1, 0, 12, 0, 0, 91, 1, 0, 224, 5, 8]
1552553145182;[171, 0, 17, 255, 161, 76, 221, 11, 108, 1, 0, 123, 0, 0, 115, 1, 0, 245, 5, 8]
1552553145182;[171, 0, 17, 255, 161, 76, 221, 11, 108, 1, 0, 142, 0, 0, 121, 1, 0, 200, 4, 231]
1552553145183;[171, 0, 17, 255, 161, 76, 221, 11, 108, 1, 0, 162, 0, 0, 83, 1, 0, 137, 4, 192]
1552553145183;[171, 0, 17, 255, 161, 76, 221, 11, 108, 1, 0, 231, 0, 0, 42, 1, 0, 163, 4, 167]
1552553145309;[171, 0, 17, 255, 161, 76, 221, 11, 108, 1, 0, 131, 0, 0, 144, 1, 0, 207, 4, 189]
1552553145493;[171, 0, 4, 255, 132, 128, 64]
1552553145495;[171, 0, 17, 255, 161, 76, 221, 11, 108, 1, 0, 143, 0, 0, 102, 1, 0, 193, 4, 181]
1552553145660;[171, 0, 17, 255, 161, 76, 221, 11, 108, 1, 0, 94, 0, 0, 123, 1, 0, 192, 4, 168]
1552553145661;[171, 0, 17, 255, 161, 76, 221, 11, 109, 1, 0, 48, 0, 0, 111, 1, 0, 214, 4, 135]
1552553145827;[171, 0, 17, 255, 161, 76, 221, 11, 109, 1, 0, 109, 0, 0, 145, 1, 0, 210, 4, 116]
1552553145828;[171, 0, 17, 255, 161, 76, 221, 11, 109, 1, 0, 71, 0, 0, 136, 1, 0, 207, 4, 75]
1552553146010;[171, 0, 17, 255, 161, 76, 221, 11, 109, 1, 0, 64, 0, 0, 157, 1, 0, 208, 4, 113]
1552553146177;[171, 0, 17, 255, 161, 76, 221, 11, 109, 1, 0, 85, 0, 0, 130, 1, 0, 163, 4, 173]
1552553146178;[171, 0, 17, 255, 161, 76, 221, 11, 109, 1, 0, 101, 0, 0, 134, 1, 0, 179, 4, 219]
1552553146345;[171, 0, 17, 255, 161, 76, 221, 11, 109, 1, 0, 138, 0, 0, 92, 1, 0, 209, 4, 216]
1552553146346;[171, 0, 17, 255, 161, 76, 221, 11, 109, 1, 0, 154, 0, 0, 133, 1, 0, 215, 4, 255]
1552553146528;[171, 0, 4, 255, 132, 128, 64]
1552553146530;[171, 0, 17, 255, 161, 76, 221, 11, 109, 1, 0, 83, 0, 0, 125, 1, 0, 211, 5, 22]
1552553146696;[171, 0, 17, 255, 161, 76, 221, 11, 109, 1, 0, 59, 0, 0, 153, 1, 0, 187, 5, 79]
1552553146862;[171, 0, 17, 255, 161, 76, 221, 11, 110, 0, 0, 24, 0, 0, 152, 1, 0, 180, 5, 147]
1552553146863;[171, 0, 17, 255, 161, 76, 221, 11, 110, 0, 0, 209, 0, 0, 112, 1, 0, 80, 6, 168]
1552553147029;[171, 0, 17, 255, 161, 76, 221, 11, 110, 0, 0, 185, 0, 0, 135, 1, 0, 73, 7, 115]
1552553147045;[171, 0, 17, 255, 161, 76, 221, 11, 110, 0, 0, 165, 0, 0, 155, 1, 0, 46, 8, 49]
1552553147381;[171, 0, 17, 255, 161, 76, 221, 11, 110, 0, 0, 202, 0, 0, 162, 1, 0, 3, 8, 201]
1552553147382;[171, 0, 17, 255, 161, 76, 221, 11, 110, 0, 0, 237, 0, 0, 135, 0, 0, 9, 9, 44]
1552553147397;[171, 0, 17, 255, 161, 76, 221, 11, 110, 0, 0, 158, 0, 0, 125, 1, 0, 51, 9, 147]
1552553147565;[171, 0, 17, 255, 161, 76, 221, 11, 110, 0, 0, 158, 0, 0, 162, 1, 0, 35, 9, 213]
1552553147566;[171, 0, 4, 255, 132, 128, 64]
1552553147731;[171, 0, 17, 255, 161, 76, 221, 11, 110, 0, 0, 153, 0, 0, 164, 1, 0, 44, 10, 68]
1552553147732;[171, 0, 17, 255, 161, 76, 221, 11, 110, 0, 0, 242, 0, 0, 121, 0, 0, 93, 11, 10]
1552553147898;[171, 0, 17, 255, 161, 76, 221, 11, 111, 0, 0, 164, 0, 0, 125, 0, 0, 109, 11, 191]
1552553148082;[171, 0, 17, 255, 161, 76, 221, 11, 111, 0, 0, 190, 0, 0, 108, 0, 0, 52, 12, 84]
1552553148083;[171, 0, 17, 255, 161, 76, 221, 11, 111, 0, 0, 222, 0, 0, 149, 0, 0, 67, 12, 209]
1552553148250;[171, 0, 17, 255, 161, 76, 221, 11, 111, 0, 0, 157, 0, 0, 101, 0, 0, 45, 12, 243]
1552553148270;[171, 0, 17, 255, 161, 76, 221, 11, 111, 0, 0, 173, 0, 0, 141, 0, 0, 57, 13, 4]
1552553148417;[171, 0, 17, 255, 161, 76, 221, 11, 111, 0, 0, 209, 0, 0, 144, 0, 0, 59, 13, 4]
1552553148418;[171, 0, 17, 255, 161, 76, 221, 11, 111, 0, 0, 211, 0, 0, 130, 0, 0, 66, 13, 34]
1552553148582;[171, 0, 17, 255, 161, 76, 221, 11, 111, 0, 0, 204, 0, 0, 143, 0, 0, 49, 13, 57]
1552553148934;[171, 0, 4, 255, 132, 128, 63]
1552553148936;[171, 0, 17, 255, 161, 76, 221, 11, 111, 0, 0, 199, 0, 0, 110, 0, 0, 20, 13, 143]
1552553148937;[171, 0, 17, 255, 161, 76, 221, 11, 111, 0, 0, 202, 0, 0, 134, 0, 0, 82, 13, 186]
1552553148956;[171, 0, 17, 255, 161, 76, 221, 11, 112, 0, 0, 179, 0, 0, 108, 1, 0, 54, 13, 226]
1552553149101;[171, 0, 17, 255, 161, 76, 221, 11, 112, 0, 0, 186, 0, 0, 122, 1, 0, 112, 13, 232]
1552553149283;[171, 0, 17, 255, 161, 76, 221, 11, 112, 0, 0, 219, 0, 0, 120, 1, 0, 118, 13, 243]
1552553149284;[171, 0, 17, 255, 161, 76, 221, 11, 112, 0, 0, 175, 0, 0, 127, 1, 0, 102, 13, 179]
1552553149452;[171, 0, 17, 255, 161, 76, 221, 11, 112, 0, 0, 129, 0, 0, 125, 1, 0, 133, 13, 58]
1552553149454;[171, 0, 17, 255, 161, 76, 221, 11, 112, 0, 0, 91, 0, 0, 138, 1, 0, 177, 12, 36]
1552553149619;[171, 0, 17, 255, 161, 76, 221, 11, 112, 0, 0, 89, 0, 0, 145, 1, 0, 189, 10, 205]
1552553149636;[171, 0, 17, 255, 161, 76, 221, 11, 112, 0, 0, 69, 0, 0, 110, 1, 0, 219, 9, 155]
1552553149970;[171, 0, 4, 255, 132, 128, 63]
1552553149972;[171, 0, 17, 255, 161, 76, 221, 11, 112, 0, 0, 75, 0, 0, 116, 1, 0, 204, 9, 41]
1552553149973;[171, 0, 17, 255, 161, 76, 221, 11, 112, 0, 0, 70, 0, 0, 111, 1, 0, 183, 8, 224]
1552553150138;[171, 0, 17, 255, 161, 76, 221, 11, 113, 0, 0, 19, 0, 0, 121, 1, 0, 218, 8, 156]
1552553150154;[171, 0, 17, 255, 161, 76, 221, 11, 113, 0, 0, 28, 0, 0, 111, 1, 0, 219, 8, 132]
1552553150320;[171, 0, 17, 255, 161, 76, 221, 11, 113, 0, 0, 37, 0, 0, 114, 1, 0, 233, 8, 120]
1552553150489;[171, 0, 17, 255, 161, 76, 221, 11, 113, 0, 0, 19, 0, 0, 112, 1, 0, 240, 8, 74]
1552553150655;[171, 0, 17, 255, 161, 76, 221, 11, 113, 0, 0, 51, 0, 0, 124, 1, 0, 225, 7, 226]
1552553150672;[171, 0, 17, 255, 161, 76, 221, 11, 113, 0, 0, 58, 0, 0, 130, 1, 0, 198, 7, 112]
1552553150673;[171, 0, 17, 255, 161, 76, 221, 11, 113, 0, 0, 1, 0, 0, 130, 1, 0, 200, 6, 175]
1552553150838;[171, 0, 17, 255, 161, 76, 221, 11, 113, 0, 0, 7, 0, 0, 163, 1, 0, 217, 6, 69]
1552553150838;[171, 0, 4, 255, 132, 128, 63]
1552553151005;[171, 0, 17, 255, 161, 76, 221, 11, 113, 1, 0, 56, 0, 0, 130, 1, 0, 167, 5, 237]
1552553151173;[171, 0, 17, 255, 161, 76, 221, 11, 113, 1, 0, 67, 0, 0, 130, 1, 0, 203, 5, 143]
1552553151189;[171, 0, 17, 255, 161, 76, 221, 11, 114, 1, 0, 106, 0, 0, 157, 1, 0, 164, 5, 66]
1552553151359;[171, 0, 17, 255, 161, 76, 221, 11, 114, 1, 0, 98, 0, 0, 141, 1, 0, 214, 5, 1]
1552553151360;[171, 0, 17, 255, 161, 76, 221, 11, 114, 1, 0, 65, 0, 0, 148, 1, 0, 211, 4, 200]
1552553151523;[171, 0, 17, 255, 161, 76, 221, 11, 114, 1, 0, 58, 0, 0, 110, 1, 0, 180, 4, 145]
1552553151523;[171, 0, 17, 255, 161, 76, 221, 11, 114, 1, 0, 72, 0, 0, 101, 1, 0, 204, 4, 154]
1552553151691;[171, 0, 17, 255, 161, 76, 221, 11, 114, 1, 0, 91, 0, 0, 105, 1, 1, 25, 4, 58]
1552553151875;[171, 0, 17, 255, 161, 76, 221, 11, 114, 1, 0, 150, 0, 0, 121, 1, 0, 250, 3, 159]
1552553151876;[171, 0, 17, 255, 161, 76, 221, 11, 114, 0, 0, 7, 0, 0, 50, 1, 1, 22, 3, 70]
1552553152041;[171, 0, 4, 255, 132, 128, 63]
1552553152043;[171, 0, 17, 255, 161, 76, 221, 11, 114, 0, 0, 192, 0, 0, 36, 1, 0, 233, 4, 97]
1552553152209;[171, 0, 17, 255, 161, 76, 221, 11, 114, 0, 0, 96, 0, 0, 78, 1, 0, 167, 5, 37]
1552553152393;[171, 0, 17, 255, 161, 76, 221, 11, 115, 0, 0, 104, 0, 0, 50, 1, 0, 128, 5, 154]
1552553152394;[171, 0, 17, 255, 161, 76, 221, 11, 115, 0, 0, 215, 0, 0, 26, 1, 0, 85, 6, 48]
1552553152560;[171, 0, 17, 255, 161, 76, 221, 11, 115, 0, 0, 240, 0, 0, 59, 1, 0, 76, 6, 173]
1552553152727;[171, 0, 17, 255, 161, 76, 221, 11, 115, 0, 0, 223, 0, 0, 70, 1, 0, 114, 7, 34]
1552553152911;[171, 0, 17, 255, 161, 76, 221, 11, 115, 0, 0, 215, 0, 0, 62, 1, 0, 116, 7, 109]
1552553152912;[171, 0, 17, 255, 161, 76, 221, 11, 115, 0, 0, 169, 0, 0, 44, 1, 0, 132, 7, 166]
1552553152913;[171, 0, 17, 255, 161, 76, 221, 11, 115, 0, 0, 111, 0, 0, 55, 1, 0, 194, 7, 222]
1552553153078;[171, 0, 17, 255, 161, 76, 221, 11, 117, 1, 0, 1, 0, 0, 58, 1, 0, 220, 6, 168]
1552553153245;[171, 0, 17, 255, 161, 76, 221, 11, 117, 0, 0, 5, 0, 0, 76, 1, 0, 245, 6, 254]
1552553153429;[171, 0, 17, 255, 161, 76, 221, 11, 118, 1, 0, 41, 0, 0, 124, 1, 0, 254, 7, 67]
1552553153430;[171, 0, 17, 255, 161, 76, 221, 11, 118, 1, 0, 15, 0, 0, 138, 1, 0, 222, 7, 66]
1552553153597;[171, 0, 17, 255, 161, 76, 221, 11, 118, 0, 0, 23, 0, 0, 137, 1, 0, 205, 7, 215]
1552553153762;[171, 0, 17, 255, 161, 76, 221, 11, 118, 0, 0, 1, 0, 0, 120, 1, 0, 197, 8, 100]
1552553153763;[171, 0, 17, 255, 161, 76, 221, 11, 118, 0, 0, 18, 0, 0, 133, 1, 0, 214, 8, 236]
1552553154114;[171, 0, 17, 255, 161, 76, 221, 11, 118, 0, 0, 5, 0, 0, 125, 1, 0, 211, 9, 91]
1552553154115;[171, 0, 17, 255, 161, 76, 221, 11, 118, 1, 0, 6, 0, 0, 121, 1, 0, 214, 10, 17]
1552553154115;[171, 0, 17, 255, 161, 76, 221, 11, 118, 1, 0, 15, 0, 0, 126, 1, 0, 218, 10, 164]
1552553154448;[171, 0, 4, 255, 132, 128, 64]
1552553154470;[171, 0, 17, 255, 161, 76, 221, 11, 118, 1, 0, 20, 0, 0, 130, 1, 0, 252, 8, 217]
1552553154631;[171, 0, 17, 255, 161, 76, 221, 11, 118, 1, 0, 29, 0, 0, 106, 1, 1, 8, 6, 193]
1552553154632;[171, 0, 17, 255, 161, 76, 221, 11, 119, 0, 0, 16, 0, 0, 173, 1, 0, 201, 6, 36]
1552553154633;[171, 0, 17, 255, 161, 76, 221, 11, 119, 1, 0, 4, 0, 0, 103, 1, 0, 206, 5, 141]
1552553154634;[171, 0, 17, 255, 161, 76, 221, 11, 119, 0, 0, 17, 0, 0, 135, 1, 0, 181, 5, 118]
1552553154799;[171, 0, 17, 255, 161, 76, 221, 11, 119, 0, 0, 70, 0, 0, 126, 1, 0, 167, 5, 248]
1552553155150;[171, 0, 17, 255, 161, 76, 221, 11, 119, 0, 0, 192, 0, 0, 132, 1, 0, 167, 7, 44]
1552553155151;[171, 0, 17, 255, 161, 76, 221, 11, 119, 0, 0, 143, 0, 0, 136, 1, 0, 109, 8, 92]
1552553155152;[171, 0, 17, 255, 161, 76, 221, 11, 119, 0, 0, 190, 0, 0, 135, 0, 0, 98, 9, 120]
1552553155153;[171, 0, 17, 255, 161, 76, 221, 11, 119, 0, 0, 184, 0, 0, 133, 0, 0, 122, 10, 71]
1552553155316;[171, 0, 4, 255, 132, 128, 64]
1552553155318;[171, 0, 17, 255, 161, 76, 221, 11, 119, 0, 0, 158, 0, 0, 133, 0, 0, 174, 11, 18]
1552553155484;[171, 0, 17, 255, 161, 76, 221, 11, 119, 0, 0, 159, 0, 0, 92, 0, 0, 201, 11, 121]
1552553155667;[171, 0, 17, 255, 161, 76, 221, 11, 120, 0, 0, 107, 0, 0, 124, 0, 0, 192, 11, 211]
1552553155669;[171, 0, 17, 255, 161, 76, 221, 11, 120, 0, 0, 103, 0, 0, 102, 0, 0, 213, 12, 86]
1552553155835;[171, 0, 17, 255, 161, 76, 221, 11, 120, 0, 0, 122, 0, 0, 81, 0, 0, 178, 12, 59]
1552553155836;[171, 0, 17, 255, 161, 76, 221, 11, 120, 0, 0, 96, 0, 0, 110, 0, 0, 179, 12, 91]
1552553156002;[171, 0, 17, 255, 161, 76, 221, 11, 120, 0, 0, 96, 0, 0, 140, 0, 0, 176, 12, 219]
1552553156185;[171, 0, 17, 255, 161, 76, 221, 11, 120, 0, 0, 123, 0, 0, 85, 0, 0, 180, 13, 52]
1552553156201;[171, 0, 17, 255, 161, 76, 221, 11, 120, 0, 0, 106, 0, 0, 105, 0, 0, 221, 13, 147]
1552553156353;[171, 0, 17, 255, 161, 76, 221, 11, 120, 0, 0, 134, 0, 0, 132, 0, 0, 174, 13, 199]
1552553156354;[171, 0, 4, 255, 132, 128, 64]
1552553156703;[171, 0, 17, 255, 161, 76, 221, 11, 120, 0, 0, 150, 0, 0, 111, 0, 0, 192, 13, 240]
1552553156704;[171, 0, 17, 255, 161, 76, 221, 11, 120, 0, 0, 185, 0, 0, 67, 0, 0, 90, 14, 26]
1552553156705;[171, 0, 17, 255, 161, 76, 221, 11, 121, 0, 0, 72, 0, 0, 229, 0, 0, 225, 14, 36]
1552553156871;[171, 0, 17, 255, 161, 76, 221, 11, 121, 0, 0, 112, 0, 0, 146, 0, 0, 128, 14, 81]
1552553156872;[171, 0, 17, 255, 161, 76, 221, 11, 121, 0, 0, 96, 0, 0, 155, 0, 0, 148, 14, 204]
1552553157038;[171, 0, 17, 255, 161, 76, 221, 11, 121, 0, 0, 112, 0, 0, 146, 0, 0, 166, 14, 204]
1552553157221;[171, 0, 17, 255, 161, 76, 221, 11, 121, 0, 0, 223, 0, 0, 164, 0, 0, 174, 31, 112]
1552553157223;[171, 0, 17, 255, 161, 76, 221, 11, 121, 0, 1, 3, 0, 0, 135, 0, 0, 151, 8, 147]
1552553157389;[171, 0, 17, 255, 161, 76, 221, 11, 121, 0, 0, 154, 0, 0, 153, 0, 0, 85, 9, 60]
1552553157557;[171, 0, 17, 255, 161, 76, 221, 11, 121, 0, 0, 170, 0, 0, 185, 1, 0, 43, 7, 72]
1552553157558;[171, 0, 4, 255, 132, 128, 64]
1552553157579;[171, 0, 17, 255, 161, 76, 221, 11, 121, 1, 0, 43, 0, 0, 135, 1, 0, 164, 2, 158]
1552553157740;[171, 0, 17, 255, 161, 76, 221, 11, 121, 0, 0, 7, 0, 0, 159, 1, 0, 211, 1, 62]
1552553157741;[171, 0, 17, 255, 161, 76, 221, 11, 122, 0, 0, 53, 0, 0, 205, 1, 0, 189, 16, 192]
1552553157907;[171, 0, 17, 255, 161, 76, 221, 11, 122, 0, 0, 17, 0, 0, 153, 1, 0, 162, 7, 249]
1552553158075;[171, 0, 17, 255, 161, 76, 221, 11, 122, 1, 0, 1, 0, 0, 187, 1, 0, 187, 7, 156]
1552553158075;[171, 0, 17, 255, 161, 76, 221, 11, 122, 1, 0, 6, 0, 0, 176, 1, 0, 200, 6, 165]
1552553158257;[171, 0, 17, 255, 161, 76, 221, 11, 122, 1, 0, 69, 0, 0, 110, 1, 0, 158, 5, 229]
1552553158258;[171, 0, 17, 255, 161, 76, 221, 11, 122, 1, 0, 32, 0, 0, 157, 1, 0, 154, 5, 109]
1552553158425;[171, 0, 17, 255, 161, 76, 221, 11, 122, 0, 0, 35, 0, 0, 202, 1, 0, 217, 5, 44]
1552553158426;[171, 0, 17, 255, 161, 76, 221, 11, 122, 0, 0, 7, 0, 0, 100, 1, 0, 111, 4, 201]
1552553158592;[171, 0, 4, 255, 132, 128, 65]
1552553158776;[171, 0, 17, 255, 161, 76, 221, 11, 122, 0, 0, 7, 0, 0, 206, 1, 0, 233, 4, 169]
1552553158778;[171, 0, 17, 255, 161, 76, 221, 11, 122, 1, 0, 12, 0, 0, 130, 1, 0, 147, 4, 169]
1552553158942;[171, 0, 17, 255, 161, 76, 221, 11, 123, 0, 0, 93, 0, 0, 213, 1, 1, 7, 4, 98]
1552553158943;[171, 0, 17, 255, 161, 76, 221, 11, 123, 0, 0, 79, 0, 0, 114, 1, 0, 229, 4, 95]
1552553159109;[171, 0, 17, 255, 161, 76, 221, 11, 123, 0, 0, 101, 0, 0, 137, 1, 0, 182, 4, 69]
1552553159293;[171, 0, 17, 255, 161, 76, 221, 11, 123, 0, 0, 91, 0, 0, 118, 1, 0, 198, 4, 93]
1552553159461;[171, 0, 17, 255, 161, 76, 221, 11, 123, 0, 0, 70, 0, 0, 136, 1, 0, 144, 1, 167]
1552553159462;[171, 0, 17, 255, 161, 76, 221, 11, 123, 0, 0, 53, 0, 0, 157, 1, 0, 202, 16, 193]
1552553159463;[171, 0, 17, 255, 161, 76, 221, 11, 123, 0, 0, 73, 0, 0, 134, 1, 0, 202, 7, 141]
1552553159628;[171, 0, 17, 255, 161, 76, 221, 11, 123, 0, 0, 66, 0, 0, 109, 1, 0, 177, 6, 238]
1552553159629;[171, 0, 4, 255, 132, 128, 65]
1552553159811;[171, 0, 17, 255, 161, 76, 221, 11, 123, 0, 0, 93, 0, 0, 217, 1, 0, 198, 6, 252]
1552553159978;[171, 0, 17, 255, 161, 76, 221, 11, 123, 0, 0, 142, 0, 0, 234, 1, 0, 234, 8, 50]
1552553159979;[171, 0, 17, 255, 161, 76, 221, 11, 128, 0, 0, 101, 0, 0, 212, 1, 0, 111, 8, 142]
1552553160144;[171, 0, 17, 255, 161, 76, 221, 11, 128, 0, 0, 143, 0, 0, 14, 1, 0, 46, 8, 108]
1552553160145;[171, 0, 17, 255, 161, 76, 221, 11, 128, 0, 0, 16, 1, 0, 22, 1, 0, 47, 8, 249]
1552553160328;[171, 0, 17, 255, 161, 76, 221, 11, 128, 0, 0, 95, 0, 1, 19, 1, 0, 83, 9, 135]
1552553160329;[171, 0, 17, 255, 161, 76, 221, 11, 128, 0, 1, 57, 0, 0, 219, 1, 0, 83, 10, 147]
1552553160496;[171, 0, 17, 255, 161, 76, 221, 11, 128, 0, 0, 139, 0, 0, 26, 1, 0, 185, 10, 56]
1552553160664;[171, 0, 17, 255, 161, 76, 221, 11, 128, 0, 0, 115, 1, 0, 11, 1, 0, 244, 9, 233]
1552553160665;[171, 0, 17, 255, 161, 76, 221, 11, 128, 0, 0, 139, 0, 0, 11, 1, 0, 225, 10, 58]
1552553161013;[171, 0, 4, 255, 132, 128, 65]
1552553161015;[171, 0, 17, 255, 161, 76, 221, 11, 128, 0, 0, 146, 0, 0, 17, 1, 1, 63, 10, 77]
1552553161015;[171, 0, 17, 255, 161, 76, 221, 11, 128, 0, 0, 212, 0, 0, 29, 1, 0, 130, 10, 187]
1552553161182;[171, 0, 17, 255, 161, 76, 221, 11, 129, 0, 0, 170, 0, 0, 70, 1, 0, 47, 11, 21]
1552553161198;[171, 0, 17, 255, 161, 76, 221, 11, 129, 0, 0, 164, 0, 0, 120, 1, 0, 54, 11, 104]
1552553161349;[171, 0, 17, 255, 161, 76, 221, 11, 129, 0, 0, 188, 0, 0, 136, 1, 0, 55, 11, 146]
1552553161366;[171, 0, 17, 255, 161, 76, 221, 11, 129, 0, 0, 181, 0, 0, 134, 1, 0, 94, 11, 176]
1552553161532;[171, 0, 17, 255, 161, 76, 221, 11, 129, 0, 0, 164, 0, 0, 118, 1, 0, 100, 11, 202]
1552553161534;[171, 0, 17, 255, 161, 76, 221, 11, 129, 0, 0, 125, 0, 0, 144, 1, 0, 39, 12, 51]
1552553161699;[171, 0, 17, 255, 161, 76, 221, 11, 129, 0, 0, 154, 0, 0, 178, 1, 0, 72, 12, 208]
1552553161867;[171, 0, 17, 255, 161, 76, 221, 11, 129, 0, 0, 70, 0, 0, 134, 1, 0, 163, 12, 233]
1552553161883;[171, 0, 4, 255, 132, 128, 66]
1552553162050;[171, 0, 17, 255, 161, 76, 221, 11, 129, 0, 0, 149, 0, 0, 72, 1, 0, 224, 12, 191]
1552553162051;[171, 0, 17, 255, 161, 76, 221, 11, 129, 0, 0, 75, 0, 0, 74, 1, 0, 209, 12, 51]
1552553162218;[171, 0, 17, 255, 161, 76, 221, 11, 130, 0, 0, 70, 0, 1, 21, 1, 0, 165, 12, 215]
1552553162219;[171, 0, 17, 255, 161, 76, 221, 11, 130, 0, 0, 61, 0, 0, 185, 1, 0, 83, 14, 44]
1552553162385;[171, 0, 17, 255, 161, 76, 221, 11, 130, 0, 0, 237, 0, 0, 91, 0, 0, 87, 14, 198]
1552553162735;[171, 0, 17, 255, 161, 76, 221, 11, 130, 0, 0, 160, 0, 0, 130, 0, 0, 76, 31, 74]
1552553162736;[171, 0, 17, 255, 161, 76, 221, 11, 130, 0, 0, 208, 0, 0, 143, 0, 0, 84, 8, 133]
1552553162737;[171, 0, 17, 255, 161, 76, 221, 11, 130, 0, 0, 175, 0, 0, 123, 0, 0, 93, 9, 29]
1552553162737;[171, 0, 17, 255, 161, 76, 221, 11, 130, 0, 0, 194, 0, 0, 141, 0, 0, 116, 9, 147]
1552553162902;[171, 0, 17, 255, 161, 76, 221, 11, 130, 0, 0, 190, 0, 0, 147, 0, 0, 155, 9, 225]
1552553163253;[171, 0, 4, 255, 132, 128, 66]
1552553163255;[171, 0, 17, 255, 161, 76, 221, 11, 130, 0, 0, 202, 0, 0, 111, 0, 0, 102, 10, 18]
1552553163255;[171, 0, 17, 255, 161, 76, 221, 11, 130, 0, 0, 171, 0, 0, 108, 0, 0, 129, 10, 83]
1552553163273;[171, 0, 17, 255, 161, 76, 221, 11, 131, 0, 0, 187, 0, 0, 134, 0, 0, 126, 10, 186]
1552553163420;[171, 0, 17, 255, 161, 76, 221, 11, 131, 0, 0, 211, 0, 0, 123, 0, 0, 173, 10, 250]
1552553163421;[171, 0, 17, 255, 161, 76, 221, 11, 131, 0, 0, 189, 0, 0, 43, 0, 0, 88, 11, 165]
1552553163604;[171, 0, 17, 255, 161, 76, 221, 11, 131, 0, 0, 212, 0, 0, 79, 0, 0, 73, 12, 96]
1552553163771;[171, 0, 17, 255, 161, 76, 221, 11, 131, 0, 0, 204, 0, 0, 96, 0, 0, 32, 12, 223]
1552553163772;[171, 0, 17, 255, 161, 76, 221, 11, 131, 0, 0, 149, 0, 0, 41, 0, 0, 73, 12, 223]
1552553163938;[171, 0, 17, 255, 161, 76, 221, 11, 131, 0, 0, 169, 0, 0, 58, 0, 0, 165, 13, 60]
1552553164122;[171, 0, 17, 255, 161, 76, 221, 11, 131, 0, 0, 230, 0, 0, 92, 0, 1, 1, 13, 160]
1552553164289;[171, 0, 4, 255, 132, 128, 67]
1552553164291;[171, 0, 17, 255, 161, 76, 221, 11, 131, 0, 0, 212, 0, 0, 37, 0, 0, 154, 13, 204]
1552553164292;[171, 0, 17, 255, 161, 76, 221, 11, 131, 0, 0, 208, 0, 0, 64, 0, 0, 234, 13, 195]
1552553164456;[171, 0, 17, 255, 161, 76, 221, 11, 132, 0, 0, 74, 0, 0, 157, 0, 0, 144, 13, 148]
1552553164457;[171, 0, 17, 255, 161, 76, 221, 11, 132, 0, 0, 106, 0, 0, 134, 0, 0, 164, 13, 117]
1552553164640;[171, 0, 17, 255, 161, 76, 221, 11, 132, 0, 0, 173, 0, 0, 143, 0, 0, 227, 13, 185]
1552553164641;[171, 0, 17, 255, 161, 76, 221, 11, 132, 0, 0, 251, 0, 0, 74, 0, 0, 150, 14, 115]
1552553164807;[171, 0, 17, 255, 161, 76, 221, 11, 132, 0, 1, 0, 0, 0, 13, 0, 0, 126, 31, 197]
1552553164974;[171, 0, 17, 255, 161, 76, 221, 11, 132, 0, 0, 241, 0, 0, 4, 0, 0, 151, 9, 86]
1552553164975;[171, 0, 17, 255, 161, 76, 221, 11, 132, 0, 0, 126, 0, 0, 6, 0, 0, 114, 10, 102]
1552553165158;[171, 0, 17, 255, 161, 76, 221, 11, 132, 0, 0, 112, 0, 0, 134, 0, 0, 145, 10, 102]
1552553165159;[171, 0, 4, 255, 132, 128, 68]
1552553165328;[171, 0, 17, 255, 161, 76, 221, 11, 132, 0, 0, 139, 0, 0, 139, 0, 0, 166, 9, 144]
1552553165493;[171, 0, 17, 255, 161, 76, 221, 11, 132, 0, 0, 132, 0, 0, 145, 0, 0, 172, 8, 140]
1552553165494;[171, 0, 17, 255, 161, 76, 221, 11, 133, 0, 0, 122, 0, 0, 138, 0, 0, 152, 7, 78]
1552553165676;[171, 0, 17, 255, 161, 76, 221, 11, 133, 0, 0, 76, 0, 0, 87, 0, 0, 153, 5, 53]
1552553165678;[171, 0, 17, 255, 161, 76, 221, 11, 133, 0, 0, 227, 0, 0, 117, 0, 1, 51, 2, 236]
1552553165843;[171, 0, 17, 255, 161, 76, 221, 11, 133, 0, 0, 41, 0, 0, 230, 0, 0, 83, 0, 219]
1552553165844;[171, 0, 17, 255, 161, 76, 221, 11, 133, 0, 0, 41, 0, 0, 110, 0, 0, 165, 0, 219]
1552553166010;[171, 0, 17, 255, 161, 76, 221, 11, 133, 0, 0, 103, 0, 0, 152, 0, 0, 220, 16, 59]
1552553166177;[171, 0, 17, 255, 161, 76, 221, 11, 133, 0, 0, 117, 0, 0, 145, 0, 0, 196, 8, 55]
1552553166194;[171, 0, 17, 255, 161, 76, 221, 11, 133, 0, 0, 19, 0, 0, 169, 0, 0, 235, 8, 123]
1552553166361;[171, 0, 4, 255, 132, 128, 69]
1552553166362;[171, 0, 17, 255, 161, 76, 221, 11, 133, 0, 0, 86, 0, 0, 138, 0, 0, 182, 8, 131]
1552553166528;[171, 0, 17, 255, 161, 76, 221, 11, 133, 0, 0, 86, 0, 0, 162, 0, 0, 181, 9, 29]
1552553166530;[171, 0, 17, 255, 161, 76, 221, 11, 134, 0, 0, 102, 0, 0, 148, 0, 0, 213, 9, 92]
1552553166712;[171, 0, 17, 255, 161, 76, 221, 11, 134, 0, 0, 94, 0, 0, 102, 0, 0, 179, 9, 69]
1552553166879;[171, 0, 17, 255, 161, 76, 221, 11, 134, 0, 0, 86, 0, 0, 76, 0, 0, 166, 8, 242]
1552553167046;[171, 0, 17, 255, 161, 76, 221, 11, 134, 0, 0, 91, 0, 0, 154, 0, 0, 224, 8, 82]
1552553167047;[171, 0, 17, 255, 161, 76, 221, 11, 134, 0, 0, 129, 0, 0, 157, 0, 0, 179, 6, 252]
1552553167048;[171, 0, 17, 255, 161, 76, 221, 11, 134, 0, 0, 91, 0, 0, 121, 0, 0, 220, 6, 28]
1552553167212;[171, 0, 17, 255, 161, 76, 221, 11, 134, 0, 0, 145, 0, 0, 121, 0, 0, 234, 6, 195]
1552553167229;[171, 0, 17, 255, 161, 76, 221, 11, 134, 0, 0, 80, 0, 0, 116, 0, 0, 183, 6, 134]
1552553167397;[171, 0, 4, 255, 132, 128, 66]
1552553167564;[171, 0, 17, 255, 161, 76, 221, 11, 134, 0, 0, 85, 0, 0, 127, 0, 0, 180, 6, 96]
1552553167565;[171, 0, 17, 255, 161, 76, 221, 11, 134, 0, 0, 85, 0, 0, 100, 0, 0, 177, 6, 92]
1552553167732;[171, 0, 17, 255, 161, 76, 221, 11, 135, 0, 0, 160, 0, 0, 87, 0, 1, 30, 6, 177]
1552553167748;[171, 0, 17, 255, 161, 76, 221, 11, 135, 0, 0, 86, 0, 0, 44, 0, 0, 157, 5, 157]
1552553167914;[171, 0, 17, 255, 161, 76, 221, 11, 135, 0, 0, 78, 0, 0, 97, 0, 0, 219, 4, 147]
1552553168082;[171, 0, 17, 255, 161, 76, 221, 11, 135, 0, 0, 85, 0, 0, 83, 0, 0, 221, 4, 204]
1552553168083;[171, 0, 17, 255, 161, 76, 221, 11, 135, 0, 0, 122, 0, 0, 59, 0, 0, 210, 5, 193]
1552553168432;[171, 0, 17, 255, 161, 76, 221, 11, 135, 0, 0, 133, 0, 0, 46, 0, 0, 237, 6, 138]
1552553168433;[171, 0, 17, 255, 161, 76, 221, 11, 135, 0, 0, 160, 0, 0, 162, 0, 0, 216, 7, 6]
1552553168767;[171, 0, 17, 255, 161, 76, 221, 11, 135, 0, 0, 188, 0, 0, 144, 0, 0, 64, 7, 124]
1552553168952;[171, 0, 4, 255, 132, 128, 66]
1552553168954;[171, 0, 17, 255, 161, 76, 221, 11, 135, 0, 0, 160, 0, 0, 150, 1, 0, 69, 7, 90]
1552553168955;[171, 0, 17, 255, 161, 76, 221, 11, 135, 0, 0, 145, 0, 0, 115, 1, 0, 124, 6, 88]
1552553168955;[171, 0, 17, 255, 161, 76, 221, 11, 136, 0, 0, 179, 0, 0, 123, 1, 0, 133, 6, 74]
1552553168971;[171, 0, 17, 255, 161, 76, 221, 11, 136, 0, 0, 151, 0, 0, 125, 1, 0, 155, 6, 3]
1552553168971;[171, 0, 17, 255, 161, 76, 221, 11, 136, 0, 0, 143, 0, 0, 151, 1, 0, 156, 5, 202]
1552553169285;[171, 0, 17, 255, 161, 76, 221, 11, 136, 0, 0, 99, 0, 0, 130, 1, 0, 161, 5, 75]
1552553169285;[171, 0, 17, 255, 161, 76, 221, 11, 136, 0, 0, 64, 0, 0, 157, 1, 0, 164, 4, 85]
1552553169285;[171, 0, 17, 255, 161, 76, 221, 11, 136, 0, 0, 45, 0, 0, 149, 1, 0, 195, 4, 85]
1552553169469;[171, 0, 17, 255, 161, 76, 221, 11, 136, 1, 0, 10, 0, 0, 154, 1, 0, 215, 4, 85]
1552553169470;[171, 0, 17, 255, 161, 76, 221, 11, 136, 0, 0, 7, 0, 0, 150, 1, 0, 144, 4, 66]
1552553169636;[171, 0, 4, 255, 132, 128, 64]
1552553169637;[171, 0, 17, 255, 161, 76, 221, 11, 136, 0, 0, 46, 0, 0, 124, 1, 0, 167, 4, 70]
1552553169804;[171, 0, 17, 255, 161, 76, 221, 11, 136, 0, 0, 69, 0, 0, 138, 1, 0, 220, 3, 203]
1552553169987;[171, 0, 17, 255, 161, 76, 221, 11, 137, 0, 0, 33, 0, 0, 157, 1, 0, 195, 3, 48]
1552553169988;[171, 0, 17, 255, 161, 76, 221, 11, 137, 0, 0, 43, 0, 0, 141, 1, 0, 210, 3, 35]
1552553170154;[171, 0, 17, 255, 161, 76, 221, 11, 137, 0, 0, 46, 0, 0, 156, 1, 0, 187, 3, 179]
1552553170155;[171, 0, 17, 255, 161, 76, 221, 11, 137, 1, 0, 12, 0, 0, 172, 1, 0, 166, 4, 77]
1552553170322;[171, 0, 17, 255, 161, 76, 221, 11, 137, 0, 0, 133, 0, 0, 138, 1, 0, 167, 4, 162]
1552553170323;[171, 0, 17, 255, 161, 76, 221, 11, 137, 0, 0, 125, 0, 0, 93, 1, 0, 200, 4, 161]
1552553170505;[171, 0, 17, 255, 161, 76, 221, 11, 137, 0, 0, 91, 0, 0, 97, 1, 0, 211, 5, 14]
1552553170671;[171, 0, 17, 255, 161, 76, 221, 11, 137, 0, 0, 111, 0, 0, 90, 1, 0, 233, 4, 255]
1552553170838;[171, 0, 4, 255, 132, 128, 64]
1552553171022;[171, 0, 17, 255, 161, 76, 221, 11, 137, 0, 0, 88, 0, 0, 92, 1, 0, 152, 3, 171]
1552553171023;[171, 0, 17, 255, 161, 76, 221, 11, 137, 0, 0, 152, 0, 0, 116, 1, 1, 53, 3, 149]
1552553171023;[171, 0, 17, 255, 161, 76, 221, 11, 138, 0, 0, 114, 0, 0, 76, 1, 0, 200, 3, 233]
1552553171024;[171, 0, 17, 255, 161, 76, 221, 11, 138, 0, 0, 112, 0, 0, 87, 1, 0, 177, 2, 111]
1552553171189;[171, 0, 17, 255, 161, 76, 221, 11, 138, 0, 0, 68, 0, 0, 96, 1, 0, 213, 1, 249]
1552553171540;[171, 0, 17, 255, 161, 76, 221, 11, 138, 0, 0, 63, 0, 0, 77, 1, 1, 5, 2, 229]
1552553171541;[171, 0, 17, 255, 161, 76, 221, 11, 138, 0, 0, 99, 0, 0, 85, 1, 0, 197, 3, 84]
1552553171542;[171, 0, 17, 255, 161, 76, 221, 11, 138, 0, 0, 70, 0, 0, 92, 1, 0, 232, 3, 47]
1552553171542;[171, 0, 17, 255, 161, 76, 221, 11, 138, 0, 0, 54, 0, 0, 100, 1, 0, 254, 2, 78]
1552553171708;[171, 0, 17, 255, 161, 76, 221, 11, 138, 0, 0, 25, 0, 0, 99, 1, 0, 231, 2, 89]
1552553171875;[171, 0, 4, 255, 132, 128, 62]
1552553171876;[171, 0, 17, 255, 161, 76, 221, 11, 138, 0, 0, 18, 0, 0, 101, 1, 0, 185, 2, 145]
1552553172043;[171, 0, 17, 255, 161, 76, 221, 11, 138, 0, 0, 61, 0, 0, 62, 1, 0, 228, 2, 130]
1552553172058;[171, 0, 17, 255, 161, 76, 221, 11, 139, 0, 0, 69, 1, 0, 24, 1, 0, 254, 2, 59]
1552553172226;[171, 0, 17, 255, 161, 76, 221, 11, 139, 0, 0, 55, 0, 0, 14, 1, 0, 230, 2, 39]
1552553172226;[171, 0, 17, 255, 161, 76, 221, 11, 139, 0, 0, 52, 0, 0, 15, 1, 0, 254, 1, 245]
1552553172393;[171, 0, 17, 255, 161, 76, 221, 11, 139, 1, 0, 1, 0, 0, 3, 1, 0, 236, 1, 200]
1552553172560;[171, 0, 17, 255, 161, 76, 221, 11, 139, 1, 0, 1, 1, 0, 10, 1, 1, 33, 1, 106]
1552553172576;[171, 0, 17, 255, 161, 76, 221, 11, 139, 0, 0, 54, 0, 0, 2, 1, 0, 248, 1, 32]
1552553172744;[171, 0, 17, 255, 161, 76, 221, 11, 139, 0, 0, 36, 0, 0, 0, 1, 0, 245, 0, 203]
1552553172745;[171, 0, 17, 255, 161, 76, 221, 11, 139, 0, 0, 35, 1, 0, 2, 1, 0, 248, 16, 155]
1552553172911;[171, 0, 4, 255, 132, 128, 61]
1552553173078;[171, 0, 17, 255, 161, 76, 221, 11, 139, 0, 0, 27, 0, 0, 3, 1, 0, 249, 7, 189]
1552553173262;[171, 0, 17, 255, 161, 76, 221, 11, 139, 0, 0, 31, 0, 0, 1, 1, 0, 248, 7, 162]
1552553173262;[171, 0, 17, 255, 161, 76, 221, 11, 140, 0, 0, 24, 0, 0, 3, 1, 0, 246, 7, 166]
1552553173263;[171, 0, 17, 255, 161, 76, 221, 11, 140, 0, 0, 13, 0, 0, 1, 1, 0, 249, 7, 167]
1552553173429;[171, 0, 17, 255, 161, 76, 221, 11, 140, 0, 0, 17, 0, 0, 0, 1, 0, 249, 7, 159]
1552553173430;[171, 0, 17, 255, 161, 76, 221, 11, 140, 0, 0, 13, 0, 0, 1, 1, 0, 250, 7, 151]
1552553173597;[171, 0, 17, 255, 161, 76, 221, 11, 140, 0, 0, 17, 0, 0, 2, 1, 0, 247, 7, 111]
1552553173779;[171, 0, 17, 255, 161, 76, 221, 11, 140, 0, 0, 17, 1, 0, 2, 1, 0, 249, 7, 111]
1552553173780;[171, 0, 17, 255, 161, 76, 221, 11, 140, 0, 0, 13, 0, 0, 3, 1, 0, 250, 7, 46]
1552553174114;[171, 0, 17, 255, 161, 76, 221, 11, 140, 0, 0, 19, 0, 0, 2, 1, 0, 250, 6, 248]
1552553174115;[171, 0, 4, 255, 132, 128, 60]
1552553174133;[171, 0, 17, 255, 161, 76, 221, 11, 140, 0, 0, 22, 0, 0, 1, 1, 0, 250, 6, 197]
1552553174135;[171, 0, 17, 255, 161, 76, 221, 11, 140, 0, 0, 24, 1, 0, 1, 1, 0, 253, 6, 77]
1552553174297;[171, 0, 17, 255, 161, 76, 221, 11, 141, 0, 0, 30, 0, 0, 3, 1, 0, 249, 5, 213]
1552553174465;[171, 0, 17, 255, 161, 76, 221, 11, 141, 0, 0, 12, 0, 0, 0, 1, 0, 248, 5, 199]
1552553174480;[171, 0, 17, 255, 161, 76, 221, 11, 141, 0, 0, 17, 1, 0, 2, 1, 0, 249, 5, 202]
1552553174632;[171, 0, 17, 255, 161, 76, 221, 11, 141, 0, 0, 23, 0, 0, 3, 1, 0, 250, 5, 156]
1552553174815;[171, 0, 17, 255, 161, 76, 221, 11, 141, 0, 0, 32, 0, 0, 0, 1, 0, 250, 5, 62]
1552553174816;[171, 0, 17, 255, 161, 76, 221, 11, 141, 0, 0, 23, 0, 0, 0, 1, 0, 254, 4, 192]
1552553174983;[171, 0, 17, 255, 161, 76, 221, 11, 141, 0, 0, 22, 0, 0, 2, 1, 0, 245, 4, 89]
1552553175150;[171, 0, 17, 255, 161, 76, 221, 11, 143, 0, 0, 10, 0, 0, 2, 1, 0, 249, 4, 112]
1552553175151;[171, 0, 17, 255, 161, 76, 221, 11, 143, 0, 0, 5, 0, 0, 1, 1, 0, 255, 4, 158]
1552553175334;[171, 0, 17, 255, 161, 76, 221, 11, 144, 0, 0, 6, 0, 0, 3, 1, 0, 249, 4, 135]
1552553175500;[171, 0, 17, 255, 161, 76, 221, 11, 144, 0, 0, 7, 0, 0, 0, 1, 0, 255, 4, 91]
1552553175668;[171, 0, 17, 255, 161, 76, 221, 11, 144, 0, 0, 3, 0, 0, 1, 1, 0, 249, 4, 98]
1552553175669;[171, 0, 17, 255, 161, 76, 221, 11, 144, 0, 0, 3, 0, 0, 0, 1, 0, 249, 4, 186]
1552553175850;[171, 0, 17, 255, 161, 76, 221, 11, 144, 0, 0, 10, 0, 0, 3, 1, 0, 250, 5, 118]
1552553175852;[171, 0, 17, 255, 161, 76, 221, 11, 144, 0, 0, 3, 0, 0, 3, 1, 0, 254, 6, 28]
1552553176019;[171, 0, 17, 255, 161, 76, 221, 11, 144, 0, 0, 4, 0, 0, 2, 1, 0, 255, 6, 172]
1552553176019;[171, 0, 17, 255, 161, 76, 221, 11, 144, 0, 0, 2, 0, 0, 3, 1, 0, 250, 7, 36]
1552553176187;[171, 0, 4, 255, 132, 128, 59]
1552553176369;[171, 0, 17, 255, 161, 76, 221, 11, 144, 0, 0, 5, 0, 0, 2, 1, 0, 249, 7, 135]
1552553176370;[171, 0, 17, 255, 161, 76, 221, 11, 144, 0, 0, 2, 0, 0, 3, 1, 0, 249, 7, 231]
1552553176537;[171, 0, 17, 255, 161, 76, 221, 11, 145, 0, 0, 7, 0, 0, 2, 1, 0, 250, 8, 50]
1552553176538;[171, 0, 17, 255, 161, 76, 221, 11, 145, 0, 0, 8, 0, 0, 0, 1, 0, 250, 8, 111]
1552553176704;[171, 0, 17, 255, 161, 76, 221, 11, 145, 0, 0, 7, 0, 0, 2, 1, 0, 254, 8, 150]
1552553176887;[171, 0, 17, 255, 161, 76, 221, 11, 145, 0, 0, 4, 0, 0, 3, 1, 0, 250, 9, 19]
1552553176888;[171, 0, 17, 255, 161, 76, 221, 11, 145, 0, 0, 5, 0, 0, 2, 1, 0, 254, 9, 195]
1552553177054;[171, 0, 17, 255, 161, 76, 221, 11, 145, 0, 0, 9, 0, 0, 3, 1, 0, 255, 10, 87]
1552553177055;[171, 0, 17, 255, 161, 76, 221, 11, 145, 0, 0, 9, 0, 0, 3, 1, 0, 249, 10, 213]
1552553177221;[171, 0, 17, 255, 161, 76, 221, 11, 145, 0, 0, 9, 0, 0, 1, 1, 0, 249, 11, 67]
1552553177222;[171, 0, 4, 255, 132, 128, 59]
1552553177404;[171, 0, 17, 255, 161, 76, 221, 11, 145, 0, 0, 9, 0, 0, 3, 1, 0, 249, 11, 145]
1552553177573;[171, 0, 17, 255, 161, 76, 221, 11, 145, 0, 0, 10, 0, 0, 1, 1, 0, 249, 11, 213]
1552553177739;[171, 0, 17, 255, 161, 76, 221, 11, 146, 0, 0, 10, 0, 0, 3, 1, 0, 250, 12, 7]
1552553177740;[171, 0, 17, 255, 161, 76, 221, 11, 146, 0, 0, 5, 0, 0, 1, 1, 0, 249, 12, 42]
1552553177740;[171, 0, 17, 255, 161, 76, 221, 11, 146, 0, 0, 9, 0, 0, 3, 1, 0, 249, 12, 147]
1552553177907;[171, 0, 17, 255, 161, 76, 221, 11, 146, 0, 0, 9, 0, 0, 2, 1, 0, 249, 13, 18]
1552553177924;[171, 0, 17, 255, 161, 76, 221, 11, 146, 0, 0, 5, 0, 0, 2, 1, 0, 250, 13, 112]
1552553178090;[171, 0, 17, 255, 161, 76, 221, 11, 146, 0, 0, 11, 0, 0, 2, 1, 0, 250, 13, 184]
1552553178258;[171, 0, 17, 255, 161, 76, 221, 11, 146, 0, 0, 7, 0, 0, 3, 1, 0, 249, 13, 232]
1552553178259;[171, 0, 17, 255, 161, 76, 221, 11, 146, 0, 0, 5, 0, 0, 3, 1, 0, 250, 14, 0]
1552553178424;[171, 0, 4, 255, 132, 128, 60]
1552553178443;[171, 0, 17, 255, 161, 76, 221, 11, 146, 0, 0, 9, 0, 0, 1, 1, 0, 250, 14, 19]
1552553178608;[171, 0, 17, 255, 161, 76, 221, 11, 146, 0, 0, 7, 0, 0, 3, 1, 0, 249, 14, 20]
1552553178777;[171, 0, 17, 255, 161, 76, 221, 11, 147, 0, 0, 7, 0, 0, 3, 1, 0, 250, 14, 25]
1552553178777;[171, 0, 17, 255, 161, 76, 221, 11, 147, 0, 0, 5, 0, 0, 3, 1, 0, 250, 14, 76]
1552553178943;[171, 0, 17, 255, 161, 76, 221, 11, 147, 0, 0, 9, 0, 0, 3, 1, 0, 249, 14, 166]
1552553178958;[171, 0, 17, 255, 161, 76, 221, 11, 147, 0, 0, 7, 0, 0, 1, 1, 0, 250, 14, 216]
1552553179125;[171, 0, 17, 255, 161, 76, 221, 11, 147, 0, 0, 2, 0, 0, 3, 1, 0, 250, 15, 6]
1552553179127;[171, 0, 17, 255, 161, 76, 221, 11, 147, 0, 0, 9, 1, 0, 1, 1, 0, 250, 15, 26]
1552553179293;[171, 0, 17, 255, 161, 76, 221, 11, 147, 0, 0, 5, 0, 0, 3, 1, 0, 249, 15, 29]
1552553179461;[171, 0, 17, 255, 161, 76, 221, 11, 147, 0, 0, 2, 0, 0, 1, 1, 0, 255, 15, 33]
1552553179478;[171, 0, 4, 255, 132, 128, 61]
1552553179643;[171, 0, 17, 255, 161, 76, 221, 11, 147, 0, 0, 5, 0, 0, 0, 1, 0, 255, 15, 3]
1552553179645;[171, 0, 17, 255, 161, 76, 221, 11, 147, 0, 0, 10, 0, 0, 3, 1, 0, 250, 14, 236]
1552553179812;[171, 0, 17, 255, 161, 76, 221, 11, 148, 0, 0, 5, 0, 0, 3, 1, 0, 254, 15, 8]
1552553179812;[171, 0, 17, 255, 161, 76, 221, 11, 148, 0, 0, 9, 0, 0, 3, 1, 0, 250, 31, 69]
1552553180162;[171, 0, 17, 255, 161, 76, 221, 11, 148, 0, 0, 7, 0, 0, 3, 1, 0, 254, 7, 248]
1552553180163;[171, 0, 17, 255, 161, 76, 221, 11, 148, 0, 0, 9, 0, 0, 3, 1, 0, 249, 8, 10]
1552553180163;[171, 0, 17, 255, 161, 76, 221, 11, 148, 0, 0, 10, 0, 0, 2, 1, 0, 250, 8, 10]
1552553180329;[171, 0, 17, 255, 161, 76, 221, 11, 148, 0, 0, 9, 0, 0, 3, 1, 0, 250, 7, 247]
1552553180330;[171, 0, 17, 255, 161, 76, 221, 11, 148, 0, 0, 9, 0, 0, 3, 1, 0, 250, 7, 228]
1552553180497;[171, 0, 17, 255, 161, 76, 221, 11, 148, 0, 0, 5, 0, 0, 1, 1, 0, 249, 7, 198]
1552553180680;[171, 0, 4, 255, 132, 128, 62]
1552553180848;[171, 0, 17, 255, 161, 76, 221, 11, 148, 0, 0, 10, 0, 0, 2, 1, 0, 249, 7, 163]
1552553180849;[171, 0, 17, 255, 161, 76, 221, 11, 148, 0, 0, 9, 0, 0, 3, 1, 0, 249, 7, 136]
1552553180849;[171, 0, 17, 255, 161, 76, 221, 11, 149, 0, 0, 7, 0, 0, 1, 1, 0, 250, 7, 180]
1552553181016;[171, 0, 17, 255, 161, 76, 221, 11, 149, 0, 0, 5, 0, 0, 3, 1, 0, 254, 7, 213]
1552553181017;[171, 0, 17, 255, 161, 76, 221, 11, 149, 0, 0, 5, 0, 0, 3, 1, 0, 249, 7, 220]
1552553181198;[171, 0, 17, 255, 161, 76, 221, 11, 149, 0, 0, 7, 1, 0, 3, 1, 0, 250, 7, 234]
1552553181365;[171, 0, 17, 255, 161, 76, 221, 11, 149, 0, 0, 11, 0, 0, 3, 1, 0, 250, 7, 214]
1552553181366;[171, 0, 17, 255, 161, 76, 221, 11, 149, 0, 0, 9, 0, 0, 1, 1, 0, 249, 7, 200]
1552553181533;[171, 0, 17, 255, 161, 76, 221, 11, 149, 0, 0, 9, 1, 0, 1, 1, 0, 249, 7, 180]
1552553181534;[171, 0, 17, 255, 161, 76, 221, 11, 149, 0, 0, 7, 1, 0, 1, 1, 0, 249, 7, 141]
1552553181883;[171, 0, 4, 255, 132, 128, 63]
1552553181885;[171, 0, 17, 255, 161, 76, 221, 11, 149, 0, 0, 10, 0, 0, 3, 1, 0, 250, 7, 105]
1552553181885;[171, 0, 17, 255, 161, 76, 221, 11, 149, 0, 0, 9, 0, 0, 2, 1, 0, 249, 7, 97]
1552553182050;[171, 0, 17, 255, 161, 76, 221, 11, 150, 0, 0, 10, 0, 0, 1, 1, 0, 249, 7, 127]
1552553182051;[171, 0, 17, 255, 161, 76, 221, 11, 150, 0, 0, 10, 0, 0, 3, 1, 0, 250, 7, 139]
1552553182401;[171, 0, 17, 255, 161, 76, 221, 11, 150, 0, 0, 9, 1, 0, 1, 1, 0, 250, 7, 135]
1552553182401;[171, 0, 17, 255, 161, 76, 221, 11, 150, 0, 0, 9, 0, 0, 2, 1, 0, 249, 7, 122]
1552553182402;[171, 0, 17, 255, 161, 76, 221, 11, 150, 0, 0, 8, 0, 0, 2, 1, 0, 249, 7, 105]
1552553182569;[171, 0, 17, 255, 161, 76, 221, 11, 150, 0, 0, 9, 0, 0, 2, 1, 0, 249, 7, 65]
1552553182570;[171, 0, 17, 255, 161, 76, 221, 11, 150, 0, 0, 10, 0, 0, 3, 1, 0, 254, 7, 40]
1552553182751;[171, 0, 17, 255, 161, 76, 221, 11, 150, 0, 0, 9, 0, 0, 4, 1, 0, 250, 7, 7]
1552553182751;[171, 0, 4, 255, 132, 128, 63]
1552553182918;[171, 0, 17, 255, 161, 76, 221, 11, 150, 0, 0, 11, 0, 0, 3, 1, 0, 254, 6, 220]
1552553182919;[171, 0, 17, 255, 161, 76, 221, 11, 150, 0, 0, 10, 0, 0, 3, 1, 0, 251, 6, 205]
1552553183086;[171, 0, 17, 255, 161, 76, 221, 11, 151, 0, 0, 9, 0, 0, 0, 1, 0, 249, 6, 223]
1552553183269;[171, 0, 17, 255, 161, 76, 221, 11, 151, 0, 0, 11, 0, 0, 3, 1, 0, 248, 6, 242]
1552553183269;[171, 0, 17, 255, 161, 76, 221, 11, 151, 0, 0, 9, 0, 0, 3, 1, 0, 250, 6, 240]
1552553183437;[171, 0, 17, 255, 161, 76, 221, 11, 151, 0, 0, 9, 0, 0, 0, 1, 0, 250, 6, 239]
1552553183437;[171, 0, 17, 255, 161, 76, 221, 11, 151, 0, 0, 11, 0, 0, 4, 1, 0, 254, 6, 223]
1552553183605;[171, 0, 17, 255, 161, 76, 221, 11, 151, 0, 0, 7, 0, 0, 4, 1, 0, 249, 6, 201]
1552553183772;[171, 0, 17, 255, 161, 76, 221, 11, 151, 0, 0, 9, 0, 0, 2, 1, 0, 249, 6, 171]
1552553183787;[171, 0, 17, 255, 161, 76, 221, 11, 151, 0, 0, 7, 0, 0, 3, 1, 0, 250, 6, 142]
1552553184122;[171, 0, 4, 255, 132, 128, 64]
1552553184123;[171, 0, 17, 255, 161, 76, 221, 11, 151, 0, 0, 10, 0, 0, 3, 1, 0, 249, 6, 100]
1552553184124;[171, 0, 17, 255, 161, 76, 221, 11, 151, 0, 0, 10, 0, 0, 2, 1, 0, 249, 6, 80]
1552553184124;[171, 0, 17, 255, 161, 76, 221, 11, 152, 0, 0, 10, 1, 0, 2, 1, 0, 250, 6, 109]
1552553184290;[171, 0, 17, 255, 161, 76, 221, 11, 152, 0, 0, 10, 0, 0, 3, 1, 0, 254, 6, 124]
1552553184472;[171, 0, 17, 255, 161, 76, 221, 11, 152, 0, 0, 8, 0, 0, 2, 1, 0, 249, 6, 125]
1552553184473;[171, 0, 17, 255, 161, 76, 221, 11, 152, 0, 0, 10, 1, 0, 1, 1, 0, 254, 6, 123]
1552553184640;[171, 0, 17, 255, 161, 76, 221, 11, 152, 0, 0, 10, 0, 0, 4, 1, 0, 249, 6, 113]
1552553184640;[171, 0, 17, 255, 161, 76, 221, 11, 152, 0, 0, 10, 1, 0, 1, 1, 0, 250, 6, 94]
1552553184808;[171, 0, 17, 255, 161, 76, 221, 11, 152, 0, 0, 5, 0, 0, 3, 1, 0, 249, 6, 56]
1552553184824;[171, 0, 17, 255, 161, 76, 221, 11, 152, 0, 0, 5, 0, 0, 3, 1, 0, 250, 6, 33]
1552553184992;[171, 0, 4, 255, 132, 128, 64]
1552553185158;[171, 0, 17, 255, 161, 76, 221, 11, 152, 0, 0, 11, 0, 0, 2, 1, 0, 246, 6, 2]
1552553185158;[171, 0, 17, 255, 161, 76, 221, 11, 152, 0, 0, 10, 0, 0, 2, 1, 0, 249, 6, 14]
1552553185325;[171, 0, 17, 255, 161, 76, 221, 11, 153, 0, 0, 10, 0, 0, 3, 1, 0, 249, 6, 34]
1552553185325;[171, 0, 17, 255, 161, 76, 221, 11, 153, 0, 0, 11, 0, 0, 4, 1, 0, 249, 6, 46]
1552553185509;[171, 0, 17, 255, 161, 76, 221, 11, 153, 0, 0, 9, 0, 0, 2, 1, 0, 249, 6, 55]
1552553185676;[171, 0, 17, 255, 161, 76, 221, 11, 153, 0, 0, 7, 0, 0, 3, 1, 0, 254, 6, 37]
1552553185676;[171, 0, 17, 255, 161, 76, 221, 11, 153, 0, 0, 11, 0, 0, 3, 1, 0, 248, 6, 28]
1552553185843;[171, 0, 17, 255, 161, 76, 221, 11, 153, 0, 0, 11, 0, 0, 2, 1, 0, 249, 6, 13]
1552553185843;[171, 0, 17, 255, 161, 76, 221, 11, 153, 0, 0, 8, 0, 0, 2, 1, 0, 250, 5, 238]
1552553186194;[171, 0, 17, 255, 161, 76, 221, 11, 153, 0, 0, 10, 0, 0, 3, 1, 0, 249, 5, 230]
1552553186195;[171, 0, 4, 255, 132, 128, 64]
1552553186196;[171, 0, 17, 255, 161, 76, 221, 11, 153, 0, 0, 10, 0, 0, 0, 1, 0, 249, 6, 9]
1552553186360;[171, 0, 17, 255, 161, 76, 221, 11, 153, 0, 0, 5, 0, 0, 3, 1, 0, 246, 6, 39]
1552553186361;[171, 0, 17, 255, 161, 76, 221, 11, 154, 0, 0, 11, 0, 0, 3, 1, 0, 249, 6, 56]
1552553186545;[171, 0, 17, 255, 161, 76, 221, 11, 154, 0, 0, 11, 0, 0, 3, 1, 0, 249, 6, 66]
1552553186546;[171, 0, 17, 255, 161, 76, 221, 11, 154, 0, 0, 11, 0, 0, 3, 1, 0, 249, 6, 55]
1552553186712;[171, 0, 17, 255, 161, 76, 221, 11, 154, 0, 0, 9, 0, 0, 2, 1, 0, 254, 6, 48]
1552553186879;[171, 0, 17, 255, 161, 76, 221, 11, 154, 0, 0, 9, 0, 0, 2, 1, 0, 249, 6, 20]
1552553186880;[171, 0, 17, 255, 161, 76, 221, 11, 154, 0, 0, 9, 0, 0, 3, 1, 0, 249, 5, 253]
1552553187063;[171, 0, 17, 255, 161, 76, 221, 11, 154, 0, 0, 7, 0, 0, 0, 1, 0, 249, 5, 239]
1552553187063;[171, 0, 17, 255, 161, 76, 221, 11, 154, 0, 0, 12, 0, 0, 3, 1, 0, 249, 6, 26]
1552553187230;[171, 0, 4, 255, 132, 128, 64]
1552553187231;[171, 0, 17, 255, 161, 76, 221, 11, 154, 0, 0, 9, 0, 0, 2, 1, 0, 250, 6, 63]
1552553187398;[171, 0, 17, 255, 161, 76, 221, 11, 154, 0, 0, 7, 0, 0, 3, 1, 0, 249, 6, 85]
1552553187581;[171, 0, 17, 255, 161, 76, 221, 11, 155, 0, 0, 12, 0, 0, 3, 1, 0, 249, 6, 106]
1552553187582;[171, 0, 17, 255, 161, 76, 221, 11, 155, 0, 0, 12, 0, 0, 1, 1, 0, 250, 6, 101]
1552553187915;[171, 0, 17, 255, 161, 76, 221, 11, 155, 0, 0, 7, 0, 0, 2, 1, 0, 249, 6, 84]
1552553187916;[171, 0, 17, 255, 161, 76, 221, 11, 155, 0, 0, 10, 0, 0, 2, 1, 0, 249, 6, 70]
1552553187916;[171, 0, 17, 255, 161, 76, 221, 11, 155, 0, 0, 10, 0, 0, 3, 1, 0, 249, 6, 48]
1552553187932;[171, 0, 17, 255, 161, 76, 221, 11, 155, 0, 0, 7, 0, 0, 3, 1, 0, 248, 6, 21]
1552553188098;[171, 0, 17, 255, 161, 76, 221, 11, 155, 0, 0, 10, 0, 0, 3, 1, 0, 250, 6, 69]
1552553188266;[171, 0, 17, 255, 161, 76, 221, 11, 155, 0, 0, 10, 0, 0, 4, 1, 0, 250, 6, 113]
1552553188267;[171, 0, 4, 255, 132, 128, 64]
1552553188432;[171, 0, 17, 255, 161, 76, 221, 11, 155, 0, 0, 10, 0, 0, 2, 1, 0, 249, 6, 139]
1552553188433;[171, 0, 17, 255, 161, 76, 221, 11, 155, 0, 0, 9, 0, 0, 3, 1, 0, 249, 6, 155]
1552553188616;[171, 0, 17, 255, 161, 76, 221, 11, 156, 0, 0, 7, 0, 0, 3, 1, 0, 249, 6, 159]
1552553188783;[171, 0, 17, 255, 161, 76, 221, 11, 156, 0, 0, 10, 0, 0, 3, 1, 0, 250, 6, 154]
1552553188784;[171, 0, 17, 255, 161, 76, 221, 11, 156, 0, 0, 9, 1, 0, 3, 1, 0, 248, 6, 132]
1552553188951;[171, 0, 17, 255, 161, 76, 221, 11, 156, 0, 0, 11, 0, 0, 3, 1, 0, 250, 6, 112]
1552553188951;[171, 0, 17, 255, 161, 76, 221, 11, 156, 0, 0, 10, 0, 0, 3, 1, 0, 249, 6, 82]
1552553189133;[171, 0, 17, 255, 161, 76, 221, 11, 156, 0, 0, 9, 0, 0, 3, 1, 0, 249, 6, 106]
1552553189134;[171, 0, 17, 255, 161, 76, 221, 11, 156, 0, 0, 10, 0, 0, 1, 1, 0, 249, 6, 150]
1552553189300;[171, 0, 17, 255, 161, 76, 221, 11, 156, 0, 0, 11, 0, 0, 3, 1, 0, 249, 6, 177]
1552553189468;[171, 0, 4, 255, 132, 128, 64]
1552553189469;[171, 0, 17, 255, 161, 76, 221, 11, 156, 0, 0, 9, 0, 0, 1, 1, 0, 249, 6, 190]
1552553189651;[171, 0, 17, 255, 161, 76, 221, 11, 156, 0, 0, 12, 0, 0, 3, 1, 0, 250, 6, 189]
1552553189653;[171, 0, 17, 255, 161, 76, 221, 11, 157, 0, 0, 10, 0, 0, 0, 1, 0, 249, 6, 179]
1552553189820;[171, 0, 17, 255, 161, 76, 221, 11, 157, 0, 0, 11, 0, 0, 3, 1, 0, 250, 6, 155]
1552553189821;[171, 0, 17, 255, 161, 76, 221, 11, 157, 0, 0, 11, 0, 0, 0, 1, 0, 249, 6, 130]
1552553189987;[171, 0, 17, 255, 161, 76, 221, 11, 157, 0, 0, 9, 0, 0, 3, 1, 0, 254, 6, 94]
1552553190154;[171, 0, 17, 255, 161, 76, 221, 11, 157, 0, 0, 10, 0, 0, 4, 1, 0, 250, 6, 61]
1552553190170;[171, 0, 17, 255, 161, 76, 221, 11, 157, 0, 0, 11, 0, 0, 3, 1, 0, 250, 6, 73]
1552553190339;[171, 0, 17, 255, 161, 76, 221, 11, 157, 0, 0, 10, 0, 0, 3, 1, 0, 248, 6, 109]
1552553190339;[171, 0, 17, 255, 161, 76, 221, 11, 157, 0, 0, 9, 1, 0, 1, 1, 0, 250, 6, 131]
1552553190672;[171, 0, 4, 255, 132, 128, 64]
1552553190691;[171, 0, 17, 255, 161, 76, 221, 11, 157, 0, 0, 11, 0, 0, 2, 1, 0, 253, 6, 140]
1552553190692;[171, 0, 17, 255, 161, 76, 221, 11, 157, 0, 0, 11, 0, 0, 3, 1, 0, 249, 6, 143]
1552553190854;[171, 0, 17, 255, 161, 76, 221, 11, 158, 0, 0, 8, 0, 0, 1, 1, 0, 249, 6, 116]
1552553190855;[171, 0, 17, 255, 161, 76, 221, 11, 158, 0, 0, 11, 0, 0, 2, 1, 0, 249, 6, 94]
1552553191022;[171, 0, 17, 255, 161, 76, 221, 11, 158, 0, 0, 11, 0, 0, 2, 1, 0, 249, 6, 66]
1552553191023;[171, 0, 17, 255, 161, 76, 221, 11, 158, 0, 0, 11, 0, 0, 2, 1, 0, 254, 6, 31]
1552553191189;[171, 0, 17, 255, 161, 76, 221, 11, 158, 0, 0, 9, 0, 0, 1, 1, 0, 249, 5, 242]
1552553191380;[171, 0, 17, 255, 161, 76, 221, 11, 158, 0, 0, 9, 0, 0, 3, 1, 0, 249, 5, 200]
1552553191380;[171, 0, 17, 255, 161, 76, 221, 11, 158, 0, 0, 10, 0, 0, 0, 1, 0, 250, 5, 218]
1552553191540;[171, 0, 17, 255, 161, 76, 221, 11, 158, 0, 0, 11, 0, 0, 0, 1, 0, 250, 5, 248]
1552553191540;[171, 0, 4, 255, 132, 128, 64]
1552553191708;[171, 0, 17, 255, 161, 76, 221, 11, 158, 0, 0, 10, 0, 0, 3, 1, 0, 249, 6, 1]
1552553191891;[171, 0, 17, 255, 161, 76, 221, 11, 158, 0, 0, 11, 0, 0, 2, 1, 0, 254, 6, 15]
1552553191892;[171, 0, 17, 255, 161, 76, 221, 11, 159, 0, 0, 9, 0, 0, 2, 1, 0, 250, 6, 3]
1552553192227;[171, 0, 17, 255, 161, 76, 221, 11, 159, 0, 0, 13, 0, 0, 2, 1, 0, 249, 5, 242]
1552553192228;[171, 0, 17, 255, 161, 76, 221, 11, 159, 0, 0, 11, 0, 0, 2, 1, 0, 249, 5, 226]
1552553192242;[171, 0, 17, 255, 161, 76, 221, 11, 159, 0, 0, 13, 0, 0, 2, 1, 0, 249, 5, 193]
1552553192243;[171, 0, 17, 255, 161, 76, 221, 11, 159, 0, 0, 9, 0, 0, 2, 1, 0, 249, 5, 157]
1552553192409;[171, 0, 17, 255, 161, 76, 221, 11, 159, 0, 0, 9, 0, 0, 2, 1, 0, 250, 5, 120]
1552553192576;[171, 0, 17, 255, 161, 76, 221, 11, 159, 0, 0, 12, 0, 0, 2, 1, 0, 255, 5, 151]
1552553192577;[171, 0, 17, 255, 161, 76, 221, 11, 159, 0, 0, 11, 0, 0, 2, 1, 1, 3, 5, 174]
1552553192743;[171, 0, 4, 255, 132, 128, 64]
1552553192744;[171, 0, 17, 255, 161, 76, 221, 11, 159, 0, 0, 11, 0, 0, 2, 1, 0, 248, 5, 183]
1552553192927;[171, 0, 17, 255, 161, 76, 221, 11, 159, 0, 0, 10, 0, 0, 2, 1, 0, 250, 5, 185]
1552553192928;[171, 0, 17, 255, 161, 76, 221, 11, 160, 0, 0, 10, 0, 0, 1, 1, 0, 254, 5, 175]
1552553193094;[171, 0, 17, 255, 161, 76, 221, 11, 160, 0, 0, 11, 0, 0, 4, 1, 0, 250, 5, 154]
1552553193446;[171, 0, 17, 255, 161, 76, 221, 11, 160, 0, 0, 11, 0, 0, 3, 1, 0, 250, 5, 132]
1552553193446;[171, 0, 17, 255, 161, 76, 221, 11, 160, 0, 0, 11, 0, 0, 2, 1, 0, 254, 5, 105]
1552553193447;[171, 0, 17, 255, 161, 76, 221, 11, 160, 0, 0, 10, 0, 0, 3, 1, 0, 254, 5, 65]
1552553193447;[171, 0, 17, 255, 161, 76, 221, 11, 160, 0, 0, 10, 0, 0, 0, 1, 0, 249, 5, 64]
1552553193612;[171, 0, 17, 255, 161, 76, 221, 11, 160, 0, 0, 10, 0, 0, 2, 1, 0, 249, 5, 107]
1552553193613;[171, 0, 17, 255, 161, 76, 221, 11, 160, 0, 0, 7, 0, 0, 2, 1, 0, 250, 5, 139]
1552553193780;[171, 0, 4, 255, 132, 128, 64]
1552553193962;[171, 0, 17, 255, 161, 76, 221, 11, 160, 0, 0, 12, 0, 0, 2, 1, 0, 249, 5, 152]
1552553193964;[171, 0, 17, 255, 161, 76, 221, 11, 160, 0, 0, 12, 0, 0, 2, 1, 0, 248, 5, 161]
1552553194130;[171, 0, 17, 255, 161, 76, 221, 11, 161, 0, 0, 10, 0, 0, 3, 1, 0, 250, 5, 155]
1552553194131;[171, 0, 17, 255, 161, 76, 221, 11, 161, 0, 0, 10, 0, 0, 3, 1, 0, 255, 5, 140]
1552553194481;[171, 0, 17, 255, 161, 76, 221, 11, 161, 0, 0, 11, 0, 0, 4, 1, 0, 250, 5, 120]
1552553194482;[171, 0, 17, 255, 161, 76, 221, 11, 161, 0, 0, 12, 0, 0, 2, 1, 0, 249, 5, 99]
1552553194483;[171, 0, 17, 255, 161, 76, 221, 11, 161, 0, 0, 10, 0, 0, 3, 1, 0, 249, 5, 92]
1552553194648;[171, 0, 17, 255, 161, 76, 221, 11, 161, 0, 0, 9, 0, 0, 3, 1, 0, 248, 5, 139]
1552553194649;[171, 0, 17, 255, 161, 76, 221, 11, 161, 0, 0, 12, 0, 0, 2, 1, 0, 254, 5, 191]
1552553194815;[171, 0, 17, 255, 161, 76, 221, 11, 161, 0, 0, 11, 0, 0, 2, 1, 0, 249, 5, 219]
1552553194816;[171, 0, 4, 255, 132, 128, 64]
1552553194998;[171, 0, 17, 255, 161, 76, 221, 11, 161, 0, 0, 12, 1, 0, 3, 1, 0, 250, 5, 237]
1552553195167;[171, 0, 17, 255, 161, 76, 221, 11, 161, 0, 0, 11, 1, 0, 1, 1, 0, 249, 5, 244]
1552553195168;[171, 0, 17, 255, 161, 76, 221, 11, 162, 0, 0, 10, 0, 0, 3, 1, 0, 250, 5, 242]
1552553195333;[171, 0, 17, 255, 161, 76, 221, 11, 162, 0, 0, 11, 0, 0, 3, 1, 0, 250, 5, 223]
1552553195334;[171, 0, 17, 255, 161, 76, 221, 11, 162, 0, 0, 11, 0, 0, 3, 1, 0, 249, 5, 206]
1552553195518;[171, 0, 17, 255, 161, 76, 221, 11, 162, 0, 0, 11, 0, 0, 3, 1, 0, 249, 5, 186]
1552553195685;[171, 0, 17, 255, 161, 76, 221, 11, 162, 0, 0, 11, 0, 0, 2, 1, 0, 249, 5, 239]
1552553195686;[171, 0, 17, 255, 161, 76, 221, 11, 162, 0, 0, 11, 0, 0, 2, 1, 0, 249, 6, 29]
1552553195851;[171, 0, 17, 255, 161, 76, 221, 11, 162, 0, 0, 9, 0, 0, 4, 1, 0, 249, 6, 60]
1552553195852;[171, 0, 17, 255, 161, 76, 221, 11, 162, 0, 0, 10, 0, 0, 2, 1, 0, 249, 6, 90]
1552553196035;[171, 0, 4, 255, 132, 128, 63]
1552553196037;[171, 0, 17, 255, 161, 76, 221, 11, 162, 0, 0, 11, 1, 0, 1, 1, 0, 250, 6, 91]
1552553196203;[171, 0, 17, 255, 161, 76, 221, 11, 162, 0, 0, 10, 0, 0, 2, 1, 0, 249, 6, 100]
1552553196369;[171, 0, 17, 255, 161, 76, 221, 11, 163, 0, 0, 11, 0, 0, 0, 1, 0, 246, 6, 95]
1552553196370;[171, 0, 17, 255, 161, 76, 221, 11, 163, 0, 0, 10, 0, 0, 2, 1, 0, 249, 6, 70]
1552553196719;[171, 0, 17, 255, 161, 76, 221, 11, 163, 0, 0, 9, 0, 0, 2, 1, 0, 250, 6, 70]
1552553196720;[171, 0, 17, 255, 161, 76, 221, 11, 163, 0, 0, 11, 0, 0, 3, 1, 0, 250, 6, 131]
1552553196721;[171, 0, 17, 255, 161, 76, 221, 11, 163, 0, 0, 11, 0, 0, 2, 1, 0, 248, 6, 180]
1552553196722;[171, 0, 17, 255, 161, 76, 221, 11, 163, 0, 0, 10, 0, 0, 3, 1, 0, 249, 6, 205]
1552553196888;[171, 0, 17, 255, 161, 76, 221, 11, 163, 0, 0, 11, 0, 0, 3, 1, 0, 255, 6, 225]
1552553197072;[171, 0, 17, 255, 161, 76, 221, 11, 165, 0, 0, 10, 0, 0, 3, 1, 0, 249, 6, 221]
1552553197238;[171, 0, 17, 255, 161, 76, 221, 11, 165, 0, 0, 10, 0, 0, 2, 1, 0, 250, 6, 187]
1552553197406;[171, 0, 17, 255, 161, 76, 221, 11, 166, 0, 0, 9, 0, 0, 4, 1, 0, 250, 6, 161]
1552553197589;[171, 0, 17, 255, 161, 76, 221, 11, 166, 0, 0, 10, 0, 0, 3, 1, 0, 254, 6, 203]
1552553197590;[171, 0, 17, 255, 161, 76, 221, 11, 166, 0, 0, 11, 0, 0, 2, 1, 0, 250, 6, 243]
1552553197756;[171, 0, 17, 255, 161, 76, 221, 11, 166, 0, 0, 12, 0, 0, 3, 1, 0, 254, 6, 252]
1552553197758;[171, 0, 17, 255, 161, 76, 221, 11, 166, 0, 0, 12, 0, 0, 0, 1, 0, 248, 7, 14]
1552553198090;[171, 0, 17, 255, 161, 76, 221, 11, 166, 0, 0, 9, 0, 0, 3, 1, 0, 254, 6, 252]
1552553198107;[171, 0, 17, 255, 161, 76, 221, 11, 166, 0, 0, 11, 0, 0, 2, 1, 0, 249, 6, 230]
1552553198274;[171, 0, 17, 255, 161, 76, 221, 11, 166, 0, 0, 9, 0, 0, 3, 1, 0, 249, 6, 205]
1552553198441;[171, 0, 4, 255, 132, 128, 63]
1552553198443;[171, 0, 17, 255, 161, 76, 221, 11, 166, 0, 0, 11, 0, 0, 3, 1, 0, 249, 6, 164]
1552553198444;[171, 0, 17, 255, 161, 76, 221, 11, 166, 0, 0, 11, 0, 0, 2, 1, 0, 254, 6, 114]
1552553198608;[171, 0, 17, 255, 161, 76, 221, 11, 167, 0, 0, 9, 0, 0, 2, 1, 0, 250, 6, 121]
1552553198624;[171, 0, 17, 255, 161, 76, 221, 11, 167, 0, 0, 11, 1, 0, 1, 1, 0, 250, 6, 150]
1552553198625;[171, 0, 17, 255, 161, 76, 221, 11, 167, 0, 0, 11, 0, 0, 3, 1, 0, 249, 6, 161]
1552553198793;[171, 0, 17, 255, 161, 76, 221, 11, 167, 0, 0, 10, 0, 0, 3, 1, 0, 250, 6, 159]
1552553198960;[171, 0, 17, 255, 161, 76, 221, 11, 167, 0, 0, 11, 0, 0, 5, 1, 0, 249, 6, 155]
1552553198961;[171, 0, 17, 255, 161, 76, 221, 11, 167, 0, 0, 10, 0, 0, 2, 1, 0, 249, 6, 119]
1552553199309;[171, 0, 17, 255, 161, 76, 221, 11, 167, 0, 0, 12, 0, 0, 3, 1, 0, 249, 6, 83]
1552553199310;[171, 0, 17, 255, 161, 76, 221, 11, 167, 0, 0, 9, 0, 0, 3, 1, 0, 249, 6, 38]
1552553199310;[171, 0, 4, 255, 132, 128, 64]
1552553199478;[171, 0, 17, 255, 161, 76, 221, 11, 167, 0, 0, 11, 0, 0, 1, 1, 0, 249, 6, 0]
1552553199478;[171, 0, 17, 255, 161, 76, 221, 11, 167, 0, 0, 9, 0, 0, 2, 1, 0, 249, 5, 222]
1552553199644;[171, 0, 17, 255, 161, 76, 221, 11, 168, 0, 0, 10, 0, 0, 1, 1, 0, 250, 5, 246]
1552553199645;[171, 0, 17, 255, 161, 76, 221, 11, 168, 0, 0, 10, 0, 0, 3, 1, 0, 249, 5, 255]
1552553199829;[171, 0, 17, 255, 161, 76, 221, 11, 168, 0, 0, 10, 0, 0, 2, 1, 0, 249, 5, 243]
1552553199830;[171, 0, 17, 255, 161, 76, 221, 11, 168, 0, 0, 9, 0, 0, 3, 1, 0, 249, 5, 230]
1552553199995;[171, 0, 17, 255, 161, 76, 221, 11, 168, 0, 0, 11, 0, 0, 2, 1, 0, 254, 5, 210]
1552553200163;[171, 0, 17, 255, 161, 76, 221, 11, 168, 0, 0, 9, 0, 0, 2, 1, 0, 249, 5, 186]
1552553200164;[171, 0, 17, 255, 161, 76, 221, 11, 168, 0, 0, 10, 0, 0, 3, 1, 0, 249, 5, 161]
1552553200514;[171, 0, 17, 255, 161, 76, 221, 11, 168, 0, 0, 12, 1, 0, 1, 1, 0, 246, 5, 123]
1552553200514;[171, 0, 4, 255, 132, 128, 64]
1552553200515;[171, 0, 17, 255, 161, 76, 221, 11, 168, 0, 0, 10, 0, 0, 3, 1, 0, 255, 5, 110]
1552553200515;[171, 0, 17, 255, 161, 76, 221, 11, 168, 0, 0, 10, 0, 0, 3, 1, 0, 250, 5, 144]
1552553200680;[171, 0, 17, 255, 161, 76, 221, 11, 169, 0, 0, 9, 0, 0, 0, 1, 0, 249, 5, 176]
1552553200863;[171, 0, 17, 255, 161, 76, 221, 11, 169, 0, 0, 11, 0, 0, 3, 1, 0, 249, 5, 179]
1552553200865;[171, 0, 17, 255, 161, 76, 221, 11, 169, 0, 0, 6, 0, 0, 0, 1, 0, 250, 5, 191]
1552553201031;[171, 0, 17, 255, 161, 76, 221, 11, 169, 0, 0, 11, 0, 0, 0, 1, 0, 254, 5, 185]
1552553201032;[171, 0, 17, 255, 161, 76, 221, 11, 169, 0, 0, 11, 0, 0, 0, 1, 0, 250, 5, 159]
1552553201198;[171, 0, 17, 255, 161, 76, 221, 11, 169, 0, 0, 13, 0, 0, 3, 1, 0, 250, 5, 131]
1552553201381;[171, 0, 17, 255, 161, 76, 221, 11, 169, 0, 0, 11, 0, 0, 2, 1, 0, 250, 5, 99]
1552553201550;[171, 0, 17, 255, 161, 76, 221, 11, 169, 0, 0, 11, 0, 0, 4, 1, 0, 250, 5, 72]
1552553201550;[171, 0, 4, 255, 132, 128, 64]
1552553201717;[171, 0, 17, 255, 161, 76, 221, 11, 169, 0, 0, 8, 0, 0, 3, 1, 0, 254, 5, 105]
1552553201717;[171, 0, 17, 255, 161, 76, 221, 11, 169, 0, 0, 9, 0, 0, 4, 1, 0, 249, 5, 137]
1552553201718;[171, 0, 17, 255, 161, 76, 221, 11, 170, 0, 0, 9, 0, 0, 3, 1, 0, 249, 5, 151]
1552553201899;[171, 0, 17, 255, 161, 76, 221, 11, 170, 0, 0, 8, 0, 0, 2, 1, 0, 249, 5, 163]
1552553202067;[171, 0, 17, 255, 161, 76, 221, 11, 170, 0, 0, 12, 0, 0, 2, 1, 0, 250, 5, 157]
1552553202067;[171, 0, 17, 255, 161, 76, 221, 11, 170, 0, 0, 9, 0, 0, 3, 1, 0, 249, 5, 142]
1552553202234;[171, 0, 17, 255, 161, 76, 221, 11, 170, 0, 0, 10, 0, 0, 3, 1, 0, 249, 5, 124]
1552553202234;[171, 0, 17, 255, 161, 76, 221, 11, 170, 0, 0, 10, 0, 0, 2, 1, 0, 250, 5, 90]
1552553202416;[171, 0, 17, 255, 161, 76, 221, 11, 170, 0, 0, 10, 0, 0, 2, 1, 0, 249, 5, 60]
1552553202585;[171, 0, 17, 255, 161, 76, 221, 11, 170, 0, 0, 10, 0, 0, 0, 1, 0, 250, 5, 27]
1552553202586;[171, 0, 4, 255, 132, 128, 64]
1552553202752;[171, 0, 17, 255, 161, 76, 221, 11, 170, 0, 0, 11, 0, 0, 3, 1, 0, 250, 5, 59]
1552553202752;[171, 0, 17, 255, 161, 76, 221, 11, 170, 0, 0, 8, 1, 0, 1, 1, 0, 248, 5, 94]
1552553202919;[171, 0, 17, 255, 161, 76, 221, 11, 171, 0, 0, 9, 0, 0, 3, 1, 0, 249, 5, 116]
1552553202935;[171, 0, 17, 255, 161, 76, 221, 11, 171, 0, 0, 11, 0, 0, 3, 1, 0, 254, 5, 134]
1552553203270;[171, 0, 17, 255, 161, 76, 221, 11, 171, 0, 0, 7, 0, 0, 2, 1, 0, 249, 5, 143]
1552553203271;[171, 0, 17, 255, 161, 76, 221, 11, 171, 0, 0, 9, 0, 0, 3, 1, 0, 249, 5, 123]
1552553203271;[171, 0, 17, 255, 161, 76, 221, 11, 171, 0, 0, 11, 1, 0, 2, 1, 0, 254, 5, 100]
1552553203437;[171, 0, 17, 255, 161, 76, 221, 11, 171, 0, 0, 11, 0, 0, 2, 1, 0, 254, 5, 64]
1552553203453;[171, 0, 17, 255, 161, 76, 221, 11, 171, 0, 0, 11, 0, 0, 2, 1, 0, 250, 5, 29]
1552553203621;[171, 0, 17, 255, 161, 76, 221, 11, 171, 0, 0, 10, 0, 0, 3, 1, 0, 250, 5, 28]
1552553203622;[171, 0, 4, 255, 132, 128, 64]
1552553203789;[171, 0, 17, 255, 161, 76, 221, 11, 171, 0, 0, 9, 0, 0, 4, 1, 0, 249, 5, 61]
1552553203955;[171, 0, 17, 255, 161, 76, 221, 11, 171, 0, 0, 10, 0, 0, 2, 1, 0, 249, 5, 85]
1552553203971;[171, 0, 17, 255, 161, 76, 221, 11, 172, 0, 0, 10, 0, 0, 3, 1, 0, 249, 5, 84]
1552553204140;[171, 0, 17, 255, 161, 76, 221, 11, 172, 0, 0, 9, 0, 0, 3, 1, 1, 3, 5, 73]
1552553204306;[171, 0, 17, 255, 161, 76, 221, 11, 172, 0, 0, 11, 0, 0, 3, 1, 0, 249, 5, 60]
1552553204472;[171, 0, 17, 255, 161, 76, 221, 11, 172, 0, 0, 5, 0, 0, 4, 1, 0, 249, 5, 43]
1552553204488;[171, 0, 17, 255, 161, 76, 221, 11, 172, 0, 0, 10, 0, 0, 4, 1, 0, 253, 5, 11]
1552553204489;[171, 0, 17, 255, 161, 76, 221, 11, 172, 0, 0, 10, 0, 0, 1, 1, 0, 254, 4, 226]
1552553204656;[171, 0, 17, 255, 161, 76, 221, 11, 172, 0, 0, 11, 0, 0, 1, 1, 0, 249, 4, 213]
1552553204657;[171, 0, 17, 255, 161, 76, 221, 11, 172, 0, 0, 12, 0, 0, 0, 1, 0, 249, 5, 0]
1552553204838;[171, 0, 4, 255, 132, 128, 64]
1552553204839;[171, 0, 17, 255, 161, 76, 221, 11, 172, 0, 0, 9, 0, 0, 0, 1, 0, 250, 5, 29]
1552553204992;[171, 0, 17, 255, 161, 76, 221, 11, 172, 0, 0, 10, 0, 0, 1, 1, 0, 254, 5, 42]
1552553205174;[171, 0, 17, 255, 161, 76, 221, 11, 173, 0, 0, 11, 0, 0, 3, 1, 0, 249, 5, 46]
1552553205175;[171, 0, 17, 255, 161, 76, 221, 11, 173, 0, 0, 9, 0, 0, 2, 1, 0, 250, 5, 36]
1552553205508;[171, 0, 17, 255, 161, 76, 221, 11, 173, 0, 0, 12, 1, 0, 1, 1, 0, 250, 5, 18]
1552553205509;[171, 0, 17, 255, 161, 76, 221, 11, 173, 0, 0, 9, 0, 0, 2, 1, 0, 249, 4, 246]
1552553205525;[171, 0, 17, 255, 161, 76, 221, 11, 173, 0, 0, 9, 0, 0, 2, 1, 0, 250, 4, 224]
1552553205526;[171, 0, 17, 255, 161, 76, 221, 11, 173, 0, 0, 11, 0, 0, 2, 1, 0, 254, 4, 201]
1552553205692;[171, 0, 17, 255, 161, 76, 221, 11, 173, 0, 0, 9, 0, 0, 3, 1, 0, 249, 4, 245]
1552553205859;[171, 0, 17, 255, 161, 76, 221, 11, 173, 0, 0, 11, 0, 0, 4, 1, 0, 254, 5, 49]
1552553205859;[171, 0, 4, 255, 132, 128, 64]
1552553206027;[171, 0, 17, 255, 161, 76, 221, 11, 173, 0, 0, 10, 0, 0, 3, 1, 0, 249, 5, 87]
1552553206028;[171, 0, 17, 255, 161, 76, 221, 11, 173, 0, 0, 10, 0, 0, 0, 1, 0, 250, 5, 110]
1552553206209;[171, 0, 17, 255, 161, 76, 221, 11, 174, 0, 0, 9, 0, 0, 0, 1, 0, 250, 5, 126]
1552553206545;[171, 0, 17, 255, 161, 76, 221, 11, 174, 0, 0, 9, 0, 0, 3, 1, 0, 248, 5, 118]
1552553206546;[171, 0, 17, 255, 161, 76, 221, 11, 174, 0, 0, 12, 0, 0, 0, 1, 0, 250, 5, 103]
1552553206561;[171, 0, 17, 255, 161, 76, 221, 11, 174, 0, 0, 10, 0, 0, 2, 1, 0, 249, 5, 81]
1552553206561;[171, 0, 17, 255, 161, 76, 221, 11, 174, 0, 0, 10, 0, 0, 2, 1, 0, 248, 5, 56]
1552553206728;[171, 0, 17, 255, 161, 76, 221, 11, 174, 0, 0, 10, 0, 0, 1, 1, 0, 255, 5, 20]
1552553206728;[171, 0, 17, 255, 161, 76, 221, 11, 174, 0, 0, 9, 0, 0, 2, 1, 0, 249, 5, 55]
1552553206895;[171, 0, 17, 255, 161, 76, 221, 11, 174, 0, 0, 10, 0, 0, 3, 1, 0, 249, 5, 105]
1552553207063;[171, 0, 4, 255, 132, 128, 64]
1552553207064;[171, 0, 17, 255, 161, 76, 221, 11, 174, 0, 0, 10, 0, 0, 2, 1, 0, 249, 5, 134]
1552553207245;[171, 0, 17, 255, 161, 76, 221, 11, 174, 0, 0, 10, 0, 0, 2, 1, 0, 249, 5, 159]
1552553207246;[171, 0, 17, 255, 161, 76, 221, 11, 175, 0, 0, 9, 0, 0, 3, 1, 0, 249, 5, 169]
1552553207413;[171, 0, 17, 255, 161, 76, 221, 11, 175, 0, 0, 11, 0, 0, 0, 1, 0, 249, 5, 155]
1552553207413;[171, 0, 17, 255, 161, 76, 221, 11, 175, 0, 0, 12, 0, 0, 3, 1, 0, 249, 5, 140]
1552553207581;[171, 0, 17, 255, 161, 76, 221, 11, 175, 0, 0, 11, 1, 0, 3, 1, 0, 254, 5, 114]
1552553207763;[171, 0, 17, 255, 161, 76, 221, 11, 175, 0, 0, 10, 1, 0, 1, 1, 0, 249, 5, 90]
1552553207764;[171, 0, 17, 255, 161, 76, 221, 11, 175, 0, 0, 9, 1, 0, 1, 1, 0, 250, 5, 55]
1552553207931;[171, 0, 17, 255, 161, 76, 221, 11, 175, 0, 0, 9, 0, 0, 0, 1, 0, 254, 5, 89]
1552553207932;[171, 0, 17, 255, 161, 76, 221, 11, 175, 0, 0, 11, 0, 0, 3, 1, 0, 255, 5, 137]
1552553208099;[171, 0, 4, 255, 132, 128, 64]
1552553208281;[171, 0, 17, 255, 161, 76, 221, 11, 175, 0, 0, 11, 0, 0, 0, 1, 0, 249, 5, 154]
1552553208282;[171, 0, 17, 255, 161, 76, 221, 11, 175, 0, 0, 10, 0, 0, 1, 1, 0, 254, 5, 159]
1552553208449;[171, 0, 17, 255, 161, 76, 221, 11, 176, 0, 0, 7, 0, 0, 3, 1, 0, 249, 5, 157]
1552553208450;[171, 0, 17, 255, 161, 76, 221, 11, 176, 0, 0, 9, 0, 0, 3, 1, 0, 249, 5, 143]
1552553208617;[171, 0, 17, 255, 161, 76, 221, 11, 176, 0, 0, 11, 0, 0, 2, 1, 0, 254, 5, 117]
1552553208618;[171, 0, 17, 255, 161, 76, 221, 11, 176, 0, 0, 11, 1, 0, 1, 1, 0, 249, 5, 87]
1552553208801;[171, 0, 17, 255, 161, 76, 221, 11, 176, 0, 0, 11, 0, 0, 0, 1, 0, 249, 5, 54]
1552553208967;[171, 0, 17, 255, 161, 76, 221, 11, 176, 0, 0, 11, 0, 0, 1, 1, 0, 254, 5, 17]
1552553208968;[171, 0, 17, 255, 161, 76, 221, 11, 176, 0, 0, 11, 0, 0, 3, 1, 0, 254, 5, 26]
1552553209135;[171, 0, 17, 255, 161, 76, 221, 11, 176, 0, 0, 13, 0, 0, 2, 1, 0, 250, 5, 70]
1552553209136;[171, 0, 4, 255, 132, 128, 64]
1552553209302;[171, 0, 17, 255, 161, 76, 221, 11, 176, 0, 0, 11, 0, 0, 1, 1, 0, 254, 5, 103]
1552553209485;[171, 0, 17, 255, 161, 76, 221, 11, 176, 0, 0, 10, 0, 0, 3, 1, 0, 248, 5, 117]
1552553209653;[171, 0, 17, 255, 161, 76, 221, 11, 177, 0, 0, 9, 0, 0, 5, 1, 0, 249, 5, 122]
1552553209654;[171, 0, 17, 255, 161, 76, 221, 11, 177, 0, 0, 11, 0, 0, 0, 1, 0, 255, 5, 119]
1552553209654;[171, 0, 17, 255, 161, 76, 221, 11, 177, 0, 0, 12, 0, 0, 2, 1, 0, 249, 5, 96]
1552553209819;[171, 0, 17, 255, 161, 76, 221, 11, 177, 0, 0, 10, 0, 0, 3, 1, 0, 250, 5, 75]
1552553209835;[171, 0, 17, 255, 161, 76, 221, 11, 177, 0, 0, 11, 0, 0, 2, 1, 0, 254, 5, 47]
1552553210003;[171, 0, 17, 255, 161, 76, 221, 11, 177, 0, 0, 9, 0, 0, 3, 1, 0, 249, 5, 12]
1552553210170;[171, 0, 17, 255, 161, 76, 221, 11, 177, 0, 0, 7, 0, 0, 2, 1, 0, 249, 5, 24]
1552553210170;[171, 0, 17, 255, 161, 76, 221, 11, 177, 0, 0, 11, 0, 0, 2, 1, 0, 250, 5, 76]
1552553210521;[171, 0, 4, 255, 132, 128, 64]
1552553210522;[171, 0, 17, 255, 161, 76, 221, 11, 177, 0, 0, 12, 0, 0, 4, 1, 0, 249, 5, 110]
1552553210523;[171, 0, 17, 255, 161, 76, 221, 11, 177, 0, 0, 9, 0, 0, 3, 1, 0, 248, 5, 121]
1552553210523;[171, 0, 17, 255, 161, 76, 221, 11, 178, 0, 0, 12, 0, 0, 4, 1, 0, 249, 5, 134]
1552553210689;[171, 0, 17, 255, 161, 76, 221, 11, 178, 0, 0, 9, 0, 0, 1, 1, 0, 249, 5, 120]
1552553210855;[171, 0, 17, 255, 161, 76, 221, 11, 178, 0, 0, 10, 0, 0, 0, 1, 0, 249, 5, 98]
1552553211040;[171, 0, 17, 255, 161, 76, 221, 11, 178, 0, 0, 9, 0, 0, 2, 1, 0, 250, 5, 86]
1552553211891;[171, 0, 17, 255, 161, 76, 221, 11, 178, 0, 0, 10, 0, 0, 0, 1, 0, 250, 5, 55]
1552553211892;[171, 0, 17, 255, 161, 76, 221, 11, 178, 0, 0, 5, 0, 0, 3, 1, 0, 249, 5, 55]
1552553211907;[171, 0, 17, 255, 161, 76, 221, 11, 178, 0, 0, 9, 0, 0, 2, 1, 0, 250, 5, 94]
1552553211908;[171, 0, 17, 255, 161, 76, 221, 11, 178, 0, 0, 11, 0, 0, 0, 1, 0, 250, 5, 116]
1552553211909;[171, 0, 4, 255, 132, 128, 63]
1552553211910;[171, 0, 17, 255, 161, 76, 221, 11, 178, 0, 0, 11, 1, 0, 1, 1, 0, 249, 5, 137]
1552553211910;[171, 0, 17, 255, 161, 76, 221, 11, 178, 0, 0, 12, 0, 0, 3, 1, 0, 249, 5, 137]
1552553211911;[171, 0, 17, 255, 161, 76, 221, 11, 179, 0, 0, 7, 0, 0, 2, 1, 0, 249, 5, 126]
1552553212075;[171, 0, 17, 255, 161, 76, 221, 11, 179, 0, 0, 7, 0, 0, 0, 1, 0, 250, 5, 103]
1552553212076;[171, 0, 17, 255, 161, 76, 221, 11, 179, 0, 0, 10, 0, 0, 3, 1, 0, 249, 5, 77]
1552553212242;[171, 0, 17, 255, 161, 76, 221, 11, 179, 0, 0, 11, 0, 0, 4, 1, 0, 250, 5, 53]
1552553212242;[171, 0, 17, 255, 161, 76, 221, 11, 179, 0, 0, 11, 0, 0, 2, 1, 0, 249, 5, 94]
1552553212593;[171, 0, 17, 255, 161, 76, 221, 11, 179, 0, 0, 9, 0, 0, 1, 1, 0, 249, 5, 153]
1552553212593;[171, 0, 17, 255, 161, 76, 221, 11, 179, 0, 0, 9, 0, 0, 0, 1, 0, 249, 5, 179]
1552553212760;[171, 0, 17, 255, 161, 76, 221, 11, 179, 0, 0, 9, 0, 0, 2, 1, 0, 248, 5, 200]
1552553212761;[171, 0, 4, 255, 132, 128, 63]
1552553212762;[171, 0, 17, 255, 161, 76, 221, 11, 179, 0, 0, 9, 0, 0, 3, 1, 0, 250, 5, 193]
1552553212926;[171, 0, 17, 255, 161, 76, 221, 11, 179, 0, 0, 9, 0, 0, 4, 1, 0, 250, 5, 191]
1552553213110;[171, 0, 17, 255, 161, 76, 221, 11, 180, 0, 0, 9, 0, 0, 0, 1, 0, 250, 5, 171]
1552553213111;[171, 0, 17, 255, 161, 76, 221, 11, 180, 0, 0, 10, 0, 0, 3, 1, 0, 250, 5, 153]
1552553213278;[171, 0, 17, 255, 161, 76, 221, 11, 180, 0, 0, 11, 0, 0, 3, 1, 0, 249, 5, 108]
1552553213278;[171, 0, 17, 255, 161, 76, 221, 11, 180, 0, 0, 9, 0, 0, 2, 1, 0, 249, 5, 127]
1552553213445;[171, 0, 17, 255, 161, 76, 221, 11, 180, 0, 0, 10, 0, 0, 2, 1, 0, 248, 5, 196]
1552553213445;[171, 0, 17, 255, 161, 76, 221, 11, 180, 0, 0, 12, 0, 0, 2, 1, 0, 250, 5, 241]
1552553213627;[171, 0, 17, 255, 161, 76, 221, 11, 180, 0, 0, 9, 0, 0, 2, 1, 0, 249, 6, 18]
1552553213628;[171, 0, 17, 255, 161, 76, 221, 11, 180, 0, 0, 10, 0, 0, 2, 1, 0, 249, 6, 31]
1552553213796;[171, 0, 4, 255, 132, 128, 63]
1552553213964;[171, 0, 17, 255, 161, 76, 221, 11, 180, 0, 0, 8, 0, 0, 3, 1, 0, 249, 6, 14]
1552553213979;[171, 0, 17, 255, 161, 76, 221, 11, 180, 0, 0, 5, 0, 0, 3, 1, 0, 250, 6, 12]
1552553214146;[171, 0, 17, 255, 161, 76, 221, 11, 181, 0, 0, 11, 0, 0, 0, 1, 0, 250, 5, 243]
1552553214147;[171, 0, 17, 255, 161, 76, 221, 11, 181, 0, 0, 10, 0, 0, 2, 1, 0, 250, 5, 209]
1552553214314;[171, 0, 17, 255, 161, 76, 221, 11, 181, 0, 0, 7, 0, 0, 2, 1, 0, 250, 5, 172]
1552553214314;[171, 0, 17, 255, 161, 76, 221, 11, 181, 0, 0, 11, 0, 0, 1, 1, 0, 249, 5, 183]
1552553214481;[171, 0, 17, 255, 161, 76, 221, 11, 181, 0, 0, 10, 0, 0, 1, 1, 0, 249, 5, 233]
1552553214664;[171, 0, 17, 255, 161, 76, 221, 11, 181, 0, 0, 11, 0, 0, 2, 1, 0, 250, 6, 7]
1552553214665;[171, 0, 17, 255, 161, 76, 221, 11, 181, 0, 0, 9, 0, 0, 3, 1, 0, 249, 6, 15]
1552553214832;[171, 0, 17, 255, 161, 76, 221, 11, 181, 0, 0, 11, 0, 0, 2, 1, 0, 250, 6, 0]
1552553214832;[171, 0, 4, 255, 132, 128, 63]
1552553214999;[171, 0, 17, 255, 161, 76, 221, 11, 181, 0, 0, 10, 1, 0, 1, 1, 0, 249, 5, 225]
1552553215167;[171, 0, 17, 255, 161, 76, 221, 11, 181, 0, 0, 11, 0, 0, 2, 1, 0, 250, 5, 191]
1552553215182;[171, 0, 17, 255, 161, 76, 221, 11, 182, 0, 0, 11, 0, 0, 3, 1, 0, 249, 5, 149]
1552553215350;[171, 0, 17, 255, 161, 76, 221, 11, 182, 0, 0, 13, 0, 0, 0, 1, 0, 249, 5, 93]
1552553215351;[171, 0, 17, 255, 161, 76, 221, 11, 182, 0, 0, 11, 0, 0, 3, 1, 0, 249, 5, 88]
1552553215517;[171, 0, 17, 255, 161, 76, 221, 11, 182, 0, 0, 11, 0, 0, 0, 1, 0, 248, 5, 88]
1552553215518;[171, 0, 17, 255, 161, 76, 221, 11, 182, 0, 0, 10, 0, 0, 0, 1, 0, 249, 5, 75]
1552553215700;[171, 0, 17, 255, 161, 76, 221, 11, 182, 0, 0, 11, 0, 0, 1, 1, 0, 249, 5, 70]
1552553215867;[171, 0, 17, 255, 161, 76, 221, 11, 182, 0, 0, 11, 0, 0, 2, 1, 0, 249, 5, 40]
1552553215868;[171, 0, 17, 255, 161, 76, 221, 11, 182, 0, 0, 13, 0, 0, 3, 1, 0, 250, 5, 23]
1552553216034;[171, 0, 4, 255, 132, 128, 63]
1552553216036;[171, 0, 17, 255, 161, 76, 221, 11, 182, 0, 0, 11, 0, 0, 3, 1, 0, 249, 4, 251]
1552553216202;[171, 0, 17, 255, 161, 76, 221, 11, 182, 0, 0, 10, 0, 0, 3, 1, 0, 250, 4, 213]
1552553216202;[171, 0, 17, 255, 161, 76, 221, 11, 183, 0, 0, 10, 0, 0, 3, 1, 0, 249, 4, 234]
1552553216386;[171, 0, 17, 255, 161, 76, 221, 11, 183, 0, 0, 11, 0, 0, 3, 1, 0, 254, 4, 239]
1552553216553;[171, 0, 17, 255, 161, 76, 221, 11, 183, 0, 0, 11, 0, 0, 1, 1, 0, 250, 4, 231]
1552553216554;[171, 0, 17, 255, 161, 76, 221, 11, 183, 0, 0, 12, 0, 0, 2, 1, 0, 248, 4, 221]
1552553216720;[171, 0, 17, 255, 161, 76, 221, 11, 183, 0, 0, 7, 0, 0, 4, 1, 0, 254, 4, 185]
1552553216721;[171, 0, 17, 255, 161, 76, 221, 11, 183, 0, 0, 10, 0, 0, 2, 1, 0, 249, 4, 146]
1552553216903;[171, 0, 17, 255, 161, 76, 221, 11, 183, 0, 0, 13, 0, 0, 2, 1, 0, 254, 4, 111]
1552553217071;[171, 0, 17, 255, 161, 76, 221, 11, 185, 0, 0, 9, 0, 0, 3, 1, 0, 249, 3, 28]
1552553217238;[171, 0, 17, 255, 161, 76, 221, 11, 185, 0, 0, 10, 0, 0, 3, 1, 0, 249, 3, 11]
1552553217589;[171, 0, 17, 255, 161, 76, 221, 11, 186, 0, 0, 11, 0, 0, 2, 1, 0, 249, 2, 230]
1552553217589;[171, 0, 17, 255, 161, 76, 221, 11, 186, 0, 0, 10, 1, 0, 1, 1, 0, 250, 2, 187]
1552553217590;[171, 0, 17, 255, 161, 76, 221, 11, 186, 0, 0, 7, 0, 0, 3, 1, 0, 249, 2, 146]
1552553217756;[171, 0, 17, 255, 161, 76, 221, 11, 186, 0, 0, 10, 0, 0, 3, 1, 0, 255, 2, 91]
1552553217757;[171, 0, 17, 255, 161, 76, 221, 11, 186, 0, 0, 11, 0, 0, 2, 1, 0, 249, 2, 33]
1552553218106;[171, 0, 17, 255, 161, 76, 221, 11, 186, 0, 0, 10, 0, 0, 0, 1, 0, 249, 1, 225]
1552553218106;[171, 0, 17, 255, 161, 76, 221, 11, 186, 0, 0, 9, 0, 0, 3, 1, 0, 249, 1, 133]
1552553218107;[171, 0, 17, 255, 161, 76, 221, 11, 186, 0, 0, 9, 0, 0, 3, 1, 0, 249, 0, 250]
1552553218274;[171, 0, 4, 255, 132, 128, 64]
1552553218275;[171, 0, 17, 255, 161, 76, 221, 11, 186, 0, 0, 10, 0, 0, 2, 1, 0, 250, 16, 184]
1552553218457;[171, 0, 17, 255, 161, 76, 221, 11, 186, 0, 0, 9, 0, 0, 2, 1, 0, 248, 7, 165]
1552553218458;[171, 0, 17, 255, 161, 76, 221, 11, 187, 0, 0, 10, 0, 0, 3, 1, 0, 249, 7, 136]
1552553218624;[171, 0, 17, 255, 161, 76, 221, 11, 187, 0, 0, 10, 0, 0, 3, 1, 0, 250, 7, 92]
1552553218625;[171, 0, 17, 255, 161, 76, 221, 11, 187, 0, 0, 12, 0, 0, 3, 1, 0, 248, 7, 50]
1552553218791;[171, 0, 17, 255, 161, 76, 221, 11, 187, 0, 0, 7, 0, 0, 4, 1, 0, 254, 6, 254]
1552553218976;[171, 0, 17, 255, 161, 76, 221, 11, 187, 0, 0, 7, 1, 0, 1, 1, 0, 249, 6, 194]
1552553218977;[171, 0, 17, 255, 161, 76, 221, 11, 187, 0, 0, 7, 0, 0, 2, 1, 0, 249, 6, 131]
1552553219143;[171, 0, 17, 255, 161, 76, 221, 11, 187, 0, 0, 9, 1, 0, 1, 1, 0, 249, 6, 75]
1552553219143;[171, 0, 17, 255, 161, 76, 221, 11, 187, 0, 0, 9, 0, 0, 3, 1, 0, 250, 6, 17]
1552553219311;[171, 0, 4, 255, 132, 128, 64]
1552553219312;[171, 0, 17, 255, 161, 76, 221, 11, 187, 0, 0, 12, 0, 0, 3, 1, 0, 248, 5, 240]
1552553219493;[171, 0, 17, 255, 161, 76, 221, 11, 187, 0, 0, 3, 0, 0, 0, 1, 0, 249, 5, 205]
1552553219659;[171, 0, 17, 255, 161, 76, 221, 11, 192, 0, 0, 9, 0, 0, 3, 1, 0, 249, 5, 168]
1552553219677;[171, 0, 17, 255, 161, 76, 221, 11, 192, 0, 0, 10, 0, 0, 3, 1, 0, 249, 5, 132]
1552553219827;[171, 0, 17, 255, 161, 76, 221, 11, 192, 0, 0, 10, 0, 0, 1, 1, 0, 249, 5, 69]
1552553219827;[171, 0, 17, 255, 161, 76, 221, 11, 192, 0, 0, 9, 0, 0, 2, 1, 0, 249, 4, 222]
1552553220012;[171, 0, 17, 255, 161, 76, 221, 11, 192, 0, 0, 10, 0, 0, 4, 1, 0, 250, 4, 160]
1552553220345;[171, 0, 17, 255, 161, 76, 221, 11, 192, 0, 0, 9, 0, 0, 4, 1, 0, 248, 4, 108]
1552553220345;[171, 0, 17, 255, 161, 76, 221, 11, 192, 0, 0, 11, 1, 0, 1, 1, 0, 255, 3, 210]
1552553220346;[171, 0, 17, 255, 161, 76, 221, 11, 192, 0, 0, 13, 0, 0, 2, 1, 0, 253, 2, 248]
1552553220346;[171, 0, 4, 255, 132, 128, 64]
1552553220528;[171, 0, 17, 255, 161, 76, 221, 11, 192, 1, 0, 8, 0, 0, 0, 1, 0, 250, 2, 20]
1552553220529;[171, 0, 17, 255, 161, 76, 221, 11, 192, 1, 0, 12, 0, 0, 2, 1, 0, 251, 2, 20]
1552553220696;[171, 0, 17, 255, 161, 76, 221, 11, 193, 1, 0, 1, 1, 0, 1, 1, 0, 249, 1, 79]
1552553220863;[171, 0, 17, 255, 161, 76, 221, 11, 193, 0, 0, 5, 0, 0, 0, 1, 0, 255, 16, 43]
1552553220863;[171, 0, 17, 255, 161, 76, 221, 11, 193, 0, 0, 17, 0, 0, 3, 1, 0, 255, 7, 20]
1552553221046;[171, 0, 17, 255, 161, 76, 221, 11, 193, 1, 0, 17, 0, 0, 0, 1, 0, 254, 6, 234]
1552553221048;[171, 0, 17, 255, 161, 76, 221, 11, 193, 1, 0, 1, 1, 0, 1, 1, 0, 255, 6, 179]
1552553221214;[171, 0, 17, 255, 161, 76, 221, 11, 193, 1, 0, 2, 0, 0, 2, 1, 0, 255, 6, 124]
1552553221214;[171, 0, 17, 255, 161, 76, 221, 11, 193, 0, 0, 1, 1, 0, 1, 1, 1, 3, 6, 81]
1552553221381;[171, 0, 17, 255, 161, 76, 221, 11, 193, 0, 0, 7, 1, 0, 1, 1, 1, 3, 5, 220]
1552553221565;[171, 0, 4, 255, 132, 128, 64]
1552553221566;[171, 0, 17, 255, 161, 76, 221, 11, 193, 0, 0, 5, 0, 0, 3, 1, 0, 250, 5, 126]
1552553221732;[171, 0, 17, 255, 161, 76, 221, 11, 193, 1, 0, 2, 0, 0, 3, 1, 0, 246, 5, 132]
1552553221733;[171, 0, 17, 255, 161, 76, 221, 11, 194, 0, 0, 2, 1, 0, 1, 1, 0, 249, 5, 118]
1552553221899;[171, 0, 17, 255, 161, 76, 221, 11, 194, 0, 0, 3, 0, 0, 0, 1, 0, 250, 5, 122]
1552553222081;[171, 0, 17, 255, 161, 76, 221, 11, 194, 0, 0, 7, 0, 0, 3, 1, 0, 250, 5, 95]
1552553222083;[171, 0, 17, 255, 161, 76, 221, 11, 194, 1, 0, 1, 0, 0, 1, 1, 0, 254, 5, 77]
1552553222250;[171, 0, 17, 255, 161, 76, 221, 11, 194, 0, 0, 1, 0, 0, 1, 1, 0, 255, 5, 67]
1552553222251;[171, 0, 17, 255, 161, 76, 221, 11, 194, 1, 0, 1, 0, 0, 1, 1, 0, 250, 5, 116]
1552553222417;[171, 0, 17, 255, 161, 76, 221, 11, 194, 0, 0, 3, 0, 0, 3, 1, 0, 254, 5, 178]
1552553222418;[171, 0, 17, 255, 161, 76, 221, 11, 194, 0, 0, 2, 0, 0, 2, 1, 0, 249, 6, 11]
1552553222585;[171, 0, 4, 255, 132, 128, 63]
1552553222767;[171, 0, 17, 255, 161, 76, 221, 11, 194, 1, 0, 3, 0, 0, 2, 1, 0, 249, 6, 122]
1552553222768;[171, 0, 17, 255, 161, 76, 221, 11, 194, 0, 0, 3, 0, 0, 3, 1, 0, 254, 6, 220]
1552553222935;[171, 0, 17, 255, 161, 76, 221, 11, 195, 0, 0, 1, 0, 0, 3, 1, 0, 250, 7, 58]
1552553222936;[171, 0, 17, 255, 161, 76, 221, 11, 195, 0, 0, 1, 0, 0, 1, 1, 0, 253, 7, 142]
1552553223102;[171, 0, 17, 255, 161, 76, 221, 11, 195, 0, 0, 1, 0, 0, 0, 1, 0, 250, 7, 218]
1552553223103;[171, 0, 17, 255, 161, 76, 221, 11, 195, 0, 0, 3, 0, 0, 4, 1, 0, 248, 8, 77]
1552553223286;[171, 0, 17, 255, 161, 76, 221, 11, 195, 0, 0, 2, 0, 0, 3, 1, 0, 254, 9, 31]
1552553223454;[171, 0, 17, 255, 161, 76, 221, 11, 195, 0, 0, 1, 0, 0, 0, 1, 0, 250, 9, 244]
1552553223454;[171, 0, 17, 255, 161, 76, 221, 11, 195, 1, 0, 1, 0, 0, 1, 1, 0, 249, 10, 161]
1552553223621;[171, 0, 17, 255, 161, 76, 221, 11, 195, 0, 0, 1, 0, 0, 3, 1, 0, 250, 11, 70]
1552553223621;[171, 0, 4, 255, 132, 128, 64]
1552553223804;[171, 0, 17, 255, 161, 76, 221, 11, 195, 0, 0, 2, 0, 0, 3, 1, 1, 3, 11, 206]
1552553224138;[171, 0, 17, 255, 161, 76, 221, 11, 195, 0, 0, 2, 0, 0, 2, 1, 0, 254, 12, 72]
1552553224139;[171, 0, 17, 255, 161, 76, 221, 11, 196, 0, 0, 2, 0, 0, 3, 1, 0, 249, 12, 183]
1552553224155;[171, 0, 17, 255, 161, 76, 221, 11, 196, 0, 0, 2, 0, 0, 2, 1, 0, 249, 13, 7]
1552553224156;[171, 0, 17, 255, 161, 76, 221, 11, 196, 0, 0, 2, 0, 0, 3, 1, 1, 3, 13, 103]
