1552551328540;[171, 0, 4, 255, 132, 128, 69]
1552551328550;[171, 0, 17, 255, 161, 76, 221, 3, 218, 1, 0, 75, 0, 0, 20, 1, 0, 246, 6, 62]
1552551328713;[171, 0, 17, 255, 161, 76, 221, 3, 218, 1, 0, 75, 0, 0, 11, 1, 0, 244, 6, 61]
1552551328885;[171, 0, 17, 255, 161, 76, 221, 3, 218, 1, 0, 81, 0, 0, 16, 1, 0, 243, 6, 48]
1552551328887;[171, 0, 17, 255, 161, 76, 221, 3, 218, 1, 0, 74, 0, 0, 11, 1, 0, 243, 6, 45]
1552551329058;[171, 0, 17, 255, 161, 76, 221, 3, 218, 1, 0, 77, 0, 0, 11, 1, 0, 248, 6, 74]
1552551329060;[171, 0, 17, 255, 161, 76, 221, 3, 218, 1, 0, 79, 0, 0, 11, 1, 0, 243, 6, 100]
1552551329230;[171, 0, 17, 255, 161, 76, 221, 3, 218, 1, 0, 75, 0, 0, 16, 1, 0, 246, 6, 112]
1552551329402;[171, 0, 17, 255, 161, 76, 221, 3, 219, 1, 0, 75, 0, 0, 16, 1, 0, 241, 6, 116]
1552551329404;[171, 0, 17, 255, 161, 76, 221, 3, 219, 1, 0, 75, 0, 0, 11, 1, 0, 245, 6, 115]
1552551329575;[171, 0, 17, 255, 161, 76, 221, 3, 219, 1, 0, 74, 0, 0, 16, 1, 0, 243, 6, 105]
1552551329577;[171, 0, 4, 255, 132, 128, 69]
1552551329747;[171, 0, 17, 255, 161, 76, 221, 3, 219, 1, 0, 75, 0, 0, 11, 1, 0, 242, 6, 97]
1552551329749;[171, 0, 17, 255, 161, 76, 221, 3, 219, 1, 0, 79, 0, 0, 20, 1, 0, 243, 6, 86]
1552551329920;[171, 0, 17, 255, 161, 76, 221, 3, 219, 1, 0, 79, 0, 0, 16, 1, 0, 245, 6, 67]
1552551330127;[171, 0, 17, 255, 161, 76, 221, 3, 219, 1, 0, 77, 0, 0, 11, 1, 0, 246, 6, 93]
1552551330127;[171, 0, 17, 255, 161, 76, 221, 3, 219, 1, 0, 77, 0, 0, 11, 1, 0, 248, 6, 126]
1552551332262;[171, 0, 17, 255, 161, 76, 221, 3, 219, 1, 0, 75, 0, 0, 16, 1, 0, 244, 6, 137]
1552551332263;[171, 0, 17, 255, 161, 76, 221, 3, 219, 1, 0, 74, 0, 0, 20, 1, 0, 243, 6, 148]
1552551332264;[171, 0, 17, 255, 161, 76, 221, 3, 220, 1, 0, 77, 0, 0, 11, 1, 0, 243, 6, 144]
1552551332264;[171, 0, 17, 255, 161, 76, 221, 3, 220, 1, 0, 77, 0, 0, 11, 1, 0, 249, 6, 134]
1552551332266;[171, 0, 17, 255, 161, 76, 221, 3, 220, 1, 0, 75, 0, 0, 16, 1, 0, 243, 6, 122]
1552551332266;[171, 0, 4, 255, 132, 128, 69]
1552551332267;[171, 0, 17, 255, 161, 76, 221, 3, 220, 1, 0, 75, 0, 0, 11, 1, 0, 243, 6, 114]
1552551332267;[171, 0, 17, 255, 161, 76, 221, 3, 220, 1, 0, 81, 0, 0, 16, 1, 0, 243, 6, 93]
1552551332268;[171, 0, 17, 255, 161, 76, 221, 3, 220, 1, 0, 75, 0, 0, 16, 1, 0, 246, 6, 117]
1552551332268;[171, 0, 17, 255, 161, 76, 221, 3, 220, 1, 0, 77, 0, 0, 20, 1, 0, 246, 6, 149]
1552551332268;[171, 0, 17, 255, 161, 76, 221, 3, 220, 1, 0, 75, 0, 0, 11, 1, 0, 242, 6, 176]
1552551332269;[171, 0, 17, 255, 161, 76, 221, 3, 220, 1, 0, 79, 0, 0, 11, 1, 0, 247, 6, 194]
1552551332269;[171, 0, 17, 255, 161, 76, 221, 3, 220, 1, 0, 75, 0, 0, 20, 1, 0, 242, 6, 210]
1552551332270;[171, 0, 17, 255, 161, 76, 221, 3, 221, 1, 0, 76, 0, 0, 11, 1, 0, 243, 6, 209]
1552551332271;[171, 0, 17, 255, 161, 76, 221, 3, 221, 1, 0, 76, 0, 0, 11, 1, 0, 248, 6, 202]
1552551332271;[171, 0, 17, 255, 161, 76, 221, 3, 223, 1, 0, 85, 0, 0, 24, 1, 0, 220, 7, 95]
1552551332272;[171, 0, 17, 255, 161, 76, 221, 3, 223, 1, 0, 103, 0, 0, 4, 1, 0, 216, 7, 105]
1552551332272;[171, 0, 17, 255, 161, 76, 221, 3, 223, 1, 0, 116, 0, 0, 8, 1, 0, 243, 7, 129]
1552551332272;[171, 0, 17, 255, 161, 76, 221, 3, 223, 1, 0, 71, 1, 0, 2, 1, 0, 252, 7, 169]
1552551332335;[171, 0, 17, 255, 161, 76, 221, 3, 223, 1, 0, 54, 0, 0, 34, 1, 1, 9, 7, 187]
1552551332508;[171, 0, 17, 255, 161, 76, 221, 3, 223, 1, 0, 124, 0, 0, 39, 1, 0, 236, 7, 187]
1552551332510;[171, 0, 17, 255, 161, 76, 221, 3, 223, 1, 0, 88, 0, 0, 43, 1, 0, 251, 7, 188]
1552551332680;[171, 0, 17, 255, 161, 76, 221, 3, 224, 1, 0, 50, 0, 0, 35, 1, 0, 254, 7, 190]
1552551332682;[171, 0, 17, 255, 161, 76, 221, 3, 224, 1, 0, 3, 0, 0, 11, 1, 0, 230, 7, 196]
1552551332853;[171, 0, 17, 255, 161, 76, 221, 3, 224, 1, 0, 22, 0, 0, 9, 1, 0, 233, 7, 190]
1552551332854;[171, 0, 4, 255, 132, 128, 69]
1552551333025;[171, 0, 17, 255, 161, 76, 221, 3, 224, 1, 0, 32, 0, 0, 24, 1, 0, 249, 7, 190]
1552551333197;[171, 0, 17, 255, 161, 76, 221, 3, 224, 1, 0, 13, 0, 0, 44, 1, 1, 52, 7, 173]
1552551333200;[171, 0, 17, 255, 161, 76, 221, 3, 224, 1, 0, 39, 0, 0, 25, 1, 0, 254, 7, 163]
1552551333370;[171, 0, 17, 255, 161, 76, 221, 3, 224, 1, 0, 66, 1, 0, 2, 1, 0, 248, 7, 143]
1552551333372;[171, 0, 17, 255, 161, 76, 221, 3, 224, 1, 0, 65, 1, 0, 4, 1, 1, 3, 7, 116]
1552551333542;[171, 0, 17, 255, 161, 76, 221, 3, 224, 1, 0, 81, 1, 0, 12, 1, 0, 247, 7, 107]
1552551333543;[171, 0, 17, 255, 161, 76, 221, 3, 224, 1, 0, 119, 0, 0, 3, 1, 0, 247, 7, 165]
1552551333762;[171, 0, 17, 255, 161, 76, 221, 3, 225, 1, 0, 90, 0, 0, 7, 1, 0, 239, 7, 185]
1552551333910;[171, 0, 17, 255, 161, 76, 221, 3, 225, 1, 0, 55, 0, 0, 11, 1, 0, 249, 7, 187]
1552551333911;[171, 0, 17, 255, 161, 76, 221, 3, 225, 1, 0, 50, 1, 0, 3, 1, 0, 250, 7, 197]
1552551334059;[171, 0, 4, 255, 132, 128, 68]
1552551334060;[171, 0, 17, 255, 161, 76, 221, 3, 225, 1, 0, 43, 0, 0, 0, 1, 0, 243, 7, 208]
1552551334232;[171, 0, 17, 255, 161, 76, 221, 3, 225, 1, 0, 54, 0, 0, 0, 1, 0, 243, 7, 200]
1552551334404;[171, 0, 17, 255, 161, 76, 221, 3, 225, 1, 0, 53, 0, 0, 2, 1, 0, 255, 7, 180]
1552551334405;[171, 0, 17, 255, 161, 76, 221, 3, 225, 1, 0, 48, 0, 0, 4, 1, 1, 3, 7, 161]
1552551334750;[171, 0, 17, 255, 161, 76, 221, 3, 225, 1, 0, 51, 0, 0, 6, 1, 0, 248, 7, 135]
1552551334752;[171, 0, 17, 255, 161, 76, 221, 3, 225, 1, 0, 53, 0, 0, 5, 1, 0, 248, 7, 121]
1552551334752;[171, 0, 17, 255, 161, 76, 221, 3, 225, 1, 0, 50, 0, 0, 4, 1, 0, 249, 7, 165]
1552551334754;[171, 0, 17, 255, 161, 76, 221, 3, 226, 1, 0, 52, 0, 0, 3, 1, 0, 249, 7, 193]
1552551334922;[171, 0, 17, 255, 161, 76, 221, 3, 226, 1, 0, 51, 0, 0, 8, 1, 0, 253, 7, 188]
1552551335094;[171, 0, 17, 255, 161, 76, 221, 3, 226, 1, 0, 52, 0, 0, 9, 1, 0, 250, 7, 196]
1552551335101;[171, 0, 4, 255, 132, 128, 68]
1552551335268;[171, 0, 17, 255, 161, 76, 221, 3, 226, 1, 0, 58, 0, 0, 2, 1, 0, 254, 7, 182]
1552551335269;[171, 0, 17, 255, 161, 76, 221, 3, 226, 1, 0, 57, 0, 0, 8, 1, 0, 250, 7, 160]
1552551335440;[171, 0, 17, 255, 161, 76, 221, 3, 226, 1, 0, 18, 0, 0, 16, 1, 1, 7, 7, 153]
1552551335441;[171, 0, 17, 255, 161, 76, 221, 3, 226, 1, 0, 103, 1, 0, 10, 1, 0, 239, 7, 108]
1552551335616;[171, 0, 17, 255, 161, 76, 221, 3, 226, 1, 0, 50, 1, 0, 21, 1, 0, 246, 7, 101]
1552551335787;[171, 0, 17, 255, 161, 76, 221, 3, 226, 1, 0, 52, 1, 0, 1, 1, 0, 239, 7, 109]
1552551335791;[171, 0, 17, 255, 161, 76, 221, 3, 226, 1, 0, 65, 0, 0, 11, 1, 0, 240, 7, 117]
1552551335960;[171, 0, 17, 255, 161, 76, 221, 3, 227, 1, 0, 46, 0, 0, 11, 1, 0, 248, 7, 98]
1552551335962;[171, 0, 17, 255, 161, 76, 221, 3, 227, 1, 0, 56, 0, 0, 22, 1, 0, 248, 7, 78]
1552551336129;[171, 0, 17, 255, 161, 76, 221, 3, 227, 1, 0, 66, 0, 0, 20, 1, 0, 245, 7, 25]
1552551336302;[171, 0, 4, 255, 132, 128, 69]
1552551336305;[171, 0, 17, 255, 161, 76, 221, 3, 227, 1, 0, 50, 0, 0, 6, 1, 1, 0, 6, 231]
1552551336475;[171, 0, 17, 255, 161, 76, 221, 3, 227, 1, 0, 79, 1, 0, 3, 1, 0, 241, 6, 167]
1552551336477;[171, 0, 17, 255, 161, 76, 221, 3, 227, 1, 0, 78, 0, 0, 8, 1, 0, 244, 6, 110]
1552551336648;[171, 0, 17, 255, 161, 76, 221, 3, 227, 1, 0, 90, 0, 0, 3, 1, 0, 242, 6, 29]
1552551336821;[171, 0, 17, 255, 161, 76, 221, 3, 227, 1, 0, 65, 0, 0, 10, 1, 0, 235, 6, 25]
1552551336821;[171, 0, 17, 255, 161, 76, 221, 3, 227, 1, 0, 72, 0, 0, 4, 1, 0, 250, 6, 34]
1552551337028;[171, 0, 17, 255, 161, 76, 221, 3, 227, 1, 0, 61, 0, 0, 5, 1, 1, 5, 6, 31]
1552551337030;[171, 0, 17, 255, 161, 76, 221, 3, 228, 1, 0, 57, 0, 0, 10, 1, 0, 250, 6, 26]
1552551337511;[171, 0, 17, 255, 161, 76, 221, 3, 228, 1, 0, 56, 0, 0, 11, 1, 0, 242, 6, 4]
1552551337513;[171, 0, 17, 255, 161, 76, 221, 3, 228, 1, 0, 67, 0, 0, 10, 1, 0, 243, 5, 233]
1552551337515;[171, 0, 4, 255, 132, 128, 69]
1552551337516;[171, 0, 17, 255, 161, 76, 221, 3, 228, 1, 0, 52, 0, 0, 9, 1, 0, 249, 5, 198]
1552551337518;[171, 0, 17, 255, 161, 76, 221, 3, 228, 1, 0, 71, 0, 0, 8, 1, 0, 255, 5, 158]
1552551337682;[171, 0, 17, 255, 161, 76, 221, 3, 228, 1, 0, 65, 0, 0, 6, 1, 0, 250, 5, 106]
1552551337683;[171, 0, 17, 255, 161, 76, 221, 3, 228, 1, 0, 72, 0, 0, 4, 1, 0, 254, 5, 72]
1552551337860;[171, 0, 17, 255, 161, 76, 221, 3, 228, 1, 0, 61, 0, 0, 5, 1, 0, 243, 5, 70]
1552551337863;[171, 0, 17, 255, 161, 76, 221, 3, 228, 1, 0, 79, 0, 0, 7, 1, 0, 248, 5, 54]
1552551338080;[171, 0, 17, 255, 161, 76, 221, 3, 228, 1, 0, 81, 0, 0, 6, 1, 0, 248, 5, 37]
1552551338212;[171, 0, 17, 255, 161, 76, 221, 3, 229, 1, 0, 81, 0, 0, 11, 1, 0, 243, 5, 10]
1552551338214;[171, 0, 17, 255, 161, 76, 221, 3, 229, 1, 0, 71, 0, 0, 6, 1, 0, 255, 4, 237]
1552551338376;[171, 0, 17, 255, 161, 76, 221, 3, 229, 1, 0, 130, 0, 0, 10, 1, 0, 217, 4, 193]
1552551338376;[171, 0, 4, 255, 132, 128, 69]
1552551338544;[171, 0, 17, 255, 161, 76, 221, 3, 229, 1, 0, 105, 0, 0, 2, 1, 0, 248, 4, 173]
1552551338545;[171, 0, 17, 255, 161, 76, 221, 3, 229, 1, 0, 77, 0, 0, 4, 1, 0, 245, 4, 162]
1552551338717;[171, 0, 17, 255, 161, 76, 221, 3, 229, 1, 0, 83, 0, 0, 11, 1, 0, 250, 4, 141]
1552551338890;[171, 0, 17, 255, 161, 76, 221, 3, 229, 1, 0, 79, 0, 0, 9, 1, 0, 245, 4, 147]
1552551338891;[171, 0, 17, 255, 161, 76, 221, 3, 229, 1, 0, 73, 0, 0, 11, 1, 0, 241, 4, 142]
1552551339068;[171, 0, 17, 255, 161, 76, 221, 3, 229, 1, 0, 71, 0, 0, 11, 1, 0, 243, 4, 130]
1552551339068;[171, 0, 17, 255, 161, 76, 221, 3, 229, 1, 0, 72, 0, 0, 9, 1, 0, 243, 4, 127]
1552551339234;[171, 0, 17, 255, 161, 76, 221, 3, 230, 1, 0, 82, 0, 0, 10, 1, 0, 245, 4, 108]
1552551339408;[171, 0, 17, 255, 161, 76, 221, 3, 230, 1, 0, 71, 0, 0, 10, 1, 0, 250, 4, 84]
1552551339410;[171, 0, 17, 255, 161, 76, 221, 3, 230, 1, 0, 74, 0, 0, 8, 1, 0, 245, 4, 57]
1552551339579;[171, 0, 4, 255, 132, 128, 68]
1552551339580;[171, 0, 17, 255, 161, 76, 221, 3, 230, 1, 0, 71, 0, 0, 10, 1, 0, 243, 4, 19]
1552551339752;[171, 0, 17, 255, 161, 76, 221, 3, 230, 1, 0, 81, 0, 0, 16, 1, 0, 243, 3, 240]
1552551339753;[171, 0, 17, 255, 161, 76, 221, 3, 230, 1, 0, 72, 0, 0, 21, 1, 0, 245, 4, 0]
1552551339924;[171, 0, 17, 255, 161, 76, 221, 3, 230, 1, 0, 48, 0, 0, 22, 1, 0, 254, 4, 31]
1552551340098;[171, 0, 17, 255, 161, 76, 221, 3, 230, 1, 0, 65, 0, 0, 2, 1, 0, 246, 4, 45]
1552551340099;[171, 0, 17, 255, 161, 76, 221, 3, 230, 1, 0, 134, 1, 0, 22, 1, 0, 246, 4, 69]
1552551340271;[171, 0, 17, 255, 161, 76, 221, 3, 230, 1, 0, 61, 1, 0, 2, 1, 0, 254, 4, 59]
1552551340272;[171, 0, 17, 255, 161, 76, 221, 3, 231, 1, 0, 56, 0, 0, 11, 1, 0, 242, 4, 47]
1552551340443;[171, 0, 17, 255, 161, 76, 221, 3, 231, 1, 0, 43, 0, 0, 27, 1, 0, 243, 4, 31]
1552551340446;[171, 0, 17, 255, 161, 76, 221, 3, 231, 1, 0, 51, 0, 0, 28, 1, 0, 249, 4, 12]
1552551340615;[171, 0, 4, 255, 132, 128, 68]
1552551340787;[171, 0, 17, 255, 161, 76, 221, 3, 231, 1, 0, 54, 0, 0, 21, 1, 0, 250, 3, 255]
1552551340789;[171, 0, 17, 255, 161, 76, 221, 3, 231, 1, 0, 52, 0, 0, 10, 1, 0, 255, 3, 254]
1552551340961;[171, 0, 17, 255, 161, 76, 221, 3, 231, 1, 0, 56, 0, 0, 6, 1, 1, 3, 4, 12]
1552551340962;[171, 0, 17, 255, 161, 76, 221, 3, 231, 1, 0, 56, 0, 0, 16, 1, 0, 250, 4, 33]
1552551341132;[171, 0, 17, 255, 161, 76, 221, 3, 231, 1, 0, 45, 0, 0, 21, 1, 0, 248, 4, 47]
1552551341305;[171, 0, 17, 255, 161, 76, 221, 3, 231, 1, 0, 53, 0, 0, 11, 1, 0, 248, 4, 68]
1552551341307;[171, 0, 17, 255, 161, 76, 221, 3, 231, 1, 0, 51, 0, 0, 6, 1, 0, 249, 4, 77]
1552551341477;[171, 0, 17, 255, 161, 76, 221, 3, 232, 1, 0, 59, 0, 0, 7, 1, 0, 254, 4, 73]
1552551341481;[171, 0, 17, 255, 161, 76, 221, 3, 232, 1, 0, 59, 0, 0, 8, 1, 0, 247, 4, 57]
1552551341654;[171, 0, 17, 255, 161, 76, 221, 3, 232, 1, 0, 41, 0, 0, 11, 1, 0, 254, 4, 55]
1552551341654;[171, 0, 4, 255, 132, 128, 67]
1552551341823;[171, 0, 17, 255, 161, 76, 221, 3, 232, 1, 0, 71, 0, 0, 5, 1, 0, 255, 4, 53]
1552551341995;[171, 0, 17, 255, 161, 76, 221, 3, 232, 1, 0, 57, 0, 0, 10, 1, 0, 255, 4, 92]
1552551341997;[171, 0, 17, 255, 161, 76, 221, 3, 232, 1, 0, 57, 0, 0, 6, 1, 0, 246, 4, 127]
1552551342340;[171, 0, 17, 255, 161, 76, 221, 3, 232, 1, 0, 51, 0, 0, 24, 1, 0, 243, 4, 133]
1552551342342;[171, 0, 17, 255, 161, 76, 221, 3, 232, 1, 0, 62, 0, 0, 11, 1, 1, 5, 4, 147]
1552551342344;[171, 0, 17, 255, 161, 76, 221, 3, 232, 1, 0, 52, 0, 0, 20, 1, 1, 3, 4, 143]
1552551342345;[171, 0, 17, 255, 161, 76, 221, 3, 232, 1, 0, 50, 0, 0, 21, 1, 0, 243, 4, 154]
1552551342512;[171, 0, 17, 255, 161, 76, 221, 3, 233, 1, 0, 61, 0, 0, 9, 1, 0, 243, 4, 150]
1552551342694;[171, 0, 17, 255, 161, 76, 221, 3, 233, 1, 0, 71, 1, 0, 11, 1, 1, 5, 4, 120]
1552551342858;[171, 0, 17, 255, 161, 76, 221, 3, 233, 1, 0, 53, 0, 0, 4, 1, 0, 255, 4, 96]
1552551342859;[171, 0, 4, 255, 132, 128, 66]
1552551342860;[171, 0, 17, 255, 161, 76, 221, 3, 233, 1, 0, 50, 0, 0, 16, 1, 0, 241, 4, 116]
1552551343029;[171, 0, 17, 255, 161, 76, 221, 3, 233, 1, 0, 42, 0, 0, 27, 1, 0, 241, 4, 159]
1552551343204;[171, 0, 17, 255, 161, 76, 221, 3, 233, 1, 0, 41, 0, 0, 29, 1, 0, 249, 4, 178]
1552551343206;[171, 0, 17, 255, 161, 76, 221, 3, 233, 1, 0, 55, 0, 0, 24, 1, 0, 255, 4, 178]
1552551343548;[171, 0, 17, 255, 161, 76, 221, 3, 233, 1, 0, 56, 0, 0, 11, 1, 0, 247, 4, 173]
1552551343550;[171, 0, 17, 255, 161, 76, 221, 3, 233, 1, 0, 38, 0, 0, 27, 1, 1, 3, 4, 190]
1552551343552;[171, 0, 17, 255, 161, 76, 221, 3, 233, 1, 0, 54, 0, 0, 24, 1, 0, 245, 4, 193]
1552551343554;[171, 0, 17, 255, 161, 76, 221, 3, 234, 1, 0, 52, 0, 0, 27, 1, 0, 245, 4, 180]
1552551343720;[171, 0, 17, 255, 161, 76, 221, 3, 234, 1, 0, 59, 0, 0, 21, 1, 0, 243, 4, 164]
1552551343893;[171, 0, 17, 255, 161, 76, 221, 3, 234, 1, 0, 71, 0, 0, 16, 1, 0, 246, 4, 155]
1552551343895;[171, 0, 4, 255, 132, 128, 66]
1552551344066;[171, 0, 17, 255, 161, 76, 221, 3, 234, 1, 0, 67, 0, 0, 16, 1, 0, 247, 4, 177]
1552551344067;[171, 0, 17, 255, 161, 76, 221, 3, 234, 1, 0, 60, 0, 0, 21, 1, 0, 249, 4, 204]
1552551344238;[171, 0, 17, 255, 161, 76, 221, 3, 234, 1, 0, 62, 0, 0, 21, 1, 0, 249, 4, 213]
1552551344239;[171, 0, 17, 255, 161, 76, 221, 3, 234, 1, 0, 65, 0, 0, 21, 1, 0, 241, 4, 227]
1552551344456;[171, 0, 17, 255, 161, 76, 221, 3, 234, 1, 0, 50, 0, 0, 20, 1, 0, 249, 4, 223]
1552551344587;[171, 0, 17, 255, 161, 76, 221, 3, 234, 1, 0, 50, 0, 0, 29, 1, 0, 250, 4, 218]
1552551344588;[171, 0, 17, 255, 161, 76, 221, 3, 234, 1, 0, 58, 0, 0, 21, 1, 0, 246, 4, 217]
1552551344772;[171, 0, 17, 255, 161, 76, 221, 3, 235, 1, 0, 67, 0, 0, 10, 1, 0, 248, 4, 182]
1552551344772;[171, 0, 17, 255, 161, 76, 221, 3, 235, 1, 0, 81, 0, 0, 4, 1, 0, 249, 4, 161]
1552551344941;[171, 0, 17, 255, 161, 76, 221, 3, 235, 1, 0, 51, 0, 0, 11, 1, 0, 243, 4, 201]
1552551345106;[171, 0, 4, 255, 132, 128, 66]
1552551345107;[171, 0, 17, 255, 161, 76, 221, 3, 235, 1, 0, 32, 0, 0, 21, 1, 0, 247, 4, 246]
1552551345289;[171, 0, 17, 255, 161, 76, 221, 3, 235, 1, 0, 41, 0, 0, 29, 1, 0, 249, 5, 2]
1552551345290;[171, 0, 17, 255, 161, 76, 221, 3, 235, 1, 0, 51, 0, 0, 20, 1, 1, 3, 5, 10]
1552551345457;[171, 0, 17, 255, 161, 76, 221, 3, 235, 1, 0, 58, 0, 0, 11, 1, 0, 249, 5, 2]
1552551345457;[171, 0, 17, 255, 161, 76, 221, 3, 235, 1, 0, 53, 0, 0, 9, 1, 0, 248, 4, 243]
1552551345850;[171, 0, 17, 255, 161, 76, 221, 3, 235, 1, 0, 58, 0, 0, 11, 1, 0, 255, 4, 200]
1552551345850;[171, 0, 17, 255, 161, 76, 221, 3, 236, 1, 0, 51, 0, 0, 20, 1, 0, 249, 4, 183]
1552551345983;[171, 0, 17, 255, 161, 76, 221, 3, 236, 1, 0, 39, 0, 0, 27, 1, 1, 3, 4, 196]
1552551345983;[171, 0, 17, 255, 161, 76, 221, 3, 236, 1, 0, 29, 0, 0, 42, 1, 0, 249, 4, 220]
1552551346309;[171, 0, 17, 255, 161, 76, 221, 3, 236, 1, 0, 35, 0, 0, 46, 1, 0, 241, 4, 237]
1552551346325;[171, 0, 17, 255, 161, 76, 221, 3, 236, 1, 0, 41, 0, 0, 41, 1, 0, 240, 4, 250]
1552551346492;[171, 0, 17, 255, 161, 76, 221, 3, 236, 1, 0, 57, 0, 0, 28, 1, 0, 250, 5, 0]
1552551346493;[171, 0, 17, 255, 161, 76, 221, 3, 236, 1, 0, 52, 0, 0, 22, 1, 0, 254, 4, 248]
1552551346660;[171, 0, 17, 255, 161, 76, 221, 3, 236, 1, 0, 54, 0, 0, 11, 1, 0, 249, 4, 233]
1552551346660;[171, 0, 17, 255, 161, 76, 221, 3, 236, 1, 0, 71, 0, 0, 21, 1, 0, 243, 4, 210]
1552551346826;[171, 0, 17, 255, 161, 76, 221, 3, 236, 1, 0, 59, 0, 0, 5, 1, 0, 242, 4, 200]
1552551347011;[171, 0, 17, 255, 161, 76, 221, 3, 237, 1, 0, 54, 0, 0, 5, 1, 0, 242, 4, 180]
1552551347011;[171, 0, 17, 255, 161, 76, 221, 3, 237, 1, 0, 56, 0, 0, 9, 1, 0, 250, 4, 197]
1552551347177;[171, 0, 17, 255, 161, 76, 221, 3, 237, 1, 0, 39, 0, 0, 23, 1, 1, 9, 4, 203]
1552551347178;[171, 0, 4, 255, 132, 128, 65]
1552551347344;[171, 0, 17, 255, 161, 76, 221, 3, 237, 1, 0, 37, 0, 0, 21, 1, 1, 3, 4, 196]
1552551347361;[171, 0, 17, 255, 161, 76, 221, 3, 237, 1, 0, 56, 0, 0, 21, 1, 0, 248, 4, 194]
1552551347528;[171, 0, 17, 255, 161, 76, 221, 3, 237, 1, 0, 47, 0, 0, 20, 1, 0, 248, 4, 177]
1552551347695;[171, 0, 17, 255, 161, 76, 221, 3, 237, 1, 0, 67, 0, 0, 20, 1, 0, 243, 4, 139]
1552551347696;[171, 0, 17, 255, 161, 76, 221, 3, 237, 1, 0, 63, 0, 0, 20, 1, 0, 245, 4, 98]
1552551347862;[171, 0, 17, 255, 161, 76, 221, 3, 237, 1, 0, 65, 0, 0, 21, 1, 0, 246, 4, 68]
1552551347863;[171, 0, 17, 255, 161, 76, 221, 3, 237, 1, 0, 67, 0, 0, 24, 1, 0, 246, 4, 46]
1552551348046;[171, 0, 17, 255, 161, 76, 221, 3, 238, 1, 0, 65, 0, 0, 11, 1, 0, 248, 4, 46]
1552551348213;[171, 0, 17, 255, 161, 76, 221, 3, 238, 1, 0, 71, 0, 0, 21, 1, 0, 245, 4, 39]
1552551348214;[171, 0, 17, 255, 161, 76, 221, 3, 238, 1, 0, 60, 0, 0, 16, 1, 0, 248, 4, 31]
1552551348564;[171, 0, 4, 255, 132, 128, 65]
1552551348565;[171, 0, 17, 255, 161, 76, 221, 3, 238, 1, 0, 57, 0, 0, 21, 1, 0, 246, 4, 7]
1552551348565;[171, 0, 17, 255, 161, 76, 221, 3, 238, 1, 0, 61, 0, 0, 16, 1, 0, 243, 3, 242]
1552551348565;[171, 0, 17, 255, 161, 76, 221, 3, 238, 1, 0, 56, 0, 0, 22, 1, 0, 246, 3, 217]
1552551348731;[171, 0, 17, 255, 161, 76, 221, 3, 238, 1, 0, 58, 0, 0, 21, 1, 0, 249, 3, 192]
1552551349083;[171, 0, 17, 255, 161, 76, 221, 3, 238, 1, 0, 59, 0, 0, 21, 1, 0, 249, 3, 172]
1552551349083;[171, 0, 17, 255, 161, 76, 221, 3, 238, 1, 0, 59, 0, 0, 21, 1, 0, 254, 3, 190]
1552551349084;[171, 0, 17, 255, 161, 76, 221, 3, 238, 1, 0, 59, 0, 0, 20, 1, 0, 245, 3, 207]
1552551349084;[171, 0, 17, 255, 161, 76, 221, 3, 239, 1, 0, 58, 0, 0, 21, 1, 0, 249, 3, 212]
1552551349249;[171, 0, 17, 255, 161, 76, 221, 3, 239, 1, 0, 55, 0, 0, 21, 1, 0, 248, 3, 206]
1552551349250;[171, 0, 17, 255, 161, 76, 221, 3, 239, 1, 0, 57, 0, 0, 22, 1, 0, 249, 3, 200]
1552551349416;[171, 0, 4, 255, 132, 128, 65]
1552551349600;[171, 0, 17, 255, 161, 76, 221, 3, 239, 1, 0, 59, 0, 0, 20, 1, 0, 248, 3, 185]
1552551349601;[171, 0, 17, 255, 161, 76, 221, 3, 239, 1, 0, 57, 0, 0, 20, 1, 0, 249, 3, 164]
1552551349768;[171, 0, 17, 255, 161, 76, 221, 3, 239, 1, 0, 60, 0, 0, 21, 1, 0, 249, 3, 146]
1552551349768;[171, 0, 17, 255, 161, 76, 221, 3, 239, 1, 0, 53, 0, 0, 20, 1, 0, 246, 3, 173]
1552551349935;[171, 0, 17, 255, 161, 76, 221, 3, 239, 1, 0, 54, 0, 0, 25, 1, 0, 249, 3, 198]
1552551350118;[171, 0, 17, 255, 161, 76, 221, 3, 239, 1, 0, 57, 0, 0, 21, 1, 0, 249, 3, 204]
1552551350118;[171, 0, 17, 255, 161, 76, 221, 3, 239, 1, 0, 56, 0, 0, 24, 1, 0, 248, 3, 207]
1552551350285;[171, 0, 17, 255, 161, 76, 221, 3, 240, 1, 0, 58, 0, 0, 21, 1, 0, 246, 3, 200]
1552551350286;[171, 0, 17, 255, 161, 76, 221, 3, 240, 1, 0, 59, 0, 0, 21, 1, 0, 246, 3, 197]
1552551350453;[171, 0, 17, 255, 161, 76, 221, 3, 240, 1, 0, 54, 0, 0, 21, 1, 0, 249, 3, 183]
1552551350453;[171, 0, 4, 255, 132, 128, 65]
1552551350636;[171, 0, 17, 255, 161, 76, 221, 3, 240, 1, 0, 56, 0, 0, 21, 1, 0, 254, 3, 157]
1552551350804;[171, 0, 17, 255, 161, 76, 221, 3, 240, 1, 0, 57, 0, 0, 21, 1, 0, 250, 3, 168]
1552551350804;[171, 0, 17, 255, 161, 76, 221, 3, 240, 1, 0, 56, 0, 0, 21, 1, 0, 246, 3, 187]
1552551350971;[171, 0, 17, 255, 161, 76, 221, 3, 240, 1, 0, 54, 0, 0, 22, 1, 0, 248, 3, 199]
1552551350971;[171, 0, 17, 255, 161, 76, 221, 3, 240, 1, 0, 58, 0, 0, 22, 1, 0, 246, 3, 185]
1552551351154;[171, 0, 17, 255, 161, 76, 221, 3, 240, 1, 0, 54, 0, 0, 21, 1, 0, 246, 3, 199]
1552551351321;[171, 0, 17, 255, 161, 76, 221, 3, 240, 1, 0, 54, 0, 0, 23, 1, 0, 248, 3, 180]
1552551351322;[171, 0, 17, 255, 161, 76, 221, 3, 241, 1, 0, 56, 0, 0, 24, 1, 0, 249, 3, 163]
1552551351489;[171, 0, 17, 255, 161, 76, 221, 3, 241, 1, 0, 53, 0, 0, 24, 1, 0, 249, 3, 146]
1552551351655;[171, 0, 17, 255, 161, 76, 221, 3, 241, 1, 0, 54, 0, 0, 21, 1, 0, 249, 3, 143]
1552551351846;[171, 0, 4, 255, 132, 128, 66]
1552551351846;[171, 0, 17, 255, 161, 76, 221, 3, 241, 1, 0, 55, 0, 0, 20, 1, 0, 248, 3, 174]
1552551351847;[171, 0, 17, 255, 161, 76, 221, 3, 241, 1, 0, 56, 0, 0, 21, 1, 0, 249, 3, 186]
1552551352007;[171, 0, 17, 255, 161, 76, 221, 3, 241, 1, 0, 52, 0, 0, 24, 1, 0, 248, 3, 187]
1552551352008;[171, 0, 17, 255, 161, 76, 221, 3, 241, 1, 0, 57, 0, 0, 22, 1, 0, 245, 3, 188]
1552551352192;[171, 0, 17, 255, 161, 76, 221, 3, 241, 1, 0, 54, 0, 0, 24, 1, 0, 249, 3, 179]
1552551352193;[171, 0, 17, 255, 161, 76, 221, 3, 241, 1, 0, 54, 0, 0, 25, 1, 0, 248, 3, 171]
1552551352356;[171, 0, 17, 255, 161, 76, 221, 3, 241, 1, 0, 55, 0, 0, 24, 1, 0, 249, 3, 155]
1552551352357;[171, 0, 17, 255, 161, 76, 221, 3, 242, 1, 0, 58, 0, 0, 21, 1, 0, 246, 3, 125]
1552551352524;[171, 0, 17, 255, 161, 76, 221, 3, 242, 1, 0, 56, 0, 0, 22, 1, 0, 250, 3, 150]
1552551352708;[171, 0, 17, 255, 161, 76, 221, 3, 242, 1, 0, 56, 0, 0, 21, 1, 0, 249, 3, 163]
1552551352708;[171, 0, 4, 255, 132, 128, 66]
1552551352875;[171, 0, 17, 255, 161, 76, 221, 3, 242, 1, 0, 57, 0, 0, 21, 1, 0, 245, 3, 177]
1552551352875;[171, 0, 17, 255, 161, 76, 221, 3, 242, 1, 0, 54, 0, 0, 22, 1, 0, 249, 3, 182]
1552551353042;[171, 0, 17, 255, 161, 76, 221, 3, 242, 1, 0, 56, 0, 0, 22, 1, 0, 249, 3, 184]
1552551353209;[171, 0, 17, 255, 161, 76, 221, 3, 242, 1, 0, 56, 0, 0, 25, 1, 0, 248, 3, 168]
1552551353226;[171, 0, 17, 255, 161, 76, 221, 3, 242, 1, 0, 53, 0, 0, 24, 1, 0, 249, 3, 138]
1552551353392;[171, 0, 17, 255, 161, 76, 221, 3, 242, 1, 0, 56, 0, 0, 21, 1, 0, 248, 3, 126]
1552551353393;[171, 0, 17, 255, 161, 76, 221, 3, 242, 1, 0, 54, 0, 0, 22, 1, 0, 250, 3, 113]
1552551353560;[171, 0, 17, 255, 161, 76, 221, 3, 243, 1, 0, 54, 0, 0, 21, 1, 0, 249, 3, 131]
1552551353560;[171, 0, 17, 255, 161, 76, 221, 3, 243, 1, 0, 54, 0, 0, 25, 1, 0, 249, 3, 135]
1552551353911;[171, 0, 17, 255, 161, 76, 221, 3, 245, 1, 0, 53, 0, 0, 22, 1, 0, 248, 2, 219]
1552551353911;[171, 0, 17, 255, 161, 76, 221, 3, 245, 1, 0, 54, 0, 0, 25, 1, 0, 248, 2, 193]
1552551354078;[171, 0, 17, 255, 161, 76, 221, 3, 245, 1, 0, 53, 0, 0, 25, 1, 0, 249, 2, 203]
1552551354245;[171, 0, 17, 255, 161, 76, 221, 3, 245, 1, 0, 52, 0, 0, 23, 1, 0, 249, 2, 222]
1552551354261;[171, 0, 17, 255, 161, 76, 221, 3, 245, 1, 0, 50, 0, 0, 21, 1, 0, 249, 2, 225]
1552551354595;[171, 0, 17, 255, 161, 76, 221, 3, 245, 1, 0, 52, 0, 0, 21, 1, 0, 249, 2, 223]
1552551354596;[171, 0, 17, 255, 161, 76, 221, 3, 245, 1, 0, 54, 0, 0, 24, 1, 0, 250, 2, 219]
1552551354597;[171, 0, 17, 255, 161, 76, 221, 3, 246, 1, 0, 55, 0, 0, 21, 1, 0, 249, 2, 207]
1552551354763;[171, 0, 17, 255, 161, 76, 221, 3, 246, 1, 0, 53, 0, 0, 24, 1, 0, 249, 2, 193]
1552551354764;[171, 0, 17, 255, 161, 76, 221, 3, 246, 1, 0, 52, 0, 0, 24, 1, 0, 249, 2, 172]
1552551354946;[171, 0, 4, 255, 132, 128, 67]
1552551355114;[171, 0, 17, 255, 161, 76, 221, 3, 246, 1, 0, 54, 0, 0, 22, 1, 0, 248, 2, 180]
1552551355114;[171, 0, 17, 255, 161, 76, 221, 3, 246, 1, 0, 54, 0, 0, 21, 1, 0, 249, 2, 203]
1552551355281;[171, 0, 17, 255, 161, 76, 221, 3, 246, 1, 0, 54, 0, 0, 22, 1, 0, 250, 2, 210]
1552551355281;[171, 0, 17, 255, 161, 76, 221, 3, 246, 1, 0, 53, 0, 0, 24, 1, 0, 248, 2, 216]
1552551355632;[171, 0, 17, 255, 161, 76, 221, 3, 246, 1, 0, 53, 0, 0, 21, 1, 0, 248, 2, 212]
1552551355633;[171, 0, 17, 255, 161, 76, 221, 3, 246, 1, 0, 52, 0, 0, 24, 1, 0, 249, 2, 204]
1552551355633;[171, 0, 17, 255, 161, 76, 221, 3, 246, 1, 0, 53, 0, 0, 21, 1, 0, 249, 2, 195]
1552551355799;[171, 0, 17, 255, 161, 76, 221, 3, 247, 1, 0, 52, 0, 0, 24, 1, 0, 249, 2, 178]
1552551355799;[171, 0, 17, 255, 161, 76, 221, 3, 247, 1, 0, 54, 0, 0, 24, 1, 0, 249, 2, 155]
1552551355983;[171, 0, 17, 255, 161, 76, 221, 3, 247, 1, 0, 53, 0, 0, 21, 1, 0, 249, 2, 166]
1552551355983;[171, 0, 4, 255, 132, 128, 68]
1552551356150;[171, 0, 17, 255, 161, 76, 221, 3, 247, 1, 0, 56, 0, 0, 21, 1, 0, 250, 2, 190]
1552551356151;[171, 0, 17, 255, 161, 76, 221, 3, 247, 1, 0, 54, 0, 0, 24, 1, 0, 249, 2, 200]
1552551356317;[171, 0, 17, 255, 161, 76, 221, 3, 247, 1, 0, 53, 0, 0, 25, 1, 0, 249, 2, 208]
1552551356500;[171, 0, 17, 255, 161, 76, 221, 3, 247, 1, 0, 52, 0, 0, 21, 1, 0, 247, 2, 210]
1552551356501;[171, 0, 17, 255, 161, 76, 221, 3, 247, 1, 0, 54, 0, 0, 22, 1, 0, 250, 2, 206]
1552551356668;[171, 0, 17, 255, 161, 76, 221, 3, 247, 1, 0, 52, 0, 0, 22, 1, 0, 247, 2, 189]
1552551356668;[171, 0, 17, 255, 161, 76, 221, 3, 247, 1, 0, 51, 0, 0, 21, 1, 0, 249, 2, 170]
1552551356835;[171, 0, 17, 255, 161, 76, 221, 3, 248, 1, 0, 52, 0, 0, 21, 1, 0, 246, 2, 154]
1552551357018;[171, 0, 17, 255, 161, 76, 221, 3, 248, 1, 0, 53, 0, 0, 22, 1, 0, 249, 2, 145]
1552551357019;[171, 0, 17, 255, 161, 76, 221, 3, 248, 1, 0, 51, 0, 0, 22, 1, 0, 247, 2, 173]
1552551357185;[171, 0, 4, 255, 132, 128, 68]
1552551357186;[171, 0, 17, 255, 161, 76, 221, 3, 248, 1, 0, 53, 0, 0, 24, 1, 0, 249, 2, 188]
1552551357353;[171, 0, 17, 255, 161, 76, 221, 3, 248, 1, 0, 51, 0, 0, 21, 1, 0, 246, 2, 191]
1552551357353;[171, 0, 17, 255, 161, 76, 221, 3, 248, 1, 0, 52, 0, 0, 21, 1, 0, 249, 2, 194]
1552551357537;[171, 0, 17, 255, 161, 76, 221, 3, 248, 1, 0, 54, 0, 0, 23, 1, 0, 248, 2, 191]
1552551357871;[171, 0, 17, 255, 161, 76, 221, 3, 248, 1, 0, 53, 0, 0, 24, 1, 0, 249, 2, 180]
1552551357871;[171, 0, 17, 255, 161, 76, 221, 3, 248, 1, 0, 54, 0, 0, 21, 1, 0, 249, 2, 154]
1552551357872;[171, 0, 17, 255, 161, 76, 221, 3, 248, 1, 0, 50, 0, 0, 23, 1, 0, 246, 2, 143]
1552551357872;[171, 0, 17, 255, 161, 76, 221, 3, 249, 1, 0, 52, 0, 0, 21, 1, 0, 249, 2, 138]
1552551358054;[171, 0, 17, 255, 161, 76, 221, 3, 249, 1, 0, 52, 0, 0, 21, 1, 0, 246, 2, 165]
1552551358055;[171, 0, 17, 255, 161, 76, 221, 3, 249, 1, 0, 53, 0, 0, 24, 1, 0, 248, 2, 171]
1552551358221;[171, 0, 4, 255, 132, 128, 68]
1552551358389;[171, 0, 17, 255, 161, 76, 221, 3, 249, 1, 0, 53, 0, 0, 21, 1, 0, 246, 2, 175]
1552551358389;[171, 0, 17, 255, 161, 76, 221, 3, 249, 1, 0, 50, 0, 0, 22, 1, 0, 249, 2, 173]
1552551358572;[171, 0, 17, 255, 161, 76, 221, 3, 249, 1, 0, 54, 0, 0, 24, 1, 0, 250, 2, 162]
1552551358573;[171, 0, 17, 255, 161, 76, 221, 3, 249, 1, 0, 52, 0, 0, 23, 1, 0, 249, 2, 155]
1552551358739;[171, 0, 17, 255, 161, 76, 221, 3, 249, 1, 0, 52, 0, 0, 27, 1, 0, 249, 2, 131]
1552551358906;[171, 0, 17, 255, 161, 76, 221, 3, 249, 1, 0, 53, 0, 0, 25, 1, 0, 248, 2, 108]
1552551358907;[171, 0, 17, 255, 161, 76, 221, 3, 249, 1, 0, 51, 0, 0, 24, 1, 0, 248, 2, 119]
1552551359074;[171, 0, 17, 255, 161, 76, 221, 3, 250, 1, 0, 56, 0, 0, 25, 1, 0, 249, 2, 161]
1552551359091;[171, 0, 17, 255, 161, 76, 221, 3, 250, 1, 0, 53, 0, 0, 24, 1, 0, 246, 2, 174]
1552551359258;[171, 0, 17, 255, 161, 76, 221, 3, 250, 1, 0, 52, 0, 0, 24, 1, 0, 249, 2, 188]
1552551359258;[171, 0, 4, 255, 132, 128, 68]
1552551359424;[171, 0, 17, 255, 161, 76, 221, 3, 250, 1, 0, 54, 0, 0, 23, 1, 0, 250, 2, 197]
1552551359592;[171, 0, 17, 255, 161, 76, 221, 3, 250, 1, 0, 52, 0, 0, 21, 1, 0, 249, 2, 200]
1552551359608;[171, 0, 17, 255, 161, 76, 221, 3, 250, 1, 0, 52, 0, 0, 21, 1, 0, 246, 2, 193]
1552551359775;[171, 0, 17, 255, 161, 76, 221, 3, 250, 1, 0, 53, 0, 0, 21, 1, 0, 249, 2, 177]
1552551359776;[171, 0, 17, 255, 161, 76, 221, 3, 250, 1, 0, 51, 0, 0, 27, 1, 0, 248, 2, 163]
1552551359942;[171, 0, 17, 255, 161, 76, 221, 3, 250, 1, 0, 53, 0, 0, 21, 1, 0, 247, 2, 152]
1552551359943;[171, 0, 17, 255, 161, 76, 221, 3, 250, 1, 0, 52, 0, 0, 21, 1, 0, 248, 2, 191]
1552551360110;[171, 0, 17, 255, 161, 76, 221, 3, 251, 1, 0, 50, 0, 0, 22, 1, 0, 249, 2, 231]
1552551360293;[171, 0, 17, 255, 161, 76, 221, 3, 251, 1, 0, 52, 0, 0, 24, 1, 0, 249, 2, 242]
1552551360294;[171, 0, 17, 255, 161, 76, 221, 3, 251, 1, 0, 53, 0, 0, 21, 1, 0, 249, 3, 2]
1552551360627;[171, 0, 4, 255, 132, 128, 68]
1552551360629;[171, 0, 17, 255, 161, 76, 221, 3, 251, 1, 0, 52, 0, 0, 22, 1, 0, 249, 3, 13]
1552551360647;[171, 0, 17, 255, 161, 76, 221, 3, 251, 1, 0, 53, 0, 0, 27, 1, 0, 247, 3, 8]
1552551360811;[171, 0, 17, 255, 161, 76, 221, 3, 251, 1, 0, 51, 0, 0, 24, 1, 0, 249, 3, 4]
1552551360812;[171, 0, 17, 255, 161, 76, 221, 3, 251, 1, 0, 54, 0, 0, 22, 1, 0, 249, 2, 242]
1552551360978;[171, 0, 17, 255, 161, 76, 221, 3, 251, 1, 0, 52, 0, 0, 21, 1, 0, 249, 3, 10]
1552551360979;[171, 0, 17, 255, 161, 76, 221, 3, 251, 1, 0, 54, 0, 0, 24, 1, 0, 249, 3, 47]
1552551361146;[171, 0, 17, 255, 161, 76, 221, 3, 251, 1, 0, 53, 0, 0, 25, 1, 0, 249, 3, 80]
1552551361146;[171, 0, 17, 255, 161, 76, 221, 4, 0, 1, 0, 52, 0, 0, 24, 1, 0, 246, 3, 99]
1552551361330;[171, 0, 17, 255, 161, 76, 221, 4, 0, 1, 0, 52, 0, 0, 24, 1, 0, 249, 3, 121]
1552551361663;[171, 0, 17, 255, 161, 76, 221, 4, 0, 1, 0, 56, 0, 0, 25, 1, 0, 249, 3, 118]
1552551361664;[171, 0, 4, 255, 132, 128, 68]
1552551361665;[171, 0, 17, 255, 161, 76, 221, 4, 0, 1, 0, 53, 0, 0, 22, 1, 0, 249, 3, 107]
1552551361683;[171, 0, 17, 255, 161, 76, 221, 4, 0, 1, 0, 54, 0, 0, 24, 1, 0, 248, 3, 106]
1552551361847;[171, 0, 17, 255, 161, 76, 221, 4, 0, 1, 0, 56, 0, 0, 25, 1, 0, 247, 3, 84]
1552551362182;[171, 0, 17, 255, 161, 76, 221, 4, 0, 1, 0, 53, 0, 0, 21, 1, 0, 248, 3, 105]
1552551362183;[171, 0, 17, 255, 161, 76, 221, 4, 0, 1, 0, 52, 0, 0, 24, 1, 0, 249, 3, 153]
1552551362198;[171, 0, 17, 255, 161, 76, 221, 4, 0, 1, 0, 54, 0, 0, 22, 1, 0, 248, 3, 176]
1552551362199;[171, 0, 17, 255, 161, 76, 221, 4, 0, 1, 0, 53, 0, 0, 25, 1, 0, 243, 3, 213]
1552551362365;[171, 0, 17, 255, 161, 76, 221, 4, 1, 1, 0, 54, 0, 0, 21, 1, 0, 249, 3, 217]
1552551362366;[171, 0, 17, 255, 161, 76, 221, 4, 1, 1, 0, 53, 0, 0, 22, 1, 0, 249, 3, 223]
1552551362532;[171, 0, 17, 255, 161, 76, 221, 4, 1, 1, 0, 51, 0, 0, 24, 1, 0, 246, 3, 217]
1552551362699;[171, 0, 4, 255, 132, 128, 68]
1552551362700;[171, 0, 17, 255, 161, 76, 221, 4, 1, 1, 0, 53, 0, 0, 24, 1, 0, 249, 3, 212]
1552551362883;[171, 0, 17, 255, 161, 76, 221, 4, 1, 1, 0, 52, 0, 0, 25, 1, 0, 245, 3, 190]
1552551362884;[171, 0, 17, 255, 161, 76, 221, 4, 1, 1, 0, 53, 0, 0, 21, 1, 0, 249, 3, 188]
1552551363050;[171, 0, 17, 255, 161, 76, 221, 4, 1, 1, 0, 53, 0, 0, 27, 1, 0, 247, 3, 249]
1552551363051;[171, 0, 17, 255, 161, 76, 221, 4, 1, 1, 0, 51, 0, 0, 22, 1, 0, 246, 4, 28]
1552551363568;[171, 0, 17, 255, 161, 76, 221, 4, 1, 1, 0, 53, 0, 0, 22, 1, 0, 250, 4, 52]
1552551363569;[171, 0, 17, 255, 161, 76, 221, 4, 1, 1, 0, 53, 0, 0, 24, 1, 0, 248, 4, 68]
1552551363569;[171, 0, 17, 255, 161, 76, 221, 4, 2, 1, 0, 55, 0, 0, 24, 1, 0, 249, 4, 68]
1552551363570;[171, 0, 17, 255, 161, 76, 221, 4, 2, 1, 0, 51, 0, 0, 22, 1, 0, 250, 4, 67]
1552551363571;[171, 0, 17, 255, 161, 76, 221, 4, 2, 1, 0, 52, 0, 0, 25, 1, 0, 249, 4, 50]
1552551363919;[171, 0, 4, 255, 132, 128, 68]
1552551363920;[171, 0, 17, 255, 161, 76, 221, 4, 2, 1, 0, 51, 0, 0, 24, 1, 0, 249, 4, 30]
1552551363921;[171, 0, 17, 255, 161, 76, 221, 4, 2, 1, 0, 52, 0, 0, 22, 1, 0, 246, 4, 45]
1552551364086;[171, 0, 17, 255, 161, 76, 221, 4, 2, 1, 0, 52, 0, 0, 24, 1, 0, 254, 4, 97]
1552551364087;[171, 0, 17, 255, 161, 76, 221, 4, 2, 1, 0, 52, 0, 0, 21, 1, 0, 249, 4, 123]
1552551364254;[171, 0, 17, 255, 161, 76, 221, 4, 2, 1, 0, 50, 0, 0, 22, 1, 0, 254, 4, 140]
1552551364254;[171, 0, 17, 255, 161, 76, 221, 4, 2, 1, 0, 52, 0, 0, 25, 1, 0, 249, 4, 160]
1552551364437;[171, 0, 17, 255, 161, 76, 221, 4, 2, 1, 0, 52, 0, 0, 22, 1, 0, 249, 4, 152]
1552551364604;[171, 0, 17, 255, 161, 76, 221, 4, 3, 1, 0, 52, 0, 0, 21, 1, 0, 250, 4, 140]
1552551364605;[171, 0, 17, 255, 161, 76, 221, 4, 3, 1, 0, 53, 0, 0, 21, 1, 0, 246, 4, 128]
1552551364771;[171, 0, 17, 255, 161, 76, 221, 4, 3, 1, 0, 52, 0, 0, 23, 1, 0, 247, 4, 111]
1552551364772;[171, 0, 4, 255, 132, 128, 68]
1552551364939;[171, 0, 17, 255, 161, 76, 221, 4, 3, 1, 0, 52, 0, 0, 27, 1, 0, 247, 4, 141]
1552551364955;[171, 0, 17, 255, 161, 76, 221, 4, 3, 1, 0, 52, 0, 0, 24, 1, 0, 253, 4, 181]
1552551365122;[171, 0, 17, 255, 161, 76, 221, 4, 3, 1, 0, 54, 0, 0, 27, 1, 0, 250, 4, 204]
1552551365290;[171, 0, 17, 255, 161, 76, 221, 4, 3, 1, 0, 53, 0, 0, 27, 1, 0, 250, 4, 219]
1552551365291;[171, 0, 17, 255, 161, 76, 221, 4, 3, 1, 0, 52, 0, 0, 25, 1, 0, 249, 4, 218]
1552551365457;[171, 0, 17, 255, 161, 76, 221, 4, 3, 1, 0, 52, 0, 0, 24, 1, 0, 249, 4, 205]
1552551365473;[171, 0, 17, 255, 161, 76, 221, 4, 3, 1, 0, 50, 0, 0, 21, 1, 0, 250, 4, 184]
1552551365640;[171, 0, 17, 255, 161, 76, 221, 4, 4, 1, 0, 50, 0, 0, 11, 1, 0, 250, 4, 156]
1552551365807;[171, 0, 17, 255, 161, 76, 221, 4, 4, 1, 0, 50, 0, 0, 25, 1, 0, 249, 4, 137]
1552551365808;[171, 0, 17, 255, 161, 76, 221, 4, 4, 1, 0, 46, 0, 0, 20, 1, 0, 250, 4, 165]
1552551365974;[171, 0, 4, 255, 132, 128, 68]
1552551365975;[171, 0, 17, 255, 161, 76, 221, 4, 4, 1, 0, 51, 0, 0, 20, 1, 0, 249, 4, 214]
1552551366158;[171, 0, 17, 255, 161, 76, 221, 4, 4, 1, 0, 51, 0, 0, 21, 1, 0, 249, 4, 238]
1552551366159;[171, 0, 17, 255, 161, 76, 221, 4, 4, 1, 0, 50, 0, 0, 24, 1, 0, 255, 4, 253]
1552551366325;[171, 0, 17, 255, 161, 76, 221, 4, 4, 1, 0, 46, 0, 0, 21, 1, 0, 250, 4, 254]
1552551366676;[171, 0, 17, 255, 161, 76, 221, 4, 4, 1, 0, 50, 0, 0, 27, 1, 0, 248, 4, 238]
1552551366677;[171, 0, 17, 255, 161, 76, 221, 4, 4, 1, 0, 52, 0, 0, 25, 1, 0, 248, 4, 219]
1552551366843;[171, 0, 17, 255, 161, 76, 221, 4, 4, 1, 0, 51, 0, 0, 23, 1, 0, 250, 4, 186]
1552551366844;[171, 0, 17, 255, 161, 76, 221, 4, 5, 1, 0, 53, 0, 0, 24, 1, 0, 243, 4, 142]
1552551366845;[171, 0, 17, 255, 161, 76, 221, 4, 5, 1, 0, 50, 0, 0, 21, 1, 0, 249, 4, 164]
1552551366845;[171, 0, 17, 255, 161, 76, 221, 4, 5, 1, 0, 52, 0, 0, 22, 1, 0, 249, 4, 202]
1552551367010;[171, 0, 4, 255, 132, 128, 68]
1552551367194;[171, 0, 17, 255, 161, 76, 221, 4, 5, 1, 0, 52, 0, 0, 24, 1, 0, 250, 4, 204]
1552551367195;[171, 0, 17, 255, 161, 76, 221, 4, 5, 1, 0, 52, 0, 0, 23, 1, 0, 246, 4, 211]
1552551367528;[171, 0, 17, 255, 161, 76, 221, 4, 5, 1, 0, 52, 0, 0, 22, 1, 0, 246, 4, 204]
1552551367528;[171, 0, 17, 255, 161, 76, 221, 4, 5, 1, 0, 54, 0, 0, 24, 1, 0, 254, 4, 179]
1552551367529;[171, 0, 17, 255, 161, 76, 221, 4, 5, 1, 0, 51, 0, 0, 21, 1, 0, 249, 4, 153]
1552551367712;[171, 0, 17, 255, 161, 76, 221, 4, 5, 1, 0, 53, 0, 0, 21, 1, 0, 248, 4, 122]
1552551367712;[171, 0, 17, 255, 161, 76, 221, 4, 5, 1, 0, 51, 0, 0, 27, 1, 0, 245, 4, 117]
1552551367879;[171, 0, 17, 255, 161, 76, 221, 4, 6, 1, 0, 46, 0, 0, 21, 1, 0, 250, 4, 147]
1552551367880;[171, 0, 17, 255, 161, 76, 221, 4, 6, 1, 0, 52, 0, 0, 24, 1, 0, 250, 4, 145]
1552551368046;[171, 0, 17, 255, 161, 76, 221, 4, 6, 1, 0, 51, 0, 0, 21, 1, 0, 250, 4, 143]
1552551368046;[171, 0, 4, 255, 132, 128, 68]
1552551368230;[171, 0, 17, 255, 161, 76, 221, 4, 6, 1, 0, 54, 0, 0, 21, 1, 0, 248, 4, 128]
1552551368397;[171, 0, 17, 255, 161, 76, 221, 4, 6, 1, 0, 54, 0, 0, 22, 1, 0, 246, 4, 111]
1552551368398;[171, 0, 17, 255, 161, 76, 221, 4, 6, 1, 0, 48, 0, 0, 21, 1, 0, 249, 4, 80]
1552551368564;[171, 0, 17, 255, 161, 76, 221, 4, 6, 1, 0, 52, 0, 0, 21, 1, 0, 248, 4, 42]
1552551368565;[171, 0, 17, 255, 161, 76, 221, 4, 6, 1, 0, 52, 0, 0, 27, 1, 0, 249, 4, 40]
1552551368748;[171, 0, 17, 255, 161, 76, 221, 4, 6, 1, 0, 52, 0, 0, 21, 1, 0, 246, 4, 71]
1552551368915;[171, 0, 17, 255, 161, 76, 221, 4, 6, 1, 0, 50, 0, 0, 22, 1, 0, 249, 4, 92]
1552551369082;[171, 0, 17, 255, 161, 76, 221, 4, 7, 1, 0, 52, 0, 0, 22, 1, 0, 249, 4, 83]
1552551369082;[171, 0, 17, 255, 161, 76, 221, 4, 7, 1, 0, 52, 0, 0, 24, 1, 0, 248, 4, 82]
1552551369083;[171, 0, 17, 255, 161, 76, 221, 4, 7, 1, 0, 52, 0, 0, 24, 1, 0, 246, 4, 55]
1552551369266;[171, 0, 4, 255, 132, 128, 68]
1552551369267;[171, 0, 17, 255, 161, 76, 221, 4, 7, 1, 0, 51, 0, 0, 23, 1, 0, 248, 4, 28]
1552551369433;[171, 0, 17, 255, 161, 76, 221, 4, 7, 1, 0, 53, 0, 0, 25, 1, 0, 248, 3, 255]
1552551369601;[171, 0, 17, 255, 161, 76, 221, 4, 7, 1, 0, 52, 0, 0, 21, 1, 0, 249, 3, 238]
1552551369601;[171, 0, 17, 255, 161, 76, 221, 4, 7, 1, 0, 52, 0, 0, 21, 1, 0, 249, 4, 8]
1552551369784;[171, 0, 17, 255, 161, 76, 221, 4, 7, 1, 0, 50, 0, 0, 22, 1, 0, 249, 4, 36]
1552551369785;[171, 0, 17, 255, 161, 76, 221, 4, 7, 1, 0, 51, 0, 0, 22, 1, 0, 249, 4, 35]
1552551369951;[171, 0, 17, 255, 161, 76, 221, 4, 7, 1, 0, 52, 0, 0, 21, 1, 0, 249, 4, 42]
1552551369952;[171, 0, 17, 255, 161, 76, 221, 4, 8, 1, 0, 51, 0, 0, 21, 1, 0, 254, 4, 18]
1552551370118;[171, 0, 17, 255, 161, 76, 221, 4, 8, 1, 0, 51, 0, 0, 21, 1, 0, 249, 3, 248]
1552551370302;[171, 0, 17, 255, 161, 76, 221, 4, 8, 1, 0, 52, 0, 0, 22, 1, 0, 246, 3, 221]
1552551370302;[171, 0, 4, 255, 132, 128, 68]
1552551370469;[171, 0, 17, 255, 161, 76, 221, 4, 8, 1, 0, 51, 0, 0, 24, 1, 0, 249, 3, 174]
1552551370470;[171, 0, 17, 255, 161, 76, 221, 4, 8, 1, 0, 53, 0, 0, 24, 1, 0, 249, 3, 151]
1552551370636;[171, 0, 17, 255, 161, 76, 221, 4, 8, 1, 0, 50, 0, 0, 21, 1, 0, 249, 3, 168]
1552551370803;[171, 0, 17, 255, 161, 76, 221, 4, 8, 1, 0, 51, 0, 0, 21, 1, 0, 249, 3, 180]
1552551370820;[171, 0, 17, 255, 161, 76, 221, 4, 8, 1, 0, 53, 0, 0, 21, 1, 0, 248, 3, 168]
1552551370988;[171, 0, 17, 255, 161, 76, 221, 4, 8, 1, 0, 51, 0, 0, 20, 1, 0, 249, 3, 154]
1552551370989;[171, 0, 17, 255, 161, 76, 221, 4, 8, 1, 0, 53, 0, 0, 22, 1, 0, 249, 3, 136]
1552551371154;[171, 0, 17, 255, 161, 76, 221, 4, 9, 1, 0, 52, 0, 0, 24, 1, 0, 249, 3, 108]
1552551371154;[171, 0, 17, 255, 161, 76, 221, 4, 9, 1, 0, 49, 0, 0, 21, 1, 0, 250, 3, 76]
1552551371321;[171, 0, 17, 255, 161, 76, 221, 4, 9, 1, 0, 45, 0, 0, 21, 1, 0, 255, 3, 40]
1552551371505;[171, 0, 4, 255, 132, 128, 68]
1552551371506;[171, 0, 17, 255, 161, 76, 221, 4, 9, 1, 0, 41, 0, 0, 11, 1, 0, 250, 3, 15]
1552551371672;[171, 0, 17, 255, 161, 76, 221, 4, 9, 1, 0, 41, 0, 0, 21, 1, 0, 254, 3, 16]
1552551371672;[171, 0, 17, 255, 161, 76, 221, 4, 9, 1, 0, 33, 0, 0, 22, 1, 1, 7, 3, 25]
1552551371839;[171, 0, 17, 255, 161, 76, 221, 4, 9, 1, 0, 20, 0, 0, 16, 1, 1, 13, 3, 29]
1552551371856;[171, 0, 17, 255, 161, 76, 221, 4, 9, 0, 0, 38, 0, 0, 15, 1, 1, 25, 3, 30]
1552551372023;[171, 0, 17, 255, 161, 76, 221, 4, 9, 0, 0, 55, 0, 0, 154, 1, 0, 126, 3, 27]
1552551372190;[171, 0, 17, 255, 161, 76, 221, 4, 9, 0, 0, 89, 0, 0, 194, 1, 0, 57, 3, 43]
1552551372191;[171, 0, 17, 255, 161, 76, 221, 4, 10, 0, 0, 200, 0, 0, 130, 1, 0, 91, 3, 73]
1552551372357;[171, 0, 17, 255, 161, 76, 221, 4, 10, 0, 0, 23, 0, 0, 68, 1, 0, 236, 3, 67]
1552551372374;[171, 0, 17, 255, 161, 76, 221, 4, 10, 0, 0, 206, 0, 0, 42, 1, 1, 41, 3, 5]
1552551372541;[171, 0, 4, 255, 132, 128, 68]
1552551372708;[171, 0, 17, 255, 161, 76, 221, 4, 10, 0, 0, 142, 0, 0, 60, 1, 0, 138, 2, 226]
1552551372709;[171, 0, 17, 255, 161, 76, 221, 4, 10, 0, 0, 177, 0, 0, 87, 1, 0, 90, 2, 245]
1552551372875;[171, 0, 17, 255, 161, 76, 221, 4, 10, 0, 0, 225, 0, 0, 86, 1, 0, 24, 3, 27]
1552551372876;[171, 0, 17, 255, 161, 76, 221, 4, 10, 0, 0, 147, 0, 0, 80, 0, 0, 14, 3, 79]
1552551373058;[171, 0, 17, 255, 161, 76, 221, 4, 10, 0, 0, 188, 0, 0, 121, 0, 0, 186, 3, 125]
1552551373059;[171, 0, 17, 255, 161, 76, 221, 4, 10, 0, 0, 181, 0, 0, 70, 0, 0, 58, 3, 193]
1552551373226;[171, 0, 17, 255, 161, 76, 221, 4, 10, 0, 0, 168, 0, 0, 88, 0, 0, 210, 5, 194]
1552551373393;[171, 0, 17, 255, 161, 76, 221, 4, 11, 0, 0, 139, 0, 0, 34, 0, 0, 194, 6, 82]
1552551373393;[171, 0, 17, 255, 161, 76, 221, 4, 11, 0, 0, 223, 0, 0, 108, 0, 0, 243, 6, 13]
1552551373577;[171, 0, 17, 255, 161, 76, 221, 4, 11, 0, 0, 170, 0, 0, 81, 0, 0, 129, 5, 164]
1552551373577;[171, 0, 4, 255, 132, 128, 68]
1552551373744;[171, 0, 17, 255, 161, 76, 221, 4, 11, 0, 0, 116, 0, 0, 157, 0, 0, 124, 6, 80]
1552551373744;[171, 0, 17, 255, 161, 76, 221, 4, 11, 0, 0, 168, 0, 0, 104, 0, 0, 122, 7, 91]
1552551373911;[171, 0, 17, 255, 161, 76, 221, 4, 11, 0, 0, 184, 0, 0, 112, 0, 0, 131, 8, 131]
1552551374094;[171, 0, 17, 255, 161, 76, 221, 4, 11, 0, 0, 196, 0, 0, 119, 0, 0, 137, 10, 83]
1552551374094;[171, 0, 17, 255, 161, 76, 221, 4, 11, 0, 0, 177, 0, 0, 110, 0, 0, 133, 10, 201]
1552551374261;[171, 0, 17, 255, 161, 76, 221, 4, 11, 0, 0, 203, 0, 0, 154, 0, 0, 127, 11, 17]
1552551374262;[171, 0, 17, 255, 161, 76, 221, 4, 11, 0, 0, 219, 0, 0, 180, 0, 0, 42, 9, 57]
1552551374428;[171, 0, 17, 255, 161, 76, 221, 4, 12, 0, 0, 225, 0, 0, 194, 0, 0, 150, 12, 206]
1552551374613;[171, 0, 17, 255, 161, 76, 221, 4, 12, 0, 0, 96, 0, 0, 167, 0, 0, 49, 11, 102]
1552551374613;[171, 0, 17, 255, 161, 76, 221, 4, 12, 0, 0, 201, 0, 0, 97, 1, 0, 16, 8, 246]
1552551374779;[171, 0, 4, 255, 132, 128, 68]
1552551374780;[171, 0, 17, 255, 161, 76, 221, 4, 12, 0, 0, 185, 0, 0, 56, 1, 0, 63, 8, 237]
1552551374946;[171, 0, 17, 255, 161, 76, 221, 4, 12, 0, 0, 74, 0, 0, 120, 1, 0, 144, 8, 142]
1552551374947;[171, 0, 17, 255, 161, 76, 221, 4, 12, 0, 0, 61, 0, 0, 121, 1, 0, 190, 7, 196]
1552551375130;[171, 0, 17, 255, 161, 76, 221, 4, 12, 0, 0, 66, 0, 0, 151, 1, 0, 180, 6, 237]
1552551375297;[171, 0, 17, 255, 161, 76, 221, 4, 12, 0, 0, 86, 0, 0, 169, 1, 0, 219, 6, 87]
1552551375298;[171, 0, 17, 255, 161, 76, 221, 4, 12, 1, 0, 46, 0, 0, 137, 1, 0, 171, 5, 193]
1552551375464;[171, 0, 17, 255, 161, 76, 221, 4, 12, 1, 0, 122, 0, 0, 97, 1, 0, 216, 5, 126]
1552551375465;[171, 0, 17, 255, 161, 76, 221, 4, 13, 1, 0, 36, 0, 0, 176, 1, 0, 224, 5, 36]
1552551375649;[171, 0, 17, 255, 161, 76, 221, 4, 13, 0, 0, 73, 0, 0, 144, 1, 0, 241, 4, 174]
1552551375815;[171, 0, 17, 255, 161, 76, 221, 4, 15, 1, 0, 67, 0, 0, 126, 1, 0, 184, 3, 171]
1552551376166;[171, 0, 17, 255, 161, 76, 221, 4, 15, 1, 0, 14, 0, 0, 91, 1, 0, 147, 3, 189]
1552551376167;[171, 0, 17, 255, 161, 76, 221, 4, 15, 0, 0, 150, 0, 0, 143, 1, 0, 199, 3, 63]
1552551376167;[171, 0, 17, 255, 161, 76, 221, 4, 15, 1, 0, 185, 0, 0, 77, 1, 0, 122, 2, 245]
1552551376333;[171, 0, 17, 255, 161, 76, 221, 4, 15, 1, 0, 75, 0, 0, 55, 1, 1, 124, 2, 244]
1552551376501;[171, 0, 17, 255, 161, 76, 221, 4, 15, 0, 1, 15, 0, 0, 119, 1, 1, 16, 2, 167]
1552551376684;[171, 0, 17, 255, 161, 76, 221, 4, 15, 1, 0, 147, 0, 0, 80, 1, 0, 143, 2, 117]
1552551376685;[171, 0, 17, 255, 161, 76, 221, 4, 16, 0, 0, 63, 0, 0, 121, 1, 0, 241, 2, 59]
1552551376685;[171, 0, 17, 255, 161, 76, 221, 4, 16, 1, 0, 35, 0, 0, 110, 1, 0, 241, 2, 15]
1552551376852;[171, 0, 17, 255, 161, 76, 221, 4, 16, 1, 0, 1, 0, 0, 125, 1, 0, 228, 1, 226]
1552551376852;[171, 0, 4, 255, 132, 128, 66]
1552551377018;[171, 0, 17, 255, 161, 76, 221, 4, 16, 0, 0, 5, 0, 0, 155, 1, 1, 19, 1, 194]
1552551377186;[171, 0, 17, 255, 161, 76, 221, 4, 16, 1, 0, 33, 0, 0, 120, 1, 0, 211, 1, 175]
1552551377202;[171, 0, 17, 255, 161, 76, 221, 4, 16, 1, 0, 125, 0, 0, 78, 1, 0, 211, 1, 166]
1552551377369;[171, 0, 17, 255, 161, 76, 221, 4, 16, 1, 0, 77, 0, 0, 59, 1, 0, 239, 1, 70]
1552551377370;[171, 0, 17, 255, 161, 76, 221, 4, 16, 0, 0, 23, 0, 0, 16, 1, 0, 229, 1, 70]
1552551377536;[171, 0, 17, 255, 161, 76, 221, 4, 16, 1, 0, 50, 1, 0, 25, 1, 0, 206, 0, 203]
1552551377704;[171, 0, 17, 255, 161, 76, 221, 4, 16, 1, 0, 138, 0, 0, 21, 1, 1, 5, 0, 202]
1552551377720;[171, 0, 17, 255, 161, 76, 221, 4, 17, 1, 0, 111, 1, 0, 5, 1, 0, 211, 16, 175]
1552551378054;[171, 0, 17, 255, 161, 76, 221, 4, 17, 1, 0, 229, 0, 0, 1, 1, 0, 199, 7, 219]
1552551378055;[171, 0, 17, 255, 161, 76, 221, 4, 17, 1, 0, 249, 0, 0, 16, 1, 0, 147, 7, 180]
1552551378055;[171, 0, 4, 255, 132, 128, 66]
1552551378056;[171, 0, 17, 255, 161, 76, 221, 4, 17, 1, 1, 8, 0, 0, 31, 1, 0, 137, 7, 189]
1552551378222;[171, 0, 17, 255, 161, 76, 221, 4, 17, 1, 0, 224, 0, 0, 46, 1, 0, 120, 7, 200]
1552551378405;[171, 0, 17, 255, 161, 76, 221, 4, 17, 1, 0, 237, 0, 0, 65, 1, 0, 125, 7, 188]
1552551378406;[171, 0, 17, 255, 161, 76, 221, 4, 17, 1, 0, 233, 0, 0, 84, 1, 0, 95, 7, 193]
1552551378572;[171, 0, 17, 255, 161, 76, 221, 4, 17, 1, 0, 182, 0, 0, 120, 1, 0, 58, 7, 211]
1552551378740;[171, 0, 17, 255, 161, 76, 221, 4, 17, 1, 0, 171, 0, 0, 160, 1, 0, 21, 7, 160]
1552551378741;[171, 0, 17, 255, 161, 76, 221, 4, 17, 1, 0, 193, 0, 0, 170, 0, 0, 71, 7, 43]
1552551378756;[171, 0, 17, 255, 161, 76, 221, 4, 18, 1, 0, 181, 0, 0, 176, 0, 0, 93, 6, 228]
1552551378923;[171, 0, 17, 255, 161, 76, 221, 4, 18, 1, 0, 151, 0, 0, 220, 0, 0, 97, 6, 214]
1552551379091;[171, 0, 17, 255, 161, 76, 221, 4, 18, 1, 0, 116, 0, 0, 194, 0, 0, 89, 6, 132]
1552551379092;[171, 0, 4, 255, 132, 128, 66]
1552551379258;[171, 0, 17, 255, 161, 76, 221, 4, 18, 1, 0, 103, 0, 0, 236, 0, 0, 83, 6, 70]
1552551379274;[171, 0, 17, 255, 161, 76, 221, 4, 18, 1, 0, 98, 0, 0, 222, 0, 0, 69, 6, 39]
1552551379442;[171, 0, 17, 255, 161, 76, 221, 4, 18, 1, 0, 101, 0, 0, 227, 0, 0, 97, 6, 10]
1552551379609;[171, 0, 17, 255, 161, 76, 221, 4, 18, 1, 0, 118, 0, 0, 225, 0, 0, 73, 5, 145]
1552551379609;[171, 0, 17, 255, 161, 76, 221, 4, 18, 1, 0, 94, 0, 0, 236, 0, 0, 62, 4, 141]
1552551379959;[171, 0, 17, 255, 161, 76, 221, 4, 18, 1, 0, 99, 0, 0, 230, 0, 0, 47, 3, 217]
1552551379960;[171, 0, 17, 255, 161, 76, 221, 4, 18, 1, 0, 77, 0, 0, 239, 0, 0, 52, 3, 97]
1552551379960;[171, 0, 17, 255, 161, 76, 221, 4, 19, 1, 0, 85, 0, 0, 227, 0, 0, 41, 3, 22]
1552551379961;[171, 0, 17, 255, 161, 76, 221, 4, 19, 1, 0, 96, 0, 0, 237, 0, 0, 48, 2, 234]
1552551380127;[171, 0, 17, 255, 161, 76, 221, 4, 19, 1, 0, 85, 0, 0, 233, 0, 0, 22, 2, 137]
1552551380294;[171, 0, 4, 255, 132, 128, 66]
1552551380295;[171, 0, 17, 255, 161, 76, 221, 4, 19, 1, 0, 50, 0, 0, 247, 0, 0, 59, 1, 231]
1552551380477;[171, 0, 17, 255, 161, 76, 221, 4, 19, 1, 0, 107, 0, 0, 244, 0, 0, 67, 1, 231]
1552551380477;[171, 0, 17, 255, 161, 76, 221, 4, 19, 1, 0, 89, 0, 0, 235, 0, 0, 63, 1, 216]
1552551380645;[171, 0, 17, 255, 161, 76, 221, 4, 19, 1, 0, 58, 0, 0, 247, 0, 0, 51, 1, 213]
1552551381162;[171, 0, 17, 255, 161, 76, 221, 4, 19, 1, 0, 91, 0, 0, 237, 0, 0, 56, 1, 185]
1552551381162;[171, 0, 17, 255, 161, 76, 221, 4, 19, 1, 0, 87, 0, 0, 233, 0, 0, 40, 1, 175]
1552551381163;[171, 0, 17, 255, 161, 76, 221, 4, 19, 1, 0, 86, 0, 0, 237, 0, 0, 66, 1, 146]
1552551381163;[171, 0, 17, 255, 161, 76, 221, 4, 20, 1, 0, 116, 0, 0, 230, 0, 0, 81, 1, 63]
1552551381164;[171, 0, 17, 255, 161, 76, 221, 4, 20, 1, 0, 79, 0, 0, 225, 0, 0, 61, 0, 254]
1552551381164;[171, 0, 17, 255, 161, 76, 221, 4, 20, 1, 0, 58, 0, 0, 227, 0, 0, 72, 0, 225]
1552551381329;[171, 0, 4, 255, 132, 128, 67]
1552551381513;[171, 0, 17, 255, 161, 76, 221, 4, 20, 1, 0, 100, 0, 0, 192, 0, 0, 107, 16, 188]
1552551381580;[171, 0, 17, 255, 161, 76, 221, 4, 20, 1, 0, 56, 0, 0, 180, 0, 0, 75, 7, 76]
1552551381679;[171, 0, 17, 255, 161, 76, 221, 4, 20, 1, 0, 79, 0, 0, 156, 0, 0, 119, 8, 60]
1552551381680;[171, 0, 17, 255, 161, 76, 221, 4, 20, 1, 0, 56, 0, 0, 122, 0, 0, 90, 8, 56]
1552551381847;[171, 0, 17, 255, 161, 76, 221, 4, 20, 1, 0, 98, 0, 0, 62, 0, 0, 134, 7, 204]
1552551381848;[171, 0, 17, 255, 161, 76, 221, 4, 20, 1, 0, 137, 0, 0, 80, 0, 0, 141, 7, 145]
1552551382031;[171, 0, 17, 255, 161, 76, 221, 4, 20, 1, 0, 140, 0, 0, 235, 0, 0, 7, 7, 121]
1552551382198;[171, 0, 17, 255, 161, 76, 221, 4, 21, 1, 0, 159, 0, 1, 40, 1, 0, 138, 7, 183]
1552551382199;[171, 0, 17, 255, 161, 76, 221, 4, 21, 0, 0, 86, 0, 1, 66, 1, 0, 27, 7, 239]
1552551382366;[171, 0, 17, 255, 161, 76, 221, 4, 21, 0, 0, 135, 0, 0, 249, 1, 0, 106, 8, 69]
1552551382366;[171, 0, 4, 255, 132, 128, 68]
1552551382549;[171, 0, 17, 255, 161, 76, 221, 4, 21, 0, 0, 215, 0, 0, 216, 1, 0, 149, 8, 167]
1552551382715;[171, 0, 17, 255, 161, 76, 221, 4, 21, 0, 0, 209, 0, 0, 222, 1, 0, 166, 8, 243]
1552551382716;[171, 0, 17, 255, 161, 76, 221, 4, 21, 0, 0, 122, 0, 0, 182, 1, 0, 57, 9, 72]
1552551382882;[171, 0, 17, 255, 161, 76, 221, 4, 21, 0, 0, 135, 0, 0, 204, 1, 0, 83, 9, 136]
1552551383066;[171, 0, 17, 255, 161, 76, 221, 4, 21, 0, 0, 128, 0, 0, 187, 1, 0, 69, 9, 229]
1552551383066;[171, 0, 17, 255, 161, 76, 221, 4, 21, 0, 0, 122, 0, 0, 192, 1, 0, 84, 10, 90]
1552551383067;[171, 0, 17, 255, 161, 76, 221, 4, 21, 0, 0, 123, 0, 0, 193, 1, 0, 87, 10, 187]
1552551383233;[171, 0, 17, 255, 161, 76, 221, 4, 22, 0, 0, 118, 0, 0, 193, 1, 0, 86, 11, 21]
1552551383401;[171, 0, 17, 255, 161, 76, 221, 4, 22, 0, 0, 115, 0, 0, 194, 1, 0, 89, 11, 97]
1552551383402;[171, 0, 17, 255, 161, 76, 221, 4, 22, 0, 0, 120, 0, 0, 193, 1, 0, 87, 11, 159]
1552551383568;[171, 0, 4, 255, 132, 128, 68]
1552551383588;[171, 0, 17, 255, 161, 76, 221, 4, 22, 0, 0, 114, 0, 0, 193, 1, 0, 86, 11, 227]
1552551383752;[171, 0, 17, 255, 161, 76, 221, 4, 22, 0, 0, 122, 0, 0, 194, 1, 0, 83, 12, 76]
1552551383752;[171, 0, 17, 255, 161, 76, 221, 4, 22, 0, 0, 127, 0, 0, 193, 1, 0, 84, 12, 146]
1552551383919;[171, 0, 17, 255, 161, 76, 221, 4, 22, 0, 0, 123, 0, 0, 193, 1, 0, 87, 12, 215]
1552551384086;[171, 0, 17, 255, 161, 76, 221, 4, 22, 0, 0, 125, 0, 0, 193, 1, 0, 89, 13, 23]
1552551384103;[171, 0, 17, 255, 161, 76, 221, 4, 22, 0, 0, 118, 0, 0, 188, 1, 0, 86, 13, 64]
1552551384270;[171, 0, 17, 255, 161, 76, 221, 4, 22, 0, 0, 122, 0, 0, 187, 1, 0, 92, 13, 119]
1552551384270;[171, 0, 17, 255, 161, 76, 221, 4, 23, 0, 0, 120, 0, 0, 188, 1, 0, 90, 13, 189]
1552551384437;[171, 0, 17, 255, 161, 76, 221, 4, 23, 0, 0, 122, 0, 0, 187, 1, 0, 92, 14, 2]
1552551384604;[171, 0, 17, 255, 161, 76, 221, 4, 23, 0, 0, 122, 0, 0, 187, 1, 0, 90, 14, 55]
1552551384788;[171, 0, 4, 255, 132, 128, 68]
1552551384789;[171, 0, 17, 255, 161, 76, 221, 4, 23, 0, 0, 127, 0, 0, 182, 1, 0, 92, 14, 95]
1552551384789;[171, 0, 17, 255, 161, 76, 221, 4, 23, 0, 0, 122, 0, 0, 187, 1, 0, 93, 14, 122]
1552551384955;[171, 0, 17, 255, 161, 76, 221, 4, 23, 0, 0, 127, 0, 0, 186, 1, 0, 92, 14, 145]
1552551384955;[171, 0, 17, 255, 161, 76, 221, 4, 23, 0, 0, 125, 0, 0, 182, 1, 0, 93, 14, 194]
1552551385122;[171, 0, 17, 255, 161, 76, 221, 4, 23, 0, 0, 127, 0, 0, 190, 1, 0, 135, 14, 236]
1552551385306;[171, 0, 17, 255, 161, 76, 221, 4, 23, 0, 0, 116, 0, 0, 221, 1, 0, 87, 15, 28]
1552551385306;[171, 0, 17, 255, 161, 76, 221, 4, 23, 0, 0, 146, 0, 0, 157, 0, 0, 60, 14, 191]
1552551385473;[171, 0, 17, 255, 161, 76, 221, 4, 24, 0, 0, 137, 0, 0, 175, 0, 0, 106, 14, 191]
1552551385473;[171, 0, 17, 255, 161, 76, 221, 4, 24, 0, 0, 127, 0, 0, 193, 0, 0, 99, 14, 191]
1552551385824;[171, 0, 17, 255, 161, 76, 221, 4, 24, 0, 0, 139, 0, 0, 182, 0, 0, 102, 14, 191]
1552551385825;[171, 0, 4, 255, 132, 128, 69]
1552551385826;[171, 0, 17, 255, 161, 76, 221, 4, 24, 0, 0, 180, 0, 0, 164, 0, 0, 84, 14, 191]
1552551385991;[171, 0, 17, 255, 161, 76, 221, 4, 24, 0, 0, 108, 0, 0, 200, 0, 0, 30, 14, 191]
1552551385991;[171, 0, 17, 255, 161, 76, 221, 4, 24, 0, 0, 163, 0, 0, 189, 1, 0, 38, 14, 191]
1552551386342;[171, 0, 17, 255, 161, 76, 221, 4, 24, 0, 0, 125, 0, 0, 204, 1, 0, 55, 14, 191]
1552551386342;[171, 0, 17, 255, 161, 76, 221, 4, 24, 0, 0, 130, 0, 0, 198, 1, 0, 72, 14, 191]
1552551386343;[171, 0, 17, 255, 161, 76, 221, 4, 24, 0, 0, 103, 0, 0, 193, 1, 0, 77, 14, 216]
1552551386509;[171, 0, 17, 255, 161, 76, 221, 4, 24, 0, 0, 96, 0, 0, 196, 1, 0, 97, 14, 222]
1552551386510;[171, 0, 17, 255, 161, 76, 221, 4, 25, 0, 0, 97, 0, 0, 200, 1, 0, 78, 14, 247]
1552551386676;[171, 0, 17, 255, 161, 76, 221, 4, 25, 0, 0, 138, 0, 0, 190, 1, 0, 71, 15, 28]
1552551386677;[171, 0, 17, 255, 161, 76, 221, 4, 25, 0, 0, 144, 0, 0, 193, 1, 0, 72, 15, 56]
1552551386860;[171, 0, 4, 255, 132, 128, 69]
1552551386861;[171, 0, 17, 255, 161, 76, 221, 4, 25, 0, 0, 141, 0, 0, 187, 1, 0, 70, 31, 79]
1552551387027;[171, 0, 17, 255, 161, 76, 221, 4, 25, 0, 0, 147, 0, 0, 179, 1, 0, 72, 7, 247]
1552551387194;[171, 0, 17, 255, 161, 76, 221, 4, 25, 0, 0, 149, 0, 0, 188, 1, 0, 60, 8, 50]
1552551387194;[171, 0, 17, 255, 161, 76, 221, 4, 25, 0, 0, 146, 0, 0, 181, 1, 0, 55, 8, 68]
1552551387377;[171, 0, 17, 255, 161, 76, 221, 4, 25, 0, 0, 149, 0, 0, 178, 1, 0, 70, 8, 99]
1552551387378;[171, 0, 17, 255, 161, 76, 221, 4, 25, 0, 0, 150, 0, 0, 179, 1, 0, 59, 8, 122]
1552551387545;[171, 0, 17, 255, 161, 76, 221, 4, 25, 0, 0, 151, 0, 0, 180, 1, 0, 55, 8, 128]
1552551387546;[171, 0, 17, 255, 161, 76, 221, 4, 26, 0, 0, 147, 0, 0, 173, 1, 0, 55, 8, 165]
1552551387712;[171, 0, 17, 255, 161, 76, 221, 4, 26, 0, 0, 157, 0, 0, 176, 1, 0, 47, 8, 243]
1552551388063;[171, 0, 17, 255, 161, 76, 221, 4, 26, 0, 0, 160, 0, 0, 169, 1, 0, 48, 9, 25]
1552551388063;[171, 0, 4, 255, 132, 128, 70]
1552551388082;[171, 0, 17, 255, 161, 76, 221, 4, 26, 0, 0, 169, 0, 0, 170, 1, 0, 49, 9, 59]
1552551388083;[171, 0, 17, 255, 161, 76, 221, 4, 26, 0, 0, 160, 0, 0, 168, 1, 0, 41, 9, 97]
1552551388230;[171, 0, 17, 255, 161, 76, 221, 4, 26, 0, 0, 147, 0, 0, 165, 1, 0, 31, 9, 120]
1552551388413;[171, 0, 17, 255, 161, 76, 221, 4, 26, 0, 0, 183, 0, 0, 154, 1, 0, 26, 9, 17]
1552551388414;[171, 0, 17, 255, 161, 76, 221, 4, 26, 0, 0, 204, 0, 0, 154, 0, 0, 0, 8, 138]
1552551388581;[171, 0, 17, 255, 161, 76, 221, 4, 26, 0, 0, 187, 0, 0, 145, 0, 0, 18, 8, 115]
1552551388581;[171, 0, 17, 255, 161, 76, 221, 4, 26, 0, 0, 198, 0, 0, 97, 0, 0, 38, 8, 208]
1552551388748;[171, 0, 17, 255, 161, 76, 221, 4, 27, 0, 0, 225, 0, 0, 145, 0, 0, 34, 7, 212]
1552551388748;[171, 0, 17, 255, 161, 76, 221, 4, 27, 0, 0, 209, 0, 0, 112, 0, 0, 109, 7, 67]
1552551388931;[171, 0, 17, 255, 161, 76, 221, 4, 27, 0, 0, 168, 0, 0, 80, 0, 0, 140, 8, 26]
1552551389099;[171, 0, 4, 255, 132, 128, 70]
1552551389100;[171, 0, 17, 255, 161, 76, 221, 4, 27, 0, 0, 189, 0, 0, 109, 0, 0, 155, 8, 108]
1552551389266;[171, 0, 17, 255, 161, 76, 221, 4, 27, 0, 0, 173, 0, 0, 86, 0, 0, 159, 8, 154]
1552551389266;[171, 0, 17, 255, 161, 76, 221, 4, 27, 0, 0, 155, 0, 0, 66, 0, 0, 182, 8, 62]
1552551389432;[171, 0, 17, 255, 161, 76, 221, 4, 27, 0, 0, 158, 0, 0, 65, 0, 0, 199, 7, 114]
1552551389783;[171, 0, 17, 255, 161, 76, 221, 4, 27, 0, 0, 147, 0, 0, 41, 0, 0, 231, 6, 141]
1552551389784;[171, 0, 17, 255, 161, 76, 221, 4, 27, 0, 0, 126, 0, 0, 26, 0, 0, 223, 5, 42]
1552551389785;[171, 0, 17, 255, 161, 76, 221, 4, 27, 0, 0, 125, 0, 0, 29, 0, 0, 229, 3, 9]
1552551389785;[171, 0, 17, 255, 161, 76, 221, 4, 28, 0, 0, 115, 0, 0, 54, 0, 0, 229, 1, 149]
1552551389968;[171, 0, 17, 255, 161, 76, 221, 4, 28, 0, 0, 152, 1, 0, 4, 0, 0, 200, 16, 41]
1552551389968;[171, 0, 17, 255, 161, 76, 221, 4, 28, 0, 0, 211, 0, 0, 21, 0, 1, 6, 7, 86]
1552551390134;[171, 0, 4, 255, 132, 128, 71]
1552551390302;[171, 0, 17, 255, 161, 76, 221, 4, 28, 0, 0, 32, 0, 0, 107, 0, 0, 138, 6, 169]
1552551390303;[171, 0, 17, 255, 161, 76, 221, 4, 28, 0, 1, 158, 1, 0, 56, 0, 1, 115, 7, 42]
1552551390820;[171, 0, 17, 255, 161, 76, 221, 4, 28, 0, 0, 110, 0, 0, 38, 0, 0, 149, 7, 146]
1552551390820;[171, 0, 17, 255, 161, 76, 221, 4, 28, 0, 0, 131, 0, 0, 11, 0, 0, 210, 8, 6]
1552551390821;[171, 0, 17, 255, 161, 76, 221, 4, 28, 0, 0, 118, 0, 0, 10, 0, 0, 227, 8, 71]
1552551390821;[171, 0, 17, 255, 161, 76, 221, 4, 28, 0, 0, 110, 0, 0, 16, 0, 0, 245, 8, 83]
1552551390836;[171, 0, 17, 255, 161, 76, 221, 4, 28, 0, 0, 108, 0, 0, 10, 0, 0, 234, 8, 85]
1552551390987;[171, 0, 17, 255, 161, 76, 221, 4, 29, 0, 0, 106, 0, 0, 8, 0, 0, 238, 8, 66]
1552551391003;[171, 0, 17, 255, 161, 76, 221, 4, 29, 0, 0, 108, 0, 0, 8, 0, 0, 240, 8, 18]
1552551391171;[171, 0, 17, 255, 161, 76, 221, 4, 29, 0, 0, 111, 0, 0, 5, 0, 1, 14, 8, 28]
1552551391171;[171, 0, 4, 255, 132, 128, 75]
1552551391338;[171, 0, 17, 255, 161, 76, 221, 4, 29, 0, 0, 150, 0, 0, 44, 0, 1, 15, 7, 180]
1552551391505;[171, 0, 17, 255, 161, 76, 221, 4, 29, 0, 0, 45, 0, 0, 83, 0, 0, 223, 7, 166]
1552551391505;[171, 0, 17, 255, 161, 76, 221, 4, 29, 0, 0, 9, 0, 0, 136, 0, 0, 175, 7, 206]
1552551391855;[171, 0, 17, 255, 161, 76, 221, 4, 29, 0, 0, 41, 0, 0, 155, 0, 0, 155, 7, 251]
1552551391856;[171, 0, 17, 255, 161, 76, 221, 4, 29, 0, 0, 93, 0, 0, 176, 0, 0, 170, 8, 55]
1552551391856;[171, 0, 17, 255, 161, 76, 221, 4, 29, 0, 0, 105, 0, 0, 144, 0, 0, 171, 8, 101]
1552551391857;[171, 0, 17, 255, 161, 76, 221, 4, 29, 0, 0, 190, 0, 0, 209, 0, 0, 120, 9, 27]
1552551392022;[171, 0, 17, 255, 161, 76, 221, 4, 30, 0, 0, 139, 0, 0, 220, 0, 0, 24, 9, 214]
1552551392206;[171, 0, 17, 255, 161, 76, 221, 4, 30, 0, 0, 61, 0, 0, 169, 1, 0, 113, 10, 113]
1552551392207;[171, 0, 17, 255, 161, 76, 221, 4, 30, 1, 0, 58, 0, 0, 163, 1, 0, 167, 11, 91]
1552551392373;[171, 0, 4, 255, 132, 128, 72]
1552551392374;[171, 0, 17, 255, 161, 76, 221, 4, 30, 1, 0, 41, 0, 0, 130, 1, 0, 213, 11, 179]
1552551392541;[171, 0, 17, 255, 161, 76, 221, 4, 30, 1, 0, 79, 0, 0, 119, 1, 0, 234, 12, 7]
1552551392541;[171, 0, 17, 255, 161, 76, 221, 4, 30, 1, 0, 85, 0, 0, 109, 1, 0, 216, 12, 115]
1552551392724;[171, 0, 17, 255, 161, 76, 221, 4, 30, 1, 0, 91, 0, 0, 101, 1, 0, 211, 12, 193]
1552551392892;[171, 0, 17, 255, 161, 76, 221, 4, 30, 1, 0, 85, 0, 0, 118, 1, 0, 211, 13, 41]
1552551392892;[171, 0, 17, 255, 161, 76, 221, 4, 30, 1, 0, 76, 0, 0, 124, 1, 0, 219, 13, 153]
1552551393058;[171, 0, 17, 255, 161, 76, 221, 4, 30, 1, 0, 102, 0, 0, 116, 1, 0, 212, 14, 27]
1552551393059;[171, 0, 17, 255, 161, 76, 221, 4, 31, 1, 0, 106, 0, 0, 93, 1, 0, 197, 14, 173]
1552551393242;[171, 0, 17, 255, 161, 76, 221, 4, 31, 1, 0, 134, 0, 0, 79, 1, 0, 216, 31, 95]
1552551393410;[171, 0, 17, 255, 161, 76, 221, 4, 31, 1, 0, 121, 0, 0, 80, 1, 0, 211, 8, 205]
1552551393410;[171, 0, 4, 255, 132, 128, 69]
1552551393576;[171, 0, 17, 255, 161, 76, 221, 4, 31, 1, 0, 106, 0, 0, 81, 1, 0, 214, 9, 247]
1552551393577;[171, 0, 17, 255, 161, 76, 221, 4, 31, 1, 0, 109, 0, 0, 85, 1, 0, 223, 10, 0]
1552551393760;[171, 0, 17, 255, 161, 76, 221, 4, 31, 1, 0, 138, 0, 0, 85, 1, 0, 204, 9, 207]
1552551393761;[171, 0, 17, 255, 161, 76, 221, 4, 31, 1, 0, 167, 0, 0, 67, 1, 0, 184, 10, 17]
1552551394095;[171, 0, 17, 255, 161, 76, 221, 4, 31, 1, 0, 177, 0, 0, 74, 1, 0, 173, 10, 155]
1552551394095;[171, 0, 17, 255, 161, 76, 221, 4, 31, 1, 0, 190, 0, 0, 59, 1, 0, 158, 11, 88]
1552551394096;[171, 0, 17, 255, 161, 76, 221, 4, 31, 1, 0, 196, 0, 0, 77, 1, 0, 177, 11, 88]
1552551394278;[171, 0, 17, 255, 161, 76, 221, 4, 32, 1, 0, 172, 0, 0, 69, 1, 0, 167, 11, 237]
1552551394279;[171, 0, 17, 255, 161, 76, 221, 4, 32, 1, 0, 189, 0, 0, 73, 1, 0, 175, 11, 182]
1552551394612;[171, 0, 17, 255, 161, 76, 221, 4, 32, 1, 0, 177, 0, 0, 80, 1, 0, 188, 11, 59]
1552551394613;[171, 0, 4, 255, 132, 128, 66]
1552551394614;[171, 0, 17, 255, 161, 76, 221, 4, 32, 1, 0, 177, 0, 0, 71, 1, 0, 158, 9, 211]
1552551394795;[171, 0, 17, 255, 161, 76, 221, 4, 32, 1, 0, 166, 0, 0, 80, 1, 0, 181, 7, 186]
1552551394796;[171, 0, 17, 255, 161, 76, 221, 4, 32, 1, 0, 170, 0, 0, 80, 1, 0, 187, 6, 213]
1552551394963;[171, 0, 17, 255, 161, 76, 221, 4, 32, 1, 0, 170, 0, 0, 85, 1, 0, 186, 6, 109]
1552551394964;[171, 0, 17, 255, 161, 76, 221, 4, 32, 1, 0, 171, 0, 0, 79, 1, 0, 189, 6, 228]
1552551395130;[171, 0, 17, 255, 161, 76, 221, 4, 32, 1, 0, 166, 0, 0, 75, 1, 0, 187, 7, 134]
1552551395314;[171, 0, 17, 255, 161, 76, 221, 4, 32, 1, 0, 179, 0, 0, 73, 1, 0, 177, 7, 238]
1552551395315;[171, 0, 17, 255, 161, 76, 221, 4, 33, 1, 0, 176, 0, 0, 82, 1, 0, 183, 8, 31]
1552551395481;[171, 0, 17, 255, 161, 76, 221, 4, 33, 1, 0, 155, 0, 0, 106, 1, 0, 200, 7, 233]
1552551395482;[171, 0, 17, 255, 161, 76, 221, 4, 33, 1, 0, 149, 0, 0, 65, 1, 0, 200, 6, 241]
1552551395648;[171, 0, 4, 255, 132, 128, 64]
1552551395649;[171, 0, 17, 255, 161, 76, 221, 4, 33, 1, 0, 171, 0, 0, 76, 1, 0, 183, 7, 31]
1552551395832;[171, 0, 17, 255, 161, 76, 221, 4, 33, 1, 0, 163, 0, 0, 79, 1, 0, 187, 7, 60]
1552551395999;[171, 0, 17, 255, 161, 76, 221, 4, 33, 1, 0, 155, 0, 0, 97, 1, 0, 204, 6, 253]
1552551396000;[171, 0, 17, 255, 161, 76, 221, 4, 33, 1, 0, 166, 0, 0, 73, 1, 0, 185, 6, 210]
1552551396166;[171, 0, 17, 255, 161, 76, 221, 4, 33, 1, 0, 165, 0, 0, 78, 1, 0, 189, 7, 0]
1552551396167;[171, 0, 17, 255, 161, 76, 221, 4, 33, 1, 0, 167, 0, 0, 84, 1, 0, 183, 7, 128]
1552551396350;[171, 0, 17, 255, 161, 76, 221, 4, 33, 1, 0, 167, 0, 0, 78, 1, 0, 186, 7, 161]
1552551396351;[171, 0, 17, 255, 161, 76, 221, 4, 34, 1, 0, 151, 0, 0, 69, 1, 0, 196, 6, 193]
1552551396517;[171, 0, 17, 255, 161, 76, 221, 4, 34, 1, 0, 163, 0, 0, 82, 1, 0, 187, 6, 57]
1552551396684;[171, 0, 17, 255, 161, 76, 221, 4, 34, 1, 0, 139, 0, 0, 71, 1, 0, 201, 5, 118]
1552551396685;[171, 0, 4, 255, 132, 128, 62]
1552551396852;[171, 0, 17, 255, 161, 76, 221, 4, 34, 1, 0, 128, 0, 0, 83, 1, 0, 201, 4, 220]
1552551396868;[171, 0, 17, 255, 161, 76, 221, 4, 34, 1, 0, 130, 0, 0, 96, 1, 0, 171, 4, 105]
1552551397035;[171, 0, 17, 255, 161, 76, 221, 4, 34, 1, 0, 41, 0, 0, 149, 1, 0, 221, 4, 80]
1552551397369;[171, 0, 17, 255, 161, 76, 221, 4, 34, 1, 0, 29, 0, 0, 136, 1, 0, 170, 4, 170]
1552551397370;[171, 0, 17, 255, 161, 76, 221, 4, 34, 0, 0, 85, 0, 0, 154, 1, 0, 127, 4, 161]
1552551397386;[171, 0, 17, 255, 161, 76, 221, 4, 34, 0, 0, 124, 0, 0, 181, 1, 0, 79, 4, 225]
1552551397386;[171, 0, 17, 255, 161, 76, 221, 4, 34, 0, 0, 185, 0, 0, 161, 1, 0, 53, 5, 7]
1552551397553;[171, 0, 17, 255, 161, 76, 221, 4, 35, 0, 0, 162, 0, 0, 173, 1, 0, 20, 5, 98]
1552551397553;[171, 0, 17, 255, 161, 76, 221, 4, 35, 0, 0, 180, 0, 0, 182, 1, 0, 5, 5, 119]
1552551397887;[171, 0, 17, 255, 161, 76, 221, 4, 37, 0, 0, 187, 0, 0, 43, 0, 0, 203, 14, 87]
1552551397904;[171, 0, 17, 255, 161, 76, 221, 4, 37, 0, 0, 173, 0, 0, 43, 0, 0, 187, 14, 87]
1552551398071;[171, 0, 17, 255, 161, 76, 221, 4, 37, 0, 0, 162, 0, 0, 52, 0, 0, 187, 14, 87]
1552551398406;[171, 0, 17, 255, 161, 76, 221, 4, 37, 0, 0, 186, 0, 0, 38, 0, 0, 170, 14, 87]
1552551398406;[171, 0, 17, 255, 161, 76, 221, 4, 37, 0, 0, 196, 0, 0, 30, 0, 0, 145, 14, 87]
1552551398422;[171, 0, 17, 255, 161, 76, 221, 4, 37, 0, 0, 199, 0, 0, 42, 0, 0, 109, 14, 87]
1552551398588;[171, 0, 17, 255, 161, 76, 221, 4, 37, 0, 0, 231, 0, 0, 33, 0, 0, 103, 14, 87]
1552551398589;[171, 0, 17, 255, 161, 76, 221, 4, 38, 0, 0, 219, 0, 0, 36, 0, 0, 99, 13, 185]
1552551398756;[171, 0, 17, 255, 161, 76, 221, 4, 38, 0, 0, 228, 0, 0, 47, 0, 0, 77, 13, 36]
1552551398757;[171, 0, 17, 255, 161, 76, 221, 4, 38, 0, 0, 230, 0, 0, 46, 0, 0, 46, 13, 45]
1552551398923;[171, 0, 4, 255, 132, 128, 63]
1552551399106;[171, 0, 17, 255, 161, 76, 221, 4, 38, 0, 0, 220, 0, 0, 44, 0, 0, 43, 13, 20]
1552551399107;[171, 0, 17, 255, 161, 76, 221, 4, 38, 0, 0, 235, 0, 0, 50, 0, 0, 63, 12, 143]
1552551399273;[171, 0, 17, 255, 161, 76, 221, 4, 38, 0, 0, 228, 0, 0, 54, 0, 0, 67, 11, 244]
1552551399274;[171, 0, 17, 255, 161, 76, 221, 4, 38, 0, 0, 219, 0, 0, 62, 0, 0, 102, 11, 175]
1552551399441;[171, 0, 17, 255, 161, 76, 221, 4, 38, 0, 0, 219, 0, 0, 76, 0, 0, 116, 11, 245]
1552551399441;[171, 0, 17, 255, 161, 76, 221, 4, 38, 0, 0, 209, 0, 0, 75, 0, 0, 120, 11, 245]
1552551399624;[171, 0, 17, 255, 161, 76, 221, 4, 38, 0, 0, 248, 0, 0, 54, 0, 0, 90, 11, 245]
1552551399791;[171, 0, 17, 255, 161, 76, 221, 4, 39, 0, 1, 34, 0, 0, 68, 0, 0, 6, 11, 245]
1552551399792;[171, 0, 17, 255, 161, 76, 221, 4, 39, 0, 0, 251, 0, 0, 63, 1, 0, 57, 11, 245]
1552551400142;[171, 0, 17, 255, 161, 76, 221, 4, 39, 1, 0, 3, 0, 0, 91, 1, 0, 152, 11, 245]
1552551400143;[171, 0, 4, 255, 132, 128, 63]
1552551400144;[171, 0, 17, 255, 161, 76, 221, 4, 39, 0, 0, 38, 0, 0, 59, 1, 0, 198, 11, 104]
1552551400309;[171, 0, 17, 255, 161, 76, 221, 4, 39, 0, 0, 9, 0, 0, 46, 1, 0, 226, 10, 137]
1552551400310;[171, 0, 17, 255, 161, 76, 221, 4, 39, 1, 0, 54, 0, 0, 65, 1, 0, 249, 9, 124]
1552551400660;[171, 0, 17, 255, 161, 76, 221, 4, 39, 0, 0, 25, 0, 0, 68, 1, 0, 231, 8, 220]
1552551400661;[171, 0, 17, 255, 161, 76, 221, 4, 39, 0, 0, 41, 0, 0, 56, 1, 0, 200, 8, 172]
1552551400661;[171, 0, 17, 255, 161, 76, 221, 4, 39, 0, 0, 164, 1, 0, 20, 1, 0, 192, 8, 124]
1552551400662;[171, 0, 17, 255, 161, 76, 221, 4, 39, 0, 0, 135, 1, 0, 8, 1, 0, 214, 8, 172]
1552551400828;[171, 0, 17, 255, 161, 76, 221, 4, 40, 0, 0, 105, 1, 0, 14, 1, 0, 193, 8, 133]
1552551400994;[171, 0, 17, 255, 161, 76, 221, 4, 40, 0, 0, 85, 1, 0, 10, 1, 0, 214, 8, 103]
1552551400995;[171, 0, 17, 255, 161, 76, 221, 4, 40, 0, 0, 89, 1, 0, 18, 1, 0, 230, 8, 82]
1552551401178;[171, 0, 4, 255, 132, 128, 63]
1552551401179;[171, 0, 17, 255, 161, 76, 221, 4, 40, 0, 0, 70, 0, 0, 30, 1, 0, 231, 8, 201]
1552551401346;[171, 0, 17, 255, 161, 76, 221, 4, 40, 0, 0, 59, 1, 0, 27, 1, 0, 249, 9, 36]
1552551401346;[171, 0, 17, 255, 161, 76, 221, 4, 40, 0, 0, 75, 0, 0, 17, 1, 0, 221, 9, 242]
1552551401513;[171, 0, 17, 255, 161, 76, 221, 4, 40, 0, 0, 97, 0, 0, 31, 1, 0, 197, 10, 111]
1552551401696;[171, 0, 17, 255, 161, 76, 221, 4, 40, 0, 0, 153, 0, 0, 51, 1, 0, 135, 10, 221]
1552551401697;[171, 0, 17, 255, 161, 76, 221, 4, 40, 0, 0, 197, 0, 0, 81, 1, 0, 122, 10, 221]
1552551401863;[171, 0, 17, 255, 161, 76, 221, 4, 40, 0, 1, 0, 0, 0, 88, 1, 0, 58, 10, 221]
1552551401864;[171, 0, 17, 255, 161, 76, 221, 4, 41, 0, 0, 237, 0, 0, 57, 1, 0, 34, 10, 221]
1552551402030;[171, 0, 17, 255, 161, 76, 221, 4, 41, 0, 0, 208, 0, 0, 75, 1, 0, 63, 10, 221]
1552551402214;[171, 0, 17, 255, 161, 76, 221, 4, 41, 0, 0, 185, 0, 0, 90, 1, 0, 90, 10, 221]
1552551402215;[171, 0, 4, 255, 132, 128, 63]
1552551402382;[171, 0, 17, 255, 161, 76, 221, 4, 41, 0, 1, 3, 0, 0, 53, 1, 0, 114, 10, 221]
1552551402382;[171, 0, 17, 255, 161, 76, 221, 4, 41, 0, 0, 179, 0, 0, 92, 1, 0, 113, 31, 255]
1552551402549;[171, 0, 17, 255, 161, 76, 221, 4, 41, 0, 0, 185, 0, 0, 86, 1, 0, 133, 12, 136]
1552551402549;[171, 0, 17, 255, 161, 76, 221, 4, 41, 0, 0, 169, 0, 0, 89, 1, 0, 167, 12, 136]
1552551402715;[171, 0, 17, 255, 161, 76, 221, 4, 41, 0, 0, 160, 0, 0, 52, 1, 0, 163, 12, 136]
1552551402900;[171, 0, 17, 255, 161, 76, 221, 4, 41, 0, 0, 133, 0, 0, 85, 1, 0, 227, 12, 136]
1552551402901;[171, 0, 17, 255, 161, 76, 221, 4, 41, 0, 0, 106, 0, 0, 56, 1, 0, 167, 11, 194]
1552551403066;[171, 0, 17, 255, 161, 76, 221, 4, 42, 0, 0, 153, 0, 0, 86, 1, 0, 172, 11, 194]
1552551403067;[171, 0, 17, 255, 161, 76, 221, 4, 42, 0, 0, 209, 0, 0, 13, 1, 0, 173, 11, 194]
1552551403234;[171, 0, 17, 255, 161, 76, 221, 4, 42, 0, 0, 186, 0, 0, 27, 1, 0, 129, 11, 194]
1552551403417;[171, 0, 4, 255, 132, 128, 64]
1552551403418;[171, 0, 17, 255, 161, 76, 221, 4, 42, 0, 0, 178, 0, 0, 29, 1, 0, 158, 11, 194]
1552551403584;[171, 0, 17, 255, 161, 76, 221, 4, 42, 0, 0, 162, 0, 0, 30, 1, 0, 172, 14, 76]
1552551403585;[171, 0, 17, 255, 161, 76, 221, 4, 42, 0, 0, 131, 0, 0, 20, 1, 0, 173, 10, 154]
1552551403752;[171, 0, 17, 255, 161, 76, 221, 4, 42, 0, 0, 112, 0, 0