1552551922979;[171, 0, 4, 255, 132, 128, 74]
1552551923146;[171, 0, 17, 255, 161, 76, 221, 6, 86, 0, 0, 72, 0, 0, 244, 0, 0, 42, 2, 25]
1552551923162;[171, 0, 17, 255, 161, 76, 221, 6, 86, 0, 0, 72, 0, 0, 239, 0, 0, 40, 1, 251]
1552551923163;[171, 0, 17, 255, 161, 76, 221, 6, 86, 0, 0, 73, 0, 0, 239, 0, 0, 42, 1, 247]
1552551923330;[171, 0, 17, 255, 161, 76, 221, 6, 86, 0, 0, 72, 0, 0, 238, 0, 0, 40, 2, 73]
1552551923331;[171, 0, 17, 255, 161, 76, 221, 6, 86, 0, 0, 70, 0, 0, 244, 0, 0, 45, 2, 131]
1552551923497;[171, 0, 17, 255, 161, 76, 221, 6, 86, 0, 0, 70, 0, 0, 239, 0, 0, 42, 2, 157]
1552551923665;[171, 0, 17, 255, 161, 76, 221, 6, 86, 0, 0, 72, 0, 0, 239, 0, 0, 40, 2, 171]
1552551923683;[171, 0, 17, 255, 161, 76, 221, 6, 86, 0, 0, 72, 0, 0, 239, 0, 0, 38, 2, 176]
1552551923848;[171, 0, 17, 255, 161, 76, 221, 6, 87, 0, 0, 72, 0, 0, 239, 0, 0, 42, 2, 165]
1552551923848;[171, 0, 17, 255, 161, 76, 221, 6, 87, 0, 0, 70, 0, 0, 236, 0, 0, 42, 2, 144]
1552551924015;[171, 0, 4, 255, 132, 128, 74]
1552551924016;[171, 0, 17, 255, 161, 76, 221, 6, 87, 0, 0, 70, 0, 0, 239, 0, 0, 40, 2, 136]
1552551924182;[171, 0, 17, 255, 161, 76, 221, 6, 87, 0, 0, 69, 0, 0, 244, 0, 0, 40, 2, 226]
1552551924365;[171, 0, 17, 255, 161, 76, 221, 6, 87, 0, 0, 72, 0, 0, 239, 0, 0, 42, 3, 40]
1552551924366;[171, 0, 17, 255, 161, 76, 221, 6, 87, 0, 0, 72, 0, 0, 239, 0, 0, 40, 3, 61]
1552551924532;[171, 0, 17, 255, 161, 76, 221, 6, 87, 0, 0, 72, 0, 0, 239, 0, 0, 42, 3, 78]
1552551924533;[171, 0, 17, 255, 161, 76, 221, 6, 87, 0, 0, 70, 0, 0, 238, 0, 0, 42, 3, 73]
1552551924700;[171, 0, 17, 255, 161, 76, 221, 6, 87, 0, 0, 72, 0, 0, 238, 0, 0, 43, 3, 64]
1552551924700;[171, 0, 17, 255, 161, 76, 221, 6, 87, 0, 0, 70, 0, 0, 239, 0, 0, 43, 3, 36]
1552551924884;[171, 0, 17, 255, 161, 76, 221, 6, 88, 0, 0, 72, 0, 0, 239, 0, 0, 40, 3, 14]
1552551925051;[171, 0, 17, 255, 161, 76, 221, 6, 88, 0, 0, 69, 0, 0, 244, 0, 0, 42, 3, 95]
1552551925052;[171, 0, 4, 255, 132, 128, 75]
1552551925218;[171, 0, 17, 255, 161, 76, 221, 6, 88, 0, 0, 72, 0, 0, 244, 0, 0, 42, 3, 182]
1552551925219;[171, 0, 17, 255, 161, 76, 221, 6, 88, 0, 0, 69, 0, 0, 244, 0, 0, 45, 3, 217]
1552551925401;[171, 0, 17, 255, 161, 76, 221, 6, 88, 0, 0, 70, 0, 0, 239, 0, 0, 40, 3, 239]
1552551925569;[171, 0, 17, 255, 161, 76, 221, 6, 88, 0, 0, 69, 0, 0, 239, 0, 0, 45, 3, 250]
1552551925569;[171, 0, 17, 255, 161, 76, 221, 6, 88, 0, 0, 70, 0, 0, 238, 0, 0, 40, 3, 232]
1552551925736;[171, 0, 17, 255, 161, 76, 221, 6, 88, 0, 0, 73, 0, 0, 239, 0, 0, 43, 3, 206]
1552551925736;[171, 0, 17, 255, 161, 76, 221, 6, 88, 0, 0, 72, 0, 0, 239, 0, 0, 42, 3, 175]
1552551925919;[171, 0, 17, 255, 161, 76, 221, 6, 88, 0, 0, 72, 0, 0, 244, 0, 0, 45, 3, 154]
1552551925920;[171, 0, 17, 255, 161, 76, 221, 6, 89, 0, 0, 72, 0, 0, 239, 0, 0, 40, 3, 242]
1552551926086;[171, 0, 17, 255, 161, 76, 221, 6, 89, 0, 0, 72, 0, 0, 238, 0, 0, 43, 4, 66]
1552551926254;[171, 0, 4, 255, 132, 128, 75]
1552551926255;[171, 0, 17, 255, 161, 76, 221, 6, 89, 0, 0, 70, 0, 0, 244, 0, 0, 45, 4, 93]
1552551928404;[171, 0, 17, 255, 161, 76, 221, 6, 89, 0, 0, 69, 0, 0, 238, 0, 0, 43, 4, 103]
1552551928405;[171, 0, 17, 255, 161, 76, 221, 6, 89, 0, 0, 72, 0, 0, 238, 0, 0, 45, 4, 102]
1552551928406;[171, 0, 17, 255, 161, 76, 221, 6, 89, 0, 0, 72, 0, 0, 239, 0, 0, 45, 4, 86]
1552551928406;[171, 0, 17, 255, 161, 76, 221, 6, 89, 0, 0, 72, 0, 0, 239, 0, 0, 45, 4, 53]
1552551928407;[171, 0, 17, 255, 161, 76, 221, 6, 89, 0, 0, 68, 0, 0, 238, 0, 0, 45, 4, 22]
1552551928408;[171, 0, 17, 255, 161, 76, 221, 6, 89, 0, 0, 72, 0, 0, 239, 0, 0, 43, 3, 232]
1552551928408;[171, 0, 17, 255, 161, 76, 221, 6, 89, 0, 0, 72, 0, 0, 239, 0, 0, 38, 4, 21]
1552551928409;[171, 0, 17, 255, 161, 76, 221, 6, 90, 0, 0, 68, 0, 0, 239, 0, 0, 43, 4, 97]
1552551928410;[171, 0, 17, 255, 161, 76, 221, 6, 90, 0, 0, 72, 0, 0, 239, 0, 0, 43, 4, 142]
1552551928410;[171, 0, 4, 255, 132, 128, 75]
1552551928411;[171, 0, 17, 255, 161, 76, 221, 6, 90, 0, 0, 72, 0, 0, 239, 0, 0, 45, 4, 155]
1552551928412;[171, 0, 17, 255, 161, 76, 221, 6, 90, 0, 0, 72, 0, 0, 239, 0, 0, 42, 4, 153]
1552551928412;[171, 0, 17, 255, 161, 76, 221, 6, 90, 0, 0, 72, 0, 0, 239, 0, 0, 40, 4, 140]
1552551928412;[171, 0, 17, 255, 161, 76, 221, 6, 90, 0, 0, 72, 0, 0, 239, 0, 0, 43, 4, 119]
1552551928413;[171, 0, 17, 255, 161, 76, 221, 6, 90, 0, 0, 72, 0, 0, 239, 0, 0, 43, 4, 73]
1552551928413;[171, 0, 17, 255, 161, 76, 221, 6, 90, 0, 0, 70, 0, 0, 239, 0, 0, 40, 4, 37]
1552551928414;[171, 0, 17, 255, 161, 76, 221, 6, 90, 0, 0, 72, 0, 0, 239, 0, 0, 43, 4, 63]
1552551928414;[171, 0, 17, 255, 161, 76, 221, 6, 90, 0, 0, 70, 0, 0, 239, 0, 0, 45, 4, 129]
1552551928414;[171, 0, 17, 255, 161, 76, 221, 6, 91, 0, 0, 72, 0, 0, 239, 0, 0, 42, 4, 160]
1552551928510;[171, 0, 17, 255, 161, 76, 221, 6, 91, 0, 0, 68, 0, 0, 239, 0, 0, 43, 4, 174]
1552551928510;[171, 0, 4, 255, 132, 128, 75]
1552551928677;[171, 0, 17, 255, 161, 76, 221, 6, 91, 0, 0, 72, 0, 0, 239, 0, 0, 37, 4, 179]
1552551928678;[171, 0, 17, 255, 161, 76, 221, 6, 91, 0, 0, 72, 0, 0, 239, 0, 0, 42, 4, 164]
1552551928678;[171, 0, 17, 255, 161, 76, 221, 6, 91, 0, 0, 70, 0, 0, 239, 0, 0, 45, 4, 129]
1552551928844;[171, 0, 17, 255, 161, 76, 221, 6, 91, 0, 0, 68, 0, 0, 239, 0, 0, 40, 4, 87]
1552551928844;[171, 0, 17, 255, 161, 76, 221, 6, 91, 0, 0, 72, 0, 0, 244, 0, 0, 43, 4, 66]
1552551929028;[171, 0, 17, 255, 161, 76, 221, 6, 91, 0, 0, 69, 0, 0, 239, 0, 0, 43, 4, 133]
1552551929028;[171, 0, 17, 255, 161, 76, 221, 6, 91, 0, 0, 72, 0, 0, 237, 0, 0, 45, 4, 190]
1552551929195;[171, 0, 17, 255, 161, 76, 221, 6, 91, 0, 0, 72, 0, 0, 238, 0, 0, 45, 4, 210]
1552551929362;[171, 0, 17, 255, 161, 76, 221, 6, 92, 0, 0, 72, 0, 0, 244, 0, 0, 46, 4, 220]
1552551929362;[171, 0, 17, 255, 161, 76, 221, 6, 92, 0, 0, 72, 0, 0, 239, 0, 0, 45, 4, 217]
1552551929529;[171, 0, 4, 255, 132, 128, 75]
1552551929713;[171, 0, 17, 255, 161, 76, 221, 6, 92, 0, 0, 70, 0, 0, 239, 0, 0, 43, 4, 195]
1552551929713;[171, 0, 17, 255, 161, 76, 221, 6, 92, 0, 0, 70, 0, 0, 239, 0, 0, 45, 4, 148]
1552551929880;[171, 0, 17, 255, 161, 76, 221, 6, 92, 0, 0, 70, 0, 0, 239, 0, 0, 43, 4, 107]
1552551930230;[171, 0, 17, 255, 161, 76, 221, 6, 92, 0, 0, 70, 0, 0, 238, 0, 0, 43, 4, 64]
1552551930231;[171, 0, 17, 255, 161, 76, 221, 6, 92, 0, 0, 70, 0, 0, 244, 0, 0, 43, 4, 98]
1552551930231;[171, 0, 17, 255, 161, 76, 221, 6, 92, 0, 0, 69, 0, 0, 239, 0, 0, 45, 4, 177]
1552551930232;[171, 0, 17, 255, 161, 76, 221, 6, 92, 0, 0, 72, 0, 0, 239, 0, 0, 43, 4, 229]
1552551930232;[171, 0, 17, 255, 161, 76, 221, 6, 92, 0, 0, 69, 0, 0, 244, 0, 0, 44, 4, 241]
1552551930397;[171, 0, 17, 255, 161, 76, 221, 6, 93, 0, 0, 72, 0, 0, 239, 0, 0, 45, 4, 243]
1552551930564;[171, 0, 17, 255, 161, 76, 221, 6, 93, 0, 0, 72, 0, 0, 239, 0, 0, 40, 4, 221]
1552551930581;[171, 0, 4, 255, 132, 128, 74]
1552551930748;[171, 0, 17, 255, 161, 76, 221, 6, 93, 0, 0, 72, 0, 0, 239, 0, 0, 42, 4, 194]
1552551930915;[171, 0, 17, 255, 161, 76, 221, 6, 93, 0, 0, 70, 0, 0, 239, 0, 0, 45, 4, 151]
1552551930916;[171, 0, 17, 255, 161, 76, 221, 6, 93, 0, 0, 72, 0, 0, 239, 0, 0, 45, 4, 110]
1552551931082;[171, 0, 17, 255, 161, 76, 221, 6, 93, 0, 0, 70, 0, 0, 239, 0, 0, 43, 4, 52]
1552551931099;[171, 0, 17, 255, 161, 76, 221, 6, 93, 0, 0, 72, 0, 0, 239, 0, 0, 45, 4, 29]
1552551931267;[171, 0, 17, 255, 161, 76, 221, 6, 93, 0, 0, 72, 0, 0, 239, 0, 0, 45, 4, 105]
1552551931267;[171, 0, 17, 255, 161, 76, 221, 6, 93, 0, 0, 70, 0, 0, 239, 0, 0, 43, 4, 164]
1552551931433;[171, 0, 17, 255, 161, 76, 221, 6, 93, 0, 0, 72, 0, 0, 244, 0, 0, 38, 4, 181]
1552551931434;[171, 0, 17, 255, 161, 76, 221, 6, 94, 0, 0, 70, 0, 0, 238, 0, 0, 43, 4, 189]
1552551931600;[171, 0, 17, 255, 161, 76, 221, 6, 94, 0, 0, 72, 0, 0, 239, 0, 0, 43, 4, 189]
1552551931784;[171, 0, 4, 255, 132, 128, 74]
1552551931786;[171, 0, 17, 255, 161, 76, 221, 6, 94, 0, 0, 70, 0, 0, 239, 0, 0, 42, 4, 162]
1552551931951;[171, 0, 17, 255, 161, 76, 221, 6, 94, 0, 0, 72, 0, 0, 239, 0, 0, 40, 4, 123]
1552551931952;[171, 0, 17, 255, 161, 76, 221, 6, 94, 0, 0, 72, 0, 0, 239, 0, 0, 45, 4, 87]
1552551932118;[171, 0, 17, 255, 161, 76, 221, 6, 94, 0, 0, 70, 0, 0, 239, 0, 0, 42, 4, 40]
1552551932119;[171, 0, 17, 255, 161, 76, 221, 6, 94, 0, 0, 73, 0, 0, 239, 0, 0, 45, 4, 95]
1552551932302;[171, 0, 17, 255, 161, 76, 221, 6, 94, 0, 0, 68, 0, 0, 239, 0, 0, 45, 4, 139]
1552551932469;[171, 0, 17, 255, 161, 76, 221, 6, 94, 0, 0, 70, 0, 0, 239, 0, 0, 42, 4, 154]
1552551932485;[171, 0, 17, 255, 161, 76, 221, 6, 94, 0, 0, 72, 0, 0, 239, 0, 0, 45, 4, 154]
1552551932636;[171, 0, 17, 255, 161, 76, 221, 6, 95, 0, 0, 70, 0, 0, 239, 0, 0, 45, 4, 138]
1552551932636;[171, 0, 17, 255, 161, 76, 221, 6, 95, 0, 0, 69, 0, 0, 239, 0, 0, 45, 4, 112]
1552551932820;[171, 0, 4, 255, 132, 128, 73]
1552551932821;[171, 0, 17, 255, 161, 76, 221, 6, 95, 0, 0, 70, 0, 0, 249, 0, 0, 43, 4, 63]
1552551932986;[171, 0, 17, 255, 161, 76, 221, 6, 95, 0, 0, 70, 0, 0, 239, 0, 0, 45, 4, 28]
1552551933155;[171, 0, 17, 255, 161, 76, 221, 6, 95, 0, 0, 69, 0, 0, 239, 0, 0, 43, 3, 233]
1552551933157;[171, 0, 17, 255, 161, 76, 221, 6, 95, 0, 0, 70, 0, 0, 239, 0, 0, 45, 4, 45]
1552551933338;[171, 0, 17, 255, 161, 76, 221, 6, 95, 0, 0, 68, 0, 0, 239, 0, 0, 43, 4, 93]
1552551933339;[171, 0, 17, 255, 161, 76, 221, 6, 95, 0, 0, 70, 0, 0, 244, 0, 0, 43, 4, 111]
1552551933505;[171, 0, 17, 255, 161, 76, 221, 6, 95, 0, 0, 72, 0, 0, 239, 0, 0, 45, 4, 112]
1552551933506;[171, 0, 17, 255, 161, 76, 221, 6, 95, 0, 0, 72, 0, 0, 238, 0, 0, 43, 4, 107]
1552551933672;[171, 0, 17, 255, 161, 76, 221, 6, 96, 0, 0, 72, 0, 0, 239, 0, 0, 45, 4, 75]
1552551933856;[171, 0, 17, 255, 161, 76, 221, 6, 96, 0, 0, 72, 0, 0, 239, 0, 0, 43, 4, 40]
1552551933856;[171, 0, 4, 255, 132, 128, 72]
1552551934023;[171, 0, 17, 255, 161, 76, 221, 6, 96, 0, 0, 70, 0, 0, 239, 0, 0, 45, 3, 255]
1552551934024;[171, 0, 17, 255, 161, 76, 221, 6, 96, 0, 0, 73, 0, 0, 239, 0, 0, 42, 3, 215]
1552551934190;[171, 0, 17, 255, 161, 76, 221, 6, 96, 0, 0, 69, 0, 0, 238, 0, 0, 45, 4, 1]
1552551934373;[171, 0, 17, 255, 161, 76, 221, 6, 96, 0, 0, 69, 0, 0, 239, 0, 0, 45, 4, 76]
1552551934374;[171, 0, 17, 255, 161, 76, 221, 6, 96, 0, 0, 62, 0, 0, 252, 0, 0, 45, 4, 114]
1552551934541;[171, 0, 17, 255, 161, 76, 221, 6, 96, 0, 0, 69, 0, 0, 251, 0, 0, 30, 4, 120]
1552551934542;[171, 0, 17, 255, 161, 76, 221, 6, 96, 0, 0, 78, 0, 0, 239, 0, 0, 18, 4, 140]
1552551934708;[171, 0, 17, 255, 161, 76, 221, 6, 96, 0, 0, 125, 0, 0, 220, 1, 0, 16, 4, 50]
1552551934709;[171, 0, 17, 255, 161, 76, 221, 6, 97, 0, 0, 113, 0, 0, 244, 1, 0, 60, 4, 1]
1552551934892;[171, 0, 17, 255, 161, 76, 221, 6, 97, 0, 0, 31, 0, 0, 177, 1, 0, 118, 3, 83]
1552551935059;[171, 0, 4, 255, 132, 128, 71]
1552551935060;[171, 0, 17, 255, 161, 76, 221, 6, 97, 1, 0, 9, 0, 0, 117, 1, 0, 181, 2, 167]
1552551935226;[171, 0, 17, 255, 161, 76, 221, 6, 97, 0, 0, 15, 0, 0, 51, 1, 0, 222, 1, 134]
1552551935227;[171, 0, 17, 255, 161, 76, 221, 6, 97, 0, 0, 73, 1, 0, 6, 1, 0, 245, 16, 0]
1552551935410;[171, 0, 17, 255, 161, 76, 221, 6, 97, 0, 0, 64, 0, 0, 20, 1, 0, 226, 7, 202]
1552551935411;[171, 0, 17, 255, 161, 76, 221, 6, 97, 0, 0, 14, 0, 0, 19, 1, 0, 250, 7, 202]
1552551935577;[171, 0, 17, 255, 161, 76, 221, 6, 97, 0, 0, 33, 0, 0, 40, 1, 0, 239, 7, 74]
1552551935744;[171, 0, 17, 255, 161, 76, 221, 6, 97, 0, 0, 51, 0, 0, 16, 1, 1, 11, 6, 237]
1552551935745;[171, 0, 17, 255, 161, 76, 221, 6, 97, 0, 0, 39, 0, 0, 21, 1, 0, 245, 6, 80]
1552551935911;[171, 0, 17, 255, 161, 76, 221, 6, 98, 0, 0, 36, 0, 0, 30, 1, 0, 233, 5, 167]
1552551935928;[171, 0, 17, 255, 161, 76, 221, 6, 98, 0, 0, 24, 0, 0, 9, 1, 1, 5, 5, 48]
1552551936095;[171, 0, 4, 255, 132, 128, 70]
1552551936262;[171, 0, 17, 255, 161, 76, 221, 6, 98, 0, 0, 33, 0, 0, 24, 1, 0, 245, 5, 21]
1552551936263;[171, 0, 17, 255, 161, 76, 221, 6, 98, 0, 0, 16, 0, 0, 30, 1, 0, 242, 4, 232]
1552551936429;[171, 0, 17, 255, 161, 76, 221, 6, 98, 0, 0, 4, 0, 0, 21, 1, 0, 249, 4, 182]
1552551936446;[171, 0, 17, 255, 161, 76, 221, 6, 98, 0, 0, 6, 0, 0, 16, 1, 0, 248, 4, 138]
1552551936613;[171, 0, 17, 255, 161, 76, 221, 6, 98, 0, 0, 5, 0, 0, 22, 1, 0, 255, 4, 107]
1552551936613;[171, 0, 17, 255, 161, 76, 221, 6, 98, 1, 0, 14, 0, 0, 16, 1, 1, 3, 4, 69]
1552551936780;[171, 0, 17, 255, 161, 76, 221, 6, 98, 1, 0, 18, 0, 0, 20, 1, 1, 3, 4, 20]
1552551936947;[171, 0, 17, 255, 161, 76, 221, 6, 98, 1, 0, 8, 0, 0, 16, 1, 0, 254, 3, 253]
1552551936964;[171, 0, 17, 255, 161, 76, 221, 6, 99, 1, 0, 25, 0, 0, 20, 1, 0, 242, 3, 230]
1552551937131;[171, 0, 17, 255, 161, 76, 221, 6, 99, 1, 0, 17, 0, 0, 20, 1, 0, 248, 4, 6]
1552551937131;[171, 0, 4, 255, 132, 128, 70]
1552551937298;[171, 0, 17, 255, 161, 76, 221, 6, 99, 1, 0, 19, 0, 0, 20, 1, 1, 3, 4, 17]
1552551937465;[171, 0, 17, 255, 161, 76, 221, 6, 99, 1, 0, 18, 0, 0, 20, 1, 0, 248, 4, 2]
1552551937482;[171, 0, 17, 255, 161, 76, 221, 6, 99, 1, 0, 18, 0, 0, 20, 1, 0, 250, 3, 242]
1552551937649;[171, 0, 17, 255, 161, 76, 221, 6, 99, 1, 0, 17, 0, 0, 25, 1, 0, 249, 3, 206]
1552551937650;[171, 0, 17, 255, 161, 76, 221, 6, 99, 1, 0, 19, 0, 0, 20, 1, 0, 250, 3, 164]
1552551937816;[171, 0, 17, 255, 161, 76, 221, 6, 99, 1, 0, 23, 0, 0, 11, 1, 0, 249, 3, 164]
1552551937816;[171, 0, 17, 255, 161, 76, 221, 6, 99, 1, 0, 17, 0, 0, 21, 1, 0, 250, 3, 118]
1552551937983;[171, 0, 17, 255, 161, 76, 221, 6, 99, 1, 0, 17, 0, 0, 21, 1, 0, 249, 3, 144]
1552551938167;[171, 0, 17, 255, 161, 76, 221, 6, 100, 1, 0, 19, 0, 0, 16, 1, 0, 249, 3, 205]
1552551938167;[171, 0, 17, 255, 161, 76, 221, 6, 100, 1, 0, 18, 0, 0, 16, 1, 0, 250, 3, 255]
1552551938334;[171, 0, 4, 255, 132, 128, 69]
1552551938335;[171, 0, 17, 255, 161, 76, 221, 6, 100, 1, 0, 15, 0, 0, 16, 1, 0, 254, 4, 30]
1552551938501;[171, 0, 17, 255, 161, 76, 221, 6, 100, 1, 0, 19, 0, 0, 16, 1, 0, 250, 4, 39]
1552551938502;[171, 0, 17, 255, 161, 76, 221, 6, 100, 1, 0, 17, 0, 0, 16, 1, 0, 250, 4, 36]
1552551938685;[171, 0, 17, 255, 161, 76, 221, 6, 100, 1, 0, 14, 0, 0, 16, 1, 0, 249, 4, 16]
1552551938852;[171, 0, 17, 255, 161, 76, 221, 6, 100, 1, 0, 15, 0, 0, 16, 1, 0, 250, 3, 246]
1552551938852;[171, 0, 17, 255, 161, 76, 221, 6, 100, 1, 0, 18, 0, 0, 21, 1, 0, 249, 4, 4]
1552551939019;[171, 0, 17, 255, 161, 76, 221, 6, 100, 1, 0, 16, 0, 0, 16, 1, 0, 249, 4, 100]
1552551939019;[171, 0, 17, 255, 161, 76, 221, 6, 100, 1, 0, 20, 0, 0, 16, 1, 0, 249, 4, 185]
1552551939203;[171, 0, 17, 255, 161, 76, 221, 6, 101, 1, 0, 16, 0, 0, 16, 1, 0, 254, 4, 220]
1552551939537;[171, 0, 17, 255, 161, 76, 221, 6, 101, 1, 0, 17, 0, 0, 21, 1, 0, 249, 4, 254]
1552551939537;[171, 0, 4, 255, 132, 128, 69]
1552551939538;[171, 0, 17, 255, 161, 76, 221, 6, 101, 1, 0, 18, 0, 0, 20, 1, 0, 254, 5, 0]
1552551939556;[171, 0, 17, 255, 161, 76, 221, 6, 101, 1, 0, 16, 0, 0, 20, 1, 0, 255, 4, 253]
1552551939721;[171, 0, 17, 255, 161, 76, 221, 6, 101, 1, 0, 18, 0, 0, 21, 1, 0, 250, 4, 229]
1552551939722;[171, 0, 17, 255, 161, 76, 221, 6, 101, 1, 0, 16, 0, 0, 21, 1, 0, 249, 5, 42]
1552551939888;[171, 0, 17, 255, 161, 76, 221, 6, 101, 1, 0, 18, 0, 0, 24, 1, 0, 249, 5, 138]
1552551940055;[171, 0, 17, 255, 161, 76, 221, 6, 101, 1, 0, 17, 0, 0, 21, 1, 0, 250, 5, 197]
1552551940055;[171, 0, 17, 255, 161, 76, 221, 6, 101, 1, 0, 14, 0, 0, 21, 1, 0, 250, 5, 236]
1552551940238;[171, 0, 17, 255, 161, 76, 221, 6, 101, 1, 0, 17, 0, 0, 20, 1, 0, 250, 5, 255]
1552551940239;[171, 0, 17, 255, 161, 76, 221, 6, 102, 1, 0, 18, 0, 0, 21, 1, 1, 3, 5, 246]
1552551940573;[171, 0, 17, 255, 161, 76, 221, 6, 102, 1, 0, 25, 0, 0, 21, 1, 0, 248, 5, 248]
1552551940590;[171, 0, 4, 255, 132, 128, 69]
1552551940591;[171, 0, 17, 255, 161, 76, 221, 6, 102, 1, 0, 23, 0, 0, 21, 1, 0, 249, 6, 18]
1552551940756;[171, 0, 17, 255, 161, 76, 221, 6, 102, 1, 0, 19, 0, 0, 21, 1, 0, 249, 6, 80]
1552551940757;[171, 0, 17, 255, 161, 76, 221, 6, 102, 1, 0, 18, 0, 0, 21, 1, 0, 254, 6, 135]
1552551940923;[171, 0, 17, 255, 161, 76, 221, 6, 102, 1, 0, 19, 0, 0, 21, 1, 0, 249, 6, 148]
1552551940924;[171, 0, 17, 255, 161, 76, 221, 6, 102, 1, 0, 21, 0, 0, 20, 1, 0, 250, 6, 129]
1552551941091;[171, 0, 17, 255, 161, 76, 221, 6, 102, 1, 0, 25, 0, 0, 21, 1, 0, 249, 6, 83]
1552551941274;[171, 0, 17, 255, 161, 76, 221, 6, 102, 1, 0, 18, 0, 0, 17, 1, 0, 250, 6, 32]
1552551941275;[171, 0, 17, 255, 161, 76, 221, 6, 102, 1, 0, 17, 0, 0, 21, 1, 0, 255, 5, 222]
1552551941609;[171, 0, 17, 255, 161, 76, 221, 6, 103, 1, 0, 22, 0, 0, 20, 1, 0, 249, 5, 149]
1552551941609;[171, 0, 17, 255, 161, 76, 221, 6, 103, 1, 0, 19, 0, 0, 21, 1, 0, 255, 5, 70]
1552551941610;[171, 0, 4, 255, 132, 128, 70]
1552551941611;[171, 0, 17, 255, 161, 76, 221, 6, 103, 1, 0, 17, 0, 0, 11, 1, 0, 255, 5, 8]
1552551941776;[171, 0, 17, 255, 161, 76, 221, 6, 103, 1, 0, 19, 0, 0, 21, 1, 0, 249, 5, 19]
1552551941959;[171, 0, 17, 255, 161, 76, 221, 6, 103, 1, 0, 20, 0, 0, 20, 1, 0, 248, 5, 62]
1552551941960;[171, 0, 17, 255, 161, 76, 221, 6, 103, 1, 0, 20, 0, 0, 21, 1, 0, 255, 5, 84]
1552551942127;[171, 0, 17, 255, 161, 76, 221, 6, 103, 1, 0, 17, 0, 0, 21, 1, 0, 254, 5, 80]
1552551942128;[171, 0, 17, 255, 161, 76, 221, 6, 103, 1, 0, 20, 0, 0, 21, 1, 0, 250, 5, 61]
1552551942294;[171, 0, 17, 255, 161, 76, 221, 6, 103, 1, 0, 24, 0, 0, 11, 1, 0, 255, 5, 27]
1552551942477;[171, 0, 17, 255, 161, 76, 221, 6, 103, 1, 0, 19, 0, 0, 24, 1, 0, 249, 4, 242]
1552551942478;[171, 0, 17, 255, 161, 76, 221, 6, 104, 1, 0, 17, 0, 0, 20, 1, 1, 3, 4, 187]
1552551942645;[171, 0, 17, 255, 161, 76, 221, 6, 106, 1, 0, 19, 0, 0, 20, 1, 0, 250, 4, 34]
1552551942812;[171, 0, 17, 255, 161, 76, 221, 6, 106, 1, 0, 17, 0, 0, 20, 1, 0, 250, 4, 101]
1552551942829;[171, 0, 17, 255, 161, 76, 221, 6, 106, 1, 0, 15, 0, 0, 21, 1, 0, 255, 4, 125]
1552551943163;[171, 0, 17, 255, 161, 76, 221, 6, 106, 1, 0, 21, 0, 0, 20, 1, 0, 249, 4, 152]
1552551943164;[171, 0, 17, 255, 161, 76, 221, 6, 106, 1, 0, 18, 0, 0, 21, 1, 0, 250, 4, 162]
1552551943330;[171, 0, 17, 255, 161, 76, 221, 6, 106, 1, 0, 18, 0, 0, 21, 1, 0, 254, 4, 153]
1552551943346;[171, 0, 17, 255, 161, 76, 221, 6, 106, 1, 0, 18, 0, 0, 21, 1, 0, 249, 4, 128]
1552551943514;[171, 0, 17, 255, 161, 76, 221, 6, 106, 1, 0, 19, 0, 0, 21, 1, 0, 250, 4, 102]
1552551943514;[171, 0, 17, 255, 161, 76, 221, 6, 107, 1, 0, 17, 0, 0, 21, 1, 0, 249, 4, 66]
1552551943681;[171, 0, 17, 255, 161, 76, 221, 6, 107, 1, 0, 18, 0, 0, 21, 1, 0, 249, 4, 26]
1552551943848;[171, 0, 4, 255, 132, 128, 71]
1552551943849;[171, 0, 17, 255, 161, 76, 221, 6, 107, 1, 0, 19, 0, 0, 21, 1, 0, 254, 3, 238]
1552551944031;[171, 0, 17, 255, 161, 76, 221, 6, 107, 1, 0, 18, 0, 0, 21, 1, 0, 249, 4, 3]
1552551944032;[171, 0, 17, 255, 161, 76, 221, 6, 107, 1, 0, 18, 0, 0, 21, 1, 0, 249, 4, 80]
1552551944198;[171, 0, 17, 255, 161, 76, 221, 6, 107, 1, 0, 17, 0, 0, 21, 1, 1, 3, 4, 141]
1552551944365;[171, 0, 17, 255, 161, 76, 221, 6, 107, 1, 0, 19, 0, 0, 21, 1, 0, 250, 4, 173]
1552551944382;[171, 0, 17, 255, 161, 76, 221, 6, 107, 1, 0, 18, 0, 0, 16, 1, 0, 249, 4, 192]
1552551944549;[171, 0, 17, 255, 161, 76, 221, 6, 107, 1, 0, 18, 0, 0, 16, 1, 0, 248, 4, 201]
1552551944550;[171, 0, 17, 255, 161, 76, 221, 6, 107, 1, 0, 17, 0, 0, 20, 1, 0, 254, 4, 193]
1552551944716;[171, 0, 17, 255, 161, 76, 221, 6, 108, 1, 0, 19, 0, 0, 21, 1, 0, 249, 4, 173]
1552551944717;[171, 0, 17, 255, 161, 76, 221, 6, 108, 1, 0, 18, 0, 0, 21, 1, 0, 250, 4, 144]
1552551944883;[171, 0, 4, 255, 132, 128, 71]
1552551945068;[171, 0, 17, 255, 161, 76, 221, 6, 108, 1, 0, 17, 0, 0, 16, 1, 1, 3, 4, 117]
1552551945068;[171, 0, 17, 255, 161, 76, 221, 6, 108, 1, 0, 17, 0, 0, 22, 1, 0, 249, 4, 166]
1552551945235;[171, 0, 17, 255, 161, 76, 221, 6, 108, 1, 0, 20, 0, 0, 21, 1, 0, 249, 4, 240]
1552551945235;[171, 0, 17, 255, 161, 76, 221, 6, 108, 1, 0, 22, 0, 0, 22, 1, 0, 254, 5, 19]
1552551945585;[171, 0, 17, 255, 161, 76, 221, 6, 108, 1, 0, 18, 0, 0, 16, 1, 0, 250, 5, 44]
1552551945585;[171, 0, 17, 255, 161, 76, 221, 6, 108, 1, 0, 20, 0, 0, 20, 1, 0, 255, 5, 58]
1552551945586;[171, 0, 17, 255, 161, 76, 221, 6, 108, 1, 0, 19, 0, 0, 21, 1, 0, 249, 5, 50]
1552551945752;[171, 0, 17, 255, 161, 76, 221, 6, 108, 1, 0, 18, 0, 0, 21, 1, 0, 249, 5, 29]
1552551945752;[171, 0, 17, 255, 161, 76, 221, 6, 109, 1, 0, 18, 0, 0, 21, 1, 0, 250, 5, 19]
1552551945936;[171, 0, 17, 255, 161, 76, 221, 6, 109, 1, 0, 20, 0, 0, 21, 1, 1, 3, 5, 33]
1552551945936;[171, 0, 4, 255, 132, 128, 69]
1552551946102;[171, 0, 17, 255, 161, 76, 221, 6, 109, 1, 0, 21, 0, 0, 21, 1, 0, 250, 5, 82]
1552551946270;[171, 0, 17, 255, 161, 76, 221, 6, 109, 1, 0, 15, 0, 0, 17, 1, 0, 250, 5, 191]
1552551946270;[171, 0, 17, 255, 161, 76, 221, 6, 109, 1, 0, 18, 0, 0, 20, 1, 0, 246, 5, 236]
1552551946621;[171, 0, 17, 255, 161, 76, 221, 6, 109, 1, 0, 18, 0, 0, 16, 1, 0, 249, 5, 234]
1552551946621;[171, 0, 17, 255, 161, 76, 221, 6, 109, 1, 0, 21, 0, 0, 16, 1, 0, 254, 5, 225]
1552551946622;[171, 0, 17, 255, 161, 76, 221, 6, 109, 1, 0, 21, 0, 0, 20, 1, 0, 250, 5, 207]
1552551946622;[171, 0, 17, 255, 161, 76, 221, 6, 109, 1, 0, 19, 0, 0, 20, 1, 0, 249, 5, 189]
1552551946788;[171, 0, 17, 255, 161, 76, 221, 6, 109, 1, 0, 18, 0, 0, 21, 1, 0, 249, 5, 163]
1552551947139;[171, 0, 17, 255, 161, 76, 221, 6, 110, 1, 0, 18, 0, 0, 21, 1, 0, 248, 5, 124]
1552551947139;[171, 0, 17, 255, 161, 76, 221, 6, 110, 1, 0, 18, 0, 0, 22, 1, 0, 249, 5, 81]
1552551947140;[171, 0, 4, 255, 132, 128, 68]
1552551947141;[171, 0, 17, 255, 161, 76, 221, 6, 110, 1, 0, 19, 0, 0, 22, 1, 0, 248, 5, 130]
1552551947306;[171, 0, 17, 255, 161, 76, 221, 6, 110, 1, 0, 18, 0, 0, 21, 1, 0, 249, 5, 218]
1552551947307;[171, 0, 17, 255, 161, 76, 221, 6, 110, 1, 0, 20, 0, 0, 16, 1, 0, 250, 6, 28]
1552551947473;[171, 0, 17, 255, 161, 76, 221, 6, 110, 1, 0, 17, 0, 0, 20, 1, 0, 255, 6, 62]
1552551947657;[171, 0, 17, 255, 161, 76, 221, 6, 110, 1, 0, 18, 0, 0, 20, 1, 0, 250, 6, 89]
1552551947658;[171, 0, 17, 255, 161, 76, 221, 6, 110, 1, 0, 18, 0, 0, 21, 1, 0, 249, 6, 72]
1552551947824;[171, 0, 17, 255, 161, 76, 221, 6, 110, 1, 0, 19, 0, 0, 20, 1, 0, 254, 6, 43]
1552551947825;[171, 0, 17, 255, 161, 76, 221, 6, 110, 1, 0, 22, 0, 0, 20, 1, 0, 254, 6, 6]
1552551947991;[171, 0, 17, 255, 161, 76, 221, 6, 111, 1, 0, 18, 0, 0, 20, 1, 0, 249, 5, 215]
1552551948342;[171, 0, 17, 255, 161, 76, 221, 6, 111, 1, 0, 19, 0, 0, 21, 1, 0, 250, 5, 163]
1552551948343;[171, 0, 4, 255, 132, 128, 67]
1552551948344;[171, 0, 17, 255, 161, 76, 221, 6, 111, 1, 0, 24, 0, 0, 21, 1, 0, 250, 5, 182]
1552551948344;[171, 0, 17, 255, 161, 76, 221, 6, 111, 1, 0, 17, 0, 0, 21, 1, 0, 249, 6, 9]
1552551948509;[171, 0, 17, 255, 161, 76, 221, 6, 111, 1, 0, 21, 0, 0, 21, 1, 0, 249, 6, 51]
1552551948510;[171, 0, 17, 255, 161, 76, 221, 6, 111, 1, 0, 18, 0, 0, 22, 1, 0, 250, 6, 79]
1552551948677;[171, 0, 17, 255, 161, 76, 221, 6, 111, 1, 0, 19, 0, 0, 20, 1, 0, 250, 6, 93]
1552551948860;[171, 0, 17, 255, 161, 76, 221, 6, 111, 1, 0, 17, 0, 0, 21, 1, 0, 250, 6, 83]
1552551948861;[171, 0, 17, 255, 161, 76, 221, 6, 111, 1, 0, 17, 0, 0, 21, 1, 0, 249, 6, 52]
1552551949027;[171, 0, 17, 255, 161, 76, 221, 6, 111, 1, 0, 17, 0, 0, 20, 1, 0, 249, 6, 26]
1552551949028;[171, 0, 17, 255, 161, 76, 221, 6, 112, 1, 0, 18, 0, 0, 21, 1, 0, 249, 5, 233]
1552551949195;[171, 0, 17, 255, 161, 76, 221, 6, 112, 1, 0, 20, 0, 0, 21, 1, 0, 249, 5, 208]
1552551949195;[171, 0, 4, 255, 132, 128, 66]
1552551949378;[171, 0, 17, 255, 161, 76, 221, 6, 112, 1, 0, 18, 0, 0, 20, 1, 0, 249, 6, 23]
1552551949545;[171, 0, 17, 255, 161, 76, 221, 6, 112, 1, 0, 18, 0, 0, 20, 1, 0, 250, 6, 78]
1552551949712;[171, 0, 17, 255, 161, 76, 221, 6, 112, 1, 0, 18, 0, 0, 22, 1, 0, 249, 6, 84]
1552551949896;[171, 0, 17, 255, 161, 76, 221, 6, 112, 1, 0, 19, 0, 0, 20, 1, 0, 254, 6, 86]
1552551949896;[171, 0, 17, 255, 161, 76, 221, 6, 112, 1, 0, 17, 0, 0, 21, 1, 0, 249, 6, 83]
1552551949897;[171, 0, 17, 255, 161, 76, 221, 6, 112, 1, 0, 18, 0, 0, 22, 1, 0, 249, 6, 53]
1552551950063;[171, 0, 17, 255, 161, 76, 221, 6, 112, 1, 0, 23, 0, 0, 27, 1, 0, 249, 6, 16]
1552551950064;[171, 0, 17, 255, 161, 76, 221, 6, 112, 1, 0, 19, 0, 0, 24, 1, 0, 249, 5, 224]
1552551950230;[171, 0, 17, 255, 161, 76, 221, 6, 113, 1, 0, 18, 0, 0, 21, 1, 0, 249, 5, 165]
1552551950231;[171, 0, 17, 255, 161, 76, 221, 6, 113, 1, 0, 19, 0, 0, 20, 1, 0, 255, 5, 100]
1552551950414;[171, 0, 4, 255, 132, 128, 66]
1552551950415;[171, 0, 17, 255, 161, 76, 221, 6, 113, 1, 0, 20, 0, 0, 20, 1, 0, 255, 5, 77]
1552551950581;[171, 0, 17, 255, 161, 76, 221, 6, 113, 1, 0, 21, 0, 0, 22, 1, 0, 249, 5, 121]
1552551950749;[171, 0, 17, 255, 161, 76, 221, 6, 113, 1, 0, 19, 0, 0, 21, 1, 0, 250, 5, 122]
1552551950749;[171, 0, 17, 255, 161, 76, 221, 6, 113, 1, 0, 22, 0, 0, 21, 1, 0, 249, 5, 111]
1552551951098;[171, 0, 17, 255, 161, 76, 221, 6, 113, 1, 0, 18, 0, 0, 16, 1, 0, 250, 5, 92]
1552551951099;[171, 0, 17, 255, 161, 76, 221, 6, 113, 1, 0, 21, 0, 0, 22, 1, 0, 249, 5, 54]
1552551951100;[171, 0, 17, 255, 161, 76, 221, 6, 113, 1, 0, 21, 0, 0, 20, 1, 0, 253, 5, 4]
1552551951266;[171, 0, 17, 255, 161, 76, 221, 6, 113, 1, 0, 19, 0, 0, 20, 1, 0, 249, 4, 215]
1552551951266;[171, 0, 17, 255, 161, 76, 221, 6, 114, 1, 0, 18, 0, 0, 22, 1, 0, 250, 4, 157]
1552551951450;[171, 0, 17, 255, 161, 76, 221, 6, 114, 1, 0, 19, 0, 0, 21, 1, 0, 254, 4, 106]
1552551951450;[171, 0, 4, 255, 132, 128, 65]
1552551951616;[171, 0, 17, 255, 161, 76, 221, 6, 114, 1, 0, 18, 0, 0, 20, 1, 0, 249, 4, 39]
1552551951617;[171, 0, 17, 255, 161, 76, 221, 6, 114, 1, 0, 21, 0, 0, 20, 1, 0, 249, 4, 44]
1552551951783;[171, 0, 17, 255, 161, 76, 221, 6, 114, 1, 0, 22, 0, 0, 20, 1, 0, 250, 4, 98]
1552551951967;[171, 0, 17, 255, 161, 76, 221, 6, 114, 1, 0, 18, 0, 0, 21, 1, 0, 249, 4, 123]
1552551951969;[171, 0, 17, 255, 161, 76, 221, 6, 114, 1, 0, 19, 0, 0, 21, 1, 0, 249, 4, 134]
1552551952135;[171, 0, 17, 255, 161, 76, 221, 6, 114, 1, 0, 18, 0, 0, 21, 1, 0, 250, 4, 144]
1552551952135;[171, 0, 17, 255, 161, 76, 221, 6, 114, 1, 0, 21, 0, 0, 16, 1, 0, 249, 4, 125]
1552551952486;[171, 0, 17, 255, 161, 76, 221, 6, 114, 1, 0, 21, 0, 0, 20, 1, 0, 249, 4, 95]
1552551952487;[171, 0, 17, 255, 161, 76, 221, 6, 115, 1, 0, 21, 0, 0, 16, 1, 0, 249, 4, 53]
1552551952488;[171, 0, 17, 255, 161, 76, 221, 6, 115, 1, 0, 22, 0, 0, 25, 1, 0, 254, 4, 20]
1552551952655;[171, 0, 4, 255, 132, 128, 65]
1552551952656;[171, 0, 17, 255, 161, 76, 221, 6, 115, 1, 0, 21, 0, 0, 20, 1, 0, 250, 3, 225]
1552551952838;[171, 0, 17, 255, 161, 76, 221, 6, 115, 1, 0, 21, 0, 0, 23, 1, 0, 254, 3, 249]
1552551952838;[171, 0, 17, 255, 161, 76, 221, 6, 115, 1, 0, 22, 0, 0, 20, 1, 0, 249, 4, 59]
1552551953004;[171, 0, 17, 255, 161, 76, 221, 6, 115, 1, 0, 18, 0, 0, 21, 1, 0, 254, 4, 98]
1552551953171;[171, 0, 17, 255, 161, 76, 221, 6, 115, 1, 0, 18, 0, 0, 16, 1, 0, 249, 4, 126]
1552551953171;[171, 0, 17, 255, 161, 76, 221, 6, 115, 1, 0, 22, 0, 0, 21, 1, 0, 250, 4, 143]
1552551953338;[171, 0, 17, 255, 161, 76, 221, 6, 115, 1, 0, 21, 0, 0, 21, 1, 0, 249, 4, 142]
1552551953338;[171, 0, 17, 255, 161, 76, 221, 6, 115, 1, 0, 19, 0, 0, 21, 1, 0, 255, 4, 120]
1552551953522;[171, 0, 17, 255, 161, 76, 221, 6, 116, 1, 0, 18, 0, 0, 21, 1, 0, 255, 4, 94]
1552551953523;[171, 0, 17, 255, 161, 76, 221, 6, 116, 1, 0, 21, 0, 0, 21, 1, 0, 250, 4, 66]
1552551953689;[171, 0, 4, 255, 132, 128, 64]
1552551953856;[171, 0, 17, 255, 161, 76, 221, 6, 116, 1, 0, 20, 0, 0, 20, 1, 0, 250, 4, 28]
1552551953856;[171, 0, 17, 255, 161, 76, 221, 6, 116, 1, 0, 20, 0, 0, 20, 1, 0, 255, 4, 75]
1552551954023;[171, 0, 17, 255, 161, 76, 221, 6, 116, 1, 0, 22, 0, 0, 21, 1, 0, 249, 4, 170]
1552551954040;[171, 0, 17, 255, 161, 76, 221, 6, 116, 1, 0, 20, 0, 0, 20, 1, 0, 249, 4, 229]
1552551954374;[171, 0, 17, 255, 161, 76, 221, 6, 116, 1, 0, 22, 0, 0, 20, 1, 0, 254, 5, 13]
1552551954375;[171, 0, 17, 255, 161, 76, 221, 6, 116, 1, 0, 23, 0, 0, 21, 1, 0, 249, 5, 52]
1552551954391;[171, 0, 17, 255, 161, 76, 221, 6, 116, 1, 0, 21, 0, 0, 21, 1, 0, 250, 5, 70]
1552551954540;[171, 0, 17, 255, 161, 76, 221, 6, 116, 1, 0, 22, 0, 0, 22, 1, 0, 255, 5, 56]
1552551954557;[171, 0, 17, 255, 161, 76, 221, 6, 117, 1, 0, 24, 0, 0, 16, 1, 0, 249, 5, 45]
1552551954725;[171, 0, 17, 255, 161, 76, 221, 6, 117, 1, 0, 18, 0, 0, 22, 1, 0, 249, 5, 33]
1552551954725;[171, 0, 4, 255, 132, 128, 64]
1552551954892;[171, 0, 17, 255, 161, 76, 221, 6, 117, 1, 0, 25, 0, 0, 21, 1, 0, 250, 5, 13]
1552551955059;[171, 0, 17, 255, 161, 76, 221, 6, 117, 1, 0, 19, 0, 0, 22, 1, 0, 249, 5, 105]
1552551955075;[171, 0, 17, 255, 161, 76, 221, 6, 117, 1, 0, 20, 0, 0, 21, 1, 0, 248, 5, 196]
1552551955242;[171, 0, 17, 255, 161, 76, 221, 6, 117, 1, 0, 22, 0, 0, 21, 1, 0, 249, 5, 246]
1552551955243;[171, 0, 17, 255, 161, 76, 221, 6, 117, 1, 0, 19, 0, 0, 24, 1, 0, 247, 6, 34]
1552551955410;[171, 0, 17, 255, 161, 76, 221, 6, 117, 1, 0, 22, 0, 0, 21, 1, 0, 255, 6, 60]
1552551955411;[171, 0, 17, 255, 161, 76, 221, 6, 117, 1, 0, 20, 0, 0, 23, 1, 0, 249, 6, 51]
1552551955594;[171, 0, 17, 255, 161, 76, 221, 6, 117, 1, 0, 24, 0, 0, 22, 1, 0, 255, 6, 33]
1552551955760;[171, 0, 17, 255, 161, 76, 221, 6, 118, 1, 0, 21, 0, 0, 21, 1, 0, 249, 6, 4]
1552551955761;[171, 0, 17, 255, 161, 76, 221, 6, 118, 1, 0, 18, 0, 0, 21, 1, 0, 250, 6, 7]
1552551955927;[171, 0, 4, 255, 132, 128, 63]
1552551955929;[171, 0, 17, 255, 161, 76, 221, 6, 118, 1, 0, 22, 0, 0, 21, 1, 0, 250, 6, 122]
1552551956094;[171, 0, 17, 255, 161, 76, 221, 6, 118, 1, 0, 19, 0, 0, 21, 1, 0, 249, 6, 214]
1552551956111;[171, 0, 17, 255, 161, 76, 221, 6, 118, 1, 0, 24, 0, 0, 16, 1, 0, 249, 7, 6]
1552551956278;[171, 0, 17, 255, 161, 76, 221, 6, 118, 1, 0, 21, 0, 0, 23, 1, 0, 254, 7, 39]
1552551956445;[171, 0, 17, 255, 161, 76, 221, 6, 118, 1, 0, 21, 0, 0, 16, 1, 0, 250, 7, 52]
1552551956612;[171, 0, 17, 255, 161, 76, 221, 6, 118, 1, 0, 21, 0, 0, 21, 1, 0, 250, 7, 38]
1552551956612;[171, 0, 17, 255, 161, 76, 221, 6, 118, 1, 0, 20, 0, 0, 20, 1, 0, 247, 7, 8]
1552551956629;[171, 0, 17, 255, 161, 76, 221, 6, 118, 1, 0, 24, 0, 0, 20, 1, 0, 250, 6, 229]
1552551956796;[171, 0, 17, 255, 161, 76, 221, 6, 119, 1, 0, 19, 0, 0, 21, 1, 0, 253, 6, 180]
1552551956963;[171, 0, 17, 255, 161, 76, 221, 6, 119, 1, 0, 19, 0, 0, 21, 1, 0, 249, 6, 249]
1552551956964;[171, 0, 4, 255, 132, 128, 63]
1552551957130;[171, 0, 17, 255, 161, 76, 221, 6, 119, 1, 0, 19, 0, 0, 20, 1, 0, 250, 7, 77]
1552551957131;[171, 0, 17, 255, 161, 76, 221, 6, 119, 1, 0, 25, 0, 0, 24, 1, 0, 249, 7, 131]
1552551957314;[171, 0, 17, 255, 161, 76, 221, 6, 119, 1, 0, 20, 0, 0, 21, 1, 0, 254, 7, 150]
1552551957315;[171, 0, 17, 255, 161, 76, 221, 6, 119, 1, 0, 21, 0, 0, 21, 1, 0, 250, 7, 153]
1552551957481;[171, 0, 17, 255, 161, 76, 221, 6, 119, 1, 0, 22, 0, 0, 22, 1, 0, 254, 7, 137]
1552551957648;[171, 0, 17, 255, 161, 76, 221, 6, 119, 1, 0, 19, 0, 0, 21, 1, 0, 248, 7, 92]
1552551957649;[171, 0, 17, 255, 161, 76, 221, 6, 119, 1, 0, 22, 0, 0, 22, 1, 0, 255, 7, 26]
1552551957832;[171, 0, 17, 255, 161, 76, 221, 6, 119, 1, 0, 22, 0, 0, 21, 1, 0, 249, 6, 225]
1552551957833;[171, 0, 17, 255, 161, 76, 221, 6, 120, 1, 0, 18, 0, 0, 21, 1, 0, 250, 6, 165]
1552551957999;[171, 0, 17, 255, 161, 76, 221, 6, 120, 1, 0, 20, 0, 0, 16, 1, 0, 249, 6, 194]
1552551958167;[171, 0, 4, 255, 132, 128, 63]
1552551958168;[171, 0, 17, 255, 161, 76, 221, 6, 120, 1, 0, 25, 0, 0, 21, 1, 1, 3, 7, 10]
1552551958350;[171, 0, 17, 255, 161, 76, 221, 6, 120, 1, 0, 18, 0, 0, 16, 1, 0, 245, 7, 30]
1552551958351;[171, 0, 17, 255, 161, 76, 221, 6, 120, 1, 0, 26, 0, 0, 27, 1, 0, 250, 7, 53]
1552551958685;[171, 0, 17, 255, 161, 76, 221, 6, 120, 1, 0, 25, 0, 0, 16, 1, 1, 10, 7, 65]
1552551958685;[171, 0, 17, 255, 161, 76, 221, 6, 120, 1, 0, 18, 0, 0, 24, 1, 0, 250, 7, 21]
1552551958686;[171, 0, 17, 255, 161, 76, 221, 6, 120, 1, 0, 24, 0, 0, 21, 1, 0, 254, 6, 212]
1552551958868;[171, 0, 17, 255, 161, 76, 221, 6, 120, 1, 0, 25, 0, 0, 24, 1, 0, 255, 6, 131]
1552551958869;[171, 0, 17, 255, 161, 76, 221, 6, 120, 1, 0, 25, 0, 0, 21, 1, 0, 249, 6, 27]
1552551959035;[171, 0, 17, 255, 161, 76, 221, 6, 121, 1, 0, 29, 0, 0, 22, 1, 0, 249, 5, 228]
1552551959035;[171, 0, 17, 255, 161, 76, 221, 6, 121, 1, 0, 29, 0, 0, 22, 1, 0, 250, 6, 8]
1552551959201;[171, 0, 4, 255, 132, 128, 63]
1552551959202;[171, 0, 17, 255, 161, 76, 221, 6, 121, 1, 0, 28, 0, 0, 21, 1, 0, 249, 6, 10]
1552551959385;[171, 0, 17, 255, 161, 76, 221, 6, 121, 1, 0, 26, 0, 0, 21, 1, 0, 243, 5, 246]
1552551959552;[171, 0, 17, 255, 161, 76, 221, 6, 121, 1, 0, 27, 0, 0, 21, 1, 0, 250, 5, 226]
1552551959553;[171, 0, 17, 255, 161, 76, 221, 6, 121, 1, 0, 24, 0, 0, 24, 1, 0, 250, 5, 196]
1552551959720;[171, 0, 17, 255, 161, 76, 221, 6, 121, 1, 0, 25, 0, 0, 24, 1, 0, 249, 5, 145]
1552551959720;[171, 0, 17, 255, 161, 76, 221, 6, 121, 1, 0, 30, 0, 0, 20, 1, 0, 250, 5, 94]
1552551959904;[171, 0, 17, 255, 161, 76, 221, 6, 121, 1, 0, 21, 0, 0, 22, 1, 0, 254, 5, 40]
1552551960071;[171, 0, 17, 255, 161, 76, 221, 6, 121, 1, 0, 32, 0, 0, 21, 1, 0, 250, 4, 223]
1552551960072;[171, 0, 17, 255, 161, 76, 221, 6, 122, 1, 0, 23, 0, 0, 21, 1, 0, 249, 4, 134]
1552551960422;[171, 0, 17, 255, 161, 76, 221, 6, 122, 1, 0, 25, 0, 0, 21, 1, 0, 250, 4, 79]
1552551960422;[171, 0, 4, 255, 132, 128, 62]
1552551960423;[171, 0, 17, 255, 161, 76, 221, 6, 122, 1, 0, 15, 0, 0, 20, 1, 0, 250, 4, 111]
1552551960424;[171, 0, 17, 255, 161, 76, 221, 6, 122, 1, 0, 22, 0, 0, 21, 1, 0, 249, 4, 165]
1552551960589;[171, 0, 17, 255, 161, 76, 221, 6, 122, 1, 0, 27, 0, 0, 20, 1, 1, 3, 4, 188]
1552551960756;[171, 0, 17, 255, 161, 76, 221, 6, 122, 1, 0, 22, 0, 0, 15, 1, 1, 3, 4, 190]
1552551960789;[171, 0, 17, 255, 161, 76, 221, 6, 122, 1, 0, 21, 0, 0, 22, 1, 0, 251, 4, 162]
1552551960940;[171, 0, 17, 255, 161, 76, 221, 6, 122, 1, 0, 33, 0, 0, 30, 1, 0, 244, 4, 118]
1552551960940;[171, 0, 17, 255, 161, 76, 221, 6, 122, 1, 0, 37, 0, 0, 27, 1, 0, 245, 4, 56]
1552551961107;[171, 0, 17, 255, 161, 76, 221, 6, 122, 1, 0, 44, 0, 0, 25, 1, 1, 3, 3, 254]
1552551961107;[171, 0, 17, 255, 161, 76, 221, 6, 123, 1, 0, 48, 0, 0, 24, 1, 0, 247, 3, 198]
1552551961274;[171, 0, 17, 255, 161, 76, 221, 6, 123, 1, 0, 32, 0, 0, 27, 1, 0, 250, 3, 129]
1552551961442;[171, 0, 4, 255, 132, 128, 62]
1552551961461;[171, 0, 17, 255, 161, 76, 221, 6, 123, 1, 0, 40, 0, 0, 25, 1, 0, 249, 3, 80]
1552551961625;[171, 0, 17, 255, 161, 76, 221, 6, 123, 1, 0, 37, 0, 0, 28, 1, 0, 250, 3, 148]
1552551961626;[171, 0, 17, 255, 161, 76, 221, 6, 123, 1, 0, 40, 0, 0, 24, 1, 0, 248, 3, 203]
1552551961792;[171, 0, 17, 255, 161, 76, 221, 6, 123, 1, 0, 37, 0, 0, 27, 1, 0, 250, 3, 225]
1552551961960;[171, 0, 17, 255, 161, 76, 221, 6, 123, 1, 0, 40, 0, 0, 24, 1, 0, 250, 3, 255]
1552551961961;[171, 0, 17, 255, 161, 76, 221, 6, 123, 1, 0, 33, 0, 0, 27, 1, 0, 249, 3, 249]
1552551962144;[171, 0, 17, 255, 161, 76, 221, 6, 123, 1, 0, 37, 0, 0, 25, 1, 0, 250, 3, 233]
1552551962144;[171, 0, 17, 255, 161, 76, 221, 6, 123, 1, 0, 19, 0, 0, 26, 1, 0, 246, 3, 201]
1552551962311;[171, 0, 17, 255, 161, 76, 221, 6, 128, 1, 0, 33, 0, 0, 21, 1, 0, 254, 3, 158]
1552551962312;[171, 0, 17, 255, 161, 76, 221, 6, 128, 1, 0, 33, 0, 0, 20, 1, 1, 3, 3, 117]
1552551962477;[171, 0, 4, 255, 132, 128, 62]
1552551962661;[171, 0, 17, 255, 161, 76, 221, 6, 128, 1, 0, 25, 0, 0, 25, 1, 0, 248, 3, 191]
1552551962661;[171, 0, 17, 255, 161, 76, 221, 6, 128, 1, 0, 33, 0, 0, 21, 1, 0, 250, 3, 244]
1552551962828;[171, 0, 17, 255, 161, 76, 221, 6, 128, 1, 0, 17, 0, 0, 14, 1, 0, 255, 3, 246]
1552551962829;[171, 0, 17, 255, 161, 76, 221, 6, 128, 1, 0, 62, 0, 0, 51, 1, 0, 239, 3, 233]
1552551962995;[171, 0, 17, 255, 161, 76, 221, 6, 128, 1, 0, 25, 0, 0, 15, 1, 0, 255, 3, 209]
1552551962996;[171, 0, 17, 255, 161, 76, 221, 6, 128, 1, 0, 37, 0, 0, 28, 1, 0, 249, 3, 190]
1552551963179;[171, 0, 17, 255, 161, 76, 221, 6, 128, 1, 0, 51, 0, 0, 27, 1, 0, 246, 3, 166]
1552551963346;[171, 0, 17, 255, 161, 76, 221, 6, 128, 1, 0, 29, 0, 0, 27, 1, 0, 249, 3, 137]
1552551963347;[171, 0, 17, 255, 161, 76, 221, 6, 129, 1, 0, 37, 0, 0, 25, 1, 1, 3, 3, 114]
1552551963513;[171, 0, 17, 255, 161, 76, 221, 6, 129, 1, 0, 55, 0, 0, 16, 1, 1, 23, 3, 214]
1552551963696;[171, 0, 4, 255, 132, 128, 62]
1552551963697;[171, 0, 17, 255, 161, 76, 221, 6, 129, 1, 0, 18, 0, 0, 16, 1, 0, 240, 4, 17]
1552551963864;[171, 0, 17, 255, 161, 76, 221, 6, 129, 1, 0, 29, 0, 0, 30, 1, 0, 246, 4, 83]
1552551963864;[171, 0, 17, 255, 161, 76, 221, 6, 129, 1, 0, 40, 0, 0, 21, 1, 0, 248, 4, 110]
1552551964031;[171, 0, 17, 255, 161, 76, 221, 6, 129, 1, 0, 33, 0, 0, 30, 1, 0, 249, 4, 124]
1552551964031;[171, 0, 17, 255, 161, 76, 221, 6, 129, 1, 0, 37, 0, 0, 24, 1, 0, 250, 4, 109]
1552551964214;[171, 0, 17, 255, 161, 76, 221, 6, 129, 1, 0, 37, 0, 0, 25, 1, 0, 248, 4, 87]
1552551964215;[171, 0, 17, 255, 161, 76, 221, 6, 129, 1, 0, 33, 0, 0, 21, 1, 0, 254, 4, 56]
1552551964382;[171, 0, 17, 255, 161, 76, 221, 6, 129, 1, 0, 36, 0, 0, 21, 1, 0, 250, 4, 30]
1552551964733;[171, 0, 17, 255, 161, 76, 221, 6, 130, 1, 0, 32, 0, 0, 21, 1, 0, 249, 4, 136]
1552551964733;[171, 0, 17, 255, 161, 76, 221, 6, 132, 1, 0, 22, 0, 0, 21, 1, 0, 254, 5, 195]
1552551964734;[171, 0, 17, 255, 161, 76, 221, 6, 132, 1, 0, 23, 0, 0, 21, 1, 0, 250, 5, 158]
1552551964900;[171, 0, 17, 255, 161, 76, 221, 6, 132, 1, 0, 25, 0, 0, 21, 1, 0, 255, 5, 103]
1552551965067;[171, 0, 17, 255, 161, 76, 221, 6, 132, 1, 0, 24, 0, 0, 21, 1, 0, 250, 5, 47]
1552551965251;[171, 0, 17, 255, 161, 76, 221, 6, 132, 1, 0, 25, 0, 0, 21, 1, 0, 250, 4, 243]
1552551965252;[171, 0, 17, 255, 161, 76, 221, 6, 132, 1, 0, 29, 0, 0, 21, 1, 0, 248, 4, 194]
1552551965418;[171, 0, 17, 255, 161, 76, 221, 6, 132, 1, 0, 29, 0, 0, 23, 1, 0, 249, 5, 4]
1552551965419;[171, 0, 17, 255, 161, 76, 221, 6, 132, 1, 0, 27, 0, 0, 22, 1, 0, 249, 5, 58]
1552551965585;[171, 0, 17, 255, 161, 76, 221, 6, 133, 1, 0, 27, 0, 0, 24, 1, 0, 254, 5, 69]
1552551965769;[171, 0, 17, 255, 161, 76, 221, 6, 133, 1, 0, 22, 0, 0, 21, 1, 0, 250, 5, 72]
1552551965769;[171, 0, 4, 255, 132, 128, 62]
1552551965936;[171, 0, 17, 255, 161, 76, 221, 6, 133, 1, 0, 25, 0, 0, 21, 1, 0, 254, 5, 37]
1552551965936;[171, 0, 17, 255, 161, 76, 221, 6, 133, 1, 0, 29, 0, 0, 21, 1, 0, 250, 4, 253]
1552551966102;[171, 0, 17, 255, 161, 76, 221, 6, 133, 1, 0, 30, 0, 0, 21, 1, 0, 250, 4, 198]
1552551966103;[171, 0, 17, 255, 161, 76, 221, 6, 133, 1, 0, 25, 0, 0, 22, 1, 0, 245, 4, 131]
1552551966286;[171, 0, 17, 255, 161, 76, 221, 6, 133, 1, 0, 22, 0, 0, 22, 1, 0, 250, 4, 49]
1552551966621;[171, 0, 17, 255, 161, 76, 221, 6, 133, 1, 0, 29, 0, 0, 22, 1, 0, 250, 3, 228]
1552551966621;[171, 0, 17, 255, 161, 76, 221, 6, 133, 1, 0, 29, 0, 0, 22, 1, 0, 249, 3, 239]
1552551966622;[171, 0, 17, 255, 161, 76, 221, 6, 133, 1, 0, 24, 0, 0, 22, 1, 0, 249, 4, 26]
1552551966637;[171, 0, 17, 255, 161, 76, 221, 6, 134, 1, 0, 27, 0, 0, 16, 1, 0, 249, 4, 45]
1552551966804;[171, 0, 17, 255, 161, 76, 221, 6, 134, 1, 0, 29, 0, 0, 24, 1, 0, 249, 4, 34]
1552551966972;[171, 0, 4, 255, 132, 128, 63]
1552551966973;[171, 0, 17, 255, 161, 76, 221, 6, 134, 1, 0, 30, 0, 0, 20, 1, 0, 250, 4, 13]
1552551967138;[171, 0, 17, 255, 161, 76, 221, 6, 134, 1, 0, 32, 0, 0, 24, 1, 0, 249, 3, 238]
1552551967139;[171, 0, 17, 255, 161, 76, 221, 6, 134, 1, 0, 26, 0, 0, 20, 1, 0, 250, 3, 194]
1552551967306;[171, 0, 17, 255, 161, 76, 221, 6, 134, 1, 0, 27, 0, 0, 21, 1, 0, 250, 3, 137]
1552551967323;[171, 0, 17, 255, 161, 76, 221, 6, 134, 1, 0, 25, 0, 0, 21, 1, 0, 250, 3, 81]
1552551967489;[171, 0, 17, 255, 161, 76, 221, 6, 134, 1, 0, 28, 0, 0, 21, 1, 0, 254, 3, 14]
1552551967656;[171, 0, 17, 255, 161, 76, 221, 6, 134, 1, 0, 32, 0, 0, 22, 1, 0, 254, 2, 209]
1552551967657;[171, 0, 17, 255, 161, 76, 221, 6, 134, 1, 0, 25, 0, 0, 23, 1, 0, 250, 2, 182]
1552551968007;[171, 0, 17, 255, 161, 76, 221, 6, 135, 1, 0, 24, 0, 0, 21, 1, 0, 249, 2, 237]
1552551968008;[171, 0, 17, 255, 161, 76, 221, 6, 135, 1, 0, 28, 0, 0, 24, 1, 0, 254, 3, 7]
1552551968008;[171, 0, 4, 255, 132, 128, 63]
1552551968009;[171, 0, 17, 255, 161, 76, 221, 6, 135, 1, 0, 28, 0, 0, 24, 1, 0, 250, 3, 6]
1552551968174;[171, 0, 17, 255, 161, 76, 221, 6, 135, 1, 0, 29, 0, 0, 24, 1, 0, 250, 3, 4]
1552551968341;[171, 0, 17, 255, 161, 76, 221, 6, 135, 1, 0, 25, 0, 0, 21, 1, 0, 250, 2, 235]
1552551968358;[171, 0, 17, 255, 161, 76, 221, 6, 135, 1, 0, 25, 0, 0, 20, 1, 0, 249, 2, 200]
1552551968525;[171, 0, 17, 255, 161, 76, 221, 6, 135, 1, 0, 24, 0, 0, 21, 1, 0, 249, 2, 164]
1552551968526;[171, 0, 17, 255, 161, 76, 221, 6, 135, 1, 0, 29, 0, 0, 16, 1, 0, 250, 2, 113]
1552551968692;[171, 0, 17, 255, 161, 76, 221, 6, 135, 1, 0, 25, 0, 0, 21, 1, 0, 249, 2, 49]
1552551968859;[171, 0, 17, 255, 161, 76, 221, 6, 135, 1, 0, 27, 0, 0, 22, 1, 0, 248, 2, 45]
1552551968876;[171, 0, 17, 255, 161, 76, 221, 6, 136, 1, 0, 26, 0, 0, 22, 1, 0, 254, 2, 102]
1552551969043;[171, 0, 17, 255, 161, 76, 221, 6, 136, 1, 0, 31, 0, 0, 21, 1, 0, 249, 2, 132]
1552551969044;[171, 0, 4, 255, 132, 128, 63]
1552551969210;[171, 0, 17, 255, 161, 76, 221, 6, 136, 1, 0, 31, 0, 0, 23, 1, 0, 250, 2, 136]
1552551969211;[171, 0, 17, 255, 161, 76, 221, 6, 136, 1, 0, 27, 0, 0, 24, 1, 0, 250, 2, 135]
1552551969378;[171, 0, 17, 255, 161, 76, 221, 6, 136, 1, 0, 27, 0, 0, 21, 1, 0, 249, 2, 120]
1552551969728;[171, 0, 17, 255, 161, 76, 221, 6, 136, 1, 0, 27, 0, 0, 21, 1, 0, 249, 2, 90]
1552551969729;[171, 0, 17, 255, 161, 76, 221, 6, 136, 1, 0, 25, 0, 0, 25, 1, 0, 248, 2, 51]
1552551969730;[171, 0, 17, 255, 161, 76, 221, 6, 136, 1, 0, 22, 0, 0, 21, 1, 0, 250, 2, 14]
1552551969730;[171, 0, 17, 255, 161, 76, 221, 6, 136, 1, 0, 23, 0, 0, 25, 1, 0, 249, 1, 214]
1552551969896;[171, 0, 17, 255, 161, 76, 221, 6, 136, 1, 0, 25, 0, 0, 24, 1, 0, 249, 1, 169]
1552551969897;[171, 0, 17, 255, 161, 76, 221, 6, 137, 1, 0, 25, 0, 0, 21, 1, 0, 250, 1, 230]
1552551970079;[171, 0, 17, 255, 161, 76, 221, 6, 137, 1, 0, 25, 0, 0, 21, 1, 1, 3, 2, 39]
1552551970246;[171, 0, 4, 255, 132, 128, 62]
1552551970247;[171, 0, 17, 255, 161, 76, 221, 6, 137, 1, 0, 25, 0, 0, 20, 1, 1, 8, 2, 58]
1552551970414;[171, 0, 17, 255, 161, 76, 221, 6, 137, 1, 0, 19, 0, 0, 22, 1, 0, 244, 2, 72]
1552551970414;[171, 0, 17, 255, 161, 76, 221, 6, 137, 1, 0, 27, 0, 0, 23, 1, 0, 250, 2, 78]
1552551970597;[171, 0, 17, 255, 161, 76, 221, 6, 137, 1, 0, 24, 0, 0, 22, 1, 0, 254, 2, 56]
1552551970764;[171, 0, 17, 255, 161, 76, 221, 6, 137, 1, 0, 25, 0, 0, 24, 1, 0, 255, 2, 23]
1552551970765;[171, 0, 17, 255, 161, 76, 221, 6, 137, 1, 0, 26, 0, 0, 23, 1, 0, 250, 1, 248]
1552551970931;[171, 0, 17, 255, 161, 76, 221, 6, 137, 1, 0, 29, 0, 0, 21, 1, 0, 249, 1, 211]
1552551970932;[171, 0, 17, 255, 161, 76, 221, 6, 137, 1, 0, 29, 0, 0, 22, 1, 0, 249, 1, 157]
1552551971115;[171, 0, 17, 255, 161, 76, 221, 6, 138, 1, 0, 29, 0, 0, 27, 1, 0, 250, 1, 106]
1552551971116;[171, 0, 17, 255, 161, 76, 221, 6, 138, 1, 0, 26, 0, 0, 24, 1, 0, 250, 1, 115]
1552551971449;[171, 0, 4, 255, 132, 128, 62]
1552551971451;[171, 0, 17, 255, 161, 76, 221, 6, 138, 1, 0, 27, 0, 0, 21, 1, 0, 254, 1, 189]
1552551971451;[171, 0, 17, 255, 161, 76, 221, 6, 138, 1, 0, 26, 0, 0, 22, 1, 0, 249, 1, 251]
1552551971633;[171, 0, 17, 255, 161, 76, 221, 6, 138, 1, 0, 25, 0, 0, 21, 1, 0, 250, 2, 28]
1552551971634;[171, 0, 17, 255, 161, 76, 221, 6, 138, 1, 0, 30, 0, 0, 21, 1, 0, 249, 2, 57]
1552551971801;[171, 0, 17, 255, 161, 76, 221, 6, 138, 1, 0, 25, 0, 0, 24, 1, 0, 249, 2, 77]
1552551971801;[171, 0, 17, 255, 161, 76, 221, 6, 138, 1, 0, 27, 0, 0, 24, 1, 0, 255, 2, 61]
1552551971968;[171, 0, 17, 255, 161, 76, 221, 6, 138, 1, 0, 27, 0, 0, 22, 1, 0, 254, 2, 57]
1552551972151;[171, 0, 17, 255, 161, 76, 221, 6, 138, 1, 0, 26, 0, 0, 21, 1, 0, 254, 2, 23]
1552551972152;[171, 0, 17, 255, 161, 76, 221, 6, 139, 1, 0, 25, 0, 0, 22, 1, 0, 254, 1, 245]
1552551972319;[171, 0, 17, 255, 161, 76, 221, 6, 139, 1, 0, 25, 0, 0, 21, 1, 0, 255, 1, 192]
1552551972485;[171, 0, 4, 255, 132, 128, 62]
1552551972486;[171, 0, 17, 255, 161, 76, 221, 6, 139, 1, 0, 25, 0, 0, 25, 1, 0, 249, 1, 216]
1552551972669;[171, 0, 17, 255, 161, 76, 221, 6, 139, 1, 0, 25, 0, 0, 22, 1, 0, 249, 2, 43]
1552551972669;[171, 0, 17, 255, 161, 76, 221, 6, 139, 1, 0, 27, 0, 0, 21, 1, 0, 250, 2, 103]
1552551972836;[171, 0, 17, 255, 161, 76, 221, 6, 139, 1, 0, 28, 0, 0, 21, 1, 0, 254, 2, 141]
1552551973003;[171, 0, 17, 255, 161, 76, 221, 6, 139, 1, 0, 25, 0, 0, 22, 1, 0, 249, 2, 169]
1552551973003;[171, 0, 17, 255, 161, 76, 221, 6, 139, 1, 0, 25, 0, 0, 25, 1, 0, 250, 2, 188]
1552551973004;[171, 0, 17, 255, 161, 76, 221, 6, 139, 1, 0, 29, 0, 0, 25, 1, 0, 250, 2, 181]
1552551973187;[171, 0, 17, 255, 161, 76, 221, 6, 139, 1, 0, 25, 0, 0, 22, 1, 0, 254, 2, 160]
1552551973354;[171, 0, 17, 255, 161, 76, 221, 6, 140, 1, 0, 29, 0, 0, 21, 1, 0, 250, 2, 133]
1552551973355;[171, 0, 17, 255, 161, 76, 221, 6, 140, 1, 0, 25, 0, 0, 24, 1, 0, 250, 2, 105]
1552551973521;[171, 0, 4, 255, 132, 128, 61]
1552551973522;[171, 0, 17, 255, 161, 76, 221, 6, 140, 1, 0, 24, 0, 0, 24, 1, 0, 255, 2, 120]
1552551973705;[171, 0, 17, 255, 161, 76, 221, 6, 140, 1, 0, 22, 0, 0, 22, 1, 0, 250, 2, 227]
1552551973872;[171, 0, 17, 255, 161, 76, 221, 6, 140, 1, 0, 21, 0, 0, 21, 1, 0, 248, 3, 33]
1552551973873;[171, 0, 17, 255, 161, 76, 221, 6, 140, 1, 0, 20, 0, 0, 27, 1, 0, 248, 3, 60]
1552551974039;[171, 0, 17, 255, 161, 76, 221, 6, 140, 1, 0, 21, 0, 0, 22, 1, 0, 250, 3, 106]
1552551974040;[171, 0, 17, 255, 161, 76, 221, 6, 140, 1, 0, 22, 0, 0, 24, 1, 0, 250, 3, 121]
1552551974206;[171, 0, 17, 255, 161, 76, 221, 6, 140, 1, 0, 25, 0, 0, 24, 1, 0, 250, 3, 100]
1552551974223;[171, 0, 17, 255, 161, 76, 221, 6, 140, 1, 0, 25, 0, 0, 24, 1, 0, 249, 3, 79]
1552551974390;[171, 0, 17, 255, 161, 76, 221, 6, 141, 1, 0, 26, 0, 0, 21, 1, 0, 254, 3, 45]
1552551974557;[171, 0, 17, 255, 161, 76, 221, 6, 141, 1, 0, 25, 0, 0, 22, 1, 0, 249, 3, 4]
1552551974557;[171, 0, 4, 255, 132, 128, 61]
1552551974724;[171, 0, 17, 255, 161, 76, 221, 6, 141, 1, 0, 25, 0, 0, 21, 1, 0, 254, 3, 94]
1552551974741;[171, 0, 17, 255, 161, 76, 221, 6, 141, 1, 0, 30, 0, 0, 21, 1, 0, 250, 3, 191]
1552551974908;[171, 0, 17, 255, 161, 76, 221, 6, 141, 1, 0, 29, 0, 0, 21, 1, 0, 254, 3, 254]
1552551974909;[171, 0, 17, 255, 161, 76, 221, 6, 141, 1, 0, 26, 0, 0, 21, 1, 0, 255, 4, 40]
1552551975242;[171, 0, 17, 255, 161, 76, 221, 6, 141, 1, 0, 24, 0, 0, 24, 1, 0, 249, 4, 76]
1552551975259;[171, 0, 17, 255, 161, 76, 221, 6, 141, 1, 0, 25, 0, 0, 27, 1, 0, 249, 4, 64]
1552551975259;[171, 0, 17, 255, 161, 76, 221, 6, 141, 1, 0, 27, 0, 0, 22, 1, 0, 250, 4, 49]
1552551975426;[171, 0, 17, 255, 161, 76, 221, 6, 141, 1, 0, 29, 0, 0, 25, 1, 0, 248, 4, 21]
1552551975426;[171, 0, 17, 255, 161, 76, 221, 6, 142, 1, 0, 25, 0, 0, 21, 1, 0, 250, 3, 238]
1552551975593;[171, 0, 17, 255, 161, 76, 221, 6, 142, 1, 0, 30, 0, 0, 22, 1, 0, 249, 4, 50]
1552551975760;[171, 0, 4, 255, 132, 128, 60]
1552551975761;[171, 0, 17, 255, 161, 76, 221, 6, 142, 1, 0, 32, 0, 0, 24, 1, 0, 249, 4, 164]
1552551975944;[171, 0, 17, 255, 161, 76, 221, 6, 142, 1, 0, 25, 0, 0, 24, 1, 0, 250, 4, 234]
1552551975944;[171, 0, 17, 255, 161, 76, 221, 6, 142, 1, 0, 25, 0, 0, 27, 1, 0, 251, 5, 41]
1552551976111;[171, 0, 17, 255, 161, 76, 221, 6, 142, 1, 0, 38, 0, 0, 21, 1, 1, 3, 5, 83]
1552551976111;[171, 0, 17, 255, 161, 76, 221, 6, 142, 1, 0, 23, 0, 0, 25, 1, 0, 249, 5, 90]
1552551976278;[171, 0, 17, 255, 161, 76, 221, 6, 142, 1, 0, 25, 0, 0, 21, 1, 0, 254, 5, 87]
1552551976462;[171, 0, 17, 255, 161, 76, 221, 6, 142, 1, 0, 25, 0, 0, 27, 1, 0, 250, 5, 79]
1552551976462;[171, 0, 17, 255, 161, 76, 221, 6, 142, 1, 0, 24, 0, 0, 27, 1, 0, 250, 5, 53]
1552551976629;[171, 0, 17, 255, 161, 76, 221, 6, 143, 1, 0, 23, 0, 0, 25, 1, 0, 250, 5, 66]
1552551976630;[171, 0, 17, 255, 161, 76, 221, 6, 143, 1, 0, 29, 0, 0, 25, 1, 0, 249, 5, 200]
1552551976796;[171, 0, 4, 255, 132, 128, 60]
1552551976797;[171, 0, 17, 255, 161, 76, 221, 6, 143, 1, 0, 26, 0, 0, 27, 1, 0, 249, 6, 57]
1552551976980;[171, 0, 17, 255, 161, 76, 221, 6, 143, 1, 0, 22, 0, 0, 27, 1, 0, 249, 6, 122]
1552551977147;[171, 0, 17, 255, 161, 76, 221, 6, 143, 1, 0, 25, 0, 0, 27, 1, 0, 249, 6, 173]
1552551977147;[171, 0, 17, 255, 161, 76, 221, 6, 143, 1, 0, 25, 0, 0, 25, 1, 0, 250, 6, 185]
1552551977314;[171, 0, 17, 255, 161, 76, 221, 6, 143, 1, 0, 25, 0, 0, 21, 1, 0, 250, 6, 173]
1552551977315;[171, 0, 17, 255, 161, 76, 221, 6, 143, 1, 0, 25, 0, 0, 25, 1, 0, 249, 6, 143]
1552551977498;[171, 0, 17, 255, 161, 76, 221, 6, 143, 1, 0, 25, 0, 0, 27, 1, 0, 250, 6, 108]
1552551977665;[171, 0, 17, 255, 161, 76, 221, 6, 143, 1, 0, 25, 0, 0, 24, 1, 0, 250, 6, 43]
1552551977666;[171, 0, 17, 255, 161, 76, 221, 6, 144, 1, 0, 25, 0, 0, 24, 1, 0, 249, 5, 240]
1552551977832;[171, 0, 17, 255, 161, 76, 221, 6, 144, 1, 0, 22, 0, 0, 27, 1, 0, 249, 5, 239]
1552551978016;[171, 0, 4, 255, 132, 128, 60]
1552551978017;[171, 0, 17, 255, 161, 76, 221, 6, 144, 1, 0, 29, 0, 0, 27, 1, 0, 250, 6, 84]
1552551978017;[171, 0, 17, 255, 161, 76, 221, 6, 144, 1, 0, 23, 0, 0, 26, 1, 0, 249, 6, 165]
1552551978183;[171, 0, 17, 255, 161, 76, 221, 6, 144, 1, 0, 27, 0, 0, 27, 1, 0, 249, 6, 190]
1552551978701;[171, 0, 17, 255, 161, 76, 221, 6, 144, 1, 0, 25, 0, 0, 27, 1, 0, 250, 6, 219]
1552551978702;[171, 0, 17, 255, 161, 76, 221, 6, 144, 1, 0, 26, 0, 0, 22, 1, 0, 250, 6, 211]
1552551978702;[171, 0, 17, 255, 161, 76, 221, 6, 144, 1, 0, 30, 0, 0, 25, 1, 0, 249, 6, 179]
1552551978703;[171, 0, 17, 255, 161, 76, 221, 6, 144, 1, 0, 25, 0, 0, 27, 1, 0, 249, 6, 140]
1552551978703;[171, 0, 17, 255, 161, 76, 221, 6, 144, 1, 0, 28, 0, 0, 27, 1, 0, 255, 6, 84]
1552551978704;[171, 0, 17, 255, 161, 76, 221, 6, 145, 1, 0, 24, 0, 0, 25, 1, 0, 249, 6, 34]
1552551979052;[171, 0, 17, 255, 161, 76, 221, 6, 145, 1, 0, 27, 0, 0, 25, 1, 0, 249, 6, 12]
1552551979052;[171, 0, 4, 255, 132, 128, 60]
1552551979053;[171, 0, 17, 255, 161, 76, 221, 6, 145, 1, 0, 24, 0, 0, 27, 1, 0, 249, 6, 100]
1552551979219;[171, 0, 17, 255, 161, 76, 221, 6, 145, 1, 0, 30, 0, 0, 27, 1, 0, 250, 6, 175]
1552551979220;[171, 0, 17, 255, 161, 76, 221, 6, 145, 1, 0, 24, 0, 0, 24, 1, 0, 254, 6, 180]
1552551979386;[171, 0, 17, 255, 161, 76, 221, 6, 145, 1, 0, 29, 0, 0, 25, 1, 0, 249, 6, 174]
1552551979553;[171, 0, 17, 255, 161, 76, 221, 6, 145, 1, 0, 24, 0, 0, 28, 1, 0, 254, 6, 149]
1552551979570;[171, 0, 17, 255, 161, 76, 221, 6, 145, 1, 0, 25, 0, 0, 27, 1, 0, 249, 6, 104]
1552551979737;[171, 0, 17, 255, 161, 76, 221, 6, 145, 1, 0, 24, 0, 0, 27, 1, 0, 250, 6, 52]
1552551979737;[171, 0, 17, 255, 161, 76, 221, 6, 145, 1, 0, 25, 0, 0, 27, 1, 0, 250, 5, 247]
1552551979904;[171, 0, 17, 255, 161, 76, 221, 6, 146, 1, 0, 25, 0, 0, 25, 1, 0, 249, 5, 190]
1552551979904;[171, 0, 17, 255, 161, 76, 221, 6, 146, 1, 0, 24, 0, 0, 27, 1, 0, 249, 5, 128]
1552551980071;[171, 0, 4, 255, 132, 128, 60]
1552551980254;[171, 0, 17, 255, 161, 76, 221, 6, 146, 1, 0, 31, 0, 0, 27, 1, 1, 3, 5, 97]
1552551980255;[171, 0, 17, 255, 161, 76, 221, 6, 146, 1, 0, 24, 0, 0, 25, 1, 0, 254, 5, 195]
1552551980422;[171, 0, 17, 255, 161, 76, 221, 6, 146, 1, 0, 27, 0, 0, 24, 1, 0, 255, 6, 17]
1552551980422;[171, 0, 17, 255, 161, 76, 221, 6, 146, 1, 0, 24, 0, 0, 28, 1, 0, 250, 6, 57]
1552551980589;[171, 0, 17, 255, 161, 76, 221, 6, 146, 1, 0, 24, 0, 0, 27, 1, 0, 249, 6, 100]
1552551980772;[171, 0, 17, 255, 161, 76, 221, 6, 146, 1, 0, 28, 0, 0, 27, 1, 0, 250, 6, 100]
1552551980773;[171, 0, 17, 255, 161, 76, 221, 6, 146, 1, 0, 25, 0, 0, 24, 1, 0, 250, 6, 76]
1552551980940;[171, 0, 17, 255, 161, 76, 221, 6, 146, 1, 0, 24, 0, 0, 22, 1, 0, 249, 6, 42]
1552551980940;[171, 0, 17, 255, 161, 76, 221, 6, 147, 1, 0, 21, 0, 0, 27, 1, 0, 249, 6, 4]
1552551981106;[171, 0, 17, 255, 161, 76, 221, 6, 147, 1, 0, 22, 0, 0, 25, 1, 0, 250, 5, 205]
1552551981291;[171, 0, 4, 255, 132, 128, 60]
1552551981458;[171, 0, 17, 255, 161, 76, 221, 6, 147, 1, 0, 25, 0, 0, 27, 1, 0, 250, 5, 209]
1552551981458;[171, 0, 17, 255, 161, 76, 221, 6, 147, 1, 0, 25, 0, 0, 27, 1, 0, 249, 6, 39]
1552551981459;[171, 0, 17, 255, 161, 76, 221, 6, 147, 1, 0, 24, 0, 0, 27, 1, 0, 250, 6, 106]
1552551981625;[171, 0, 17, 255, 161, 76, 221, 6, 147, 1, 0, 25, 0, 0, 27, 1, 0, 249, 6, 127]
1552551981641;[171, 0, 17, 255, 161, 76, 221, 6, 147, 1, 0, 23, 0, 0, 27, 1, 0, 250, 6, 154]
1552551981809;[171, 0, 17, 255, 161, 76, 221, 6, 147, 1, 0, 22, 0, 0, 27, 1, 0, 249, 6, 149]
1552551981809;[171, 0, 17, 255, 161, 76, 221, 6, 147, 1, 0, 23, 0, 0, 27, 1, 0, 249, 6, 117]
1552551981976;[171, 0, 17, 255, 161, 76, 221, 6, 147, 1, 0, 23, 0, 0, 27, 1, 0, 250, 6, 83]
1552551982142;[171, 0, 17, 255, 161, 76, 221, 6, 148, 1, 0, 22, 0, 0, 27, 1, 0, 249, 6, 21]
1552551982143;[171, 0, 17, 255, 161, 76, 221, 6, 148, 1, 0, 20, 0, 0, 27, 1, 0, 248, 6, 46]
1552551982327;[171, 0, 4, 255, 132, 128, 60]
1552551982328;[171, 0, 17, 255, 161, 76, 221, 6, 148, 1, 0, 24, 0, 0, 29, 1, 0, 249, 6, 109]
1552551982495;[171, 0, 17, 255, 161, 76, 221, 6, 148, 1, 0, 24, 0, 0, 27, 1, 0, 249, 6, 146]
1552551982661;[171, 0, 17, 255, 161, 76, 221, 6, 148, 1, 0, 22, 0, 0, 24, 1, 0, 250, 6, 142]
1552551982661;[171, 0, 17, 255, 161, 76, 221, 6, 148, 1, 0, 25, 0, 0, 27, 1, 0, 248, 6, 119]
1552551982844;[171, 0, 17, 255, 161, 76, 221, 6, 148, 1, 0, 24, 0, 0, 28, 1, 0, 254, 6, 77]
1552551982845;[171, 0, 17, 255, 161, 76, 221, 6, 148, 1, 0, 25, 0, 0, 30, 1, 0, 251, 6, 28]
1552551983011;[171, 0, 17, 255, 161, 76, 221, 6, 148, 1, 0, 25, 0, 0, 27, 1, 0, 246, 5, 229]
1552551983012;[171, 0, 17, 255, 161, 76, 221, 6, 148, 1, 0, 24, 0, 0, 28, 1, 0, 246, 5, 189]
1552551983179;[171, 0, 17, 255, 161, 76, 221, 6, 149, 1, 0, 23, 0, 0, 26, 1, 0, 250, 6, 4]
1552551983362;[171, 0, 17, 255, 161, 76, 221, 6, 149, 1, 0, 25, 0, 0, 25, 1, 0, 250, 6, 88]
1552551983363;[171, 0, 4, 255, 132, 128, 60]
1552551983530;[171, 0, 17, 255, 161, 76, 221, 6, 149, 1, 0, 25, 0, 0, 26, 1, 0, 254, 6, 114]
1552551983530;[171, 0, 17, 255, 161, 76, 221, 6, 149, 1, 0, 24, 0, 0, 27, 1, 0, 249, 6, 125]
1552551983696;[171, 0, 17, 255, 161, 76, 221, 6, 149, 1, 0, 24, 0, 0, 28, 1, 0, 254, 6, 117]
1552551983697;[171, 0, 17, 255, 161, 76, 221, 6, 149, 1, 0, 24, 0, 0, 25, 1, 0, 249, 6, 79]
1552551983880;[171, 0, 17, 255, 161, 76, 221, 6, 149, 1, 0, 25, 0, 0, 28, 1, 0, 248, 6, 37]
1552551984047;[171, 0, 17, 255, 161, 76, 221, 6, 149, 1, 0, 22, 0, 0, 27, 1, 0, 249, 5, 243]
1552551984048;[171, 0, 17, 255, 161, 76, 221, 6, 149, 1, 0, 25, 0, 0, 27, 1, 0, 249, 5, 199]
1552551984214;[171, 0, 17, 255, 161, 76, 221, 6, 149, 1, 0, 27, 0, 0, 27, 1, 0, 249, 6, 17]
1552551984215;[171, 0, 17, 255, 161, 76, 221, 6, 150, 1, 0, 29, 0, 0, 27, 1, 0, 249, 6, 97]
1552551984398;[171, 0, 17, 255, 161, 76, 221, 6, 150, 1, 0, 25, 0, 0, 28, 1, 0, 249, 6, 135]
1552551984565;[171, 0, 4, 255, 132, 128, 60]
1552551984566;[171, 0, 17, 255, 161, 76, 221, 6, 150, 1, 0, 24, 0, 0, 28, 1, 0, 247, 6, 149]
1552551984732;[171, 0, 17, 255, 161, 76, 221, 6, 150, 1, 0, 27, 0, 0, 28, 1, 0, 249, 6, 136]
1552551984733;[171, 0, 17, 255, 161, 76, 221, 6, 150, 1, 0, 24, 0, 0, 27, 1, 0, 250, 6, 99]
1552551984916;[171, 0, 17, 255, 161, 76, 221, 6, 150, 1, 0, 24, 0, 0, 27, 1, 0, 254, 6, 53]
1552551984916;[171, 0, 17, 255, 161, 76, 221, 6, 150, 1, 0, 25, 0, 0, 28, 1, 0, 250, 5, 247]
1552551985083;[171, 0, 17, 255, 161, 76, 221, 6, 150, 1, 0, 24, 0, 0, 27, 1, 0, 248, 5, 185]
1552551985250;[171, 0, 17, 255, 161, 76, 221, 6, 150, 1, 0, 22, 0, 0, 25, 1, 0, 255, 5, 118]
1552551985251;[171, 0, 17, 255, 161, 76, 221, 6, 150, 1, 0, 22, 0, 0, 24, 1, 0, 249, 5, 161]
1552551985601;[171, 0, 17, 255, 161, 76, 221, 6, 151, 1, 0, 25, 0, 0, 25, 1, 0, 250, 5, 224]
1552551985602;[171, 0, 17, 255, 161, 76, 221, 6, 151, 1, 0, 23, 0, 0, 27, 1, 0, 249, 6, 5]
1552551985602;[171, 0, 4, 255, 132, 128, 60]
1552551985603;[171, 0, 17, 255, 161, 76, 221, 6, 151, 1, 0, 21, 0, 0, 26, 1, 0, 249, 6, 19]
1552551985768;[171, 0, 17, 255, 161, 76, 221, 6, 151, 1, 0, 27, 0, 0, 27, 1, 0, 250, 6, 12]
1552551985952;[171, 0, 17, 255, 161, 76, 221, 6, 151, 1, 0, 25, 0, 0, 28, 1, 0, 249, 5, 229]
1552551985952;[171, 0, 17, 255, 161, 76, 221, 6, 151, 1, 0, 22, 0, 0, 28, 1, 0, 250, 5, 176]
1552551986119;[171, 0, 17, 255, 161, 76, 221, 6, 151, 1, 0, 25, 0, 0, 28, 1, 0, 250, 5, 128]
1552551986120;[171, 0, 17, 255, 161, 76, 221, 6, 151, 1, 0, 24, 0, 0, 27, 1, 0, 249, 5, 69]
1552551986286;[171, 0, 17, 255, 161, 76, 221, 6, 151, 1, 0, 22, 0, 0, 26, 1, 0, 249, 5, 60]
1552551986453;[171, 0, 17, 255, 161, 76, 221, 6, 151, 1, 0, 23, 0, 0, 25, 1, 0, 249, 5, 144]
1552551986470;[171, 0, 17, 255, 161, 76, 221, 6, 152, 1, 0, 25, 0, 0, 28, 1, 0, 255, 5, 193]
1552551986637;[171, 0, 17, 255, 161, 76, 221, 6, 154, 1, 0, 21, 0, 0, 27, 1, 0, 250, 4, 201]
1552551986804;[171, 0, 17, 255, 161, 76, 221, 6, 154, 1, 0, 19, 0, 0, 29, 1, 0, 250, 4, 170]
1552551986805;[171, 0, 17, 255, 161, 76, 221, 6, 154, 1, 0, 24, 0, 0, 27, 1, 0, 249, 4, 124]
1552551987155;[171, 0, 17, 255, 161, 76, 221, 6, 154, 1, 0, 18, 0, 0, 29, 1, 0, 248, 4, 76]
1552551987155;[171, 0, 17, 255, 161, 76, 221, 6, 154, 1, 0, 19, 0, 0, 28, 1, 0, 249, 4, 23]
1552551987322;[171, 0, 17, 255, 161, 76, 221, 6, 154, 1, 0, 17, 0, 0, 29, 1, 0, 250, 3, 228]
1552551987323;[171, 0, 17, 255, 161, 76, 221, 6, 154, 1, 0, 18, 0, 0, 29, 1, 0, 247, 4, 19]
1552551987489;[171, 0, 17, 255, 161, 76, 221, 6, 154, 1, 0, 18, 0, 0, 30, 1, 0, 249, 4, 83]
1552551987673;[171, 0, 17, 255, 161, 76, 221, 6, 155, 1, 0, 19, 0, 0, 30, 1, 0, 250, 4, 109]
1552551987840;[171, 0, 17, 255, 161, 76, 221, 6, 155, 1, 0, 18, 0, 0, 29, 1, 0, 249, 4, 126]
1552551987840;[171, 0, 4, 255, 132, 128, 61]
1552551987841;[171, 0, 17, 255, 161, 76, 221, 6, 155, 1, 0, 19, 0, 0, 29, 1, 0, 248, 4, 127]
1552551988007;[171, 0, 17, 255, 161, 76, 221, 6, 155, 1, 0, 22, 0, 0, 25, 1, 0, 249, 4, 110]
1552551988008;[171, 0, 17, 255, 161, 76, 221, 6, 155, 1, 0, 18, 0, 0, 27, 1, 0, 249, 4, 74]
1552551988358;[171, 0, 17, 255, 161, 76, 221, 6, 155, 1, 0, 21, 0, 0, 28, 1, 0, 250, 4, 33]
1552551988359;[171, 0, 17, 255, 161, 76, 221, 6, 155, 1, 0, 18, 0, 0, 29, 1, 0, 250, 3, 243]
1552551988359;[171, 0, 17, 255, 161, 76, 221, 6, 155, 1, 0, 18, 0, 0, 29, 1, 0, 250, 4, 45]
1552551988525;[171, 0, 17, 255, 161, 76, 221, 6, 155, 1, 0, 18, 0, 0, 29, 1, 0, 249, 4, 114]
1552551988526;[171, 0, 17, 255, 161, 76, 221, 6, 155, 1, 0, 19, 0, 0, 27, 1, 0, 250, 4, 128]
1552551988709;[171, 0, 17, 255, 161, 76, 221, 6, 156, 1, 0, 17, 0, 0, 29, 1, 0, 250, 4, 137]
1552551988710;[171, 0, 17, 255, 161, 76, 221, 6, 156, 1, 0, 18, 0, 0, 30, 1, 0, 250, 4, 124]
1552551988876;[171, 0, 4, 255, 132, 128, 61]
1552551989043;[171, 0, 17, 255, 161, 76, 221, 6, 156, 1, 0, 18, 0, 0, 27, 1, 0, 249, 4, 82]
1552551989044;[171, 0, 17, 255, 161, 76, 221, 6, 156, 1, 0, 19, 0, 0, 29, 1, 0, 254, 4, 32]
1552551989227;[171, 0, 17, 255, 161, 76, 221, 6, 156, 1, 0, 20, 0, 0, 29, 1, 0, 249, 3, 234]
1552551989228;[171, 0, 17, 255, 161, 76, 221, 6, 156, 1, 0, 17, 0, 0, 29, 1, 0, 249, 3, 178]
1552551989396;[171, 0, 17, 255, 161, 76, 221, 6, 156, 1, 0, 16, 0, 0, 29, 1, 0, 249, 3, 196]
1552551989562;[171, 0, 17, 255, 161, 76, 221, 6, 156, 1, 0, 18, 0, 0, 28, 1, 0, 250, 4, 4]
1552551989562;[171, 0, 17, 255, 161, 76, 221, 6, 156, 1, 0, 19, 0, 0, 29, 1, 0, 250, 4, 23]
1552551989745;[171, 0, 17, 255, 161, 76, 221, 6, 156, 1, 0, 17, 0, 0, 29, 1, 0, 249, 4, 21]
1552551989746;[171, 0, 17, 255, 161, 76, 221, 6, 157, 1, 0, 18, 0, 0, 29, 1, 0, 249, 4, 14]
1552551989913;[171, 0, 17, 255, 161, 76, 221, 6, 157, 1, 0, 17, 0, 0, 28, 1, 0, 249, 3, 226]
1552551989913;[171, 0, 4, 255, 132, 128, 61]
1552551990079;[171, 0, 17, 255, 161, 76, 221, 6, 157, 1, 0, 18, 0, 0, 30, 1, 0, 249, 3, 174]
1552551990263;[171, 0, 17, 255, 161, 76, 221, 6, 157, 1, 0, 14, 0, 0, 30, 1, 0, 243, 3, 52]
1552551990263;[171, 0, 17, 255, 161, 76, 221, 6, 157, 1, 0, 19, 0, 0, 29, 1, 0, 246, 2, 144]
1552551990430;[171, 0, 17, 255, 161, 76, 221, 6, 157, 1, 0, 15, 0, 0, 30, 1, 0, 248, 1, 227]
1552551990431;[171, 0, 17, 255, 161, 76, 221, 6, 157, 1, 0, 22, 0, 0, 30, 1, 0, 254, 1, 136]
1552551990597;[171, 0, 17, 255, 161, 76, 221, 6, 157, 1, 0, 18, 0, 0, 35, 1, 0, 249, 1, 56]
1552551990598;[171, 0, 17, 255, 161, 76, 221, 6, 157, 1, 0, 20, 0, 0, 35, 1, 0, 249, 16, 191]
1552551990781;[171, 0, 17, 255, 161, 76, 221, 6, 157, 1, 0, 18, 0, 0, 29, 1, 0, 249, 7, 42]
1552551990948;[171, 0, 17, 255, 161, 76, 221, 6, 158, 1, 0, 17, 0, 0, 29, 1, 0, 248, 6, 144]
1552551990948;[171, 0, 17, 255, 161, 76, 221, 6, 158, 1, 0, 19, 0, 0, 30, 1, 0, 249, 6, 25]
1552551991115;[171, 0, 4, 255, 132, 128, 62]
1552551991116;[171, 0, 17, 255, 161, 76, 221, 6, 158, 1, 0, 18, 0, 0, 27, 1, 0, 249, 6, 25]
1552551991299;[171, 0, 17, 255, 161, 76, 221, 6, 158, 1, 0, 19, 0, 0, 28, 1, 0, 249, 5, 194]
1552551991466;[171, 0, 17, 255, 161, 76, 221, 6, 158, 1, 0, 12, 0, 0, 28, 1, 0, 249, 5, 137]
1552551991467;[171, 0, 17, 255, 161, 76, 221, 6, 158, 1, 0, 14, 0, 0, 24, 1, 0, 249, 5, 136]
1552551991633;[171, 0, 17, 255, 161, 76, 221, 6, 158, 1, 0, 18, 0, 0, 24, 1, 0, 247, 5, 113]
1552551991633;[171, 0, 17, 255, 161, 76, 221, 6, 158, 1, 0, 17, 0, 0, 25, 1, 0, 247, 5, 85]
1552551991817;[171, 0, 17, 255, 161, 76, 221, 6, 158, 1, 0, 12, 0, 0, 27, 1, 0, 249, 5, 57]
1552551991817;[171, 0, 17, 255, 161, 76, 221, 6, 158, 1, 0, 8, 0, 0, 22, 1, 0, 250, 5, 49]
1552551991984;[171, 0, 17, 255, 161, 76, 221, 6, 159, 1, 0, 15, 0, 0, 24, 1, 0, 246, 5, 47]
1552551992151;[171, 0, 17, 255, 161, 76, 221, 6, 159, 1, 0, 1, 0, 0, 24, 1, 0, 254, 5, 75]
1552551992152;[171, 0, 4, 255, 132, 128, 62]
1552551992318;[171, 0, 17, 255, 161, 76, 221, 6, 159, 1, 0, 1, 0, 0, 24, 1, 0, 246, 5, 83]
1552551992335;[171, 0, 17, 255, 161, 76, 221, 6, 159, 0, 0, 1, 0, 0, 21, 1, 0, 250, 5, 60]
1552551992502;[171, 0, 17, 255, 161, 76, 221, 6, 159, 1, 0, 1, 0, 0, 21, 1, 0, 249, 5, 118]
1552551992849;[171, 0, 17, 255, 161, 76, 221, 6, 159, 0, 0, 5, 0, 0, 21, 1, 0, 247, 5, 192]
1552551992849;[171, 0, 17, 255, 161, 76, 221, 6, 159, 0, 0, 1, 0, 0, 16, 1, 1, 3, 5, 235]
1552551992850;[171, 0, 17, 255, 161, 76, 221, 6, 159, 1, 0, 8, 0, 0, 23, 1, 0, 245, 5, 248]
1552551992853;[171, 0, 17, 255, 161, 76, 221, 6, 159, 1, 0, 3, 0, 0, 21, 1, 0, 249, 6, 14]
1552551993020;[171, 0, 17, 255, 161, 76, 221, 6, 159, 1, 0, 4, 0, 0, 22, 1, 0, 249, 6, 25]
1552551993021;[171, 0, 17, 255, 161, 76, 221, 6, 160, 1, 0, 1, 0, 0, 20, 1, 0, 254, 6, 16]
1552551993354;[171, 0, 17, 255, 161, 76, 221, 6, 160, 0, 0, 1, 0, 0, 21, 1, 0, 250, 5, 255]
1552551993371;[171, 0, 4, 255, 132, 128, 62]
1552551993372;[171, 0, 17, 255, 161, 76, 221, 6, 160, 0, 0, 1, 0, 0, 16, 1, 0, 254, 5, 235]
1552551993538;[171, 0, 17, 255, 161, 76, 221, 6, 160, 0, 0, 2, 0, 0, 21, 1, 0, 248, 6, 38]
1552551993539;[171, 0, 17, 255, 161, 76, 221, 6, 160, 0, 0, 7, 0, 0, 16, 1, 0, 254, 6, 128]
1552551993705;[171, 0, 17, 255, 161, 76, 221, 6, 160, 0, 0, 5, 0, 0, 21, 1, 0, 250, 6, 194]
1552551993706;[171, 0, 17, 255, 161, 76, 221, 6, 160, 1, 0, 1, 0, 0, 21, 1, 0, 250, 6, 221]
1552551993872;[171, 0, 17, 255, 161, 76, 221, 6, 160, 0, 0, 3, 0, 0, 20, 1, 0, 243, 6, 229]
1552551994056;[171, 0, 17, 255, 161, 76, 221, 6, 160, 0, 0, 5, 0, 0, 11, 1, 0, 255, 6, 206]
1552551994057;[171, 0, 17, 255, 161, 76, 221, 6, 160, 0, 0, 1, 0, 0, 21, 1, 1, 3, 6, 185]
1552551994223;[171, 0, 17, 255, 161, 76, 221, 6, 161, 0, 0, 1, 0, 0, 16, 1, 0, 254, 6, 164]
1552551994224;[171, 0, 17, 255, 161, 76, 221, 6, 161, 0, 0, 1, 0, 0, 11, 1, 0, 247, 6, 140]
1552551994391;[171, 0, 4, 255, 132, 128, 62]
1552551994573;[171, 0, 17, 255, 161, 76, 221, 6, 161, 0, 0, 5, 0, 0, 11, 1, 0, 255, 6, 178]
1552551994574;[171, 0, 17, 255, 161, 76, 221, 6, 161, 0, 0, 7, 0, 0, 11, 1, 0, 253, 6, 236]
1552551994741;[171, 0, 17, 255, 161, 76, 221, 6, 161, 0, 0, 9, 0, 0, 8, 1, 0, 250, 6, 251]
1552551994741;[171, 0, 17, 255, 161, 76, 221, 6, 161, 0, 0, 10, 0, 0, 8, 1, 0, 255, 7, 1]
1552551994907;[171, 0, 17, 255, 161, 76, 221, 6, 161, 0, 0, 3, 0, 0, 6, 1, 0, 255, 6, 244]
1552551994908;[171, 0, 17, 255, 161, 76, 221, 6, 161, 0, 0, 5, 0, 0, 10, 1, 0, 250, 6, 233]
1552551995092;[171, 0, 17, 255, 161, 76, 221, 6, 161, 0, 0, 3, 0, 0, 8, 1, 0, 250, 6, 236]
1552551995259;[171, 0, 17, 255, 161, 76, 221, 6, 161, 0, 0, 3, 0, 0, 10, 1, 0, 249, 6, 250]
1552551995260;[171, 0, 17, 255, 161, 76, 221, 6, 162, 0, 0, 2, 0, 0, 11, 1, 0, 249, 6, 252]
1552551995426;[171, 0, 17, 255, 161, 76, 221, 6, 162, 0, 0, 5, 0, 0, 9, 1, 0, 248, 7, 49]
1552551995426;[171, 0, 4, 255, 132, 128, 62]
1552551995610;[171, 0, 17, 255, 161, 76, 221, 6, 162, 0, 0, 5, 0, 0, 9, 1, 0, 249, 7, 174]
1552551995611;[171, 0, 17, 255, 161, 76, 221, 6, 162, 0, 0, 3, 0, 0, 11, 1, 0, 254, 8, 3]
1552551995777;[171, 0, 17, 255, 161, 76, 221, 6, 162, 0, 0, 5, 0, 0, 11, 1, 0, 249, 8, 56]
1552551995944;[171, 0, 17, 255, 161, 76, 221, 6, 162, 0, 0, 8, 0, 0, 10, 1, 0, 249, 8, 102]
1552551995945;[171, 0, 17, 255, 161, 76, 221, 6, 162, 0, 0, 9, 0, 0, 11, 1, 0, 249, 8, 128]
1552551996128;[171, 0, 17, 255, 161, 76, 221, 6, 162, 0, 0, 5, 0, 0, 10, 1, 0, 250, 8, 143]
1552551996128;[171, 0, 17, 255, 161, 76, 221, 6, 162, 0, 0, 7, 0, 0, 11, 1, 0, 249, 8, 133]
1552551996295;[171, 0, 17, 255, 161, 76, 221, 6, 162, 0, 0, 10, 0, 0, 11, 1, 0, 250, 8, 119]
1552551996462;[171, 0, 17, 255, 161, 76, 221, 6, 163, 0, 0, 9, 0, 0, 11, 1, 1, 3, 8, 166]
1552551996646;[171, 0, 17, 255, 161, 76, 221, 6, 163, 0, 0, 11, 0, 0, 11, 1, 0, 249, 9, 24]
1552551996646;[171, 0, 4, 255, 132, 128, 62]
1552551996647;[171, 0, 17, 255, 161, 76, 221, 6, 163, 0, 0, 10, 0, 0, 11, 1, 0, 249, 9, 88]
1552551996813;[171, 0, 17, 255, 161, 76, 221, 6, 163, 0, 0, 5, 0, 0, 10, 1, 0, 248, 9, 125]
1552551996813;[171, 0, 17, 255, 161, 76, 221, 6, 163, 0, 0, 10, 0, 0, 11, 1, 0, 250, 9, 153]
1552551996980;[171, 0, 17, 255, 161, 76, 221, 6, 163, 0, 0, 11, 0, 0, 10, 1, 0, 250, 9, 141]
1552551997164;[171, 0, 17, 255, 161, 76, 221, 6, 163, 0, 0, 10, 0, 0, 11, 1, 0, 249, 9, 110]
1552551997164;[171, 0, 17, 255, 161, 76, 221, 6, 163, 0, 0, 10, 0, 0, 11, 1, 0, 249, 9, 77]
1552551997331;[171, 0, 17, 255, 161, 76, 221, 6, 163, 0, 0, 10, 0, 0, 11, 1, 0, 249, 9, 80]
1552551997332;[171, 0, 17, 255, 161, 76, 221, 6, 163, 0, 0, 10, 0, 0, 10, 1, 0, 249, 9, 169]
1552551997682;[171, 0, 17, 255, 161, 76, 221, 6, 164, 0, 0, 11, 0, 0, 11, 1, 0, 254, 9, 233]
1552551997682;[171, 0, 17, 255, 161, 76, 221, 6, 164, 0, 0, 10, 0, 0, 11, 1, 0, 249, 9, 254]
1552551997683;[171, 0, 4, 255, 132, 128, 63]
1552551997849;[171, 0, 17, 255, 161, 76, 221, 6, 164, 0, 0, 9, 0, 0, 11, 1, 0, 249, 10, 15]
1552551997850;[171, 0, 17, 255, 161, 76, 221, 6, 164, 0, 0, 11, 0, 0, 11, 1, 0, 249, 10, 7]
1552551998199;[171, 0, 17, 255, 161, 76, 221, 6, 164, 0, 0, 11, 0, 0, 10, 1, 0, 248, 9, 230]
1552551998200;[171, 0, 17, 255, 161, 76, 221, 6, 164, 0, 0, 11, 0, 0, 11, 1, 0, 249, 9, 188]
1552551998201;[171, 0, 17, 255, 161, 76, 221, 6, 164, 0, 0, 10, 0, 0, 10, 1, 0, 249, 9, 139]
1552551998366;[171, 0, 17, 255, 161, 76, 221, 6, 164, 0, 0, 7, 0, 0, 11, 1, 0, 250, 9, 100]
1552551998367;[171, 0, 17, 255, 161, 76, 221, 6, 164, 0, 0, 11, 0, 0, 11, 1, 0, 249, 9, 162]
1552551998534;[171, 0, 17, 255, 161, 76, 221, 6, 164, 0, 0, 10, 0, 0, 11, 1, 0, 250, 9, 242]
1552551998534;[171, 0, 17, 255, 161, 76, 221, 6, 165, 0, 0, 9, 0, 0, 16, 1, 0, 249, 10, 15]
1552551998701;[171, 0, 17, 255, 161, 76, 221, 6, 165, 0, 0, 10, 0, 0, 11, 1, 0, 249, 10, 28]
1552551998717;[171, 0, 4, 255, 132, 128, 63]
1552551998884;[171, 0, 17, 255, 161, 76, 221, 6, 165, 0, 0, 9, 0, 0, 11, 1, 0, 250, 10, 26]
1552551999052;[171, 0, 17, 255, 161, 76, 221, 6, 165, 0, 0, 10, 0, 0, 11, 1, 0, 250, 9, 249]
1552551999052;[171, 0, 17, 255, 161, 76, 221, 6, 165, 0, 0, 11, 0, 0, 10, 1, 0, 249, 9, 211]
1552551999219;[171, 0, 17, 255, 161, 76, 221, 6, 165, 0, 0, 11, 0, 0, 11, 1, 0, 249, 9, 158]
1552551999403;[171, 0, 17, 255, 161, 76, 221, 6, 165, 0, 0, 11, 0, 0, 16, 1, 0, 250, 9, 94]
1552551999403;[171, 0, 17, 255, 161, 76, 221, 6, 165, 0, 0, 11, 0, 0, 16, 1, 0, 249, 9, 22]
1552551999404;[171, 0, 17, 255, 161, 76, 221, 6, 165, 0, 0, 9, 0, 0, 11, 1, 0, 249, 8, 213]
1552551999570;[171, 0, 17, 255, 161, 76, 221, 6, 165, 0, 0, 9, 0, 0, 14, 1, 0, 249, 8, 238]
1552551999737;[171, 0, 17, 255, 161, 76, 221, 6, 166, 0, 0, 11, 0, 0, 11, 1, 0, 250, 9, 35]
1552551999754;[171, 0, 17, 255, 161, 76, 221, 6, 166, 0, 0, 11, 0, 0, 11, 1, 0, 249, 9, 66]
1552551999921;[171, 0, 4, 255, 132, 128, 63]
1552551999922;[171, 0, 17, 255, 161, 76, 221, 6, 166, 0, 0, 11, 0, 0, 20, 1, 0, 248, 9, 76]
1552552000090;[171, 0, 17, 255, 161, 76, 221, 6, 166, 0, 0, 9, 0, 0, 15, 1, 0, 247, 9, 74]
1552552000254;[171, 0, 17, 255, 161, 76, 221, 6, 166, 0, 0, 11, 0, 0, 16, 1, 0, 253, 9, 44]
1552552000255;[171, 0, 17, 255, 161, 76, 221, 6, 166, 0, 0, 10, 0, 0, 16, 1, 0, 249, 9, 10]
1552552000439;[171, 0, 17, 255, 161, 76, 221, 6, 166, 0, 0, 11, 0, 0, 11, 1, 0, 246, 8, 221]
1552552000439;[171, 0, 17, 255, 161, 76, 221, 6, 166, 0, 0, 10, 0, 0, 11, 1, 0, 250, 8, 165]
1552552000606;[171, 0, 17, 255, 161, 76, 221, 6, 166, 0, 0, 12, 0, 0, 11, 1, 0, 249, 8, 104]
1552552000606;[171, 0, 17, 255, 161, 76, 221, 6, 166, 0, 0, 9, 0, 0, 11, 1, 0, 248, 8, 61]
1552552000772;[171, 0, 17, 255, 161, 76, 221, 6, 167, 0, 0, 10, 0, 0, 11, 1, 0, 249, 8, 105]
1552552000956;[171, 0, 17, 255, 161, 76, 221, 6, 167, 0, 0, 11, 0, 0, 11, 1, 0, 249, 8, 141]
1552552000957;[171, 0, 4, 255, 132, 128, 63]
1552552001123;[171, 0, 17, 255, 161, 76, 221, 6, 167, 0, 0, 10, 0, 0, 16, 1, 0, 250, 8, 139]
1552552001140;[171, 0, 17, 255, 161, 76, 221, 6, 167, 0, 0, 10, 0, 0, 11, 1, 0, 249, 8, 141]
1552552001291;[171, 0, 17, 255, 161, 76, 221, 6, 167, 0, 0, 10, 0, 0, 11, 1, 0, 254, 8, 113]
1552552001474;[171, 0, 17, 255, 161, 76, 221, 6, 167, 0, 0, 10, 0, 0, 11, 1, 0, 251, 8, 77]
1552552001475;[171, 0, 17, 255, 161, 76, 221, 6, 167, 0, 0, 11, 0, 0, 11, 1, 0, 250, 8, 36]
1552552001642;[171, 0, 17, 255, 161, 76, 221, 6, 167, 0, 0, 11, 0, 0, 11, 1, 0, 249, 7, 245]
1552552001645;[171, 0, 17, 255, 161, 76, 221, 6, 167, 0, 0, 11, 0, 0, 16, 1, 0, 249, 7, 191]
1552552001809;[171, 0, 17, 255, 161, 76, 221, 6, 167, 0, 0, 11, 0, 0, 11, 1, 0, 249, 7, 132]
1552552001809;[171, 0, 17, 255, 161, 76, 221, 6, 168, 0, 0, 9, 0, 0, 15, 1, 0, 249, 7, 98]
1552552001992;[171, 0, 17, 255, 161, 76, 221, 6, 168, 0, 0, 10, 0, 0, 11, 1, 0, 249, 7, 159]
1552552002160;[171, 0, 4, 255, 132, 128, 64]
1552552002161;[171, 0, 17, 255, 161, 76, 221, 6, 168, 0, 0, 9, 0, 0, 11, 1, 0, 245, 7, 203]
1552552002326;[171, 0, 17, 255, 161, 76, 221, 6, 168, 0, 0, 9, 0, 0, 11, 1, 0, 249, 7, 219]
1552552002327;[171, 0, 17, 255, 161, 76, 221, 6, 168, 0, 0, 13, 0, 0, 10, 1, 0, 249, 7, 239]
1552552002511;[171, 0, 17, 255, 161, 76, 221, 6, 168, 0, 0, 11, 0, 0, 11, 1, 0, 249, 7, 229]
1552552002512;[171, 0, 17, 255, 161, 76, 221, 6, 168, 0, 0, 10, 0, 0, 11, 1, 0, 249, 7, 204]
1552552002677;[171, 0, 17, 255, 161, 76, 221, 6, 168, 0, 0, 11, 0, 0, 11, 1, 0, 249, 7, 175]
1552552002845;[171, 0, 17, 255, 161, 76, 221, 6, 168, 0, 0, 9, 0, 0, 11, 1, 0, 249, 7, 131]
1552552002845;[171, 0, 17, 255, 161, 76, 221, 6, 168, 0, 0, 13, 0, 0, 11, 1, 0, 248, 7, 97]
1552552003029;[171, 0, 17, 255, 161, 76, 221, 6, 169, 0, 0, 12, 0, 0, 16, 1, 0, 248, 7, 76]
1552552003029;[171, 0, 17, 255, 161, 76, 221, 6, 169, 0, 0, 11, 0, 0, 11, 1, 0, 254, 7, 143]
1552552003195;[171, 0, 4, 255, 132, 128, 63]
1552552003363;[171, 0, 17, 255, 161, 76, 221, 6, 169, 0, 0, 12, 0, 0, 15, 1, 0, 246, 7, 194]
1552552003363;[171, 0, 17, 255, 161, 76, 221, 6, 169, 0, 0, 10, 0, 0, 11, 1, 0, 254, 7, 204]
1552552003546;[171, 0, 17, 255, 161, 76, 221, 6, 169, 0, 0, 9, 0, 0, 16, 1, 0, 249, 7, 222]
1552552003547;[171, 0, 17, 255, 161, 76, 221, 6, 169, 0, 0, 12, 0, 0, 11, 1, 0, 249, 7, 218]
1552552003714;[171, 0, 17, 255, 161, 76, 221, 6, 169, 0, 0, 11, 0, 0, 11, 1, 0, 250, 7, 194]
1552552003714;[171, 0, 17, 255, 161, 76, 221, 6, 169, 0, 0, 11, 0, 0, 16, 1, 0, 249, 7, 173]
1552552003881;[171, 0, 17, 255, 161, 76, 221, 6, 169, 0, 0, 9, 0, 0, 11, 1, 0, 249, 7, 138]
1552552004231;[171, 0, 17, 255, 161, 76, 221, 6, 169, 0, 0, 10, 0, 0, 11, 1, 0, 250, 7, 127]
1552552004232;[171, 0, 17, 255, 161, 76, 221, 6, 170, 0, 0, 12, 0, 0, 11, 1, 0, 249, 7, 201]
1552552004232;[171, 0, 17, 255, 161, 76, 221, 6, 170, 0, 0, 10, 0, 0, 10, 1, 0, 249, 8, 23]
1552552004233;[171, 0, 4, 255, 132, 128, 63]
1552552004398;[171, 0, 17, 255, 161, 76, 221, 6, 170, 0, 0, 11, 0, 0, 11, 1, 0, 249, 8, 56]
1552552004399;[171, 0, 17, 255, 161, 76, 221, 6, 170, 0, 0, 10, 0, 0, 11, 1, 0, 249, 8, 83]
1552552004582;[171, 0, 17, 255, 161, 76, 221, 6, 170, 0, 0, 11, 0, 0, 16, 1, 0, 249, 8, 86]
1552552004749;[171, 0, 17, 255, 161, 76, 221, 6, 170, 0, 0, 10, 0, 0, 11, 1, 0, 254, 8, 72]
1552552004750;[171, 0, 17, 255, 161, 76, 221, 6, 170, 0, 0, 10, 0, 0, 16, 1, 0, 250, 8, 61]
1552552004916;[171, 0, 17, 255, 161, 76, 221, 6, 170, 0, 0, 11, 0, 0, 11, 1, 0, 248, 8, 32]
1552552004917;[171, 0, 17, 255, 161, 76, 221, 6, 170, 0, 0, 12, 0, 0, 16, 1, 0, 249, 7, 247]
1552552005083;[171, 0, 17, 255, 161, 76, 221, 6, 170, 0, 0, 12, 0, 0, 20, 1, 0, 249, 8, 5]
1552552005267;[171, 0, 17, 255, 161, 76, 221, 6, 171, 0, 0, 9, 0, 0, 16, 1, 0, 249, 8, 106]
1552552005267;[171, 0, 17, 255, 161, 76, 221, 6, 171, 0, 0, 9, 0, 0, 11, 1, 0, 250, 8, 182]
1552552005434;[171, 0, 4, 255, 132, 128, 63]
1552552005435;[171, 0, 17, 255, 161, 76, 221, 6, 171, 0, 0, 10, 0, 0, 16, 1, 0, 249, 8, 227]
1552552005601;[171, 0, 17, 255, 161, 76, 221, 6, 171, 0, 0, 10, 0, 0, 11, 1, 0, 249, 9, 6]
1552552005618;[171, 0, 17, 255, 161, 76, 221, 6, 171, 0, 0, 11, 0, 0, 11, 1, 0, 253, 9, 17]
1552552005785;[171, 0, 17, 255, 161, 76, 221, 6, 171, 0, 0, 10, 0, 0, 11, 1, 0, 250, 8, 253]
1552552005952;[171, 0, 17, 255, 161, 76, 221, 6, 171, 0, 0, 12, 0, 0, 10, 1, 0, 249, 8, 232]
1552552005953;[171, 0, 17, 255, 161, 76, 221, 6, 171, 0, 0, 10, 0, 0, 11, 1, 0, 249, 8, 196]
1552552006119;[171, 0, 17, 255, 161, 76, 221, 6, 171, 0, 0, 12, 0, 0, 10, 1, 0, 249, 8, 152]
1552552006136;[171, 0, 17, 255, 161, 76, 221, 6, 171, 0, 0, 10, 0, 0, 16, 1, 0, 249, 8, 135]
1552552006303;[171, 0, 17, 255, 161, 76, 221, 6, 172, 0, 0, 10, 0, 0, 11, 1, 0, 249, 8, 221]
1552552006303;[171, 0, 17, 255, 161, 76, 221, 6, 172, 0, 0, 12, 0, 0, 16, 1, 0, 254, 9, 28]
1552552006637;[171, 0, 4, 255, 132, 128, 62]
1552552006638;[171, 0, 17, 255, 161, 76, 221, 6, 172, 0, 0, 11, 0, 0, 20, 1, 0, 249, 9, 62]
1552552006656;[171, 0, 17, 255, 161, 76, 221, 6, 172, 0, 0, 11, 0, 0, 10, 1, 0, 246, 9, 78]
1552552006821;[171, 0, 17, 255, 161, 76, 221, 6, 172, 0, 0, 11, 0, 0, 16, 1, 0, 249, 9, 76]
1552552006821;[171, 0, 17, 255, 161, 76, 221, 6, 172, 0, 0, 11, 0, 0, 11, 1, 0, 249, 9, 63]
1552552006988;[171, 0, 17, 255, 161, 76, 221, 6, 172, 0, 0, 10, 0, 0, 11, 1, 0, 254, 9, 28]
1552552007339;[171, 0, 17, 255, 161, 76, 221, 6, 172, 0, 0, 12, 0, 0, 11, 1, 0, 249, 8, 242]
1552552007339;[171, 0, 17, 255, 161, 76, 221, 6, 172, 0, 0, 11, 0, 0, 16, 1, 0, 248, 8, 196]
