1546589892321;[171, 0, 17, 255, 161, 72, 70, 211, 181, 0, 0, 221, 0, 0, 98, 1, 0, 87, 14, 98]
1546589892492;[171, 0, 4, 255, 132, 128, 81]
1546589892495;[171, 0, 17, 255, 161, 72, 70, 211, 181, 0, 0, 216, 0, 0, 101, 1, 0, 88, 14, 103]
1546589892665;[171, 0, 17, 255, 161, 72, 70, 211, 181, 0, 0, 219, 0, 0, 101, 1, 0, 92, 14, 108]
1546589894789;[171, 0, 17, 255, 161, 72, 70, 211, 181, 0, 0, 219, 0, 0, 98, 1, 0, 87, 14, 110]
1546589894791;[171, 0, 17, 255, 161, 72, 70, 211, 181, 0, 0, 217, 0, 0, 102, 1, 0, 88, 14, 104]
1546589894796;[171, 0, 17, 255, 161, 72, 70, 211, 182, 0, 0, 219, 0, 0, 100, 1, 0, 88, 14, 137]
1546589894797;[171, 0, 17, 255, 161, 72, 70, 211, 182, 0, 0, 221, 0, 0, 104, 1, 0, 92, 14, 169]
1546589894808;[171, 0, 17, 255, 161, 72, 70, 211, 182, 0, 0, 219, 0, 0, 101, 1, 0, 92, 14, 205]
1546589894810;[171, 0, 17, 255, 161, 72, 70, 211, 182, 0, 0, 218, 0, 0, 101, 1, 0, 88, 14, 252]
1546589894812;[171, 0, 17, 255, 161, 72, 70, 211, 182, 0, 0, 221, 0, 0, 103, 1, 0, 91, 31, 62]
1546589894814;[171, 0, 17, 255, 161, 72, 70, 211, 182, 0, 0, 215, 0, 0, 104, 1, 0, 96, 8, 53]
1546589894816;[171, 0, 4, 255, 132, 128, 82]
1546589894818;[171, 0, 17, 255, 161, 72, 70, 211, 182, 0, 0, 217, 0, 0, 104, 1, 0, 92, 8, 59]
1546589894820;[171, 0, 17, 255, 161, 72, 70, 211, 182, 0, 0, 212, 0, 0, 102, 1, 0, 96, 9, 65]
1546589894828;[171, 0, 17, 255, 161, 72, 70, 211, 182, 0, 0, 218, 0, 0, 104, 1, 0, 96, 10, 67]
1546589894833;[171, 0, 17, 255, 161, 72, 70, 211, 182, 0, 0, 221, 0, 0, 106, 1, 0, 92, 10, 107]
1546589894838;[171, 0, 17, 255, 161, 72, 70, 211, 183, 0, 0, 214, 0, 0, 100, 1, 0, 91, 11, 40]
1546589894840;[171, 0, 17, 255, 161, 72, 70, 211, 183, 0, 0, 219, 0, 0, 104, 1, 0, 96, 12, 80]
1546589894842;[171, 0, 17, 255, 161, 72, 70, 211, 183, 0, 0, 215, 0, 0, 101, 1, 0, 95, 31, 224]
1546589894849;[171, 0, 17, 255, 161, 72, 70, 211, 183, 0, 0, 214, 0, 0, 105, 1, 0, 96, 9, 104]
1546589894851;[171, 0, 17, 255, 161, 72, 70, 211, 183, 0, 0, 221, 0, 0, 104, 1, 0, 88, 8, 88]
1546589894853;[171, 0, 17, 255, 161, 72, 70, 211, 183, 0, 0, 221, 0, 0, 104, 1, 0, 93, 5, 71]
1546589894855;[171, 0, 4, 255, 132, 128, 82]
1546589894857;[171, 0, 17, 255, 161, 72, 70, 211, 183, 0, 0, 211, 0, 0, 102, 1, 0, 92, 4, 148]
1546589894908;[171, 0, 17, 255, 161, 72, 70, 211, 183, 0, 0, 218, 0, 0, 103, 1, 0, 92, 1, 250]
1546589894913;[171, 0, 17, 255, 161, 72, 70, 211, 183, 0, 0, 219, 0, 0, 104, 1, 0, 96, 16, 74]
1546589895081;[171, 0, 17, 255, 161, 72, 70, 211, 183, 0, 0, 215, 0, 0, 104, 1, 0, 92, 7, 193]
1546589895085;[171, 0, 17, 255, 161, 72, 70, 211, 184, 0, 0, 219, 0, 0, 104, 1, 0, 96, 7, 175]
1546589895253;[171, 0, 17, 255, 161, 72, 70, 211, 184, 0, 0, 221, 0, 0, 101, 1, 0, 96, 7, 155]
1546589895427;[171, 0, 17, 255, 161, 72, 70, 211, 184, 0, 0, 221, 0, 0, 98, 1, 0, 92, 7, 164]
1546589895431;[171, 0, 17, 255, 161, 72, 70, 211, 184, 0, 0, 217, 0, 0, 106, 1, 0, 93, 7, 173]
1546589895945;[171, 0, 17, 255, 161, 72, 70, 211, 184, 0, 0, 214, 0, 0, 101, 1, 0, 91, 8, 10]
1546589895949;[171, 0, 17, 255, 161, 72, 70, 211, 184, 0, 0, 221, 0, 0, 100, 1, 0, 88, 8, 114]
1546589895954;[171, 0, 4, 255, 132, 128, 83]
1546589895958;[171, 0, 17, 255, 161, 72, 70, 211, 184, 0, 0, 221, 0, 0, 97, 1, 0, 88, 8, 201]
1546589896118;[171, 0, 17, 255, 161, 72, 70, 211, 184, 0, 0, 219, 0, 0, 104, 1, 0, 88, 9, 78]
1546589896122;[171, 0, 17, 255, 161, 72, 70, 211, 184, 0, 0, 218, 0, 0, 102, 1, 0, 95, 9, 134]
1546589896126;[171, 0, 17, 255, 161, 72, 70, 211, 184, 0, 0, 219, 0, 0, 98, 1, 0, 88, 9, 134]
1546589896289;[171, 0, 17, 255, 161, 72, 70, 211, 185, 0, 0, 221, 0, 0, 103, 1, 0, 91, 9, 148]
1546589896293;[171, 0, 17, 255, 161, 72, 70, 211, 185, 0, 0, 218, 0, 0, 101, 1, 0, 87, 9, 87]
1546589896460;[171, 0, 17, 255, 161, 72, 70, 211, 185, 0, 0, 223, 0, 0, 98, 1, 0, 85, 9, 106]
1546589896634;[171, 0, 17, 255, 161, 72, 70, 211, 185, 0, 0, 219, 0, 0, 105, 1, 0, 88, 9, 251]
1546589896638;[171, 0, 17, 255, 161, 72, 70, 211, 185, 0, 0, 218, 0, 0, 102, 1, 0, 87, 9, 218]
1546589896807;[171, 0, 17, 255, 161, 72, 70, 211, 185, 0, 0, 221, 0, 0, 102, 1, 0, 87, 8, 234]
1546589896811;[171, 0, 4, 255, 132, 128, 84]
1546589897151;[171, 0, 17, 255, 161, 72, 70, 211, 185, 0, 0, 219, 0, 0, 101, 1, 0, 86, 8, 80]
1546589897155;[171, 0, 17, 255, 161, 72, 70, 211, 185, 0, 0, 219, 0, 0, 103, 1, 0, 92, 8, 34]
1546589897324;[171, 0, 17, 255, 161, 72, 70, 211, 185, 0, 0, 219, 0, 0, 104, 1, 0, 92, 8, 82]
1546589897328;[171, 0, 17, 255, 161, 72, 70, 211, 185, 0, 0, 219, 0, 0, 104, 1, 0, 88, 7, 211]
1546589897332;[171, 0, 17, 255, 161, 72, 70, 211, 186, 0, 0, 221, 0, 0, 98, 1, 0, 93, 7, 123]
1546589897496;[171, 0, 17, 255, 161, 72, 70, 211, 186, 0, 0, 210, 0, 0, 101, 1, 0, 95, 7, 115]
1546589897500;[171, 0, 17, 255, 161, 72, 70, 211, 186, 0, 0, 215, 0, 0, 109, 1, 0, 96, 7, 149]
1546589897668;[171, 0, 17, 255, 161, 72, 70, 211, 186, 0, 0, 212, 0, 0, 111, 1, 0, 101, 7, 134]
1546589897840;[171, 0, 17, 255, 161, 72, 70, 211, 186, 0, 0, 204, 0, 0, 116, 1, 0, 103, 7, 80]
1546589897845;[171, 0, 17, 255, 161, 72, 70, 211, 186, 0, 0, 196, 0, 0, 118, 1, 0, 108, 7, 74]
1546589898014;[171, 0, 4, 255, 132, 128, 85]
1546589898018;[171, 0, 17, 255, 161, 72, 70, 211, 186, 0, 0, 184, 0, 0, 120, 1, 0, 109, 7, 90]
1546589898362;[171, 0, 17, 255, 161, 72, 70, 211, 186, 0, 0, 211, 0, 0, 134, 1, 0, 118, 7, 109]
1546589898364;[171, 0, 17, 255, 161, 72, 70, 211, 186, 0, 0, 184, 0, 0, 147, 1, 0, 102, 8, 7]
1546589898368;[171, 0, 17, 255, 161, 72, 70, 211, 186, 0, 0, 181, 0, 0, 145, 1, 0, 112, 8, 17]
1546589898531;[171, 0, 17, 255, 161, 72, 70, 211, 187, 0, 0, 178, 0, 0, 146, 1, 0, 120, 8, 0]
1546589898535;[171, 0, 17, 255, 161, 72, 70, 211, 187, 0, 0, 161, 0, 0, 142, 1, 0, 127, 7, 213]
1546589898703;[171, 0, 17, 255, 161, 72, 70, 211, 187, 0, 0, 172, 0, 0, 160, 1, 0, 120, 8, 5]
1546589898707;[171, 0, 17, 255, 161, 72, 70, 211, 187, 0, 0, 166, 0, 0, 160, 1, 0, 120, 8, 9]
1546589898876;[171, 0, 17, 255, 161, 72, 70, 211, 187, 0, 0, 160, 0, 0, 161, 1, 0, 123, 8, 3]
1546589899048;[171, 0, 17, 255, 161, 72, 70, 211, 187, 0, 0, 156, 0, 0, 169, 1, 0, 123, 8, 7]
1546589899052;[171, 0, 4, 255, 132, 128, 86]
1546589899221;[171, 0, 17, 255, 161, 72, 70, 211, 187, 0, 0, 156, 0, 0, 169, 1, 0, 130, 8, 108]
1546589899225;[171, 0, 17, 255, 161, 72, 70, 211, 187, 0, 0, 152, 0, 0, 165, 1, 0, 127, 9, 8]
1546589899393;[171, 0, 17, 255, 161, 72, 70, 211, 187, 0, 0, 157, 0, 0, 160, 1, 0, 124, 9, 202]
1546589899397;[171, 0, 17, 255, 161, 72, 70, 211, 187, 0, 0, 157, 0, 0, 168, 1, 0, 130, 10, 12]
1546589899738;[171, 0, 17, 255, 161, 72, 70, 211, 192, 0, 0, 166, 0, 0, 157, 1, 0, 124, 10, 16]
1546589899742;[171, 0, 17, 255, 161, 72, 70, 211, 192, 0, 0, 173, 0, 0, 169, 1, 0, 127, 8, 223]
1546589899746;[171, 0, 17, 255, 161, 72, 70, 211, 192, 0, 0, 160, 0, 0, 147, 1, 0, 123, 8, 168]
1546589899911;[171, 0, 17, 255, 161, 72, 70, 211, 192, 0, 0, 154, 0, 0, 145, 1, 0, 145, 8, 242]
1546589899915;[171, 0, 17, 255, 161, 72, 70, 211, 192, 0, 0, 166, 0, 0, 147, 1, 0, 125, 9, 47]
1546589900084;[171, 0, 17, 255, 161, 72, 70, 211, 192, 0, 0, 166, 0, 0, 147, 1, 0, 128, 9, 41]
1546589900087;[171, 0, 4, 255, 132, 128, 86]
1546589900256;[171, 0, 17, 255, 161, 72, 70, 211, 192, 0, 0, 171, 0, 0, 148, 1, 0, 126, 9, 134]
1546589900428;[171, 0, 17, 255, 161, 72, 70, 211, 192, 0, 0, 171, 0, 0, 146, 1, 0, 126, 9, 217]
1546589900432;[171, 0, 17, 255, 161, 72, 70, 211, 192, 0, 0, 177, 0, 0, 148, 1, 0, 124, 9, 211]
1546589900601;[171, 0, 17, 255, 161, 72, 70, 211, 192, 0, 0, 161, 0, 0, 148, 1, 0, 129, 9, 194]
1546589900604;[171, 0, 17, 255, 161, 72, 70, 211, 193, 0, 0, 166, 0, 0, 148, 1, 0, 128, 9, 232]
1546589900947;[171, 0, 17, 255, 161, 72, 70, 211, 193, 0, 0, 171, 0, 0, 147, 1, 0, 121, 9, 254]
1546589900951;[171, 0, 17, 255, 161, 72, 70, 211, 193, 0, 0, 167, 0, 0, 147, 1, 0, 128, 9, 215]
1546589900956;[171, 0, 17, 255, 161, 72, 70, 211, 193, 0, 0, 172, 0, 0, 147, 1, 0, 129, 10, 34]
1546589901119;[171, 0, 17, 255, 161, 72, 70, 211, 193, 0, 0, 166, 0, 0, 147, 1, 0, 124, 10, 81]
1546589901123;[171, 0, 17, 255, 161, 72, 70, 211, 193, 0, 0, 167, 0, 0, 147, 1, 0, 126, 10, 72]
1546589901290;[171, 0, 4, 255, 132, 128, 86]
1546589901294;[171, 0, 17, 255, 161, 72, 70, 211, 193, 0, 0, 171, 0, 0, 147, 1, 0, 123, 10, 76]
1546589901463;[171, 0, 17, 255, 161, 72, 70, 211, 193, 0, 0, 178, 0, 0, 148, 1, 0, 121, 10, 52]
1546589901637;[171, 0, 17, 255, 161, 72, 70, 211, 193, 0, 0, 171, 0, 0, 148, 1, 0, 120, 10, 67]
1546589901640;[171, 0, 17, 255, 161, 72, 70, 211, 193, 0, 0, 167, 0, 0, 147, 1, 0, 123, 10, 46]
1546589901809;[171, 0, 17, 255, 161, 72, 70, 211, 194, 0, 0, 177, 0, 0, 150, 1, 0, 120, 10, 48]
1546589901813;[171, 0, 17, 255, 161, 72, 70, 211, 194, 0, 0, 178, 0, 0, 147, 1, 0, 120, 10, 45]
1546589901981;[171, 0, 17, 255, 161, 72, 70, 211, 194, 0, 0, 167, 0, 0, 148, 1, 0, 121, 10, 13]
1546589901984;[171, 0, 17, 255, 161, 72, 70, 211, 194, 0, 0, 177, 0, 0, 148, 1, 0, 123, 10, 11]
1546589902499;[171, 0, 17, 255, 161, 72, 70, 211, 194, 0, 0, 167, 0, 0, 152, 1, 0, 121, 10, 9]
1546589902503;[171, 0, 17, 255, 161, 72, 70, 211, 196, 0, 0, 173, 0, 0, 148, 1, 0, 125, 11, 198]
1546589902507;[171, 0, 17, 255, 161, 72, 70, 211, 196, 0, 0, 173, 0, 0, 148, 1, 0, 126, 11, 219]
1546589902511;[171, 0, 17, 255, 161, 72, 70, 211, 196, 0, 0, 171, 0, 0, 148, 1, 0, 123, 11, 210]
1546589902670;[171, 0, 17, 255, 161, 72, 70, 211, 196, 0, 0, 173, 0, 0, 152, 1, 0, 124, 11, 179]
1546589902844;[171, 0, 17, 255, 161, 72, 70, 211, 197, 0, 0, 171, 0, 0, 147, 1, 0, 123, 11, 189]
1546589903017;[171, 0, 17, 255, 161, 72, 70, 211, 197, 0, 0, 171, 0, 0, 148, 1, 0, 124, 11, 197]
1546589903021;[171, 0, 17, 255, 161, 72, 70, 211, 197, 0, 0, 171, 0, 0, 150, 1, 0, 121, 11, 189]
1546589903189;[171, 0, 17, 255, 161, 72, 70, 211, 197, 0, 0, 167, 0, 0, 147, 1, 0, 123, 11, 172]
1546589903193;[171, 0, 17, 255, 161, 72, 70, 211, 197, 0, 0, 173, 0, 0, 148, 1, 0, 123, 11, 195]
1546589903535;[171, 0, 17, 255, 161, 72, 70, 211, 197, 0, 0, 167, 0, 0, 148, 1, 0, 121, 11, 220]
1546589903540;[171, 0, 4, 255, 132, 128, 86]
1546589903544;[171, 0, 17, 255, 161, 72, 70, 211, 197, 0, 0, 173, 0, 0, 148, 1, 0, 123, 11, 248]
1546589903706;[171, 0, 17, 255, 161, 72, 70, 211, 197, 0, 0, 173, 0, 0, 147, 1, 0, 122, 12, 48]
1546589903710;[171, 0, 17, 255, 161, 72, 70, 211, 197, 0, 0, 173, 0, 0, 148, 1, 0, 121, 12, 70]
1546589904052;[171, 0, 17, 255, 161, 72, 70, 211, 197, 0, 0, 171, 0, 0, 147, 1, 0, 120, 12, 81]
1546589904056;[171, 0, 17, 255, 161, 72, 70, 211, 198, 0, 0, 178, 0, 0, 147, 1, 0, 123, 12, 57]
1546589904060;[171, 0, 17, 255, 161, 72, 70, 211, 198, 0, 0, 179, 0, 0, 147, 1, 0, 123, 12, 159]
1546589904224;[171, 0, 17, 255, 161, 72, 70, 211, 198, 0, 0, 171, 0, 0, 147, 1, 0, 123, 12, 72]
1546589904228;[171, 0, 17, 255, 161, 72, 70, 211, 198, 0, 0, 178, 0, 0, 146, 1, 0, 122, 12, 154]
1546589904396;[171, 0, 17, 255, 161, 72, 70, 211, 198, 0, 0, 179, 0, 0, 147, 1, 0, 123, 12, 83]
1546589904400;[171, 0, 17, 255, 161, 72, 70, 211, 198, 0, 0, 177, 0, 0, 148, 1, 0, 122, 12, 40]
1546589904913;[171, 0, 4, 255, 132, 128, 86]
1546589904919;[171, 0, 17, 255, 161, 72, 70, 211, 198, 0, 0, 177, 0, 0, 152, 1, 0, 120, 12, 12]
1546589904923;[171, 0, 17, 255, 161, 72, 70, 211, 198, 0, 0, 173, 0, 0, 147, 1, 0, 119, 11, 196]
1546589904926;[171, 0, 17, 255, 161, 72, 70, 211, 198, 0, 0, 179, 0, 0, 147, 1, 0, 123, 11, 134]
1546589905083;[171, 0, 17, 255, 161, 72, 70, 211, 198, 0, 0, 167, 0, 0, 147, 1, 0, 121, 11, 153]
1546589905087;[171, 0, 17, 255, 161, 72, 70, 211, 199, 0, 0, 178, 0, 0, 148, 1, 0, 124, 11, 170]
1546589905089;[171, 0, 17, 255, 161, 72, 70, 211, 199, 0, 0, 171, 0, 0, 148, 1, 0, 121, 11, 194]
1546589905258;[171, 0, 17, 255, 161, 72, 70, 211, 199, 0, 0, 171, 0, 0, 148, 1, 0, 121, 12, 140]
1546589905431;[171, 0, 17, 255, 161, 72, 70, 211, 199, 0, 0, 178, 0, 0, 148, 1, 0, 124, 13, 61]
1546589905435;[171, 0, 17, 255, 161, 72, 70, 211, 199, 0, 0, 166, 0, 0, 145, 1, 0, 121, 13, 88]
1546589905603;[171, 0, 17, 255, 161, 72, 70, 211, 199, 0, 0, 167, 0, 0, 148, 1, 0, 121, 13, 15]
1546589905607;[171, 0, 4, 255, 132, 128, 83]
1546589905776;[171, 0, 17, 255, 161, 72, 70, 211, 199, 0, 0, 179, 0, 0, 147, 1, 0, 120, 12, 221]
1546589906123;[171, 0, 17, 255, 161, 72, 70, 211, 199, 0, 0, 178, 0, 0, 145, 1, 0, 121, 13, 8]
1546589906127;[171, 0, 17, 255, 161, 72, 70, 211, 199, 0, 0, 178, 0, 0, 147, 1, 0, 119, 13, 23]
1546589906131;[171, 0, 17, 255, 161, 72, 70, 211, 199, 0, 0, 177, 0, 0, 147, 1, 0, 120, 13, 30]
1546589906135;[171, 0, 17, 255, 161, 72, 70, 211, 200, 0, 0, 177, 0, 0, 146, 1, 0, 123, 12, 232]
1546589906294;[171, 0, 17, 255, 161, 72, 70, 211, 200, 0, 0, 179, 0, 0, 146, 1, 0, 123, 13, 14]
1546589906298;[171, 0, 17, 255, 161, 72, 70, 211, 200, 0, 0, 178, 0, 0, 147, 1, 0, 119, 12, 172]
1546589906467;[171, 0, 17, 255, 161, 72, 70, 211, 200, 0, 0, 179, 0, 0, 147, 1, 0, 119, 12, 99]
1546589906638;[171, 0, 17, 255, 161, 72, 70, 211, 200, 0, 0, 179, 0, 0, 147, 1, 0, 121, 12, 75]
1546589906642;[171, 0, 17, 255, 161, 72, 70, 211, 200, 0, 0, 177, 0, 0, 148, 1, 0, 118, 12, 47]
1546589906810;[171, 0, 4, 255, 132, 128, 83]
1546589906815;[171, 0, 17, 255, 161, 72, 70, 211, 200, 0, 0, 179, 0, 0, 148, 1, 0, 120, 12, 49]
1546589906982;[171, 0, 17, 255, 161, 72, 70, 211, 200, 0, 0, 179, 0, 0, 147, 1, 0, 119, 12, 53]
1546589906986;[171, 0, 17, 255, 161, 72, 70, 211, 200, 0, 0, 171, 0, 0, 148, 1, 0, 121, 12, 69]
1546589907330;[171, 0, 17, 255, 161, 72, 70, 211, 200, 0, 0, 176, 0, 0, 148, 1, 0, 120, 12, 143]
1546589907334;[171, 0, 17, 255, 161, 72, 70, 211, 201, 0, 0, 178, 0, 0, 147, 1, 0, 115, 12, 80]
1546589907338;[171, 0, 17, 255, 161, 72, 70, 211, 201, 0, 0, 181, 0, 0, 157, 1, 0, 120, 11, 192]
1546589907501;[171, 0, 17, 255, 161, 72, 70, 211, 201, 0, 0, 166, 0, 0, 148, 1, 0, 118, 11, 10]
1546589907504;[171, 0, 17, 255, 161, 72, 70, 211, 201, 0, 0, 167, 0, 0, 148, 1, 0, 125, 10, 203]
1546589907844;[171, 0, 17, 255, 161, 72, 70, 211, 201, 0, 0, 171, 0, 0, 152, 1, 0, 121, 11, 5]
1546589907846;[171, 0, 17, 255, 161, 72, 70, 211, 201, 0, 0, 178, 0, 0, 147, 1, 0, 121, 11, 44]
1546589907848;[171, 0, 4, 255, 132, 128, 82]
1546589908020;[171, 0, 17, 255, 161, 72, 70, 211, 201, 0, 0, 178, 0, 0, 150, 1, 0, 115, 11, 86]
1546589908023;[171, 0, 17, 255, 161, 72, 70, 211, 201, 0, 0, 167, 0, 0, 148, 1, 0, 122, 11, 196]
1546589908190;[171, 0, 17, 255, 161, 72, 70, 211, 201, 0, 0, 177, 0, 0, 146, 1, 0, 121, 11, 137]
1546589908194;[171, 0, 17, 255, 161, 72, 70, 211, 201, 0, 0, 181, 0, 0, 150, 1, 0, 123, 11, 42]
1546589908363;[171, 0, 17, 255, 161, 72, 70, 211, 202, 0, 0, 173, 0, 0, 143, 1, 0, 120, 11, 65]
1546589908710;[171, 0, 17, 255, 161, 72, 70, 211, 202, 0, 0, 177, 0, 0, 148, 1, 0, 120, 11, 68]
1546589908714;[171, 0, 17, 255, 161, 72, 70, 211, 202, 0, 0, 178, 0, 0, 148, 1, 0, 109, 11, 88]
1546589908718;[171, 0, 17, 255, 161, 72, 70, 211, 202, 0, 0, 179, 0, 0, 143, 1, 0, 114, 11, 104]
1546589908723;[171, 0, 17, 255, 161, 72, 70, 211, 202, 0, 0, 178, 0, 0, 145, 1, 0, 120, 11, 145]
1546589908881;[171, 0, 17, 255, 161, 72, 70, 211, 202, 0, 0, 178, 0, 0, 140, 1, 0, 114, 11, 205]
1546589908885;[171, 0, 4, 255, 132, 128, 81]
1546589909053;[171, 0, 17, 255, 161, 72, 70, 211, 202, 0, 0, 182, 0, 0, 140, 1, 0, 122, 12, 153]
1546589909226;[171, 0, 17, 255, 161, 72, 70, 211, 202, 0, 0, 182, 0, 0, 147, 1, 0, 110, 12, 14]
1546589909230;[171, 0, 17, 255, 161, 72, 70, 211, 202, 0, 0, 173, 0, 0, 130, 1, 0, 126, 11, 161]
1546589909399;[171, 0, 17, 255, 161, 72, 70, 211, 202, 0, 0, 244, 0, 0, 131, 1, 0, 122, 31, 255]
1546589909403;[171, 0, 17, 255, 161, 72, 70, 211, 203, 0, 1, 250, 0, 0, 77, 1, 0, 120, 12, 195]
1546589909570;[171, 0, 17, 255, 161, 72, 70, 211, 203, 0, 1, 11, 1, 0, 6, 1, 0, 134, 12, 195]
1546589909987;[171, 0, 17, 255, 161, 72, 70, 211, 203, 0, 0, 130, 1, 0, 40, 1, 0, 68, 12, 195]
1546589909988;[171, 0, 17, 255, 161, 72, 70, 211, 203, 0, 0, 169, 0, 0, 33, 1, 0, 22, 12, 195]
1546589909990;[171, 0, 17, 255, 161, 72, 70, 211, 203, 0, 0, 64, 0, 0, 5, 1, 0, 42, 12, 195]
1546589909991;[171, 0, 17, 255, 161, 72, 70, 211, 203, 0, 0, 191, 1, 0, 67, 1, 0, 100, 12, 195]
1546589910088;[171, 0, 4, 255, 132, 128, 80]
1546589910092;[171, 0, 17, 255, 161, 72, 70, 211, 203, 0, 0, 252, 1, 0, 53, 1, 0, 108, 12, 195]
1546589910261;[171, 0, 17, 255, 161, 72, 70, 211, 203, 0, 1, 57, 1, 0, 40, 1, 0, 112, 12, 195]
1546589910434;[171, 0, 17, 255, 161, 72, 70, 211, 203, 0, 0, 246, 1, 0, 24, 1, 0, 126, 13, 146]
1546589910438;[171, 0, 17, 255, 161, 72, 70, 211, 203, 0, 1, 2, 1, 0, 23, 1, 0, 136, 14, 50]
1546589910606;[171, 0, 17, 255, 161, 72, 70, 211, 204, 0, 0, 229, 0, 0, 24, 1, 0, 119, 14, 232]
1546589910610;[171, 0, 17, 255, 161, 72, 70, 211, 204, 0, 0, 240, 0, 0, 56, 1, 0, 123, 31, 125]
1546589910779;[171, 0, 17, 255, 161, 72, 70, 211, 204, 0, 0, 214, 0, 0, 63, 1, 0, 142, 8, 6]
1546589910783;[171, 0, 17, 255, 161, 72, 70, 211, 204, 0, 0, 186, 0, 0, 77, 1, 0, 150, 8, 39]
1546589910950;[171, 0, 17, 255, 161, 72, 70, 211, 204, 0, 0, 185, 0, 0, 77, 1, 0, 163, 8, 2]
1546589911299;[171, 0, 17, 255, 161, 72, 70, 211, 204, 0, 0, 251, 0, 0, 86, 1, 0, 150, 7, 192]
1546589911303;[171, 0, 4, 255, 132, 128, 79]
1546589911307;[171, 0, 17, 255, 161, 72, 70, 211, 204, 0, 0, 194, 0, 0, 80, 1, 0, 122, 7, 149]
1546589911311;[171, 0, 17, 255, 161, 72, 70, 211, 204, 0, 0, 207, 0, 0, 97, 1, 0, 145, 7, 160]
1546589911467;[171, 0, 17, 255, 161, 72, 70, 211, 204, 0, 0, 196, 0, 0, 101, 1, 0, 146, 7, 169]
1546589911640;[171, 0, 17, 255, 161, 72, 70, 211, 204, 0, 0, 178, 0, 0, 97, 1, 0, 145, 7, 159]
1546589911644;[171, 0, 17, 255, 161, 72, 70, 211, 205, 0, 0, 191, 0, 0, 98, 1, 0, 158, 7, 159]
1546589911812;[171, 0, 17, 255, 161, 72, 70, 211, 205, 0, 0, 184, 0, 0, 97, 1, 0, 153, 7, 145]
1546589911817;[171, 0, 17, 255, 161, 72, 70, 211, 205, 0, 0, 183, 0, 0, 89, 1, 0, 148, 7, 137]
1546589911985;[171, 0, 17, 255, 161, 72, 70, 211, 205, 0, 0, 191, 0, 0, 96, 1, 0, 153, 7, 137]
1546589911989;[171, 0, 17, 255, 161, 72, 70, 211, 205, 0, 0, 185, 0, 0, 95, 1, 0, 152, 7, 134]
1546589912158;[171, 0, 17, 255, 161, 72, 70, 211, 205, 0, 0, 185, 0, 0, 90, 1, 0, 151, 7, 128]
1546589912504;[171, 0, 4, 255, 132, 128, 79]
1546589912507;[171, 0, 17, 255, 161, 72, 70, 211, 205, 0, 0, 184, 0, 0, 91, 1, 0, 153, 7, 121]
1546589912511;[171, 0, 17, 255, 161, 72, 70, 211, 205, 0, 0, 181, 0, 0, 95, 1, 0, 157, 7, 109]
1546589912515;[171, 0, 17, 255, 161, 72, 70, 211, 205, 0, 0, 186, 0, 0, 91, 1, 0, 151, 7, 106]
1546589912676;[171, 0, 17, 255, 161, 72, 70, 211, 205, 0, 0, 181, 0, 0, 94, 1, 0, 157, 7, 112]
1546589912848;[171, 0, 17, 255, 161, 72, 70, 211, 206, 0, 0, 166, 0, 0, 97, 1, 0, 166, 7, 107]
1546589912852;[171, 0, 17, 255, 161, 72, 70, 211, 206, 0, 0, 167, 0, 0, 100, 1, 0, 174, 7, 104]
1546589913196;[171, 0, 17, 255, 161, 72, 70, 211, 206, 0, 0, 173, 0, 0, 97, 1, 0, 168, 7, 106]
1546589913200;[171, 0, 17, 255, 161, 72, 70, 211, 206, 0, 0, 177, 0, 0, 96, 1, 0, 171, 7, 98]
1546589913204;[171, 0, 17, 255, 161, 72, 70, 211, 206, 0, 0, 178, 0, 0, 91, 1, 0, 168, 7, 88]
1546589913208;[171, 0, 17, 255, 161, 72, 70, 211, 206, 0, 0, 167, 0, 0, 95, 1, 0, 167, 7, 85]
1546589913365;[171, 0, 4, 255, 132, 128, 78]
1546589913885;[171, 0, 17, 255, 161, 72, 70, 211, 206, 0, 0, 167, 0, 0, 98, 1, 0, 167, 7, 77]
1546589913890;[171, 0, 17, 255, 161, 72, 70, 211, 206, 0, 0, 167, 0, 0, 99, 1, 0, 169, 7, 86]
1546589913894;[171, 0, 17, 255, 161, 72, 70, 211, 206, 0, 0, 171, 0, 0, 96, 1, 0, 168, 7, 81]
1546589913898;[171, 0, 17, 255, 161, 72, 70, 211, 206, 0, 0, 173, 0, 0, 98, 1, 0, 167, 7, 86]
1546589914058;[171, 0, 17, 255, 161, 72, 70, 211, 207, 0, 0, 177, 0, 0, 96, 1, 0, 168, 7, 93]
1546589914062;[171, 0, 17, 255, 161, 72, 70, 211, 207, 0, 0, 178, 0, 0, 96, 1, 0, 167, 7, 84]
1546589914066;[171, 0, 17, 255, 161, 72, 70, 211, 207, 0, 0, 167, 0, 0, 98, 1, 0, 167, 7, 82]
1546589914229;[171, 0, 17, 255, 161, 72, 70, 211, 207, 0, 0, 171, 0, 0, 96, 1, 0, 168, 7, 88]
1546589914233;[171, 0, 17, 255, 161, 72, 70, 211, 207, 0, 0, 173, 0, 0, 96, 1, 0, 168, 7, 100]
1546589914400;[171, 0, 17, 255, 161, 72, 70, 211, 207, 0, 0, 166, 0, 0, 97, 1, 0, 168, 7, 114]
1546589914404;[171, 0, 4, 255, 132, 128, 77]
1546589914574;[171, 0, 17, 255, 161, 72, 70, 211, 207, 0, 0, 177, 0, 0, 97, 1, 0, 168, 7, 130]
1546589914746;[171, 0, 17, 255, 161, 72, 70, 211, 207, 0, 0, 173, 0, 0, 97, 1, 0, 168, 7, 138]
1546589914750;[171, 0, 17, 255, 161, 72, 70, 211, 207, 0, 0, 166, 0, 0, 94, 1, 0, 164, 7, 142]
1546589915092;[171, 0, 17, 255, 161, 72, 70, 211, 207, 0, 0, 173, 0, 0, 93, 1, 0, 164, 7, 155]
1546589915098;[171, 0, 17, 255, 161, 72, 70, 211, 208, 0, 0, 178, 0, 0, 93, 1, 0, 166, 7, 162]
1546589915102;[171, 0, 17, 255, 161, 72, 70, 211, 208, 0, 0, 173, 0, 0, 96, 1, 0, 166, 7, 186]
1546589915106;[171, 0, 17, 255, 161, 72, 70, 211, 208, 0, 0, 173, 0, 0, 97, 1, 0, 163, 7, 209]
1546589915263;[171, 0, 17, 255, 161, 72, 70, 211, 208, 0, 0, 178, 0, 0, 95, 1, 0, 164, 7, 231]
1546589915436;[171, 0, 17, 255, 161, 72, 70, 211, 208, 0, 0, 167, 0, 0, 97, 1, 0, 166, 7, 241]
1546589915440;[171, 0, 17, 255, 161, 72, 70, 211, 208, 0, 0, 176, 0, 0, 95, 1, 0, 168, 8, 0]
1546589915610;[171, 0, 4, 255, 132, 128, 75]
1546589915614;[171, 0, 17, 255, 161, 72, 70, 211, 208, 0, 0, 167, 0, 0, 95, 1, 0, 162, 8, 23]
1546589915781;[171, 0, 17, 255, 161, 72, 70, 211, 208, 0, 0, 173, 0, 0, 93, 1, 0, 164, 8, 32]
1546589915784;[171, 0, 17, 255, 161, 72, 70, 211, 208, 0, 0, 173, 0, 0, 97, 1, 0, 164, 8, 63]
1546589915954;[171, 0, 17, 255, 161, 72, 70, 211, 208, 0, 0, 167, 0, 0, 92, 1, 0, 167, 8, 91]
1546589916300;[171, 0, 17, 255, 161, 72, 70, 211, 209, 0, 0, 177, 0, 0, 98, 1, 0, 164, 8, 105]
1546589916305;[171, 0, 17, 255, 161, 72, 70, 211, 209, 0, 0, 177, 0, 0, 102, 1, 0, 166, 8, 126]
1546589916310;[171, 0, 17, 255, 161, 72, 70, 211, 209, 0, 0, 179, 0, 0, 91, 1, 0, 164, 8, 133]
1546589916314;[171, 0, 17, 255, 161, 72, 70, 211, 209, 0, 0, 173, 0, 0, 93, 1, 0, 164, 8, 142]
1546589916477;[171, 0, 17, 255, 161, 72, 70, 211, 209, 0, 0, 171, 0, 0, 94, 1, 0, 168, 8, 143]
1546589916643;[171, 0, 17, 255, 161, 72, 70, 211, 209, 0, 0, 173, 0, 0, 90, 1, 0, 168, 8, 153]
1546589916647;[171, 0, 4, 255, 132, 128, 75]
1546589916816;[171, 0, 17, 255, 161, 72, 70, 211, 209, 0, 0, 171, 0, 0, 94, 1, 0, 168, 8, 174]
1546589916820;[171, 0, 17, 255, 161, 72, 70, 211, 209, 0, 0, 171, 0, 0, 96, 1, 0, 164, 8, 200]
1546589916989;[171, 0, 17, 255, 161, 72, 70, 211, 209, 0, 0, 171, 0, 0, 96, 1, 0, 167, 8, 211]
1546589916993;[171, 0, 17, 255, 161, 72, 70, 211, 209, 0, 0, 177, 0, 0, 97, 1, 0, 168, 8, 234]
1546589917164;[171, 0, 17, 255, 161, 72, 70, 211, 210, 0, 0, 167, 0, 0, 93, 1, 0, 173, 9, 6]
1546589917334;[171, 0, 17, 255, 161, 72, 70, 211, 210, 0, 0, 224, 0, 0, 74, 1, 0, 244, 8, 235]
1546589917339;[171, 0, 17, 255, 161, 72, 70, 211, 210, 0, 1, 70, 1, 0, 29, 1, 0, 206, 7, 214]
1546589917680;[171, 0, 17, 255, 161, 72, 70, 211, 210, 0, 0, 214, 1, 0, 85, 1, 0, 125, 6, 118]
1546589917684;[171, 0, 17, 255, 161, 72, 70, 211, 210, 0, 0, 49, 1, 0, 130, 1, 0, 31, 6, 13]
1546589917689;[171, 0, 17, 255, 161, 72, 70, 211, 210, 0, 0, 186, 1, 0, 39, 1, 0, 42, 5, 97]
1546589917693;[171, 0, 4, 255, 132, 128, 74]
1546589917851;[171, 0, 17, 255, 161, 72, 70, 211, 210, 0, 0, 131, 1, 0, 22, 1, 0, 130, 4, 141]
1546589918024;[171, 0, 17, 255, 161, 72, 70, 211, 210, 0, 0, 201, 1, 0, 17, 1, 0, 158, 4, 9]
1546589918028;[171, 0, 17, 255, 161, 72, 70, 211, 210, 0, 0, 229, 0, 0, 4, 1, 0, 166, 3, 82]
1546589918197;[171, 0, 17, 255, 161, 72, 70, 211, 210, 0, 0, 211, 1, 0, 5, 1, 0, 146, 2, 219]
1546589918201;[171, 0, 17, 255, 161, 72, 70, 211, 211, 0, 0, 186, 1, 0, 19, 1, 0, 156, 2, 55]
1546589918369;[171, 0, 17, 255, 161, 72, 70, 211, 211, 0, 0, 217, 1, 0, 24, 1, 0, 158, 1, 114]
1546589918538;[171, 0, 17, 255, 161, 72, 70, 211, 211, 0, 0, 218, 1, 0, 26, 1, 0, 151, 0, 209]
1546589918541;[171, 0, 17, 255, 161, 72, 70, 211, 211, 0, 0, 204, 1, 0, 29, 1, 0, 154, 16, 58]
1546589918888;[171, 0, 17, 255, 161, 72, 70, 211, 211, 0, 0, 197, 1, 0, 24, 1, 0, 169, 7, 14]
1546589918892;[171, 0, 17, 255, 161, 72, 70, 211, 211, 0, 0, 187, 1, 0, 19, 1, 0, 170, 7, 14]
1546589918896;[171, 0, 4, 255, 132, 128, 74]
1546589918901;[171, 0, 17, 255, 161, 72, 70, 211, 211, 0, 0, 161, 1, 0, 19, 1, 0, 186, 7, 14]
1546589919058;[171, 0, 17, 255, 161, 72, 70, 211, 211, 0, 0, 146, 1, 0, 17, 1, 0, 206, 6, 102]
1546589919231;[171, 0, 17, 255, 161, 72, 70, 211, 211, 0, 0, 160, 1, 0, 17, 1, 0, 201, 5, 201]
1546589919235;[171, 0, 17, 255, 161, 72, 70, 211, 211, 0, 0, 160, 1, 0, 20, 1, 0, 202, 5, 47]
1546589919403;[171, 0, 17, 255, 161, 72, 70, 211, 212, 0, 0, 164, 1, 0, 17, 1, 0, 201, 4, 167]
1546589919408;[171, 0, 17, 255, 161, 72, 70, 211, 212, 0, 0, 150, 1, 0, 20, 1, 0, 194, 4, 40]
1546589919576;[171, 0, 17, 255, 161, 72, 70, 211, 212, 0, 0, 172, 1, 0, 15, 1, 0, 179, 3, 179]
1546589919748;[171, 0, 17, 255, 161, 72, 70, 211, 212, 0, 0, 194, 1, 0, 18, 1, 0, 166, 3, 97]
1546589919752;[171, 0, 17, 255, 161, 72, 70, 211, 212, 0, 0, 172, 1, 0, 2, 1, 0, 187, 3, 37]
1546589920269;[171, 0, 17, 255, 161, 72, 70, 211, 212, 0, 0, 166, 0, 0, 2, 1, 0, 172, 2, 253]
1546589920272;[171, 0, 4, 255, 132, 128, 74]
1546589920276;[171, 0, 17, 255, 161, 72, 70, 211, 212, 0, 0, 234, 1, 0, 4, 1, 0, 154, 2, 212]
1546589920281;[171, 0, 17, 255, 161, 72, 70, 211, 212, 0, 1, 85, 0, 0, 124, 1, 0, 114, 3, 5]
1546589920440;[171, 0, 17, 255, 161, 72, 70, 211, 212, 0, 0, 123, 0, 0, 43, 1, 0, 45, 2, 66]
1546589920445;[171, 0, 17, 255, 161, 72, 70, 211, 212, 0, 0, 51, 1, 0, 59, 1, 0, 19, 1, 90]
1546589920451;[171, 0, 17, 255, 161, 72, 70, 211, 213, 0, 1, 41, 1, 0, 90, 1, 0, 83, 0, 241]
1546589920611;[171, 0, 17, 255, 161, 72, 70, 211, 213, 0, 1, 52, 1, 0, 89, 1, 0, 150, 0, 241]
1546589920615;[171, 0, 17, 255, 161, 72, 70, 211, 213, 0, 0, 227, 1, 0, 73, 1, 0, 189, 0, 241]
1546589920784;[171, 0, 17, 255, 161, 72, 70, 211, 213, 0, 0, 165, 0, 0, 17, 1, 0, 201, 1, 54]
1546589920787;[171, 0, 17, 255, 161, 72, 70, 211, 213, 0, 0, 204, 0, 0, 115, 1, 0, 201, 1, 109]
1546589920956;[171, 0, 17, 255, 161, 72, 70, 211, 213, 0, 0, 189, 0, 0, 136, 1, 0, 211, 1, 38]
1546589921129;[171, 0, 4, 255, 132, 128, 74]
1546589921133;[171, 0, 17, 255, 161, 72, 70, 211, 213, 0, 0, 158, 0, 0, 120, 1, 0, 187, 0, 233]
1546589921478;[171, 0, 17, 255, 161, 72, 70, 211, 213, 0, 0, 157, 0, 0, 120, 1, 0, 168, 0, 225]
1546589921483;[171, 0, 17, 255, 161, 72, 70, 211, 213, 0, 0, 157, 0, 0, 121, 1, 0, 170, 0, 224]
1546589921486;[171, 0, 17, 255, 161, 72, 70, 211, 213, 0, 0, 145, 0, 0, 127, 1, 0, 169, 0, 221]
1546589921647;[171, 0, 17, 255, 161, 72, 70, 211, 214, 0, 0, 146, 0, 0, 130, 1, 0, 170, 16, 196]
1546589921651;[171, 0, 17, 255, 161, 72, 70, 211, 214, 0, 0, 143, 0, 0, 133, 1, 0, 175, 7, 181]
1546589921818;[171, 0, 17, 255, 161, 72, 70, 211, 214, 0, 0, 146, 0, 0, 127, 1, 0, 170, 7, 155]
1546589921822;[171, 0, 17, 255, 161, 72, 70, 211, 214, 0, 0, 144, 0, 0, 128, 1, 0, 169, 7, 134]
1546589921991;[171, 0, 17, 255, 161, 72, 70, 211, 214, 0, 0, 146, 0, 0, 128, 1, 0, 171, 7, 111]
1546589921996;[171, 0, 17, 255, 161, 72, 70, 211, 214, 0, 0, 143, 0, 0, 129, 1, 0, 169, 7, 92]
1546589922162;[171, 0, 4, 255, 132, 128, 73]
1546589922336;[171, 0, 17, 255, 161, 72, 70, 211, 214, 0, 0, 146, 0, 0, 130, 1, 0, 168, 7, 91]
1546589922342;[171, 0, 17, 255, 161, 72, 70, 211, 214, 0, 0, 145, 0, 0, 129, 1, 0, 169, 7, 75]
1546589922682;[171, 0, 17, 255, 161, 72, 70, 211, 214, 0, 0, 146, 0, 0, 130, 1, 0, 168, 7, 53]
1546589922687;[171, 0, 17, 255, 161, 72, 70, 211, 214, 0, 0, 146, 0, 0, 129, 1, 0, 169, 7, 38]
1546589922691;[171, 0, 17, 255, 161, 72, 70, 211, 215, 0, 0, 146, 0, 0, 129, 1, 0, 170, 7, 25]
1546589922695;[171, 0, 17, 255, 161, 72, 70, 211, 215, 0, 0, 144, 0, 0, 130, 1, 0, 169, 7, 3]
1546589922853;[171, 0, 17, 255, 161, 72, 70, 211, 215, 0, 0, 144, 0, 0, 130, 1, 0, 171, 6, 241]
1546589923026;[171, 0, 17, 255, 161, 72, 70, 211, 215, 0, 0, 143, 0, 0, 129, 1, 0, 172, 6, 229]
1546589923030;[171, 0, 17, 255, 161, 72, 70, 211, 215, 0, 0, 143, 0, 0, 129, 1, 0, 171, 6, 241]
1546589923198;[171, 0, 17, 255, 161, 72, 70, 211, 215, 0, 0, 143, 0, 0, 129, 1, 0, 171, 6, 243]
1546589923202;[171, 0, 4, 255, 132, 128, 73]
1546589923371;[171, 0, 17, 255, 161, 72, 70, 211, 215, 0, 0, 144, 0, 0, 129, 1, 0, 169, 7, 3]
1546589923543;[171, 0, 17, 255, 161, 72, 70, 211, 215, 0, 0, 143, 0, 0, 129, 1, 0, 171, 7, 10]
1546589923547;[171, 0, 17, 255, 161, 72, 70, 211, 215, 0, 0, 144, 0, 0, 129, 1, 0, 171, 7, 29]
1546589923716;[171, 0, 17, 255, 161, 72, 70, 211, 215, 0, 0, 144, 0, 0, 129, 1, 0, 171, 7, 42]
1546589923720;[171, 0, 17, 255, 161, 72, 70, 211, 216, 0, 0, 144, 0, 0, 129, 1, 0, 169, 7, 61]
1546589924062;[171, 0, 17, 255, 161, 72, 70, 211, 216, 0, 0, 146, 0, 0, 130, 1, 0, 169, 7, 88]
1546589924066;[171, 0, 17, 255, 161, 72, 70, 211, 216, 0, 0, 143, 0, 0, 129, 1, 0, 170, 7, 123]
1546589924070;[171, 0, 17, 255, 161, 72, 70, 211, 216, 0, 0, 143, 0, 0, 130, 1, 0, 169, 7, 162]
1546589924233;[171, 0, 17, 255, 161, 72, 70, 211, 216, 0, 0, 143, 0, 0, 129, 1, 0, 171, 7, 206]
1546589924412;[171, 0, 17, 255, 161, 72, 70, 211, 218, 0, 0, 141, 0, 0, 129, 1, 0, 171, 11, 218]
1546589924414;[171, 0, 17, 255, 161, 72, 70, 211, 218, 0, 0, 143, 0, 0, 130, 1, 0, 171, 12, 27]
1546589924578;[171, 0, 17, 255, 161, 72, 70, 211, 218, 0, 0, 143, 0, 0, 129, 1, 0, 171, 12, 64]
1546589924582;[171, 0, 17, 255, 161, 72, 70, 211, 218, 0, 0, 143, 0, 0, 130, 1, 0, 174, 12, 98]
1546589924923;[171, 0, 17, 255, 161, 72, 70, 211, 219, 0, 0, 141, 0, 0, 129, 1, 0, 170, 12, 173]
1546589924927;[171, 0, 17, 255, 161, 72, 70, 211, 219, 0, 0, 141, 0, 0, 130, 1, 0, 174, 12, 252]
1546589925269;[171, 0, 17, 255, 161, 72, 70, 211, 219, 0, 0, 143, 0, 0, 129, 1, 0, 172, 13, 52]
1546589925273;[171, 0, 17, 255, 161, 72, 70, 211, 219, 0, 0, 143, 0, 0, 129, 1, 0, 171, 13, 111]
1546589925277;[171, 0, 17, 255, 161, 72, 70, 211, 219, 0, 0, 139, 0, 0, 129, 1, 0, 172, 13, 159]
1546589925442;[171, 0, 17, 255, 161, 72, 70, 211, 219, 0, 0, 143, 0, 0, 130, 1, 0, 170, 13, 200]
1546589925447;[171, 0, 4, 255, 132, 128, 72]
1546589925615;[171, 0, 17, 255, 161, 72, 70, 211, 219, 0, 0, 143, 0, 0, 130, 1, 0, 170, 13, 234]
1546589925619;[171, 0, 17, 255, 161, 72, 70, 211, 219, 0, 0, 141, 0, 0, 130, 1, 0, 174, 14, 33]
1546589925785;[171, 0, 17, 255, 161, 72, 70, 211, 219, 0, 0, 141, 0, 0, 129, 1, 0, 169, 14, 115]
1546589925790;[171, 0, 17, 255, 161, 72, 70, 211, 219, 0, 0, 143, 0, 0, 129, 1, 0, 170, 14, 170]
1546589925958;[171, 0, 17, 255, 161, 72, 70, 211, 220, 0, 0, 143, 0, 0, 133, 1, 0, 174, 14, 228]
1546589926131;[171, 0, 17, 255, 161, 72, 70, 211, 220, 0, 0, 143, 0, 0, 130, 1, 0, 172, 15, 12]
1546589926135;[171, 0, 17, 255, 161, 72, 70, 211, 220, 0, 0, 143, 0, 0, 130, 1, 0, 171, 15, 44]
1546589926304;[171, 0, 17, 255, 161, 72, 70, 211, 220, 0, 0, 141, 0, 0, 130, 1, 0, 170, 31, 67]
1546589926308;[171, 0, 17, 255, 161, 72, 70, 211, 220, 0, 0, 143, 0, 0, 130, 1, 0, 171, 7, 249]
1546589926650;[171, 0, 17, 255, 161, 72, 70, 211, 220, 0, 0, 143, 0, 0, 129, 1, 0, 171, 8, 71]
1546589926655;[171, 0, 4, 255, 132, 128, 73]
1546589926659;[171, 0, 17, 255, 161, 72, 70, 211, 220, 0, 0, 143, 0, 0, 130, 1, 0, 169, 8, 106]
1546589926821;[171, 0, 17, 255, 161, 72, 70, 211, 220, 0, 0, 143, 0, 0, 130, 1, 0, 171, 8, 143]
1546589926825;[171, 0, 17, 255, 161, 72, 70, 211, 220, 0, 0, 144, 0, 0, 130, 1, 0, 172, 8, 173]
1546589926994;[171, 0, 17, 255, 161, 72, 70, 211, 220, 0, 0, 144, 0, 0, 129, 1, 0, 169, 8, 207]
1546589926998;[171, 0, 17, 255, 161, 72, 70, 211, 221, 0, 0, 141, 0, 0, 128, 1, 0, 169, 8, 223]
1546589927166;[171, 0, 17, 255, 161, 72, 70, 211, 221, 0, 0, 143, 0, 0, 128, 1, 0, 173, 9, 4]
1546589927338;[171, 0, 17, 255, 161, 72, 70, 211, 221, 0, 0, 143, 0, 0, 128, 1, 0, 174, 9, 61]
1546589927342;[171, 0, 17, 255, 161, 72, 70, 211, 221, 0, 0, 144, 0, 0, 129, 1, 0, 171, 9, 92]
1546589927510;[171, 0, 17, 255, 161, 72, 70, 211, 221, 0, 0, 144, 0, 0, 129, 1, 0, 171, 9, 129]
1546589927514;[171, 0, 17, 255, 161, 72, 70, 211, 221, 0, 0, 144, 0, 0, 129, 1, 0, 171, 9, 157]
1546589927857;[171, 0, 4, 255, 132, 128, 74]
1546589927862;[171, 0, 17, 255, 161, 72, 70, 211, 221, 0, 0, 141, 0, 0, 130, 1, 0, 172, 9, 168]
1546589927866;[171, 0, 17, 255, 161, 72, 70, 211, 221, 0, 0, 144, 0, 0, 130, 1, 0, 171, 9, 197]
1546589928028;[171, 0, 17, 255, 161, 72, 70, 211, 221, 0, 0, 145, 0, 0, 128, 1, 0, 171, 9, 215]
1546589928032;[171, 0, 17, 255, 161, 72, 70, 211, 221, 0, 0, 141, 0, 0, 130, 1, 0, 171, 10, 19]
1546589928201;[171, 0, 17, 255, 161, 72, 70, 211, 222, 0, 0, 143, 0, 0, 129, 1, 0, 170, 10, 67]
1546589928205;[171, 0, 17, 255, 161, 72, 70, 211, 222, 0, 0, 143, 0, 0, 129, 1, 0, 171, 10, 109]
1546589928374;[171, 0, 17, 255, 161, 72, 70, 211, 222, 0, 0, 143, 0, 0, 128, 1, 0, 171, 10, 135]
1546589928545;[171, 0, 17, 255, 161, 72, 70, 211, 222, 0, 0, 144, 0, 0, 130, 1, 0, 169, 10, 158]
1546589928549;[171, 0, 17, 255, 161, 72, 70, 211, 222, 0, 0, 146, 0, 0, 128, 1, 0, 169, 10, 176]
1546589928718;[171, 0, 17, 255, 161, 72, 70, 211, 222, 0, 0, 145, 0, 0, 129, 1, 0, 169, 10, 195]
1546589928722;[171, 0, 4, 255, 132, 128, 75]
1546589929239;[171, 0, 17, 255, 161, 72, 70, 211, 222, 0, 0, 144, 0, 0, 130, 1, 0, 171, 11, 8]
1546589929243;[171, 0, 17, 255, 161, 72, 70, 211, 222, 0, 0, 144, 0, 0, 129, 1, 0, 170, 11, 49]
1546589929247;[171, 0, 17, 255, 161, 72, 70, 211, 222, 0, 0, 144, 0, 0, 129, 1, 0, 173, 11, 84]
1546589929251;[171, 0, 17, 255, 161, 72, 70, 211, 222, 0, 0, 145, 0, 0, 130, 1, 0, 168, 11, 114]
1546589929409;[171, 0, 17, 255, 161, 72, 70, 211, 223, 0, 0, 143, 0, 0, 130, 1, 0, 168, 11, 141]
1546589929414;[171, 0, 17, 255, 161, 72, 70, 211, 223, 0, 0, 146, 0, 0, 130, 1, 0, 169, 11, 159]
1546589929422;[171, 0, 17, 255, 161, 72, 70, 211, 223, 0, 0, 141, 0, 0, 129, 1, 0, 167, 11, 175]
1546589929581;[171, 0, 17, 255, 161, 72, 70, 211, 223, 0, 0, 144, 0, 0, 134, 1, 0, 170, 11, 221]
1546589929585;[171, 0, 17, 255, 161, 72, 70, 211, 223, 0, 0, 146, 0, 0, 130, 1, 0, 167, 11, 221]
1546589929753;[171, 0, 17, 255, 161, 72, 70, 211, 223, 0, 0, 146, 0, 0, 129, 1, 0, 169, 11, 249]
1546589930101;[171, 0, 4, 255, 132, 128, 76]
1546589930105;[171, 0, 17, 255, 161, 72, 70, 211, 223, 0, 0, 144, 0, 0, 130, 1, 0, 169, 12, 20]
1546589930110;[171, 0, 17, 255, 161, 72, 70, 211, 223, 0, 0, 144, 0, 0, 128, 1, 0, 170, 12, 40]
1546589930113;[171, 0, 17, 255, 161, 72, 70, 211, 223, 0, 0, 144, 0, 0, 129, 1, 0, 171, 12, 49]
1546589930446;[171, 0, 17, 255, 161, 72, 70, 211, 223, 0, 0, 143, 0, 0, 134, 1, 0, 171, 12, 64]
1546589930450;[171, 0, 17, 255, 161, 72, 70, 211, 224, 0, 0, 141, 0, 0, 128, 1, 0, 171, 12, 87]
1546589930454;[171, 0, 17, 255, 161, 72, 70, 211, 224, 0, 0, 144, 0, 0, 130, 1, 0, 171, 12, 130]
1546589930617;[171, 0, 17, 255, 161, 72, 70, 211, 224, 0, 0, 143, 0, 0, 130, 1, 0, 171, 12, 152]
1546589930620;[171, 0, 17, 255, 161, 72, 70, 211, 224, 0, 0, 146, 0, 0, 128, 1, 0, 170, 12, 172]
1546589930789;[171, 0, 17, 255, 161, 72, 70, 211, 224, 0, 0, 146, 0, 0, 128, 1, 0, 170, 12, 192]
1546589930792;[171, 0, 17, 255, 161, 72, 70, 211, 224, 0, 0, 144, 0, 0, 128, 1, 0, 169, 12, 201]
1546589930960;[171, 0, 4, 255, 132, 128, 77]
1546589931135;[171, 0, 17, 255, 161, 72, 70, 211, 224, 0, 0, 146, 0, 0, 128, 1, 0, 170, 12, 205]
1546589931138;[171, 0, 17, 255, 161, 72, 70, 211, 224, 0, 0, 145, 0, 0, 128, 1, 0, 170, 12, 215]
1546589931306;[171, 0, 17, 255, 161, 72, 70, 211, 224, 0, 0, 146, 0, 0, 128, 1, 0, 170, 13, 1]
1546589931310;[171, 0, 17, 255, 161, 72, 70, 211, 224, 0, 0, 146, 0, 0, 128, 1, 0, 169, 13, 13]
1546589931652;[171, 0, 17, 255, 161, 72, 70, 211, 225, 0, 0, 144, 0, 0, 130, 1, 0, 169, 13, 27]
1546589931656;[171, 0, 17, 255, 161, 72, 70, 211, 225, 0, 0, 146, 0, 0, 134, 1, 0, 171, 13, 37]
1546589931660;[171, 0, 17, 255, 161, 72, 70, 211, 225, 0, 0, 144, 0, 0, 130, 1, 0, 169, 13, 52]
1546589931828;[171, 0, 17, 255, 161, 72, 70, 211, 225, 0, 0, 144, 0, 0, 130, 1, 0, 170, 13, 50]
1546589931830;[171, 0, 17, 255, 161, 72, 70, 211, 225, 0, 0, 146, 0, 0, 130, 1, 0, 170, 13, 50]
1546589931996;[171, 0, 17, 255, 161, 72, 70, 211, 225, 0, 0, 146, 0, 0, 134, 1, 0, 169, 13, 73]
1546589932000;[171, 0, 4, 255, 132, 128, 78]
1546589932169;[171, 0, 17, 255, 161, 72, 70, 211, 225, 0, 0, 143, 0, 0, 128, 1, 0, 169, 13, 112]
1546589932340;[171, 0, 17, 255, 161, 72, 70, 211, 225, 0, 0, 143, 0, 0, 129, 1, 0, 171, 13, 129]
1546589932344;[171, 0, 17, 255, 161, 72, 70, 211, 225, 0, 0, 144, 0, 0, 130, 1, 0, 170, 13, 141]
1546589932514;[171, 0, 17, 255, 161, 72, 70, 211, 225, 0, 0, 143, 0, 0, 133, 1, 0, 169, 13, 143]
1546589932518;[171, 0, 17, 255, 161, 72, 70, 211, 226, 0, 0, 145, 0, 0, 130, 1, 0, 171, 13, 139]
1546589932686;[171, 0, 17, 255, 161, 72, 70, 211, 226, 0, 0, 146, 0, 0, 130, 1, 0, 169, 13, 135]
1546589932691;[171, 0, 17, 255, 161, 72, 70, 211, 226, 0, 0, 143, 0, 0, 129, 1, 0, 169, 13, 138]
1546589933032;[171, 0, 17, 255, 161, 72, 70, 211, 226, 0, 0, 146, 0, 0, 129, 1, 0, 169, 13, 154]
1546589933036;[171, 0, 17, 255, 161, 72, 70, 211, 226, 0, 0, 145, 0, 0, 129, 1, 0, 169, 13, 156]
1546589933040;[171, 0, 17, 255, 161, 72, 70, 211, 226, 0, 0, 143, 0, 0, 135, 1, 0, 173, 13, 154]
1546589933203;[171, 0, 4, 255, 132, 128, 78]
1546589933207;[171, 0, 17, 255, 161, 72, 70, 211, 226, 0, 0, 144, 0, 0, 128, 1, 0, 169, 13, 157]
1546589933377;[171, 0, 17, 255, 161, 72, 70, 211, 226, 0, 0, 143, 0, 0, 129, 1, 0, 171, 13, 162]
1546589933547;[171, 0, 17, 255, 161, 72, 70, 211, 226, 0, 0, 144, 0, 0, 128, 1, 0, 169, 13, 153]
1546589933551;[171, 0, 17, 255, 161, 72, 70, 211, 226, 0, 0, 144, 0, 0, 130, 1, 0, 170, 13, 151]
1546589933720;[171, 0, 17, 255, 161, 72, 70, 211, 227, 0, 0, 143, 0, 0, 128, 1, 0, 172, 13, 154]
1546589933724;[171, 0, 17, 255, 161, 72, 70, 211, 227, 0, 0, 144, 0, 0, 129, 1, 0, 171, 13, 161]
1546589933895;[171, 0, 17, 255, 161, 72, 70, 211, 227, 0, 0, 144, 0, 0, 129, 1, 0, 169, 13, 149]
1546589933899;[171, 0, 17, 255, 161, 72, 70, 211, 227, 0, 0, 141, 0, 0, 127, 1, 0, 167, 13, 145]
1546589934239;[171, 0, 17, 255, 161, 72, 70, 211, 227, 0, 0, 146, 0, 0, 134, 1, 0, 167, 13, 124]
1546589934243;[171, 0, 17, 255, 161, 72, 70, 211, 227, 0, 0, 147, 0, 0, 130, 1, 0, 174, 13, 102]
1546589934247;[171, 0, 4, 255, 132, 128, 79]
1546589934411;[171, 0, 17, 255, 161, 72, 70, 211, 227, 0, 0, 147, 0, 0, 130, 1, 0, 169, 13, 101]
1546589934416;[171, 0, 17, 255, 161, 72, 70, 211, 227, 0, 0, 146, 0, 0, 129, 1, 0, 166, 13, 103]
1546589934584;[171, 0, 17, 255, 161, 72, 70, 211, 227, 0, 0, 144, 0, 0, 129, 1, 0, 171, 13, 94]
1546589934587;[171, 0, 17, 255, 161, 72, 70, 211, 227, 0, 0, 147, 0, 0, 130, 1, 0, 168, 13, 94]
1546589934756;[171, 0, 17, 255, 161, 72, 70, 211, 228, 0, 0, 145, 0, 0, 130, 1, 0, 169, 13, 87]
1546589934932;[171, 0, 17, 255, 161, 72, 70, 211, 228, 0, 0, 146, 0, 0, 129, 1, 0, 168, 13, 82]
1546589934934;[171, 0, 17, 255, 161, 72, 70, 211, 228, 0, 0, 146, 0, 0, 130, 1, 0, 166, 13, 83]
1546589935102;[171, 0, 17, 255, 161, 72, 70, 211, 228, 0, 0, 146, 0, 0, 129, 1, 0, 169, 13, 85]
1546589935107;[171, 0, 17, 255, 161, 72, 70, 211, 228, 0, 0, 144, 0, 0, 130, 1, 0, 168, 13, 72]
1546589935272;[171, 0, 17, 255, 161, 72, 70, 211, 228, 0, 0, 147, 0, 0, 129, 1, 0, 171, 13, 71]
1546589935620;[171, 0, 4, 255, 132, 128, 79]
1546589935624;[171, 0, 17, 255, 161, 72, 70, 211, 228, 0, 0, 147, 0, 0, 130, 1, 0, 169, 13, 68]
1546589935628;[171, 0, 17, 255, 161, 72, 70, 211, 228, 0, 0, 146, 0, 0, 134, 1, 0, 168, 13, 67]
1546589935632;[171, 0, 17, 255, 161, 72, 70, 211, 228, 0, 0, 144, 0, 0, 129, 1, 0, 169, 13, 69]
1546589935792;[171, 0, 17, 255, 161, 72, 70, 211, 228, 0, 0, 143, 0, 0, 134, 1, 0, 169, 13, 63]
1546589935796;[171, 0, 17, 255, 161, 72, 70, 211, 229, 0, 0, 144, 0, 0, 129, 1, 0, 168, 13, 63]
1546589935963;[171, 0, 17, 255, 161, 72, 70, 211, 229, 0, 0, 147, 0, 0, 128, 1, 0, 169, 13, 61]
1546589936136;[171, 0, 17, 255, 161, 72, 70, 211, 229, 0, 0, 146, 0, 0, 129, 1, 0, 169, 13, 56]
1546589936140;[171, 0, 17, 255, 161, 72, 70, 211, 229, 0, 0, 144, 0, 0, 130, 1, 0, 172, 13, 59]
1546589936310;[171, 0, 17, 255, 161, 72, 70, 211, 229, 0, 0, 144, 0, 0, 129, 1, 0, 169, 13, 61]
1546589936314;[171, 0, 17, 255, 161, 72, 70, 211, 229, 0, 0, 145, 0, 0, 128, 1, 0, 168, 13, 56]
1546589936481;[171, 0, 4, 255, 132, 128, 80]
1546589936484;[171, 0, 17, 255, 161, 72, 70, 211, 229, 0, 0, 146, 0, 0, 128, 1, 0, 168, 13, 46]
1546589936827;[171, 0, 17, 255, 161, 72, 70, 211, 229, 0, 0, 146, 0, 0, 128, 1, 0, 171, 13, 42]
1546589936836;[171, 0, 17, 255, 161, 72, 70, 211, 229, 0, 0, 146, 0, 0, 130, 1, 0, 169, 13, 39]
1546589936838;[171, 0, 17, 255, 161, 72, 70, 211, 229, 0, 0, 146, 0, 0, 130, 1, 0, 170, 13, 37]
1546589936998;[171, 0, 17, 255, 161, 72, 70, 211, 230, 0, 0, 139, 0, 0, 128, 1, 0, 170, 13, 40]
1546589937002;[171, 0, 17, 255, 161, 72, 70, 211, 230, 0, 0, 145, 0, 0, 128, 1, 0, 167, 13, 36]
1546589937172;[171, 0, 17, 255, 161, 72, 70, 211, 230, 0, 0, 145, 0, 0, 130, 1, 0, 169, 13, 30]
1546589937343;[171, 0, 17, 255, 161, 72, 70, 211, 230, 0, 0, 143, 0, 0, 129, 1, 0, 169, 13, 38]
1546589937347;[171, 0, 17, 255, 161, 72, 70, 211, 230, 0, 0, 144, 0, 0, 129, 1, 0, 168, 13, 30]
1546589937516;[171, 0, 17, 255, 161, 72, 70, 211, 230, 0, 0, 151, 0, 0, 129, 1, 0, 168, 13, 28]
1546589937519;[171, 0, 4, 255, 132, 128, 80]
1546589937688;[171, 0, 17, 255, 161, 72, 70, 211, 230, 0, 0, 145, 0, 0, 129, 1, 0, 168, 13, 13]
1546589937692;[171, 0, 17, 255, 161, 72, 70, 211, 230, 0, 0, 144, 0, 0, 134, 1, 0, 169, 13, 18]
1546589938208;[171, 0, 17, 255, 161, 72, 70, 211, 230, 0, 0, 145, 0, 0, 134, 1, 0, 168, 13, 19]
1546589938212;[171, 0, 17, 255, 161, 72, 70, 211, 230, 0, 0, 146, 0, 0, 130, 1, 0, 168, 13, 16]
1546589938216;[171, 0, 17, 255, 161, 72, 70, 211, 231, 0, 0, 156, 0, 0, 141, 1, 0, 170, 13, 11]
1546589938220;[171, 0, 17, 255, 161, 72, 70, 211, 231, 0, 0, 141, 0, 0, 129, 1, 0, 167, 13, 24]
1546589938379;[171, 0, 17, 255, 161, 72, 70, 211, 231, 0, 0, 143, 0, 0, 129, 1, 0, 172, 13, 22]
1546589938383;[171, 0, 17, 255, 161, 72, 70, 211, 231, 0, 0, 143, 0, 0, 128, 1, 0, 168, 13, 10]
1546589938387;[171, 0, 17, 255, 161, 72, 70, 211, 231, 0, 0, 146, 0, 0, 138, 1, 0, 169, 13, 4]
1546589938550;[171, 0, 17, 255, 161, 72, 70, 211, 231, 0, 0, 144, 0, 0, 135, 1, 0, 164, 12, 253]
1546589938722;[171, 0, 4, 255, 132, 128, 80]
1546589938726;[171, 0, 17, 255, 161, 72, 70, 211, 231, 0, 0, 145, 0, 0, 128, 1, 0, 170, 13, 3]
1546589938896;[171, 0, 17, 255, 161, 72, 70, 211, 231, 0, 0, 156, 0, 0, 145, 1, 0, 171, 12, 252]
1546589938900;[171, 0, 17, 255, 161, 72, 70, 211, 231, 0, 0, 143, 0, 0, 128, 1, 0, 169, 12, 250]
1546589939068;[171, 0, 17, 255, 161, 72, 70, 211, 231, 0, 0, 151, 0, 0, 140, 1, 0, 171, 12, 250]
1546589939415;[171, 0, 17, 255, 161, 72, 70, 211, 232, 0, 0, 141, 0, 0, 127, 1, 0, 166, 12, 244]
1546589939420;[171, 0, 17, 255, 161, 72, 70, 211, 232, 0, 0, 151, 0, 0, 135, 1, 0, 168, 12, 242]
1546589939424;[171, 0, 17, 255, 161, 72, 70, 211, 232, 0, 0, 143, 0, 0, 123, 1, 0, 168, 12, 242]
1546589939429;[171, 0, 17, 255, 161, 72, 70, 211, 232, 0, 0, 144, 0, 0, 134, 1, 0, 169, 12, 242]
1546589939586;[171, 0, 17, 255, 161, 72, 70, 211, 232, 0, 0, 146, 0, 0, 129, 1, 0, 168, 12, 243]
1546589939590;[171, 0, 17, 255, 161, 72, 70, 211, 232, 0, 0, 154, 0, 0, 139, 1, 0, 168, 12, 241]
1546589939757;[171, 0, 4, 255, 132, 128, 80]
1546589939996;[171, 0, 17, 255, 161, 72, 70, 211, 232, 0, 0, 145, 0, 0, 129, 1, 0, 168, 12, 242]
1546589939997;[171, 0, 17, 255, 161, 72, 70, 211, 232, 0, 0, 144, 0, 0, 130, 1, 0, 168, 12, 240]
1546589940099;[171, 0, 17, 255, 161, 72, 70, 211, 232, 0, 0, 145, 0, 0, 130, 1, 0, 167, 12, 231]
1546589940102;[171, 0, 17, 255, 161, 72, 70, 211, 232, 0, 0, 144, 0, 0, 129, 1, 0, 170, 12, 234]
1546589940272;[171, 0, 17, 255, 161, 72, 70, 211, 233, 0, 0, 144, 0, 0, 130, 1, 0, 169, 12, 245]
1546589940274;[171, 0, 17, 255, 161, 72, 70, 211, 233, 0, 0, 144, 0, 0, 129, 1, 0, 168, 12, 238]
1546589940622;[171, 0, 17, 255, 161, 72, 70, 211, 233, 0, 0, 146, 0, 0, 128, 1, 0, 169, 12, 239]
1546589940626;[171, 0, 17, 255, 161, 72, 70, 211, 233, 0, 0, 147, 0, 0, 130, 1, 0, 173, 12, 234]
1546589940630;[171, 0, 17, 255, 161, 72, 70, 211, 233, 0, 0, 143, 0, 0, 124, 1, 0, 168, 12, 246]
1546589940793;[171, 0, 17, 255, 161, 72, 70, 211, 233, 0, 0, 144, 0, 0, 130, 1, 0, 170, 12, 244]
1546589940796;[171, 0, 4, 255, 132, 128, 80]
1546589940965;[171, 0, 17, 255, 161, 72, 70, 211, 233, 0, 0, 149, 0, 0, 129, 1, 0, 169, 12, 246]
1546589941138;[171, 0, 17, 255, 161, 72, 70, 211, 233, 0, 0, 146, 0, 0, 134, 1, 0, 168, 12, 248]
1546589941142;[171, 0, 17, 255, 161, 72, 70, 211, 233, 0, 0, 156, 0, 0, 129, 1, 0, 169, 12, 244]
1546589941312;[171, 0, 17, 255, 161, 72, 70, 211, 233, 0, 0, 138, 0, 0, 129, 1, 0, 166, 13, 0]
1546589941316;[171, 0, 17, 255, 161, 72, 70, 211, 234, 0, 0, 143, 0, 0, 127, 1, 0, 168, 12, 248]
1546589941484;[171, 0, 17, 255, 161, 72, 70, 211, 234, 0, 0, 143, 0, 0, 135, 1, 0, 170, 13, 2]
1546589941488;[171, 0, 17, 255, 161, 72, 70, 211, 234, 0, 0, 144, 0, 0, 130, 1, 0, 171, 12, 252]
1546589941656;[171, 0, 17, 255, 161, 72, 70, 211, 234, 0, 0, 158, 0, 0, 141, 1, 0, 173, 12, 252]
1546589942003;[171, 0, 17, 255, 161, 72, 70, 211, 234, 0, 0, 141, 0, 0, 125, 1, 0, 166, 13, 3]
1546589942007;[171, 0, 17, 255, 161, 72, 70, 211, 234, 0, 0, 145, 0, 0, 135, 1, 0, 169, 12, 250]
1546589942011;[171, 0, 4, 255, 132, 128, 80]
1546589942015;[171, 0, 17, 255, 161, 72, 70, 211, 234, 0, 0, 139, 0, 0, 134, 1, 0, 170, 12, 251]
1546589942174;[171, 0, 17, 255, 161, 72, 70, 211, 234, 0, 0, 144, 0, 0, 135, 1, 0, 168, 13, 5]
1546589942346;[171, 0, 17, 255, 161, 72, 70, 211, 234, 0, 0, 144, 0, 0, 127, 1, 0, 168, 12, 255]
1546589942351;[171, 0, 17, 255, 161, 72, 70, 211, 234, 0, 0, 148, 0, 0, 135, 1, 0, 170, 13, 0]
1546589942518;[171, 0, 17, 255, 161, 72, 70, 211, 235, 0, 0, 141, 0, 0, 123, 1, 0, 171, 13, 1]
1546589942522;[171, 0, 17, 255, 161, 72, 70, 211, 235, 0, 0, 162, 0, 0, 142, 1, 0, 177, 13, 4]
1546589942691;[171, 0, 17, 255, 161, 72, 70, 211, 235, 0, 0, 135, 0, 0, 111, 1, 0, 168, 13, 17]
1546589942695;[171, 0, 17, 255, 161, 72, 70, 211, 235, 0, 0, 168, 0, 0, 143, 1, 0, 175, 13, 14]
1546589942863;[171, 0, 17, 255, 161, 72, 70, 211, 235, 0, 0, 139, 0, 0, 114, 1, 0, 169, 13, 27]
1546589943210;[171, 0, 17, 255, 161, 72, 70, 211, 235, 0, 0, 151, 0, 0, 128, 1, 0, 174, 13, 31]
1546589943214;[171, 0, 4, 255, 132, 128, 80]
1546589943219;[171, 0, 17, 255, 161, 72, 70, 211, 235, 0, 0, 129, 0, 0, 119, 1, 0, 163, 13, 21]
1546589943223;[171, 0, 17, 255, 161, 72, 70, 211, 235, 0, 0, 143, 0, 0, 112, 1, 0, 169, 13, 17]
1546589943382;[171, 0, 17, 255, 161, 72, 70, 211, 235, 0, 0, 151, 0, 0, 138, 1, 0, 169, 13, 24]
1546589943386;[171, 0, 17, 255, 161, 72, 70, 211, 235, 0, 0, 135, 0, 0, 108, 1, 0, 174, 13, 27]
1546589943553;[171, 0, 17, 255, 161, 72, 70, 211, 236, 0, 0, 192, 0, 0, 155, 1, 0, 187, 13, 27]
1546589943726;[171, 0, 17, 255, 161, 72, 70, 211, 236, 0, 0, 116, 0, 0, 106, 1, 0, 158, 13, 24]
1546589943730;[171, 0, 17, 255, 161, 72, 70, 211, 236, 0, 0, 143, 0, 0, 128, 1, 0, 168, 13, 25]
1546589943908;[171, 0, 17, 255, 161, 72, 70, 211, 236, 0, 0, 159, 0, 0, 143, 1, 0, 169, 13, 12]
1546589943909;[171, 0, 17, 255, 161, 72, 70, 211, 236, 0, 0, 151, 0, 0, 128, 1, 0, 168, 13, 12]
1546589944071;[171, 0, 17, 255, 161, 72, 70, 211, 236, 0, 0, 141, 0, 0, 128, 1, 0, 164, 13, 6]
1546589944591;[171, 0, 4, 255, 132, 128, 80]
1546589944595;[171, 0, 17, 255, 161, 72, 70, 211, 236, 0, 0, 145, 0, 0, 122, 1, 0, 170, 13, 3]
1546589944599;[171, 0, 17, 255, 161, 72, 70, 211, 236, 0, 0, 161, 0, 0, 147, 1, 0, 175, 13, 5]
1546589944604;[171, 0, 17, 255, 161, 72, 70, 211, 236, 0, 0, 143, 0, 0, 120, 1, 0, 170, 13, 2]
1546589944763;[171, 0, 17, 255, 161, 72, 70, 211, 236, 0, 0, 181, 0, 0, 152, 1, 0, 180, 13, 0]
1546589944768;[171, 0, 17, 255, 161, 72, 70, 211, 237, 0, 0, 134, 0, 0, 111, 1, 0, 165, 12, 244]
1546589944772;[171, 0, 17, 255, 161, 72, 70, 211, 237, 0, 0, 151, 0, 0, 128, 1, 0, 171, 12, 247]
1546589944934;[171, 0, 17, 255, 161, 72, 70, 211, 237, 0, 0, 123, 0, 0, 125, 1, 0, 162, 12, 245]
1546589944938;[171, 0, 17, 255, 161, 72, 70, 211, 237, 0, 0, 177, 0, 0, 141, 1, 0, 185, 12, 243]
1546589945107;[171, 0, 17, 255, 161, 72, 70, 211, 237, 0, 0, 117, 0, 0, 110, 1, 0, 163, 12, 243]
1546589945111;[171, 0, 17, 255, 161, 72, 70, 211, 237, 0, 0, 143, 0, 0, 120, 1, 0, 164, 12, 241]
1546589945279;[171, 0, 4, 255, 132, 128, 80]
1546589945283;[171, 0, 17, 255, 161, 72, 70, 211, 237, 0, 0, 175, 0, 0, 155, 1, 0, 181, 12, 235]
1546589945452;[171, 0, 17, 255, 161, 72, 70, 211, 237, 0, 0, 134, 0, 0, 111, 1, 0, 169, 12, 239]
1546589945797;[171, 0, 17, 255, 161, 72, 70, 211, 237, 0, 0, 149, 0, 0, 130, 1, 0, 171, 12, 229]
1546589945802;[171, 0, 17, 255, 161, 72, 70, 211, 237, 0, 0, 151, 0, 0, 140, 1, 0, 168, 12, 231]
1546589945805;[171, 0, 17, 255, 161, 72, 70, 211, 238, 0, 0, 144, 0, 0, 128, 1, 0, 168, 12, 230]
1546589945810;[171, 0, 17, 255, 161, 72, 70, 211, 238, 0, 0, 143, 0, 0, 130, 1, 0, 168, 12, 228]
1546589945969;[171, 0, 17, 255, 161, 72, 70, 211, 238, 0, 0, 145, 0, 0, 129, 1, 0, 168, 12, 218]
1546589946141;[171, 0, 17, 255, 161, 72, 70, 211, 238, 0, 0, 144, 0, 0, 124, 1, 0, 166, 12, 199]
1546589946145;[171, 0, 17, 255, 161, 72, 70, 211, 238, 0, 0, 160, 0, 0, 124, 1, 0, 169, 12, 188]
1546589946313;[171, 0, 17, 255, 161, 72, 70, 211, 240, 0, 0, 166, 0, 0, 141, 1, 0, 168, 7, 245]
1546589946483;[171, 0, 17, 255, 161, 72, 70, 211, 240, 0, 0, 145, 0, 0, 132, 1, 0, 154, 7, 245]
1546589946487;[171, 0, 17, 255, 161, 72, 70, 211, 240, 0, 0, 156, 0, 0, 128, 1, 0, 163, 7, 190]
1546589946658;[171, 0, 17, 255, 161, 72, 70, 211, 240, 0, 0, 141, 0, 0, 134, 1, 0, 157, 7, 205]
1546589947004;[171, 0, 17, 255, 161, 72, 70, 211, 241, 0, 0, 143, 0, 0, 128, 1, 0, 166, 7, 201]
1546589947008;[171, 0, 17, 255, 161, 72, 70, 211, 241, 0, 0, 173, 0, 0, 155, 1, 0, 165, 7, 217]
1546589947012;[171, 0, 17, 255, 161, 72, 70, 211, 241, 0, 0, 138, 0, 0, 121, 1, 0, 161, 7, 190]
1546589947177;[171, 0, 17, 255, 161, 72, 70, 211, 241, 0, 0, 163, 0, 0, 143, 1, 0, 171, 7, 194]
1546589947180;[171, 0, 17, 255, 161, 72, 70, 211, 241, 0, 0, 129, 0, 0, 120, 1, 0, 162, 7, 153]
1546589947348;[171, 0, 17, 255, 161, 72, 70, 211, 241, 0, 0, 156, 0, 0, 142, 1, 0, 169, 7, 113]
1546589947520;[171, 0, 4, 255, 132, 128, 80]
1546589947524;[171, 0, 17, 255, 161, 72, 70, 211, 241, 0, 0, 131, 0, 0, 135, 1, 0, 158, 7, 134]
1546589947693;[171, 0, 17, 255, 161, 72, 70, 211, 241, 0, 0, 145, 0, 0, 132, 1, 0, 163, 7, 136]
1546589947697;[171, 0, 17, 255, 161, 72, 70, 211, 241, 0, 0, 163, 0, 0, 151, 1, 0, 159, 7, 120]
1546589947865;[171, 0, 17, 255, 161, 72, 70, 211, 241, 0, 0, 146, 0, 0, 129, 1, 0, 162, 7, 103]
1546589948038;[171, 0, 17, 255, 161, 72, 70, 211, 242, 0, 0, 173, 0, 0, 155, 1, 0, 171, 7, 43]
1546589948042;[171, 0, 17, 255, 161, 72, 70, 211, 242, 0, 0, 135, 0, 0, 121, 1, 0, 161, 6, 224]
1546589948385;[171, 0, 17, 255, 161, 72, 70, 211, 242, 0, 0, 178, 0, 0, 152, 1, 0, 168, 6, 219]
1546589948390;[171, 0, 17, 255, 161, 72, 70, 211, 242, 0, 0, 134, 0, 0, 121, 1, 0, 161, 6, 191]
1546589948394;[171, 0, 17, 255, 161, 72, 70, 211, 242, 0, 0, 181, 0, 0, 155, 1, 0, 168, 6, 196]
1546589948398;[171, 0, 17, 255, 161, 72, 70, 211, 242, 0, 0, 137, 0, 0, 119, 1, 0, 163, 6, 177]
1546589948555;[171, 0, 4, 255, 132, 128, 80]
1546589948728;[171, 0, 17, 255, 161, 72, 70, 211, 242, 0, 0, 165, 0, 0, 142, 1, 0, 167, 6, 173]
1546589948732;[171, 0, 17, 255, 161, 72, 70, 211, 242, 0, 0, 135, 0, 0, 127, 1, 0, 162, 6, 139]
1546589948901;[171, 0, 17, 255, 161, 72, 70, 211, 242, 0, 0, 157, 0, 0, 130, 1, 0, 163, 6, 160]
1546589948905;[171, 0, 17, 255, 161, 72, 70, 211, 242, 0, 0, 144, 0, 0, 129, 1, 0, 163, 6, 126]
1546589949073;[171, 0, 17, 255, 161, 72, 70, 211, 243, 0, 0, 147, 0, 0, 139, 1, 0, 163, 6, 53]
1546589949246;[171, 0, 17, 255, 161, 72, 70, 211, 243, 0, 0, 156, 0, 0, 141, 1, 0, 162, 6, 1]
1546589949250;[171, 0, 17, 255, 161, 72, 70, 211, 243, 0, 0, 160, 0, 0, 143, 1, 0, 158, 6, 23]
1546589949592;[171, 0, 17, 255, 161, 72, 70, 211, 243, 0, 0, 144, 0, 0, 142, 1, 0, 161, 6, 130]
1546589949596;[171, 0, 17, 255, 161, 72, 70, 211, 243, 0, 0, 141, 0, 0, 135, 1, 0, 162, 6, 192]
1546589949601;[171, 0, 17, 255, 161, 72, 70, 211, 243, 0, 0, 143, 0, 0, 142, 1, 0, 164, 6, 128]
1546589949604;[171, 0, 4, 255, 132, 128, 80]
1546589949763;[171, 0, 17, 255, 161, 72, 70, 211, 243, 0, 0, 145, 0, 0, 142, 1, 0, 162, 6, 101]
1546589949936;[171, 0, 17, 255, 161, 72, 70, 211, 243, 0, 0, 144, 0, 0, 141, 1, 0, 161, 6, 85]
1546589949940;[171, 0, 17, 255, 161, 72, 70, 211, 243, 0, 0, 147, 0, 0, 140, 1, 0, 161, 5, 115]
1546589950108;[171, 0, 17, 255, 161, 72, 70, 211, 243, 0, 0, 152, 0, 0, 141, 1, 0, 162, 4, 35]
1546589950112;[171, 0, 17, 255, 161, 72, 70, 211, 244, 0, 0, 145, 0, 0, 130, 1, 0, 157, 3, 110]
1546589950280;[171, 0, 17, 255, 161, 72, 70, 211, 244, 0, 0, 156, 0, 0, 139, 1, 0, 162, 2, 204]
1546589950284;[171, 0, 17, 255, 161, 72, 70, 211, 244, 0, 0, 156, 0, 0, 139, 1, 0, 157, 2, 38]
1546589950453;[171, 0, 17, 255, 161, 72, 70, 211, 244, 0, 0, 156, 0, 0, 130, 1, 0, 157, 2, 50]
1546589950626;[171, 0, 17, 255, 161, 72, 70, 211, 244, 0, 0, 156, 0, 0, 134, 1, 0, 161, 1, 200]
1546589950629;[171, 0, 17, 255, 161, 72, 70, 211, 244, 0, 0, 157, 0, 0, 130, 1, 0, 157, 1, 105]
1546589950971;[171, 0, 4, 255, 132, 128, 79]
1546589950975;[171, 0, 17, 255, 161, 72, 70, 211, 244, 0, 0, 156, 0, 0, 135, 1, 0, 158, 1, 85]
1546589950979;[171, 0, 17, 255, 161, 72, 70, 211, 244, 0, 0, 154, 0, 0, 134, 1, 0, 161, 1, 107]
1546589951145;[171, 0, 17, 255, 161, 72, 70, 211, 244, 0, 0, 157, 0, 0, 138, 1, 0, 161, 1, 246]
1546589951148;[171, 0, 17, 255, 161, 72, 70, 211, 244, 0, 0, 152, 0, 0, 130, 1, 0, 161, 2, 85]
1546589951317;[171, 0, 17, 255, 161, 72, 70, 211, 245, 0, 0, 157, 0, 0, 129, 1, 0, 163, 2, 61]
1546589951321;[171, 0, 17, 255, 161, 72, 70, 211, 245, 0, 0, 156, 0, 0, 138, 1, 0, 161, 2, 103]
1546589951487;[171, 0, 17, 255, 161, 72, 70, 211, 245, 0, 0, 163, 0, 0, 139, 1, 0, 158, 2, 205]
1546589951491;[171, 0, 17, 255, 161, 72, 70, 211, 245, 0, 0, 152, 0, 0, 130, 1, 0, 161, 3, 21]
1546589951662;[171, 0, 17, 255, 161, 72, 70, 211, 245, 0, 0, 157, 0, 0, 130, 1, 0, 162, 3, 7]
1546589951833;[171, 0, 17, 255, 161, 72, 70, 211, 245, 0, 0, 152, 0, 0, 139, 1, 0, 161, 2, 250]
1546589951837;[171, 0, 4, 255, 132, 128, 78]
1546589952180;[171, 0, 17, 255, 161, 72, 70, 211, 245, 0, 0, 156, 0, 0, 134, 1, 0, 161, 2, 209]
1546589952184;[171, 0, 17, 255, 161, 72, 70, 211, 245, 0, 0, 156, 0, 0, 129, 1, 0, 161, 2, 154]
1546589952189;[171, 0, 17, 255, 161, 72, 70, 211, 245, 0, 0, 157, 0, 0, 134, 1, 0, 162, 2, 16]
1546589952193;[171, 0, 17, 255, 161, 72, 70, 211, 245, 0, 0, 156, 0, 0, 139, 1, 0, 161, 1, 137]
1546589952351;[171, 0, 17, 255, 161, 72, 70, 211, 246, 0, 0, 156, 0, 0, 140, 1, 0, 157, 1, 67]
1546589952524;[171, 0, 17, 255, 161, 72, 70, 211, 246, 0, 0, 158, 0, 0, 129, 1, 0, 157, 1, 67]
1546589952527;[171, 0, 17, 255, 161, 72, 70, 211, 246, 0, 0, 157, 0, 0, 134, 1, 0, 161, 1, 29]
1546589952696;[171, 0, 17, 255, 161, 72, 70, 211, 246, 0, 0, 156, 0, 0, 129, 1, 0, 157, 16, 196]
1546589952701;[171, 0, 17, 255, 161, 72, 70, 211, 246, 0, 0, 156, 0, 0, 129, 1, 0, 161, 7, 167]
1546589952867;[171, 0, 17, 255, 161, 72, 70, 211, 246, 0, 0, 160, 0, 0, 130, 1, 0, 161, 7, 68]
1546589953044;[171, 0, 4, 255, 132, 128, 78]
1546589953046;[171, 0, 17, 255, 161, 72, 70, 211, 246, 0, 0, 161, 0, 0, 130, 1, 0, 158, 6, 252]
1546589953561;[171, 0, 17, 255, 161, 72, 70, 211, 246, 0, 0, 158, 0, 0, 128, 1, 0, 157, 6, 247]
1546589953565;[171, 0, 17, 255, 161, 72, 70, 211, 246, 0, 0, 160, 0, 0, 128, 1, 0, 158, 6, 237]
1546589953569;[171, 0, 17, 255, 161, 72, 70, 211, 246, 0, 0, 157, 0, 0, 128, 1, 0, 158, 6, 225]
1546589953574;[171, 0, 17, 255, 161, 72, 70, 211, 247, 0, 0, 160, 0, 0, 128, 1, 0, 162, 7, 15]
1546589953731;[171, 0, 17, 255, 161, 72, 70, 211, 247, 0, 0, 164, 0, 0, 127, 1, 0, 157, 7, 239]
1546589953735;[171, 0, 17, 255, 161, 72, 70, 211, 247, 0, 0, 161, 0, 0, 129, 1, 0, 161, 8, 108]
1546589953740;[171, 0, 17, 255, 161, 72, 70, 211, 247, 0, 0, 152, 0, 0, 129, 1, 0, 157, 8, 127]
1546589953903;[171, 0, 17, 255, 161, 72, 70, 211, 247, 0, 0, 157, 0, 0, 129, 1, 0, 163, 8, 27]
1546589953907;[171, 0, 17, 255, 161, 72, 70, 211, 247, 0, 0, 161, 0, 0, 127, 1, 0, 162, 7, 150]
1546589954076;[171, 0, 4, 255, 132, 128, 77]
1546589954080;[171, 0, 17, 255, 161, 72, 70, 211, 247, 0, 0, 161, 0, 0, 128, 1, 0, 152, 7, 16]
1546589954249;[171, 0, 17, 255, 161, 72, 70, 211, 247, 0, 0, 160, 0, 0, 124, 1, 0, 161, 6, 176]
1546589954420;[171, 0, 17, 255, 161, 72, 70, 211, 247, 0, 0, 161, 0, 0, 121, 1, 0, 162, 6, 133]
1546589954424;[171, 0, 17, 255, 161, 72, 70, 211, 247, 0, 0, 164, 0, 0, 121, 1, 0, 162, 6, 180]
1546589954767;[171, 0, 17, 255, 161, 72, 70, 211, 248, 0, 0, 164, 0, 0, 120, 1, 0, 162, 6, 225]
1546589954770;[171, 0, 17, 255, 161, 72, 70, 211, 248, 0, 0, 166, 0, 0, 124, 1, 0, 162, 6, 201]
1546589954775;[171, 0, 17, 255, 161, 72, 70, 211, 248, 0, 0, 163, 0, 0, 124, 1, 0, 162, 6, 166]
1546589954939;[171, 0, 17, 255, 161, 72, 70, 211, 248, 0, 0, 164, 0, 0, 127, 1, 0, 161, 6, 162]
1546589954943;[171, 0, 17, 255, 161, 72, 70, 211, 248, 0, 0, 161, 0, 0, 121, 1, 0, 161, 6, 168]
1546589955111;[171, 0, 17, 255, 161, 72, 70, 211, 248, 0, 0, 163, 0, 0, 122, 1, 0, 161, 6, 147]
1546589955115;[171, 0, 4, 255, 132, 128, 76]
1546589955284;[171, 0, 17, 255, 161, 72, 70, 211, 248, 0, 0, 163, 0, 0, 127, 1, 0, 159, 6, 118]
1546589955288;[171, 0, 17, 255, 161, 72, 70, 211, 248, 0, 0, 164, 0, 0, 127, 1, 0, 157, 6, 57]
1546589955457;[171, 0, 17, 255, 161, 72, 70, 211, 248, 0, 0, 160, 0, 0, 121, 1, 0, 161, 6, 33]
1546589955629;[171, 0, 17, 255, 161, 72, 70, 211, 248, 0, 0, 160, 0, 0, 124, 1, 0, 162, 6, 49]
1546589955633;[171, 0, 17, 255, 161, 72, 70, 211, 249, 0, 0, 164, 0, 0, 128, 1, 0, 165, 8, 176]
1546589955974;[171, 0, 17, 255, 161, 72, 70, 211, 249, 0, 0, 163, 0, 0, 120, 1, 0, 177, 8, 176]
1546589955978;[171, 0, 17, 255, 161, 72, 70, 211, 249, 0, 0, 212, 0, 0, 106, 1, 0, 226, 8, 176]
1546589955982;[171, 0, 17, 255, 161, 72, 70, 211, 249, 0, 0, 187, 0, 0, 79, 1, 0, 229, 7, 118]
1546589956146;[171, 0, 17, 255, 161, 72, 70, 211, 249, 0, 0, 246, 0, 0, 14, 1, 0, 169, 8, 185]
1546589956152;[171, 0, 17, 255, 161, 72, 70, 211, 249, 0, 0, 219, 1, 0, 76, 1, 0, 80, 16, 109]
1546589956318;[171, 0, 4, 255, 132, 128, 76]
1546589956323;[171, 0, 17, 255, 161, 72, 70, 211, 249, 0, 0, 131, 1, 0, 101, 1, 0, 36, 7, 208]
1546589956489;[171, 0, 17, 255, 161, 72, 70, 211, 249, 0, 0, 178, 1, 0, 59, 1, 0, 41, 7, 208]
1546589956492;[171, 0, 17, 255, 161, 72, 70, 211, 249, 0, 0, 229, 1, 0, 20, 1, 0, 64, 12, 133]
1546589956663;[171, 0, 17, 255, 161, 72, 70, 211, 249, 0, 0, 242, 1, 0, 9, 1, 0, 99, 12, 133]
1546589956837;[171, 0, 17, 255, 161, 72, 70, 211, 250, 0, 1, 2, 1, 0, 5, 1, 0, 100, 12, 133]
1546589956841;[171, 0, 17, 255, 161, 72, 70, 211, 250, 0, 0, 238, 1, 0, 20, 1, 0, 104, 14, 39]
1546589957009;[171, 0, 17, 255, 161, 72, 70, 211, 250, 0, 0, 217, 1, 0, 24, 1, 0, 120, 31, 255]
1546589957013;[171, 0, 17, 255, 161, 72, 70, 211, 250, 0, 0, 223, 1, 0, 24, 1, 0, 115, 7, 248]
1546589957354;[171, 0, 17, 255, 161, 72, 70, 211, 250, 0, 0, 221, 1, 0, 26, 1, 0, 111, 5, 243]
1546589957358;[171, 0, 17, 255, 161, 72, 70, 211, 250, 0, 0, 234, 1, 0, 28, 1, 0, 112, 3, 86]
1546589957362;[171, 0, 4, 255, 132, 128, 76]
1546589957526;[171, 0, 17, 255, 161, 72, 70, 211, 250, 0, 0, 234, 1, 0, 28, 1, 0, 109, 2, 55]
1546589957530;[171, 0, 17, 255, 161, 72, 70, 211, 250, 0, 0, 231, 1, 0, 22, 1, 0, 114, 3, 157]
1546589957699;[171, 0, 17, 255, 161, 72, 70, 211, 250, 0, 0, 234, 1, 0, 17, 1, 0, 108, 6, 36]
1546589957703;[171, 0, 17, 255, 161, 72, 70, 211, 250, 0, 0, 224, 1, 0, 19, 1, 0, 113, 7, 134]
1546589957873;[171, 0, 17, 255, 161, 72, 70, 211, 251, 0, 0, 222, 1, 0, 15, 1, 0, 98, 7, 134]
1546589958043;[171, 0, 17, 255, 161, 72, 70, 211, 251, 0, 0, 245, 1, 0, 26, 1, 0, 79, 7, 134]
1546589958050;[171, 0, 17, 255, 161, 72, 70, 211, 251, 0, 0, 237, 1, 0, 20, 1, 0, 92, 11, 64]
1546589958217;[171, 0, 17, 255, 161, 72, 70, 211, 251, 0, 0, 234, 1, 0, 23, 1, 0, 99, 31, 236]
1546589958220;[171, 0, 17, 255, 161, 72, 70, 211, 251, 0, 0, 233, 1, 0, 22, 1, 0, 115, 10, 84]
1546589958562;[171, 0, 17, 255, 161, 72, 70, 211, 251, 0, 0, 224, 1, 0, 15, 1, 0, 106, 10, 84]
1546589958566;[171, 0, 4, 255, 132, 128, 76]
1546589958570;[171, 0, 17, 255, 161, 72, 70, 211, 251, 0, 0, 222, 1, 0, 31, 1, 0, 103, 8, 97]
1546589958734;[171, 0, 17, 255, 161, 72, 70, 211, 251, 0, 1, 53, 0, 0, 2, 1, 0, 129, 8, 97]
1546589958738;[171, 0, 17, 255, 161, 72, 70, 211, 251, 0, 1, 32, 1, 0, 13, 1, 0, 138, 8, 97]
1546589958906;[171, 0, 17, 255, 161, 72, 70, 211, 251, 0, 1, 12, 1, 0, 169, 1, 0, 160, 8, 97]
1546589958910;[171, 0, 17, 255, 161, 72, 70, 212, 0, 0, 0, 52, 1, 0, 145, 1, 0, 78, 7, 67]
1546589959078;[171, 0, 17, 255, 161, 72, 70, 212, 0, 1, 0, 18, 1, 0, 119, 1, 0, 38, 5, 235]
1546589959082;[171, 0, 17, 255, 161, 72, 70, 212, 0, 1, 0, 171, 1, 0, 154, 1, 0, 49, 4, 149]
1546589959250;[171, 0, 17, 255, 161, 72, 70, 212, 0, 1, 0, 152, 1, 0, 166, 1, 0, 126, 4, 30]
1546589959424;[171, 0, 17, 255, 161, 72, 70, 212, 0, 1, 0, 106, 1, 0, 178, 1, 0, 149, 3, 115]
1546589959428;[171, 0, 17, 255, 161, 72, 70, 212, 0, 1, 0, 124, 1, 0, 209, 1, 0, 64, 2, 229]
1546589959942;[171, 0, 4, 255, 132, 128, 75]
1546589959946;[171, 0, 17, 255, 161, 72, 70, 212, 0, 1, 0, 108, 1, 0, 187, 1, 0, 49, 2, 113]
1546589959950;[171, 0, 17, 255, 161, 72, 70, 212, 0, 1, 0, 122, 1, 0, 221, 1, 0, 52, 2, 113]
1546589959954;[171, 0, 17, 255, 161, 72, 70, 212, 0, 1, 0, 109, 1, 0, 217, 1, 0, 36, 2, 113]
1546589960114;[171, 0, 17, 255, 161, 72, 70, 212, 0, 1, 0, 115, 1, 0, 206, 1, 0, 54, 0, 202]
1546589960118;[171, 0, 17, 255, 161, 72, 70, 212, 1, 1, 0, 101, 1, 0, 226, 0, 0, 2, 16, 0]
1546589960122;[171, 0, 17, 255, 161, 72, 70, 212, 1, 1, 0, 104, 1, 0, 219, 1, 0, 35, 6, 170]
1546589960287;[171, 0, 17, 255, 161, 72, 70, 212, 1, 1, 0, 112, 1, 0, 215, 1, 0, 48, 6, 163]
1546589960291;[171, 0, 17, 255, 161, 72, 70, 212, 1, 1, 0, 108, 1, 0, 214, 1, 0, 37, 6, 175]
1546589960462;[171, 0, 17, 255, 161, 72, 70, 212, 1, 1, 0, 97, 1, 0, 225, 1, 0, 49, 6, 192]
1546589960632;[171, 0, 17, 255, 161, 72, 70, 212, 1, 1, 0, 129, 1, 0, 209, 1, 0, 32, 6, 138]
1546589960636;[171, 0, 4, 255, 132, 128, 75]
1546589960803;[171, 0, 17, 255, 161, 72, 70, 212, 1, 1, 0, 126, 1, 0, 208, 1, 0, 37, 6, 109]
1546589960807;[171, 0, 17, 255, 161, 72, 70, 212, 1, 1, 0, 123, 1, 0, 213, 1, 0, 49, 6, 105]
1546589961151;[171, 0, 17, 255, 161, 72, 70, 212, 1, 1, 0, 123, 1, 0, 213, 1, 0, 53, 6, 82]
1546589961155;[171, 0, 17, 255, 161, 72, 70, 212, 1, 1, 0, 117, 1, 0, 209, 1, 0, 49, 6, 45]
1546589961161;[171, 0, 17, 255, 161, 72, 70, 212, 2, 1, 0, 120, 1, 0, 212, 1, 0, 48, 6, 16]
1546589961322;[171, 0, 17, 255, 161, 72, 70, 212, 2, 1, 0, 114, 1, 0, 211, 1, 0, 43, 5, 247]
1546589961326;[171, 0, 17, 255, 161, 72, 70, 212, 2, 1, 0, 131, 1, 0, 209, 1, 0, 63, 5, 219]
1546589961492;[171, 0, 17, 255, 161, 72, 70, 212, 2, 1, 0, 123, 1, 0, 209, 1, 0, 49, 5, 184]
1546589961495;[171, 0, 17, 255, 161, 72, 70, 212, 2, 1, 0, 123, 1, 0, 207, 1, 0, 53, 5, 139]
1546589961666;[171, 0, 17, 255, 161, 72, 70, 212, 2, 1, 0, 122, 1, 0, 210, 1, 0, 52, 5, 112]
1546589961838;[171, 0, 4, 255, 132, 128, 75]
1546589961843;[171, 0, 17, 255, 161, 72, 70, 212, 2, 1, 0, 114, 1, 0, 207, 1, 0, 52, 5, 75]
1546589962010;[171, 0, 17, 255, 161, 72, 70, 212, 2, 1, 0, 121, 1, 0, 213, 1, 0, 60, 5, 68]
1546589962014;[171, 0, 17, 255, 161, 72, 70, 212, 2, 1, 0, 123, 1, 0, 206, 1, 0, 55, 5, 48]
1546589962532;[171, 0, 17, 255, 161, 72, 70, 212, 2, 1, 0, 120, 1, 0, 210, 1, 0, 63, 5, 33]
1546589962536;[171, 0, 17, 255, 161, 72, 70, 212, 3, 1, 0, 120, 1, 0, 211, 1, 0, 59, 5, 18]
1546589962540;[171, 0, 17, 255, 161, 72, 70, 212, 3, 1, 0, 121, 1, 0, 209, 1, 0, 54, 4, 252]
1546589962544;[171, 0, 17, 255, 161, 72, 70, 212, 3, 1, 0, 121, 1, 0, 209, 1, 0, 55, 4, 233]
1546589962701;[171, 0, 17, 255, 161, 72, 70, 212, 3, 1, 0, 122, 1, 0, 209, 1, 0, 54, 4, 221]
1546589962706;[171, 0, 17, 255, 161, 72, 70, 212, 3, 1, 0, 123, 1, 0, 208, 1, 0, 55, 4, 230]
1546589962710;[171, 0, 17, 255, 161, 72, 70, 212, 3, 1, 0, 123, 1, 0, 208, 1, 0, 55, 4, 232]
1546589962873;[171, 0, 4, 255, 132, 128, 75]
1546589963046;[171, 0, 17, 255, 161, 72, 70, 212, 3, 1, 0, 120, 1, 0, 211, 1, 0, 60, 4, 228]
1546589963050;[171, 0, 17, 255, 161, 72, 70, 212, 3, 1, 0, 123, 1, 0, 209, 1, 0, 60, 4, 226]
1546589963219;[171, 0, 17, 255, 161, 72, 70, 212, 3, 1, 0, 122, 1, 0, 208, 1, 0, 55, 4, 217]
1546589963223;[171, 0, 17, 255, 161, 72, 70, 212, 3, 1, 0, 120, 1, 0, 208, 1, 0, 62, 4, 209]
1546589963391;[171, 0, 17, 255, 161, 72, 70, 212, 4, 1, 0, 120, 1, 0, 208, 1, 0, 55, 4, 205]
1546589963395;[171, 0, 17, 255, 161, 72, 70, 212, 4, 1, 0, 123, 1, 0, 211, 1, 0, 49, 4, 220]
1546589963737;[171, 0, 17, 255, 161, 72, 70, 212, 4, 1, 0, 128, 1, 0, 210, 1, 0, 52, 4, 225]
1546589963741;[171, 0, 17, 255, 161, 72, 70, 212, 4, 1, 0, 133, 1, 0, 205, 1, 0, 54, 4, 223]
1546589963746;[171, 0, 17, 255, 161, 72, 70, 212, 4, 1, 0, 129, 1, 0, 208, 1, 0, 62, 4, 232]
1546589963908;[171, 0, 17, 255, 161, 72, 70, 212, 4, 1, 0, 134, 1, 0, 204, 1, 0, 63, 4, 223]
1546589963912;[171, 0, 4, 255, 132, 128, 75]
1546589964082;[171, 0, 17, 255, 161, 72, 70, 212, 4, 1, 0, 117, 1, 0, 210, 1, 0, 54, 4, 224]
1546589964086;[171, 0, 17, 255, 161, 72, 70, 212, 4, 1, 0, 119, 1, 0, 208, 1, 0, 55, 4, 234]
1546589964254;[171, 0, 17, 255, 161, 72, 70, 212, 4, 1, 0, 124, 1, 0, 208, 1, 0, 57, 4, 242]
1546589964426;[171, 0, 17, 255, 161, 72, 70, 212, 4, 1, 0, 123, 1, 0, 210, 1, 0, 53, 5, 5]
1546589964430;[171, 0, 17, 255, 161, 72, 70, 212, 5, 1, 0, 124, 1, 0, 208, 1, 0, 54, 5, 25]
1546589964598;[171, 0, 17, 255, 161, 72, 70, 212, 5, 1, 0, 113, 1, 0, 209, 1, 0, 51, 5, 44]
1546589964602;[171, 0, 17, 255, 161, 72, 70, 212, 5, 1, 0, 139, 1, 0, 206, 1, 0, 64, 5, 49]
1546589964944;[171, 0, 17, 255, 161, 72, 70, 212, 5, 1, 0, 112, 1, 0, 211, 1, 0, 62, 5, 47]
1546589964951;[171, 0, 17, 255, 161, 72, 70, 212, 5, 1, 0, 129, 1, 0, 206, 1, 0, 54, 5, 51]
1546589964954;[171, 0, 17, 255, 161, 72, 70, 212, 5, 1, 0, 124, 1, 0, 209, 1, 0, 55, 5, 94]
1546589965116;[171, 0, 4, 255, 132, 128, 75]
1546589965120;[171, 0, 17, 255, 161, 72, 70, 212, 5, 1, 0, 131, 1, 0, 206, 1, 0, 58, 5, 131]
1546589965289;[171, 0, 17, 255, 161, 72, 70, 212, 5, 1, 0, 123, 1, 0, 209, 1, 0, 59, 5, 141]
1546589965292;[171, 0, 17, 255, 161, 72, 70, 212, 5, 1, 0, 126, 1, 0, 209, 1, 0, 51, 5, 151]
1546589965461;[171, 0, 17, 255, 161, 72, 70, 212, 5, 1, 0, 123, 1, 0, 208, 1, 0, 52, 5, 163]
1546589965634;[171, 0, 17, 255, 161, 72, 70, 212, 6, 1, 0, 123, 1, 0, 209, 1, 0, 54, 5, 156]
1546589965638;[171, 0, 17, 255, 161, 72, 70, 212, 6, 1, 0, 123, 1, 0, 207, 1, 0, 54, 5, 138]
1546589965807;[171, 0, 17, 255, 161, 72, 70, 212, 6, 1, 0, 123, 1, 0, 209, 1, 0, 55, 5, 178]
1546589965811;[171, 0, 17, 255, 161, 72, 70, 212, 6, 1, 0, 126, 1, 0, 209, 1, 0, 54, 5, 196]
1546589965978;[171, 0, 17, 255, 161, 72, 70, 212, 6, 1, 0, 124, 1, 0, 208, 1, 0, 54, 5, 197]
1546589965982;[171, 0, 17, 255, 161, 72, 70, 212, 6, 1, 0, 124, 1, 0, 208, 1, 0, 52, 5, 197]
1546589966324;[171, 0, 4, 255, 132, 128, 76]
1546589966329;[171, 0, 17, 255, 161, 72, 70, 212, 6, 1, 0, 123, 1, 0, 208, 1, 0, 54, 5, 199]
1546589966332;[171, 0, 17, 255, 161, 72, 70, 212, 6, 1, 0, 124, 1, 0, 213, 1, 0, 45, 5, 189]
1546589966496;[171, 0, 17, 255, 161, 72, 70, 212, 6, 1, 0, 128, 1, 0, 208, 1, 0, 53, 5, 179]
1546589966499;[171, 0, 17, 255, 161, 72, 70, 212, 6, 1, 0, 123, 1, 0, 208, 1, 0, 54, 5, 179]
1546589966668;[171, 0, 17, 255, 161, 72, 70, 212, 7, 1, 0, 124, 1, 0, 206, 1, 0, 52, 5, 205]
1546589966841;[171, 0, 17, 255, 161, 72, 70, 212, 7, 1, 0, 124, 1, 0, 208, 1, 0, 52, 5, 215]
1546589966845;[171, 0, 17, 255, 161, 72, 70, 212, 7, 1, 0, 123, 1, 0, 206, 1, 0, 54, 5, 203]
1546589967013;[171, 0, 17, 255, 161, 72, 70, 212, 7, 1, 0, 122, 1, 0, 209, 1, 0, 52, 5, 195]
1546589967017;[171, 0, 17, 255, 161, 72, 70, 212, 7, 1, 0, 120, 1, 0, 208, 1, 0, 54, 5, 186]
1546589967186;[171, 0, 17, 255, 161, 72, 70, 212, 7, 1, 0, 131, 1, 0, 208, 1, 0, 54, 5, 171]
1546589967189;[171, 0, 4, 255, 132, 128, 77]
1546589967531;[171, 0, 17, 255, 161, 72, 70, 212, 7, 1, 0, 124, 1, 0, 209, 1, 0, 54, 5, 160]
1546589967535;[171, 0, 17, 255, 161, 72, 70, 212, 7, 1, 0, 128, 1, 0, 208, 1, 0, 54, 5, 195]
1546589967539;[171, 0, 17, 255, 161, 72, 70, 212, 7, 1, 0, 122, 1, 0, 208, 1, 0, 54, 5, 193]
1546589967703;[171, 0, 17, 255, 161, 72, 70, 212, 7, 1, 0, 123, 1, 0, 209, 1, 0, 54, 5, 188]
1546589967707;[171, 0, 17, 255, 161, 72, 70, 212, 8, 1, 0, 123, 1, 0, 209, 1, 0, 55, 5, 181]
1546589967877;[171, 0, 17, 255, 161, 72, 70, 212, 8, 1, 0, 126, 1, 0, 209, 1, 0, 54, 5, 177]
1546589967885;[171, 0, 17, 255, 161, 72, 70, 212, 8, 1, 0, 123, 1, 0, 208, 1, 0, 54, 5, 159]
1546589968049;[171, 0, 17, 255, 161, 72, 70, 212, 8, 1, 0, 124, 1, 0, 208, 1, 0, 54, 5, 150]
1546589968220;[171, 0, 17, 255, 161, 72, 70, 212, 8, 1, 0, 126, 1, 0, 206, 1, 0, 52, 5, 185]
1546589968394;[171, 0, 17, 255, 161, 72, 70, 212, 10, 1, 0, 124, 1, 0, 208, 1, 0, 55, 6, 100]
1546589968398;[171, 0, 17, 255, 161, 72, 70, 212, 10, 1, 0, 123, 1, 0, 208, 1, 0, 54, 6, 120]
1546589968911;[171, 0, 17, 255, 161, 72, 70, 212, 10, 1, 0, 123, 1, 0, 209, 1, 0, 54, 6, 141]
1546589968916;[171, 0, 17, 255, 161, 72, 70, 212, 10, 1, 0, 124, 1, 0, 208, 1, 0, 54, 6, 139]
1546589968920;[171, 0, 17, 255, 161, 72, 70, 212, 11, 1, 0, 133, 1, 0, 206, 1, 0, 52, 6, 128]
1546589968924;[171, 0, 17, 255, 161, 72, 70, 212, 11, 1, 0, 117, 1, 0, 209, 1, 0, 62, 6, 140]
1546589969083;[171, 0, 17, 255, 161, 72, 70, 212, 11, 1, 0, 126, 1, 0, 208, 1, 0, 65, 6, 185]
1546589969087;[171, 0, 17, 255, 161, 72, 70, 212, 11, 1, 0, 120, 1, 0, 209, 1, 0, 55, 6, 180]
1546589969256;[171, 0, 17, 255, 161, 72, 70, 212, 11, 1, 0, 123, 1, 0, 215, 1, 0, 46, 6, 195]
1546589969602;[171, 0, 17, 255, 161, 72, 70, 212, 11, 1, 0, 128, 1, 0, 210, 1, 0, 36, 6, 232]
1546589969606;[171, 0, 4, 255, 132, 128, 79]
1546589969611;[171, 0, 17, 255, 161, 72, 70, 212, 11, 1, 0, 116, 1, 0, 209, 1, 0, 35, 7, 17]
1546589969615;[171, 0, 17, 255, 161, 72, 70, 212, 11, 1, 0, 128, 1, 0, 210, 1, 0, 36, 7, 35]
1546589969770;[171, 0, 17, 255, 161, 72, 70, 212, 11, 1, 0, 131, 1, 0, 210, 1, 0, 37, 7, 57]
1546589970120;[171, 0, 17, 255, 161, 72, 70, 212, 11, 1, 0, 135, 1, 0, 207, 1, 0, 39, 7, 93]
1546589970124;[171, 0, 17, 255, 161, 72, 70, 212, 12, 1, 0, 124, 1, 0, 212, 1, 0, 36, 7, 104]
1546589970128;[171, 0, 17, 255, 161, 72, 70, 212, 12, 1, 0, 123, 1, 0, 210, 1, 0, 14, 7, 76]
1546589970132;[171, 0, 17, 255, 161, 72, 70, 212, 12, 1, 0, 109, 1, 0, 218, 1, 0, 23, 7, 45]
1546589970291;[171, 0, 17, 255, 161, 72, 70, 212, 12, 1, 0, 124, 1, 0, 206, 1, 0, 39, 7, 14]
1546589970295;[171, 0, 17, 255, 161, 72, 70, 212, 12, 1, 0, 136, 1, 0, 208, 1, 0, 49, 6, 229]
1546589970464;[171, 0, 17, 255, 161, 72, 70, 212, 12, 1, 0, 129, 1, 0, 206, 1, 0, 39, 6, 230]
1546589970638;[171, 0, 4, 255, 132, 128, 80]
1546589970641;[171, 0, 17, 255, 161, 72, 70, 212, 12, 1, 0, 120, 1, 0, 210, 1, 0, 37, 7, 21]
1546589970809;[171, 0, 17, 255, 161, 72, 70, 212, 12, 1, 0, 139, 1, 0, 202, 1, 0, 48, 7, 21]
1546589970813;[171, 0, 17, 255, 161, 72, 70, 212, 12, 1, 0, 134, 1, 0, 203, 1, 0, 49, 7, 23]
1546589970980;[171, 0, 17, 255, 161, 72, 70, 212, 12, 1, 0, 122, 1, 0, 209, 1, 0, 45, 7, 12]
1546589970984;[171, 0, 17, 255, 161, 72, 70, 212, 13, 1, 0, 119, 1, 0, 209, 1, 0, 43, 7, 5]
1546589971329;[171, 0, 17, 255, 161, 72, 70, 212, 13, 1, 0, 114, 1, 0, 209, 1, 0, 49, 6, 237]
1546589971333;[171, 0, 17, 255, 161, 72, 70, 212, 13, 1, 0, 123, 1, 0, 203, 1, 0, 53, 7, 6]
1546589971337;[171, 0, 17, 255, 161, 72, 70, 212, 13, 1, 0, 147, 1, 0, 209, 1, 0, 61, 7, 69]
1546589971497;[171, 0, 17, 255, 161, 72, 70, 212, 13, 1, 0, 120, 1, 0, 211, 1, 0, 44, 7, 99]
1546589971501;[171, 0, 17, 255, 161, 72, 70, 212, 13, 1, 0, 134, 1, 0, 204, 1, 0, 64, 7, 129]
1546589971670;[171, 0, 4, 255, 132, 128, 80]
1546589971844;[171, 0, 17, 255, 161, 72, 70, 212, 13, 1, 0, 114, 1, 0, 213, 1, 0, 45, 7, 134]
1546589971848;[171, 0, 17, 255, 161, 72, 70, 212, 13, 1, 0, 119, 1, 0, 210, 1, 0, 43, 7, 144]
1546589972017;[171, 0, 17, 255, 161, 72, 70, 212, 13, 1, 0, 124, 1, 0, 208, 1, 0, 43, 7, 126]
1546589972021;[171, 0, 17, 255, 161, 72, 70, 212, 13, 1, 0, 119, 1, 0, 210, 1, 0, 52, 7, 142]
1546589972188;[171, 0, 17, 255, 161, 72, 70, 212, 14, 1, 0, 123, 1, 0, 206, 1, 0, 52, 7, 216]
1546589972192;[171, 0, 17, 255, 161, 72, 70, 212, 14, 1, 0, 134, 1, 0, 206, 1, 0, 62, 8, 0]
1546589972361;[171, 0, 17, 255, 161, 72, 70, 212, 14, 1, 0, 131, 1, 0, 205, 1, 0, 59, 8, 7]
1546589972708;[171, 0, 17, 255, 161, 72, 70, 212, 14, 1, 0, 139, 1, 0, 202, 1, 0, 64, 8, 14]
1546589972712;[171, 0, 17, 255, 161, 72, 70, 212, 14, 1, 0, 128, 1, 0, 204, 1, 0, 49, 8, 23]
1546589972716;[171, 0, 17, 255, 161, 72, 70, 212, 14, 1, 0, 139, 1, 0, 202, 1, 0, 52, 7, 250]
1546589972720;[171, 0, 4, 255, 132, 128, 82]
1546589972879;[171, 0, 17, 255, 161, 72, 70, 212, 14, 1, 0, 135, 1, 0, 200, 1, 0, 54, 7, 221]
1546589972881;[171, 0, 17, 255, 161, 72, 70, 212, 14, 1, 0, 134, 1, 0, 203, 1, 0, 54, 7, 233]
1546589973051;[171, 0, 17, 255, 161, 72, 70, 212, 14, 1, 0, 134, 1, 0, 203, 1, 0, 52, 8, 21]
1546589973223;[171, 0, 17, 255, 161, 72, 70, 212, 14, 1, 0, 135, 1, 0, 203, 1, 0, 54, 8, 45]
1546589973227;[171, 0, 17, 255, 161, 72, 70, 212, 15, 1, 0, 132, 1, 0, 201, 1, 0, 54, 8, 57]
1546589973397;[171, 0, 17, 255, 161, 72, 70, 212, 15, 1, 0, 134, 1, 0, 203, 1, 0, 58, 8, 53]
1546589973400;[171, 0, 17, 255, 161, 72, 70, 212, 15, 1, 0, 134, 1, 0, 203, 1, 0, 62, 8, 34]
1546589973568;[171, 0, 17, 255, 161, 72, 70, 212, 15, 1, 0, 135, 1, 0, 199, 1, 0, 62, 8, 18]
1546589973915;[171, 0, 17, 255, 161, 72, 70, 212, 15, 1, 0, 134, 1, 0, 203, 1, 0, 59, 8, 5]
1546589973919;[171, 0, 17, 255, 161, 72, 70, 212, 15, 1, 0, 134, 1, 0, 204, 1, 0, 60, 8, 70]
1546589973923;[171, 0, 4, 255, 132, 128, 82]
1546589973927;[171, 0, 17, 255, 161, 72, 70, 212, 15, 1, 0, 129, 1, 0, 203, 1, 0, 54, 8, 94]
1546589974087;[171, 0, 17, 255, 161, 72, 70, 212, 15, 1, 0, 133, 1, 0, 205, 1, 0, 52, 8, 98]
1546589974091;[171, 0, 17, 255, 161, 72, 70, 212, 15, 1, 0, 128, 1, 0, 204, 1, 0, 64, 8, 120]
1546589974258;[171, 0, 17, 255, 161, 72, 70, 212, 15, 1, 0, 117, 1, 0, 200, 1, 0, 96, 8, 128]
1546589974431;[171, 0, 17, 255, 161, 72, 70, 212, 16, 1, 0, 123, 1, 0, 203, 1, 0, 97, 8, 137]
