1546589065188;[171, 0, 4, 255, 132, 128, 85]
1546589065203;[171, 0, 17, 255, 161, 72, 70, 208, 70, 0, 0, 88, 0, 0, 252, 1, 0, 67, 11, 247]
1546589065356;[171, 0, 17, 255, 161, 72, 70, 208, 70, 0, 0, 83, 0, 0, 254, 1, 0, 22, 11, 153]
1546589065359;[171, 0, 17, 255, 161, 72, 70, 208, 70, 0, 0, 66, 0, 0, 245, 1, 0, 20, 11, 120]
1546589065703;[171, 0, 17, 255, 161, 72, 70, 208, 70, 0, 0, 91, 0, 1, 16, 1, 0, 36, 11, 104]
1546589065706;[171, 0, 17, 255, 161, 72, 70, 208, 70, 0, 0, 66, 0, 0, 251, 1, 0, 13, 11, 123]
1546589065710;[171, 0, 17, 255, 161, 72, 70, 208, 71, 0, 0, 63, 0, 1, 15, 0, 0, 6, 11, 162]
1546589065874;[171, 0, 17, 255, 161, 72, 70, 208, 71, 0, 0, 64, 0, 1, 9, 0, 0, 8, 11, 162]
1546589065878;[171, 0, 17, 255, 161, 72, 70, 208, 71, 0, 0, 59, 0, 1, 4, 0, 0, 11, 11, 138]
1546589066047;[171, 0, 17, 255, 161, 72, 70, 208, 71, 0, 0, 59, 0, 0, 247, 0, 0, 23, 11, 133]
1546589066050;[171, 0, 17, 255, 161, 72, 70, 208, 71, 0, 0, 59, 0, 0, 248, 0, 0, 15, 11, 131]
1546589066391;[171, 0, 4, 255, 132, 128, 85]
1546589066396;[171, 0, 17, 255, 161, 72, 70, 208, 71, 0, 0, 59, 0, 0, 241, 0, 0, 23, 11, 132]
1546589066400;[171, 0, 17, 255, 161, 72, 70, 208, 71, 0, 0, 77, 0, 0, 229, 1, 0, 4, 11, 159]
1546589066562;[171, 0, 17, 255, 161, 72, 70, 208, 71, 0, 0, 66, 0, 1, 49, 0, 0, 12, 11, 196]
1546589066566;[171, 0, 17, 255, 161, 72, 70, 208, 71, 0, 0, 72, 0, 0, 241, 1, 0, 95, 12, 45]
1546589066735;[171, 0, 17, 255, 161, 72, 70, 208, 71, 0, 0, 40, 0, 0, 254, 0, 0, 11, 12, 58]
1546589066739;[171, 0, 17, 255, 161, 72, 70, 208, 72, 0, 0, 63, 0, 1, 13, 0, 0, 4, 11, 204]
1546589068886;[171, 0, 17, 255, 161, 72, 70, 208, 72, 0, 0, 61, 0, 0, 251, 0, 0, 8, 11, 218]
1546589068894;[171, 0, 17, 255, 161, 72, 70, 208, 72, 0, 0, 66, 0, 0, 241, 1, 0, 16, 12, 24]
1546589068896;[171, 0, 17, 255, 161, 72, 70, 208, 72, 0, 0, 81, 0, 1, 16, 1, 0, 14, 12, 104]
1546589068897;[171, 0, 17, 255, 161, 72, 70, 208, 72, 0, 0, 75, 0, 0, 254, 1, 0, 21, 12, 109]
1546589068899;[171, 0, 4, 255, 132, 128, 89]
1546589068937;[171, 0, 17, 255, 161, 72, 70, 208, 72, 0, 0, 51, 0, 1, 26, 0, 0, 4, 12, 106]
1546589068938;[171, 0, 17, 255, 161, 72, 70, 208, 72, 0, 0, 56, 0, 1, 4, 0, 0, 6, 12, 30]
1546589068940;[171, 0, 17, 255, 161, 72, 70, 208, 72, 0, 0, 55, 0, 0, 219, 1, 0, 9, 12, 53]
1546589068942;[171, 0, 17, 255, 161, 72, 70, 208, 72, 0, 0, 55, 0, 0, 239, 0, 0, 1, 12, 72]
1546589068943;[171, 0, 17, 255, 161, 72, 70, 208, 72, 0, 0, 93, 0, 1, 1, 1, 0, 16, 12, 110]
1546589068945;[171, 0, 17, 255, 161, 72, 70, 208, 73, 0, 0, 54, 0, 1, 32, 0, 0, 14, 12, 162]
1546589068947;[171, 0, 17, 255, 161, 72, 70, 208, 73, 0, 0, 71, 0, 0, 237, 1, 0, 19, 12, 169]
1546589068955;[171, 0, 17, 255, 161, 72, 70, 208, 73, 0, 0, 61, 0, 0, 249, 1, 0, 8, 12, 152]
1546589068956;[171, 0, 17, 255, 161, 72, 70, 208, 73, 0, 0, 57, 0, 1, 9, 1, 0, 17, 12, 148]
1546589068958;[171, 0, 17, 255, 161, 72, 70, 208, 73, 0, 0, 48, 0, 1, 7, 1, 0, 14, 12, 192]
1546589068965;[171, 0, 4, 255, 132, 128, 89]
1546589068967;[171, 0, 17, 255, 161, 72, 70, 208, 73, 0, 0, 54, 0, 1, 6, 0, 0, 14, 12, 203]
1546589068973;[171, 0, 17, 255, 161, 72, 70, 208, 73, 0, 0, 67, 0, 0, 229, 1, 0, 4, 12, 176]
1546589068975;[171, 0, 17, 255, 161, 72, 70, 208, 73, 0, 0, 67, 0, 1, 0, 0, 0, 12, 12, 173]
1546589068979;[171, 0, 17, 255, 161, 72, 70, 208, 73, 0, 0, 97, 0, 0, 248, 1, 0, 39, 12, 236]
1546589068981;[171, 0, 17, 255, 161, 72, 70, 208, 73, 0, 0, 54, 0, 1, 12, 0, 0, 1, 13, 0]
1546589068984;[171, 0, 17, 255, 161, 72, 70, 208, 74, 0, 0, 64, 0, 0, 245, 0, 0, 7, 12, 243]
1546589069151;[171, 0, 17, 255, 161, 72, 70, 208, 74, 0, 0, 80, 0, 0, 250, 0, 0, 8, 12, 205]
1546589069155;[171, 0, 17, 255, 161, 72, 70, 208, 74, 0, 0, 89, 0, 0, 255, 1, 0, 24, 13, 29]
1546589069323;[171, 0, 17, 255, 161, 72, 70, 208, 74, 0, 0, 34, 0, 1, 6, 0, 0, 4, 13, 139]
1546589069494;[171, 0, 17, 255, 161, 72, 70, 208, 74, 0, 0, 81, 0, 0, 254, 1, 0, 3, 13, 78]
1546589069498;[171, 0, 4, 255, 132, 128, 89]
1546589069668;[171, 0, 17, 255, 161, 72, 70, 208, 74, 0, 0, 93, 0, 0, 240, 1, 0, 25, 13, 45]
1546589069672;[171, 0, 17, 255, 161, 72, 70, 208, 74, 0, 0, 62, 0, 1, 18, 1, 0, 8, 13, 129]
1546589069842;[171, 0, 17, 255, 161, 72, 70, 208, 74, 0, 0, 48, 0, 0, 248, 0, 0, 8, 13, 180]
1546589069847;[171, 0, 17, 255, 161, 72, 70, 208, 74, 0, 0, 66, 0, 0, 242, 0, 0, 2, 13, 93]
1546589070360;[171, 0, 17, 255, 161, 72, 70, 208, 74, 0, 0, 93, 0, 0, 255, 1, 0, 28, 13, 62]
1546589070364;[171, 0, 17, 255, 161, 72, 70, 208, 75, 0, 0, 62, 0, 1, 7, 1, 0, 23, 13, 143]
1546589070368;[171, 0, 17, 255, 161, 72, 70, 208, 75, 0, 0, 58, 0, 0, 255, 0, 0, 1, 13, 154]
1546589070371;[171, 0, 17, 255, 161, 72, 70, 208, 75, 0, 0, 64, 0, 0, 244, 0, 0, 8, 13, 135]
1546589070533;[171, 0, 17, 255, 161, 72, 70, 208, 75, 0, 0, 76, 0, 0, 254, 0, 0, 8, 13, 121]
1546589070536;[171, 0, 17, 255, 161, 72, 70, 208, 75, 0, 0, 80, 0, 0, 251, 1, 0, 35, 13, 198]
1546589070540;[171, 0, 4, 255, 132, 128, 89]
1546589070703;[171, 0, 17, 255, 161, 72, 70, 208, 75, 0, 0, 56, 0, 1, 23, 0, 0, 10, 13, 206]
1546589070876;[171, 0, 17, 255, 161, 72, 70, 208, 75, 0, 0, 65, 0, 0, 240, 0, 0, 2, 13, 190]
1546589070880;[171, 0, 17, 255, 161, 72, 70, 208, 75, 0, 0, 66, 0, 0, 249, 0, 0, 8, 13, 200]
1546589071049;[171, 0, 17, 255, 161, 72, 70, 208, 75, 0, 0, 84, 0, 0, 253, 1, 0, 8, 13, 235]
1546589071052;[171, 0, 17, 255, 161, 72, 70, 208, 75, 0, 0, 77, 0, 1, 8, 1, 0, 37, 14, 0]
1546589071221;[171, 0, 17, 255, 161, 72, 70, 208, 76, 0, 0, 55, 0, 1, 4, 0, 0, 9, 14, 21]
1546589071567;[171, 0, 17, 255, 161, 72, 70, 208, 76, 0, 0, 63, 0, 0, 239, 0, 0, 11, 14, 21]
1546589071571;[171, 0, 17, 255, 161, 72, 70, 208, 76, 0, 0, 72, 0, 0, 254, 0, 0, 8, 14, 26]
1546589071575;[171, 0, 17, 255, 161, 72, 70, 208, 76, 0, 0, 93, 0, 0, 254, 1, 0, 29, 14, 111]
1546589071579;[171, 0, 17, 255, 161, 72, 70, 208, 76, 0, 0, 39, 0, 1, 16, 1, 0, 4, 14, 195]
1546589071737;[171, 0, 4, 255, 132, 128, 89]
1546589071743;[171, 0, 17, 255, 161, 72, 70, 208, 76, 0, 0, 64, 0, 0, 248, 1, 0, 2, 14, 169]
1546589071910;[171, 0, 17, 255, 161, 72, 70, 208, 76, 0, 0, 80, 0, 0, 244, 1, 0, 2, 14, 104]
1546589072083;[171, 0, 17, 255, 161, 72, 70, 208, 76, 0, 0, 86, 0, 0, 249, 1, 0, 19, 14, 164]
1546589072087;[171, 0, 17, 255, 161, 72, 70, 208, 76, 0, 0, 44, 0, 1, 4, 0, 0, 3, 14, 244]
1546589072257;[171, 0, 17, 255, 161, 72, 70, 208, 76, 0, 0, 81, 0, 0, 253, 1, 0, 9, 14, 227]
1546589072260;[171, 0, 17, 255, 161, 72, 70, 208, 77, 0, 0, 84, 0, 0, 254, 1, 0, 16, 14, 246]
1546589072428;[171, 0, 17, 255, 161, 72, 70, 208, 77, 0, 0, 72, 0, 1, 9, 1, 0, 31, 15, 17]
1546589072432;[171, 0, 17, 255, 161, 72, 70, 208, 77, 0, 0, 63, 0, 0, 254, 1, 0, 4, 15, 27]
1546589072949;[171, 0, 17, 255, 161, 72, 70, 208, 77, 0, 0, 64, 0, 0, 249, 1, 0, 1, 15, 24]
1546589072953;[171, 0, 17, 255, 161, 72, 70, 208, 77, 0, 0, 71, 0, 0, 248, 1, 0, 13, 15, 45]
1546589072956;[171, 0, 4, 255, 132, 128, 90]
1546589072961;[171, 0, 17, 255, 161, 72, 70, 208, 77, 0, 0, 77, 0, 1, 4, 1, 0, 15, 31, 80]
1546589073118;[171, 0, 17, 255, 161, 72, 70, 208, 77, 0, 0, 67, 0, 0, 253, 1, 0, 15, 7, 229]
1546589073122;[171, 0, 17, 255, 161, 72, 70, 208, 77, 0, 0, 67, 0, 0, 254, 1, 0, 13, 7, 247]
1546589073638;[171, 0, 17, 255, 161, 72, 70, 208, 77, 0, 0, 67, 0, 0, 253, 1, 0, 4, 8, 8]
1546589073642;[171, 0, 17, 255, 161, 72, 70, 208, 77, 0, 0, 66, 0, 0, 253, 1, 0, 9, 8, 11]
1546589073646;[171, 0, 17, 255, 161, 72, 70, 208, 78, 0, 0, 66, 0, 0, 255, 1, 0, 13, 8, 25]
1546589073650;[171, 0, 17, 255, 161, 72, 70, 208, 78, 0, 0, 64, 0, 0, 254, 1, 0, 13, 8, 37]
1546589073982;[171, 0, 17, 255, 161, 72, 70, 208, 78, 0, 0, 65, 0, 0, 254, 1, 0, 13, 8, 53]
1546589073986;[171, 0, 17, 255, 161, 72, 70, 208, 78, 0, 0, 64, 0, 0, 255, 1, 0, 14, 8, 68]
1546589073991;[171, 0, 17, 255, 161, 72, 70, 208, 78, 0, 0, 61, 0, 0, 255, 1, 0, 20, 8, 72]
1546589073994;[171, 0, 4, 255, 132, 128, 91]
1546589074154;[171, 0, 17, 255, 161, 72, 70, 208, 78, 0, 0, 61, 0, 1, 10, 1, 0, 15, 8, 87]
1546589074159;[171, 0, 17, 255, 161, 72, 70, 208, 78, 0, 0, 66, 0, 0, 251, 1, 0, 14, 8, 86]
1546589074163;[171, 0, 17, 255, 161, 72, 70, 208, 78, 0, 0, 77, 0, 0, 253, 1, 0, 14, 8, 93]
1546589074326;[171, 0, 17, 255, 161, 72, 70, 208, 78, 0, 0, 67, 0, 0, 236, 1, 0, 1, 8, 111]
1546589074330;[171, 0, 17, 255, 161, 72, 70, 208, 78, 0, 0, 71, 0, 0, 248, 0, 0, 10, 8, 118]
1546589074495;[171, 0, 17, 255, 161, 72, 70, 208, 79, 0, 0, 77, 0, 0, 250, 1, 0, 3, 8, 127]
1546589074671;[171, 0, 17, 255, 161, 72, 70, 208, 79, 0, 0, 43, 0, 1, 4, 1, 0, 67, 8, 142]
1546589074675;[171, 0, 17, 255, 161, 72, 70, 208, 79, 0, 0, 66, 0, 1, 13, 1, 0, 37, 8, 135]
1546589074844;[171, 0, 17, 255, 161, 72, 70, 208, 79, 0, 0, 66, 0, 0, 248, 1, 0, 5, 8, 171]
1546589074848;[171, 0, 17, 255, 161, 72, 70, 208, 79, 0, 0, 77, 0, 0, 239, 1, 0, 8, 8, 182]
1546589075014;[171, 0, 4, 255, 132, 128, 92]
1546589075536;[171, 0, 17, 255, 161, 72, 70, 208, 79, 0, 0, 219, 0, 1, 39, 1, 0, 7, 8, 170]
1546589075540;[171, 0, 17, 255, 161, 72, 70, 208, 79, 0, 1, 0, 0, 1, 7, 1, 0, 30, 8, 112]
1546589075544;[171, 0, 17, 255, 161, 72, 70, 208, 79, 0, 0, 228, 0, 0, 216, 1, 0, 8, 7, 175]
1546589075548;[171, 0, 17, 255, 161, 72, 70, 208, 79, 0, 1, 22, 0, 0, 97, 0, 0, 12, 7, 56]
1546589075707;[171, 0, 17, 255, 161, 72, 70, 208, 79, 0, 0, 216, 0, 0, 7, 0, 0, 29, 7, 80]
1546589075711;[171, 0, 17, 255, 161, 72, 70, 208, 80, 0, 0, 161, 1, 0, 67, 0, 0, 7, 7, 55]
1546589075718;[171, 0, 17, 255, 161, 72, 70, 208, 80, 0, 0, 95, 1, 0, 92, 0, 0, 11, 7, 43]
1546589075878;[171, 0, 17, 255, 161, 72, 70, 208, 80, 0, 0, 151, 1, 0, 151, 1, 0, 8, 6, 239]
1546589075882;[171, 0, 17, 255, 161, 72, 70, 208, 80, 0, 0, 184, 1, 0, 175, 1, 0, 26, 6, 100]
1546589076051;[171, 0, 17, 255, 161, 72, 70, 208, 80, 0, 0, 201, 1, 0, 167, 1, 0, 24, 5, 149]
1546589076055;[171, 0, 4, 255, 132, 128, 93]
1546589076223;[171, 0, 17, 255, 161, 72, 70, 208, 80, 0, 0, 152, 1, 0, 140, 1, 0, 19, 4, 225]
1546589076742;[171, 0, 17, 255, 161, 72, 70, 208, 80, 0, 0, 134, 1, 0, 88, 0, 0, 4, 4, 38]
1546589076746;[171, 0, 17, 255, 161, 72, 70, 208, 80, 0, 0, 248, 1, 0, 49, 1, 0, 9, 3, 205]
1546589076750;[171, 0, 17, 255, 161, 72, 70, 208, 80, 0, 1, 52, 0, 0, 8, 1, 0, 29, 3, 166]
1546589076754;[171, 0, 17, 255, 161, 72, 70, 208, 80, 0, 0, 251, 0, 0, 49, 1, 0, 57, 3, 221]
1546589076913;[171, 0, 17, 255, 161, 72, 70, 208, 81, 0, 0, 193, 0, 0, 152, 1, 0, 145, 6, 111]
1546589076917;[171, 0, 17, 255, 161, 72, 70, 208, 81, 0, 0, 96, 0, 0, 254, 1, 0, 82, 7, 143]
1546589076921;[171, 0, 17, 255, 161, 72, 70, 208, 81, 0, 0, 114, 0, 1, 106, 1, 0, 102, 6, 181]
1546589077087;[171, 0, 17, 255, 161, 72, 70, 208, 81, 0, 1, 30, 0, 0, 249, 1, 0, 21, 4, 47]
1546589077091;[171, 0, 17, 255, 161, 72, 70, 208, 81, 0, 0, 81, 0, 0, 232, 1, 0, 8, 3, 101]
1546589077258;[171, 0, 4, 255, 132, 128, 93]
1546589077262;[171, 0, 17, 255, 161, 72, 70, 208, 81, 0, 0, 91, 0, 0, 244, 0, 0, 15, 3, 42]
1546589077431;[171, 0, 17, 255, 161, 72, 70, 208, 81, 0, 0, 86, 0, 0, 249, 1, 0, 8, 2, 180]
1546589077435;[171, 0, 17, 255, 161, 72, 70, 208, 81, 0, 0, 84, 0, 0, 250, 1, 0, 13, 2, 112]
1546589077950;[171, 0, 17, 255, 161, 72, 70, 208, 81, 0, 0, 71, 0, 1, 12, 1, 0, 22, 2, 65]
1546589077954;[171, 0, 17, 255, 161, 72, 70, 208, 81, 0, 0, 42, 0, 0, 255, 1, 0, 27, 2, 13]
1546589077958;[171, 0, 17, 255, 161, 72, 70, 208, 82, 0, 0, 63, 0, 0, 242, 1, 0, 2, 1, 254]
1546589077962;[171, 0, 17, 255, 161, 72, 70, 208, 82, 0, 0, 86, 0, 0, 249, 1, 0, 13, 1, 174]
1546589078121;[171, 0, 17, 255, 161, 72, 70, 208, 82, 0, 0, 83, 0, 1, 12, 1, 0, 21, 1, 142]
1546589078125;[171, 0, 17, 255, 161, 72, 70, 208, 82, 0, 0, 72, 0, 0, 250, 1, 0, 28, 1, 100]
1546589078470;[171, 0, 17, 255, 161, 72, 70, 208, 84, 0, 0, 72, 0, 0, 251, 1, 0, 1, 8, 17]
1546589078472;[171, 0, 17, 255, 161, 72, 70, 208, 84, 0, 0, 66, 0, 0, 253, 1, 0, 4, 8, 36]
1546589079329;[171, 0, 17, 255, 161, 72, 70, 208, 84, 0, 0, 62, 0, 0, 249, 1, 0, 32, 8, 36]
1546589079334;[171, 0, 17, 255, 161, 72, 70, 208, 84, 0, 0, 85, 0, 0, 254, 1, 0, 4, 8, 62]
1546589079338;[171, 0, 17, 255, 161, 72, 70, 208, 84, 0, 0, 78, 0, 0, 254, 1, 0, 1, 8, 93]
1546589079342;[171, 0, 17, 255, 161, 72, 70, 208, 85, 0, 0, 65, 0, 0, 255, 1, 0, 3, 8, 120]
1546589079500;[171, 0, 17, 255, 161, 72, 70, 208, 85, 0, 0, 61, 0, 0, 245, 1, 0, 27, 8, 135]
1546589079503;[171, 0, 17, 255, 161, 72, 70, 208, 85, 0, 0, 80, 0, 0, 254, 0, 0, 1, 8, 168]
1546589079508;[171, 0, 17, 255, 161, 72, 70, 208, 85, 0, 0, 80, 0, 0, 254, 1, 0, 5, 8, 192]
1546589079676;[171, 0, 17, 255, 161, 72, 70, 208, 85, 0, 0, 63, 0, 0, 254, 1, 0, 2, 8, 208]
1546589079677;[171, 0, 4, 255, 132, 128, 85]
1546589079844;[171, 0, 17, 255, 161, 72, 70, 208, 85, 0, 0, 67, 0, 0, 249, 1, 0, 23, 8, 244]
1546589079848;[171, 0, 17, 255, 161, 72, 70, 208, 85, 0, 0, 77, 0, 0, 254, 1, 0, 13, 9, 19]
1546589080018;[171, 0, 17, 255, 161, 72, 70, 208, 85, 0, 0, 66, 0, 1, 4, 1, 0, 5, 9, 40]
1546589080537;[171, 0, 17, 255, 161, 72, 70, 208, 85, 0, 0, 61, 0, 0, 248, 1, 0, 13, 9, 63]
1546589080541;[171, 0, 17, 255, 161, 72, 70, 208, 85, 0, 0, 78, 0, 0, 249, 1, 0, 16, 9, 79]
1546589080545;[171, 0, 17, 255, 161, 72, 70, 208, 86, 0, 0, 83, 0, 1, 3, 1, 0, 20, 9, 111]
1546589080549;[171, 0, 17, 255, 161, 72, 70, 208, 86, 0, 0, 65, 0, 0, 249, 1, 0, 9, 9, 134]
1546589080710;[171, 0, 17, 255, 161, 72, 70, 208, 86, 0, 0, 64, 0, 0, 249, 1, 0, 5, 9, 152]
1546589080714;[171, 0, 17, 255, 161, 72, 70, 208, 86, 0, 0, 72, 0, 0, 242, 1, 0, 14, 9, 175]
1546589080719;[171, 0, 17, 255, 161, 72, 70, 208, 86, 0, 0, 77, 0, 1, 12, 1, 0, 20, 9, 212]
1546589080881;[171, 0, 4, 255, 132, 128, 85]
1546589080885;[171, 0, 17, 255, 161, 72, 70, 208, 86, 0, 0, 59, 0, 0, 253, 1, 0, 15, 9, 231]
1546589081054;[171, 0, 17, 255, 161, 72, 70, 208, 86, 0, 0, 81, 0, 0, 245, 1, 0, 8, 9, 231]
1546589081057;[171, 0, 17, 255, 161, 72, 70, 208, 86, 0, 0, 85, 0, 0, 251, 1, 0, 21, 9, 253]
1546589081225;[171, 0, 17, 255, 161, 72, 70, 208, 86, 0, 0, 62, 0, 1, 12, 1, 0, 19, 10, 31]
1546589081229;[171, 0, 17, 255, 161, 72, 70, 208, 86, 0, 0, 58, 0, 0, 252, 1, 0, 3, 10, 41]
1546589081398;[171, 0, 17, 255, 161, 72, 70, 208, 87, 0, 0, 86, 0, 0, 235, 1, 0, 15, 10, 54]
1546589081746;[171, 0, 17, 255, 161, 72, 70, 208, 87, 0, 0, 71, 0, 1, 4, 1, 0, 22, 10, 85]
1546589081750;[171, 0, 17, 255, 161, 72, 70, 208, 87, 0, 0, 61, 0, 0, 254, 1, 0, 8, 10, 108]
1546589081754;[171, 0, 17, 255, 161, 72, 70, 208, 87, 0, 0, 65, 0, 0, 244, 1, 0, 2, 10, 116]
1546589081758;[171, 0, 17, 255, 161, 72, 70, 208, 87, 0, 0, 76, 0, 0, 248, 1, 0, 20, 10, 154]
1546589082262;[171, 0, 4, 255, 132, 128, 85]
1546589082266;[171, 0, 17, 255, 161, 72, 70, 208, 87, 0, 0, 72, 0, 1, 13, 1, 0, 19, 10, 187]
1546589082270;[171, 0, 17, 255, 161, 72, 70, 208, 87, 0, 0, 58, 0, 0, 253, 1, 0, 4, 10, 208]
1546589082275;[171, 0, 17, 255, 161, 72, 70, 208, 87, 0, 0, 76, 0, 0, 249, 1, 0, 14, 10, 223]
1546589082434;[171, 0, 17, 255, 161, 72, 70, 208, 87, 0, 0, 66, 0, 0, 254, 1, 0, 15, 11, 5]
1546589082438;[171, 0, 17, 255, 161, 72, 70, 208, 87, 0, 0, 76, 0, 1, 4, 1, 0, 14, 11, 38]
1546589082443;[171, 0, 17, 255, 161, 72, 70, 208, 88, 0, 0, 61, 0, 0, 249, 1, 0, 13, 11, 53]
1546589082605;[171, 0, 17, 255, 161, 72, 70, 208, 88, 0, 0, 80, 0, 0, 251, 1, 0, 9, 11, 84]
1546589082778;[171, 0, 17, 255, 161, 72, 70, 208, 88, 0, 0, 72, 0, 0, 254, 1, 0, 15, 11, 117]
1546589082782;[171, 0, 17, 255, 161, 72, 70, 208, 88, 0, 0, 76, 0, 1, 4, 1, 0, 19, 11, 138]
1546589083126;[171, 0, 17, 255, 161, 72, 70, 208, 88, 0, 0, 50, 0, 0, 254, 1, 0, 14, 11, 142]
1546589083129;[171, 0, 4, 255, 132, 128, 86]
1546589083134;[171, 0, 17, 255, 161, 72, 70, 208, 88, 0, 0, 86, 0, 0, 242, 1, 0, 15, 11, 180]
1546589083138;[171, 0, 17, 255, 161, 72, 70, 208, 88, 0, 0, 76, 0, 0, 253, 1, 0, 13, 11, 218]
1546589083296;[171, 0, 17, 255, 161, 72, 70, 208, 88, 0, 0, 67, 0, 1, 4, 1, 0, 18, 11, 233]
1546589083641;[171, 0, 17, 255, 161, 72, 70, 208, 88, 0, 0, 63, 0, 0, 251, 1, 0, 13, 12, 2]
1546589083646;[171, 0, 17, 255, 161, 72, 70, 208, 88, 0, 0, 62, 0, 0, 249, 1, 0, 16, 12, 15]
1546589083650;[171, 0, 17, 255, 161, 72, 70, 208, 89, 0, 0, 76, 0, 0, 250, 1, 0, 21, 12, 34]
1546589083654;[171, 0, 17, 255, 161, 72, 70, 208, 89, 0, 0, 67, 0, 0, 248, 1, 0, 13, 12, 74]
1546589083814;[171, 0, 17, 255, 161, 72, 70, 208, 89, 0, 0, 65, 0, 0, 255, 1, 0, 13, 12, 94]
1546589083986;[171, 0, 17, 255, 161, 72, 70, 208, 89, 0, 0, 66, 0, 0, 252, 1, 0, 21, 12, 115]
1546589083990;[171, 0, 17, 255, 161, 72, 70, 208, 89, 0, 0, 80, 0, 0, 249, 1, 0, 15, 12, 145]
1546589084331;[171, 0, 4, 255, 132, 128, 84]
1546589084337;[171, 0, 17, 255, 161, 72, 70, 208, 89, 0, 0, 76, 0, 0, 251, 1, 0, 13, 12, 158]
1546589084339;[171, 0, 17, 255, 161, 72, 70, 208, 89, 0, 0, 77, 0, 1, 8, 1, 0, 9, 12, 171]
1546589084344;[171, 0, 17, 255, 161, 72, 70, 208, 89, 0, 0, 51, 0, 0, 254, 1, 0, 16, 12, 194]
1546589084500;[171, 0, 17, 255, 161, 72, 70, 208, 89, 0, 0, 101, 0, 0, 249, 1, 0, 24, 12, 214]
1546589084676;[171, 0, 17, 255, 161, 72, 70, 208, 89, 0, 0, 67, 0, 0, 248, 1, 0, 13, 12, 242]
1546589084680;[171, 0, 17, 255, 161, 72, 70, 208, 90, 0, 0, 66, 0, 1, 11, 1, 0, 3, 13, 2]
1546589084849;[171, 0, 17, 255, 161, 72, 70, 208, 90, 0, 0, 65, 0, 0, 242, 1, 0, 14, 13, 20]
1546589084853;[171, 0, 17, 255, 161, 72, 70, 208, 90, 0, 0, 62, 0, 0, 254, 1, 0, 25, 13, 39]
1546589085194;[171, 0, 17, 255, 161, 72, 70, 208, 90, 0, 0, 73, 0, 0, 247, 1, 0, 14, 13, 58]
1546589085199;[171, 0, 17, 255, 161, 72, 70, 208, 90, 0, 0, 76, 0, 0, 253, 1, 0, 4, 13, 72]
1546589085203;[171, 0, 4, 255, 132, 128, 84]
1546589085713;[171, 0, 17, 255, 161, 72, 70, 208, 90, 0, 0, 67, 0, 0, 255, 1, 0, 14, 13, 98]
1546589085717;[171, 0, 17, 255, 161, 72, 70, 208, 90, 0, 0, 61, 0, 0, 248, 1, 0, 39, 13, 114]
1546589085721;[171, 0, 17, 255, 161, 72, 70, 208, 90, 0, 0, 66, 0, 0, 249, 1, 0, 2, 13, 115]
1546589085725;[171, 0, 17, 255, 161, 72, 70, 208, 90, 0, 0, 76, 0, 1, 12, 1, 0, 9, 13, 141]
1546589085884;[171, 0, 17, 255, 161, 72, 70, 208, 90, 0, 0, 48, 0, 1, 4, 1, 0, 33, 13, 166]
1546589085888;[171, 0, 17, 255, 161, 72, 70, 208, 91, 0, 0, 81, 0, 0, 249, 1, 0, 22, 13, 172]
1546589085892;[171, 0, 17, 255, 161, 72, 70, 208, 91, 0, 0, 66, 0, 0, 248, 1, 0, 1, 13, 193]
1546589086056;[171, 0, 17, 255, 161, 72, 70, 208, 91, 0, 0, 80, 0, 1, 12, 1, 0, 13, 13, 218]
1546589086060;[171, 0, 17, 255, 161, 72, 70, 208, 91, 0, 0, 48, 0, 1, 4, 1, 0, 24, 13, 236]
1546589086228;[171, 0, 17, 255, 161, 72, 70, 208, 91, 0, 0, 59, 0, 0, 247, 1, 0, 14, 13, 243]
1546589086232;[171, 0, 4, 255, 132, 128, 85]
1546589086400;[171, 0, 17, 255, 161, 72, 70, 208, 91, 0, 0, 83, 0, 0, 246, 1, 0, 8, 14, 9]
1546589086573;[171, 0, 17, 255, 161, 72, 70, 208, 91, 0, 0, 77, 0, 0, 253, 1, 0, 23, 14, 30]
1546589086579;[171, 0, 17, 255, 161, 72, 70, 208, 91, 0, 0, 48, 0, 0, 250, 1, 0, 25, 14, 39]
1546589086919;[171, 0, 17, 255, 161, 72, 70, 208, 91, 0, 0, 64, 0, 0, 249, 1, 0, 3, 14, 35]
1546589086923;[171, 0, 17, 255, 161, 72, 70, 208, 91, 0, 0, 83, 0, 0, 254, 1, 0, 21, 14, 43]
1546589086927;[171, 0, 17, 255, 161, 72, 70, 208, 92, 0, 0, 62, 0, 0, 253, 1, 0, 23, 14, 67]
1546589087091;[171, 0, 17, 255, 161, 72, 70, 208, 92, 0, 0, 67, 0, 1, 0, 1, 0, 15, 14, 73]
1546589087095;[171, 0, 17, 255, 161, 72, 70, 208, 92, 0, 0, 56, 0, 0, 249, 1, 0, 8, 14, 76]
1546589087264;[171, 0, 17, 255, 161, 72, 70, 208, 92, 0, 0, 78, 0, 0, 250, 1, 0, 16, 14, 95]
1546589087268;[171, 0, 17, 255, 161, 72, 70, 208, 92, 0, 0, 76, 0, 0, 250, 1, 0, 20, 14, 113]
1546589087435;[171, 0, 4, 255, 132, 128, 84]
1546589087439;[171, 0, 17, 255, 161, 72, 70, 208, 92, 0, 0, 64, 0, 1, 13, 1, 0, 13, 14, 107]
1546589087609;[171, 0, 17, 255, 161, 72, 70, 208, 92, 0, 0, 64, 0, 0, 250, 1, 0, 13, 14, 121]
1546589087781;[171, 0, 17, 255, 161, 72, 70, 208, 92, 0, 0, 83, 0, 0, 253, 1, 0, 22, 14, 127]
1546589087785;[171, 0, 17, 255, 161, 72, 70, 208, 92, 0, 0, 71, 0, 0, 250, 1, 0, 16, 14, 139]
1546589088128;[171, 0, 17, 255, 161, 72, 70, 208, 92, 0, 0, 63, 0, 1, 4, 1, 0, 5, 14, 147]
1546589088132;[171, 0, 17, 255, 161, 72, 70, 208, 93, 0, 0, 58, 0, 0, 251, 1, 0, 9, 14, 142]
1546589088136;[171, 0, 17, 255, 161, 72, 70, 208, 93, 0, 0, 80, 0, 0, 253, 1, 0, 21, 14, 147]
1546589088140;[171, 0, 17, 255, 161, 72, 70, 208, 93, 0, 0, 64, 0, 1, 9, 1, 0, 13, 14, 165]
1546589088476;[171, 0, 17, 255, 161, 72, 70, 208, 93, 0, 0, 58, 0, 0, 254, 1, 0, 8, 14, 174]
1546589088480;[171, 0, 17, 255, 161, 72, 70, 208, 93, 0, 0, 71, 0, 0, 247, 1, 0, 8, 14, 190]
1546589088486;[171, 0, 4, 255, 132, 128, 84]
1546589088643;[171, 0, 17, 255, 161, 72, 70, 208, 93, 0, 0, 83, 0, 0, 254, 1, 0, 22, 14, 198]
1546589088647;[171, 0, 17, 255, 161, 72, 70, 208, 93, 0, 0, 61, 0, 0, 254, 1, 0, 13, 14, 193]
1546589088816;[171, 0, 17, 255, 161, 72, 70, 208, 93, 0, 0, 61, 0, 0, 254, 1, 0, 2, 14, 198]
1546589088988;[171, 0, 17, 255, 161, 72, 70, 208, 93, 0, 0, 63, 0, 0, 248, 1, 0, 13, 14, 211]
1546589088992;[171, 0, 17, 255, 161, 72, 70, 208, 93, 0, 0, 79, 0, 0, 254, 1, 0, 22, 14, 228]
1546589089160;[171, 0, 17, 255, 161, 72, 70, 208, 94, 0, 0, 66, 0, 0, 253, 1, 0, 13, 14, 241]
1546589089164;[171, 0, 17, 255, 161, 72, 70, 208, 94, 0, 0, 66, 0, 1, 4, 1, 0, 1, 14, 239]
1546589089505;[171, 0, 17, 255, 161, 72, 70, 208, 94, 0, 0, 64, 0, 0, 245, 1, 0, 5, 14, 241]
1546589089508;[171, 0, 17, 255, 161, 72, 70, 208, 94, 0, 0, 81, 0, 0, 254, 1, 0, 26, 14, 246]
1546589089678;[171, 0, 17, 255, 161, 72, 70, 208, 94, 0, 0, 65, 0, 0, 253, 1, 0, 8, 15, 7]
1546589089851;[171, 0, 4, 255, 132, 128, 83]
1546589089856;[171, 0, 17, 255, 161, 72, 70, 208, 94, 0, 0, 72, 0, 0, 255, 1, 0, 1, 15, 9]
1546589089860;[171, 0, 17, 255, 161, 72, 70, 208, 94, 0, 0, 63, 0, 0, 254, 1, 0, 13, 15, 9]
1546589089864;[171, 0, 17, 255, 161, 72, 70, 208, 94, 0, 0, 66, 0, 0, 254, 1, 0, 38, 15, 14]
1546589090024;[171, 0, 17, 255, 161, 72, 70, 208, 94, 0, 0, 67, 0, 0, 250, 1, 0, 3, 15, 27]
1546589090196;[171, 0, 17, 255, 161, 72, 70, 208, 94, 0, 0, 77, 0, 0, 249, 1, 0, 13, 15, 39]
1546589090200;[171, 0, 17, 255, 161, 72, 70, 208, 95, 0, 0, 65, 0, 1, 13, 1, 0, 19, 15, 55]
1546589090368;[171, 0, 17, 255, 161, 72, 70, 208, 95, 0, 0, 38, 0, 0, 253, 1, 0, 31, 15, 57]
1546589090372;[171, 0, 17, 255, 161, 72, 70, 208, 95, 0, 0, 78, 0, 0, 248, 1, 0, 8, 15, 50]
1546589090714;[171, 0, 17, 255, 161, 72, 70, 208, 95, 0, 0, 81, 0, 0, 252, 1, 0, 13, 15, 60]
1546589090718;[171, 0, 17, 255, 161, 72, 70, 208, 95, 0, 0, 58, 0, 1, 9, 1, 0, 18, 31, 69]
1546589090722;[171, 0, 4, 255, 132, 128, 83]
1546589090886;[171, 0, 17, 255, 161, 72, 70, 208, 95, 0, 0, 29, 0, 0, 253, 1, 0, 24, 7, 200]
1546589090890;[171, 0, 17, 255, 161, 72, 70, 208, 95, 0, 0, 87, 0, 0, 253, 1, 0, 8, 7, 199]
1546589091058;[171, 0, 17, 255, 161, 72, 70, 208, 95, 0, 0, 71, 0, 0, 249, 0, 0, 1, 7, 213]
1546589091062;[171, 0, 17, 255, 161, 72, 70, 208, 95, 0, 0, 67, 0, 0, 253, 1, 0, 19, 7, 220]
1546589091232;[171, 0, 17, 255, 161, 72, 70, 208, 95, 0, 0, 59, 0, 1, 12, 1, 0, 31, 7, 223]
1546589091235;[171, 0, 17, 255, 161, 72, 70, 208, 96, 0, 0, 63, 0, 0, 254, 1, 0, 1, 7, 227]
1546589091403;[171, 0, 17, 255, 161, 72, 70, 208, 96, 0, 0, 80, 0, 0, 249, 1, 0, 13, 7, 225]
1546589091576;[171, 0, 17, 255, 161, 72, 70, 208, 96, 0, 0, 91, 0, 0, 254, 1, 0, 26, 7, 221]
1546589091579;[171, 0, 17, 255, 161, 72, 70, 208, 96, 0, 0, 63, 0, 0, 245, 1, 0, 5, 7, 239]
1546589092096;[171, 0, 17, 255, 161, 72, 70, 208, 96, 0, 0, 66, 0, 1, 21, 1, 0, 4, 7, 242]
1546589092100;[171, 0, 4, 255, 132, 128, 83]
1546589092104;[171, 0, 17, 255, 161, 72, 70, 208, 96, 0, 0, 59, 0, 0, 248, 1, 0, 16, 7, 252]
1546589092108;[171, 0, 17, 255, 161, 72, 70, 208, 96, 0, 0, 66, 0, 0, 253, 1, 0, 24, 8, 11]
1546589092267;[171, 0, 17, 255, 161, 72, 70, 208, 96, 0, 0, 71, 0, 0, 245, 1, 0, 19, 8, 16]
1546589092271;[171, 0, 17, 255, 161, 72, 70, 208, 96, 0, 0, 72, 0, 0, 255, 1, 0, 13, 8, 22]
1546589092275;[171, 0, 17, 255, 161, 72, 70, 208, 96, 0, 0, 63, 0, 0, 248, 1, 0, 9, 8, 28]
1546589092438;[171, 0, 17, 255, 161, 72, 70, 208, 97, 0, 0, 67, 0, 0, 253, 1, 0, 24, 8, 45]
1546589092442;[171, 0, 17, 255, 161, 72, 70, 208, 97, 0, 0, 66, 0, 0, 250, 1, 0, 20, 8, 52]
1546589092610;[171, 0, 17, 255, 161, 72, 70, 208, 97, 0, 0, 72, 0, 1, 21, 1, 0, 13, 8, 50]
1546589092783;[171, 0, 17, 255, 161, 72, 70, 208, 97, 0, 0, 57, 0, 0, 249, 1, 0, 8, 8, 45]
1546589092787;[171, 0, 17, 255, 161, 72, 70, 208, 97, 0, 0, 89, 0, 0, 250, 1, 0, 34, 8, 53]
1546589092955;[171, 0, 4, 255, 132, 128, 82]
1546589092960;[171, 0, 17, 255, 161, 72, 70, 208, 97, 0, 0, 71, 0, 0, 246, 1, 0, 13, 8, 84]
1546589093301;[171, 0, 17, 255, 161, 72, 70, 208, 97, 0, 0, 77, 0, 0, 255, 1, 0, 8, 8, 88]
1546589093306;[171, 0, 17, 255, 161, 72, 70, 208, 97, 0, 0, 78, 0, 0, 253, 1, 0, 43, 8, 99]
1546589093310;[171, 0, 17, 255, 161, 72, 70, 208, 97, 0, 0, 66, 0, 0, 248, 1, 0, 14, 8, 82]
1546589093488;[171, 0, 17, 255, 161, 72, 70, 208, 97, 0, 0, 73, 0, 1, 1, 1, 0, 21, 8, 96]
1546589093492;[171, 0, 17, 255, 161, 72, 70, 208, 98, 0, 0, 61, 0, 0, 253, 1, 0, 21, 8, 106]
1546589093646;[171, 0, 17, 255, 161, 72, 70, 208, 98, 0, 0, 63, 0, 0, 251, 1, 0, 16, 8, 97]
1546589093650;[171, 0, 17, 255, 161, 72, 70, 208, 98, 0, 0, 81, 0, 0, 248, 1, 0, 14, 8, 100]
1546589093818;[171, 0, 17, 255, 161, 72, 70, 208, 98, 0, 0, 77, 0, 0, 248, 1, 0, 20, 8, 113]
1546589093991;[171, 0, 17, 255, 161, 72, 70, 208, 98, 0, 0, 65, 0, 1, 16, 1, 0, 13, 8, 114]
1546589093994;[171, 0, 4, 255, 132, 128, 81]
1546589094682;[171, 0, 17, 255, 161, 72, 70, 208, 98, 0, 0, 56, 0, 0, 245, 1, 0, 19, 8, 111]
1546589094686;[171, 0, 17, 255, 161, 72, 70, 208, 98, 0, 0, 80, 0, 0, 250, 1, 0, 19, 8, 124]
1546589094690;[171, 0, 17, 255, 161, 72, 70, 208, 98, 0, 0, 77, 0, 1, 4, 1, 0, 13, 8, 134]
1546589094694;[171, 0, 17, 255, 161, 72, 70, 208, 98, 0, 0, 61, 0, 0, 254, 1, 0, 18, 8, 135]
1546589094855;[171, 0, 17, 255, 161, 72, 70, 208, 98, 0, 0, 72, 0, 0, 254, 1, 0, 21, 8, 137]
1546589094859;[171, 0, 17, 255, 161, 72, 70, 208, 99, 0, 0, 66, 0, 0, 254, 1, 0, 13, 8, 143]
1546589094863;[171, 0, 17, 255, 161, 72, 70, 208, 99, 0, 0, 59, 0, 0, 251, 1, 0, 5, 8, 146]
1546589094867;[171, 0, 17, 255, 161, 72, 70, 208, 99, 0, 0, 64, 0, 0, 249, 1, 0, 16, 8, 160]
1546589095026;[171, 0, 17, 255, 161, 72, 70, 208, 99, 0, 0, 65, 0, 1, 27, 1, 0, 14, 8, 181]
1546589095030;[171, 0, 17, 255, 161, 72, 70, 208, 99, 0, 0, 66, 0, 0, 229, 1, 0, 13, 8, 195]
1546589095038;[171, 0, 4, 255, 132, 128, 81]
1546589095199;[171, 0, 17, 255, 161, 72, 70, 208, 99, 0, 0, 63, 0, 0, 251, 1, 0, 14, 8, 194]
1546589095372;[171, 0, 17, 255, 161, 72, 70, 208, 99, 0, 0, 98, 0, 0, 254, 1, 0, 32, 8, 217]
1546589095376;[171, 0, 17, 255, 161, 72, 70, 208, 99, 0, 0, 67, 0, 0, 249, 1, 0, 13, 8, 216]
1546589095545;[171, 0, 17, 255, 161, 72, 70, 208, 99, 0, 0, 77, 0, 0, 254, 1, 0, 29, 8, 219]
1546589095890;[171, 0, 17, 255, 161, 72, 70, 208, 99, 0, 0, 66, 0, 0, 253, 1, 0, 17, 8, 222]
1546589095893;[171, 0, 17, 255, 161, 72, 70, 208, 100, 0, 0, 67, 0, 0, 244, 1, 0, 8, 8, 228]
1546589095897;[171, 0, 17, 255, 161, 72, 70, 208, 100, 0, 0, 72, 0, 1, 8, 1, 0, 19, 8, 248]
1546589095901;[171, 0, 17, 255, 161, 72, 70, 208, 100, 0, 0, 54, 0, 0, 248, 1, 0, 18, 8, 239]
1546589096062;[171, 0, 17, 255, 161, 72, 70, 208, 100, 0, 0, 71, 0, 0, 249, 1, 0, 3, 8, 253]
1546589096066;[171, 0, 17, 255, 161, 72, 70, 208, 100, 0, 0, 80, 0, 0, 243, 1, 0, 13, 9, 10]
1546589096234;[171, 0, 4, 255, 132, 128, 86]
1546589096238;[171, 0, 17, 255, 161, 72, 70, 208, 100, 0, 0, 65, 0, 1, 12, 1, 0, 18, 9, 39]
1546589096405;[171, 0, 17, 255, 161, 72, 70, 208, 100, 0, 0, 55, 0, 0, 255, 1, 0, 17, 9, 32]
1546589096579;[171, 0, 17, 255, 161, 72, 70, 208, 100, 0, 0, 82, 0, 0, 245, 1, 0, 13, 9, 25]
1546589096582;[171, 0, 17, 255, 161, 72, 70, 208, 100, 0, 0, 80, 0, 0, 250, 1, 0, 19, 9, 31]
1546589096752;[171, 0, 17, 255, 161, 72, 70, 208, 100, 0, 0, 66, 0, 0, 249, 1, 0, 9, 9, 33]
1546589096755;[171, 0, 17, 255, 161, 72, 70, 208, 101, 0, 0, 59, 0, 1, 11, 1, 0, 9, 9, 47]
1546589097096;[171, 0, 17, 255, 161, 72, 70, 208, 101, 0, 0, 62, 0, 0, 245, 1, 0, 13, 9, 43]
1546589097100;[171, 0, 17, 255, 161, 72, 70, 208, 101, 0, 0, 84, 0, 0, 250, 1, 0, 14, 9, 46]
1546589097104;[171, 0, 17, 255, 161, 72, 70, 208, 101, 0, 0, 66, 0, 0, 249, 1, 0, 14, 9, 52]
1546589097440;[171, 0, 17, 255, 161, 72, 70, 208, 103, 0, 0, 72, 0, 1, 18, 1, 0, 3, 9, 220]
1546589097446;[171, 0, 17, 255, 161, 72, 70, 208, 103, 0, 0, 64, 0, 0, 244, 0, 0, 1, 9, 211]
1546589097613;[171, 0, 17, 255, 161, 72, 70, 208, 103, 0, 0, 63, 0, 0, 253, 1, 0, 2, 9, 215]
1546589097959;[171, 0, 17, 255, 161, 72, 70, 208, 103, 0, 0, 80, 0, 0, 247, 1, 0, 46, 9, 238]
1546589097963;[171, 0, 17, 255, 161, 72, 70, 208, 103, 0, 0, 72, 0, 1, 9, 1, 0, 8, 10, 4]
1546589097967;[171, 0, 17, 255, 161, 72, 70, 208, 104, 0, 0, 66, 0, 0, 239, 0, 0, 3, 9, 254]
1546589098304;[171, 0, 17, 255, 161, 72, 70, 208, 104, 0, 0, 71, 0, 0, 255, 1, 0, 16, 9, 253]
1546589098308;[171, 0, 17, 255, 161, 72, 70, 208, 104, 0, 0, 99, 0, 0, 254, 1, 0, 40, 10, 7]
1546589098312;[171, 0, 17, 255, 161, 72, 70, 208, 104, 0, 0, 63, 0, 0, 249, 1, 0, 3, 10, 11]
1546589098483;[171, 0, 17, 255, 161, 72, 70, 208, 104, 0, 0, 77, 0, 0, 254, 1, 0, 2, 10, 4]
1546589098650;[171, 0, 4, 255, 132, 128, 86]
1546589098655;[171, 0, 17, 255, 161, 72, 70, 208, 104, 0, 0, 51, 0, 1, 4, 1, 0, 16, 10, 5]
1546589098659;[171, 0, 17, 255, 161, 72, 70, 208, 104, 0, 0, 81, 0, 0, 250, 1, 0, 28, 9, 244]
1546589098663;[171, 0, 17, 255, 161, 72, 70, 208, 104, 0, 0, 70, 0, 0, 249, 0, 0, 3, 10, 8]
1546589098821;[171, 0, 17, 255, 161, 72, 70, 208, 104, 0, 0, 84, 0, 1, 4, 1, 0, 3, 10, 21]
1546589098994;[171, 0, 17, 255, 161, 72, 70, 208, 104, 0, 0, 54, 0, 1, 12, 0, 0, 12, 10, 20]
1546589098998;[171, 0, 17, 255, 161, 72, 70, 208, 105, 0, 0, 71, 0, 0, 248, 1, 0, 22, 10, 5]
1546589099166;[171, 0, 17, 255, 161, 72, 70, 208, 105, 0, 0, 52, 0, 1, 16, 1, 0, 14, 10, 51]
1546589099170;[171, 0, 17, 255, 161, 72, 70, 208, 105, 0, 0, 67, 0, 0, 255, 1, 0, 13, 10, 47]
1546589099338;[171, 0, 17, 255, 161, 72, 70, 208, 105, 0, 0, 66, 0, 0, 253, 1, 0, 3, 10, 43]
1546589099342;[171, 0, 17, 255, 161, 72, 70, 208, 105, 0, 0, 72, 0, 0, 254, 1, 0, 2, 10, 41]
1546589099683;[171, 0, 4, 255, 132, 128, 86]
1546589099687;[171, 0, 17, 255, 161, 72, 70, 208, 105, 0, 0, 67, 0, 0, 249, 0, 0, 1, 10, 42]
1546589099691;[171, 0, 17, 255, 161, 72, 70, 208, 105, 0, 0, 66, 0, 0, 250, 1, 0, 8, 10, 40]
1546589099855;[171, 0, 17, 255, 161, 72, 70, 208, 105, 0, 0, 65, 0, 1, 8, 1, 0, 14, 10, 41]
1546589099859;[171, 0, 17, 255, 161, 72, 70, 208, 105, 0, 0, 55, 0, 0, 255, 1, 0, 3, 10, 36]
1546589100029;[171, 0, 17, 255, 161, 72, 70, 208, 105, 0, 0, 59, 0, 0, 250, 1, 0, 13, 10, 34]
1546589100033;[171, 0, 17, 255, 161, 72, 70, 208, 106, 0, 0, 65, 0, 1, 0, 1, 0, 1, 10, 43]
1546589100201;[171, 0, 17, 255, 161, 72, 70, 208, 106, 0, 0, 66, 0, 0, 249, 1, 0, 1, 10, 40]
1546589100374;[171, 0, 17, 255, 161, 72, 70, 208, 106, 0, 0, 65, 0, 1, 10, 1, 0, 21, 10, 42]
1546589100378;[171, 0, 17, 255, 161, 72, 70, 208, 106, 0, 0, 64, 0, 0, 254, 1, 0, 13, 10, 59]
1546589100546;[171, 0, 17, 255, 161, 72, 70, 208, 106, 0, 0, 67, 0, 0, 255, 0, 0, 1, 10, 60]
1546589101064;[171, 0, 4, 255, 132, 128, 85]
1546589101069;[171, 0, 17, 255, 161, 72, 70, 208, 106, 0, 0, 72, 0, 0, 254, 1, 0, 14, 10, 59]
1546589101074;[171, 0, 17, 255, 161, 72, 70, 208, 106, 0, 0, 76, 0, 0, 250, 1, 0, 9, 10, 79]
1546589101078;[171, 0, 17, 255, 161, 72, 70, 208, 106, 0, 0, 76, 0, 0, 251, 1, 0, 2, 10, 74]
1546589101238;[171, 0, 17, 255, 161, 72, 70, 208, 106, 0, 0, 81, 0, 0, 254, 1, 0, 13, 10, 77]
1546589101241;[171, 0, 17, 255, 161, 72, 70, 208, 106, 0, 0, 76, 0, 0, 248, 1, 0, 14, 10, 80]
1546589101246;[171, 0, 17, 255, 161, 72, 70, 208, 107, 0, 0, 76, 0, 0, 245, 1, 0, 5, 10, 83]
1546589101250;[171, 0, 17, 255, 161, 72, 70, 208, 107, 0, 0, 77, 0, 0, 246, 1, 0, 10, 10, 69]
1546589101408;[171, 0, 17, 255, 161, 72, 70, 208, 107, 0, 0, 98, 0, 1, 10, 1, 0, 9, 10, 79]
1546589101581;[171, 0, 17, 255, 161, 72, 70, 208, 107, 0, 0, 86, 0, 0, 251, 0, 0, 6, 10, 67]
1546589101585;[171, 0, 17, 255, 161, 72, 70, 208, 107, 0, 0, 51, 0, 0, 252, 0, 0, 3, 10, 49]
1546589101753;[171, 0, 4, 255, 132, 128, 80]
1546589101757;[171, 0, 17, 255, 161, 72, 70, 208, 107, 0, 0, 72, 0, 0, 249, 1, 0, 2, 10, 81]
1546589101925;[171, 0, 17, 255, 161, 72, 70, 208, 107, 0, 0, 61, 0, 0, 254, 0, 0, 23, 10, 71]
1546589101929;[171, 0, 17, 255, 161, 72, 70, 208, 107, 0, 0, 72, 0, 0, 244, 0, 0, 11, 10, 58]
1546589102273;[171, 0, 17, 255, 161, 72, 70, 208, 107, 0, 0, 59, 0, 0, 252, 0, 0, 11, 10, 77]
1546589102277;[171, 0, 17, 255, 161, 72, 70, 208, 107, 0, 0, 65, 0, 0, 255, 0, 0, 11, 10, 82]
1546589102281;[171, 0, 17, 255, 161, 72, 70, 208, 108, 0, 0, 61, 0, 1, 37, 0, 0, 11, 10, 87]
1546589102444;[171, 0, 17, 255, 161, 72, 70, 208, 108, 0, 0, 52, 0, 1, 36, 0, 0, 20, 10, 93]
1546589102449;[171, 0, 17, 255, 161, 72, 70, 208, 108, 0, 0, 59, 0, 0, 231, 0, 0, 3, 10, 92]
1546589102615;[171, 0, 17, 255, 161, 72, 70, 208, 108, 0, 0, 55, 0, 0, 232, 0, 0, 8, 10, 98]
1546589102788;[171, 0, 17, 255, 161, 72, 70, 208, 108, 0, 0, 65, 0, 0, 226, 0, 0, 15, 10, 95]
1546589102792;[171, 0, 4, 255, 132, 128, 75]
1546589102961;[171, 0, 17, 255, 161, 72, 70, 208, 108, 0, 0, 91, 0, 0, 253, 0, 0, 22, 10, 108]
1546589102966;[171, 0, 17, 255, 161, 72, 70, 208, 108, 0, 0, 85, 0, 0, 254, 0, 0, 14, 10, 110]
1546589103134;[171, 0, 17, 255, 161, 72, 70, 208, 108, 0, 0, 81, 0, 0, 251, 1, 0, 4, 10, 117]
1546589103138;[171, 0, 17, 255, 161, 72, 70, 208, 108, 0, 0, 55, 0, 1, 12, 1, 0, 58, 10, 115]
1546589103490;[171, 0, 17, 255, 161, 72, 70, 208, 108, 0, 0, 61, 0, 1, 4, 1, 0, 21, 10, 127]
1546589103494;[171, 0, 17, 255, 161, 72, 70, 208, 109, 0, 0, 63, 0, 0, 254, 0, 0, 12, 10, 135]
1546589103499;[171, 0, 17, 255, 161, 72, 70, 208, 109, 0, 0, 63, 0, 0, 253, 0, 0, 11, 10, 123]
1546589103651;[171, 0, 17, 255, 161, 72, 70, 208, 109, 0, 0, 64, 0, 0, 247, 0, 0, 7, 10, 130]
1546589103655;[171, 0, 17, 255, 161, 72, 70, 208, 109, 0, 0, 62, 0, 0, 249, 0, 0, 6, 10, 135]
1546589103824;[171, 0, 17, 255, 161, 72, 70, 208, 109, 0, 0, 52, 0, 1, 13, 1, 0, 22, 10, 155]
1546589103827;[171, 0, 4, 255, 132, 128, 71]
1546589103995;[171, 0, 17, 255, 161, 72, 70, 208, 109, 0, 0, 78, 0, 0, 247, 1, 0, 9, 10, 165]
1546589104170;[171, 0, 17, 255, 161, 72, 70, 208, 109, 0, 0, 67, 0, 0, 249, 0, 0, 10, 10, 164]
1546589104174;[171, 0, 17, 255, 161, 72, 70, 208, 109, 0, 0, 72, 0, 1, 4, 0, 0, 8, 10, 177]
1546589104340;[171, 0, 17, 255, 161, 72, 70, 208, 109, 0, 0, 80, 0, 0, 255, 0, 0, 3, 10, 186]
1546589104344;[171, 0, 17, 255, 161, 72, 70, 208, 109, 0, 0, 63, 0, 0, 255, 1, 0, 4, 10, 191]
1546589104513;[171, 0, 17, 255, 161, 72, 70, 208, 110, 0, 0, 59, 0, 0, 251, 1, 0, 3, 10, 190]
1546589104860;[171, 0, 17, 255, 161, 72, 70, 208, 110, 0, 0, 59, 0, 0, 251, 1, 0, 2, 10, 186]
1546589104864;[171, 0, 17, 255, 161, 72, 70, 208, 110, 0, 0, 67, 0, 1, 9, 1, 0, 4, 10, 204]
1546589104868;[171, 0, 17, 255, 161, 72, 70, 208, 110, 0, 0, 67, 0, 0, 251, 1, 0, 4, 10, 213]
1546589104872;[171, 0, 17, 255, 161, 72, 70, 208, 110, 0, 0, 80, 0, 0, 253, 1, 0, 8, 10, 211]
1546589105203;[171, 0, 4, 255, 132, 128, 71]
1546589105208;[171, 0, 17, 255, 161, 72, 70, 208, 110, 0, 0, 71, 0, 0, 250, 0, 0, 0, 10, 222]
1546589105212;[171, 0, 17, 255, 161, 72, 70, 208, 110, 0, 0, 64, 0, 1, 12, 1, 0, 5, 10, 226]
1546589105549;[171, 0, 17, 255, 161, 72, 70, 208, 110, 0, 0, 55, 0, 0, 254, 1, 0, 19, 10, 243]
1546589105553;[171, 0, 17, 255, 161, 72, 70, 208, 110, 0, 0, 80, 0, 0, 248, 1, 0, 5, 11, 3]
1546589105557;[171, 0, 17, 255, 161, 72, 70, 208, 110, 0, 0, 78, 0, 0, 247, 0, 0, 1, 11, 18]
1546589105561;[171, 0, 17, 255, 161, 72, 70, 208, 111, 0, 0, 84, 0, 0, 255, 0, 0, 7, 11, 29]
1546589105720;[171, 0, 17, 255, 161, 72, 70, 208, 111, 0, 0, 86, 0, 0, 245, 0, 0, 7, 11, 38]
1546589106069;[171, 0, 17, 255, 161, 72, 70, 208, 111, 0, 0, 91, 0, 0, 239, 1, 0, 1, 11, 33]
1546589106073;[171, 0, 17, 255, 161, 72, 70, 208, 111, 0, 0, 100, 0, 0, 248, 1, 0, 14, 11, 48]
1546589106077;[171, 0, 17, 255, 161, 72, 70, 208, 111, 0, 0, 181, 0, 0, 245, 0, 0, 32, 11, 224]
1546589106081;[171, 0, 4, 255, 132, 128, 71]
1546589106238;[171, 0, 17, 255, 161, 72, 70, 208, 111, 0, 0, 181, 0, 0, 187, 0, 0, 28, 11, 216]
1546589106242;[171, 0, 17, 255, 161, 72, 70, 208, 111, 0, 0, 186, 0, 0, 175, 0, 0, 22, 11, 191]
1546589106410;[171, 0, 17, 255, 161, 72, 70, 208, 111, 0, 0, 173, 0, 0, 179, 0, 0, 9, 11, 155]
1546589106584;[171, 0, 17, 255, 161, 72, 70, 208, 111, 0, 0, 178, 0, 0, 194, 1, 0, 1, 11, 96]
1546589106588;[171, 0, 17, 255, 161, 72, 70, 208, 111, 0, 0, 145, 0, 0, 192, 1, 0, 26, 11, 42]
1546589106755;[171, 0, 17, 255, 161, 72, 70, 208, 112, 0, 0, 179, 0, 0, 193, 1, 0, 3, 11, 15]
1546589106759;[171, 0, 17, 255, 161, 72, 70, 208, 112, 0, 0, 225, 0, 0, 186, 0, 0, 6, 10, 248]
1546589106929;[171, 0, 17, 255, 161, 72, 70, 208, 112, 0, 0, 167, 0, 0, 200, 1, 0, 13, 10, 237]
1546589106933;[171, 0, 17, 255, 161, 72, 70, 208, 112, 0, 0, 173, 0, 0, 193, 1, 0, 4, 10, 224]
1546589107100;[171, 0, 17, 255, 161, 72, 70, 208, 112, 0, 0, 185, 0, 0, 201, 0, 0, 14, 10, 202]
1546589107447;[171, 0, 4, 255, 132, 128, 68]
1546589107453;[171, 0, 17, 255, 161, 72, 70, 208, 112, 0, 0, 188, 0, 0, 192, 0, 0, 17, 10, 197]
1546589107456;[171, 0, 17, 255, 161, 72, 70, 208, 112, 0, 0, 186, 0, 0, 175, 0, 0, 3, 10, 194]
1546589107461;[171, 0, 17, 255, 161, 72, 70, 208, 112, 0, 0, 182, 0, 0, 196, 0, 0, 8, 10, 184]
1546589107640;[171, 0, 17, 255, 161, 72, 70, 208, 112, 0, 0, 178, 0, 0, 193, 0, 0, 23, 10, 181]
1546589107790;[171, 0, 17, 255, 161, 72, 70, 208, 112, 0, 0, 173, 0, 0, 188, 0, 0, 29, 10, 186]
1546589107794;[171, 0, 17, 255, 161, 72, 70, 208, 113, 0, 0, 173, 0, 0, 200, 0, 0, 31, 10, 219]
1546589107963;[171, 0, 17, 255, 161, 72, 70, 208, 113, 0, 0, 166, 0, 0, 214, 0, 0, 11, 11, 3]
1546589107967;[171, 0, 17, 255, 161, 72, 70, 208, 113, 0, 0, 145, 0, 0, 222, 0, 0, 21, 11, 29]
1546589108136;[171, 0, 17, 255, 161, 72, 70, 208, 113, 0, 0, 112, 0, 0, 230, 0, 0, 21, 11, 44]
1546589108140;[171, 0, 17, 255, 161, 72, 70, 208, 113, 0, 0, 78, 0, 0, 226, 0, 0, 9, 11, 23]
1546589108309;[171, 0, 4, 255, 132, 128, 68]
1546589108654;[171, 0, 17, 255, 161, 72, 70, 208, 113, 0, 0, 165, 0, 0, 239, 0, 0, 20, 10, 221]
1546589108659;[171, 0, 17, 255, 161, 72, 70, 208, 113, 0, 0, 163, 0, 0, 187, 1, 0, 9, 10, 169]
1546589108663;[171, 0, 17, 255, 161, 72, 70, 208, 113, 0, 0, 175, 0, 0, 178, 1, 0, 4, 10, 180]
1546589108667;[171, 0, 17, 255, 161, 72, 70, 208, 113, 0, 0, 136, 0, 0, 233, 1, 0, 23, 10, 177]
1546589108827;[171, 0, 17, 255, 161, 72, 70, 208, 113, 0, 0, 103, 0, 1, 13, 1, 0, 3, 10, 231]
1546589108831;[171, 0, 17, 255, 161, 72, 70, 208, 114, 0, 0, 82, 0, 1, 22, 0, 0, 3, 10, 196]
1546589108998;[171, 0, 17, 255, 161, 72, 70, 208, 114, 0, 0, 80, 0, 1, 0, 1, 0, 16, 10, 189]
1546589109171;[171, 0, 17, 255, 161, 72, 70, 208, 114, 0, 0, 71, 0, 1, 4, 1, 0, 13, 10, 163]
1546589109175;[171, 0, 17, 255, 161, 72, 70, 208, 114, 0, 0, 55, 0, 1, 12, 1, 0, 9, 10, 148]
1546589109343;[171, 0, 17, 255, 161, 72, 70, 208, 114, 0, 0, 54, 0, 0, 255, 1, 0, 13, 10, 133]
1546589109347;[171, 0, 4, 255, 132, 128, 68]
1546589109514;[171, 0, 17, 255, 161, 72, 70, 208, 114, 0, 0, 52, 0, 0, 249, 1, 0, 13, 10, 116]
1546589110035;[171, 0, 17, 255, 161, 72, 70, 208, 114, 0, 0, 134, 0, 0, 255, 1, 0, 12, 10, 67]
1546589110040;[171, 0, 17, 255, 161, 72, 70, 208, 114, 0, 1, 10, 0, 0, 248, 1, 0, 55, 10, 5]
1546589110044;[171, 0, 17, 255, 161, 72, 70, 208, 114, 0, 1, 17, 0, 0, 254, 1, 0, 38, 9, 217]
1546589110048;[171, 0, 17, 255, 161, 72, 70, 208, 114, 0, 0, 216, 0, 0, 182, 1, 0, 28, 9, 193]
1546589110207;[171, 0, 17, 255, 161, 72, 70, 208, 115, 0, 0, 123, 0, 0, 109, 0, 0, 8, 9, 91]
1546589110380;[171, 0, 17, 255, 161, 72, 70, 208, 115, 0, 0, 111, 0, 0, 103, 0, 0, 9, 9, 7]
1546589110385;[171, 0, 17, 255, 161, 72, 70, 208, 115, 0, 0, 184, 0, 0, 88, 1, 0, 71, 8, 233]
1546589110390;[171, 0, 17, 255, 161, 72, 70, 208, 115, 0, 0, 247, 0, 0, 132, 1, 0, 64, 8, 237]
1546589110393;[171, 0, 17, 255, 161, 72, 70, 208, 115, 0, 0, 194, 0, 0, 173, 1, 0, 96, 8, 120]
1546589110550;[171, 0, 4, 255, 132, 128, 68]
1546589110554;[171, 0, 17, 255, 161, 72, 70, 208, 115, 0, 0, 165, 0, 0, 211, 1, 0, 91, 7, 235]
1546589110724;[171, 0, 17, 255, 161, 72, 70, 208, 115, 0, 0, 123, 0, 0, 222, 1, 0, 43, 7, 128]
1546589110728;[171, 0, 17, 255, 161, 72, 70, 208, 115, 0, 0, 111, 0, 1, 17, 1, 0, 46, 7, 43]
1546589110895;[171, 0, 17, 255, 161, 72, 70, 208, 115, 0, 0, 81, 0, 1, 16, 1, 0, 27, 7, 49]
1546589111243;[171, 0, 17, 255, 161, 72, 70, 208, 115, 0, 0, 88, 0, 1, 3, 1, 0, 39, 6, 203]
1546589111247;[171, 0, 17, 255, 161, 72, 70, 208, 116, 0, 0, 78, 0, 0, 247, 1, 0, 14, 6, 175]
1546589111251;[171, 0, 17, 255, 161, 72, 70, 208, 116, 0, 0, 77, 0, 0, 254, 1, 0, 13, 6, 162]
1546589111413;[171, 0, 17, 255, 161, 72, 70, 208, 116, 0, 0, 157, 0, 1, 31, 1, 0, 72, 6, 230]
1546589111416;[171, 0, 17, 255, 161, 72, 70, 208, 116, 0, 1, 81, 0, 1, 65, 1, 0, 134, 6, 138]
1546589111586;[171, 0, 17, 255, 161, 72, 70, 208, 116, 0, 1, 75, 0, 0, 233, 1, 0, 113, 6, 98]
1546589111589;[171, 0, 4, 255, 132, 128, 68]
1546589111758;[171, 0, 17, 255, 161, 72, 70, 208, 116, 0, 0, 239, 0, 0, 158, 1, 0, 39, 6, 150]
1546589111761;[171, 0, 17, 255, 161, 72, 70, 208, 116, 0, 0, 23, 1, 0, 13, 1, 0, 107, 6, 34]
1546589111928;[171, 0, 17, 255, 161, 72, 70, 208, 116, 1, 0, 212, 1, 0, 19, 1, 0, 106, 6, 41]
1546589111931;[171, 0, 17, 255, 161, 72, 70, 208, 116, 0, 0, 89, 1, 0, 53, 1, 0, 97, 5, 223]
1546589112103;[171, 0, 17, 255, 161, 72, 70, 208, 116, 0, 0, 181, 1, 0, 62, 1, 0, 40, 4, 206]
1546589112450;[171, 0, 17, 255, 161, 72, 70, 208, 117, 0, 0, 187, 1, 0, 20, 1, 0, 159, 4, 174]
1546589112461;[171, 0, 17, 255, 161, 72, 70, 208, 117, 0, 0, 154, 0, 0, 88, 1, 0, 230, 5, 238]
1546589112465;[171, 0, 17, 255, 161, 72, 70, 208, 117, 0, 0, 128, 0, 0, 150, 1, 0, 210, 6, 140]
1546589112475;[171, 0, 17, 255, 161, 72, 70, 208, 117, 0, 0, 63, 0, 1, 11, 1, 0, 83, 6, 134]
1546589112620;[171, 0, 17, 255, 161, 72, 70, 208, 117, 0, 0, 131, 0, 1, 76, 1, 0, 91, 4, 193]
1546589112968;[171, 0, 4, 255, 132, 128, 69]
1546589112973;[171, 0, 17, 255, 161, 72, 70, 208, 117, 1, 0, 9, 0, 1, 91, 1, 0, 68, 2, 165]
1546589112976;[171, 0, 17, 255, 161, 72, 70, 208, 117, 0, 0, 121, 0, 1, 1, 1, 0, 40, 1, 90]
1546589112981;[171, 0, 17, 255, 161, 72, 70, 208, 117, 0, 0, 49, 0, 1, 18, 0, 0, 9, 1, 102]
1546589113139;[171, 0, 17, 255, 161, 72, 70, 208, 117, 0, 0, 38, 0, 0, 253, 0, 0, 11, 0, 200]
1546589113143;[171, 0, 17, 255, 161, 72, 70, 208, 117, 0, 0, 93, 0, 0, 235, 1, 0, 8, 16, 0]
1546589113311;[171, 0, 17, 255, 161, 72, 70, 208, 118, 0, 0, 66, 0, 0, 254, 1, 0, 10, 7, 95]
1546589113483;[171, 0, 17, 255, 161, 72, 70, 208, 118, 0, 0, 46, 0, 0, 255, 1, 0, 15, 7, 156]
1546589113490;[171, 0, 17, 255, 161, 72, 70, 208, 118, 0, 0, 83, 0, 0, 249, 1, 0, 46, 7, 166]
1546589113830;[171, 0, 17, 255, 161, 72, 70, 208, 118, 0, 0, 91, 0, 1, 16, 1, 0, 15, 7, 101]
1546589113834;[171, 0, 17, 255, 161, 72, 70, 208, 118, 0, 0, 58, 0, 0, 249, 1, 0, 13, 7, 49]
1546589113838;[171, 0, 4, 255, 132, 128, 69]
1546589113842;[171, 0, 17, 255, 161, 72, 70, 208, 118, 0, 0, 67, 0, 0, 245, 1, 0, 9, 7, 49]
1546589114001;[171, 0, 17, 255, 161, 72, 70, 208, 118, 0, 0, 85, 0, 1, 12, 1, 0, 21, 7, 23]
1546589114174;[171, 0, 17, 255, 161, 72, 70, 208, 118, 0, 0, 55, 0, 0, 242, 1, 0, 13, 7, 16]
1546589114178;[171, 0, 17, 255, 161, 72, 70, 208, 118, 0, 0, 61, 0, 1, 4, 1, 0, 19, 6, 240]
1546589114346;[171, 0, 17, 255, 161, 72, 70, 208, 118, 0, 0, 80, 0, 0, 248, 1, 0, 24, 6, 239]
1546589114350;[171, 0, 17, 255, 161, 72, 70, 208, 119, 0, 0, 71, 0, 0, 254, 1, 0, 13, 6, 252]
1546589114516;[171, 0, 17, 255, 161, 72, 70, 208, 119, 0, 0, 77, 0, 0, 250, 1, 0, 13, 6, 244]
1546589114690;[171, 0, 17, 255, 161, 72, 70, 208, 119, 0, 0, 67, 0, 0, 254, 1, 0, 19, 6, 233]
1546589114694;[171, 0, 17, 255, 161, 72, 70, 208, 119, 0, 0, 55, 0, 0, 255, 1, 0, 24, 6, 202]
1546589115038;[171, 0, 17, 255, 161, 72, 70, 208, 119, 0, 0, 59, 0, 1, 4, 1, 0, 26, 6, 125]
1546589115042;[171, 0, 4, 255, 132, 128, 69]
1546589115046;[171, 0, 17, 255, 161, 72, 70, 208, 119, 0, 0, 66, 0, 1, 4, 1, 0, 43, 6, 106]
1546589115050;[171, 0, 17, 255, 161, 72, 70, 208, 119, 0, 0, 99, 0, 0, 250, 1, 0, 52, 6, 115]
1546589115208;[171, 0, 17, 255, 161, 72, 70, 208, 119, 0, 0, 73, 0, 0, 245, 1, 0, 22, 6, 204]
1546589115380;[171, 0, 17, 255, 161, 72, 70, 208, 119, 0, 0, 63, 0, 0, 230, 1, 0, 19, 6, 253]
1546589115384;[171, 0, 17, 255, 161, 72, 70, 208, 119, 0, 0, 71, 0, 0, 250, 1, 0, 35, 7, 34]
1546589115727;[171, 0, 17, 255, 161, 72, 70, 208, 120, 0, 0, 58, 0, 1, 0, 1, 0, 28, 7, 74]
1546589115731;[171, 0, 17, 255, 161, 72, 70, 208, 120, 0, 0, 40, 0, 0, 254, 1, 0, 36, 7, 91]
1546589115735;[171, 0, 17, 255, 161, 72, 70, 208, 120, 0, 0, 66, 0, 0, 247, 1, 0, 40, 7, 139]
1546589115740;[171, 0, 17, 255, 161, 72, 70, 208, 120, 0, 0, 78, 0, 1, 40, 1, 0, 39, 7, 175]
1546589115898;[171, 0, 17, 255, 161, 72, 70, 208, 120, 0, 0, 52, 0, 0, 240, 1, 0, 29, 7, 207]
1546589116418;[171, 0, 4, 255, 132, 128, 69]
1546589116422;[171, 0, 17, 255, 161, 72, 70, 208, 120, 0, 0, 61, 0, 0, 249, 1, 0, 21, 7, 251]
1546589116426;[171, 0, 17, 255, 161, 72, 70, 208, 120, 0, 0, 67, 0, 0, 253, 1, 0, 13, 8, 17]
1546589116430;[171, 0, 17, 255, 161, 72, 70, 208, 120, 0, 0, 67, 0, 0, 232, 1, 0, 4, 8, 38]
1546589116588;[171, 0, 17, 255, 161, 72, 70, 208, 120, 0, 0, 66, 0, 1, 15, 1, 0, 3, 8, 65]
1546589116592;[171, 0, 17, 255, 161, 72, 70, 208, 120, 0, 0, 78, 0, 1, 11, 1, 0, 19, 8, 115]
1546589116596;[171, 0, 17, 255, 161, 72, 70, 208, 121, 0, 0, 72, 0, 0, 255, 0, 0, 1, 8, 151]
1546589116760;[171, 0, 17, 255, 161, 72, 70, 208, 121, 0, 0, 77, 0, 0, 232, 1, 0, 2, 8, 178]
1546589116764;[171, 0, 17, 255, 161, 72, 70, 208, 121, 0, 0, 70, 0, 1, 20, 1, 0, 19, 8, 190]
1546589116933;[171, 0, 17, 255, 161, 72, 70, 208, 121, 0, 0, 40, 0, 1, 0, 1, 0, 26, 8, 214]
1546589116937;[171, 0, 17, 255, 161, 72, 70, 208, 121, 0, 0, 78, 0, 0, 245, 1, 0, 4, 8, 233]
1546589117105;[171, 0, 4, 255, 132, 128, 69]
1546589117278;[171, 0, 17, 255, 161, 72, 70, 208, 121, 0, 0, 84, 0, 0, 253, 1, 0, 2, 9, 26]
1546589117282;[171, 0, 17, 255, 161, 72, 70, 208, 121, 0, 0, 57, 0, 1, 4, 1, 0, 24, 9, 73]
1546589117625;[171, 0, 17, 255, 161, 72, 70, 208, 121, 0, 0, 73, 0, 0, 250, 1, 0, 9, 9, 121]
1546589117629;[171, 0, 17, 255, 161, 72, 70, 208, 121, 0, 0, 72, 0, 1, 4, 1, 0, 1, 9, 144]
1546589117633;[171, 0, 17, 255, 161, 72, 70, 208, 121, 0, 0, 66, 0, 0, 249, 1, 0, 13, 9, 174]
1546589117638;[171, 0, 17, 255, 161, 72, 70, 208, 122, 0, 0, 61, 0, 1, 4, 1, 0, 23, 9, 213]
1546589117795;[171, 0, 17, 255, 161, 72, 70, 208, 122, 0, 0, 77, 0, 0, 242, 1, 0, 13, 10, 15]
1546589117969;[171, 0, 17, 255, 161, 72, 70, 208, 122, 0, 0, 76, 0, 1, 17, 0, 0, 7, 10, 59]
1546589117973;[171, 0, 17, 255, 161, 72, 70, 208, 122, 0, 0, 65, 0, 0, 245, 1, 0, 13, 10, 99]
1546589118142;[171, 0, 17, 255, 161, 72, 70, 208, 122, 0, 0, 53, 0, 1, 4, 1, 0, 29, 10, 147]
1546589118145;[171, 0, 4, 255, 132, 128, 70]
1546589118833;[171, 0, 17, 255, 161, 72, 70, 208, 122, 0, 0, 77, 0, 0, 243, 1, 0, 16, 10, 196]
1546589118837;[171, 0, 17, 255, 161, 72, 70, 208, 122, 0, 0, 76, 0, 1, 17, 0, 0, 5, 10, 218]
1546589118841;[171, 0, 17, 255, 161, 72, 70, 208, 122, 0, 0, 52, 0, 0, 254, 1, 0, 4, 11, 13]
1546589118845;[171, 0, 17, 255, 161, 72, 70, 208, 122, 0, 0, 65, 0, 0, 253, 1, 0, 24, 11, 72]
1546589119005;[171, 0, 17, 255, 161, 72, 70, 208, 122, 0, 0, 67, 0, 0, 249, 1, 0, 8, 11, 126]
1546589119008;[171, 0, 17, 255, 161, 72, 70, 208, 123, 0, 0, 77, 0, 1, 6, 0, 0, 3, 11, 172]
1546589119013;[171, 0, 17, 255, 161, 72, 70, 208, 123, 0, 0, 61, 0, 0, 250, 1, 0, 5, 11, 212]
1546589119017;[171, 0, 17, 255, 161, 72, 70, 208, 123, 0, 0, 76, 0, 0, 250, 1, 0, 22, 12, 1]
1546589119176;[171, 0, 17, 255, 161, 72, 70, 208, 123, 0, 0, 78, 0, 0, 246, 1, 0, 8, 12, 77]
1546589119349;[171, 0, 17, 255, 161, 72, 70, 208, 129, 0, 0, 58, 0, 0, 248, 1, 0, 18, 8, 104]
1546589119520;[171, 0, 17, 255, 161, 72, 70, 208, 129, 0, 0, 81, 0, 1, 4, 1, 0, 8, 8, 163]
1546589119867;[171, 0, 17, 255, 161, 72, 70, 208, 129, 0, 0, 77, 0, 0, 253, 1, 0, 4, 8, 212]
1546589119871;[171, 0, 17, 255, 161, 72, 70, 208, 129, 0, 0, 71, 0, 0, 253, 1, 0, 18, 8, 247]
1546589119875;[171, 0, 17, 255, 161, 72, 70, 208, 129, 0, 0, 82, 0, 0, 249, 1, 0, 18, 9, 34]
1546589119879;[171, 0, 17, 255, 161, 72, 70, 208, 130, 0, 0, 76, 0, 1, 9, 0, 0, 1, 9, 51]
1546589120212;[171, 0, 17, 255, 161, 72, 70, 208, 130, 0, 0, 61, 0, 0, 248, 1, 0, 4, 9, 80]
1546589120216;[171, 0, 17, 255, 161, 72, 70, 208, 130, 0, 0, 63, 0, 1, 0, 1, 0, 25, 9, 144]
1546589120220;[171, 0, 17, 255, 161, 72, 70, 208, 130, 0, 0, 77, 0, 0, 251, 0, 0, 1, 9, 187]
1546589120384;[171, 0, 17, 255, 161, 72, 70, 208, 130, 0, 0, 83, 0, 1, 6, 0, 0, 1, 9, 220]
1546589120387;[171, 0, 4, 255, 132, 128, 85]
1546589120557;[171, 0, 17, 255, 161, 72, 70, 208, 130, 0, 0, 63, 0, 0, 254, 1, 0, 8, 9, 233]
1546589120561;[171, 0, 17, 255, 161, 72, 70, 208, 130, 0, 0, 51, 0, 0, 254, 1, 0, 32, 9, 248]
1546589120730;[171, 0, 17, 255, 161, 72, 70, 208, 130, 0, 0, 77, 0, 0, 250, 1, 0, 5, 10, 40]
1546589120733;[171, 0, 17, 255, 161, 72, 70, 208, 130, 0, 0, 71, 0, 1, 11, 1, 0, 3, 10, 76]
1546589120900;[171, 0, 17, 255, 161, 72, 70, 208, 130, 0, 0, 61, 0, 0, 249, 1, 0, 15, 10, 97]
1546589121075;[171, 0, 17, 255, 161, 72, 70, 208, 131, 0, 0, 71, 0, 1, 0, 1, 0, 15, 10, 155]
1546589121083;[171, 0, 17, 255, 161, 72, 70, 208, 131, 0, 0, 83, 0, 0, 241, 1, 0, 13, 10, 182]
1546589121593;[171, 0, 17, 255, 161, 72, 70, 208, 131, 0, 0, 67, 0, 1, 12, 1, 0, 3, 10, 203]
1546589121597;[171, 0, 17, 255, 161, 72, 70, 208, 131, 0, 0, 55, 0, 0, 254, 1, 0, 21, 10, 208]
1546589121602;[171, 0, 17, 255, 161, 72, 70, 208, 131, 0, 0, 77, 0, 0, 247, 1, 0, 13, 10, 234]
1546589121606;[171, 0, 4, 255, 132, 128, 85]
1546589121939;[171, 0, 17, 255, 161, 72, 70, 208, 131, 0, 0, 72, 0, 0, 253, 1, 0, 8, 11, 11]
1546589121943;[171, 0, 17, 255, 161, 72, 70, 208, 131, 0, 0, 65, 0, 1, 9, 1, 0, 14, 11, 13]
1546589121947;[171, 0, 17, 255, 161, 72, 70, 208, 131, 0, 0, 43, 0, 0, 255, 1, 0, 14, 11, 17]
1546589121951;[171, 0, 17, 255, 161, 72, 70, 208, 131, 0, 0, 84, 0, 0, 244, 1, 0, 14, 11, 38]
1546589122110;[171, 0, 17, 255, 161, 72, 70, 208, 131, 0, 0, 66, 0, 1, 4, 1, 0, 4, 11, 79]
1546589122114;[171, 0, 17, 255, 161, 72, 70, 208, 132, 0, 0, 64, 0, 0, 253, 1, 0, 16, 11, 81]
1546589122281;[171, 0, 17, 255, 161, 72, 70, 208, 132, 0, 0, 61, 0, 0, 254, 1, 0, 4, 11, 83]
1546589122284;[171, 0, 17, 255, 161, 72, 70, 208, 132, 0, 0, 81, 0, 0, 244, 1, 0, 13, 11, 110]
1546589122456;[171, 0, 17, 255, 161, 72, 70, 208, 132, 0, 0, 66, 0, 1, 12, 1, 0, 13, 11, 114]
1546589122460;[171, 0, 17, 255, 161, 72, 70, 208, 132, 0, 0, 40, 0, 1, 4, 1, 0, 9, 11, 101]
1546589122972;[171, 0, 4, 255, 132, 128, 88]
1546589122976;[171, 0, 17, 255, 161, 72, 70, 208, 132, 0, 0, 81, 0, 0, 248, 1, 0, 9, 11, 134]
1546589122980;[171, 0, 17, 255, 161, 72, 70, 208, 132, 0, 0, 80, 0, 0, 253, 1, 0, 4, 11, 163]
1546589122984;[171, 0, 17, 255, 161, 72, 70, 208, 132, 0, 0, 77, 0, 1, 4, 1, 0, 13, 11, 163]
1546589123145;[171, 0, 17, 255, 161, 72, 70, 208, 132, 0, 0, 57, 0, 0, 254, 1, 0, 8, 11, 156]
1546589123149;[171, 0, 17, 255, 161, 72, 70, 208, 132, 0, 0, 77, 0, 0, 253, 1, 0, 15, 11, 165]
1546589123153;[171, 0, 17, 255, 161, 72, 70, 208, 133, 0, 0, 77, 0, 0, 254, 1, 0, 13, 11, 181]
1546589123315;[171, 0, 17, 255, 161, 72, 70, 208, 133, 0, 0, 64, 0, 0, 251, 1, 0, 9, 11, 185]
1546589123487;[171, 0, 17, 255, 161, 72, 70, 208, 133, 0, 0, 66, 0, 0, 253, 1, 0, 13, 11, 189]
1546589123492;[171, 0, 17, 255, 161, 72, 70, 208, 133, 0, 0, 67, 0, 0, 254, 1, 0, 13, 11, 191]
1546589123662;[171, 0, 17, 255, 161, 72, 70, 208, 133, 0, 0, 67, 0, 0, 254, 1, 0, 13, 11, 194]
1546589123666;[171, 0, 4, 255, 132, 128, 88]
1546589124007;[171, 0, 17, 255, 161, 72, 70, 208, 133, 0, 0, 65, 0, 0, 255, 1, 0, 13, 11, 187]
1546589124012;[171, 0, 17, 255, 161, 72, 70, 208, 133, 0, 0, 64, 0, 0, 254, 1, 0, 4, 11, 187]
1546589124016;[171, 0, 17, 255, 161, 72, 70, 208, 133, 0, 0, 64, 0, 0, 254, 1, 0, 13, 11, 188]
1546589124178;[171, 0, 17, 255, 161, 72, 70, 208, 133, 0, 0, 66, 0, 0, 253, 1, 0, 13, 11, 190]
1546589124181;[171, 0, 17, 255, 161, 72, 70, 208, 133, 0, 0, 66, 0, 0, 253, 1, 0, 13, 11, 193]
1546589124350;[171, 0, 17, 255, 161, 72, 70, 208, 134, 0, 0, 64, 0, 0, 255, 1, 0, 14, 11, 187]
1546589124355;[171, 0, 17, 255, 161, 72, 70, 208, 134, 0, 0, 65, 0, 0, 254, 1, 0, 13, 11, 191]
1546589124696;[171, 0, 17, 255, 161, 72, 70, 208, 134, 0, 0, 70, 0, 0, 255, 1, 0, 9, 11, 186]
1546589124700;[171, 0, 17, 255, 161, 72, 70, 208, 134, 0, 0, 72, 0, 0, 253, 1, 0, 13, 11, 193]
1546589124704;[171, 0, 17, 255, 161, 72, 70, 208, 134, 0, 0, 76, 0, 0, 251, 1, 0, 14, 11, 190]
1546589124869;[171, 0, 4, 255, 132, 128, 88]
1546589124873;[171, 0, 17, 255, 161, 72, 70, 208, 134, 0, 0, 65, 0, 0, 251, 1, 0, 13, 11, 188]
1546589125387;[171, 0, 17, 255, 161, 72, 70, 208, 134, 0, 0, 64, 0, 0, 253, 1, 0, 10, 11, 183]
1546589125391;[171, 0, 17, 255, 161, 72, 70, 208, 134, 0, 0, 71, 0, 0, 254, 1, 0, 14, 11, 178]
1546589125395;[171, 0, 17, 255, 161, 72, 70, 208, 134, 0, 0, 66, 0, 0, 255, 1, 0, 13, 11, 169]
1546589125400;[171, 0, 17, 255, 161, 72, 70, 208, 134, 0, 0, 64, 0, 0, 255, 1, 0, 13, 11, 166]
1546589125557;[171, 0, 17, 255, 161, 72, 70, 208, 135, 0, 0, 64, 0, 0, 253, 1, 0, 13, 11, 156]
1546589125561;[171, 0, 17, 255, 161, 72, 70, 208, 135, 0, 0, 65, 0, 0, 251, 1, 0, 13, 11, 165]
1546589125563;[171, 0, 17, 255, 161, 72, 70, 208, 135, 0, 0, 64, 0, 0, 253, 1, 0, 13, 11, 154]
1546589125731;[171, 0, 17, 255, 161, 72, 70, 208, 135, 0, 0, 69, 0, 0, 255, 1, 0, 14, 11, 153]
1546589125735;[171, 0, 17, 255, 161, 72, 70, 208, 135, 0, 0, 72, 0, 0, 250, 1, 0, 5, 11, 166]
1546589125903;[171, 0, 4, 255, 132, 128, 88]
1546589126075;[171, 0, 17, 255, 161, 72, 70, 208, 135, 0, 0, 63, 0, 0, 254, 1, 0, 13, 11, 157]
1546589126079;[171, 0, 17, 255, 161, 72, 70, 208, 135, 0, 0, 63, 0, 0, 255, 1, 0, 13, 11, 159]
1546589126250;[171, 0, 17, 255, 161, 72, 70, 208, 135, 0, 0, 65, 0, 0, 252, 1, 0, 4, 11, 162]
1546589126254;[171, 0, 17, 255, 161, 72, 70, 208, 135, 0, 0, 64, 0, 0, 253, 1, 0, 13, 11, 159]
1546589126594;[171, 0, 17, 255, 161, 72, 70, 208, 135, 0, 0, 66, 0, 0, 255, 1, 0, 5, 11, 155]
1546589126598;[171, 0, 17, 255, 161, 72, 70, 208, 136, 0, 0, 66, 0, 0, 254, 1, 0, 15, 11, 140]
1546589126602;[171, 0, 17, 255, 161, 72, 70, 208, 136, 0, 0, 77, 0, 0, 255, 1, 0, 16, 11, 159]
1546589126767;[171, 0, 17, 255, 161, 72, 70, 208, 136, 0, 0, 66, 0, 0, 253, 1, 0, 5, 11, 157]
1546589126771;[171, 0, 17, 255, 161, 72, 70, 208, 136, 0, 0, 64, 0, 0, 253, 1, 0, 4, 11, 162]
1546589126938;[171, 0, 17, 255, 161, 72, 70, 208, 136, 0, 0, 66, 0, 0, 251, 1, 0, 8, 11, 160]
1546589126942;[171, 0, 4, 255, 132, 128, 87]
1546589127110;[171, 0, 17, 255, 161, 72, 70, 208, 136, 0, 0, 61, 0, 1, 15, 1, 0, 4, 11, 145]
1546589127283;[171, 0, 17, 255, 161, 72, 70, 208, 136, 0, 0, 58, 0, 0, 248, 1, 0, 3, 11, 143]
1546589127287;[171, 0, 17, 255, 161, 72, 70, 208, 136, 0, 0, 64, 0, 1, 13, 1, 0, 10, 11, 148]
1546589127803;[171, 0, 17, 255, 161, 72, 70, 208, 136, 0, 0, 72, 0, 0, 249, 1, 0, 16, 11, 158]
1546589127806;[171, 0, 17, 255, 161, 72, 70, 208, 136, 0, 0, 67, 0, 0, 251, 1, 0, 2, 11, 158]
1546589127810;[171, 0, 17, 255, 161, 72, 70, 208, 137, 0, 0, 58, 0, 1, 12, 1, 0, 10, 11, 137]
1546589127815;[171, 0, 17, 255, 161, 72, 70, 208, 137, 0, 0, 62, 0, 0, 254, 1, 0, 16, 11, 142]
1546589127974;[171, 0, 17, 255, 161, 72, 70, 208, 137, 0, 0, 76, 0, 0, 255, 1, 0, 13, 11, 154]
1546589127978;[171, 0, 17, 255, 161, 72, 70, 208, 137, 0, 0, 65, 0, 0, 247, 1, 0, 5, 11, 155]
1546589127982;[171, 0, 17, 255, 161, 72, 70, 208, 137, 0, 0, 61, 0, 1, 15, 0, 0, 4, 11, 133]
1546589128146;[171, 0, 4, 255, 132, 128, 87]
1546589128150;[171, 0, 17, 255, 161, 72, 70, 208, 137, 0, 0, 58, 0, 0, 245, 1, 0, 4, 11, 132]
1546589128318;[171, 0, 17, 255, 161, 72, 70, 208, 137, 0, 0, 51, 0, 0, 253, 1, 0, 6, 11, 123]
1546589128489;[171, 0, 17, 255, 161, 72, 70, 208, 137, 0, 0, 63, 0, 1, 12, 1, 0, 8, 11, 144]
1546589128492;[171, 0, 17, 255, 161, 72, 70, 208, 137, 0, 0, 72, 0, 0, 250, 0, 0, 5, 11, 139]
1546589128663;[171, 0, 17, 255, 161, 72, 70, 208, 137, 0, 0, 69, 0, 1, 15, 0, 0, 2, 11, 137]
1546589128667;[171, 0, 17, 255, 161, 72, 70, 208, 138, 0, 0, 72, 0, 1, 9, 0, 0, 4, 11, 146]
1546589128835;[171, 0, 17, 255, 161, 72, 70, 208, 138, 0, 0, 63, 0, 0, 255, 1, 0, 4, 11, 151]
1546589128839;[171, 0, 17, 255, 161, 72, 70, 208, 138, 0, 0, 58, 0, 0, 249, 0, 0, 1, 11, 150]
1546589129182;[171, 0, 17, 255, 161, 72, 70, 208, 138, 0, 0, 58, 0, 0, 254, 0, 0, 11, 11, 147]
1546589129187;[171, 0, 17, 255, 161, 72, 70, 208, 138, 0, 0, 54, 0, 0, 247, 0, 0, 5, 11, 149]
1546589129190;[171, 0, 4, 255, 132, 128, 87]
1546589129353;[171, 0, 17, 255, 161, 72, 70, 208, 138, 0, 0, 81, 0, 1, 13, 1, 0, 80, 11, 132]
1546589129357;[171, 0, 17, 255, 161, 72, 70, 208, 138, 0, 0, 111, 0, 1, 1, 1, 0, 17, 11, 156]
1546589129526;[171, 0, 17, 255, 161, 72, 70, 208, 138, 0, 0, 67, 0, 1, 17, 1, 0, 2, 11, 187]
1546589129527;[171, 0, 17, 255, 161, 72, 70, 208, 138, 0, 0, 67, 0, 0, 235, 0, 0, 7, 11, 187]
1546589129698;[171, 0, 17, 255, 161, 72, 70, 208, 138, 0, 0, 63, 0, 0, 255, 0, 0, 2, 11, 172]
1546589129871;[171, 0, 17, 255, 161, 72, 70, 208, 139, 0, 0, 63, 0, 1, 15, 1, 0, 1, 11, 181]
1546589129875;[171, 0, 17, 255, 161, 72, 70, 208, 139, 0, 0, 80, 0, 1, 4, 1, 0, 13, 11, 183]
1546589130043;[171, 0, 17, 255, 161, 72, 70, 208, 139, 0, 0, 83, 0, 0, 254, 0, 0, 4, 11, 186]
1546589130047;[171, 0, 17, 255, 161, 72, 70, 208, 139, 0, 0, 71, 0, 0, 246, 0, 0, 8, 11, 187]
1546589130390;[171, 0, 17, 255, 161, 72, 70, 208, 139, 0, 0, 66, 0, 0, 250, 0, 0, 9, 11, 178]
1546589130393;[171, 0, 4, 255, 132, 128, 86]
1546589130397;[171, 0, 17, 255, 161, 72, 70, 208, 139, 0, 0, 86, 0, 0, 239, 1, 0, 13, 11, 176]
1546589130562;[171, 0, 17, 255, 161, 72, 70, 208, 139, 0, 0, 82, 0, 1, 8, 1, 0, 31, 11, 213]
1546589130566;[171, 0, 17, 255, 161, 72, 70, 208, 139, 0, 0, 82, 0, 1, 13, 1, 0, 18, 11, 199]
1546589130734;[171, 0, 17, 255, 161, 72, 70, 208, 139, 0, 0, 76, 0, 0, 253, 0, 0, 1, 11, 169]
1546589130738;[171, 0, 17, 255, 161, 72, 70, 208, 139, 0, 0, 76, 0, 1, 9, 0, 0, 11, 11, 155]
1546589130905;[171, 0, 17, 255, 161, 72, 70, 208, 140, 0, 0, 61, 0, 0, 246, 1, 0, 19, 11, 169]
1546589131079;[171, 0, 17, 255, 161, 72, 70, 208, 140, 0, 0, 23, 0, 1, 2, 1, 0, 45, 11, 180]
1546589131083;[171, 0, 17, 255, 161, 72, 70, 208, 140, 0, 0, 72, 0, 0, 249, 1, 0, 10, 11, 173]
1546589131251;[171, 0, 17, 255, 161, 72, 70, 208, 140, 0, 0, 84, 0, 0, 252, 0, 0, 1, 11, 183]
1546589131255;[171, 0, 17, 255, 161, 72, 70, 208, 140, 0, 0, 84, 0, 0, 246, 1, 0, 36, 11, 185]
1546589131769;[171, 0, 4, 255, 132, 128, 84]
1546589131774;[171, 0, 17, 255, 161, 72, 70, 208, 140, 0, 0, 61, 0, 0, 249, 1, 0, 13, 11, 185]
1546589131778;[171, 0, 17, 255, 161, 72, 70, 208, 140, 0, 0, 55, 0, 1, 4, 1, 0, 3, 11, 197]
1546589131782;[171, 0, 17, 255, 161, 72, 70, 208, 140, 0, 0, 57, 0, 1, 0, 1, 0, 15, 11, 196]
1546589131943;[171, 0, 17, 255, 161, 72, 70, 208, 140, 0, 0, 55, 0, 0, 255, 1, 0, 8, 11, 193]
1546589131947;[171, 0, 17, 255, 161, 72, 70, 208, 140, 0, 0, 58, 0, 1, 0, 1, 0, 6, 11, 192]
1546589131951;[171, 0, 17, 255, 161, 72, 70, 208, 141, 0, 0, 52, 0, 1, 0, 1, 0, 13, 11, 197]
1546589132113;[171, 0, 17, 255, 161, 72, 70, 208, 141, 0, 0, 48, 0, 1, 4, 1, 0, 15, 11, 189]
1546589132285;[171, 0, 17, 255, 161, 72, 70, 208, 141, 0, 0, 58, 0, 0, 255, 1, 0, 14, 11, 190]
1546589132289;[171, 0, 17, 255, 161, 72, 70, 208, 141, 0, 0, 65, 0, 0, 242, 1, 0, 13, 11, 205]
1546589132461;[171, 0, 17, 255, 161, 72, 70, 208, 141, 0, 0, 64, 0, 0, 251, 1, 0, 13, 11, 212]
1546589132464;[171, 0, 4, 255, 132, 128, 82]
1546589132630;[171, 0, 17, 255, 161, 72, 70, 208, 141, 0, 0, 48, 0, 0, 255, 1, 0, 11, 11, 209]
1546589132634;[171, 0, 17, 255, 161, 72, 70, 208, 141, 0, 0, 66, 0, 0, 241, 1, 0, 8, 11, 207]
1546589132977;[171, 0, 17, 255, 161, 72, 70, 208, 141, 0, 0, 77, 0, 0, 254, 1, 0, 15, 11, 225]
1546589132982;[171, 0, 17, 255, 161, 72, 70, 208, 141, 0, 0, 58, 0, 1, 13, 1, 0, 21, 11, 228]
1546589132986;[171, 0, 17, 255, 161, 72, 70, 208, 141, 0, 0, 54, 0, 0, 253, 1, 0, 4, 11, 213]
1546589133149;[171, 0, 17, 255, 161, 72, 70, 208, 142, 0, 0, 67, 0, 0, 241, 1, 0, 8, 11, 214]
1546589133154;[171, 0, 17, 255, 161, 72, 70, 208, 142, 0, 0, 72, 0, 1, 4, 1, 0, 18, 11, 234]
1546589133321;[171, 0, 17, 255, 161, 72, 70, 208, 142, 0, 0, 48, 0, 1, 4, 1, 0, 24, 11, 231]
1546589133492;[171, 0, 17, 255, 161, 72, 70, 208, 142, 0, 0, 71, 0, 1, 0, 1, 0, 1, 11, 222]
1546589133497;[171, 0, 17, 255, 161, 72, 70, 208, 142, 0, 0, 83, 0, 0, 237, 1, 0, 14, 11, 228]
1546589133665;[171, 0, 4, 255, 132, 128, 80]
1546589133669;[171, 0, 17, 255, 161, 72, 70, 208, 142, 0, 0, 61, 0, 1, 9, 1, 0, 25, 11, 236]
1546589133839;[171, 0, 17, 255, 161, 72, 70, 208, 142, 0, 0, 51, 0, 1, 4, 1, 0, 3, 11, 230]
1546589133843;[171, 0, 17, 255, 161, 72, 70, 208, 142, 0, 0, 72, 0, 0, 240, 1, 0, 14, 11, 228]
1546589134359;[171, 0, 17, 255, 161, 72, 70, 208, 142, 0, 0, 64, 0, 1, 0, 1, 0, 19, 11, 236]
1546589134363;[171, 0, 17, 255, 161, 72, 70, 208, 142, 0, 0, 56, 0, 1, 13, 1, 0, 21, 11, 222]
1546589134367;[171, 0, 17, 255, 161, 72, 70, 208, 143, 0, 0, 64, 0, 0, 254, 0, 0, 1, 11, 240]
1546589134371;[171, 0, 17, 255, 161, 72, 70, 208, 143, 0, 0, 85, 0, 0, 250, 1, 0, 21, 11, 234]
1546589134528;[171, 0, 17, 255, 161, 72, 70, 208, 143, 0, 0, 61, 0, 0, 255, 1, 0, 24, 11, 241]
1546589134533;[171, 0, 17, 255, 161, 72, 70, 208, 143, 0, 0, 61, 0, 1, 10, 1, 0, 13, 11, 233]
1546589134538;[171, 0, 17, 255, 161, 72, 70, 208, 143, 0, 0, 58, 0, 0, 249, 1, 0, 2, 11, 241]
1546589134702;[171, 0, 4, 255, 132, 128, 79]
1546589134874;[171, 0, 17, 255, 161, 72, 70, 208, 143, 0, 0, 67, 0, 0, 255, 1, 0, 29, 11, 238]
1546589134878;[171, 0, 17, 255, 161, 72, 70, 208, 143, 0, 0, 55, 0, 0, 253, 1, 0, 15, 11, 252]
1546589135563;[171, 0, 17, 255, 161, 72, 70, 208, 143, 0, 0, 66, 0, 1, 13, 1, 0, 2, 11, 242]
1546589135567;[171, 0, 17, 255, 161, 72, 70, 208, 143, 0, 0, 64, 0, 0, 243, 1, 0, 22, 11, 242]
1546589135571;[171, 0, 17, 255, 161, 72, 70, 208, 143, 0, 0, 67, 0, 1, 0, 1, 0, 19, 11, 244]
1546589135575;[171, 0, 17, 255, 161, 72, 70, 208, 144, 0, 0, 64, 0, 1, 8, 1, 0, 14, 11, 245]
1546589135910;[171, 0, 17, 255, 161, 72, 70, 208, 144, 0, 0, 58, 0, 0, 245, 1, 0, 13, 11, 245]
1546589135915;[171, 0, 17, 255, 161, 72, 70, 208, 144, 0, 0, 64, 0, 1, 4, 1, 0, 21, 11, 247]
1546589135919;[171, 0, 17, 255, 161, 72, 70, 208, 144, 0, 0, 63, 0, 0, 245, 1, 0, 13, 11, 252]
1546589135923;[171, 0, 17, 255, 161, 72, 70, 208, 144, 0, 0, 65, 0, 1, 8, 1, 0, 9, 11, 255]
1546589136081;[171, 0, 4, 255, 132, 128, 78]
1546589136085;[171, 0, 17, 255, 161, 72, 70, 208, 144, 0, 0, 59, 0, 0, 249, 1, 0, 8, 11, 240]
1546589136089;[171, 0, 17, 255, 161, 72, 70, 208, 144, 0, 0, 61, 0, 1, 9, 1, 0, 19, 11, 250]
1546589136253;[171, 0, 17, 255, 161, 72, 70, 208, 144, 0, 0, 63, 0, 0, 245, 1, 0, 16, 12, 4]
1546589136256;[171, 0, 17, 255, 161, 72, 70, 208, 144, 0, 0, 66, 0, 1, 22, 0, 0, 0, 12, 3]
1546589136425;[171, 0, 17, 255, 161, 72, 70, 208, 144, 0, 0, 52, 0, 0, 237, 1, 0, 13, 11, 249]
1546589136429;[171, 0, 17, 255, 161, 72, 70, 208, 145, 0, 0, 63, 0, 1, 4, 1, 0, 25, 12, 1]
1546589136771;[171, 0, 17, 255, 161, 72, 70, 208, 145, 0, 0, 66, 0, 0, 242, 1, 0, 5, 12, 10]
1546589136775;[171, 0, 17, 255, 161, 72, 70, 208, 145, 0, 0, 72, 0, 1, 12, 1, 0, 1, 12, 3]
1546589136779;[171, 0, 17, 255, 161, 72, 70, 208, 145, 0, 0, 37, 0, 0, 255, 1, 0, 20, 11, 247]
1546589136943;[171, 0, 17, 255, 161, 72, 70, 208, 145, 0, 0, 59, 0, 0, 255, 1, 0, 18, 11, 247]
1546589136947;[171, 0, 4, 255, 132, 128, 77]
1546589137115;[171, 0, 17, 255, 161, 72, 70, 208, 145, 0, 0, 71, 0, 0, 245, 1, 0, 4, 12, 5]
1546589137288;[171, 0, 17, 255, 161, 72, 70, 208, 145, 0, 0, 70, 0, 1, 14, 1, 0, 14, 12, 3]
1546589137292;[171, 0, 17, 255, 161, 72, 70, 208, 145, 0, 0, 40, 0, 0, 255, 1, 0, 23, 11, 247]
1546589137461;[171, 0, 17, 255, 161, 72, 70, 208, 145, 0, 0, 65, 0, 0, 253, 1, 0, 16, 11, 250]
1546589137467;[171, 0, 17, 255, 161, 72, 70, 208, 145, 0, 0, 66, 0, 0, 254, 1, 0, 3, 12, 1]
1546589137635;[171, 0, 17, 255, 161, 72, 70, 208, 146, 0, 0, 71, 0, 1, 7, 1, 0, 16, 11, 244]
1546589137639;[171, 0, 17, 255, 161, 72, 70, 208, 146, 0, 0, 29, 0, 1, 9, 1, 0, 21, 11, 245]
1546589137806;[171, 0, 17, 255, 161, 72, 70, 208, 146, 0, 0, 63, 0, 0, 251, 1, 0, 4, 11, 245]
1546589138153;[171, 0, 17, 255, 161, 72, 70, 208, 146, 0, 0, 78, 0, 0, 241, 1, 0, 2, 12, 1]
1546589138157;[171, 0, 17, 255, 161, 72, 70, 208, 146, 0, 0, 72, 0, 1, 16, 1, 0, 14, 11, 255]
1546589138161;[171, 0, 4, 255, 132, 128, 77]
1546589138166;[171, 0, 17, 255, 161, 72, 70, 208, 146, 0, 0, 27, 0, 0, 255, 1, 0, 36, 11, 230]
1546589138323;[171, 0, 17, 255, 161, 72, 70, 208, 146, 0, 0, 73, 0, 0, 253, 0, 0, 1, 11, 239]
1546589138327;[171, 0, 17, 255, 161, 72, 70, 208, 146, 0, 0, 72, 0, 0, 245, 1, 0, 19, 12, 0]
1546589138494;[171, 0, 17, 255, 161, 72, 70, 208, 146, 0, 0, 57, 0, 1, 23, 1, 0, 23, 11, 249]
1546589138669;[171, 0, 17, 255, 161, 72, 70, 208, 146, 0, 0, 34, 0, 0, 253, 1, 0, 9, 11, 228]
1546589138673;[171, 0, 17, 255, 161, 72, 70, 208, 147, 0, 0, 59, 0, 1, 4, 1, 0, 3, 11, 234]
1546589138841;[171, 0, 17, 255, 161, 72, 70, 208, 147, 0, 0, 59, 0, 0, 253, 1, 0, 14, 11, 243]
1546589138845;[171, 0, 17, 255, 161, 72, 70, 208, 147, 0, 0, 57, 0, 0, 254, 1, 0, 20, 11, 250]
1546589139013;[171, 0, 17, 255, 161, 72, 70, 208, 147, 0, 0, 67, 0, 1, 4, 1, 0, 13, 11, 249]
1546589139360;[171, 0, 17, 255, 161, 72, 70, 208, 147, 0, 0, 67, 0, 0, 247, 1, 0, 16, 11, 250]
1546589139365;[171, 0, 4, 255, 132, 128, 77]
1546589139369;[171, 0, 17, 255, 161, 72, 70, 208, 147, 0, 0, 80, 0, 0, 252, 1, 0, 21, 11, 254]
1546589139373;[171, 0, 17, 255, 161, 72, 70, 208, 147, 0, 0, 58, 0, 1, 0, 1, 0, 19, 11, 240]
1546589139530;[171, 0, 17, 255, 161, 72, 70, 208, 147, 0, 0, 32, 0, 1, 12, 1, 0, 1, 11, 235]
1546589139534;[171, 0, 17, 255, 161, 72, 70, 208, 147, 0, 0, 72, 0, 0, 244, 1, 0, 14, 11, 237]
1546589139704;[171, 0, 17, 255, 161, 72, 70, 208, 147, 0, 0, 67, 0, 0, 254, 1, 0, 20, 11, 249]
1546589139876;[171, 0, 17, 255, 161, 72, 70, 208, 148, 0, 0, 51, 0, 0, 254, 1, 0, 21, 11, 231]
1546589139880;[171, 0, 17, 255, 161, 72, 70, 208, 148, 0, 0, 71, 0, 0, 250, 1, 0, 5, 11, 236]
1546589140048;[171, 0, 17, 255, 161, 72, 70, 208, 148, 0, 0, 76, 0, 0, 250, 1, 0, 15, 11, 244]
1546589140052;[171, 0, 17, 255, 161, 72, 70, 208, 148, 0, 0, 58, 0, 1, 9, 1, 0, 23, 11, 243]
1546589140739;[171, 0, 17, 255, 161, 72, 70, 208, 150, 0, 0, 52, 0, 1, 13, 1, 0, 13, 11, 243]
1546589140746;[171, 0, 17, 255, 161, 72, 70, 208, 150, 0, 0, 22, 0, 1, 12, 1, 0, 23, 11, 238]
1546589140749;[171, 0, 17, 255, 161, 72, 70, 208, 150, 0, 0, 66, 0, 0, 251, 1, 0, 3, 12, 10]
1546589140754;[171, 0, 17, 255, 161, 72, 70, 208, 150, 0, 0, 84, 0, 0, 248, 0, 0, 4, 12, 30]
1546589140911;[171, 0, 17, 255, 161, 72, 70, 208, 150, 0, 0, 63, 0, 1, 4, 1, 0, 17, 12, 35]
1546589140915;[171, 0, 17, 255, 161, 72, 70, 208, 151, 0, 0, 59, 0, 1, 3, 1, 0, 27, 12, 51]
1546589141084;[171, 0, 17, 255, 161, 72, 70, 208, 151, 0, 0, 81, 0, 0, 245, 0, 0, 1, 12, 43]
1546589141088;[171, 0, 17, 255, 161, 72, 70, 208, 151, 0, 0, 72, 0, 1, 13, 1, 0, 21, 12, 55]
1546589141256;[171, 0, 17, 255, 161, 72, 70, 208, 151, 0, 0, 64, 0, 0, 255, 1, 0, 4, 12, 54]
1546589141260;[171, 0, 17, 255, 161, 72, 70, 208, 151, 0, 0, 77, 0, 0, 242, 1, 0, 16, 12, 47]
1546589141429;[171, 0, 4, 255, 132, 128, 78]
1546589141433;[171, 0, 17, 255, 161, 72, 70, 208, 151, 0, 0, 76, 0, 0, 254, 1, 0, 18, 12, 48]
1546589141600;[171, 0, 17, 255, 161, 72, 70, 208, 151, 0, 0, 50, 0, 0, 248, 1, 0, 15, 12, 58]
1546589141946;[171, 0, 17, 255, 161, 72, 70, 208, 151, 0, 0, 66, 0, 1, 13, 0, 0, 1, 12, 62]
1546589141950;[171, 0, 17, 255, 161, 72, 70, 208, 151, 0, 0, 66, 0, 0, 250, 1, 0, 22, 12, 55]
1546589141954;[171, 0, 17, 255, 161, 72, 70, 208, 151, 0, 0, 86, 0, 0, 253, 1, 0, 19, 12, 57]
1546589141958;[171, 0, 17, 255, 161, 72, 70, 208, 152, 0, 0, 63, 0, 0, 248, 1, 0, 13, 12, 77]
1546589142123;[171, 0, 17, 255, 161, 72, 70, 208, 152, 0, 0, 71, 0, 0, 253, 1, 0, 4, 12, 81]
1546589142291;[171, 0, 17, 255, 161, 72, 70, 208, 152, 0, 0, 51, 0, 0, 254, 1, 0, 22, 12, 62]
1546589142295;[171, 0, 17, 255, 161, 72, 70, 208, 152, 0, 0, 67, 0, 0, 248, 1, 0, 18, 12, 74]
1546589142464;[171, 0, 17, 255, 161, 72, 70, 208, 152, 0, 0, 81, 0, 0, 247, 0, 0, 1, 12, 80]
1546589142469;[171, 0, 4, 255, 132, 128, 77]
1546589142637;[171, 0, 17, 255, 161, 72, 70, 208, 152, 0, 0, 80, 0, 0, 250, 1, 0, 13, 12, 86]
1546589142640;[171, 0, 17, 255, 161, 72, 70, 208, 152, 0, 0, 36, 0, 1, 4, 1, 0, 23, 12, 83]
1546589142808;[171, 0, 17, 255, 161, 72, 70, 208, 152, 0, 0, 64, 0, 0, 249, 1, 0, 13, 12, 83]
1546589143158;[171, 0, 17, 255, 161, 72, 70, 208, 152, 0, 0, 77, 0, 0, 248, 1, 0, 16, 12, 96]
1546589143161;[171, 0, 17, 255, 161, 72, 70, 208, 152, 0, 0, 59, 0, 1, 4, 1, 0, 9, 12, 108]
1546589143165;[171, 0, 17, 255, 161, 72, 70, 208, 153, 0, 0, 65, 0, 0, 254, 1, 0, 9, 12, 92]
1546589143168;[171, 0, 17, 255, 161, 72, 70, 208, 153, 0, 0, 43, 0, 0, 255, 1, 0, 31, 12, 94]
1546589143322;[171, 0, 17, 255, 161, 72, 70, 208, 153, 0, 0, 77, 0, 0, 247, 1, 0, 8, 12, 93]
1546589143325;[171, 0, 17, 255, 161, 72, 70, 208, 153, 0, 0, 77, 0, 0, 241, 1, 0, 3, 12, 119]
1546589143496;[171, 0, 17, 255, 161, 72, 70, 208, 153, 0, 0, 62, 0, 1, 22, 1, 0, 28, 12, 114]
1546589143670;[171, 0, 4, 255, 132, 128, 77]
1546589143676;[171, 0, 17, 255, 161, 72, 70, 208, 153, 0, 0, 57, 0, 0, 249, 1, 0, 21, 12, 108]
1546589143843;[171, 0, 17, 255, 161, 72, 70, 208, 153, 0, 0, 80, 0, 0, 250, 1, 0, 19, 12, 114]
1546589143870;[171, 0, 17, 255, 161, 72, 70, 208, 153, 0, 0, 80, 0, 0, 237, 1, 0, 13, 12, 129]
1546589144015;[171, 0, 17, 255, 161, 72, 70, 208, 153, 0, 0, 59, 0, 1, 22, 1, 0, 15, 12, 120]
1546589144189;[171, 0, 17, 255, 161, 72, 70, 208, 153, 0, 0, 32, 0, 0, 253, 1, 0, 16, 12, 114]
1546589144193;[171, 0, 17, 255, 161, 72, 70, 208, 154, 0, 0, 81, 0, 0, 248, 1, 0, 14, 12, 129]
1546589144534;[171, 0, 17, 255, 161, 72, 70, 208, 154, 0, 0, 83, 0, 0, 248, 0, 0, 3, 12, 128]
1546589144538;[171, 0, 17, 255, 161, 72, 70, 208, 154, 0, 0, 59, 0, 1, 12, 1, 0, 25, 12, 140]
1546589144543;[171, 0, 17, 255, 161, 72, 70, 208, 154, 0, 0, 55, 0, 0, 253, 1, 0, 15, 12, 113]
1546589144547;[171, 0, 17, 255, 161, 72, 70, 208, 154, 0, 0, 80, 0, 0, 254, 1, 0, 9, 12, 133]
1546589144705;[171, 0, 4, 255, 132, 128, 77]
1546589144879;[171, 0, 17, 255, 161, 72, 70, 208, 154, 0, 0, 84, 0, 0, 240, 1, 0, 15, 12, 127]
1546589144883;[171, 0, 17, 255, 161, 72, 70, 208, 154, 0, 0, 49, 0, 1, 0, 1, 0, 19, 12, 123]
1546589145051;[171, 0, 17, 255, 161, 72, 70, 208, 154, 0, 0, 58, 0, 0, 254, 1, 0, 13, 12, 122]
1546589145055;[171, 0, 17, 255, 161, 72, 70, 208, 154, 0, 0, 66, 0, 0, 249, 1, 0, 13, 12, 130]
1546589145223;[171, 0, 17, 255, 161, 72, 70, 208, 154, 0, 0, 71, 0, 0, 254, 1, 0, 22, 12, 123]
1546589145227;[171, 0, 17, 255, 161, 72, 70, 208, 155, 0, 0, 50, 0, 0, 254, 1, 0, 20, 12, 130]
1546589145395;[171, 0, 17, 255, 161, 72, 70, 208, 155, 0, 0, 51, 0, 1, 9, 1, 0, 13, 12, 123]
1546589145741;[171, 0, 17, 255, 161, 72, 70, 208, 155, 0, 0, 65, 0, 0, 247, 1, 0, 16, 12, 135]
1546589145746;[171, 0, 17, 255, 161, 72, 70, 208, 155, 0, 0, 72, 0, 0, 254, 1, 0, 22, 12, 146]
1546589145750;[171, 0, 17, 255, 161, 72, 70, 208, 155, 0, 0, 64, 0, 0, 254, 1, 0, 18, 12, 153]
1546589145754;[171, 0, 4, 255, 132, 128, 77]
1546589145913;[171, 0, 17, 255, 161, 72, 70, 208, 155, 0, 0, 52, 0, 0, 251, 1, 0, 15, 12, 135]
1546589146085;[171, 0, 17, 255, 161, 72, 70, 208, 155, 0, 0, 71, 0, 0, 253, 1, 0, 18, 12, 151]
1546589146089;[171, 0, 17, 255, 161, 72, 70, 208, 155, 0, 0, 66, 0, 0, 250, 1, 0, 16, 12, 162]
1546589146258;[171, 0, 17, 255, 161, 72, 70, 208, 155, 0, 0, 64, 0, 0, 255, 1, 0, 29, 12, 165]
1546589146262;[171, 0, 17, 255, 161, 72, 70, 208, 155, 0, 0, 66, 0, 0, 255, 1, 0, 8, 12, 165]
1546589146431;[171, 0, 17, 255, 161, 72, 70, 208, 156, 0, 0, 67, 0, 0, 248, 1, 0, 26, 12, 155]
1546589146435;[171, 0, 17, 255, 161, 72, 70, 208, 156, 0, 0, 63, 0, 0, 254, 1, 0, 14, 12, 150]
1546589146602;[171, 0, 17, 255, 161, 72, 70, 208, 156, 0, 0, 73, 0, 0, 249, 1, 0, 21, 12, 172]
1546589146775;[171, 0, 17, 255, 161, 72, 70, 208, 156, 0, 0, 59, 0, 1, 7, 1, 0, 18, 12, 165]
1546589146779;[171, 0, 17, 255, 161, 72, 70, 208, 156, 0, 0, 61, 0, 0, 253, 1, 0, 19, 12, 163]
1546589147122;[171, 0, 4, 255, 132, 128, 77]
1546589147132;[171, 0, 17, 255, 161, 72, 70, 208, 156, 0, 0, 78, 0, 0, 251, 1, 0, 13, 12, 177]
1546589147134;[171, 0, 17, 255, 161, 72, 70, 208, 156, 0, 0, 63, 0, 0, 246, 1, 0, 15, 12, 178]
1546589147136;[171, 0, 17, 255, 161, 72, 70, 208, 156, 0, 0, 62, 0, 1, 16, 1, 0, 22, 12, 165]
1546589147294;[171, 0, 17, 255, 161, 72, 70, 208, 156, 0, 0, 66, 0, 0, 250, 1, 0, 19, 12, 175]
1546589147466;[171, 0, 17, 255, 161, 72, 70, 208, 156, 0, 0, 61, 0, 0, 254, 1, 0, 15, 12, 159]
1546589147470;[171, 0, 17, 255, 161, 72, 70, 208, 157, 0, 0, 59, 0, 0, 251, 1, 0, 4, 12, 159]
1546589147643;[171, 0, 17, 255, 161, 72, 70, 208, 157, 0, 0, 54, 0, 0, 254, 1, 0, 21, 12, 177]
1546589147645;[171, 0, 17, 255, 161, 72, 70, 208, 157, 0, 0, 83, 0, 1, 9, 1, 0, 19, 12, 184]
1546589147810;[171, 0, 17, 255, 161, 72, 70, 208, 157, 0, 0, 59, 0, 0, 255, 1, 0, 24, 12, 167]
1546589147983;[171, 0, 17, 255, 161, 72, 70, 208, 157, 0, 0, 71, 0, 0, 251, 1, 0, 13, 12, 185]
1546589147986;[171, 0, 4, 255, 132, 128, 76]
1546589148331;[171, 0, 17, 255, 161, 72, 70, 208, 157, 0, 0, 78, 0, 0, 242, 1, 0, 8, 12, 187]
1546589148335;[171, 0, 17, 255, 161, 72, 70, 208, 157, 0, 0, 61, 0, 1, 16, 1, 0, 22, 12, 166]
1546589148340;[171, 0, 17, 255, 161, 72, 70, 208, 157, 0, 0, 73, 0, 1, 4, 1, 0, 21, 12, 172]
1546589148343;[171, 0, 17, 255, 161, 72, 70, 208, 157, 0, 0, 118, 0, 0, 249, 1, 0, 38, 12, 179]
1546589148499;[171, 0, 17, 255, 161, 72, 70, 208, 157, 0, 0, 172, 0, 0, 241, 1, 0, 49, 12, 173]
1546589148675;[171, 0, 17, 255, 161, 72, 70, 208, 158, 0, 0, 181, 0, 0, 245, 1, 0, 39, 12, 139]
1546589148679;[171, 0, 17, 255, 161, 72, 70, 208, 158, 0, 0, 146, 0, 0, 214, 1, 0, 24, 12, 92]
1546589148845;[171, 0, 17, 255, 161, 72, 70, 208, 158, 0, 0, 148, 0, 0, 184, 1, 0, 43, 12, 39]
1546589148849;[171, 0, 17, 255, 161, 72, 70, 208, 158, 0, 0, 121, 0, 0, 137, 1, 0, 43, 12, 19]
1546589149018;[171, 0, 17, 255, 161, 72, 70, 208, 158, 0, 0, 118, 0, 0, 145, 1, 0, 72, 11, 231]
