1546588816090;[171, 0, 17, 255, 161, 72, 70, 206, 58, 0, 0, 198, 1, 0, 110, 0, 0, 90, 5, 94]
1546588816099;[171, 0, 17, 255, 161, 72, 70, 206, 58, 0, 0, 182, 1, 0, 111, 0, 0, 42, 5, 94]
1546588816260;[171, 0, 17, 255, 161, 72, 70, 206, 58, 0, 0, 205, 1, 0, 97, 0, 0, 24, 5, 94]
1546588816262;[171, 0, 17, 255, 161, 72, 70, 206, 58, 0, 0, 255, 1, 0, 109, 0, 0, 9, 5, 94]
1546588816731;[171, 0, 4, 255, 132, 128, 88]
1546588816811;[171, 0, 17, 255, 161, 72, 70, 206, 58, 0, 0, 217, 1, 0, 106, 0, 0, 2, 5, 94]
1546588816813;[171, 0, 17, 255, 161, 72, 70, 206, 58, 0, 0, 234, 1, 0, 100, 1, 0, 8, 5, 94]
1546588816814;[171, 0, 17, 255, 161, 72, 70, 206, 58, 0, 0, 218, 1, 0, 107, 0, 0, 1, 5, 94]
1546588816814;[171, 0, 17, 255, 161, 72, 70, 206, 58, 0, 0, 234, 1, 0, 107, 0, 0, 5, 5, 225]
1546588816961;[171, 0, 17, 255, 161, 72, 70, 206, 58, 0, 0, 233, 1, 0, 109, 0, 0, 6, 6, 79]
1546588816977;[171, 0, 17, 255, 161, 72, 70, 206, 58, 0, 0, 228, 1, 0, 108, 0, 0, 2, 6, 186]
1546588817145;[171, 0, 17, 255, 161, 72, 70, 206, 59, 0, 0, 232, 1, 0, 107, 0, 0, 3, 7, 66]
1546588817308;[171, 0, 17, 255, 161, 72, 70, 206, 59, 0, 0, 232, 1, 0, 105, 0, 0, 12, 7, 129]
1546588817321;[171, 0, 17, 255, 161, 72, 70, 206, 59, 0, 0, 230, 1, 0, 106, 0, 0, 8, 7, 214]
1546588817492;[171, 0, 17, 255, 161, 72, 70, 206, 59, 0, 0, 234, 1, 0, 106, 0, 0, 7, 8, 15]
1546588817493;[171, 0, 4, 255, 132, 128, 90]
1546588817675;[171, 0, 17, 255, 161, 72, 70, 206, 59, 0, 0, 219, 1, 0, 102, 0, 0, 3, 8, 61]
1546588817677;[171, 0, 17, 255, 161, 72, 70, 206, 59, 0, 0, 225, 1, 0, 110, 0, 0, 7, 8, 135]
1546588817831;[171, 0, 17, 255, 161, 72, 70, 206, 59, 0, 0, 240, 1, 0, 89, 0, 0, 9, 8, 205]
1546588818172;[171, 0, 17, 255, 161, 72, 70, 206, 59, 0, 0, 218, 1, 0, 91, 0, 0, 2, 8, 233]
1546588818174;[171, 0, 17, 255, 161, 72, 70, 206, 59, 0, 0, 192, 1, 0, 119, 1, 0, 12, 9, 217]
1546588818190;[171, 0, 17, 255, 161, 72, 70, 206, 59, 0, 0, 198, 1, 0, 65, 1, 0, 92, 9, 254]
1546588818206;[171, 0, 17, 255, 161, 72, 70, 206, 64, 0, 0, 191, 1, 0, 54, 1, 0, 78, 10, 42]
1546588818349;[171, 0, 17, 255, 161, 72, 70, 206, 64, 0, 0, 153, 1, 0, 7, 1, 0, 85, 9, 241]
1546588818523;[171, 0, 17, 255, 161, 72, 70, 206, 64, 0, 0, 211, 0, 0, 32, 1, 0, 128, 10, 79]
1546588818529;[171, 0, 17, 255, 161, 72, 70, 206, 64, 0, 0, 234, 0, 0, 155, 1, 0, 141, 11, 11]
1546588818687;[171, 0, 4, 255, 132, 128, 90]
1546588818711;[171, 0, 17, 255, 161, 72, 70, 206, 64, 0, 0, 236, 0, 0, 232, 1, 0, 127, 11, 203]
1546588818860;[171, 0, 17, 255, 161, 72, 70, 206, 64, 0, 0, 165, 0, 0, 187, 1, 0, 103, 11, 208]
1546588818862;[171, 0, 17, 255, 161, 72, 70, 206, 64, 0, 0, 165, 0, 0, 181, 1, 0, 107, 11, 163]
1546588819054;[171, 0, 17, 255, 161, 72, 70, 206, 64, 0, 0, 168, 0, 0, 168, 1, 0, 140, 11, 229]
1546588819370;[171, 0, 17, 255, 161, 72, 70, 206, 64, 0, 0, 135, 0, 0, 188, 1, 0, 130, 12, 100]
1546588819373;[171, 0, 17, 255, 161, 72, 70, 206, 64, 0, 0, 134, 0, 0, 181, 1, 0, 107, 12, 163]
1546588819390;[171, 0, 17, 255, 161, 72, 70, 206, 65, 0, 0, 165, 0, 0, 197, 1, 0, 62, 12, 86]
1546588819399;[171, 0, 17, 255, 161, 72, 70, 206, 65, 0, 0, 171, 0, 0, 207, 1, 0, 79, 12, 64]
1546588819550;[171, 0, 17, 255, 161, 72, 70, 206, 65, 0, 0, 145, 0, 0, 177, 1, 0, 97, 12, 123]
1546588819552;[171, 0, 17, 255, 161, 72, 70, 206, 65, 0, 0, 144, 0, 0, 164, 1, 0, 111, 12, 160]
1546588819712;[171, 0, 4, 255, 132, 128, 90]
1546588821828;[171, 0, 17, 255, 161, 72, 70, 206, 65, 0, 0, 151, 0, 0, 156, 1, 0, 121, 12, 205]
1546588821830;[171, 0, 17, 255, 161, 72, 70, 206, 65, 0, 0, 166, 0, 0, 163, 1, 0, 140, 12, 253]
1546588821835;[171, 0, 17, 255, 161, 72, 70, 206, 65, 0, 0, 164, 0, 0, 160, 1, 0, 150, 13, 28]
1546588821837;[171, 0, 17, 255, 161, 72, 70, 206, 65, 0, 0, 167, 0, 0, 163, 1, 0, 140, 13, 100]
1546588821848;[171, 0, 17, 255, 161, 72, 70, 206, 65, 0, 0, 167, 0, 0, 176, 1, 0, 121, 13, 131]
1546588821856;[171, 0, 17, 255, 161, 72, 70, 206, 65, 0, 0, 163, 0, 0, 167, 1, 0, 101, 13, 121]
1546588821858;[171, 0, 17, 255, 161, 72, 70, 206, 66, 0, 0, 163, 0, 0, 161, 1, 0, 91, 13, 67]
1546588821860;[171, 0, 17, 255, 161, 72, 70, 206, 66, 0, 0, 185, 0, 0, 165, 1, 0, 96, 13, 58]
1546588821863;[171, 0, 17, 255, 161, 72, 70, 206, 66, 0, 0, 200, 0, 0, 148, 1, 0, 102, 13, 20]
1546588821865;[171, 0, 17, 255, 161, 72, 70, 206, 66, 0, 1, 26, 0, 0, 101, 1, 0, 168, 12, 180]
1546588821867;[171, 0, 4, 255, 132, 128, 90]
1546588821870;[171, 0, 17, 255, 161, 72, 70, 206, 66, 0, 1, 89, 0, 0, 57, 1, 0, 202, 11, 159]
1546588821878;[171, 0, 17, 255, 161, 72, 70, 206, 66, 0, 1, 100, 0, 0, 21, 1, 0, 128, 10, 208]
1546588821880;[171, 0, 17, 255, 161, 72, 70, 206, 66, 0, 0, 253, 1, 0, 29, 1, 0, 33, 8, 183]
1546588821885;[171, 0, 17, 255, 161, 72, 70, 206, 66, 0, 0, 91, 1, 0, 88, 1, 0, 14, 8, 183]
1546588821887;[171, 0, 17, 255, 161, 72, 70, 206, 66, 0, 0, 54, 1, 0, 89, 1, 0, 64, 8, 183]
1546588821889;[171, 0, 17, 255, 161, 72, 70, 206, 66, 0, 0, 21, 1, 0, 190, 1, 0, 112, 8, 183]
1546588821891;[171, 0, 17, 255, 161, 72, 70, 206, 67, 0, 0, 7, 1, 1, 4, 1, 0, 115, 8, 183]
1546588821899;[171, 0, 17, 255, 161, 72, 70, 206, 67, 0, 0, 19, 1, 1, 0, 1, 0, 109, 8, 183]
1546588821957;[171, 0, 17, 255, 161, 72, 70, 206, 67, 1, 0, 52, 1, 0, 134, 1, 0, 48, 8, 183]
1546588821961;[171, 0, 17, 255, 161, 72, 70, 206, 67, 1, 0, 138, 1, 0, 147, 0, 0, 2, 8, 183]
1546588821964;[171, 0, 4, 255, 132, 128, 95]
1546588821968;[171, 0, 17, 255, 161, 72, 70, 206, 67, 1, 0, 59, 1, 0, 168, 1, 0, 191, 9, 144]
1546588822130;[171, 0, 17, 255, 161, 72, 70, 206, 67, 1, 0, 72, 1, 0, 164, 1, 0, 178, 10, 5]
1546588822303;[171, 0, 17, 255, 161, 72, 70, 206, 67, 0, 0, 38, 1, 0, 145, 1, 0, 217, 10, 133]
1546588822307;[171, 0, 17, 255, 161, 72, 70, 206, 67, 0, 0, 74, 1, 0, 163, 1, 0, 211, 10, 103]
1546588822480;[171, 0, 17, 255, 161, 72, 70, 206, 67, 0, 0, 71, 1, 0, 161, 1, 0, 182, 10, 63]
1546588822485;[171, 0, 17, 255, 161, 72, 70, 206, 67, 0, 0, 155, 1, 0, 141, 1, 0, 216, 10, 77]
1546588822650;[171, 0, 17, 255, 161, 72, 70, 206, 68, 0, 0, 208, 1, 0, 75, 1, 0, 184, 9, 235]
1546588822654;[171, 0, 17, 255, 161, 72, 70, 206, 68, 0, 0, 214, 1, 0, 26, 1, 0, 140, 9, 106]
1546588822821;[171, 0, 17, 255, 161, 72, 70, 206, 68, 0, 0, 203, 0, 0, 23, 1, 0, 138, 9, 34]
1546588823227;[171, 0, 17, 255, 161, 72, 70, 206, 68, 0, 0, 196, 0, 0, 16, 1, 0, 148, 8, 61]
1546588823228;[171, 0, 4, 255, 132, 128, 95]
1546588823229;[171, 0, 17, 255, 161, 72, 70, 206, 68, 0, 0, 218, 1, 0, 9, 1, 0, 145, 5, 250]
1546588823231;[171, 0, 17, 255, 161, 72, 70, 206, 68, 0, 0, 225, 1, 0, 22, 1, 0, 129, 5, 168]
1546588823332;[171, 0, 17, 255, 161, 72, 70, 206, 68, 0, 0, 213, 1, 0, 24, 1, 0, 125, 5, 146]
1546588823506;[171, 0, 17, 255, 161, 72, 70, 206, 68, 0, 0, 214, 1, 0, 39, 1, 0, 138, 5, 155]
1546588823510;[171, 0, 17, 255, 161, 72, 70, 206, 68, 0, 0, 212, 1, 0, 48, 1, 0, 137, 6, 7]
1546588823686;[171, 0, 17, 255, 161, 72, 70, 206, 68, 0, 0, 193, 1, 0, 47, 1, 0, 158, 6, 71]
1546588823688;[171, 0, 17, 255, 161, 72, 70, 206, 69, 0, 0, 187, 1, 0, 44, 1, 0, 177, 6, 63]
1546588823861;[171, 0, 17, 255, 161, 72, 70, 206, 69, 0, 0, 184, 1, 0, 44, 1, 0, 170, 6, 97]
1546588823862;[171, 0, 17, 255, 161, 72, 70, 206, 69, 0, 0, 181, 1, 0, 46, 1, 0, 171, 6, 109]
1546588824123;[171, 0, 17, 255, 161, 72, 70, 206, 69, 0, 0, 184, 1, 0, 48, 1, 0, 168, 6, 106]
1546588824198;[171, 0, 4, 255, 132, 128, 95]
1546588824201;[171, 0, 17, 255, 161, 72, 70, 206, 69, 0, 0, 181, 1, 0, 48, 1, 0, 175, 6, 110]
1546588824542;[171, 0, 17, 255, 161, 72, 70, 206, 69, 0, 0, 177, 1, 0, 43, 1, 0, 175, 6, 106]
1546588824545;[171, 0, 17, 255, 161, 72, 70, 206, 69, 0, 0, 183, 1, 0, 44, 1, 0, 178, 6, 101]
1546588824548;[171, 0, 17, 255, 161, 72, 70, 206, 69, 0, 0, 178, 1, 0, 45, 1, 0, 177, 6, 102]
1546588824552;[171, 0, 17, 255, 161, 72, 70, 206, 69, 0, 0, 178, 1, 0, 42, 1, 0, 184, 6, 108]
1546588824720;[171, 0, 17, 255, 161, 72, 70, 206, 69, 0, 0, 178, 1, 0, 41, 1, 0, 177, 6, 109]
1546588824890;[171, 0, 17, 255, 161, 72, 70, 206, 70, 0, 0, 177, 1, 0, 38, 1, 0, 178, 6, 108]
1546588824894;[171, 0, 17, 255, 161, 72, 70, 206, 70, 0, 0, 183, 1, 0, 39, 1, 0, 184, 6, 107]
1546588825239;[171, 0, 17, 255, 161, 72, 70, 206, 70, 0, 0, 173, 1, 0, 40, 1, 0, 184, 6, 112]
1546588825244;[171, 0, 17, 255, 161, 72, 70, 206, 70, 0, 0, 178, 1, 0, 44, 1, 0, 176, 6, 115]
1546588825248;[171, 0, 4, 255, 132, 128, 95]
1546588825407;[171, 0, 17, 255, 161, 72, 70, 206, 70, 0, 0, 166, 1, 0, 35, 1, 0, 196, 6, 154]
1546588825409;[171, 0, 17, 255, 161, 72, 70, 206, 70, 0, 0, 166, 1, 0, 43, 1, 0, 197, 6, 65]
1546588825858;[171, 0, 17, 255, 161, 72, 70, 206, 70, 0, 0, 157, 1, 0, 49, 1, 0, 196, 5, 94]
1546588825860;[171, 0, 17, 255, 161, 72, 70, 206, 70, 0, 0, 147, 1, 0, 44, 1, 0, 164, 4, 206]
1546588825861;[171, 0, 17, 255, 161, 72, 70, 206, 70, 0, 0, 117, 0, 0, 34, 1, 0, 125, 5, 245]
1546588825862;[171, 0, 17, 255, 161, 72, 70, 206, 70, 0, 0, 203, 0, 0, 75, 1, 0, 76, 6, 247]
1546588825934;[171, 0, 17, 255, 161, 72, 70, 206, 71, 0, 0, 211, 0, 0, 57, 1, 0, 49, 7, 3]
1546588826110;[171, 0, 17, 255, 161, 72, 70, 206, 71, 0, 0, 248, 0, 0, 92, 1, 0, 95, 6, 192]
1546588826112;[171, 0, 17, 255, 161, 72, 70, 206, 71, 0, 1, 54, 0, 0, 209, 1, 0, 118, 7, 99]
1546588826272;[171, 0, 17, 255, 161, 72, 70, 206, 71, 0, 0, 225, 0, 0, 254, 1, 0, 66, 6, 177]
1546588826273;[171, 0, 4, 255, 132, 128, 95]
1546588826449;[171, 0, 17, 255, 161, 72, 70, 206, 71, 0, 0, 136, 0, 1, 9, 0, 0, 28, 5, 242]
1546588826452;[171, 0, 17, 255, 161, 72, 70, 206, 71, 0, 0, 118, 0, 1, 8, 0, 0, 77, 10, 160]
1546588826624;[171, 0, 17, 255, 161, 72, 70, 206, 71, 0, 0, 72, 0, 0, 241, 0, 0, 80, 10, 160]
1546588827151;[171, 0, 17, 255, 161, 72, 70, 206, 71, 0, 0, 63, 0, 1, 3, 0, 0, 96, 10, 160]
1546588827153;[171, 0, 17, 255, 161, 72, 70, 206, 71, 0, 0, 47, 0, 0, 255, 0, 0, 97, 10, 160]
1546588827154;[171, 0, 17, 255, 161, 72, 70, 206, 71, 0, 0, 52, 0, 0, 239, 0, 0, 80, 10, 160]
1546588827158;[171, 0, 17, 255, 161, 72, 70, 206, 72, 0, 0, 72, 0, 1, 7, 0, 0, 93, 10, 160]
1546588827317;[171, 0, 17, 255, 161, 72, 70, 206, 72, 0, 0, 105, 0, 0, 254, 0, 0, 114, 10, 160]
1546588827318;[171, 0, 17, 255, 161, 72, 70, 206, 72, 0, 0, 101, 0, 0, 248, 0, 0, 77, 10, 160]
1546588827318;[171, 0, 17, 255, 161, 72, 70, 206, 72, 0, 0, 84, 0, 0, 231, 0, 0, 62, 10, 160]
1546588827487;[171, 0, 4, 255, 132, 128, 95]
1546588827501;[171, 0, 17, 255, 161, 72, 70, 206, 72, 1, 0, 14, 0, 0, 118, 0, 0, 27, 10, 160]
1546588827656;[171, 0, 17, 255, 161, 72, 70, 206, 72, 0, 0, 123, 0, 0, 237, 0, 0, 129, 10, 160]
1546588827657;[171, 0, 17, 255, 161, 72, 70, 206, 72, 0, 0, 98, 0, 0, 251, 0, 0, 83, 10, 160]
1546588827834;[171, 0, 17, 255, 161, 72, 70, 206, 72, 0, 0, 105, 0, 0, 223, 0, 0, 114, 10, 160]
1546588827993;[171, 0, 17, 255, 161, 72, 70, 206, 72, 0, 0, 65, 0, 0, 218, 0, 0, 101, 10, 160]
1546588828009;[171, 0, 17, 255, 161, 72, 70, 206, 72, 0, 0, 63, 0, 0, 202, 0, 0, 63, 10, 160]
1546588828348;[171, 0, 17, 255, 161, 72, 70, 206, 73, 0, 0, 74, 0, 0, 91, 0, 0, 92, 10, 160]
1546588828349;[171, 0, 17, 255, 161, 72, 70, 206, 73, 0, 0, 61, 0, 0, 208, 0, 0, 67, 10, 160]
1546588828364;[171, 0, 17, 255, 161, 72, 70, 206, 73, 0, 0, 77, 0, 0, 207, 0, 0, 84, 10, 160]
1546588828365;[171, 0, 17, 255, 161, 72, 70, 206, 73, 0, 0, 94, 0, 0, 237, 0, 0, 67, 10, 160]
1546588828525;[171, 0, 4, 255, 132, 128, 96]
1546588828685;[171, 0, 17, 255, 161, 72, 70, 206, 73, 0, 0, 113, 0, 0, 247, 0, 0, 80, 10, 160]
1546588828702;[171, 0, 17, 255, 161, 72, 70, 206, 73, 0, 0, 171, 0, 0, 252, 0, 0, 68, 10, 160]
1546588828866;[171, 0, 17, 255, 161, 72, 70, 206, 73, 0, 0, 189, 0, 0, 239, 0, 0, 83, 10, 160]
1546588828867;[171, 0, 17, 255, 161, 72, 70, 206, 73, 0, 0, 210, 0, 0, 185, 0, 0, 70, 10, 160]
1546588829039;[171, 0, 17, 255, 161, 72, 70, 206, 73, 0, 0, 225, 0, 0, 128, 0, 0, 40, 10, 160]
1546588829202;[171, 0, 17, 255, 161, 72, 70, 206, 73, 0, 0, 237, 0, 0, 73, 0, 0, 22, 10, 160]
1546588829217;[171, 0, 17, 255, 161, 72, 70, 206, 74, 0, 0, 253, 0, 0, 25, 0, 0, 14, 10, 179]
1546588829556;[171, 0, 17, 255, 161, 72, 70, 206, 74, 0, 1, 35, 1, 0, 1, 1, 0, 24, 10, 228]
1546588829558;[171, 0, 17, 255, 161, 72, 70, 206, 74, 0, 1, 90, 1, 0, 56, 0, 0, 31, 31, 64]
1546588829559;[171, 0, 17, 255, 161, 72, 70, 206, 74, 0, 0, 209, 0, 0, 30, 0, 0, 41, 7, 208]
1546588829571;[171, 0, 4, 255, 132, 128, 96]
1546588829733;[171, 0, 17, 255, 161, 72, 70, 206, 74, 0, 0, 234, 0, 0, 25, 0, 0, 95, 7, 208]
1546588829894;[171, 0, 17, 255, 161, 72, 70, 206, 74, 0, 0, 236, 1, 0, 70, 0, 0, 73, 7, 208]
1546588829895;[171, 0, 17, 255, 161, 72, 70, 206, 74, 0, 1, 5, 0, 0, 10, 0, 0, 41, 7, 208]
1546588830071;[171, 0, 17, 255, 161, 72, 70, 206, 74, 0, 0, 208, 0, 0, 21, 0, 0, 61, 7, 208]
1546588830072;[171, 0, 17, 255, 161, 72, 70, 206, 74, 0, 0, 234, 1, 0, 20, 0, 0, 162, 7, 208]
1546588830246;[171, 0, 17, 255, 161, 72, 70, 206, 74, 0, 0, 231, 0, 0, 21, 0, 0, 114, 7, 208]
1546588830408;[171, 0, 17, 255, 161, 72, 70, 206, 75, 0, 0, 236, 0, 0, 25, 0, 0, 118, 2, 66]
1546588830586;[171, 0, 17, 255, 161, 72, 70, 206, 75, 0, 0, 244, 0, 0, 23, 0, 0, 99, 16, 0]
1546588830587;[171, 0, 17, 255, 161, 72, 70, 206, 75, 0, 0, 244, 0, 0, 30, 0, 0, 95, 7, 139]
1546588830588;[171, 0, 17, 255, 161, 72, 70, 206, 75, 0, 0, 250, 0, 0, 45, 0, 0, 84, 9, 187]
1546588830940;[171, 0, 4, 255, 132, 128, 96]
1546588830941;[171, 0, 17, 255, 161, 72, 70, 206, 75, 0, 0, 210, 0, 0, 35, 0, 0, 132, 31, 255]
1546588830942;[171, 0, 17, 255, 161, 72, 70, 206, 75, 0, 0, 244, 0, 0, 36, 0, 0, 135, 11, 40]
1546588831102;[171, 0, 17, 255, 161, 72, 70, 206, 75, 0, 0, 239, 0, 0, 35, 0, 0, 74, 11, 40]
1546588831103;[171, 0, 17, 255, 161, 72, 70, 206, 75, 0, 0, 196, 0, 0, 92, 0, 0, 89, 11, 40]
1546588831278;[171, 0, 17, 255, 161, 72, 70, 206, 75, 0, 0, 253, 0, 0, 24, 0, 0, 119, 10, 65]
1546588831279;[171, 0, 17, 255, 161, 72, 70, 206, 75, 0, 0, 245, 0, 0, 35, 0, 0, 60, 10, 65]
1546588831456;[171, 0, 17, 255, 161, 72, 70, 206, 76, 0, 1, 33, 0, 0, 38, 0, 0, 62, 10, 65]
1546588831457;[171, 0, 17, 255, 161, 72, 70, 206, 76, 0, 0, 250, 0, 0, 16, 0, 0, 88, 10, 65]
1546588831616;[171, 0, 17, 255, 161, 72, 70, 206, 76, 0, 1, 14, 0, 0, 8, 0, 0, 60, 9, 39]
1546588831793;[171, 0, 17, 255, 161, 72, 70, 206, 76, 0, 1, 7, 0, 0, 30, 0, 0, 50, 8, 175]
1546588831794;[171, 0, 4, 255, 132, 128, 95]
1546588832148;[171, 0, 17, 255, 161, 72, 70, 206, 76, 0, 1, 10, 0, 0, 33, 0, 0, 65, 8, 247]
1546588832149;[171, 0, 17, 255, 161, 72, 70, 206, 76, 0, 1, 22, 0, 0, 29, 0, 0, 57, 9, 90]
1546588832150;[171, 0, 17, 255, 161, 72, 70, 206, 76, 0, 0, 247, 0, 0, 24, 0, 0, 83, 9, 33]
1546588832486;[171, 0, 17, 255, 161, 72, 70, 206, 76, 0, 0, 251, 0, 0, 36, 0, 0, 73, 8, 98]
1546588832487;[171, 0, 17, 255, 161, 72, 70, 206, 76, 0, 0, 239, 0, 0, 36, 0, 0, 49, 8, 98]
1546588832488;[171, 0, 17, 255, 161, 72, 70, 206, 76, 0, 0, 210, 0, 0, 63, 0, 0, 99, 8, 98]
1546588832489;[171, 0, 17, 255, 161, 72, 70, 206, 77, 0, 1, 13, 0, 0, 88, 0, 0, 80, 7, 199]
1546588832663;[171, 0, 17, 255, 161, 72, 70, 206, 77, 0, 0, 208, 0, 0, 84, 0, 0, 106, 6, 110]
1546588832664;[171, 0, 17, 255, 161, 72, 70, 206, 77, 0, 1, 5, 0, 0, 230, 0, 0, 69, 6, 110]
1546588832824;[171, 0, 17, 255, 161, 72, 70, 206, 77, 0, 0, 141, 0, 1, 7, 0, 0, 153, 6, 110]
1546588833001;[171, 0, 4, 255, 132, 128, 95]
1546588833002;[171, 0, 17, 255, 161, 72, 70, 206, 77, 0, 0, 162, 0, 0, 244, 0, 0, 80, 6, 110]
1546588833178;[171, 0, 17, 255, 161, 72, 70, 206, 77, 0, 0, 234, 0, 0, 195, 0, 0, 38, 6, 110]
1546588833179;[171, 0, 17, 255, 161, 72, 70, 206, 77, 0, 0, 240, 0, 0, 163, 1, 0, 6, 6, 110]
1546588833517;[171, 0, 17, 255, 161, 72, 70, 206, 77, 0, 0, 228, 0, 0, 127, 1, 0, 29, 6, 110]
1546588833518;[171, 0, 17, 255, 161, 72, 70, 206, 77, 0, 0, 212, 0, 0, 105, 1, 0, 27, 6, 110]
1546588833519;[171, 0, 17, 255, 161, 72, 70, 206, 77, 0, 0, 223, 0, 0, 97, 1, 0, 5, 6, 186]
1546588833694;[171, 0, 17, 255, 161, 72, 70, 206, 78, 0, 0, 201, 0, 0, 63, 1, 0, 19, 6, 165]
1546588833694;[171, 0, 17, 255, 161, 72, 70, 206, 78, 0, 0, 173, 0, 0, 55, 1, 0, 45, 7, 25]
1546588833871;[171, 0, 17, 255, 161, 72, 70, 206, 78, 0, 0, 203, 0, 0, 70, 1, 0, 78, 7, 23]
1546588833872;[171, 0, 17, 255, 161, 72, 70, 206, 78, 0, 0, 223, 0, 0, 43, 1, 0, 88, 7, 29]
1546588834032;[171, 0, 4, 255, 132, 128, 96]
1546588834209;[171, 0, 17, 255, 161, 72, 70, 206, 78, 0, 0, 226, 0, 0, 33, 1, 0, 108, 7, 82]
1546588834210;[171, 0, 17, 255, 161, 72, 70, 206, 78, 0, 0, 236, 0, 0, 24, 1, 0, 110, 7, 161]
1546588834387;[171, 0, 17, 255, 161, 72, 70, 206, 78, 0, 0, 221, 0, 0, 19, 1, 0, 111, 7, 232]
1546588834388;[171, 0, 17, 255, 161, 72, 70, 206, 78, 0, 0, 230, 0, 0, 12, 1, 0, 117, 8, 36]
1546588834725;[171, 0, 17, 255, 161, 72, 70, 206, 78, 0, 0, 231, 0, 0, 16, 1, 0, 123, 8, 102]
1546588834726;[171, 0, 17, 255, 161, 72, 70, 206, 78, 0, 0, 230, 0, 0, 12, 1, 0, 117, 8, 116]
1546588834741;[171, 0, 17, 255, 161, 72, 70, 206, 79, 0, 0, 219, 1, 0, 1, 1, 0, 125, 8, 139]
1546588834902;[171, 0, 17, 255, 161, 72, 70, 206, 79, 0, 0, 232, 0, 0, 1, 1, 0, 130, 8, 207]
1546588834902;[171, 0, 17, 255, 161, 72, 70, 206, 79, 0, 0, 234, 1, 0, 16, 1, 0, 138, 9, 17]
1546588835079;[171, 0, 17, 255, 161, 72, 70, 206, 79, 0, 0, 219, 1, 0, 1, 1, 0, 155, 9, 97]
1546588835080;[171, 0, 4, 255, 132, 128, 96]
1546588835239;[171, 0, 17, 255, 161, 72, 70, 206, 79, 0, 0, 171, 1, 0, 4, 1, 0, 168, 9, 155]
1546588835255;[171, 0, 17, 255, 161, 72, 70, 206, 79, 0, 0, 199, 1, 0, 16, 1, 0, 166, 9, 151]
1546588835417;[171, 0, 17, 255, 161, 72, 70, 206, 79, 0, 0, 201, 1, 0, 1, 1, 0, 158, 10, 125]
1546588835593;[171, 0, 17, 255, 161, 72, 70, 206, 79, 0, 0, 212, 0, 0, 1, 1, 0, 161, 11, 99]
1546588835594;[171, 0, 17, 255, 161, 72, 70, 206, 79, 0, 0, 218, 1, 0, 17, 1, 0, 151, 12, 57]
1546588836111;[171, 0, 17, 255, 161, 72, 70, 206, 79, 0, 0, 197, 1, 0, 14, 1, 0, 131, 12, 39]
1546588836112;[171, 0, 17, 255, 161, 72, 70, 206, 80, 0, 0, 240, 0, 0, 8, 1, 0, 121, 11, 180]
1546588836113;[171, 0, 17, 255, 161, 72, 70, 206, 80, 0, 0, 206, 1, 0, 10, 1, 0, 123, 11, 178]
1546588836125;[171, 0, 17, 255, 161, 72, 70, 206, 80, 0, 0, 212, 1, 0, 6, 1, 0, 136, 12, 1]
1546588836288;[171, 0, 17, 255, 161, 72, 70, 206, 80, 0, 0, 211, 1, 0, 15, 1, 0, 137, 12, 32]
1546588836288;[171, 0, 4, 255, 132, 128, 96]
1546588836290;[171, 0, 17, 255, 161, 72, 70, 206, 80, 0, 0, 215, 1, 0, 14, 1, 0, 146, 12, 134]
1546588836447;[171, 0, 17, 255, 161, 72, 70, 206, 80, 0, 0, 211, 1, 0, 2, 1, 0, 151, 12, 235]
1546588836465;[171, 0, 17, 255, 161, 72, 70, 206, 80, 0, 0, 208, 1, 0, 4, 1, 0, 150, 13, 64]
1546588836625;[171, 0, 17, 255, 161, 72, 70, 206, 80, 0, 0, 198, 1, 0, 1, 1, 0, 157, 13, 150]
1546588836802;[171, 0, 17, 255, 161, 72, 70, 206, 80, 0, 0, 243, 1, 0, 7, 1, 0, 122, 14, 4]
1546588836803;[171, 0, 17, 255, 161, 72, 70, 206, 80, 0, 0, 199, 1, 0, 1, 1, 0, 142, 14, 69]
1546588836979;[171, 0, 17, 255, 161, 72, 70, 206, 81, 0, 0, 230, 0, 0, 2, 1, 0, 125, 14, 138]
1546588836980;[171, 0, 17, 255, 161, 72, 70, 206, 81, 0, 0, 221, 1, 0, 7, 1, 0, 117, 15, 0]
1546588837317;[171, 0, 17, 255, 161, 72, 70, 206, 81, 0, 0, 227, 1, 0, 9, 1, 0, 105, 31, 108]
1546588837318;[171, 0, 17, 255, 161, 72, 70, 206, 83, 1, 0, 62, 0, 0, 65, 1, 0, 229, 6, 205]
1546588837494;[171, 0, 17, 255, 161, 72, 70, 206, 83, 1, 0, 53, 0, 0, 61, 1, 0, 238, 7, 25]
1546588837656;[171, 0, 17, 255, 161, 72, 70, 206, 83, 1, 0, 63, 0, 0, 33, 1, 0, 243, 7, 244]
1546588837656;[171, 0, 17, 255, 161, 72, 70, 206, 83, 1, 0, 62, 0, 0, 25, 1, 0, 237, 7, 233]
1546588837833;[171, 0, 17, 255, 161, 72, 70, 206, 83, 1, 0, 82, 0, 0, 58, 1, 0, 238, 8, 48]
1546588838010;[171, 0, 17, 255, 161, 72, 70, 206, 83, 1, 0, 65, 0, 0, 37, 1, 0, 254, 8, 228]
1546588838011;[171, 0, 17, 255, 161, 72, 70, 206, 84, 1, 0, 18, 0, 0, 30, 1, 1, 24, 9, 129]
1546588838172;[171, 0, 17, 255, 161, 72, 70, 206, 84, 1, 0, 43, 0, 0, 13, 1, 0, 253, 9, 136]
1546588838186;[171, 0, 17, 255, 161, 72, 70, 206, 84, 1, 0, 22, 1, 0, 28, 1, 0, 254, 7, 102]
1546588838525;[171, 0, 17, 255, 161, 72, 70, 206, 84, 1, 0, 4, 1, 0, 28, 1, 1, 7, 6, 160]
1546588838525;[171, 0, 4, 255, 132, 128, 99]
1546588838527;[171, 0, 17, 255, 161, 72, 70, 206, 84, 0, 0, 6, 1, 0, 67, 1, 1, 3, 5, 174]
1546588838702;[171, 0, 17, 255, 161, 72, 70, 206, 84, 1, 0, 19, 1, 0, 74, 1, 1, 14, 5, 235]
1546588838703;[171, 0, 17, 255, 161, 72, 70, 206, 84, 1, 0, 11, 1, 0, 46, 1, 0, 240, 5, 168]
1546588838863;[171, 0, 17, 255, 161, 72, 70, 206, 84, 1, 0, 4, 1, 0, 62, 1, 0, 255, 5, 163]
1546588838864;[171, 0, 17, 255, 161, 72, 70, 206, 84, 1, 0, 5, 1, 0, 55, 1, 1, 7, 5, 125]
1546588839040;[171, 0, 17, 255, 161, 72, 70, 206, 84, 1, 0, 4, 1, 0, 40, 1, 0, 240, 5, 117]
1546588839218;[171, 0, 17, 255, 161, 72, 70, 206, 85, 0, 0, 3, 1, 0, 41, 1, 1, 1, 5, 98]
1546588839218;[171, 0, 17, 255, 161, 72, 70, 206, 85, 0, 0, 2, 1, 0, 40, 1, 1, 4, 4, 227]
1546588839378;[171, 0, 17, 255, 161, 72, 70, 206, 85, 0, 0, 15, 1, 0, 75, 1, 0, 246, 4, 227]
1546588839395;[171, 0, 17, 255, 161, 72, 70, 206, 85, 0, 0, 26, 1, 0, 96, 1, 0, 237, 4, 227]
1546588839555;[171, 0, 4, 255, 132, 128, 99]
1546588839557;[171, 0, 17, 255, 161, 72, 70, 206, 85, 0, 0, 37, 1, 0, 95, 1, 0, 229, 4, 227]
1546588839910;[171, 0, 17, 255, 161, 72, 70, 206, 85, 0, 0, 18, 1, 0, 106, 1, 0, 224, 4, 227]
1546588839911;[171, 0, 17, 255, 161, 72, 70, 206, 85, 0, 0, 11, 1, 0, 101, 1, 0, 224, 4, 227]
1546588839911;[171, 0, 17, 255, 161, 72, 70, 206, 85, 0, 0, 13, 1, 0, 102, 1, 0, 228, 4, 167]
1546588840071;[171, 0, 17, 255, 161, 72, 70, 206, 85, 0, 0, 21, 1, 0, 102, 1, 0, 229, 5, 176]
1546588840072;[171, 0, 17, 255, 161, 72, 70, 206, 85, 0, 0, 23, 1, 0, 107, 1, 0, 228, 3, 150]
1546588840248;[171, 0, 17, 255, 161, 72, 70, 206, 86, 0, 0, 27, 1, 0, 108, 1, 0, 230, 10, 177]
1546588840249;[171, 0, 17, 255, 161, 72, 70, 206, 86, 0, 0, 13, 1, 0, 103, 1, 0, 232, 10, 207]
1546588840425;[171, 0, 17, 255, 161, 72, 70, 206, 86, 0, 0, 13, 1, 0, 105, 1, 0, 225, 10, 207]
1546588840586;[171, 0, 17, 255, 161, 72, 70, 206, 86, 0, 0, 4, 1, 0, 119, 1, 0, 217, 10, 207]
1546588840602;[171, 0, 4, 255, 132, 128, 99]
1546588840764;[171, 0, 17, 255, 161, 72, 70, 206, 86, 0, 0, 3, 1, 0, 109, 1, 0, 227, 10, 207]
1546588840765;[171, 0, 17, 255, 161, 72, 70, 206, 86, 0, 0, 4, 1, 0, 50, 1, 0, 238, 10, 46]
1546588841118;[171, 0, 17, 255, 161, 72, 70, 206, 86, 1, 0, 2, 1, 0, 16, 1, 0, 221, 31, 255]
1546588841120;[171, 0, 17, 255, 161, 72, 70, 206, 86, 1, 0, 12, 0, 0, 49, 1, 1, 10, 10, 255]
1546588841121;[171, 0, 17, 255, 161, 72, 70, 206, 86, 1, 0, 56, 0, 0, 42, 1, 0, 240, 10, 41]
1546588841279;[171, 0, 17, 255, 161, 72, 70, 206, 86, 1, 0, 34, 0, 0, 16, 1, 0, 243, 10, 64]
1546588841280;[171, 0, 17, 255, 161, 72, 70, 206, 87, 1, 0, 34, 0, 0, 60, 1, 0, 254, 8, 205]
1546588841455;[171, 0, 17, 255, 161, 72, 70, 206, 87, 1, 0, 37, 0, 0, 81, 1, 0, 238, 8, 102]
1546588841456;[171, 0, 17, 255, 161, 72, 70, 206, 87, 1, 0, 54, 0, 0, 104, 1, 1, 2, 5, 214]
1546588841633;[171, 0, 17, 255, 161, 72, 70, 206, 87, 1, 0, 74, 0, 0, 122, 1, 0, 232, 5, 214]
1546588841793;[171, 0, 4, 255, 132, 128, 99]
1546588841795;[171, 0, 17, 255, 161, 72, 70, 206, 87, 1, 0, 51, 0, 0, 125, 1, 0, 235, 5, 214]
1546588841971;[171, 0, 17, 255, 161, 72, 70, 206, 87, 1, 0, 59, 0, 0, 129, 1, 0, 233, 5, 214]
1546588841972;[171, 0, 17, 255, 161, 72, 70, 206, 87, 1, 0, 79, 0, 0, 135, 1, 0, 224, 6, 249]
1546588842486;[171, 0, 17, 255, 161, 72, 70, 206, 87, 1, 0, 69, 0, 0, 142, 1, 0, 220, 8, 185]
1546588842487;[171, 0, 17, 255, 161, 72, 70, 206, 87, 1, 0, 74, 0, 0, 142, 1, 0, 217, 9, 186]
1546588842488;[171, 0, 17, 255, 161, 72, 70, 206, 87, 1, 0, 98, 0, 0, 134, 1, 0, 201, 9, 186]
1546588842503;[171, 0, 17, 255, 161, 72, 70, 206, 88, 1, 0, 92, 0, 0, 137, 1, 0, 207, 10, 26]
1546588842665;[171, 0, 17, 255, 161, 72, 70, 206, 88, 1, 0, 69, 0, 0, 106, 1, 0, 181, 8, 162]
1546588842666;[171, 0, 17, 255, 161, 72, 70, 206, 88, 1, 0, 61, 0, 0, 146, 1, 0, 228, 8, 63]
1546588842667;[171, 0, 17, 255, 161, 72, 70, 206, 88, 1, 0, 69, 0, 0, 152, 1, 0, 224, 6, 209]
1546588842841;[171, 0, 4, 255, 132, 128, 98]
1546588843002;[171, 0, 17, 255, 161, 72, 70, 206, 88, 1, 0, 46, 0, 0, 157, 1, 0, 215, 6, 190]
1546588843003;[171, 0, 17, 255, 161, 72, 70, 206, 88, 1, 0, 39, 0, 0, 175, 1, 0, 198, 7, 116]
1546588843356;[171, 0, 17, 255, 161, 72, 70, 206, 88, 1, 0, 11, 0, 0, 181, 1, 0, 173, 7, 240]
1546588843357;[171, 0, 17, 255, 161, 72, 70, 206, 88, 0, 0, 41, 0, 0, 134, 1, 0, 93, 8, 97]
1546588843358;[171, 0, 17, 255, 161, 72, 70, 206, 88, 0, 1, 85, 0, 0, 14, 1, 0, 189, 8, 76]
1546588843359;[171, 0, 17, 255, 161, 72, 70, 206, 88, 0, 1, 78, 0, 0, 95, 0, 0, 4, 8, 76]
1546588843695;[171, 0, 17, 255, 161, 72, 70, 206, 89, 0, 1, 72, 0, 0, 98, 0, 0, 74, 8, 76]
1546588843696;[171, 0, 17, 255, 161, 72, 70, 206, 89, 0, 0, 224, 0, 0, 158, 0, 0, 95, 8, 76]
1546588843710;[171, 0, 17, 255, 161, 72, 70, 206, 89, 0, 0, 199, 0, 0, 143, 0, 0, 156, 8, 76]
1546588843865;[171, 0, 17, 255, 161, 72, 70, 206, 89, 0, 0, 187, 0, 0, 106, 0, 0, 165, 8, 76]
1546588843873;[171, 0, 4, 255, 132, 128, 99]
1546588844049;[171, 0, 17, 255, 161, 72, 70, 206, 89, 0, 0, 194, 0, 0, 96, 0, 0, 203, 8, 76]
1546588844050;[171, 0, 17, 255, 161, 72, 70, 206, 89, 0, 0, 141, 0, 0, 79, 0, 0, 210, 12, 60]
1546588844210;[171, 0, 17, 255, 161, 72, 70, 206, 89, 0, 0, 168, 0, 0, 78, 0, 0, 200, 12, 60]
1546588844388;[171, 0, 17, 255, 161, 72, 70, 206, 89, 0, 0, 128, 0, 0, 44, 0, 0, 239, 12, 60]
1546588844389;[171, 0, 17, 255, 161, 72, 70, 206, 89, 0, 0, 95, 0, 0, 48, 0, 0, 228, 12, 60]
1546588844565;[171, 0, 17, 255, 161, 72, 70, 206, 89, 0, 0, 98, 0, 0, 44, 0, 0, 233, 12, 60]
1546588844566;[171, 0, 17, 255, 161, 72, 70, 206, 90, 0, 0, 106, 0, 0, 38, 0, 0, 237, 12, 60]
1546588845080;[171, 0, 17, 255, 161, 72, 70, 206, 90, 0, 0, 101, 0, 0, 37, 0, 0, 246, 31, 93]
1546588845081;[171, 0, 17, 255, 161, 72, 70, 206, 90, 0, 0, 101, 0, 0, 28, 0, 0, 228, 12, 177]
1546588845082;[171, 0, 17, 255, 161, 72, 70, 206, 90, 0, 0, 92, 0, 0, 24, 0, 1, 4, 12, 177]
1546588845096;[171, 0, 4, 255, 132, 128, 99]
1546588845257;[171, 0, 17, 255, 161, 72, 70, 206, 90, 0, 0, 101, 0, 0, 17, 0, 1, 5, 12, 177]
1546588845258;[171, 0, 17, 255, 161, 72, 70, 206, 90, 0, 0, 101, 0, 0, 29, 0, 0, 234, 10, 112]
1546588845259;[171, 0, 17, 255, 161, 72, 70, 206, 90, 0, 0, 98, 0, 0, 10, 0, 0, 252, 9, 184]
1546588845418;[171, 0, 17, 255, 161, 72, 70, 206, 90, 0, 0, 101, 0, 0, 8, 0, 1, 2, 9, 184]
1546588845595;[171, 0, 17, 255, 161, 72, 70, 206, 90, 0, 0, 113, 0, 0, 16, 0, 0, 235, 9, 184]
1546588845595;[171, 0, 17, 255, 161, 72, 70, 206, 90, 0, 0, 106, 0, 0, 8, 0, 0, 235, 12, 233]
1546588845772;[171, 0, 17, 255, 161, 72, 70, 206, 91, 0, 0, 99, 0, 0, 1, 0, 0, 242, 12, 233]
1546588845773;[171, 0, 17, 255, 161, 72, 70, 206, 91, 0, 0, 98, 0, 0, 4, 0, 0, 249, 12, 233]
1546588845933;[171, 0, 17, 255, 161, 72, 70, 206, 91, 0, 0, 101, 0, 0, 4, 0, 0, 228, 12, 233]
1546588846288;[171, 0, 17, 255, 161, 72, 70, 206, 91, 0, 0, 91, 0, 0, 2, 0, 0, 242, 12, 84]
1546588846289;[171, 0, 4, 255, 132, 128, 99]
1546588846290;[171, 0, 17, 255, 161, 72, 70, 206, 91, 0, 0, 98, 0, 0, 1, 0, 0, 243, 11, 235]
1546588846291;[171, 0, 17, 255, 161, 72, 70, 206, 91, 0, 0, 113, 0, 0, 21, 0, 0, 201, 12, 140]
1546588846465;[171, 0, 17, 255, 161, 72, 70, 206, 91, 0, 0, 107, 0, 0, 29, 0, 0, 217, 3, 180]
1546588846466;[171, 0, 17, 255, 161, 72, 70, 206, 91, 0, 0, 142, 1, 0, 10, 0, 1, 1, 3, 180]
1546588846626;[171, 0, 17, 255, 161, 72, 70, 206, 91, 0, 0, 183, 1, 0, 28, 0, 0, 214, 3, 180]
1546588846803;[171, 0, 17, 255, 161, 72, 70, 206, 91, 0, 0, 181, 1, 0, 4, 0, 0, 179, 3, 180]
1546588846804;[171, 0, 17, 255, 161, 72, 70, 206, 92, 0, 0, 204, 0, 0, 12, 0, 0, 112, 3, 180]
1546588846980;[171, 0, 17, 255, 161, 72, 70, 206, 92, 0, 0, 237, 0, 0, 11, 0, 0, 100, 3, 180]
1546588846981;[171, 0, 17, 255, 161, 72, 70, 206, 92, 0, 0, 236, 1, 0, 1, 0, 0, 106, 3, 180]
1546588847141;[171, 0, 17, 255, 161, 72, 70, 206, 92, 0, 0, 251, 1, 0, 16, 0, 0, 90, 3, 180]
1546588847142;[171, 0, 4, 255, 132, 128, 99]
1546588847496;[171, 0, 17, 255, 161, 72, 70, 206, 92, 0, 0, 224, 0, 0, 11, 0, 0, 106, 3, 180]
1546588847496;[171, 0, 17, 255, 161, 72, 70, 206, 92, 0, 0, 218, 0, 0, 49, 0, 0, 85, 3, 180]
1546588847497;[171, 0, 17, 255, 161, 72, 70, 206, 92, 0, 0, 241, 0, 0, 0, 1, 0, 51, 3, 180]
1546588847672;[171, 0, 17, 255, 161, 72, 70, 206, 92, 0, 0, 224, 0, 0, 8, 1, 0, 32, 3, 180]
1546588847674;[171, 0, 17, 255, 161, 72, 70, 206, 92, 0, 0, 241, 0, 0, 8, 1, 0, 80, 3, 192]
1546588847833;[171, 0, 17, 255, 161, 72, 70, 206, 92, 0, 0, 254, 1, 0, 7, 1, 0, 88, 3, 243]
1546588848011;[171, 0, 17, 255, 161, 72, 70, 206, 93, 0, 0, 246, 0, 0, 19, 1, 0, 69, 4, 134]
1546588848011;[171, 0, 17, 255, 161, 72, 70, 206, 93, 0, 0, 218, 0, 0, 12, 1, 0, 84, 5, 56]
1546588848187;[171, 0, 17, 255, 161, 72, 70, 206, 93, 0, 0, 213, 0, 0, 25, 1, 0, 110, 4, 35]
1546588848188;[171, 0, 17, 255, 161, 72, 70, 206, 93, 0, 0, 224, 0, 0, 16, 1, 0, 134, 3, 139]
1546588848348;[171, 0, 4, 255, 132, 128, 99]
1546588848368;[171, 0, 17, 255, 161, 72, 70, 206, 93, 0, 0, 197, 0, 0, 4, 1, 0, 156, 3, 247]
1546588848526;[171, 0, 17, 255, 161, 72, 70, 206, 93, 0, 0, 189, 0, 0, 4, 1, 0, 168, 4, 45]
1546588848881;[171, 0, 17, 255, 161, 72, 70, 206, 93, 0, 0, 187, 0, 0, 2, 1, 0, 166, 4, 4]
1546588848882;[171, 0, 17, 255, 161, 72, 70, 206, 93, 0, 0, 221, 1, 0, 9, 1, 0, 190, 3, 220]
1546588848883;[171, 0, 17, 255, 161, 72, 70, 206, 93, 0, 0, 186, 0, 0, 12, 1, 0, 185, 3, 241]
1546588848884;[171, 0, 17, 255, 161, 72, 70, 206, 93, 0, 0, 185, 0, 0, 8, 1, 0, 177, 3, 247]
1546588849041;[171, 0, 17, 255, 161, 72, 70, 206, 94, 0, 0, 183, 0, 0, 14, 1, 0, 185, 4, 3]
1546588849042;[171, 0, 17, 255, 161, 72, 70, 206, 94, 0, 0, 181, 0, 0, 19, 1, 0, 181, 4, 19]
1546588849219;[171, 0, 17, 255, 161, 72, 70, 206, 94, 0, 0, 183, 0, 0, 38, 1, 0, 187, 4, 52]
1546588849396;[171, 0, 17, 255, 161, 72, 70, 206, 94, 0, 0, 177, 0, 0, 39, 1, 0, 176, 4, 70]
1546588849397;[171, 0, 4, 255, 132, 128, 99]
1546588849556;[171, 0, 17, 255, 161, 72, 70, 206, 94, 0, 0, 183, 0, 0, 38, 1, 0, 173, 4, 51]
1546588849573;[171, 0, 17, 255, 161, 72, 70, 206, 94, 0, 0, 181, 0, 0, 40, 1, 0, 171, 4, 29]
1546588849734;[171, 0, 17, 255, 161, 72, 70, 206, 94, 0, 0, 199, 0, 0, 116, 1, 0, 150, 4, 85]
1546588850088;[171, 0, 17, 255, 161, 72, 70, 206, 94, 0, 1, 27, 0, 0, 207, 1, 0, 110, 5, 20]
1546588850089;[171, 0, 17, 255, 161, 72, 70, 206, 94, 0, 0, 181, 0, 0, 66, 1, 0, 45, 3, 92]
1546588850090;[171, 0, 17, 255, 161, 72, 70, 206, 94, 0, 0, 206, 0, 0, 26, 1, 0, 221, 5, 7]
1546588850091;[171, 0, 17, 255, 161, 72, 70, 206, 95, 0, 0, 81, 0, 0, 194, 1, 0, 125, 5, 55]
1546588850249;[171, 0, 17, 255, 161, 72, 70, 206, 95, 0, 0, 151, 0, 1, 8, 1, 0, 13, 7, 12]
1546588850250;[171, 0, 17, 255, 161, 72, 70, 206, 95, 0, 0, 128, 0, 1, 40, 1, 0, 13, 4, 252]
1546588850427;[171, 0, 17, 255, 161, 72, 70, 206, 95, 0, 1, 40, 0, 0, 214, 1, 0, 47, 4, 89]
1546588850603;[171, 0, 4, 255, 132, 128, 99]
1546588850605;[171, 0, 17, 255, 161, 72, 70, 206, 95, 0, 0, 51, 0, 0, 207, 1, 0, 19, 4, 99]
1546588850765;[171, 0, 17, 255, 161, 72, 70, 206, 95, 0, 0, 76, 0, 0, 235, 0, 0, 6, 4, 183]
1546588850766;[171, 0, 17, 255, 161, 72, 70, 206, 95, 0, 0, 181, 0, 0, 248, 0, 0, 7, 3, 124]
1546588850942;[171, 0, 17, 255, 161, 72, 70, 206, 95, 0, 0, 204, 0, 0, 176, 0, 0, 80, 3, 124]
1546588850943;[171, 0, 17, 255, 161, 72, 70, 206, 95, 0, 1, 47, 0, 0, 153, 0, 0, 95, 3, 124]
1546588851458;[171, 0, 17, 255, 161, 72, 70, 206, 95, 0, 0, 194, 0, 0, 136, 0, 0, 150, 3, 124]
1546588851459;[171, 0, 17, 255, 161, 72, 70, 206, 96, 0, 0, 144, 0, 0, 121, 0, 0, 163, 7, 0]
1546588851460;[171, 0, 17, 255, 161, 72, 70, 206, 96, 0, 0, 172, 0, 0, 110, 0, 0, 139, 7, 0]
1546588851473;[171, 0, 17, 255, 161, 72, 70, 206, 96, 0, 1, 42, 0, 0, 111, 0, 0, 41, 7, 0]
1546588851635;[171, 0, 17, 255, 161, 72, 70, 206, 96, 0, 1, 11, 0, 0, 102, 1, 0, 52, 7, 0]
1546588851636;[171, 0, 4, 255, 132, 128, 100]
1546588851812;[171, 0, 17, 255, 161, 72, 70, 206, 96, 0, 0, 220, 0, 0, 11, 1, 0, 140, 7, 0]
1546588851812;[171, 0, 17, 255, 161, 72, 70, 206, 96, 0, 1, 68, 0, 0, 16, 0, 0, 3, 7, 0]
1546588851973;[171, 0, 17, 255, 161, 72, 70, 206, 96, 0, 0, 231, 0, 0, 36, 0, 0, 94, 7, 0]
1546588851974;[171, 0, 17, 255, 161, 72, 70, 206, 96, 0, 0, 234, 0, 0, 5, 0, 0, 88, 7, 0]
1546588852150;[171, 0, 17, 255, 161, 72, 70, 206, 96, 0, 1, 5, 1, 0, 7, 0, 0, 37, 7, 0]
1546588852151;[171, 0, 17, 255, 161, 72, 70, 206, 96, 0, 0, 243, 1, 0, 41, 0, 0, 53, 7, 0]
1546588852327;[171, 0, 17, 255, 161, 72, 70, 206, 97, 0, 0, 246, 1, 0, 48, 1, 0, 11, 7, 0]
1546588852668;[171, 0, 17, 255, 161, 72, 70, 206, 97, 0, 0, 244, 1, 0, 43, 1, 0, 19, 7, 0]
1546588852668;[171, 0, 17, 255, 161, 72, 70, 206, 97, 0, 0, 242, 1, 0, 33, 1, 0, 3, 7, 0]
1546588852669;[171, 0, 17, 255, 161, 72, 70, 206, 97, 0, 1, 11, 1, 0, 41, 1, 0, 16, 7, 0]
1546588852681;[171, 0, 4, 255, 132, 128, 94]
1546588852842;[171, 0, 17, 255, 161, 72, 70, 206, 97, 0, 0, 241, 1, 0, 44, 1, 0, 19, 7, 0]
1546588853019;[171, 0, 17, 255, 161, 72, 70, 206, 97, 0, 1, 1, 1, 0, 44, 1, 0, 9, 8, 191]
1546588853020;[171, 0, 17, 255, 161, 72, 70, 206, 97, 0, 0, 247, 1, 0, 52, 1, 0, 1, 10, 57]
1546588853181;[171, 0, 17, 255, 161, 72, 70, 206, 97, 0, 0, 251, 1, 0, 40, 1, 0, 5, 11, 108]
1546588853182;[171, 0, 17, 255, 161, 72, 70, 206, 97, 0, 0, 246, 1, 0, 47, 0, 0, 15, 10, 79]
1546588853358;[171, 0, 17, 255, 161, 72, 70, 206, 97, 0, 0, 253, 1, 0, 51, 0, 0, 11, 13, 31]
1546588853358;[171, 0, 17, 255, 161, 72, 70, 206, 98, 0, 0, 251, 1, 0, 53, 0, 0, 7, 31, 255]
1546588853535;[171, 0, 17, 255, 161, 72, 70, 206, 98, 0, 0, 247, 1, 0, 55, 0, 0, 8, 10, 225]
1546588853873;[171, 0, 17, 255, 161, 72, 70, 206, 98, 0, 0, 252, 1, 0, 56, 0, 0, 3, 11, 115]
1546588853874;[171, 0, 17, 255, 161, 72, 70, 206, 98, 0, 0, 253, 1, 0, 49, 1, 0, 1, 11, 115]
1546588853875;[171, 0, 4, 255, 132, 128, 94]
1546588853893;[171, 0, 17, 255, 161, 72, 70, 206, 98, 0, 1, 32, 1, 0, 52, 1, 0, 17, 11, 115]
1546588854049;[171, 0, 17, 255, 161, 72, 70, 206, 98, 0, 0, 218, 1, 0, 65, 1, 0, 47, 11, 115]
1546588854050;[171, 0, 17, 255, 161, 72, 70, 206, 98, 0, 0, 151, 1, 0, 63, 1, 0, 135, 11, 115]
1546588854227;[171, 0, 17, 255, 161, 72, 70, 206, 98, 0, 0, 208, 1, 0, 37, 1, 0, 111, 11, 115]
1546588854389;[171, 0, 17, 255, 161, 72, 70, 206, 98, 0, 0, 238, 1, 0, 34, 1, 0, 121, 11, 115]
1546588854390;[171, 0, 17, 255, 161, 72, 70, 206, 98, 0, 0, 234, 1, 0, 35, 1, 0, 82, 11, 115]
1546588854566;[171, 0, 17, 255, 161, 72, 70, 206, 99, 0, 0, 234, 1, 0, 35, 1, 0, 74, 12, 235]
1546588854567;[171, 0, 17, 255, 161, 72, 70, 206, 99, 0, 0, 238, 1, 0, 32, 1, 0, 81, 13, 65]
1546588854743;[171, 0, 17, 255, 161, 72, 70, 206, 99, 0, 0, 234, 1, 0, 15, 1, 0, 109, 14, 29]
1546588854905;[171, 0, 17, 255, 161, 72, 70, 206, 99, 0, 0, 228, 1, 0, 24, 1, 0, 124, 14, 174]
1546588854920;[171, 0, 4, 255, 132, 128, 90]
1546588855259;[171, 0, 17, 255, 161, 72, 70, 206, 99, 0, 0, 191, 1, 0, 39, 1, 0, 174, 31, 85]
1546588855260;[171, 0, 17, 255, 161, 72, 70, 206, 99, 0, 0, 91, 1, 0, 58, 1, 0, 225, 8, 232]
1546588855261;[171, 0, 17, 255, 161, 72, 70, 206, 99, 0, 0, 54, 1, 0, 43, 1, 0, 228, 8, 83]
1546588855261;[171, 0, 17, 255, 161, 72, 70, 206, 99, 0, 0, 48, 1, 0, 24, 1, 0, 244, 7, 204]
1546588855434;[171, 0, 17, 255, 161, 72, 70, 206, 99, 0, 0, 32, 1, 0, 23, 1, 1, 2, 7, 67]
1546588855597;[171, 0, 17, 255, 161, 72, 70, 206, 99, 0, 0, 21, 1, 0, 23, 1, 0, 253, 6, 248]
1546588855598;[171, 0, 17, 255, 161, 72, 70, 206, 100, 0, 0, 2, 1, 0, 23, 1, 0, 254, 6, 187]
1546588855774;[171, 0, 17, 255, 161, 72, 70, 206, 100, 0, 0, 12, 1, 0, 2, 1, 1, 3, 6, 122]
1546588855775;[171, 0, 17, 255, 161, 72, 70, 206, 100, 0, 0, 7, 1, 0, 16, 1, 0, 253, 6, 13]
1546588855950;[171, 0, 17, 255, 161, 72, 70, 206, 100, 0, 0, 4, 1, 0, 14, 1, 0, 250, 5, 166]
1546588855952;[171, 0, 4, 255, 132, 128, 90]
1546588856115;[171, 0, 17, 255, 161, 72, 70, 206, 100, 0, 0, 9, 1, 0, 5, 1, 1, 0, 5, 179]
1546588856467;[171, 0, 17, 255, 161, 72, 70, 206, 100, 1, 0, 9, 1, 0, 5, 1, 1, 4, 5, 226]
1546588856469;[171, 0, 17, 255, 161, 72, 70, 206, 100, 0, 0, 43, 1, 0, 24, 1, 0, 226, 5, 168]
1546588856469;[171, 0, 17, 255, 161, 72, 70, 206, 100, 0, 0, 128, 1, 0, 49, 1, 0, 163, 3, 147]
1546588856642;[171, 0, 17, 255, 161, 72, 70, 206, 100, 0, 0, 191, 1, 0, 34, 1, 0, 112, 3, 147]
1546588856644;[171, 0, 17, 255, 161, 72, 70, 206, 100, 0, 1, 42, 1, 0, 33, 1, 0, 58, 3, 147]
1546588856804;[171, 0, 17, 255, 161, 72, 70, 206, 101, 0, 1, 22, 1, 0, 35, 1, 0, 10, 3, 147]
1546588856805;[171, 0, 17, 255, 161, 72, 70, 206, 101, 0, 0, 211, 1, 0, 36, 0, 0, 37, 3, 147]
1546588856981;[171, 0, 17, 255, 161, 72, 70, 206, 101, 0, 1, 5, 1, 0, 41, 0, 0, 33, 3, 147]
1546588856982;[171, 0, 17, 255, 161, 72, 70, 206, 101, 0, 1, 7, 1, 0, 36, 0, 0, 25, 3, 147]
1546588857320;[171, 0, 4, 255, 132, 128, 90]
1546588857338;[171, 0, 17, 255, 161, 72, 70, 206, 101, 0, 0, 247, 1, 0, 41, 0, 0, 45, 3, 147]
1546588857339;[171, 0, 17, 255, 161, 72, 70, 206, 101, 0, 0, 251, 1, 0, 37, 0, 0, 35, 3, 147]
1546588857498;[171, 0, 17, 255, 161, 72, 70, 206, 101, 0, 1, 5, 1, 0, 36, 0, 0, 29, 3, 147]
1546588857498;[171, 0, 17, 255, 161, 72, 70, 206, 101, 0, 1, 20, 1, 0, 20, 0, 0, 26, 3, 147]
1546588857851;[171, 0, 17, 255, 161, 72, 70, 206, 101, 0, 1, 18, 0, 0, 3, 0, 0, 72, 3, 147]
1546588857852;[171, 0, 17, 255, 161, 72, 70, 206, 101, 0, 0, 255, 0, 0, 25, 0, 0, 52, 3, 147]
1546588857854;[171, 0, 17, 255, 161, 72, 70, 206, 102, 0, 0, 243, 0, 0, 24, 0, 0, 21, 3, 147]
1546588857854;[171, 0, 17, 255, 161, 72, 70, 206, 102, 0, 0, 242, 0, 0, 38, 0, 0, 41, 3, 147]
1546588858013;[171, 0, 17, 255, 161, 72, 70, 206, 102, 0, 0, 204, 0, 0, 44, 0, 0, 30, 3, 147]
1546588858188;[171, 0, 17, 255, 161, 72, 70, 206, 102, 0, 0, 219, 0, 0, 85, 0, 0, 43, 3, 147]
1546588858189;[171, 0, 4, 255, 132, 128, 86]
1546588858366;[171, 0, 17, 255, 161, 72, 70, 206, 102, 0, 0, 252, 0, 0, 112, 0, 0, 83, 3, 147]
1546588858366;[171, 0, 17, 255, 161, 72, 70, 206, 102, 0, 0, 241, 0, 0, 136, 0, 0, 84, 4, 110]
1546588858528;[171, 0, 17, 255, 161, 72, 70, 206, 102, 0, 0, 208, 0, 0, 162, 0, 0, 79, 4, 71]
1546588858704;[171, 0, 17, 255, 161, 72, 70, 206, 102, 0, 0, 191, 0, 0, 185, 0, 0, 63, 4, 225]
1546588858704;[171, 0, 17, 255, 161, 72, 70, 206, 102, 0, 0, 181, 0, 0, 212, 0, 0, 35, 5, 159]
1546588859043;[171, 0, 17, 255, 161, 72, 70, 206, 102, 0, 0, 162, 0, 0, 196, 0, 0, 47, 6, 19]
1546588859057;[171, 0, 17, 255, 161, 72, 70, 206, 103, 0, 0, 178, 0, 0, 190, 0, 0, 53, 6, 189]
1546588859058;[171, 0, 17, 255, 161, 72, 70, 206, 103, 0, 0, 186, 0, 0, 177, 0, 0, 50, 7, 108]
1546588859060;[171, 0, 17, 255, 161, 72, 70, 206, 103, 0, 0, 191, 0, 0, 177, 0, 0, 37, 8, 6]
1546588859397;[171, 0, 17, 255, 161, 72, 70, 206, 105, 0, 0, 219, 0, 0, 92, 1, 0, 103, 13, 37]
1546588859573;[171, 0, 17, 255, 161, 72, 70, 206, 105, 0, 0, 215, 0, 0, 105, 1, 0, 92, 13, 202]
1546588859574;[171, 0, 17, 255, 161, 72, 70, 206, 105, 0, 1, 9, 0, 0, 69, 1, 0, 64, 13, 135]
1546588859735;[171, 0, 17, 255, 161, 72, 70, 206, 105, 0, 0, 175, 0, 0, 85, 1, 0, 67, 13, 81]
1546588859911;[171, 0, 17, 255, 161, 72, 70, 206, 105, 0, 0, 189, 0, 0, 116, 1, 0, 109, 14, 54]
1546588859912;[171, 0, 17, 255, 161, 72, 70, 206, 106, 0, 0, 239, 0, 0, 110, 1, 0, 71, 14, 117]
1546588860427;[171, 0, 17, 255, 161, 72, 70, 206, 106, 0, 0, 211, 0, 0, 112, 1, 0, 48, 14, 73]
1546588860428;[171, 0, 17, 255, 161, 72, 70, 206, 106, 0, 0, 238, 0, 0, 116, 1, 0, 46, 14, 185]
1546588860428;[171, 0, 17, 255, 161, 72, 70, 206, 106, 0, 0, 188, 0, 0, 145, 1, 0, 64, 15, 40]
1546588860443;[171, 0, 17, 255, 161, 72, 70, 206, 106, 0, 0, 181, 0, 0, 135, 1, 0, 59, 14, 183]
1546588860604;[171, 0, 4, 255, 132, 128, 82]
1546588860605;[171, 0, 17, 255, 161, 72, 70, 206, 106, 0, 0, 236, 0, 0, 147, 1, 0, 40, 13, 184]
1546588860606;[171, 0, 17, 255, 161, 72, 70, 206, 106, 0, 0, 209, 0, 0, 166, 1, 0, 34, 13, 46]
1546588860781;[171, 0, 17, 255, 161, 72, 70, 206, 106, 0, 0, 204, 0, 0, 169, 1, 0, 39, 13, 150]
1546588860782;[171, 0, 17, 255, 161, 72, 70, 206, 106, 0, 0, 183, 0, 0, 177, 1, 0, 54, 14, 45]
1546588861120;[171, 0, 17, 255, 161, 72, 70, 206, 106, 0, 0, 161, 0, 0, 168, 1, 0, 74, 14, 214]
1546588861121;[171, 0, 17, 255, 161, 72, 70, 206, 107, 0, 0, 181, 0, 0, 170, 1, 0, 82, 14, 217]
1546588861122;[171, 0, 17, 255, 161, 72, 70, 206, 107, 0, 0, 214, 0, 0, 161, 1, 0, 59, 14, 157]
1546588861297;[171, 0, 17, 255, 161, 72, 70, 206, 107, 0, 0, 207, 0, 0, 84, 1, 0, 113, 14, 3]
1546588861297;[171, 0, 17, 255, 161, 72, 70, 206, 107, 0, 0, 200, 0, 0, 56, 1, 0, 59, 12, 254]
1546588861635;[171, 0, 17, 255, 161, 72, 70, 206, 107, 0, 0, 208, 0, 0, 166, 0, 0, 17, 12, 109]
1546588861636;[171, 0, 4, 255, 132, 128, 82]
1546588861637;[171, 0, 17, 255, 161, 72, 70, 206, 107, 0, 1, 13, 0, 0, 196, 0, 0, 67, 11, 220]
1546588861812;[171, 0, 17, 255, 161, 72, 70, 206, 107, 0, 0, 188, 0, 0, 118, 1, 0, 58, 11, 67]
1546588861813;[171, 0, 17, 255, 161, 72, 70, 206, 107, 0, 0, 231, 0, 0, 73, 1, 0, 38, 9, 192]
1546588861990;[171, 0, 17, 255, 161, 72, 70, 206, 107, 0, 0, 248, 0, 0, 76, 0, 0, 39, 9, 154]
1546588861991;[171, 0, 17, 255, 161, 72, 70, 206, 107, 0, 1, 2, 0, 0, 53, 0, 0, 36, 1, 248]
1546588862151;[171, 0, 17, 255, 161, 72, 70, 206, 108, 0, 0, 221, 0, 0, 97, 0, 0, 84, 1, 248]
1546588862152;[171, 0, 17, 255, 161, 72, 70, 206, 108, 0, 0, 214, 0, 0, 68, 0, 0, 87, 1, 248]
1546588862328;[171, 0, 17, 255, 161, 72, 70, 206, 108, 0, 0, 218, 0, 0, 58, 0, 0, 73, 1, 248]
1546588862505;[171, 0, 17, 255, 161, 72, 70, 206, 108, 0, 0, 231, 0, 0, 82, 0, 0, 79, 1, 248]
1546588862506;[171, 0, 17, 255, 161, 72, 70, 206, 108, 0, 1, 28, 0, 0, 47, 0, 0, 35, 1, 248]
1546588862844;[171, 0, 4, 255, 132, 128, 82]
1546588862845;[171, 0, 17, 255, 161, 72, 70, 206, 108, 0, 0, 218, 0, 0, 34, 0, 0, 30, 1, 248]
1546588862846;[171, 0, 17, 255, 161, 72, 70, 206, 108, 0, 0, 241, 0, 0, 48, 0, 0, 31, 1, 248]
1546588862863;[171, 0, 17, 255, 161, 72, 70, 206, 108, 0, 0, 233, 0, 0, 104, 0, 0, 39, 1, 248]
1546588863021;[171, 0, 17, 255, 161, 72, 70, 206, 108, 0, 0, 241, 0, 0, 146, 1, 0, 62, 1, 248]
1546588863197;[171, 0, 17, 255, 161, 72, 70, 206, 108, 0, 0, 137, 0, 0, 179, 1, 0, 123, 4, 1]
1546588863198;[171, 0, 17, 255, 161, 72, 70, 206, 109, 0, 0, 139, 0, 0, 176, 1, 0, 123, 4, 1]
1546588863359;[171, 0, 17, 255, 161, 72, 70, 206, 109, 0, 0, 156, 0, 0, 182, 1, 0, 181, 4, 1]
1546588863360;[171, 0, 17, 255, 161, 72, 70, 206, 109, 0, 0, 133, 0, 0, 136, 1, 1, 48, 4, 144]
1546588863535;[171, 0, 17, 255, 161, 72, 70, 206, 109, 0, 0, 89, 0, 0, 97, 1, 0, 195, 4, 144]
1546588863712;[171, 0, 17, 255, 161, 72, 70, 206, 109, 0, 0, 54, 1, 0, 3, 1, 0, 212, 4, 144]
1546588863714;[171, 0, 4, 255, 132, 128, 82]
1546588863874;[171, 0, 17, 255, 161, 72, 70, 206, 109, 0, 0, 64, 0, 0, 1, 1, 0, 235, 4, 144]
1546588863875;[171, 0, 17, 255, 161, 72, 70, 206, 109, 0, 0, 165, 0, 0, 16, 1, 0, 238, 16, 23]
1546588864228;[171, 0, 17, 255, 161, 72, 70, 206, 109, 0, 0, 150, 0, 0, 38, 1, 0, 190, 6, 175]
1546588864229;[171, 0, 17, 255, 161, 72, 70, 206, 109, 0, 0, 146, 0, 0, 30, 1, 0, 192, 6, 207]
1546588864230;[171, 0, 17, 255, 161, 72, 70, 206, 109, 0, 0, 162, 0, 0, 24, 1, 0, 194, 6, 201]
1546588864405;[171, 0, 17, 255, 161, 72, 70, 206, 110, 0, 0, 138, 0, 0, 22, 1, 0, 204, 6, 102]
1546588864406;[171, 0, 17, 255, 161, 72, 70, 206, 110, 0, 0, 132, 0, 0, 4, 1, 0, 215, 6, 102]
1546588864566;[171, 0, 17, 255, 161, 72, 70, 206, 110, 0, 0, 77, 1, 0, 26, 1, 0, 231, 6, 31]
1546588864567;[171, 0, 17, 255, 161, 72, 70, 206, 110, 0, 0, 77, 0, 0, 16, 1, 1, 0, 5, 240]
1546588864744;[171, 0, 17, 255, 161, 72, 70, 206, 110, 0, 0, 41, 0, 0, 34, 1, 1, 3, 5, 173]
1546588864744;[171, 0, 4, 255, 132, 128, 81]
1546588864921;[171, 0, 17, 255, 161, 72, 70, 206, 110, 0, 0, 100, 0, 0, 41, 1, 0, 252, 5, 203]
1546588865082;[171, 0, 17, 255, 161, 72, 70, 206, 110, 0, 0, 10, 0, 0, 47, 1, 0, 223, 6, 224]
1546588865083;[171, 0, 17, 255, 161, 72, 70, 206, 110, 1, 0, 173, 0, 0, 90, 1, 1, 13, 8, 7]
1546588865437;[171, 0, 17, 255, 161, 72, 70, 206, 110, 1, 0, 108, 0, 0, 78, 1, 0, 234, 7, 135]
1546588865438;[171, 0, 17, 255, 161, 72, 70, 206, 110, 1, 0, 61, 0, 0, 93, 1, 1, 23, 6, 211]
1546588865439;[171, 0, 17, 255, 161, 72, 70, 206, 111, 1, 0, 52, 0, 0, 55, 1, 0, 231, 6, 115]
1546588865613;[171, 0, 17, 255, 161, 72, 70, 206, 111, 1, 0, 100, 0, 0, 58, 1, 0, 229, 5, 93]
1546588865614;[171, 0, 17, 255, 161, 72, 70, 206, 111, 1, 0, 111, 0, 0, 53, 1, 1, 4, 4, 147]
1546588865775;[171, 0, 17, 255, 161, 72, 70, 206, 111, 1, 0, 106, 0, 0, 58, 1, 0, 245, 4, 114]
1546588865775;[171, 0, 17, 255, 161, 72, 70, 206, 111, 1, 0, 77, 0, 0, 73, 1, 0, 255, 6, 30]
1546588865953;[171, 0, 4, 255, 132, 128, 80]
1546588865954;[171, 0, 17, 255, 161, 72, 70, 206, 111, 1, 0, 59, 0, 0, 75, 1, 0, 226, 7, 56]
1546588866131;[171, 0, 17, 255, 161, 72, 70, 206, 111, 1, 0, 86, 0, 0, 62, 1, 0, 235, 7, 152]
1546588866289;[171, 0, 17, 255, 161, 72, 70, 206, 111, 1, 0, 92, 0, 0, 74, 1, 0, 233, 7, 143]
1546588866291;[171, 0, 17, 255, 161, 72, 70, 206, 111, 1, 0, 95, 0, 0, 73, 1, 0, 237, 7, 119]
1546588866821;[171, 0, 17, 255, 161, 72, 70, 206, 111, 1, 0, 92, 0, 0, 87, 1, 0, 228, 6, 253]
1546588866823;[171, 0, 17, 255, 161, 72, 70, 206, 112, 1, 0, 70, 0, 0, 78, 1, 0, 217, 6, 162]
1546588866823;[171, 0, 17, 255, 161, 72, 70, 206, 112, 1, 0, 79, 0, 0, 63, 1, 0, 230, 6, 11]
1546588866824;[171, 0, 17, 255, 161, 72, 70, 206, 112, 1, 0, 78, 0, 0, 53, 1, 0, 240, 4, 255]
1546588866983;[171, 0, 17, 255, 161, 72, 70, 206, 112, 1, 0, 78, 0, 0, 53, 1, 0, 249, 3, 248]
1546588866984;[171, 0, 17, 255, 161, 72, 70, 206, 112, 1, 0, 83, 0, 0, 56, 1, 0, 243, 3, 62]
1546588866985;[171, 0, 4, 255, 132, 128, 79]
1546588867160;[171, 0, 17, 255, 161, 72, 70, 206, 112, 1, 0, 76, 0, 0, 56, 1, 0, 244, 2, 217]
1546588867161;[171, 0, 17, 255, 161, 72, 70, 206, 112, 1, 0, 79, 0, 0, 61, 1, 0, 237, 2, 148]
1546588867337;[171, 0, 17, 255, 161, 72, 70, 206, 112, 1, 0, 75, 0, 0, 61, 1, 0, 237, 2, 129]
1546588867497;[171, 0, 17, 255, 161, 72, 70, 206, 112, 1, 0, 75, 0, 0, 57, 1, 0, 241, 2, 116]
1546588867499;[171, 0, 17, 255, 161, 72, 70, 206, 112, 1, 0, 79, 0, 0, 56, 1, 0, 240, 2, 97]
1546588867675;[171, 0, 17, 255, 161, 72, 70, 206, 113, 1, 0, 76, 0, 0, 56, 1, 0, 238, 2, 37]
1546588867676;[171, 0, 17, 255, 161, 72, 70, 206, 113, 1, 0, 77, 0, 0, 58, 1, 0, 238, 2, 24]
1546588868014;[171, 0, 17, 255, 161, 72, 70, 206, 113, 1, 0, 76, 0, 0, 57, 1, 0, 243, 2, 5]
1546588868029;[171, 0, 17, 255, 161, 72, 70, 206, 113, 1, 0, 78, 0, 0, 56, 1, 0, 243, 2, 7]
1546588868030;[171, 0, 17, 255, 161, 72, 70, 206, 113, 1, 0, 74, 0, 0, 55, 1, 0, 247, 2, 53]
1546588868190;[171, 0, 4, 255, 132, 128, 79]
1546588868191;[171, 0, 17, 255, 161, 72, 70, 206, 113, 1, 0, 74, 0, 0, 56, 1, 0, 245, 2, 66]
1546588868368;[171, 0, 17, 255, 161, 72, 70, 206, 113, 1, 0, 67, 0, 0, 49, 1, 0, 247, 2, 62]
1546588868369;[171, 0, 17, 255, 161, 72, 70, 206, 113, 1, 0, 56, 0, 0, 59, 1, 1, 16, 1, 239]
1546588868545;[171, 0, 17, 255, 161, 72, 70, 206, 113, 1, 0, 26, 0, 0, 2, 1, 1, 20, 2, 16]
1546588868705;[171, 0, 17, 255, 161, 72, 70, 206, 113, 1, 0, 15, 0, 0, 26, 1, 1, 6, 2, 66]
1546588868706;[171, 0, 17, 255, 161, 72, 70, 206, 114, 1, 0, 67, 0, 0, 62, 1, 0, 210, 2, 8]
1546588868882;[171, 0, 17, 255, 161, 72, 70, 206, 114, 1, 0, 59, 0, 0, 32, 1, 0, 243, 2, 68]
1546588868883;[171, 0, 17, 255, 161, 72, 70, 206, 114, 1, 0, 62, 0, 0, 12, 1, 1, 7, 2, 225]
1546588869222;[171, 0, 17, 255, 161, 72, 70, 206, 114, 1, 0, 32, 0, 0, 15, 1, 1, 13, 3, 137]
1546588869237;[171, 0, 17, 255, 161, 72, 70, 206, 114, 1, 0, 16, 1, 0, 3, 1, 0, 254, 4, 46]
1546588869238;[171, 0, 4, 255, 132, 128, 79]
1546588869398;[171, 0, 17, 255, 161, 72, 70, 206, 114, 1, 0, 17, 1, 0, 33, 1, 1, 31, 4, 200]
1546588869399;[171, 0, 17, 255, 161, 72, 70, 206, 114, 0, 0, 103, 1, 0, 94, 1, 1, 11, 5, 35]
1546588869575;[171, 0, 17, 255, 161, 72, 70, 206, 114, 0, 0, 29, 1, 0, 116, 1, 1, 15, 5, 185]
1546588869576;[171, 0, 17, 255, 161, 72, 70, 206, 114, 0, 0, 21, 1, 0, 61, 1, 0, 231, 6, 37]
1546588869753;[171, 0, 17, 255, 161, 72, 70, 206, 114, 1, 0, 81, 0, 0, 95, 1, 0, 217, 6, 204]
1546588869754;[171, 0, 17, 255, 161, 72, 70, 206, 115, 0, 0, 116, 0, 0, 248, 1, 0, 205, 6, 11]
1546588869913;[171, 0, 17, 255, 161, 72, 70, 206, 115, 0, 0, 20, 0, 0, 39, 1, 0, 255, 4, 37]
1546588870090;[171, 0, 17, 255, 161, 72, 70, 206, 115, 1, 0, 27, 0, 0, 69, 1, 0, 247, 2, 254]
1546588870091;[171, 0, 17, 255, 161, 72, 70, 206, 115, 1, 0, 21, 0, 0, 77, 1, 0, 254, 2, 119]
1546588870267;[171, 0, 17, 255, 161, 72, 70, 206, 115, 1, 0, 32, 0, 0, 42, 1, 1, 25, 2, 68]
1546588870268;[171, 0, 4, 255, 132, 128, 80]
1546588870605;[171, 0, 17, 255, 161, 72, 70, 206, 115, 1, 0, 84, 1, 0, 29, 1, 1, 46, 2, 163]
1546588870606;[171, 0, 17, 255, 161, 72, 70, 206, 115, 1, 0, 77, 0, 0, 8, 1, 0, 212, 16, 0]
1546588870607;[171, 0, 17, 255, 161, 72, 70, 206, 115, 0, 0, 7, 0, 0, 49, 1, 0, 159, 6, 237]
1546588870782;[171, 0, 17, 255, 161, 72, 70, 206, 115, 0, 0, 89, 0, 0, 105, 1, 0, 228, 6, 237]
1546588870783;[171, 0, 17, 255, 161, 72, 70, 206, 115, 0, 0, 138, 0, 0, 80, 1, 0, 246, 6, 237]
1546588870960;[171, 0, 17, 255, 161, 72, 70, 206, 116, 0, 0, 144, 0, 0, 86, 1, 0, 190, 6, 237]
1546588870961;[171, 0, 17, 255, 161, 72, 70, 206, 116, 0, 0, 223, 0, 0, 115, 1, 0, 143, 6, 237]
1546588871120;[171, 0, 17, 255, 161, 72, 70, 206, 116, 0, 0, 228, 0, 0, 58, 1, 0, 121, 6, 237]
1546588871298;[171, 0, 17, 255, 161, 72, 70, 206, 116, 0, 1, 2, 0, 0, 57, 1, 0, 123, 6, 237]
1546588871475;[171, 0, 17, 255, 161, 72, 70, 206, 116, 0, 0, 223, 0, 0, 54, 1, 0, 84, 6, 237]
1546588871476;[171, 0, 4, 255, 132, 128, 74]
1546588871477;[171, 0, 17, 255, 161, 72, 70, 206, 116, 0, 0, 230, 0, 0, 73, 1, 0, 87, 6, 237]
1546588871813;[171, 0, 17, 255, 161, 72, 70, 206, 116, 0, 0, 252, 0, 0, 63, 1, 0, 90, 6, 237]
1546588871814;[171, 0, 17, 255, 161, 72, 70, 206, 116, 0, 0, 247, 0, 0, 36, 1, 0, 86, 6, 237]
1546588871814;[171, 0, 17, 255, 161, 72, 70, 206, 116, 0, 0, 240, 0, 0, 53, 1, 0, 80, 6, 237]
1546588871991;[171, 0, 17, 255, 161, 72, 70, 206, 116, 0, 0, 241, 0, 0, 36, 1, 0, 38, 6, 237]
1546588871992;[171, 0, 17, 255, 161, 72, 70, 206, 117, 0, 0, 253, 0, 0, 31, 1, 0, 49, 8, 189]
1546588872168;[171, 0, 17, 255, 161, 72, 70, 206, 117, 0, 0, 253, 0, 0, 48, 1, 0, 63, 12, 22]
1546588872168;[171, 0, 17, 255, 161, 72, 70, 206, 117, 0, 0, 230, 0, 0, 35, 1, 0, 64, 14, 32]
1546588872329;[171, 0, 17, 255, 161, 72, 70, 206, 117, 0, 1, 7, 0, 0, 43, 1, 0, 48, 14, 32]
1546588872505;[171, 0, 17, 255, 161, 72, 70, 206, 117, 0, 1, 90, 0, 0, 13, 1, 0, 51, 14, 32]
1546588872506;[171, 0, 4, 255, 132, 128, 70]
1546588872683;[171, 0, 17, 255, 161, 72, 70, 206, 117, 0, 0, 173, 0, 0, 38, 1, 0, 62, 14, 32]
1546588872683;[171, 0, 17, 255, 161, 72, 70, 206, 117, 0, 0, 251, 0, 0, 11, 0, 0, 28, 14, 32]
1546588872844;[171, 0, 17, 255, 161, 72, 70, 206, 117, 0, 0, 215, 0, 0, 57, 1, 0, 52, 14, 32]
1546588872845;[171, 0, 17, 255, 161, 72, 70, 206, 117, 0, 1, 13, 0, 0, 43, 1, 0, 38, 14, 32]
1546588873198;[171, 0, 17, 255, 161, 72, 70, 206, 117, 0, 0, 227, 0, 0, 44, 1, 0, 37, 14, 32]
1546588873200;[171, 0, 17, 255, 161, 72, 70, 206, 118, 0, 1, 85, 1, 0, 28, 0, 0, 5, 14, 32]
1546588873201;[171, 0, 17, 255, 161, 72, 70, 206, 118, 0, 0, 248, 0, 0, 43, 1, 0, 47, 14, 32]
1546588873376;[171, 0, 17, 255, 161, 72, 70, 206, 118, 0, 1, 54, 0, 0, 33, 1, 0, 28, 14, 32]
1546588873377;[171, 0, 17, 255, 161, 72, 70, 206, 118, 0, 1, 5, 0, 0, 68, 1, 0, 14, 14, 32]
1546588873537;[171, 0, 17, 255, 161, 72, 70, 206, 118, 0, 0, 246, 0, 0, 53, 1, 0, 39, 14, 32]
1546588873713;[171, 0, 4, 255, 132, 128, 70]
1546588873715;[171, 0, 17, 255, 161, 72, 70, 206, 118, 0, 1, 25, 0, 0, 69, 1, 0, 198, 14, 32]
1546588873891;[171, 0, 17, 255, 161, 72, 70, 206, 118, 0, 0, 179, 0, 0, 91, 1, 0, 169, 14, 32]
1546588873892;[171, 0, 17, 255, 161, 72, 70, 206, 118, 0, 0, 143, 0, 0, 40, 1, 0, 146, 14, 32]
1546588874052;[171, 0, 17, 255, 161, 72, 70, 206, 118, 0, 0, 137, 0, 0, 21, 1, 0, 134, 14, 32]
1546588874053;[171, 0, 17, 255, 161, 72, 70, 206, 118, 0, 0, 156, 0, 0, 33, 1, 0, 179, 14, 79]
1546588874406;[171, 0, 17, 255, 161, 72, 70, 206, 119, 0, 0, 173, 0, 0, 32, 1, 0, 211, 13, 197]
1546588874407;[171, 0, 17, 255, 161, 72, 70, 206, 119, 0, 0, 141, 0, 0, 31, 1, 0, 194, 13, 103]
1546588874408;[171, 0, 17, 255, 161, 72, 70, 206, 119, 0, 0, 143, 0, 0, 25, 1, 0, 202, 12, 252]
1546588874568;[171, 0, 17, 255, 161, 72, 70, 206, 119, 0, 0, 116, 0, 0, 35, 1, 0, 200, 12, 131]
1546588874584;[171, 0, 17, 255, 161, 72, 70, 206, 119, 0, 0, 72, 0, 0, 36, 1, 0, 216, 12, 24]
1546588874744;[171, 0, 4, 255, 132, 128, 70]
1546588874746;[171, 0, 17, 255, 161, 72, 70, 206, 119, 0, 0, 76, 0, 0, 55, 1, 1, 2, 12, 87]
1546588874921;[171, 0, 17, 255, 161, 72, 70, 206, 119, 0, 0, 63, 0, 0, 69, 1, 0, 235, 12, 47]
1546588875099;[171, 0, 17, 255, 161, 72, 70, 206, 119, 0, 0, 13, 0, 0, 84, 1, 0, 250, 12, 1]
1546588875100;[171, 0, 17, 255, 161, 72, 70, 206, 119, 0, 0, 5, 0, 0, 88, 1, 1, 0, 12, 1]
1546588875776;[171, 0, 17, 255, 161, 72, 70, 206, 119, 0, 0, 19, 0, 0, 88, 1, 0, 250, 11, 215]
1546588875791;[171, 0, 17, 255, 161, 72, 70, 206, 120, 0, 0, 37, 0, 0, 89, 1, 0, 232, 11, 168]
1546588875792;[171, 0, 17, 255, 161, 72, 70, 206, 120, 0, 0, 104, 0, 0, 52, 1, 0, 228, 11, 85]
1546588875793;[171, 0, 17, 255, 161, 72, 70, 206, 120, 0, 0, 111, 0, 0, 37, 1, 0, 231, 11, 31]
1546588875952;[171, 0, 17, 255, 161, 72, 70, 206, 120, 0, 0, 90, 0, 0, 68, 1, 0, 235, 11, 27]
1546588875953;[171, 0, 17, 255, 161, 72, 70, 206, 120, 0, 0, 88, 0, 0, 47, 1, 0, 231, 11, 9]
1546588875954;[171, 0, 4, 255, 132, 128, 70]
1546588875972;[171, 0, 17, 255, 161, 72, 70, 206, 120, 0, 0, 143, 0, 0, 0, 1, 0, 202, 11, 4]
1546588876130;[171, 0, 17, 255, 161, 72, 70, 206, 120, 0, 0, 142, 1, 0, 20, 1, 0, 197, 11, 11]
1546588876306;[171, 0, 17, 255, 161, 72, 70, 206, 120, 0, 0, 141, 1, 0, 24, 1, 0, 214, 11, 57]
1546588876308;[171, 0, 17, 255, 161, 72, 70, 206, 120, 0, 0, 143, 1, 0, 30, 1, 0, 207, 11, 16]
1546588876468;[171, 0, 17, 255, 161, 72, 70, 206, 120, 0, 0, 195, 1, 0, 37, 1, 0, 123, 10, 131]
1546588876483;[171, 0, 17, 255, 161, 72, 70, 206, 121, 0, 0, 248, 1, 0, 118, 0, 0, 52, 10, 131]
1546588876644;[171, 0, 17, 255, 161, 72, 70, 206, 121, 0, 1, 35, 1, 0, 10, 0, 0, 7, 10, 131]
1546588876646;[171, 0, 17, 255, 161, 72, 70, 206, 121, 0, 1, 68, 0, 0, 53, 0, 0, 29, 10, 131]
1546588876984;[171, 0, 17, 255, 161, 72, 70, 206, 121, 0, 0, 236, 0, 0, 44, 0, 0, 105, 10, 131]
1546588876999;[171, 0, 17, 255, 161, 72, 70, 206, 121, 0, 0, 209, 0, 0, 38, 0, 0, 137, 10, 131]
1546588877000;[171, 0, 4, 255, 132, 128, 69]
1546588877162;[171, 0, 17, 255, 161, 72, 70, 206, 121, 0, 0, 194, 0, 0, 77, 0, 0, 168, 10, 131]
1546588877338;[171, 0, 17, 255, 161, 72, 70, 206, 121, 0, 0, 215, 0, 0, 88, 0, 0, 142, 10, 131]
1546588877339;[171, 0, 17, 255, 161, 72, 70, 206, 121, 0, 0, 181, 0, 0, 85, 0, 0, 145, 10, 131]
1546588877515;[171, 0, 17, 255, 161, 72, 70, 206, 121, 0, 0, 202, 0, 0, 170, 0, 0, 179, 10, 131]
1546588877516;[171, 0, 17, 255, 161, 72, 70, 206, 121, 0, 0, 148, 0, 0, 192, 0, 0, 146, 10, 131]
1546588877675;[171, 0, 17, 255, 161, 72, 70, 206, 122, 0, 0, 146, 0, 0, 160, 0, 0, 154, 10, 131]
1546588877676;[171, 0, 17, 255, 161, 72, 70, 206, 122, 0, 0, 163, 0, 0, 141, 0, 0, 119, 10, 131]
1546588877853;[171, 0, 17, 255, 161, 72, 70, 206, 122, 0, 0, 156, 0, 0, 142, 0, 0, 113, 10, 131]
1546588877854;[171, 0, 17, 255, 161, 72, 70, 206, 122, 0, 0, 161, 0, 0, 169, 0, 0, 100, 10, 131]
1546588878191;[171, 0, 17, 255, 161, 72, 70, 206, 122, 0, 0, 136, 0, 0, 200, 0, 0, 95, 10, 131]
1546588878368;[171, 0, 4, 255, 132, 128, 69]
1546588878370;[171, 0, 17, 255, 161, 72, 70, 206, 122, 0, 0, 104, 0, 0, 206, 0, 0, 99, 10, 131]
1546588878370;[171, 0, 17, 255, 161, 72, 70, 206, 122, 0, 0, 95, 0, 0, 214, 0, 0, 93, 10, 131]
1546588878388;[171, 0, 17, 255, 161, 72, 70, 206, 122, 0, 0, 84, 0, 0, 235, 0, 0, 87, 31, 65]
1546588878545;[171, 0, 17, 255, 161, 72, 70, 206, 122, 0, 0, 63, 0, 0, 237, 0, 0, 93, 10, 97]
1546588878546;[171, 0, 17, 255, 161, 72, 70, 206, 122, 0, 0, 61, 0, 1, 4, 0, 0, 87, 31, 255]
1546588878722;[171, 0, 17, 255, 161, 72, 70, 206, 123, 0, 0, 57, 0, 0, 246, 0, 0, 84, 7, 235]
1546588878884;[171, 0, 17, 255, 161, 72, 70, 206, 123, 0, 0, 87, 0, 0, 244, 0, 0, 81, 7, 235]
1546588878885;[171, 0, 17, 255, 161, 72, 70, 206, 123, 0, 1, 11, 0, 0, 182, 0, 0, 115, 7, 235]
1546588879061;[171, 0, 17, 255, 161, 72, 70, 206, 123, 0, 0, 47, 0, 0, 197, 0, 0, 57, 7, 235]
1546588879062;[171, 0, 17, 255, 161, 72, 70, 206, 123, 0, 0, 39, 0, 1, 4, 0, 0, 102, 7, 146]
1546588879238;[171, 0, 4, 255, 132, 128, 69]
1546588879576;[171, 0, 17, 255, 161, 72, 70, 206, 123, 0, 0, 57, 0, 0, 249, 0, 0, 86, 8, 40]
1546588879576;[171, 0, 17, 255, 161, 72, 70, 206, 123, 0, 0, 86, 0, 0, 236, 0, 0, 99, 9, 70]
1546588879577;[171, 0, 17, 255, 161, 72, 70, 206, 123, 0, 0, 49, 0, 0, 245, 0, 0, 92, 9, 84]
1546588879578;[171, 0, 17, 255, 161, 72, 70, 206, 123, 0, 0, 44, 0, 0, 249, 0, 0, 93, 9, 82]
1546588879754;[171, 0, 17, 255, 161, 72, 70, 206, 123, 0, 0, 46, 0, 0, 237, 0, 0, 87, 9, 197]
1546588879755;[171, 0, 17, 255, 161, 72, 70, 206, 128, 0, 0, 51, 0, 0, 239, 0, 0, 93, 10, 25]
1546588879931;[171, 0, 17, 255, 161, 72, 70, 206, 128, 0, 0, 37, 0, 0, 246, 0, 0, 95, 9, 233]
1546588880091;[171, 0, 17, 255, 161, 72, 70, 206, 128, 0, 0, 37, 0, 0, 247, 0, 0, 90, 9, 246]
1546588880092;[171, 0, 17, 255, 161, 72, 70, 206, 128, 0, 0, 41, 0, 0, 242, 0, 0, 87, 10, 32]
1546588880445;[171, 0, 17, 255, 161, 72, 70, 206, 130, 0, 0, 49, 0, 0, 245, 0, 0, 94, 10, 69]
1546588880784;[171, 0, 17, 255, 161, 72, 70, 206, 130, 0, 0, 51, 0, 0, 241, 0, 0, 94, 11, 8]
1546588880785;[171, 0, 17, 255, 161, 72, 70, 206, 130, 0, 0, 51, 0, 0, 244, 0, 0, 95, 12, 156]
1546588880786;[171, 0, 17, 255, 161, 72, 70, 206, 130, 0, 0, 51, 0, 0, 239, 0, 0, 93, 13, 122]
1546588880800;[171, 0, 17, 255, 161, 72, 70, 206, 130, 0, 0, 53, 0, 0, 241, 0, 0, 92, 13, 168]
1546588880961;[171, 0, 17, 255, 161, 72, 70, 206, 131, 0, 0, 52, 0, 0, 241, 0, 0, 94, 14, 11]
1546588880963;[171, 0, 17, 255, 161, 72, 70, 206, 131, 0, 0, 55, 0, 0, 242, 0, 0, 92, 14, 119]
1546588881121;[171, 0, 17, 255, 161, 72, 70, 206, 131, 0, 0, 58, 0, 0, 239, 0, 0, 93, 14, 222]
1546588881299;[171, 0, 17, 255, 161, 72, 70, 206, 131, 0, 0, 58, 0, 0, 241, 0, 0, 97, 15, 51]
1546588881300;[171, 0, 17, 255, 161, 72, 70, 206, 131, 0, 0, 57, 0, 0, 241, 0, 0, 96, 15, 51]
1546588881476;[171, 0, 4, 255, 132, 128, 70]
1546588881478;[171, 0, 17, 255, 161, 72, 70, 206, 131, 0, 0, 59, 0, 0, 237, 0, 0, 90, 31, 76]
1546588881653;[171, 0, 17, 255, 161, 72, 70, 206, 131, 0, 0, 48, 0, 0, 241, 0, 0, 89, 7, 228]
1546588881653;[171, 0, 17, 255, 161, 72, 70, 206, 131, 0, 0, 58, 0, 0, 244, 0, 0, 89, 8, 105]
1546588881814;[171, 0, 17, 255, 161, 72, 70, 206, 131, 0, 0, 58, 0, 0, 241, 0, 0, 93, 8, 164]
1546588882168;[171, 0, 17, 255, 161, 72, 70, 206, 131, 0, 0, 58, 0, 0, 242, 0, 0, 93, 8, 230]
1546588882169;[171, 0, 17, 255, 161, 72, 70, 206, 132, 0, 0, 64, 0, 0, 242, 0, 0, 92, 9, 28]
1546588882170;[171, 0, 17, 255, 161, 72, 70, 206, 132, 0, 0, 61, 0, 0, 242, 0, 0, 90, 9, 65]
1546588882172;[171, 0, 17, 255, 161, 72, 70, 206, 132, 0, 0, 63, 0, 0, 244, 0, 0, 89, 9, 91]
1546588882330;[171, 0, 17, 255, 161, 72, 70, 206, 132, 0, 0, 61, 0, 0, 241, 0, 0, 83, 9, 141]
1546588882507;[171, 0, 17, 255, 161, 72, 70, 206, 132, 0, 0, 64, 0, 0, 236, 0, 0, 83, 9, 203]
1546588882508;[171, 0, 4, 255, 132, 128, 70]
1546588882684;[171, 0, 17, 255, 161, 72, 70, 206, 132, 0, 0, 61, 0, 0, 240, 0, 0, 83, 9, 235]
1546588882685;[171, 0, 17, 255, 161, 72, 70, 206, 132, 0, 0, 64, 0, 0, 241, 0, 0, 89, 10, 20]
1546588882862;[171, 0, 17, 255, 161, 72, 70, 206, 132, 0, 0, 63, 0, 0, 235, 0, 0, 92, 10, 37]
1546588882862;[171, 0, 17, 255, 161, 72, 70, 206, 132, 0, 0, 63, 0, 0, 242, 0, 0, 94, 10, 47]
1546588883022;[171, 0, 17, 255, 161, 72, 70, 206, 132, 0, 0, 61, 0, 0, 242, 0, 0, 93, 10, 75]
1546588883377;[171, 0, 17, 255, 161, 72, 70, 206, 133, 0, 0, 66, 0, 0, 250, 0, 0, 83, 10, 135]
1546588883378;[171, 0, 17, 255, 161, 72, 70, 206, 133, 0, 0, 72, 0, 0, 242, 0, 0, 86, 10, 187]
1546588883379;[171, 0, 17, 255, 161, 72, 70, 206, 133, 0, 0, 78, 0, 0, 249, 0, 0, 89, 10, 219]
1546588883380;[171, 0, 17, 255, 161, 72, 70, 206, 133, 0, 0, 77, 0, 0, 228, 0, 0, 89, 10, 230]
1546588883537;[171, 0, 17, 255, 161, 72, 70, 206, 133, 0, 0, 92, 0, 0, 213, 0, 0, 77, 4, 186]
1546588883554;[171, 0, 4, 255, 132, 128, 71]
1546588883717;[171, 0, 17, 255, 161, 72, 70, 206, 133, 0, 0, 68, 0, 0, 204, 0, 0, 120, 12, 88]
1546588883892;[171, 0, 17, 255, 161, 72, 70, 206, 133, 0, 0, 59, 0, 0, 244, 0, 0, 123, 12, 82]
1546588883892;[171, 0, 17, 255, 161, 72, 70, 206, 133, 0, 0, 43, 0, 0, 228, 0, 0, 87, 12, 9]
1546588884069;[171, 0, 17, 255, 161, 72, 70, 206, 133, 0, 0, 64, 0, 0, 249, 0, 0, 94, 12, 34]
1546588884230;[171, 0, 17, 255, 161, 72, 70, 206, 133, 0, 0, 61, 0, 0, 255, 0, 0, 99, 12, 40]
1546588884231;[171, 0, 17, 255, 161, 72, 70, 206, 134, 0, 0, 96, 0, 0, 212, 0, 0, 94, 12, 106]
1546588884753;[171, 0, 17, 255, 161, 72, 70, 206, 134, 0, 0, 55, 0, 0, 241, 0, 0, 89, 12, 129]
1546588884754;[171, 0, 17, 255, 161, 72, 70, 206, 134, 0, 0, 36, 0, 0, 253, 0, 0, 98, 12, 159]
1546588884762;[171, 0, 17, 255, 161, 72, 70, 206, 134, 0, 0, 26, 0, 0, 244, 0, 0, 102, 12, 189]
1546588884764;[171, 0, 17, 255, 161, 72, 70, 206, 134, 0, 0, 34, 0, 0, 240, 0, 0, 98, 12, 213]
1546588884924;[171, 0, 4, 255, 132, 128, 71]
1546588884925;[171, 0, 17, 255, 161, 72, 70, 206, 134, 0, 0, 36, 0, 0, 240, 0, 0, 101, 12, 238]
1546588884926;[171, 0, 17, 255, 161, 72, 70, 206, 134, 0, 0, 52, 0, 0, 235, 0, 0, 95, 12, 251]
1546588885099;[171, 0, 17, 255, 161, 72, 70, 206, 134, 0, 0, 52, 0, 0, 222, 0, 0, 80, 12, 234]
1546588885101;[171, 0, 17, 255, 161, 72, 70, 206, 134, 0, 0, 61, 0, 0, 236, 0, 0, 88, 12, 228]
1546588885277;[171, 0, 17, 255, 161, 72, 70, 206, 134, 0, 0, 48, 0, 1, 13, 0, 0, 110, 12, 233]
1546588885280;[171, 0, 17, 255, 161, 72, 70, 206, 135, 0, 0, 34, 0, 1, 12, 0, 0, 105, 13, 15]
1546588885440;[171, 0, 17, 255, 161, 72, 70, 206, 135, 0, 0, 24, 0, 0, 245, 0, 0, 97, 13, 11]
1546588885441;[171, 0, 17, 255, 161, 72, 70, 206, 135, 0, 0, 72, 0, 0, 237, 0, 0, 106, 13, 36]
1546588885659;[171, 0, 17, 255, 161, 72, 70, 206, 135, 0, 0, 93, 0, 0, 207, 0, 0, 86, 13, 113]
1546588885952;[171, 0, 17, 255, 161, 72, 70, 206, 135, 0, 0, 97, 0, 0, 219, 0, 0, 92, 13, 120]
1546588885956;[171, 0, 4, 255, 132, 128, 71]
1546588885975;[171, 0, 17, 255, 161, 72, 70, 206, 135, 0, 0, 84, 0, 0, 241, 0, 0, 95, 13, 120]
1546588885976;[171, 0, 17, 255, 161, 72, 70, 206, 135, 0, 0, 105, 0, 0, 254, 0, 0, 154, 14, 128]
1546588886124;[171, 0, 17, 255, 161, 72, 70, 206, 135, 0, 0, 151, 0, 0, 184, 0, 0, 143, 31, 255]
1546588886296;[171, 0, 17, 255, 161, 72, 70, 206, 135, 0, 0, 134, 0, 0, 166, 0, 0, 41, 7, 252]
1546588886299;[171, 0, 17, 255, 161, 72, 70, 206, 135, 0, 0, 146, 0, 0, 167, 0, 0, 12, 8, 72]
1546588886476;[171, 0, 17, 255, 161, 72, 70, 206, 136, 0, 0, 121, 0, 0, 173, 0, 0, 40, 9, 86]
1546588886479;[171, 0, 17, 255, 161, 72, 70, 206, 136, 0, 0, 206, 0, 0, 222, 0, 0, 21, 10, 67]
1546588886646;[171, 0, 17, 255, 161, 72, 70, 206, 136, 0, 0, 191, 0, 0, 176, 0, 0, 45, 10, 15]
1546588886650;[171, 0, 17, 255, 161, 72, 70, 206, 136, 0, 0, 198, 0, 0, 172, 0, 0, 52, 9, 214]
1546588886818;[171, 0, 17, 255, 161, 72, 70, 206, 136, 0, 0, 179, 0, 0, 181, 0, 0, 53, 9, 111]
1546588887164;[171, 0, 4, 255, 132, 128, 72]
1546588887169;[171, 0, 17, 255, 161, 72, 70, 206, 136, 0, 0, 150, 0, 0, 161, 0, 0, 29, 9, 33]
1546588887175;[171, 0, 17, 255, 161, 72, 70, 206, 136, 0, 0, 145, 0, 0, 129, 0, 0, 4, 8, 247]
1546588887177;[171, 0, 17, 255, 161, 72, 70, 206, 136, 0, 0, 143, 0, 0, 124, 0, 0, 44, 9, 71]
1546588887336;[171, 0, 17, 255, 161, 72, 70, 206, 136, 0, 0, 110, 0, 0, 147, 0, 0, 46, 9, 194]
1546588887340;[171, 0, 17, 255, 161, 72, 70, 206, 136, 0, 0, 108, 0, 0, 243, 0, 0, 79, 9, 131]
1546588887681;[171, 0, 17, 255, 161, 72, 70, 206, 137, 0, 0, 183, 0, 1, 61, 0, 0, 56, 8, 221]
1546588887692;[171, 0, 17, 255, 161, 72, 70, 206, 137, 0, 0, 177, 0, 1, 55, 0, 0, 96, 8, 161]
1546588887697;[171, 0, 17, 255, 161, 72, 70, 206, 137, 0, 0, 188, 0, 0, 235, 0, 0, 59, 7, 215]
1546588887853;[171, 0, 17, 255, 161, 72, 70, 206, 137, 0, 0, 79, 0, 1, 60, 0, 0, 101, 7, 170]
1546588887856;[171, 0, 17, 255, 161, 72, 70, 206, 137, 0, 0, 95, 0, 1, 34, 0, 0, 139, 7, 210]
1546588888025;[171, 0, 4, 255, 132, 128, 72]
1546588888198;[171, 0, 17, 255, 161, 72, 70, 206, 137, 0, 0, 121, 0, 0, 232, 0, 0, 94, 4, 78]
1546588888203;[171, 0, 17, 255, 161, 72, 70, 206, 137, 0, 0, 211, 0, 0, 223, 0, 0, 170, 1, 196]
1546588888544;[171, 0, 17, 255, 161, 72, 70, 206, 137, 0, 0, 251, 0, 0, 235, 0, 0, 245, 1, 196]
1546588888549;[171, 0, 17, 255, 161, 72, 70, 206, 137, 0, 0, 143, 0, 0, 85, 0, 0, 242, 1, 196]
1546588888553;[171, 0, 17, 255, 161, 72, 70, 206, 137, 0, 0, 34, 0, 0, 39, 0, 0, 188, 1, 196]
1546588888557;[171, 0, 17, 255, 161, 72, 70, 206, 138, 1, 0, 21, 0, 0, 34, 0, 0, 171, 1, 196]
1546588888715;[171, 0, 17, 255, 161, 72, 70, 206, 138, 1, 0, 9, 0, 0, 39, 0, 0, 209, 1, 196]
1546588889063;[171, 0, 17, 255, 161, 72, 70, 206, 138, 1, 0, 50, 0, 0, 58, 0, 0, 221, 1, 196]
1546588889067;[171, 0, 17, 255, 161, 72, 70, 206, 138, 0, 0, 13, 0, 0, 44, 0, 0, 168, 1, 196]
1546588889071;[171, 0, 17, 255, 161, 72, 70, 206, 138, 0, 0, 5, 0, 0, 14, 0, 0, 184, 16, 0]
1546588889075;[171, 0, 4, 255, 132, 128, 73]
1546588889233;[171, 0, 17, 255, 161, 72, 70, 206, 138, 0, 0, 41, 1, 0, 3, 0, 0, 238, 8, 107]
1546588889406;[171, 0, 17, 255, 161, 72, 70, 206, 138, 0, 0, 38, 0, 0, 35, 0, 1, 1, 6, 67]
1546588889410;[171, 0, 17, 255, 161, 72, 70, 206, 138, 0, 0, 84, 0, 0, 102, 0, 0, 235, 5, 106]
1546588889751;[171, 0, 17, 255, 161, 72, 70, 206, 138, 0, 0, 58, 0, 0, 145, 0, 0, 225, 8, 42]
1546588889755;[171, 0, 17, 255, 161, 72, 70, 206, 138, 0, 0, 85, 0, 0, 192, 0, 0, 245, 8, 42]
1546588889759;[171, 0, 17, 255, 161, 72, 70, 206, 139, 0, 0, 87, 0, 0, 199, 0, 0, 195, 8, 42]
1546588889923;[171, 0, 17, 255, 161, 72, 70, 206, 139, 0, 0, 98, 0, 0, 167, 0, 0, 144, 8, 42]
1546588889927;[171, 0, 17, 255, 161, 72, 70, 206, 139, 0, 0, 98, 0, 0, 181, 0, 0, 118, 8, 42]
1546588890097;[171, 0, 17, 255, 161, 72, 70, 206, 139, 0, 0, 98, 0, 0, 196, 0, 0, 117, 8, 42]
1546588890102;[171, 0, 17, 255, 161, 72, 70, 206, 139, 0, 0, 116, 0, 0, 204, 0, 0, 117, 31, 190]
1546588890329;[171, 0, 4, 255, 132, 128, 73]
1546588890332;[171, 0, 17, 255, 161, 72, 70, 206, 139, 0, 0, 138, 0, 0, 227, 0, 0, 103, 7, 208]
1546588890437;[171, 0, 17, 255, 161, 72, 70, 206, 139, 0, 0, 156, 0, 0, 228, 0, 0, 87, 7, 208]
1546588890439;[171, 0, 17, 255, 161, 72, 70, 206, 139, 0, 0, 129, 0, 0, 219, 0, 0, 102, 7, 208]
1546588890638;[171, 0, 17, 255, 161, 72, 70, 206, 139, 0, 0, 99, 0, 0, 215, 0, 0, 117, 7, 208]
1546588891134;[171, 0, 17, 255, 161, 72, 70, 206, 139, 0, 0, 103, 0, 0, 212, 0, 0, 124, 9, 226]
1546588891138;[171, 0, 17, 255, 161, 72, 70, 206, 140, 0, 0, 106, 0, 0, 214, 0, 0, 129, 10, 51]
1546588891142;[171, 0, 17, 255, 161, 72, 70, 206, 140, 0, 0, 106, 0, 0, 214, 0, 0, 119, 10, 128]
1546588891147;[171, 0, 17, 255, 161, 72, 70, 206, 140, 0, 0, 117, 0, 0, 212, 0, 0, 118, 10, 244]
1546588891481;[171, 0, 17, 255, 161, 72, 70, 206, 140, 0, 0, 128, 0, 0, 210, 0, 0, 111, 11, 66]
1546588891487;[171, 0, 17, 255, 161, 72, 70, 206, 140, 0, 0, 121, 0, 0, 217, 0, 0, 111, 11, 122]
1546588891490;[171, 0, 4, 255, 132, 128, 72]
1546588891493;[171, 0, 17, 255, 161, 72, 70, 206, 140, 0, 0, 114, 0, 0, 211, 0, 0, 96, 11, 224]
1546588891649;[171, 0, 17, 255, 161, 72, 70, 206, 140, 0, 0, 111, 0, 0, 217, 0, 0, 101, 12, 22]
1546588891653;[171, 0, 17, 255, 161, 72, 70, 206, 140, 0, 0, 133, 0, 0, 196, 0, 0, 92, 12, 95]
1546588891658;[171, 0, 17, 255, 161, 72, 70, 206, 140, 0, 0, 166, 0, 0, 181, 0, 0, 103, 12, 239]
1546588891821;[171, 0, 17, 255, 161, 72, 70, 206, 140, 0, 0, 166, 0, 0, 177, 0, 0, 118, 13, 39]
1546588891994;[171, 0, 17, 255, 161, 72, 70, 206, 141, 0, 0, 164, 0, 0, 160, 0, 0, 140, 13, 58]
1546588891998;[171, 0, 17, 255, 161, 72, 70, 206, 141, 0, 0, 192, 0, 0, 164, 0, 0, 174, 14, 89]
1546588892339;[171, 0, 17, 255, 161, 72, 70, 206, 141, 0, 0, 234, 0, 0, 141, 0, 0, 153, 14, 245]
1546588892344;[171, 0, 17, 255, 161, 72, 70, 206, 141, 0, 0, 230, 0, 0, 124, 0, 0, 83, 14, 251]
1546588892348;[171, 0, 17, 255, 161, 72, 70, 206, 141, 0, 0, 170, 0, 0, 147, 0, 0, 18, 31, 198]
1546588892352;[171, 0, 4, 255, 132, 128, 72]
1546588892509;[171, 0, 17, 255, 161, 72, 70, 206, 141, 0, 0, 208, 0, 0, 162, 0, 0, 6, 7, 208]
1546588892684;[171, 0, 17, 255, 161, 72, 70, 206, 141, 0, 1, 10, 0, 0, 199, 1, 0, 23, 7, 208]
1546588892688;[171, 0, 17, 255, 161, 72, 70, 206, 141, 0, 0, 186, 0, 0, 141, 1, 0, 9, 7, 157]
1546588892858;[171, 0, 17, 255, 161, 72, 70, 206, 141, 0, 0, 248, 0, 0, 129, 1, 0, 35, 7, 158]
1546588892862;[171, 0, 17, 255, 161, 72, 70, 206, 141, 0, 0, 242, 0, 0, 70, 1, 0, 54, 7, 23]
1546588893030;[171, 0, 17, 255, 161, 72, 70, 206, 142, 0, 0, 236, 0, 0, 93, 1, 0, 54, 6, 117]
1546588893202;[171, 0, 17, 255, 161, 72, 70, 206, 142, 0, 0, 224, 0, 0, 89, 1, 0, 80, 6, 143]
1546588893206;[171, 0, 17, 255, 161, 72, 70, 206, 142, 0, 0, 228, 0, 0, 99, 1, 0, 70, 6, 208]
1546588893548;[171, 0, 17, 255, 161, 72, 70, 206, 142, 0, 0, 226, 0, 0, 116, 1, 0, 104, 7, 13]
1546588893552;[171, 0, 17, 255, 161, 72, 70, 206, 142, 0, 0, 204, 0, 0, 179, 1, 0, 1, 7, 153]
1546588893556;[171, 0, 4, 255, 132, 128, 72]
1546588893561;[171, 0, 17, 255, 161, 72, 70, 206, 142, 0, 0, 224, 0, 0, 173, 0, 0, 25, 6, 39]
1546588893717;[171, 0, 17, 255, 161, 72, 70, 206, 142, 0, 1, 1, 0, 0, 109, 0, 0, 14, 6, 42]
1546588893890;[171, 0, 17, 255, 161, 72, 70, 206, 142, 0, 1, 47, 0, 0, 32, 1, 0, 67, 6, 71]
1546588893895;[171, 0, 17, 255, 161, 72, 70, 206, 142, 0, 1, 27, 0, 0, 56, 1, 0, 23, 5, 134]
1546588894063;[171, 0, 17, 255, 161, 72, 70, 206, 142, 0, 0, 216, 0, 0, 53, 1, 0, 9, 5, 64]
1546588894067;[171, 0, 17, 255, 161, 72, 70, 206, 143, 0, 0, 189, 0, 0, 84, 1, 0, 21, 5, 90]
1546588894236;[171, 0, 17, 255, 161, 72, 70, 206, 143, 0, 0, 211, 0, 0, 133, 1, 0, 43, 5, 148]
1546588894240;[171, 0, 17, 255, 161, 72, 70, 206, 143, 0, 0, 229, 0, 0, 186, 1, 0, 9, 4, 124]
1546588894409;[171, 0, 17, 255, 161, 72, 70, 206, 143, 0, 0, 211, 0, 0, 137, 1, 0, 31, 4, 38]
1546588894580;[171, 0, 17, 255, 161, 72, 70, 206, 143, 0, 0, 203, 0, 0, 114, 1, 0, 4, 3, 161]
1546588894584;[171, 0, 4, 255, 132, 128, 72]
1546588894927;[171, 0, 17, 255, 161, 72, 70, 206, 143, 0, 0, 195, 0, 0, 132, 0, 0, 8, 3, 161]
1546588894931;[171, 0, 17, 255, 161, 72, 70, 206, 143, 0, 0, 203, 0, 0, 136, 0, 0, 12, 3, 161]
1546588894935;[171, 0, 17, 255, 161, 72, 70, 206, 143, 0, 0, 215, 0, 0, 155, 0, 0, 34, 3, 161]
1546588895098;[171, 0, 17, 255, 161, 72, 70, 206, 143, 0, 0, 185, 0, 0, 163, 0, 0, 41, 3, 161]
1546588895103;[171, 0, 17, 255, 161, 72, 70, 206, 143, 0, 0, 211, 0, 0, 190, 0, 0, 34, 3, 161]
1546588895270;[171, 0, 17, 255, 161, 72, 70, 206, 144, 0, 0, 179, 0, 0, 190, 0, 0, 58, 3, 161]
1546588895274;[171, 0, 17, 255, 161, 72, 70, 206, 144, 0, 0, 159, 0, 0, 201, 0, 0, 60, 3, 161]
1546588895445;[171, 0, 17, 255, 161, 72, 70, 206, 144, 0, 0, 156, 0, 0, 204, 0, 0, 17, 3, 161]
1546588895448;[171, 0, 17, 255, 161, 72, 70, 206, 144, 0, 0, 141, 0, 1, 8, 0, 0, 8, 3, 161]
1546588895615;[171, 0, 17, 255, 161, 72, 70, 206, 144, 0, 0, 111, 0, 0, 248, 0, 0, 15, 3, 161]
1546588895788;[171, 0, 4, 255, 132, 128, 72]
1546588895794;[171, 0, 17, 255, 161, 72, 70, 206, 144, 0, 0, 101, 0, 0, 248, 1, 0, 5, 4, 60]
1546588896134;[171, 0, 17, 255, 161, 72, 70, 206, 144, 0, 0, 116, 0, 0, 250, 0, 0, 11, 4, 174]
1546588896138;[171, 0, 17, 255, 161, 72, 70, 206, 144, 0, 0, 80, 0, 0, 248, 1, 0, 31, 4, 213]
1546588896142;[171, 0, 17, 255, 161, 72, 70, 206, 144, 0, 0, 54, 0, 0, 249, 1, 0, 18, 3, 138]
1546588896307;[171, 0, 17, 255, 161, 72, 70, 206, 144, 0, 0, 163, 0, 1, 24, 0, 0, 116, 3, 138]
1546588896311;[171, 0, 17, 255, 161, 72, 70, 206, 145, 0, 0, 248, 0, 0, 195, 0, 0, 192, 3, 138]
1546588896483;[171, 0, 17, 255, 161, 72, 70, 206, 145, 0, 0, 173, 0, 0, 78, 0, 0, 197, 3, 138]
1546588896487;[171, 0, 17, 255, 161, 72, 70, 206, 145, 0, 0, 99, 0, 0, 142, 0, 0, 189, 3, 138]
1546588896651;[171, 0, 17, 255, 161, 72, 70, 206, 145, 0, 0, 35, 0, 0, 107, 0, 0, 186, 3, 138]
1546588896655;[171, 0, 17, 255, 161, 72, 70, 206, 145, 0, 0, 13, 0, 0, 101, 0, 0, 201, 3, 138]
1546588896824;[171, 0, 4, 255, 132, 128, 72]
1546588896996;[171, 0, 17, 255, 161, 72, 70, 206, 145, 0, 0, 13, 0, 0, 82, 0, 0, 213, 4, 243]
1546588897000;[171, 0, 17, 255, 161, 72, 70, 206, 145, 0, 0, 48, 0, 0, 75, 0, 0, 195, 7, 118]
1546588897169;[171, 0, 17, 255, 161, 72, 70, 206, 145, 0, 0, 72, 0, 0, 83, 0, 0, 202, 7, 118]
1546588897173;[171, 0, 17, 255, 161, 72, 70, 206, 145, 0, 0, 168, 0, 0, 100, 0, 0, 105, 7, 118]
1546588897514;[171, 0, 17, 255, 161, 72, 70, 206, 145, 0, 0, 181, 0, 0, 134, 1, 0, 19, 7, 118]
1546588897518;[171, 0, 17, 255, 161, 72, 70, 206, 146, 0, 0, 228, 0, 0, 196, 1, 0, 63, 7, 118]
1546588897522;[171, 0, 17, 255, 161, 72, 70, 206, 146, 0, 0, 161, 0, 0, 232, 1, 0, 92, 7, 118]
1546588897687;[171, 0, 17, 255, 161, 72, 70, 206, 146, 0, 0, 152, 0, 1, 8, 1, 0, 63, 7, 118]
1546588897690;[171, 0, 17, 255, 161, 72, 70, 206, 146, 0, 0, 110, 0, 0, 250, 1, 0, 97, 7, 118]
1546588898032;[171, 0, 17, 255, 161, 72, 70, 206, 146, 0, 0, 56, 0, 1, 3, 1, 0, 45, 7, 118]
1546588898036;[171, 0, 4, 255, 132, 128, 72]
1546588898041;[171, 0, 17, 255, 161, 72, 70, 206, 146, 0, 0, 36, 0, 0, 251, 0, 0, 15, 7, 118]
1546588898203;[171, 0, 17, 255, 161, 72, 70, 206, 146, 0, 0, 50, 0, 0, 249, 0, 0, 6, 8, 14]
1546588898207;[171, 0, 17, 255, 161, 72, 70, 206, 146, 0, 0, 13, 0, 0, 247, 0, 0, 16, 8, 14]
1546588898375;[171, 0, 17, 255, 161, 72, 70, 206, 146, 0, 0, 40, 0, 0, 249, 0, 0, 35, 8, 14]
1546588898379;[171, 0, 17, 255, 161, 72, 70, 206, 146, 0, 0, 118, 0, 0, 219, 0, 0, 187, 8, 14]
1546588898723;[171, 0, 17, 255, 161, 72, 70, 206, 147, 0, 0, 113, 0, 1, 24, 0, 0, 102, 8, 14]
1546588898727;[171, 0, 17, 255, 161, 72, 70, 206, 147, 0, 0, 72, 0, 0, 241, 0, 0, 144, 8, 14]
1546588898732;[171, 0, 17, 255, 161, 72, 70, 206, 147, 0, 0, 75, 0, 0, 199, 0, 0, 149, 8, 14]
1546588898893;[171, 0, 17, 255, 161, 72, 70, 206, 147, 0, 0, 99, 0, 0, 152, 0, 0, 156, 8, 14]
1546588898897;[171, 0, 17, 255, 161, 72, 70, 206, 147, 0, 0, 117, 0, 0, 139, 0, 0, 159, 6, 98]
1546588899065;[171, 0, 4, 255, 132, 128, 72]
1546588899070;[171, 0, 17, 255, 161, 72, 70, 206, 147, 0, 0, 146, 0, 0, 145, 0, 0, 177, 13, 98]
