1546588982045;[171, 0, 17, 255, 161, 72, 70, 206, 234, 0, 0, 99, 0, 0, 128, 1, 0, 207, 10, 55]
1546588982060;[171, 0, 17, 255, 161, 72, 70, 206, 234, 0, 0, 98, 0, 0, 125, 1, 0, 211, 10, 55]
1546588982062;[171, 0, 17, 255, 161, 72, 70, 206, 234, 0, 0, 97, 0, 0, 129, 1, 0, 211, 10, 71]
1546588982385;[171, 0, 17, 255, 161, 72, 70, 206, 234, 0, 0, 96, 0, 0, 125, 1, 0, 203, 10, 97]
1546588982388;[171, 0, 17, 255, 161, 72, 70, 206, 235, 0, 0, 93, 0, 0, 134, 1, 0, 201, 10, 119]
1546588982392;[171, 0, 17, 255, 161, 72, 70, 206, 235, 0, 0, 99, 0, 0, 129, 1, 0, 217, 10, 147]
1546588982397;[171, 0, 17, 255, 161, 72, 70, 206, 235, 0, 0, 101, 0, 0, 120, 1, 0, 201, 10, 155]
1546588982556;[171, 0, 17, 255, 161, 72, 70, 206, 235, 0, 0, 97, 0, 0, 127, 1, 0, 214, 10, 158]
1546588982560;[171, 0, 17, 255, 161, 72, 70, 206, 235, 0, 0, 98, 0, 0, 127, 1, 0, 203, 10, 161]
1546588982564;[171, 0, 4, 255, 132, 128, 85]
1546588982729;[171, 0, 17, 255, 161, 72, 70, 206, 235, 0, 0, 93, 0, 0, 127, 1, 0, 212, 10, 168]
1546588982900;[171, 0, 17, 255, 161, 72, 70, 206, 235, 0, 0, 99, 0, 0, 125, 1, 0, 207, 10, 171]
1546588982904;[171, 0, 17, 255, 161, 72, 70, 206, 235, 0, 0, 98, 0, 0, 124, 1, 0, 207, 10, 190]
1546588983248;[171, 0, 17, 255, 161, 72, 70, 206, 235, 0, 0, 98, 0, 0, 126, 1, 0, 206, 10, 203]
1546588983253;[171, 0, 17, 255, 161, 72, 70, 206, 235, 0, 0, 103, 0, 0, 128, 1, 0, 202, 10, 244]
1546588983256;[171, 0, 17, 255, 161, 72, 70, 206, 236, 0, 0, 111, 0, 0, 129, 1, 0, 202, 11, 23]
1546588983261;[171, 0, 17, 255, 161, 72, 70, 206, 236, 0, 0, 109, 0, 0, 124, 1, 0, 201, 11, 47]
1546588983418;[171, 0, 17, 255, 161, 72, 70, 206, 236, 0, 0, 106, 0, 0, 124, 1, 0, 203, 11, 71]
1546588985625;[171, 0, 17, 255, 161, 72, 70, 206, 236, 0, 0, 106, 0, 0, 124, 1, 0, 211, 11, 85]
1546588985627;[171, 0, 17, 255, 161, 72, 70, 206, 236, 0, 0, 107, 0, 0, 127, 1, 0, 203, 11, 100]
1546588985628;[171, 0, 4, 255, 132, 128, 85]
1546588985631;[171, 0, 17, 255, 161, 72, 70, 206, 236, 0, 0, 106, 0, 0, 124, 1, 0, 206, 11, 121]
1546588985664;[171, 0, 17, 255, 161, 72, 70, 206, 236, 0, 0, 106, 0, 0, 125, 1, 0, 204, 11, 130]
1546588985666;[171, 0, 17, 255, 161, 72, 70, 206, 236, 0, 0, 106, 0, 0, 121, 1, 0, 201, 11, 135]
1546588985668;[171, 0, 17, 255, 161, 72, 70, 206, 236, 0, 0, 106, 0, 0, 121, 1, 0, 204, 11, 140]
1546588985678;[171, 0, 17, 255, 161, 72, 70, 206, 236, 0, 0, 104, 0, 0, 122, 1, 0, 202, 11, 141]
1546588985680;[171, 0, 17, 255, 161, 72, 70, 206, 237, 0, 0, 109, 0, 0, 124, 1, 0, 201, 11, 139]
1546588985682;[171, 0, 17, 255, 161, 72, 70, 206, 237, 0, 0, 106, 0, 0, 122, 1, 0, 206, 11, 152]
1546588985684;[171, 0, 17, 255, 161, 72, 70, 206, 237, 0, 0, 114, 0, 0, 128, 1, 0, 202, 11, 165]
1546588985689;[171, 0, 17, 255, 161, 72, 70, 206, 237, 0, 0, 104, 0, 0, 121, 1, 0, 203, 11, 164]
1546588985691;[171, 0, 17, 255, 161, 72, 70, 206, 237, 0, 0, 111, 0, 0, 121, 1, 0, 206, 11, 170]
1546588985692;[171, 0, 4, 255, 132, 128, 85]
1546588985701;[171, 0, 17, 255, 161, 72, 70, 206, 237, 0, 0, 108, 0, 0, 121, 1, 0, 206, 11, 179]
1546588985703;[171, 0, 17, 255, 161, 72, 70, 206, 237, 0, 0, 106, 0, 0, 124, 1, 0, 203, 11, 179]
1546588985705;[171, 0, 17, 255, 161, 72, 70, 206, 237, 0, 0, 104, 0, 0, 120, 1, 0, 201, 11, 183]
1546588985706;[171, 0, 17, 255, 161, 72, 70, 206, 237, 0, 0, 103, 0, 0, 121, 1, 0, 207, 11, 192]
1546588985711;[171, 0, 17, 255, 161, 72, 70, 206, 237, 0, 0, 104, 0, 0, 121, 1, 0, 202, 11, 203]
1546588985719;[171, 0, 17, 255, 161, 72, 70, 206, 238, 0, 0, 107, 0, 0, 120, 1, 0, 206, 11, 205]
1546588985721;[171, 0, 17, 255, 161, 72, 70, 206, 238, 0, 0, 101, 0, 0, 124, 1, 0, 203, 11, 209]
1546588985836;[171, 0, 17, 255, 161, 72, 70, 206, 238, 0, 0, 104, 0, 0, 128, 1, 0, 206, 11, 212]
1546588985840;[171, 0, 17, 255, 161, 72, 70, 206, 238, 0, 0, 103, 0, 0, 120, 1, 0, 211, 11, 196]
1546588985844;[171, 0, 17, 255, 161, 72, 70, 206, 238, 0, 0, 106, 0, 0, 124, 1, 0, 202, 11, 202]
1546588985848;[171, 0, 4, 255, 132, 128, 84]
1546588986007;[171, 0, 17, 255, 161, 72, 70, 206, 238, 0, 0, 101, 0, 0, 127, 1, 0, 211, 11, 206]
1546588986353;[171, 0, 17, 255, 161, 72, 70, 206, 238, 0, 0, 101, 0, 0, 122, 1, 0, 204, 11, 217]
1546588986357;[171, 0, 17, 255, 161, 72, 70, 206, 238, 0, 0, 103, 0, 0, 124, 1, 0, 211, 11, 216]
1546588986361;[171, 0, 17, 255, 161, 72, 70, 206, 238, 0, 0, 103, 0, 0, 120, 1, 0, 206, 11, 220]
1546588986364;[171, 0, 17, 255, 161, 72, 70, 206, 238, 0, 0, 103, 0, 0, 125, 1, 0, 202, 11, 228]
1546588986522;[171, 0, 17, 255, 161, 72, 70, 206, 239, 0, 0, 106, 0, 0, 121, 1, 0, 211, 11, 226]
1546588986698;[171, 0, 17, 255, 161, 72, 70, 206, 239, 0, 0, 102, 0, 0, 121, 1, 0, 203, 11, 222]
1546588986702;[171, 0, 17, 255, 161, 72, 70, 206, 239, 0, 0, 103, 0, 0, 127, 1, 0, 202, 11, 223]
1546588987043;[171, 0, 17, 255, 161, 72, 70, 206, 239, 0, 0, 103, 0, 0, 125, 1, 0, 211, 11, 235]
1546588987047;[171, 0, 17, 255, 161, 72, 70, 206, 239, 0, 0, 101, 0, 0, 121, 1, 0, 207, 11, 251]
1546588987051;[171, 0, 4, 255, 132, 128, 85]
1546588987056;[171, 0, 17, 255, 161, 72, 70, 206, 239, 0, 0, 101, 0, 0, 121, 1, 0, 202, 11, 247]
1546588987387;[171, 0, 17, 255, 161, 72, 70, 206, 239, 0, 0, 103, 0, 0, 124, 1, 0, 206, 11, 254]
1546588987391;[171, 0, 17, 255, 161, 72, 70, 206, 239, 0, 0, 102, 0, 0, 124, 1, 0, 211, 11, 249]
1546588987395;[171, 0, 17, 255, 161, 72, 70, 206, 239, 0, 0, 99, 0, 0, 121, 1, 0, 202, 11, 251]
1546588987558;[171, 0, 17, 255, 161, 72, 70, 206, 239, 0, 0, 99, 0, 0, 120, 1, 0, 211, 12, 0]
1546588987562;[171, 0, 17, 255, 161, 72, 70, 206, 240, 0, 0, 103, 0, 0, 121, 1, 0, 206, 12, 10]
1546588987731;[171, 0, 17, 255, 161, 72, 70, 206, 240, 0, 0, 106, 0, 0, 121, 1, 0, 208, 12, 8]
1546588987735;[171, 0, 17, 255, 161, 72, 70, 206, 240, 0, 0, 132, 0, 0, 122, 1, 0, 229, 11, 241]
1546588987964;[171, 0, 17, 255, 161, 72, 70, 206, 240, 0, 0, 123, 0, 0, 193, 1, 1, 16, 11, 116]
1546588988423;[171, 0, 17, 255, 161, 72, 70, 206, 240, 0, 0, 94, 0, 0, 104, 1, 1, 119, 10, 153]
1546588988427;[171, 0, 4, 255, 132, 128, 85]
1546588988431;[171, 0, 17, 255, 161, 72, 70, 206, 240, 1, 0, 10, 0, 0, 23, 1, 1, 103, 9, 30]
1546588988438;[171, 0, 17, 255, 161, 72, 70, 206, 240, 0, 0, 101, 1, 0, 61, 1, 0, 168, 8, 114]
1546588988594;[171, 0, 17, 255, 161, 72, 70, 206, 240, 0, 0, 94, 1, 0, 85, 1, 0, 10, 8, 114]
1546588988599;[171, 0, 17, 255, 161, 72, 70, 206, 240, 0, 0, 182, 1, 0, 47, 1, 0, 98, 8, 114]
1546588988602;[171, 0, 17, 255, 161, 72, 70, 206, 240, 0, 0, 1, 1, 0, 16, 1, 0, 250, 5, 249]
1546588988766;[171, 0, 17, 255, 161, 72, 70, 206, 241, 0, 0, 44, 1, 0, 17, 1, 0, 250, 4, 232]
1546588988770;[171, 0, 17, 255, 161, 72, 70, 206, 241, 1, 0, 9, 1, 0, 14, 1, 0, 252, 4, 57]
1546588988939;[171, 0, 17, 255, 161, 72, 70, 206, 241, 0, 0, 6, 1, 0, 23, 1, 0, 253, 3, 175]
1546588988943;[171, 0, 17, 255, 161, 72, 70, 206, 241, 1, 0, 15, 1, 0, 24, 1, 1, 0, 3, 41]
1546588989111;[171, 0, 17, 255, 161, 72, 70, 206, 241, 1, 0, 1, 1, 0, 34, 1, 0, 253, 2, 210]
1546588989283;[171, 0, 4, 255, 132, 128, 84]
1546588989287;[171, 0, 17, 255, 161, 72, 70, 206, 241, 1, 0, 6, 1, 0, 50, 1, 0, 236, 2, 165]
1546588989629;[171, 0, 17, 255, 161, 72, 70, 206, 241, 0, 0, 21, 1, 0, 49, 1, 0, 236, 2, 116]
1546588989634;[171, 0, 17, 255, 161, 72, 70, 206, 241, 0, 0, 58, 1, 0, 23, 1, 0, 219, 2, 65]
1546588989638;[171, 0, 17, 255, 161, 72, 70, 206, 241, 0, 0, 50, 0, 0, 19, 1, 0, 224, 2, 58]
1546588989801;[171, 0, 17, 255, 161, 72, 70, 206, 241, 0, 0, 96, 1, 0, 9, 1, 0, 166, 2, 42]
1546588989805;[171, 0, 17, 255, 161, 72, 70, 206, 242, 0, 0, 129, 1, 0, 9, 1, 0, 189, 2, 58]
1546588989974;[171, 0, 17, 255, 161, 72, 70, 206, 242, 1, 0, 5, 0, 0, 39, 1, 0, 196, 1, 197]
1546588989978;[171, 0, 17, 255, 161, 72, 70, 206, 242, 1, 0, 147, 0, 0, 172, 1, 1, 59, 1, 153]
1546588990146;[171, 0, 17, 255, 161, 72, 70, 206, 242, 0, 0, 26, 0, 0, 161, 1, 0, 247, 16, 167]
1546588990490;[171, 0, 17, 255, 161, 72, 70, 206, 244, 0, 0, 57, 0, 0, 128, 1, 0, 220, 8, 124]
1546588990496;[171, 0, 17, 255, 161, 72, 70, 206, 244, 0, 0, 83, 0, 0, 124, 1, 0, 219, 8, 152]
1546588990837;[171, 0, 17, 255, 161, 72, 70, 206, 244, 0, 0, 85, 0, 0, 127, 1, 0, 217, 8, 177]
1546588990841;[171, 0, 17, 255, 161, 72, 70, 206, 244, 0, 0, 78, 0, 0, 128, 1, 0, 218, 8, 189]
1546588990845;[171, 0, 17, 255, 161, 72, 70, 206, 244, 0, 0, 77, 0, 0, 124, 1, 0, 214, 8, 193]
1546588990850;[171, 0, 17, 255, 161, 72, 70, 206, 245, 0, 0, 81, 0, 0, 124, 1, 0, 218, 8, 206]
1546588991010;[171, 0, 17, 255, 161, 72, 70, 206, 245, 0, 0, 77, 0, 0, 127, 1, 0, 219, 8, 234]
1546588991182;[171, 0, 17, 255, 161, 72, 70, 206, 245, 0, 0, 77, 0, 0, 122, 1, 0, 219, 9, 3]
1546588991187;[171, 0, 17, 255, 161, 72, 70, 206, 245, 0, 0, 76, 0, 0, 121, 1, 0, 219, 9, 10]
1546588991354;[171, 0, 17, 255, 161, 72, 70, 206, 245, 0, 0, 77, 0, 0, 121, 1, 0, 219, 9, 17]
1546588991358;[171, 0, 4, 255, 132, 128, 86]
1546588991526;[171, 0, 17, 255, 161, 72, 70, 206, 245, 0, 0, 72, 0, 0, 122, 1, 0, 219, 9, 26]
1546588991698;[171, 0, 17, 255, 161, 72, 70, 206, 245, 0, 0, 79, 0, 0, 125, 1, 0, 214, 9, 33]
1546588991702;[171, 0, 17, 255, 161, 72, 70, 206, 245, 0, 0, 77, 0, 0, 124, 1, 0, 219, 9, 62]
1546588991871;[171, 0, 17, 255, 161, 72, 70, 206, 245, 0, 0, 67, 0, 0, 112, 1, 0, 219, 9, 82]
1546588991875;[171, 0, 17, 255, 161, 72, 70, 206, 245, 0, 0, 80, 0, 0, 124, 1, 0, 220, 9, 108]
1546588992216;[171, 0, 17, 255, 161, 72, 70, 206, 246, 0, 0, 77, 0, 0, 124, 1, 0, 217, 9, 121]
1546588992220;[171, 0, 17, 255, 161, 72, 70, 206, 246, 0, 0, 72, 0, 0, 120, 1, 0, 219, 9, 139]
1546588992225;[171, 0, 17, 255, 161, 72, 70, 206, 246, 0, 0, 76, 0, 0, 122, 1, 0, 219, 9, 138]
1546588992389;[171, 0, 17, 255, 161, 72, 70, 206, 246, 0, 0, 78, 0, 0, 116, 1, 0, 219, 9, 155]
1546588992394;[171, 0, 17, 255, 161, 72, 70, 206, 246, 0, 0, 76, 0, 0, 120, 1, 0, 217, 9, 186]
1546588992561;[171, 0, 4, 255, 132, 128, 84]
1546588992565;[171, 0, 17, 255, 161, 72, 70, 206, 246, 0, 0, 71, 0, 0, 116, 1, 0, 219, 9, 209]
1546588992734;[171, 0, 17, 255, 161, 72, 70, 206, 246, 0, 0, 78, 0, 0, 120, 1, 0, 220, 9, 230]
1546588992737;[171, 0, 17, 255, 161, 72, 70, 206, 246, 0, 0, 71, 0, 0, 123, 1, 0, 220, 9, 253]
1546588992906;[171, 0, 17, 255, 161, 72, 70, 206, 246, 0, 0, 72, 0, 0, 120, 1, 0, 219, 10, 2]
1546588993078;[171, 0, 17, 255, 161, 72, 70, 206, 246, 0, 0, 72, 0, 0, 121, 1, 0, 220, 10, 14]
1546588993082;[171, 0, 17, 255, 161, 72, 70, 206, 247, 0, 0, 71, 0, 0, 121, 1, 0, 219, 10, 40]
1546588993424;[171, 0, 17, 255, 161, 72, 70, 206, 247, 0, 0, 71, 0, 0, 120, 1, 0, 220, 10, 78]
1546588993428;[171, 0, 17, 255, 161, 72, 70, 206, 247, 0, 0, 76, 0, 0, 121, 1, 0, 219, 10, 91]
1546588993432;[171, 0, 17, 255, 161, 72, 70, 206, 247, 0, 0, 71, 0, 0, 119, 1, 0, 219, 10, 102]
1546588993595;[171, 0, 17, 255, 161, 72, 70, 206, 247, 0, 0, 76, 0, 0, 120, 1, 0, 219, 10, 112]
1546588993599;[171, 0, 4, 255, 132, 128, 84]
1546588993768;[171, 0, 17, 255, 161, 72, 70, 206, 247, 0, 0, 71, 0, 0, 120, 1, 0, 220, 10, 123]
1546588993772;[171, 0, 17, 255, 161, 72, 70, 206, 247, 0, 0, 72, 0, 0, 121, 1, 0, 218, 10, 131]
1546588993941;[171, 0, 17, 255, 161, 72, 70, 206, 247, 0, 0, 76, 0, 0, 121, 1, 0, 219, 10, 165]
1546588993945;[171, 0, 17, 255, 161, 72, 70, 206, 247, 0, 0, 77, 0, 0, 120, 1, 0, 219, 10, 177]
1546588994113;[171, 0, 17, 255, 161, 72, 70, 206, 247, 0, 0, 72, 0, 0, 120, 1, 0, 218, 10, 195]
1546588994285;[171, 0, 17, 255, 161, 72, 70, 206, 248, 0, 0, 71, 0, 0, 124, 1, 0, 219, 10, 206]
1546588994289;[171, 0, 17, 255, 161, 72, 70, 206, 248, 0, 0, 83, 0, 0, 123, 1, 0, 220, 10, 208]
1546588994458;[171, 0, 17, 255, 161, 72, 70, 206, 248, 0, 0, 72, 0, 0, 124, 1, 0, 220, 10, 202]
1546588994464;[171, 0, 17, 255, 161, 72, 70, 206, 248, 0, 0, 77, 0, 0, 124, 1, 0, 220, 10, 222]
1546588994803;[171, 0, 17, 255, 161, 72, 70, 206, 248, 0, 0, 72, 0, 0, 122, 1, 0, 219, 11, 1]
1546588994807;[171, 0, 4, 255, 132, 128, 83]
1546588994811;[171, 0, 17, 255, 161, 72, 70, 206, 248, 0, 0, 67, 0, 0, 111, 1, 0, 220, 11, 1]
1546588994976;[171, 0, 17, 255, 161, 72, 70, 206, 248, 0, 0, 70, 0, 0, 111, 1, 0, 223, 11, 4]
1546588994980;[171, 0, 17, 255, 161, 72, 70, 206, 248, 0, 0, 76, 0, 0, 114, 1, 0, 220, 11, 1]
1546588995150;[171, 0, 17, 255, 161, 72, 70, 206, 248, 0, 0, 77, 0, 0, 107, 1, 0, 220, 11, 0]
1546588995154;[171, 0, 17, 255, 161, 72, 70, 206, 248, 0, 0, 71, 0, 0, 109, 1, 0, 224, 11, 4]
1546588995320;[171, 0, 17, 255, 161, 72, 70, 206, 249, 0, 0, 72, 0, 0, 110, 1, 0, 222, 11, 24]
1546588995492;[171, 0, 17, 255, 161, 72, 70, 206, 249, 0, 0, 67, 0, 0, 111, 1, 0, 223, 11, 39]
1546588995496;[171, 0, 17, 255, 161, 72, 70, 206, 249, 0, 0, 76, 0, 0, 111, 1, 0, 219, 11, 48]
1546588995666;[171, 0, 17, 255, 161, 72, 70, 206, 249, 0, 0, 72, 0, 0, 112, 1, 0, 220, 11, 53]
1546588995669;[171, 0, 17, 255, 161, 72, 70, 206, 249, 0, 0, 71, 0, 0, 110, 1, 0, 220, 11, 56]
1546588996011;[171, 0, 4, 255, 132, 128, 84]
1546588996015;[171, 0, 17, 255, 161, 72, 70, 206, 249, 0, 0, 76, 0, 0, 112, 1, 0, 220, 11, 61]
1546588996019;[171, 0, 17, 255, 161, 72, 70, 206, 249, 0, 0, 76, 0, 0, 110, 1, 0, 220, 11, 67]
1546588996182;[171, 0, 17, 255, 161, 72, 70, 206, 249, 0, 0, 76, 0, 0, 110, 1, 0, 228, 11, 87]
1546588996186;[171, 0, 17, 255, 161, 72, 70, 206, 249, 0, 0, 77, 0, 0, 111, 1, 0, 220, 11, 104]
1546588996356;[171, 0, 17, 255, 161, 72, 70, 206, 249, 0, 0, 71, 0, 0, 116, 1, 0, 219, 11, 112]
1546588996359;[171, 0, 17, 255, 161, 72, 70, 206, 250, 0, 0, 80, 0, 0, 111, 1, 0, 221, 11, 122]
1546588996528;[171, 0, 17, 255, 161, 72, 70, 206, 250, 0, 0, 71, 0, 0, 110, 1, 0, 220, 11, 118]
1546588996702;[171, 0, 17, 255, 161, 72, 70, 206, 250, 0, 0, 78, 0, 0, 111, 1, 0, 220, 11, 120]
1546588996706;[171, 0, 17, 255, 161, 72, 70, 206, 250, 0, 0, 81, 0, 0, 110, 1, 0, 220, 11, 121]
1546588996877;[171, 0, 17, 255, 161, 72, 70, 206, 250, 0, 0, 80, 0, 0, 111, 1, 0, 220, 11, 142]
1546588996880;[171, 0, 4, 255, 132, 128, 85]
1546588997393;[171, 0, 17, 255, 161, 72, 70, 206, 250, 0, 0, 87, 0, 0, 116, 1, 0, 228, 11, 154]
1546588997397;[171, 0, 17, 255, 161, 72, 70, 206, 250, 0, 0, 84, 0, 0, 125, 1, 0, 247, 11, 183]
1546588997401;[171, 0, 17, 255, 161, 72, 70, 206, 250, 0, 0, 75, 0, 0, 93, 1, 0, 240, 11, 124]
1546588997405;[171, 0, 17, 255, 161, 72, 70, 206, 250, 0, 0, 35, 0, 0, 55, 1, 0, 218, 11, 38]
1546588997565;[171, 0, 17, 255, 161, 72, 70, 206, 250, 0, 0, 44, 0, 0, 1, 1, 0, 207, 10, 244]
1546588997568;[171, 0, 17, 255, 161, 72, 70, 206, 251, 0, 0, 91, 0, 0, 76, 1, 0, 251, 10, 237]
1546588997573;[171, 0, 17, 255, 161, 72, 70, 206, 251, 0, 0, 51, 0, 0, 46, 1, 1, 0, 10, 133]
1546588997736;[171, 0, 17, 255, 161, 72, 70, 206, 251, 0, 0, 55, 0, 0, 38, 1, 0, 237, 10, 53]
1546588997741;[171, 0, 17, 255, 161, 72, 70, 206, 251, 0, 0, 26, 0, 0, 36, 1, 0, 220, 10, 20]
1546588997909;[171, 0, 17, 255, 161, 72, 70, 206, 251, 0, 0, 128, 0, 0, 63, 1, 0, 255, 10, 51]
1546588998080;[171, 0, 4, 255, 132, 128, 85]
1546588998084;[171, 0, 17, 255, 161, 72, 70, 206, 251, 0, 0, 43, 0, 0, 80, 1, 1, 0, 9, 250]
1546588998253;[171, 0, 17, 255, 161, 72, 70, 206, 251, 0, 0, 86, 0, 0, 58, 1, 0, 229, 9, 182]
1546588998257;[171, 0, 17, 255, 161, 72, 70, 206, 251, 0, 0, 59, 0, 0, 56, 1, 0, 233, 9, 186]
1546588998600;[171, 0, 17, 255, 161, 72, 70, 206, 251, 0, 0, 64, 0, 0, 69, 1, 0, 240, 9, 197]
1546588998604;[171, 0, 17, 255, 161, 72, 70, 206, 251, 0, 0, 67, 0, 0, 57, 1, 0, 235, 9, 186]
1546588998608;[171, 0, 17, 255, 161, 72, 70, 208, 0, 0, 0, 72, 0, 0, 58, 1, 0, 235, 9, 181]
1546588998770;[171, 0, 17, 255, 161, 72, 70, 208, 0, 0, 0, 77, 0, 0, 56, 1, 0, 232, 9, 174]
1546588998775;[171, 0, 17, 255, 161, 72, 70, 208, 0, 0, 0, 65, 0, 0, 58, 1, 0, 234, 9, 153]
1546588998944;[171, 0, 17, 255, 161, 72, 70, 208, 0, 0, 0, 76, 0, 0, 68, 1, 0, 242, 9, 145]
1546588998948;[171, 0, 17, 255, 161, 72, 70, 208, 0, 0, 0, 72, 0, 0, 67, 1, 0, 235, 9, 133]
1546588999115;[171, 0, 4, 255, 132, 128, 86]
1546588999290;[171, 0, 17, 255, 161, 72, 70, 208, 0, 0, 0, 72, 0, 0, 63, 1, 0, 237, 9, 143]
1546588999293;[171, 0, 17, 255, 161, 72, 70, 208, 0, 0, 0, 72, 0, 0, 63, 1, 0, 235, 9, 148]
1546588999465;[171, 0, 17, 255, 161, 72, 70, 208, 0, 0, 0, 71, 0, 0, 63, 1, 0, 235, 9, 151]
1546588999467;[171, 0, 17, 255, 161, 72, 70, 208, 0, 0, 0, 72, 0, 0, 63, 1, 0, 235, 9, 147]
1546588999831;[171, 0, 17, 255, 161, 72, 70, 208, 0, 0, 0, 71, 0, 0, 67, 1, 0, 237, 9, 144]
1546588999833;[171, 0, 17, 255, 161, 72, 70, 208, 1, 0, 0, 77, 0, 0, 68, 1, 0, 238, 9, 135]
1546588999835;[171, 0, 17, 255, 161, 72, 70, 208, 1, 0, 0, 77, 0, 0, 67, 1, 0, 236, 9, 120]
1546588999976;[171, 0, 17, 255, 161, 72, 70, 208, 1, 0, 0, 77, 0, 0, 68, 1, 0, 240, 9, 134]
1546588999980;[171, 0, 17, 255, 161, 72, 70, 208, 1, 0, 0, 71, 0, 0, 62, 1, 0, 237, 9, 146]
1546589000151;[171, 0, 17, 255, 161, 72, 70, 208, 1, 0, 0, 72, 0, 0, 68, 1, 0, 235, 9, 153]
1546589000154;[171, 0, 4, 255, 132, 128, 87]
1546589000324;[171, 0, 17, 255, 161, 72, 70, 208, 1, 0, 0, 80, 0, 0, 63, 1, 0, 236, 9, 142]
1546589000495;[171, 0, 17, 255, 161, 72, 70, 208, 1, 0, 0, 77, 0, 0, 62, 1, 0, 234, 9, 139]
1546589000499;[171, 0, 17, 255, 161, 72, 70, 208, 1, 0, 0, 76, 0, 0, 62, 1, 0, 235, 9, 130]
1546589000670;[171, 0, 17, 255, 161, 72, 70, 208, 1, 0, 0, 72, 0, 0, 63, 1, 0, 236, 9, 123]
1546589000674;[171, 0, 17, 255, 161, 72, 70, 208, 1, 0, 0, 77, 0, 0, 58, 1, 0, 235, 9, 139]
1546589000842;[171, 0, 17, 255, 161, 72, 70, 208, 2, 0, 0, 77, 0, 0, 68, 1, 0, 235, 9, 162]
1546589000846;[171, 0, 17, 255, 161, 72, 70, 208, 2, 0, 0, 77, 0, 0, 67, 1, 0, 236, 9, 160]
1546589001188;[171, 0, 17, 255, 161, 72, 70, 208, 2, 0, 0, 70, 0, 0, 88, 1, 1, 19, 9, 176]
1546589001192;[171, 0, 17, 255, 161, 72, 70, 208, 2, 0, 0, 47, 0, 0, 94, 1, 1, 98, 9, 135]
1546589001196;[171, 0, 17, 255, 161, 72, 70, 208, 2, 0, 0, 161, 1, 0, 10, 1, 1, 95, 9, 127]
1546589001358;[171, 0, 4, 255, 132, 128, 87]
1546589001362;[171, 0, 17, 255, 161, 72, 70, 208, 2, 0, 0, 77, 1, 0, 52, 1, 1, 9, 9, 76]
1546589001530;[171, 0, 17, 255, 161, 72, 70, 208, 2, 1, 0, 61, 1, 0, 121, 1, 0, 108, 8, 67]
1546589001534;[171, 0, 17, 255, 161, 72, 70, 208, 2, 1, 0, 7, 1, 0, 92, 1, 0, 112, 8, 223]
1546589001703;[171, 0, 17, 255, 161, 72, 70, 208, 2, 0, 0, 65, 1, 0, 49, 1, 0, 172, 8, 250]
1546589001881;[171, 0, 17, 255, 161, 72, 70, 208, 2, 0, 0, 113, 1, 0, 2, 1, 0, 225, 8, 214]
1546589001883;[171, 0, 17, 255, 161, 72, 70, 208, 3, 0, 0, 154, 0, 0, 44, 1, 1, 1, 9, 6]
1546589002050;[171, 0, 17, 255, 161, 72, 70, 208, 3, 0, 0, 63, 1, 0, 43, 1, 0, 240, 8, 177]
1546589002054;[171, 0, 17, 255, 161, 72, 70, 208, 3, 0, 0, 43, 1, 0, 17, 1, 0, 249, 8, 79]
1546589002396;[171, 0, 17, 255, 161, 72, 70, 208, 3, 1, 0, 8, 1, 0, 7, 1, 0, 255, 8, 25]
1546589002400;[171, 0, 17, 255, 161, 72, 70, 208, 3, 0, 0, 13, 1, 0, 29, 1, 0, 249, 8, 14]
1546589002404;[171, 0, 4, 255, 132, 128, 88]
1546589002566;[171, 0, 17, 255, 161, 72, 70, 208, 3, 0, 0, 22, 1, 0, 29, 1, 1, 3, 8, 7]
1546589002570;[171, 0, 17, 255, 161, 72, 70, 208, 3, 0, 0, 9, 1, 0, 21, 1, 1, 3, 7, 237]
1546589002739;[171, 0, 17, 255, 161, 72, 70, 208, 3, 0, 0, 3, 1, 0, 1, 1, 1, 12, 7, 199]
1546589002742;[171, 0, 17, 255, 161, 72, 70, 208, 3, 1, 0, 83, 0, 0, 25, 1, 0, 235, 7, 71]
1546589003083;[171, 0, 17, 255, 161, 72, 70, 208, 3, 1, 0, 6, 0, 0, 30, 1, 0, 235, 7, 27]
1546589003088;[171, 0, 17, 255, 161, 72, 70, 208, 4, 1, 0, 69, 1, 0, 19, 1, 0, 203, 6, 211]
1546589003092;[171, 0, 17, 255, 161, 72, 70, 208, 4, 1, 0, 83, 1, 0, 73, 1, 0, 157, 6, 129]
1546589003256;[171, 0, 17, 255, 161, 72, 70, 208, 4, 1, 0, 147, 1, 0, 82, 1, 0, 214, 6, 85]
1546589003261;[171, 0, 17, 255, 161, 72, 70, 208, 4, 1, 0, 46, 1, 0, 61, 1, 1, 11, 6, 128]
1546589003776;[171, 0, 17, 255, 161, 72, 70, 208, 4, 1, 0, 30, 1, 0, 42, 1, 1, 7, 6, 205]
1546589003780;[171, 0, 4, 255, 132, 128, 87]
1546589003786;[171, 0, 17, 255, 161, 72, 70, 208, 4, 0, 0, 58, 1, 0, 65, 1, 0, 238, 7, 0]
1546589003789;[171, 0, 17, 255, 161, 72, 70, 208, 4, 0, 0, 69, 1, 0, 62, 1, 0, 210, 7, 29]
1546589003948;[171, 0, 17, 255, 161, 72, 70, 208, 4, 0, 0, 115, 1, 0, 29, 1, 0, 213, 7, 115]
1546589003951;[171, 0, 17, 255, 161, 72, 70, 208, 4, 0, 0, 110, 0, 0, 33, 1, 0, 251, 7, 227]
1546589003956;[171, 0, 17, 255, 161, 72, 70, 208, 4, 0, 0, 147, 0, 0, 160, 1, 1, 80, 8, 136]
1546589004118;[171, 0, 17, 255, 161, 72, 70, 208, 5, 0, 0, 101, 0, 0, 203, 1, 0, 201, 8, 29]
1546589004293;[171, 0, 17, 255, 161, 72, 70, 208, 5, 0, 0, 113, 0, 0, 137, 1, 0, 213, 7, 190]
1546589004296;[171, 0, 17, 255, 161, 72, 70, 208, 5, 0, 0, 114, 0, 0, 155, 1, 0, 186, 7, 110]
1546589004463;[171, 0, 17, 255, 161, 72, 70, 208, 5, 0, 0, 61, 0, 0, 145, 1, 0, 211, 7, 48]
1546589004468;[171, 0, 17, 255, 161, 72, 70, 208, 5, 0, 0, 109, 0, 0, 130, 1, 0, 203, 7, 30]
1546589004665;[171, 0, 4, 255, 132, 128, 87]
1546589004982;[171, 0, 17, 255, 161, 72, 70, 208, 5, 0, 0, 87, 0, 0, 143, 1, 0, 195, 7, 59]
1546589004987;[171, 0, 17, 255, 161, 72, 70, 208, 5, 0, 0, 93, 0, 0, 147, 1, 0, 197, 7, 78]
1546589004991;[171, 0, 17, 255, 161, 72, 70, 208, 5, 0, 0, 93, 0, 0, 140, 1, 0, 199, 7, 80]
1546589004995;[171, 0, 17, 255, 161, 72, 70, 208, 5, 0, 0, 97, 0, 0, 144, 1, 0, 197, 7, 95]
1546589005154;[171, 0, 17, 255, 161, 72, 70, 208, 5, 0, 0, 104, 0, 0, 156, 1, 0, 186, 7, 106]
1546589005158;[171, 0, 17, 255, 161, 72, 70, 208, 6, 0, 0, 97, 0, 0, 154, 1, 0, 186, 7, 121]
1546589005326;[171, 0, 17, 255, 161, 72, 70, 208, 6, 0, 0, 97, 0, 0, 150, 1, 0, 191, 7, 144]
1546589005497;[171, 0, 17, 255, 161, 72, 70, 208, 6, 0, 0, 91, 0, 0, 156, 1, 0, 194, 7, 201]
1546589005500;[171, 0, 17, 255, 161, 72, 70, 208, 6, 0, 0, 98, 0, 0, 154, 1, 0, 194, 7, 247]
1546589005671;[171, 0, 17, 255, 161, 72, 70, 208, 6, 0, 0, 99, 0, 0, 148, 1, 0, 191, 8, 20]
1546589005674;[171, 0, 4, 255, 132, 128, 86]
1546589005844;[171, 0, 17, 255, 161, 72, 70, 208, 6, 0, 0, 101, 0, 0, 147, 1, 0, 194, 8, 59]
1546589005848;[171, 0, 17, 255, 161, 72, 70, 208, 6, 0, 0, 98, 0, 0, 148, 1, 0, 192, 8, 72]
1546589006191;[171, 0, 17, 255, 161, 72, 70, 208, 6, 0, 0, 98, 0, 0, 152, 1, 0, 194, 8, 110]
1546589006195;[171, 0, 17, 255, 161, 72, 70, 208, 6, 0, 0, 87, 0, 0, 146, 1, 0, 187, 8, 195]
1546589006199;[171, 0, 17, 255, 161, 72, 70, 208, 6, 0, 0, 86, 0, 0, 148, 1, 0, 190, 9, 28]
1546589006361;[171, 0, 17, 255, 161, 72, 70, 208, 7, 0, 0, 98, 0, 0, 165, 1, 0, 184, 9, 117]
1546589006365;[171, 0, 17, 255, 161, 72, 70, 208, 7, 0, 0, 98, 0, 0, 169, 1, 0, 184, 9, 203]
1546589006533;[171, 0, 17, 255, 161, 72, 70, 208, 7, 0, 0, 87, 0, 0, 163, 1, 0, 186, 10, 10]
1546589006536;[171, 0, 17, 255, 161, 72, 70, 208, 7, 0, 0, 93, 0, 0, 157, 1, 0, 186, 10, 76]
1546589006706;[171, 0, 17, 255, 161, 72, 70, 208, 7, 0, 0, 91, 0, 0, 156, 1, 0, 191, 10, 147]
1546589006877;[171, 0, 4, 255, 132, 128, 86]
1546589006882;[171, 0, 17, 255, 161, 72, 70, 208, 7, 0, 0, 87, 0, 0, 157, 1, 0, 194, 11, 30]
1546589007051;[171, 0, 17, 255, 161, 72, 70, 208, 7, 0, 0, 87, 0, 0, 158, 1, 0, 189, 11, 157]
1546589007055;[171, 0, 17, 255, 161, 72, 70, 208, 7, 0, 0, 86, 0, 0, 156, 1, 0, 196, 11, 239]
1546589007223;[171, 0, 17, 255, 161, 72, 70, 208, 7, 0, 0, 81, 0, 0, 156, 1, 0, 191, 12, 51]
1546589007571;[171, 0, 17, 255, 161, 72, 70, 208, 7, 0, 0, 87, 0, 0, 158, 1, 0, 189, 12, 120]
1546589007575;[171, 0, 17, 255, 161, 72, 70, 208, 8, 0, 0, 86, 0, 0, 169, 1, 0, 186, 12, 178]
1546589007579;[171, 0, 17, 255, 161, 72, 70, 208, 8, 0, 0, 86, 0, 0, 169, 1, 0, 191, 13, 26]
1546589007583;[171, 0, 17, 255, 161, 72, 70, 208, 8, 0, 0, 124, 0, 0, 166, 1, 0, 219, 14, 20]
1546589007742;[171, 0, 17, 255, 161, 72, 70, 208, 8, 0, 1, 159, 0, 0, 104, 1, 0, 139, 14, 20]
1546589007746;[171, 0, 17, 255, 161, 72, 70, 208, 8, 0, 0, 16, 1, 0, 33, 1, 0, 170, 14, 46]
1546589007950;[171, 0, 4, 255, 132, 128, 86]
1546589008085;[171, 0, 17, 255, 161, 72, 70, 208, 8, 0, 0, 55, 0, 0, 30, 1, 0, 139, 14, 105]
1546589008089;[171, 0, 17, 255, 161, 72, 70, 208, 8, 0, 0, 113, 0, 0, 169, 1, 0, 157, 14, 197]
1546589008259;[171, 0, 17, 255, 161, 72, 70, 208, 8, 0, 0, 238, 0, 0, 223, 1, 0, 141, 14, 206]
1546589008263;[171, 0, 17, 255, 161, 72, 70, 208, 8, 0, 0, 134, 0, 0, 96, 1, 0, 245, 14, 192]
1546589008431;[171, 0, 17, 255, 161, 72, 70, 208, 8, 0, 0, 80, 0, 0, 116, 1, 0, 233, 15, 15]
1546589008435;[171, 0, 17, 255, 161, 72, 70, 208, 9, 0, 0, 113, 0, 0, 107, 1, 1, 79, 31, 65]
1546589008776;[171, 0, 17, 255, 161, 72, 70, 208, 9, 1, 0, 26, 0, 0, 68, 1, 1, 2, 7, 179]
1546589008781;[171, 0, 17, 255, 161, 72, 70, 208, 9, 0, 0, 30, 0, 0, 41, 1, 0, 80, 7, 241]
1546589008785;[171, 0, 17, 255, 161, 72, 70, 208, 9, 0, 0, 253, 0, 1, 4, 1, 0, 180, 8, 154]
1546589008950;[171, 0, 17, 255, 161, 72, 70, 208, 9, 0, 0, 12, 0, 0, 131, 1, 0, 255, 8, 207]
1546589008953;[171, 0, 4, 255, 132, 128, 86]
1546589009120;[171, 0, 17, 255, 161, 72, 70, 208, 9, 0, 0, 98, 0, 0, 149, 1, 0, 234, 8, 228]
1546589009470;[171, 0, 17, 255, 161, 72, 70, 208, 9, 0, 0, 11, 0, 0, 159, 1, 0, 159, 8, 50]
1546589009485;[171, 0, 17, 255, 161, 72, 70, 208, 9, 1, 0, 38, 0, 0, 45, 1, 0, 218, 8, 160]
1546589009492;[171, 0, 17, 255, 161, 72, 70, 208, 9, 0, 0, 68, 0, 0, 68, 1, 1, 55, 8, 238]
1546589009496;[171, 0, 17, 255, 161, 72, 70, 208, 9, 1, 0, 19, 0, 0, 165, 1, 0, 195, 8, 158]
1546589009639;[171, 0, 17, 255, 161, 72, 70, 208, 10, 0, 0, 26, 0, 0, 228, 1, 0, 139, 9, 243]
1546589009643;[171, 0, 17, 255, 161, 72, 70, 208, 10, 0, 0, 24, 0, 0, 87, 1, 0, 128, 10, 30]
1546589009810;[171, 0, 17, 255, 161, 72, 70, 208, 10, 0, 0, 95, 0, 0, 48, 1, 0, 155, 11, 10]
1546589010157;[171, 0, 17, 255, 161, 72, 70, 208, 10, 0, 2, 121, 0, 0, 233, 1, 2, 170, 12, 163]
1546589010161;[171, 0, 17, 255, 161, 72, 70, 208, 10, 0, 0, 162, 0, 0, 20, 1, 0, 152, 11, 163]
1546589010165;[171, 0, 4, 255, 132, 128, 87]
1546589010330;[171, 0, 17, 255, 161, 72, 70, 208, 10, 0, 0, 163, 0, 0, 130, 1, 0, 253, 12, 78]
1546589010334;[171, 0, 17, 255, 161, 72, 70, 208, 10, 0, 0, 133, 0, 0, 199, 1, 0, 203, 11, 219]
1546589010341;[171, 0, 17, 255, 161, 72, 70, 208, 10, 0, 0, 113, 0, 0, 163, 1, 0, 203, 10, 253]
1546589010499;[171, 0, 17, 255, 161, 72, 70, 208, 10, 0, 0, 175, 0, 0, 183, 1, 0, 105, 10, 88]
1546589010847;[171, 0, 17, 255, 161, 72, 70, 208, 10, 0, 0, 201, 0, 0, 143, 1, 0, 74, 9, 251]
1546589010851;[171, 0, 17, 255, 161, 72, 70, 208, 11, 0, 0, 157, 0, 0, 188, 1, 0, 43, 9, 213]
1546589010855;[171, 0, 17, 255, 161, 72, 70, 208, 11, 0, 0, 143, 0, 0, 174, 1, 0, 40, 9, 209]
1546589010859;[171, 0, 17, 255, 161, 72, 70, 208, 11, 0, 0, 88, 0, 0, 209, 1, 0, 60, 9, 132]
1546589011018;[171, 0, 17, 255, 161, 72, 70, 208, 11, 0, 0, 87, 0, 1, 52, 1, 0, 2, 9, 93]
1546589011366;[171, 0, 17, 255, 161, 72, 70, 208, 11, 0, 0, 128, 0, 1, 65, 1, 0, 2, 9, 57]
1546589011370;[171, 0, 4, 255, 132, 128, 87]
1546589011374;[171, 0, 17, 255, 161, 72, 70, 208, 11, 0, 0, 50, 0, 1, 15, 1, 0, 14, 9, 26]
1546589011378;[171, 0, 17, 255, 161, 72, 70, 208, 11, 0, 0, 56, 0, 0, 223, 1, 0, 2, 9, 46]
1546589011536;[171, 0, 17, 255, 161, 72, 70, 208, 11, 0, 0, 54, 0, 0, 222, 1, 0, 22, 9, 75]
1546589011539;[171, 0, 17, 255, 161, 72, 70, 208, 11, 0, 0, 41, 0, 0, 225, 1, 0, 32, 9, 25]
1546589011708;[171, 0, 17, 255, 161, 72, 70, 208, 11, 0, 0, 66, 0, 0, 218, 1, 0, 29, 8, 203]
1546589011880;[171, 0, 17, 255, 161, 72, 70, 208, 12, 0, 0, 84, 0, 0, 179, 1, 0, 35, 8, 103]
1546589011885;[171, 0, 17, 255, 161, 72, 70, 208, 12, 0, 0, 87, 0, 0, 250, 1, 0, 27, 8, 65]
1546589012227;[171, 0, 17, 255, 161, 72, 70, 208, 12, 0, 0, 86, 0, 0, 236, 0, 0, 7, 8, 19]
1546589012231;[171, 0, 17, 255, 161, 72, 70, 208, 12, 0, 0, 81, 0, 0, 254, 0, 0, 6, 7, 159]
1546589012399;[171, 0, 17, 255, 161, 72, 70, 208, 14, 0, 0, 58, 0, 1, 12, 1, 0, 14, 5, 245]
1546589012570;[171, 0, 17, 255, 161, 72, 70, 208, 14, 0, 0, 63, 0, 0, 255, 1, 0, 4, 5, 185]
1546589012743;[171, 0, 17, 255, 161, 72, 70, 208, 14, 0, 0, 67, 0, 0, 223, 1, 0, 13, 5, 161]
1546589012747;[171, 0, 17, 255, 161, 72, 70, 208, 14, 0, 0, 63, 0, 0, 245, 0, 0, 1, 5, 205]
1546589012751;[171, 0, 17, 255, 161, 72, 70, 208, 14, 0, 0, 78, 0, 0, 252, 1, 0, 8, 5, 208]
1546589012915;[171, 0, 17, 255, 161, 72, 70, 208, 15, 0, 0, 67, 0, 1, 0, 1, 0, 14, 5, 204]
1546589013090;[171, 0, 17, 255, 161, 72, 70, 208, 15, 0, 0, 72, 0, 0, 255, 1, 0, 16, 5, 212]
1546589013094;[171, 0, 17, 255, 161, 72, 70, 208, 15, 0, 0, 72, 0, 1, 4, 1, 0, 14, 5, 203]
1546589013261;[171, 0, 17, 255, 161, 72, 70, 208, 15, 0, 0, 71, 0, 1, 4, 1, 0, 6, 5, 194]
1546589013265;[171, 0, 17, 255, 161, 72, 70, 208, 15, 0, 0, 72, 0, 0, 254, 0, 0, 2, 5, 241]
1546589013433;[171, 0, 4, 255, 132, 128, 87]
1546589013437;[171, 0, 17, 255, 161, 72, 70, 208, 15, 0, 0, 71, 0, 0, 254, 0, 0, 6, 6, 8]
1546589013606;[171, 0, 17, 255, 161, 72, 70, 208, 15, 0, 0, 67, 0, 0, 253, 1, 0, 1, 6, 19]
1546589013952;[171, 0, 17, 255, 161, 72, 70, 208, 15, 0, 0, 66, 0, 0, 253, 1, 0, 4, 6, 29]
1546589013956;[171, 0, 17, 255, 161, 72, 70, 208, 15, 0, 0, 71, 0, 0, 255, 1, 0, 8, 6, 49]
1546589013960;[171, 0, 17, 255, 161, 72, 70, 208, 15, 0, 0, 77, 0, 0, 252, 1, 0, 9, 6, 49]
1546589014123;[171, 0, 17, 255, 161, 72, 70, 208, 16, 0, 0, 76, 0, 0, 254, 1, 0, 8, 6, 104]
1546589014127;[171, 0, 17, 255, 161, 72, 70, 208, 16, 0, 0, 80, 0, 0, 254, 1, 0, 13, 6, 138]
1546589014296;[171, 0, 17, 255, 161, 72, 70, 208, 16, 0, 0, 135, 0, 0, 255, 1, 0, 3, 6, 141]
1546589014300;[171, 0, 17, 255, 161, 72, 70, 208, 16, 0, 0, 165, 0, 1, 34, 1, 0, 10, 6, 152]
1546589014471;[171, 0, 17, 255, 161, 72, 70, 208, 16, 0, 0, 224, 0, 0, 208, 1, 0, 63, 6, 223]
1546589014476;[171, 0, 4, 255, 132, 128, 86]
1546589014640;[171, 0, 17, 255, 161, 72, 70, 208, 16, 0, 0, 192, 0, 0, 148, 1, 0, 54, 6, 250]
1546589014644;[171, 0, 17, 255, 161, 72, 70, 208, 16, 0, 0, 198, 0, 0, 106, 1, 0, 70, 7, 51]
1546589014813;[171, 0, 17, 255, 161, 72, 70, 208, 16, 0, 0, 173, 0, 0, 85, 1, 0, 97, 7, 185]
1546589015160;[171, 0, 17, 255, 161, 72, 70, 208, 16, 0, 0, 99, 0, 0, 96, 1, 0, 149, 8, 66]
1546589015164;[171, 0, 17, 255, 161, 72, 70, 208, 16, 0, 0, 75, 0, 0, 115, 1, 0, 192, 8, 203]
1546589015169;[171, 0, 17, 255, 161, 72, 70, 208, 17, 0, 0, 56, 0, 0, 135, 1, 0, 201, 9, 6]
1546589015173;[171, 0, 17, 255, 161, 72, 70, 208, 17, 0, 0, 63, 0, 0, 156, 1, 0, 198, 9, 55]
1546589015331;[171, 0, 17, 255, 161, 72, 70, 208, 17, 0, 0, 96, 0, 0, 160, 1, 0, 187, 9, 112]
1546589015334;[171, 0, 17, 255, 161, 72, 70, 208, 17, 0, 0, 96, 0, 0, 112, 1, 0, 216, 9, 107]
1546589015501;[171, 0, 17, 255, 161, 72, 70, 208, 17, 0, 0, 59, 0, 0, 110, 1, 0, 181, 9, 106]
1546589015675;[171, 0, 4, 255, 132, 128, 87]
1546589015679;[171, 0, 17, 255, 161, 72, 70, 208, 17, 0, 0, 103, 0, 0, 129, 1, 0, 202, 9, 148]
1546589015849;[171, 0, 17, 255, 161, 72, 70, 208, 17, 0, 0, 126, 0, 0, 146, 1, 0, 196, 9, 227]
1546589015853;[171, 0, 17, 255, 161, 72, 70, 208, 17, 0, 0, 119, 0, 0, 163, 1, 0, 153, 10, 56]
1546589016020;[171, 0, 17, 255, 161, 72, 70, 208, 17, 0, 0, 35, 0, 0, 201, 1, 0, 100, 10, 34]
1546589016194;[171, 0, 17, 255, 161, 72, 70, 208, 17, 0, 0, 117, 0, 1, 51, 1, 0, 8, 9, 9]
1546589016198;[171, 0, 17, 255, 161, 72, 70, 208, 18, 0, 0, 101, 0, 1, 40, 1, 0, 23, 8, 20]
1546589016539;[171, 0, 17, 255, 161, 72, 70, 208, 18, 0, 0, 83, 0, 0, 245, 1, 0, 13, 7, 143]
1546589016543;[171, 0, 17, 255, 161, 72, 70, 208, 18, 0, 0, 81, 0, 0, 241, 1, 0, 13, 7, 68]
1546589016547;[171, 0, 17, 255, 161, 72, 70, 208, 18, 0, 0, 86, 0, 0, 255, 1, 0, 22, 7, 9]
1546589016551;[171, 0, 17, 255, 161, 72, 70, 208, 18, 0, 0, 71, 0, 1, 23, 1, 0, 53, 7, 13]
1546589016710;[171, 0, 4, 255, 132, 128, 87]
1546589016883;[171, 0, 17, 255, 161, 72, 70, 208, 18, 0, 0, 7, 0, 0, 254, 1, 0, 52, 6, 213]
1546589016887;[171, 0, 17, 255, 161, 72, 70, 208, 18, 0, 0, 78, 0, 0, 252, 1, 0, 9, 6, 199]
1546589017056;[171, 0, 17, 255, 161, 72, 70, 208, 18, 0, 0, 66, 0, 0, 249, 1, 0, 13, 6, 170]
1546589017059;[171, 0, 17, 255, 161, 72, 70, 208, 18, 0, 0, 71, 0, 0, 242, 1, 0, 20, 6, 166]
1546589017229;[171, 0, 17, 255, 161, 72, 70, 208, 18, 0, 0, 65, 0, 0, 255, 1, 0, 41, 6, 176]
1546589017233;[171, 0, 17, 255, 161, 72, 70, 208, 19, 0, 0, 78, 0, 0, 254, 1, 0, 35, 6, 192]
1546589017401;[171, 0, 17, 255, 161, 72, 70, 208, 19, 0, 0, 76, 0, 0, 253, 1, 0, 18, 6, 181]
1546589017748;[171, 0, 17, 255, 161, 72, 70, 208, 19, 0, 0, 71, 0, 0, 253, 1, 0, 26, 6, 197]
1546589017752;[171, 0, 17, 255, 161, 72, 70, 208, 19, 0, 0, 63, 0, 0, 253, 1, 0, 24, 6, 192]
1546589017756;[171, 0, 17, 255, 161, 72, 70, 208, 19, 0, 0, 64, 0, 0, 254, 1, 0, 19, 6, 204]
1546589017760;[171, 0, 4, 255, 132, 128, 88]
1546589017918;[171, 0, 17, 255, 161, 72, 70, 208, 19, 0, 0, 66, 0, 0, 253, 1, 0, 22, 7, 2]
1546589018091;[171, 0, 17, 255, 161, 72, 70, 208, 19, 0, 0, 72, 0, 0, 253, 1, 0, 24, 7, 37]
1546589018095;[171, 0, 17, 255, 161, 72, 70, 208, 19, 0, 0, 63, 0, 0, 254, 1, 0, 22, 7, 54]
1546589018263;[171, 0, 17, 255, 161, 72, 70, 208, 19, 0, 0, 67, 0, 0, 254, 1, 0, 22, 7, 91]
1546589018267;[171, 0, 17, 255, 161, 72, 70, 208, 19, 0, 0, 80, 0, 0, 251, 1, 0, 29, 7, 109]
1546589018435;[171, 0, 17, 255, 161, 72, 70, 208, 20, 0, 0, 67, 0, 0, 253, 1, 0, 22, 7, 133]
1546589018440;[171, 0, 17, 255, 161, 72, 70, 208, 20, 0, 0, 65, 0, 0, 255, 1, 0, 20, 7, 202]
1546589018608;[171, 0, 17, 255, 161, 72, 70, 208, 20, 0, 0, 66, 0, 0, 250, 1, 0, 16, 7, 254]
1546589019128;[171, 0, 17, 255, 161, 72, 70, 208, 20, 0, 0, 65, 0, 0, 250, 1, 0, 18, 8, 42]
1546589019132;[171, 0, 17, 255, 161, 72, 70, 208, 20, 0, 0, 61, 0, 0, 252, 1, 0, 15, 8, 90]
1546589019136;[171, 0, 4, 255, 132, 128, 88]
1546589019140;[171, 0, 17, 255, 161, 72, 70, 208, 20, 0, 0, 31, 0, 1, 0, 1, 0, 59, 8, 113]
1546589019299;[171, 0, 17, 255, 161, 72, 70, 208, 20, 0, 0, 91, 0, 0, 227, 1, 0, 65, 8, 138]
1546589019304;[171, 0, 17, 255, 161, 72, 70, 208, 20, 0, 0, 66, 0, 0, 248, 1, 0, 60, 8, 224]
1546589019308;[171, 0, 17, 255, 161, 72, 70, 208, 20, 0, 0, 99, 0, 0, 255, 1, 0, 29, 9, 1]
1546589019473;[171, 0, 17, 255, 161, 72, 70, 208, 20, 0, 0, 51, 0, 1, 38, 0, 0, 30, 9, 65]
1546589019483;[171, 0, 17, 255, 161, 72, 70, 208, 21, 0, 0, 64, 0, 1, 9, 0, 0, 18, 9, 77]
1546589019642;[171, 0, 17, 255, 161, 72, 70, 208, 21, 0, 0, 64, 0, 0, 241, 0, 0, 27, 9, 80]
1546589019647;[171, 0, 17, 255, 161, 72, 70, 208, 21, 0, 0, 63, 0, 0, 239, 0, 0, 29, 9, 141]
1546589019833;[171, 0, 17, 255, 161, 72, 70, 208, 21, 0, 0, 65, 0, 1, 29, 0, 0, 21, 9, 212]
1546589019990;[171, 0, 17, 255, 161, 72, 70, 208, 21, 0, 0, 45, 0, 1, 30, 1, 0, 136, 10, 17]
1546589019994;[171, 0, 4, 255, 132, 128, 88]
1546589020335;[171, 0, 17, 255, 161, 72, 70, 208, 21, 0, 0, 71, 0, 0, 245, 1, 0, 13, 10, 104]
1546589020339;[171, 0, 17, 255, 161, 72, 70, 208, 21, 0, 0, 59, 0, 0, 250, 0, 0, 17, 10, 64]
1546589020344;[171, 0, 17, 255, 161, 72, 70, 208, 21, 0, 0, 85, 0, 0, 253, 0, 0, 15, 10, 75]
1546589020503;[171, 0, 17, 255, 161, 72, 70, 208, 21, 0, 0, 65, 0, 0, 253, 0, 0, 7, 10, 153]
1546589020678;[171, 0, 17, 255, 161, 72, 70, 208, 21, 0, 0, 43, 0, 1, 13, 1, 0, 24, 10, 201]
1546589020683;[171, 0, 17, 255, 161, 72, 70, 208, 22, 0, 0, 58, 0, 1, 4, 0, 0, 12, 10, 255]
1546589020687;[171, 0, 17, 255, 161, 72, 70, 208, 22, 0, 0, 61, 0, 0, 254, 0, 0, 11, 11, 3]
1546589020850;[171, 0, 17, 255, 161, 72, 70, 208, 22, 0, 0, 59, 0, 1, 9, 0, 0, 8, 11, 21]
1546589020854;[171, 0, 17, 255, 161, 72, 70, 208, 22, 0, 0, 59, 0, 0, 253, 0, 0, 10, 11, 85]
1546589021022;[171, 0, 17, 255, 161, 72, 70, 208, 22, 0, 0, 61, 0, 0, 246, 0, 0, 11, 11, 132]
1546589021195;[171, 0, 4, 255, 132, 128, 88]
1546589021199;[171, 0, 17, 255, 161, 72, 70, 208, 22, 0, 0, 61, 0, 0, 255, 0, 0, 9, 11, 169]
1546589021715;[171, 0, 17, 255, 161, 72, 70, 208, 22, 0, 0, 59, 0, 1, 0, 0, 0, 11, 11, 202]
1546589021719;[171, 0, 17, 255, 161, 72, 70, 208, 22, 0, 0, 66, 0, 0, 254, 0, 0, 9, 11, 245]
1546589021724;[171, 0, 17, 255, 161, 72, 70, 208, 22, 0, 0, 61, 0, 0, 255, 0, 0, 12, 12, 21]
1546589021728;[171, 0, 17, 255, 161, 72, 70, 208, 22, 0, 0, 61, 0, 0, 255, 0, 0, 9, 12, 89]
1546589021886;[171, 0, 17, 255, 161, 72, 70, 208, 23, 0, 0, 64, 0, 0, 254, 0, 0, 9, 12, 121]
1546589021890;[171, 0, 17, 255, 161, 72, 70, 208, 23, 0, 0, 61, 0, 0, 254, 0, 0, 12, 12, 165]
1546589021894;[171, 0, 17, 255, 161, 72, 70, 208, 23, 0, 0, 61, 0, 0, 254, 0, 0, 14, 12, 203]
1546589022059;[171, 0, 17, 255, 161, 72, 70, 208, 23, 0, 0, 64, 0, 0, 254, 0, 0, 9, 12, 229]
1546589022063;[171, 0, 17, 255, 161, 72, 70, 208, 23, 0, 0, 59, 0, 0, 255, 0, 0, 9, 13, 27]
1546589022230;[171, 0, 4, 255, 132, 128, 89]
1546589022234;[171, 0, 17, 255, 161, 72, 70, 208, 23, 0, 0, 58, 0, 0, 253, 0, 0, 11, 13, 68]
1546589022403;[171, 0, 17, 255, 161, 72, 70, 208, 23, 0, 0, 61, 0, 0, 253, 0, 0, 11, 13, 106]
1546589022576;[171, 0, 17, 255, 161, 72, 70, 208, 23, 0, 0, 55, 0, 0, 255, 0, 0, 10, 13, 135]
1546589022580;[171, 0, 17, 255, 161, 72, 70, 208, 23, 0, 0, 56, 0, 0, 255, 0, 0, 9, 13, 160]
1546589022922;[171, 0, 17, 255, 161, 72, 70, 208, 23, 0, 0, 56, 0, 1, 0, 0, 0, 8, 13, 182]
1546589022926;[171, 0, 17, 255, 161, 72, 70, 208, 24, 0, 0, 55, 0, 0, 254, 0, 0, 9, 13, 224]
1546589022930;[171, 0, 17, 255, 161, 72, 70, 208, 24, 0, 0, 57, 0, 1, 4, 0, 0, 8, 13, 251]
1546589023095;[171, 0, 17, 255, 161, 72, 70, 208, 24, 0, 0, 58, 0, 0, 253, 0, 0, 11, 14, 18]
1546589023099;[171, 0, 17, 255, 161, 72, 70, 208, 24, 0, 0, 64, 0, 0, 254, 0, 0, 9, 14, 46]
1546589023267;[171, 0, 17, 255, 161, 72, 70, 208, 24, 0, 0, 65, 0, 0, 254, 0, 0, 7, 14, 61]
1546589023270;[171, 0, 4, 255, 132, 128, 90]
1546589023439;[171, 0, 17, 255, 161, 72, 70, 208, 24, 0, 0, 63, 0, 0, 253, 0, 0, 4, 14, 81]
1546589023443;[171, 0, 17, 255, 161, 72, 70, 208, 24, 0, 0, 46, 0, 1, 13, 0, 0, 8, 14, 97]
1546589023610;[171, 0, 17, 255, 161, 72, 70, 208, 24, 0, 0, 61, 0, 0, 245, 0, 0, 2, 14, 130]
1546589023783;[171, 0, 17, 255, 161, 72, 70, 208, 24, 0, 0, 71, 0, 0, 251, 0, 0, 2, 14, 151]
1546589023787;[171, 0, 17, 255, 161, 72, 70, 208, 24, 0, 0, 77, 0, 0, 255, 0, 0, 2, 14, 181]
1546589024129;[171, 0, 17, 255, 161, 72, 70, 208, 25, 0, 0, 63, 0, 1, 9, 0, 0, 3, 14, 196]
1546589024133;[171, 0, 17, 255, 161, 72, 70, 208, 25, 0, 0, 56, 0, 0, 250, 1, 0, 3, 14, 221]
1546589024137;[171, 0, 17, 255, 161, 72, 70, 208, 25, 0, 0, 61, 0, 0, 245, 1, 0, 5, 14, 235]
1546589024141;[171, 0, 17, 255, 161, 72, 70, 208, 25, 0, 0, 67, 0, 0, 255, 1, 0, 1, 15, 11]
1546589024301;[171, 0, 17, 255, 161, 72, 70, 208, 25, 0, 0, 69, 0, 1, 4, 1, 0, 3, 15, 18]
1546589024473;[171, 0, 4, 255, 132, 128, 93]
1546589024481;[171, 0, 17, 255, 161, 72, 70, 208, 25, 0, 0, 63, 0, 0, 253, 1, 0, 4, 15, 31]
1546589024646;[171, 0, 17, 255, 161, 72, 70, 208, 25, 0, 0, 63, 0, 0, 248, 1, 0, 9, 15, 39]
1546589024649;[171, 0, 17, 255, 161, 72, 70, 208, 25, 0, 0, 67, 0, 1, 0, 1, 0, 4, 15, 55]
1546589024819;[171, 0, 17, 255, 161, 72, 70, 208, 25, 0, 0, 76, 0, 0, 254, 1, 0, 3, 31, 83]
1546589024991;[171, 0, 17, 255, 161, 72, 70, 208, 25, 0, 0, 63, 0, 1, 9, 1, 0, 8, 7, 217]
1546589024995;[171, 0, 17, 255, 161, 72, 70, 208, 26, 0, 0, 58, 0, 0, 239, 1, 0, 15, 7, 229]
1546589025164;[171, 0, 17, 255, 161, 72, 70, 208, 26, 0, 0, 71, 0, 1, 0, 1, 0, 9, 7, 240]
1546589025168;[171, 0, 17, 255, 161, 72, 70, 208, 26, 0, 0, 77, 0, 1, 9, 1, 0, 5, 7, 240]
1546589025505;[171, 0, 17, 255, 161, 72, 70, 208, 26, 0, 0, 64, 0, 0, 254, 1, 0, 5, 8, 7]
1546589025507;[171, 0, 17, 255, 161, 72, 70, 208, 26, 0, 0, 63, 0, 0, 248, 1, 0, 8, 8, 17]
1546589025510;[171, 0, 4, 255, 132, 128, 93]
1546589025682;[171, 0, 17, 255, 161, 72, 70, 208, 26, 0, 0, 73, 0, 0, 251, 1, 0, 5, 8, 29]
1546589025686;[171, 0, 17, 255, 161, 72, 70, 208, 26, 0, 0, 66, 0, 1, 12, 1, 0, 13, 8, 36]
1546589025854;[171, 0, 17, 255, 161, 72, 70, 208, 26, 0, 0, 61, 0, 0, 251, 1, 0, 14, 8, 31]
1546589025858;[171, 0, 17, 255, 161, 72, 70, 208, 26, 0, 0, 59, 0, 0, 241, 1, 0, 13, 8, 41]
1546589026026;[171, 0, 17, 255, 161, 72, 70, 208, 26, 0, 0, 71, 0, 1, 0, 1, 0, 2, 8, 61]
1546589026372;[171, 0, 17, 255, 161, 72, 70, 208, 27, 0, 0, 71, 0, 1, 16, 0, 0, 1, 8, 66]
1546589026377;[171, 0, 17, 255, 161, 72, 70, 208, 27, 0, 0, 64, 0, 0, 248, 1, 0, 15, 8, 71]
1546589026381;[171, 0, 17, 255, 161, 72, 70, 208, 27, 0, 0, 69, 0, 0, 252, 1, 0, 13, 8, 80]
1546589026386;[171, 0, 17, 255, 161, 72, 70, 208, 27, 0, 0, 67, 0, 1, 4, 1, 0, 2, 8, 91]
1546589026716;[171, 0, 17, 255, 161, 72, 70, 208, 27, 0, 0, 66, 0, 0, 254, 1, 0, 13, 8, 94]
1546589026720;[171, 0, 4, 255, 132, 128, 95]
1546589026724;[171, 0, 17, 255, 161, 72, 70, 208, 27, 0, 0, 59, 0, 0, 251, 1, 0, 15, 8, 103]
1546589026888;[171, 0, 17, 255, 161, 72, 70, 208, 27, 0, 0, 61, 0, 0, 250, 1, 0, 13, 8, 105]
1546589026892;[171, 0, 17, 255, 161, 72, 70, 208, 27, 0, 0, 64, 0, 0, 250, 1, 0, 8, 8, 131]
1546589027062;[171, 0, 17, 255, 161, 72, 70, 208, 27, 0, 0, 66, 0, 0, 253, 1, 0, 13, 8, 133]
1546589027066;[171, 0, 17, 255, 161, 72, 70, 208, 27, 0, 0, 71, 0, 0, 255, 1, 0, 13, 8, 143]
1546589027407;[171, 0, 17, 255, 161, 72, 70, 208, 28, 0, 0, 81, 0, 1, 30, 0, 0, 14, 8, 144]
1546589027411;[171, 0, 17, 255, 161, 72, 70, 208, 28, 1, 0, 33, 0, 1, 19, 0, 0, 18, 8, 67]
1546589027414;[171, 0, 17, 255, 161, 72, 70, 208, 28, 0, 0, 81, 0, 0, 239, 0, 0, 78, 7, 224]
1546589027578;[171, 0, 17, 255, 161, 72, 70, 208, 28, 0, 0, 6, 0, 0, 230, 0, 0, 86, 7, 110]
1546589027582;[171, 0, 17, 255, 161, 72, 70, 208, 28, 0, 0, 104, 0, 0, 233, 0, 0, 90, 7, 107]
1546589028096;[171, 0, 4, 255, 132, 128, 97]
1546589028101;[171, 0, 17, 255, 161, 72, 70, 208, 28, 0, 0, 15, 0, 0, 241, 0, 0, 127, 11, 224]
1546589028106;[171, 0, 17, 255, 161, 72, 70, 208, 28, 0, 0, 11, 0, 0, 167, 0, 0, 169, 11, 224]
1546589028110;[171, 0, 17, 255, 161, 72, 70, 208, 28, 0, 0, 7, 0, 0, 189, 0, 0, 195, 11, 224]
1546589028270;[171, 0, 17, 255, 161, 72, 70, 208, 28, 1, 0, 15, 0, 0, 214, 0, 0, 129, 11, 224]
1546589028274;[171, 0, 17, 255, 161, 72, 70, 208, 28, 1, 0, 7, 0, 0, 197, 0, 0, 173, 11, 224]
1546589028278;[171, 0, 17, 255, 161, 72, 70, 208, 29, 1, 0, 41, 0, 0, 232, 0, 0, 129, 11, 224]
1546589028442;[171, 0, 17, 255, 161, 72, 70, 208, 29, 0, 0, 16, 0, 0, 167, 0, 0, 142, 31, 255]
1546589028448;[171, 0, 17, 255, 161, 72, 70, 208, 29, 0, 0, 8, 0, 0, 191, 0, 0, 124, 14, 50]
1546589028613;[171, 0, 17, 255, 161, 72, 70, 208, 29, 0, 0, 11, 0, 0, 209, 0, 0, 196, 14, 50]
1546589028785;[171, 0, 17, 255, 161, 72, 70, 208, 29, 0, 0, 17, 0, 0, 165, 0, 0, 201, 14, 50]
1546589028788;[171, 0, 4, 255, 132, 128, 98]
1546589028958;[171, 0, 17, 255, 161, 72, 70, 208, 29, 0, 0, 20, 0, 0, 188, 0, 0, 173, 31, 255]
1546589028962;[171, 0, 17, 255, 161, 72, 70, 208, 29, 0, 0, 72, 0, 0, 192, 0, 0, 157, 15, 18]
1546589029306;[171, 0, 17, 255, 161, 72, 70, 208, 29, 0, 0, 61, 0, 0, 173, 0, 0, 169, 12, 159]
1546589029310;[171, 0, 17, 255, 161, 72, 70, 208, 29, 0, 0, 56, 0, 0, 199, 0, 0, 199, 5, 247]
1546589029314;[171, 0, 17, 255, 161, 72, 70, 208, 29, 0, 0, 63, 0, 0, 211, 0, 0, 163, 5, 247]
1546589029480;[171, 0, 17, 255, 161, 72, 70, 208, 30, 0, 0, 15, 0, 0, 216, 0, 0, 168, 5, 247]
1546589029485;[171, 0, 17, 255, 161, 72, 70, 208, 30, 0, 0, 22, 0, 0, 172, 0, 0, 206, 5, 247]
1546589029648;[171, 0, 17, 255, 161, 72, 70, 208, 30, 1, 0, 9, 0, 0, 163, 0, 0, 193, 5, 247]
1546589029652;[171, 0, 17, 255, 161, 72, 70, 208, 30, 1, 0, 12, 0, 0, 174, 0, 0, 197, 5, 247]
1546589029820;[171, 0, 17, 255, 161, 72, 70, 208, 30, 0, 0, 51, 0, 0, 180, 0, 0, 160, 5, 247]
1546589029993;[171, 0, 4, 255, 132, 128, 97]
1546589029997;[171, 0, 17, 255, 161, 72, 70, 208, 30, 0, 0, 59, 0, 0, 149, 0, 0, 225, 5, 247]
1546589030166;[171, 0, 17, 255, 161, 72, 70, 208, 30, 0, 0, 17, 0, 0, 152, 0, 0, 175, 5, 247]
1546589030169;[171, 0, 17, 255, 161, 72, 70, 208, 30, 1, 0, 26, 0, 0, 173, 0, 0, 175, 5, 247]
1546589030510;[171, 0, 17, 255, 161, 72, 70, 208, 30, 0, 0, 49, 0, 0, 196, 0, 0, 224, 5, 247]
1546589030514;[171, 0, 17, 255, 161, 72, 70, 208, 30, 0, 0, 64, 0, 0, 181, 0, 0, 199, 6, 109]
1546589030517;[171, 0, 17, 255, 161, 72, 70, 208, 31, 0, 0, 35, 0, 0, 191, 0, 0, 179, 6, 43]
1546589030683;[171, 0, 17, 255, 161, 72, 70, 208, 31, 0, 0, 51, 0, 0, 200, 0, 0, 169, 9, 48]
1546589030687;[171, 0, 17, 255, 161, 72, 70, 208, 31, 0, 0, 83, 0, 0, 235, 0, 0, 144, 10, 140]
1546589030856;[171, 0, 17, 255, 161, 72, 70, 208, 31, 0, 0, 128, 0, 0, 194, 0, 0, 139, 9, 103]
1546589030860;[171, 0, 17, 255, 161, 72, 70, 208, 31, 0, 0, 149, 0, 0, 179, 0, 0, 160, 12, 156]
1546589031028;[171, 0, 4, 255, 132, 128, 97]
1546589031032;[171, 0, 17, 255, 161, 72, 70, 208, 31, 0, 0, 184, 0, 0, 176, 0, 0, 145, 14, 138]
1546589031201;[171, 0, 17, 255, 161, 72, 70, 208, 31, 0, 0, 157, 0, 0, 139, 0, 0, 136, 13, 183]
1546589031378;[171, 0, 17, 255, 161, 72, 70, 208, 31, 0, 0, 103, 0, 0, 135, 1, 0, 27, 11, 45]
1546589031379;[171, 0, 17, 255, 161, 72, 70, 208, 31, 0, 0, 163, 0, 0, 130, 1, 0, 27, 8, 200]
1546589031548;[171, 0, 17, 255, 161, 72, 70, 208, 31, 0, 0, 239, 0, 0, 206, 1, 0, 55, 6, 166]
1546589031551;[171, 0, 17, 255, 161, 72, 70, 208, 32, 0, 0, 217, 0, 0, 142, 1, 0, 77, 5, 63]
1546589031890;[171, 0, 17, 255, 161, 72, 70, 208, 32, 0, 0, 223, 0, 0, 148, 1, 0, 71, 4, 155]
1546589031895;[171, 0, 17, 255, 161, 72, 70, 208, 32, 0, 0, 213, 0, 0, 148, 1, 0, 62, 3, 196]
1546589032064;[171, 0, 17, 255, 161, 72, 70, 208, 32, 0, 0, 200, 0, 0, 148, 1, 0, 64, 3, 28]
1546589032068;[171, 0, 17, 255, 161, 72, 70, 208, 32, 0, 0, 200, 0, 0, 145, 1, 0, 64, 3, 28]
1546589032072;[171, 0, 4, 255, 132, 128, 99]
1546589032236;[171, 0, 17, 255, 161, 72, 70, 208, 32, 0, 0, 198, 0, 0, 144, 1, 0, 64, 3, 28]
1546589032240;[171, 0, 17, 255, 161, 72, 70, 208, 32, 0, 0, 200, 0, 0, 147, 1, 0, 53, 2, 192]
1546589032408;[171, 0, 17, 255, 161, 72, 70, 208, 32, 0, 0, 210, 0, 0, 156, 1, 0, 43, 2, 105]
1546589032577;[171, 0, 17, 255, 161, 72, 70, 208, 32, 0, 0, 197, 0, 0, 146, 1, 0, 67, 2, 40]
1546589032579;[171, 0, 17, 255, 161, 72, 70, 208, 32, 0, 0, 212, 0, 0, 145, 1, 0, 55, 2, 2]
1546589032752;[171, 0, 17, 255, 161, 72, 70, 208, 33, 0, 0, 210, 0, 0, 143, 1, 0, 55, 1, 179]
1546589032756;[171, 0, 17, 255, 161, 72, 70, 208, 33, 0, 0, 212, 0, 0, 145, 1, 0, 42, 1, 126]
1546589033099;[171, 0, 17, 255, 161, 72, 70, 208, 33, 0, 0, 212, 0, 0, 145, 1, 0, 45, 1, 92]
1546589033103;[171, 0, 17, 255, 161, 72, 70, 208, 33, 0, 0, 212, 0, 0, 143, 1, 0, 43, 1, 62]
1546589033108;[171, 0, 17, 255, 161, 72, 70, 208, 33, 0, 0, 218, 0, 0, 134, 1, 0, 51, 1, 33]
1546589033270;[171, 0, 4, 255, 132, 128, 100]
1546589033274;[171, 0, 17, 255, 161, 72, 70, 208, 33, 0, 0, 218, 0, 0, 134, 1, 0, 55, 0, 252]
1546589033444;[171, 0, 17, 255, 161, 72, 70, 208, 33, 0, 0, 215, 0, 0, 130, 1, 0, 48, 0, 223]
1546589033448;[171, 0, 17, 255, 161, 72, 70, 208, 33, 0, 0, 211, 0, 0, 135, 1, 0, 33, 16, 198]
1546589033615;[171, 0, 17, 255, 161, 72, 70, 208, 33, 0, 0, 219, 0, 0, 134, 1, 0, 45, 7, 180]
1546589033789;[171, 0, 17, 255, 161, 72, 70, 208, 33, 0, 0, 214, 0, 0, 129, 1, 0, 38, 7, 156]
1546589033793;[171, 0, 17, 255, 161, 72, 70, 208, 34, 0, 0, 219, 0, 0, 130, 1, 0, 46, 7, 122]
1546589033960;[171, 0, 17, 255, 161, 72, 70, 208, 34, 0, 0, 217, 0, 0, 134, 1, 0, 37, 7, 98]
1546589033965;[171, 0, 17, 255, 161, 72, 70, 208, 34, 0, 0, 212, 0, 0, 129, 1, 0, 43, 7, 72]
1546589034134;[171, 0, 17, 255, 161, 72, 70, 208, 34, 0, 0, 218, 0, 0, 130, 1, 0, 32, 7, 50]
1546589034479;[171, 0, 17, 255, 161, 72, 70, 208, 36, 0, 0, 228, 0, 0, 129, 1, 0, 47, 5, 162]
1546589034488;[171, 0, 17, 255, 161, 72, 70, 208, 36, 0, 0, 219, 0, 0, 122, 1, 0, 40, 5, 150]
1546589034653;[171, 0, 17, 255, 161, 72, 70, 208, 36, 0, 0, 223, 0, 0, 122, 1, 0, 32, 5, 139]
1546589034655;[171, 0, 17, 255, 161, 72, 70, 208, 36, 0, 0, 230, 0, 0, 127, 1, 0, 37, 5, 134]
1546589034823;[171, 0, 17, 255, 161, 72, 70, 208, 36, 0, 0, 223, 0, 0, 122, 1, 0, 43, 5, 118]
1546589034997;[171, 0, 17, 255, 161, 72, 70, 208, 37, 0, 0, 226, 0, 0, 122, 1, 0, 43, 5, 112]
1546589035001;[171, 0, 17, 255, 161, 72, 70, 208, 37, 0, 0, 224, 0, 0, 123, 1, 0, 39, 5, 92]
1546589035343;[171, 0, 17, 255, 161, 72, 70, 208, 37, 0, 0, 226, 0, 0, 124, 1, 0, 36, 5, 93]
1546589035347;[171, 0, 17, 255, 161, 72, 70, 208, 37, 0, 0, 227, 0, 0, 122, 1, 0, 38, 5, 87]
1546589035351;[171, 0, 17, 255, 161, 72, 70, 208, 37, 0, 0, 224, 0, 0, 118, 1, 0, 39, 5, 74]
1546589035356;[171, 0, 4, 255, 132, 128, 93]
1546589035687;[171, 0, 17, 255, 161, 72, 70, 208, 37, 0, 0, 224, 0, 0, 120, 1, 0, 39, 5, 55]
1546589035691;[171, 0, 17, 255, 161, 72, 70, 208, 37, 0, 0, 223, 0, 0, 116, 1, 0, 35, 5, 58]
1546589035695;[171, 0, 17, 255, 161, 72, 70, 208, 37, 0, 0, 222, 0, 0, 121, 1, 0, 34, 5, 62]
1546589035859;[171, 0, 17, 255, 161, 72, 70, 208, 37, 0, 0, 228, 0, 0, 124, 1, 0, 27, 5, 65]
1546589035863;[171, 0, 17, 255, 161, 72, 70, 208, 37, 0, 0, 221, 0, 0, 121, 1, 0, 43, 5, 69]
1546589036031;[171, 0, 17, 255, 161, 72, 70, 208, 38, 0, 0, 224, 0, 0, 116, 1, 0, 40, 5, 65]
1546589036035;[171, 0, 17, 255, 161, 72, 70, 208, 38, 0, 0, 231, 0, 0, 116, 1, 0, 36, 5, 33]
1546589036203;[171, 0, 17, 255, 161, 72, 70, 208, 38, 0, 0, 223, 0, 0, 121, 1, 0, 37, 5, 34]
1546589036376;[171, 0, 17, 255, 161, 72, 70, 208, 38, 0, 0, 232, 0, 0, 128, 1, 0, 13, 5, 45]
1546589036380;[171, 0, 17, 255, 161, 72, 70, 208, 38, 0, 0, 219, 0, 0, 116, 1, 0, 54, 5, 43]
1546589036547;[171, 0, 4, 255, 132, 128, 87]
1546589037068;[171, 0, 17, 255, 161, 72, 70, 208, 38, 0, 0, 228, 0, 0, 120, 1, 0, 36, 5, 33]
1546589037073;[171, 0, 17, 255, 161, 72, 70, 208, 38, 0, 0, 232, 0, 0, 122, 1, 0, 25, 5, 21]
1546589037077;[171, 0, 17, 255, 161, 72, 70, 208, 38, 0, 0, 224, 0, 0, 125, 1, 0, 36, 5, 30]
1546589037081;[171, 0, 17, 255, 161, 72, 70, 208, 38, 0, 0, 217, 0, 0, 124, 1, 0, 42, 5, 38]
1546589037243;[171, 0, 17, 255, 161, 72, 70, 208, 38, 0, 0, 226, 0, 0, 128, 1, 0, 33, 5, 51]
1546589037247;[171, 0, 17, 255, 161, 72, 70, 208, 39, 0, 0, 218, 0, 0, 129, 1, 0, 53, 5, 57]
1546589037251;[171, 0, 17, 255, 161, 72, 70, 208, 39, 0, 0, 224, 0, 0, 128, 1, 0, 49, 5, 68]
1546589037255;[171, 0, 17, 255, 161, 72, 70, 208, 39, 0, 0, 217, 0, 0, 127, 1, 0, 37, 5, 60]
1546589037410;[171, 0, 17, 255, 161, 72, 70, 208, 39, 0, 0, 209, 0, 0, 121, 1, 0, 39, 5, 71]
1546589037583;[171, 0, 17, 255, 161, 72, 70, 208, 39, 0, 0, 247, 0, 0, 135, 1, 0, 72, 5, 81]
1546589037586;[171, 0, 4, 255, 132, 128, 82]
1546589037755;[171, 0, 17, 255, 161, 72, 70, 208, 39, 0, 0, 218, 0, 0, 127, 1, 0, 43, 5, 75]
1546589037759;[171, 0, 17, 255, 161, 72, 70, 208, 39, 0, 0, 213, 0, 0, 128, 1, 0, 44, 5, 78]
1546589037927;[171, 0, 17, 255, 161, 72, 70, 208, 39, 0, 0, 219, 0, 0, 133, 1, 0, 54, 5, 85]
1546589037931;[171, 0, 17, 255, 161, 72, 70, 208, 39, 0, 0, 218, 0, 0, 129, 1, 0, 64, 5, 88]
1546589038452;[171, 0, 17, 255, 161, 72, 70, 208, 39, 0, 0, 221, 0, 0, 135, 1, 0, 30, 5, 99]
1546589038455;[171, 0, 17, 255, 161, 72, 70, 208, 40, 0, 0, 218, 0, 0, 128, 1, 0, 62, 5, 112]
1546589038457;[171, 0, 17, 255, 161, 72, 70, 208, 40, 0, 0, 218, 0, 0, 129, 1, 0, 63, 5, 117]
1546589038460;[171, 0, 17, 255, 161, 72, 70, 208, 40, 0, 0, 215, 0, 0, 130, 1, 0, 49, 5, 123]
1546589038618;[171, 0, 17, 255, 161, 72, 70, 208, 40, 0, 0, 221, 0, 0, 130, 1, 0, 59, 5, 111]
1546589038622;[171, 0, 17, 255, 161, 72, 70, 208, 40, 0, 0, 218, 0, 0, 138, 1, 0, 52, 5, 96]
1546589038790;[171, 0, 4, 255, 132, 128, 82]
1546589038794;[171, 0, 17, 255, 161, 72, 70, 208, 40, 0, 0, 212, 0, 0, 134, 1, 0, 49, 5, 88]
1546589038964;[171, 0, 17, 255, 161, 72, 70, 208, 40, 0, 0, 217, 0, 0, 133, 1, 0, 48, 5, 96]
1546589038968;[171, 0, 17, 255, 161, 72, 70, 208, 40, 0, 0, 218, 0, 0, 134, 1, 0, 48, 5, 110]
1546589039483;[171, 0, 17, 255, 161, 72, 70, 208, 40, 0, 0, 215, 0, 0, 129, 1, 0, 51, 5, 103]
1546589039486;[171, 0, 17, 255, 161, 72, 70, 208, 40, 0, 0, 223, 0, 0, 125, 1, 0, 62, 5, 92]
1546589039489;[171, 0, 17, 255, 161, 72, 70, 208, 41, 0, 0, 223, 0, 0, 122, 1, 0, 54, 5, 85]
1546589039658;[171, 0, 17, 255, 161, 72, 70, 208, 41, 0, 0, 213, 0, 0, 128, 1, 0, 44, 5, 68]
1546589039664;[171, 0, 17, 255, 161, 72, 70, 208, 41, 0, 0, 228, 0, 0, 141, 1, 0, 19, 5, 97]
1546589039666;[171, 0, 17, 255, 161, 72, 70, 208, 41, 0, 0, 215, 0, 0, 122, 1, 0, 80, 5, 120]
1546589039668;[171, 0, 17, 255, 161, 72, 70, 208, 41, 0, 0, 221, 0, 0, 128, 1, 0, 44, 5, 124]
1546589039833;[171, 0, 4, 255, 132, 128, 87]
1546589039998;[171, 0, 17, 255, 161, 72, 70, 208, 41, 0, 0, 224, 0, 0, 128, 1, 0, 39, 5, 120]
1546589040002;[171, 0, 17, 255, 161, 72, 70, 208, 41, 0, 0, 216, 0, 0, 127, 1, 0, 52, 5, 122]
1546589040171;[171, 0, 17, 255, 161, 72, 70, 208, 41, 0, 0, 218, 0, 0, 129, 1, 0, 52, 5, 122]
1546589040175;[171, 0, 17, 255, 161, 72, 70, 208, 41, 0, 0, 224, 0, 0, 140, 1, 0, 35, 5, 148]
1546589040344;[171, 0, 17, 255, 161, 72, 70, 208, 41, 0, 0, 214, 0, 0, 129, 1, 0, 63, 5, 153]
1546589040348;[171, 0, 17, 255, 161, 72, 70, 208, 42, 0, 0, 218, 0, 0, 129, 1, 0, 55, 5, 143]
1546589040516;[171, 0, 17, 255, 161, 72, 70, 208, 42, 0, 0, 215, 0, 0, 139, 1, 0, 43, 5, 139]
1546589040863;[171, 0, 17, 255, 161, 72, 70, 208, 42, 0, 0, 221, 0, 0, 143, 1, 0, 41, 5, 137]
1546589040867;[171, 0, 17, 255, 161, 72, 70, 208, 42, 0, 0, 211, 0, 0, 130, 1, 0, 64, 5, 127]
1546589040871;[171, 0, 17, 255, 161, 72, 70, 208, 42, 0, 0, 217, 0, 0, 130, 1, 0, 59, 5, 138]
1546589040875;[171, 0, 4, 255, 132, 128, 82]
1546589041033;[171, 0, 17, 255, 161, 72, 70, 208, 42, 0, 0, 221, 0, 0, 146, 1, 0, 37, 5, 136]
1546589041037;[171, 0, 17, 255, 161, 72, 70, 208, 42, 0, 0, 210, 0, 0, 139, 1, 0, 64, 5, 151]
1546589041205;[171, 0, 17, 255, 161, 72, 70, 208, 42, 0, 0, 211, 0, 0, 130, 1, 0, 63, 5, 130]
1546589041378;[171, 0, 17, 255, 161, 72, 70, 208, 42, 0, 0, 212, 0, 0, 130, 1, 0, 63, 5, 114]
1546589041382;[171, 0, 17, 255, 161, 72, 70, 208, 42, 0, 0, 208, 0, 0, 145, 1, 0, 44, 5, 90]
1546589041552;[171, 0, 17, 255, 161, 72, 70, 208, 43, 0, 0, 211, 0, 0, 142, 1, 0, 66, 5, 118]
1546589041555;[171, 0, 17, 255, 161, 72, 70, 208, 43, 0, 0, 201, 0, 0, 141, 1, 0, 63, 5, 113]
1546589041723;[171, 0, 17, 255, 161, 72, 70, 208, 43, 0, 0, 216, 0, 0, 130, 1, 0, 68, 5, 98]
1546589042071;[171, 0, 17, 255, 161, 72, 70, 208, 43, 0, 0, 200, 0, 0, 141, 1, 0, 63, 5, 83]
1546589042075;[171, 0, 17, 255, 161, 72, 70, 208, 43, 0, 0, 211, 0, 0, 150, 1, 0, 54, 5, 83]
1546589042078;[171, 0, 4, 255, 132, 128, 82]
1546589042083;[171, 0, 17, 255, 161, 72, 70, 208, 43, 0, 0, 204, 0, 0, 142, 1, 0, 74, 5, 70]
1546589042242;[171, 0, 17, 255, 161, 72, 70, 208, 43, 0, 0, 226, 0, 0, 183, 1, 0, 147, 5, 139]
1546589042246;[171, 0, 17, 255, 161, 72, 70, 208, 43, 0, 0, 42, 0, 0, 132, 1, 0, 213, 8, 208]
1546589042413;[171, 0, 17, 255, 161, 72, 70, 208, 43, 0, 0, 233, 0, 0, 17, 1, 0, 116, 8, 208]
1546589042586;[171, 0, 17, 255, 161, 72, 70, 208, 43, 0, 0, 241, 0, 0, 123, 1, 0, 94, 7, 251]
1546589042590;[171, 0, 17, 255, 161, 72, 70, 208, 44, 0, 0, 16, 0, 1, 26, 1, 0, 128, 8, 202]
1546589042759;[171, 0, 17, 255, 161, 72, 70, 208, 44, 0, 0, 6, 0, 1, 33, 1, 0, 155, 8, 185]
1546589042763;[171, 0, 17, 255, 161, 72, 70, 208, 44, 0, 0, 65, 0, 0, 254, 1, 0, 216, 8, 113]
1546589042930;[171, 0, 17, 255, 161, 72, 70, 208, 44, 0, 0, 32, 0, 0, 199, 1, 0, 136, 8, 18]
1546589042934;[171, 0, 17, 255, 161, 72, 70, 208, 44, 0, 0, 81, 0, 0, 222, 1, 0, 142, 7, 77]
1546589043449;[171, 0, 4, 255, 132, 128, 85]
1546589043455;[171, 0, 17, 255, 161, 72, 70, 208, 44, 0, 0, 96, 0, 0, 214, 1, 0, 149, 6, 231]
1546589043459;[171, 0, 17, 255, 161, 72, 70, 208, 44, 0, 0, 54, 0, 0, 202, 1, 0, 162, 6, 194]
1546589043464;[171, 0, 17, 255, 161, 72, 70, 208, 44, 0, 0, 58, 0, 0, 207, 1, 0, 151, 6, 194]
1546589043617;[171, 0, 17, 255, 161, 72, 70, 208, 44, 0, 0, 44, 0, 0, 223, 1, 0, 129, 6, 247]
1546589043621;[171, 0, 17, 255, 161, 72, 70, 208, 44, 0, 0, 50, 0, 0, 213, 1, 0, 142, 7, 26]
1546589043791;[171, 0, 17, 255, 161, 72, 70, 208, 45, 0, 0, 46, 0, 0, 217, 1, 0, 147, 7, 84]
1546589043793;[171, 0, 17, 255, 161, 72, 70, 208, 45, 0, 0, 77, 0, 0, 217, 1, 0, 141, 7, 189]
1546589043966;[171, 0, 17, 255, 161, 72, 70, 208, 45, 0, 0, 70, 0, 0, 202, 1, 0, 122, 8, 2]
1546589043970;[171, 0, 17, 255, 161, 72, 70, 208, 45, 0, 0, 83, 0, 0, 207, 1, 0, 140, 8, 3]
1546589044139;[171, 0, 17, 255, 161, 72, 70, 208, 45, 0, 0, 88, 0, 0, 204, 1, 0, 136, 8, 12]
1546589044142;[171, 0, 4, 255, 132, 128, 88]
1546589044310;[171, 0, 17, 255, 161, 72, 70, 208, 45, 0, 0, 80, 0, 0, 217, 1, 0, 136, 7, 201]
1546589044657;[171, 0, 17, 255, 161, 72, 70, 208, 45, 0, 0, 87, 0, 0, 250, 1, 0, 148, 7, 152]
1546589044662;[171, 0, 17, 255, 161, 72, 70, 208, 45, 0, 0, 75, 0, 1, 43, 1, 0, 156, 7, 158]
1546589044667;[171, 0, 17, 255, 161, 72, 70, 208, 45, 0, 0, 118, 0, 1, 4, 1, 0, 125, 7, 176]
1546589044670;[171, 0, 17, 255, 161, 72, 70, 208, 45, 0, 0, 110, 0, 0, 169, 1, 0, 121, 7, 145]
1546589044830;[171, 0, 17, 255, 161, 72, 70, 208, 46, 0, 0, 113, 0, 0, 143, 1, 0, 162, 7, 132]
1546589044834;[171, 0, 17, 255, 161, 72, 70, 208, 46, 0, 0, 146, 0, 0, 110, 1, 0, 165, 7, 239]
1546589045001;[171, 0, 17, 255, 161, 72, 70, 208, 46, 0, 0, 112, 0, 0, 100, 1, 0, 165, 8, 63]
1546589045173;[171, 0, 17, 255, 161, 72, 70, 208, 46, 0, 0, 81, 0, 0, 128, 1, 0, 197, 8, 127]
1546589045177;[171, 0, 17, 255, 161, 72, 70, 208, 46, 0, 0, 119, 0, 0, 163, 1, 0, 123, 8, 212]
1546589045345;[171, 0, 4, 255, 132, 128, 91]
1546589045350;[171, 0, 17, 255, 161, 72, 70, 208, 46, 0, 0, 170, 0, 0, 188, 1, 0, 208, 8, 241]
1546589045519;[171, 0, 17, 255, 161, 72, 70, 208, 46, 0, 0, 181, 0, 0, 103, 1, 0, 129, 8, 150]
1546589046036;[171, 0, 17, 255, 161, 72, 70, 208, 46, 0, 0, 178, 0, 0, 142, 1, 0, 145, 8, 79]
1546589046041;[171, 0, 17, 255, 161, 72, 70, 208, 46, 0, 0, 179, 0, 0, 129, 1, 0, 131, 8, 13]
1546589046045;[171, 0, 17, 255, 161, 72, 70, 208, 46, 0, 0, 181, 0, 0, 130, 1, 0, 135, 7, 217]
1546589046049;[171, 0, 17, 255, 161, 72, 70, 208, 47, 0, 0, 177, 0, 0, 126, 1, 0, 135, 7, 162]
1546589046209;[171, 0, 17, 255, 161, 72, 70, 208, 47, 0, 0, 171, 0, 0, 129, 1, 0, 142, 7, 117]
1546589046213;[171, 0, 17, 255, 161, 72, 70, 208, 47, 0, 0, 167, 0, 0, 129, 1, 0, 147, 7, 82]
1546589046217;[171, 0, 17, 255, 161, 72, 70, 208, 47, 0, 0, 167, 0, 0, 129, 1, 0, 145, 7, 43]
1546589046382;[171, 0, 17, 255, 161, 72, 70, 208, 47, 0, 0, 161, 0, 0, 127, 1, 0, 161, 6, 254]
1546589046385;[171, 0, 4, 255, 132, 128, 92]
1546589046553;[171, 0, 17, 255, 161, 72, 70, 208, 47, 0, 0, 163, 0, 0, 125, 1, 0, 162, 6, 206]
1546589046557;[171, 0, 17, 255, 161, 72, 70, 208, 47, 0, 0, 165, 0, 0, 128, 1, 0, 153, 6, 163]
1546589046725;[171, 0, 17, 255, 161, 72, 70, 208, 47, 0, 0, 163, 0, 0, 127, 1, 0, 148, 6, 126]
1546589046898;[171, 0, 17, 255, 161, 72, 70, 208, 47, 0, 0, 166, 0, 0, 129, 1, 0, 153, 6, 101]
1546589046902;[171, 0, 17, 255, 161, 72, 70, 208, 47, 0, 0, 166, 0, 0, 130, 1, 0, 148, 6, 74]
1546589047246;[171, 0, 17, 255, 161, 72, 70, 208, 48, 0, 0, 163, 0, 0, 128, 1, 0, 152, 6, 34]
1546589047250;[171, 0, 17, 255, 161, 72, 70, 208, 48, 0, 0, 164, 0, 0, 124, 1, 0, 151, 6, 4]
1546589047254;[171, 0, 17, 255, 161, 72, 70, 208, 48, 0, 0, 166, 0, 0, 127, 1, 0, 161, 5, 223]
1546589047258;[171, 0, 17, 255, 161, 72, 70, 208, 48, 0, 0, 166, 0, 0, 124, 1, 0, 150, 5, 204]
1546589047415;[171, 0, 17, 255, 161, 72, 70, 208, 48, 0, 0, 171, 0, 0, 128, 1, 0, 145, 5, 185]
1546589047588;[171, 0, 4, 255, 132, 128, 92]
1546589047592;[171, 0, 17, 255, 161, 72, 70, 208, 48, 0, 0, 42, 0, 0, 183, 1, 1, 23, 5, 178]
1546589047760;[171, 0, 17, 255, 161, 72, 70, 208, 48, 0, 0, 25, 0, 0, 143, 1, 0, 246, 5, 8]
1546589047764;[171, 0, 17, 255, 161, 72, 70, 208, 48, 0, 1, 87, 0, 0, 100, 1, 0, 254, 6, 92]
1546589047934;[171, 0, 17, 255, 161, 72, 70, 208, 48, 0, 0, 198, 0, 0, 88, 1, 0, 207, 4, 144]
1546589047938;[171, 0, 17, 255, 161, 72, 70, 208, 48, 0, 0, 83, 0, 0, 83, 1, 0, 235, 4, 144]
1546589048103;[171, 0, 17, 255, 161, 72, 70, 208, 49, 0, 0, 63, 0, 0, 136, 1, 0, 222, 4, 201]
1546589048458;[171, 0, 17, 255, 161, 72, 70, 208, 49, 1, 0, 16, 0, 0, 163, 1, 0, 188, 4, 239]
1546589048461;[171, 0, 17, 255, 161, 72, 70, 208, 49, 0, 0, 99, 0, 0, 79, 1, 0, 195, 4, 166]
1546589048465;[171, 0, 17, 255, 161, 72, 70, 208, 49, 0, 0, 151, 0, 0, 63, 1, 0, 231, 5, 28]
1546589048470;[171, 0, 17, 255, 161, 72, 70, 208, 49, 0, 0, 138, 0, 0, 125, 1, 0, 240, 4, 253]
1546589048623;[171, 0, 4, 255, 132, 128, 92]
1546589048796;[171, 0, 17, 255, 161, 72, 70, 208, 49, 0, 0, 166, 0, 0, 104, 1, 0, 212, 4, 174]
1546589048800;[171, 0, 17, 255, 161, 72, 70, 208, 49, 0, 0, 141, 0, 0, 110, 1, 0, 204, 4, 160]
1546589048967;[171, 0, 17, 255, 161, 72, 70, 208, 49, 0, 0, 116, 0, 0, 141, 1, 0, 190, 4, 112]
1546589048971;[171, 0, 17, 255, 161, 72, 70, 208, 49, 0, 0, 116, 0, 0, 143, 1, 0, 184, 4, 73]
1546589049140;[171, 0, 17, 255, 161, 72, 70, 208, 49, 0, 0, 48, 0, 0, 92, 1, 0, 222, 3, 232]
1546589049144;[171, 0, 17, 255, 161, 72, 70, 208, 50, 0, 1, 30, 0, 0, 65, 1, 0, 227, 3, 202]
1546589049488;[171, 0, 17, 255, 161, 72, 70, 208, 50, 0, 0, 101, 0, 0, 156, 1, 0, 185, 4, 25]
1546589049492;[171, 0, 17, 255, 161, 72, 70, 208, 50, 0, 0, 55, 0, 0, 183, 1, 0, 185, 4, 4]
1546589049494;[171, 0, 17, 255, 161, 72, 70, 208, 50, 0, 0, 134, 0, 0, 245, 1, 0, 121, 4, 97]
1546589049833;[171, 0, 17, 255, 161, 72, 70, 208, 50, 0, 0, 133, 0, 0, 151, 1, 0, 176, 4, 53]
1546589049836;[171, 0, 4, 255, 132, 128, 94]
1546589049841;[171, 0, 17, 255, 161, 72, 70, 208, 50, 0, 0, 181, 0, 0, 109, 1, 0, 149, 3, 215]
1546589049845;[171, 0, 17, 255, 161, 72, 70, 208, 50, 0, 0, 176, 0, 0, 101, 1, 0, 162, 3, 198]
1546589050004;[171, 0, 17, 255, 161, 72, 70, 208, 50, 0, 0, 138, 0, 0, 86, 1, 0, 150, 3, 162]
1546589050176;[171, 0, 17, 255, 161, 72, 70, 208, 50, 0, 0, 146, 0, 0, 125, 1, 0, 187, 3, 152]
1546589050180;[171, 0, 17, 255, 161, 72, 70, 208, 50, 0, 0, 166, 0, 0, 140, 1, 0, 192, 3, 155]
1546589050348;[171, 0, 17, 255, 161, 72, 70, 208, 51, 0, 0, 154, 0, 0, 129, 1, 0, 177, 3, 161]
1546589050352;[171, 0, 17, 255, 161, 72, 70, 208, 51, 0, 0, 160, 0, 0, 129, 1, 0, 158, 3, 124]
1546589050521;[171, 0, 17, 255, 161, 72, 70, 208, 51, 0, 0, 163, 0, 0, 124, 1, 0, 146, 3, 119]
1546589050694;[171, 0, 17, 255, 161, 72, 70, 208, 51, 0, 0, 163, 0, 0, 120, 1, 0, 135, 3, 130]
1546589050698;[171, 0, 17, 255, 161, 72, 70, 208, 51, 0, 0, 173, 0, 0, 129, 1, 0, 145, 3, 141]
1546589051041;[171, 0, 4, 255, 132, 128, 94]
1546589051045;[171, 0, 17, 255, 161, 72, 70, 208, 51, 0, 0, 175, 0, 0, 134, 1, 0, 207, 3, 169]
1546589051049;[171, 0, 17, 255, 161, 72, 70, 208, 51, 0, 0, 181, 0, 0, 82, 1, 1, 99, 3, 191]
1546589051053;[171, 0, 17, 255, 161, 72, 70, 208, 51, 0, 0, 84, 0, 0, 56, 1, 0, 241, 3, 177]
1546589051210;[171, 0, 17, 255, 161, 72, 70, 208, 51, 0, 0, 101, 0, 0, 16, 1, 0, 111, 3, 198]
1546589051384;[171, 0, 17, 255, 161, 72, 70, 208, 51, 0, 0, 91, 1, 0, 4, 1, 0, 150, 3, 250]
1546589051388;[171, 0, 17, 255, 161, 72, 70, 208, 52, 0, 0, 101, 0, 0, 48, 1, 0, 242, 4, 37]
1546589051556;[171, 0, 17, 255, 161, 72, 70, 208, 52, 0, 0, 39, 0, 0, 53, 1, 0, 249, 3, 255]
1546589051560;[171, 0, 17, 255, 161, 72, 70, 208, 52, 0, 0, 65, 0, 0, 116, 1, 0, 234, 4, 24]
1546589051730;[171, 0, 17, 255, 161, 72, 70, 208, 52, 0, 0, 54, 0, 0, 82, 1, 1, 9, 4, 17]
1546589051733;[171, 0, 17, 255, 161, 72, 70, 208, 52, 0, 0, 51, 0, 0, 14, 1, 1, 1, 3, 225]
1546589051901;[171, 0, 4, 255, 132, 128, 94]
1546589052419;[171, 0, 17, 255, 161, 72, 70, 208, 52, 0, 0, 61, 1, 0, 24, 1, 0, 238, 3, 143]
1546589052424;[171, 0, 17, 255, 161, 72, 70, 208, 52, 0, 0, 73, 1, 0, 25, 1, 1, 35, 3, 90]
1546589052428;[171, 0, 17, 255, 161, 72, 70, 208, 52, 0, 0, 93, 0, 0, 29, 1, 1, 21, 3, 70]
1546589052432;[171, 0, 17, 255, 161, 72, 70, 208, 52, 0, 0, 67, 0, 0, 82, 1, 0, 249, 3, 91]
1546589052592;[171, 0, 17, 255, 161, 72, 70, 208, 52, 0, 0, 74, 0, 0, 36, 1, 0, 230, 3, 66]
1546589052596;[171, 0, 17, 255, 161, 72, 70, 208, 53, 0, 0, 106, 0, 0, 25, 1, 0, 229, 3, 30]
1546589052600;[171, 0, 17, 255, 161, 72, 70, 208, 53, 0, 0, 72, 0, 0, 3, 1, 0, 240, 3, 9]
1546589052763;[171, 0, 17, 255, 161, 72, 70, 208, 53, 0, 0, 105, 1, 0, 1, 1, 0, 249, 3, 4]
1546589052767;[171, 0, 17, 255, 161, 72, 70, 208, 53, 0, 0, 135, 0, 0, 61, 1, 0, 180, 3, 27]
1546589052936;[171, 0, 17, 255, 161, 72, 70, 208, 53, 0, 0, 81, 0, 0, 137, 1, 0, 251, 3, 44]
1546589052940;[171, 0, 4, 255, 132, 128, 96]
1546589053281;[171, 0, 17, 255, 161, 72, 70, 208, 53, 0, 0, 61, 0, 0, 164, 1, 0, 220, 3, 82]
1546589053286;[171, 0, 17, 255, 161, 72, 70, 208, 53, 0, 0, 113, 0, 0, 212, 1, 0, 231, 3, 19]
1546589053290;[171, 0, 17, 255, 161, 72, 70, 208, 53, 0, 0, 181, 0, 0, 167, 1, 0, 165, 2, 229]
1546589053626;[171, 0, 17, 255, 161, 72, 70, 208, 53, 0, 0, 111, 0, 0, 130, 1, 0, 151, 3, 54]
1546589053631;[171, 0, 17, 255, 161, 72, 70, 208, 53, 0, 0, 125, 0, 0, 159, 1, 0, 155, 3, 93]
1546589053635;[171, 0, 17, 255, 161, 72, 70, 208, 54, 0, 0, 88, 0, 1, 18, 1, 0, 108, 3, 24]
1546589053640;[171, 0, 17, 255, 161, 72, 70, 208, 54, 0, 0, 136, 0, 0, 177, 1, 0, 110, 3, 7]
1546589053799;[171, 0, 17, 255, 161, 72, 70, 208, 54, 0, 0, 129, 0, 0, 199, 1, 0, 109, 3, 19]
1546589053972;[171, 0, 17, 255, 161, 72, 70, 208, 54, 0, 0, 123, 0, 0, 190, 1, 0, 106, 3, 24]
1546589053976;[171, 0, 17, 255, 161, 72, 70, 208, 54, 0, 0, 131, 0, 0, 193, 1, 0, 115, 3, 23]
1546589054144;[171, 0, 4, 255, 132, 128, 96]
1546589054148;[171, 0, 17, 255, 161, 72, 70, 208, 54, 0, 0, 141, 0, 0, 201, 1, 0, 117, 3, 10]
1546589054315;[171, 0, 17, 255, 161, 72, 70, 208, 54, 0, 0, 135, 0, 0, 192, 1, 0, 120, 2, 239]
1546589054489;[171, 0, 17, 255, 161, 72, 70, 208, 54, 0, 0, 141, 0, 0, 194, 1, 0, 118, 2, 213]
1546589054494;[171, 0, 17, 255, 161, 72, 70, 208, 54, 0, 0, 132, 0, 0, 191, 1, 0, 121, 2, 198]
1546589054836;[171, 0, 17, 255, 161, 72, 70, 208, 54, 0, 0, 133, 0, 0, 188, 1, 0, 120, 2, 190]
1546589054840;[171, 0, 17, 255, 161, 72, 70, 208, 55, 0, 0, 134, 0, 0, 185, 1, 0, 120, 2, 189]
1546589054844;[171, 0, 17, 255, 161, 72, 70, 208, 55, 0, 0, 143, 0, 0, 194, 1, 0, 125, 2, 180]
1546589054848;[171, 0, 17, 255, 161, 72, 70, 208, 55, 0, 0, 130, 0, 0, 188, 1, 0, 127, 2, 175]
1546589055006;[171, 0, 17, 255, 161, 72, 70, 208, 55, 0, 0, 138, 0, 0, 185, 1, 0, 125, 2, 174]
1546589055178;[171, 0, 17, 255, 161, 72, 70, 208, 55, 0, 0, 129, 0, 0, 181, 1, 0, 132, 2, 160]
1546589055182;[171, 0, 4, 255, 132, 128, 88]
1546589055350;[171, 0, 17, 255, 161, 72, 70, 208, 55, 0, 0, 135, 0, 0, 181, 1, 0, 136, 2, 163]
1546589055355;[171, 0, 17, 255, 161, 72, 70, 208, 55, 0, 0, 132, 0, 0, 185, 1, 0, 127, 2, 175]
1546589055523;[171, 0, 17, 255, 161, 72, 70, 208, 55, 0, 0, 132, 0, 0, 185, 1, 0, 131, 2, 172]
1546589055695;[171, 0, 17, 255, 161, 72, 70, 208, 55, 0, 0, 116, 0, 0, 197, 1, 0, 164, 2, 171]
1546589055700;[171, 0, 17, 255, 161, 72, 70, 208, 55, 0, 0, 92, 0, 0, 164, 1, 1, 45, 2, 108]
1546589055870;[171, 0, 17, 255, 161, 72, 70, 208, 56, 0, 0, 154, 0, 0, 70, 1, 0, 96, 3, 129]
1546589055874;[171, 0, 17, 255, 161, 72, 70, 208, 56, 0, 0, 101, 0, 0, 125, 1, 0, 165, 3, 101]
1546589056213;[171, 0, 17, 255, 161, 72, 70, 208, 56, 0, 0, 129, 0, 0, 114, 1, 0, 174, 2, 252]
1546589056217;[171, 0, 17, 255, 161, 72, 70, 208, 56, 0, 0, 183, 0, 0, 131, 1, 0, 158, 3, 6]
1546589056386;[171, 0, 17, 255, 161, 72, 70, 208, 58, 0, 0, 58, 0, 0, 248, 1, 0, 13, 9, 196]
1546589056558;[171, 0, 17, 255, 161, 72, 70, 208, 58, 0, 0, 114, 0, 0, 252, 1, 0, 13, 9, 221]
1546589056562;[171, 0, 17, 255, 161, 72, 70, 208, 58, 0, 0, 68, 0, 1, 0, 1, 0, 9, 10, 36]
1546589056730;[171, 0, 17, 255, 161, 72, 70, 208, 58, 0, 0, 93, 0, 0, 242, 1, 0, 37, 10, 121]
1546589056734;[171, 0, 17, 255, 161, 72, 70, 208, 58, 0, 0, 85, 0, 0, 221, 1, 0, 37, 10, 178]
1546589056903;[171, 0, 17, 255, 161, 72, 70, 208, 59, 0, 0, 54, 0, 0, 206, 1, 0, 32, 11, 16]
1546589057076;[171, 0, 17, 255, 161, 72, 70, 208, 59, 0, 0, 55, 0, 0, 235, 1, 0, 31, 11, 98]
1546589057080;[171, 0, 17, 255, 161, 72, 70, 208, 59, 0, 0, 195, 0, 1, 76, 1, 0, 172, 11, 107]
1546589057422;[171, 0, 17, 255, 161, 72, 70, 208, 59, 0, 0, 121, 0, 0, 229, 1, 0, 36, 11, 53]
1546589057429;[171, 0, 17, 255, 161, 72, 70, 208, 59, 0, 0, 126, 0, 0, 233, 1, 0, 20, 11, 75]
1546589057431;[171, 0, 4, 255, 132, 128, 83]
1546589057589;[171, 0, 17, 255, 161, 72, 70, 208, 59, 0, 0, 135, 0, 0, 226, 1, 0, 64, 11, 206]
1546589057592;[171, 0, 17, 255, 161, 72, 70, 208, 59, 0, 0, 96, 0, 0, 249, 1, 0, 22, 12, 58]
1546589057762;[171, 0, 17, 255, 161, 72, 70, 208, 59, 0, 0, 48, 0, 0, 240, 1, 0, 13, 12, 90]
1546589057763;[171, 0, 17, 255, 161, 72, 70, 208, 59, 0, 0, 80, 0, 1, 17, 1, 0, 6, 12, 133]
1546589057933;[171, 0, 17, 255, 161, 72, 70, 208, 59, 0, 0, 71, 0, 1, 10, 1, 0, 9, 12, 197]
1546589057935;[171, 0, 17, 255, 161, 72, 70, 208, 64, 0, 0, 59, 0, 0, 255, 0, 0, 6, 12, 238]
1546589058280;[171, 0, 17, 255, 161, 72, 70, 208, 64, 0, 0, 65, 0, 0, 249, 0, 0, 5, 13, 41]
1546589058282;[171, 0, 17, 255, 161, 72, 70, 208, 64, 0, 0, 51, 0, 0, 253, 0, 0, 10, 13, 86]
1546589058284;[171, 0, 17, 255, 161, 72, 70, 208, 64, 0, 0, 71, 0, 1, 10, 0, 0, 6, 13, 157]
1546589058802;[171, 0, 17, 255, 161, 72, 70, 208, 64, 0, 0, 67, 0, 0, 254, 1, 0, 16, 13, 239]
1546589058806;[171, 0, 4, 255, 132, 128, 78]
1546589058811;[171, 0, 17, 255, 161, 72, 70, 208, 64, 0, 0, 63, 0, 1, 4, 1, 0, 13, 14, 55]
1546589058815;[171, 0, 17, 255, 161, 72, 70, 208, 64, 0, 0, 67, 0, 1, 13, 1, 0, 2, 14, 83]
1546589058978;[171, 0, 17, 255, 161, 72, 70, 208, 64, 0, 0, 61, 0, 1, 0, 0, 0, 15, 14, 141]
1546589058983;[171, 0, 17, 255, 161, 72, 70, 208, 64, 0, 0, 66, 0, 0, 233, 0, 0, 15, 14, 158]
1546589058985;[171, 0, 17, 255, 161, 72, 70, 208, 64, 0, 0, 76, 0, 1, 27, 1, 0, 10, 14, 227]
1546589059148;[171, 0, 17, 255, 161, 72, 70, 208, 65, 0, 0, 133, 0, 0, 248, 1, 0, 184, 14, 246]
1546589059152;[171, 0, 17, 255, 161, 72, 70, 208, 65, 0, 0, 63, 0, 0, 246, 0, 0, 7, 31, 78]
1546589059319;[171, 0, 17, 255, 161, 72, 70, 208, 65, 0, 0, 73, 0, 1, 8, 1, 0, 14, 7, 208]
1546589059490;[171, 0, 17, 255, 161, 72, 70, 208, 65, 0, 0, 102, 0, 0, 237, 1, 0, 20, 8, 14]
1546589059493;[171, 0, 17, 255, 161, 72, 70, 208, 65, 0, 0, 67, 0, 0, 249, 1, 0, 19, 8, 74]
1546589059663;[171, 0, 4, 255, 132, 128, 78]
1546589059667;[171, 0, 17, 255, 161, 72, 70, 208, 65, 0, 0, 56, 0, 1, 17, 1, 0, 59, 8, 114]
1546589060009;[171, 0, 17, 255, 161, 72, 70, 208, 65, 0, 0, 55, 0, 1, 3, 1, 0, 48, 8, 128]
1546589060013;[171, 0, 17, 255, 161, 72, 70, 208, 65, 0, 0, 51, 0, 1, 34, 1, 0, 45, 8, 138]
1546589060017;[171, 0, 17, 255, 161, 72, 70, 208, 65, 0, 0, 63, 0, 0, 239, 1, 0, 17, 8, 155]
1546589060181;[171, 0, 17, 255, 161, 72, 70, 208, 65, 0, 0, 55, 0, 0, 254, 0, 0, 1, 8, 198]
1546589060185;[171, 0, 17, 255, 161, 72, 70, 208, 66, 0, 0, 66, 0, 0, 255, 0, 0, 11, 8, 207]
1546589060354;[171, 0, 17, 255, 161, 72, 70, 208, 66, 0, 0, 59, 0, 1, 8, 0, 0, 24, 8, 209]
1546589060358;[171, 0, 17, 255, 161, 72, 70, 208, 66, 0, 0, 53, 0, 0, 240, 0, 0, 15, 8, 252]
1546589060699;[171, 0, 17, 255, 161, 72, 70, 208, 66, 0, 0, 51, 0, 0, 248, 0, 0, 14, 9, 25]
1546589060703;[171, 0, 17, 255, 161, 72, 70, 208, 66, 0, 0, 70, 0, 1, 22, 1, 0, 2, 9, 74]
1546589060707;[171, 0, 4, 255, 132, 128, 78]
1546589060871;[171, 0, 17, 255, 161, 72, 70, 208, 66, 0, 0, 97, 0, 1, 16, 1, 0, 92, 9, 226]
1546589060875;[171, 0, 17, 255, 161, 72, 70, 208, 66, 0, 0, 127, 0, 1, 7, 1, 0, 14, 10, 2]
1546589061390;[171, 0, 17, 255, 161, 72, 70, 208, 66, 0, 0, 123, 0, 1, 1, 1, 0, 41, 9, 203]
1546589061394;[171, 0, 17, 255, 161, 72, 70, 208, 66, 0, 1, 66, 0, 1, 55, 1, 0, 26, 8, 251]
1546589061398;[171, 0, 17, 255, 161, 72, 70, 208, 66, 0, 1, 77, 0, 0, 201, 0, 0, 24, 8, 171]
1546589061402;[171, 0, 17, 255, 161, 72, 70, 208, 67, 0, 1, 67, 0, 0, 158, 0, 0, 9, 8, 239]
1546589061561;[171, 0, 17, 255, 161, 72, 70, 208, 67, 1, 0, 62, 0, 0, 210, 1, 0, 145, 12, 29]
1546589061565;[171, 0, 17, 255, 161, 72, 70, 208, 67, 1, 0, 61, 1, 0, 51, 0, 0, 76, 10, 19]
1546589061569;[171, 0, 17, 255, 161, 72, 70, 208, 67, 0, 0, 135, 1, 0, 88, 1, 0, 82, 9, 140]
1546589061733;[171, 0, 17, 255, 161, 72, 70, 208, 67, 0, 0, 172, 1, 0, 111, 1, 0, 88, 10, 35]
1546589061736;[171, 0, 4, 255, 132, 128, 78]
1546589061905;[171, 0, 17, 255, 161, 72, 70, 208, 67, 0, 0, 138, 1, 0, 100, 1, 0, 81, 12, 229]
1546589062078;[171, 0, 17, 255, 161, 72, 70, 208, 67, 0, 0, 175, 1, 0, 57, 1, 0, 29, 12, 229]
1546589062082;[171, 0, 17, 255, 161, 72, 70, 208, 67, 0, 0, 181, 1, 0, 31, 1, 0, 4, 12, 229]
1546589062252;[171, 0, 17, 255, 161, 72, 70, 208, 67, 0, 1, 18, 0, 0, 19, 1, 0, 21, 12, 229]
1546589062256;[171, 0, 17, 255, 161, 72, 70, 208, 67, 0, 1, 35, 0, 0, 64, 1, 0, 24, 12, 229]
1546589062597;[171, 0, 17, 255, 161, 72, 70, 208, 68, 0, 1, 12, 0, 0, 116, 1, 0, 19, 12, 229]
1546589062601;[171, 0, 17, 255, 161, 72, 70, 208, 68, 0, 0, 234, 0, 0, 172, 1, 0, 22, 13, 77]
1546589062604;[171, 0, 17, 255, 161, 72, 70, 208, 68, 0, 0, 182, 0, 0, 231, 1, 0, 27, 14, 23]
1546589062767;[171, 0, 17, 255, 161, 72, 70, 208, 68, 0, 0, 120, 0, 1, 23, 1, 0, 23, 14, 23]
1546589062771;[171, 0, 17, 255, 161, 72, 70, 208, 68, 0, 0, 104, 0, 1, 12, 1, 0, 37, 14, 238]
1546589062940;[171, 0, 4, 255, 132, 128, 74]
1546589062944;[171, 0, 17, 255, 161, 72, 70, 208, 68, 0, 0, 79, 0, 1, 6, 1, 0, 34, 15, 46]
1546589063112;[171, 0, 17, 255, 161, 72, 70, 208, 68, 0, 0, 77, 0, 1, 9, 1, 0, 19, 15, 0]
1546589063286;[171, 0, 17, 255, 161, 72, 70, 208, 68, 0, 0, 61, 0, 1, 23, 0, 0, 8, 14, 103]
1546589063290;[171, 0, 17, 255, 161, 72, 70, 208, 68, 0, 0, 52, 0, 1, 3, 0, 0, 11, 13, 171]
1546589063806;[171, 0, 17, 255, 161, 72, 70, 208, 68, 0, 0, 56, 0, 0, 235, 0, 0, 14, 13, 17]
1546589063810;[171, 0, 17, 255, 161, 72, 70, 208, 69, 0, 0, 61, 0, 0, 247, 0, 0, 5, 12, 228]
1546589063814;[171, 0, 17, 255, 161, 72, 70, 208, 69, 0, 0, 87, 0, 1, 0, 1, 0, 15, 13, 54]
1546589063818;[171, 0, 17, 255, 161, 72, 70, 208, 69, 0, 0, 61, 0, 0, 255, 1, 0, 4, 13, 207]
1546589063976;[171, 0, 17, 255, 161, 72, 70, 208, 69, 0, 0, 77, 0, 1, 16, 1, 0, 19, 13, 240]
1546589063981;[171, 0, 17, 255, 161, 72, 70, 208, 69, 0, 0, 61, 0, 0, 254, 1, 0, 9, 13, 213]
1546589063992;[171, 0, 4, 255, 132, 128, 80]
1546589064145;[171, 0, 17, 255, 161, 72, 70, 208, 69, 0, 0, 55, 0, 1, 9, 0, 0, 9, 13, 147]
1546589064150;[171, 0, 17, 255, 161, 72, 70, 208, 69, 0, 0, 58, 0, 0, 228, 0, 0, 18, 12, 247]
1546589064321;[171, 0, 17, 255, 161, 72, 70, 208, 69, 0, 0, 65, 0, 0, 235, 1, 0, 8, 12, 211]
1546589064489;[171, 0, 17, 255, 161, 72, 70, 208, 69, 0, 0, 72, 0, 1, 9, 1, 0, 26, 13, 5]
1546589064491;[171, 0, 17, 255, 161, 72, 70, 208, 69, 0, 0, 123, 0, 1, 43, 1, 0, 245, 12, 204]
1546589064666;[171, 0, 17, 255, 161, 72, 70, 208, 70, 0, 0, 68, 0, 1, 0, 1, 0, 18, 12, 151]
1546589064670;[171, 0, 17, 255, 161, 72, 70, 208, 70, 0, 0, 61, 0, 0, 237, 1, 0, 8, 12, 98]
1546589064839;[171, 0, 17, 255, 161, 72, 70, 208, 70, 0, 0, 76, 0, 0, 239, 1, 0, 10, 12, 12]
1546589064843;[171, 0, 17, 255, 161, 72, 70, 208, 70, 0, 0, 71, 0, 0, 240, 0, 0, 7, 12, 29]
1546589065184;[171, 0, 17, 255, 161, 72, 70, 208, 70, 0, 0, 91, 0, 1, 3, 1, 0, 24, 12, 46]
