1546589727583;[171, 0, 17, 255, 161, 72, 70, 211, 9, 0, 0, 130, 0, 0, 177, 1, 0, 146, 9, 195]
1546589729681;[171, 0, 17, 255, 161, 72, 70, 211, 9, 0, 0, 149, 0, 0, 185, 1, 0, 151, 9, 213]
1546589729682;[171, 0, 17, 255, 161, 72, 70, 211, 9, 0, 0, 127, 0, 0, 174, 1, 0, 145, 9, 202]
1546589729693;[171, 0, 17, 255, 161, 72, 70, 211, 9, 0, 0, 124, 0, 0, 179, 1, 0, 140, 9, 206]
1546589729695;[171, 0, 17, 255, 161, 72, 70, 211, 10, 0, 0, 172, 0, 0, 185, 1, 0, 140, 9, 224]
1546589729697;[171, 0, 17, 255, 161, 72, 70, 211, 10, 0, 0, 89, 0, 0, 173, 1, 0, 135, 9, 207]
1546589729699;[171, 0, 17, 255, 161, 72, 70, 211, 10, 0, 0, 166, 0, 0, 181, 1, 0, 140, 9, 237]
1546589729701;[171, 0, 17, 255, 161, 72, 70, 211, 10, 0, 0, 89, 0, 0, 172, 1, 0, 136, 9, 194]
1546589729703;[171, 0, 17, 255, 161, 72, 70, 211, 10, 0, 0, 171, 0, 0, 191, 1, 0, 131, 9, 240]
1546589729705;[171, 0, 17, 255, 161, 72, 70, 211, 10, 0, 0, 65, 0, 0, 168, 1, 0, 134, 9, 200]
1546589729712;[171, 0, 4, 255, 132, 128, 80]
1546589729715;[171, 0, 17, 255, 161, 72, 70, 211, 10, 0, 0, 151, 0, 0, 191, 1, 0, 147, 9, 238]
1546589729723;[171, 0, 17, 255, 161, 72, 70, 211, 10, 0, 0, 71, 0, 0, 167, 1, 0, 131, 9, 210]
1546589729725;[171, 0, 17, 255, 161, 72, 70, 211, 10, 0, 0, 155, 0, 0, 192, 1, 0, 148, 9, 247]
1546589729727;[171, 0, 17, 255, 161, 72, 70, 211, 10, 0, 0, 99, 0, 0, 172, 1, 0, 145, 9, 229]
1546589729734;[171, 0, 17, 255, 161, 72, 70, 211, 11, 0, 0, 144, 0, 0, 185, 1, 0, 151, 10, 1]
1546589729736;[171, 0, 17, 255, 161, 72, 70, 211, 11, 0, 0, 136, 0, 0, 176, 1, 0, 145, 9, 234]
1546589729738;[171, 0, 17, 255, 161, 72, 70, 211, 11, 0, 0, 144, 0, 0, 189, 1, 0, 148, 9, 253]
1546589729740;[171, 0, 17, 255, 161, 72, 70, 211, 11, 0, 0, 128, 0, 0, 176, 1, 0, 146, 9, 243]
1546589729742;[171, 0, 17, 255, 161, 72, 70, 211, 11, 0, 0, 129, 0, 0, 178, 1, 0, 142, 9, 250]
1546589729750;[171, 0, 17, 255, 161, 72, 70, 211, 11, 0, 0, 148, 0, 0, 181, 1, 0, 145, 10, 0]
1546589729752;[171, 0, 4, 255, 132, 128, 80]
1546589729826;[171, 0, 17, 255, 161, 72, 70, 211, 11, 0, 0, 110, 0, 0, 174, 1, 0, 136, 9, 252]
1546589729830;[171, 0, 17, 255, 161, 72, 70, 211, 11, 0, 0, 150, 0, 0, 185, 1, 0, 146, 10, 27]
1546589729998;[171, 0, 17, 255, 161, 72, 70, 211, 11, 0, 0, 98, 0, 0, 175, 1, 0, 136, 10, 14]
1546589730001;[171, 0, 17, 255, 161, 72, 70, 211, 11, 0, 0, 156, 0, 0, 185, 1, 0, 141, 10, 50]
1546589730171;[171, 0, 17, 255, 161, 72, 70, 211, 12, 0, 0, 83, 0, 0, 170, 1, 0, 137, 10, 31]
1546589730688;[171, 0, 17, 255, 161, 72, 70, 211, 12, 0, 0, 151, 0, 0, 192, 1, 0, 150, 10, 64]
1546589730692;[171, 0, 17, 255, 161, 72, 70, 211, 12, 0, 0, 80, 0, 0, 169, 1, 0, 137, 10, 30]
1546589730697;[171, 0, 17, 255, 161, 72, 70, 211, 12, 0, 0, 155, 0, 0, 190, 1, 0, 147, 10, 68]
1546589730701;[171, 0, 17, 255, 161, 72, 70, 211, 12, 0, 0, 93, 0, 0, 170, 1, 0, 140, 10, 63]
1546589730862;[171, 0, 17, 255, 161, 72, 70, 211, 12, 0, 0, 145, 0, 0, 178, 1, 0, 157, 10, 91]
1546589730866;[171, 0, 4, 255, 132, 128, 81]
1546589730870;[171, 0, 17, 255, 161, 72, 70, 211, 12, 0, 0, 133, 0, 0, 174, 1, 0, 146, 10, 72]
1546589731033;[171, 0, 17, 255, 161, 72, 70, 211, 12, 0, 0, 146, 0, 0, 184, 1, 0, 155, 10, 78]
1546589731037;[171, 0, 17, 255, 161, 72, 70, 211, 12, 0, 0, 148, 0, 0, 177, 1, 0, 146, 10, 100]
1546589731208;[171, 0, 17, 255, 161, 72, 70, 211, 12, 0, 0, 108, 0, 0, 173, 1, 0, 140, 10, 88]
1546589731211;[171, 0, 17, 255, 161, 72, 70, 211, 13, 0, 0, 173, 0, 0, 184, 1, 0, 145, 10, 89]
1546589731378;[171, 0, 17, 255, 161, 72, 70, 211, 13, 0, 0, 77, 0, 0, 169, 1, 0, 131, 10, 57]
1546589731551;[171, 0, 17, 255, 161, 72, 70, 211, 13, 0, 0, 167, 0, 0, 187, 1, 0, 138, 10, 131]
1546589731555;[171, 0, 17, 255, 161, 72, 70, 211, 13, 0, 0, 73, 0, 0, 164, 1, 0, 140, 10, 91]
1546589731723;[171, 0, 17, 255, 161, 72, 70, 211, 13, 0, 0, 162, 0, 0, 192, 1, 0, 146, 10, 122]
1546589731727;[171, 0, 17, 255, 161, 72, 70, 211, 13, 0, 0, 88, 0, 0, 170, 1, 0, 135, 10, 88]
1546589732069;[171, 0, 4, 255, 132, 128, 81]
1546589732074;[171, 0, 17, 255, 161, 72, 70, 211, 13, 0, 0, 141, 0, 0, 179, 1, 0, 143, 10, 133]
1546589732078;[171, 0, 17, 255, 161, 72, 70, 211, 13, 0, 0, 76, 0, 0, 169, 1, 0, 142, 10, 98]
1546589732238;[171, 0, 17, 255, 161, 72, 70, 211, 13, 0, 0, 149, 0, 0, 185, 1, 0, 157, 10, 115]
1546589732241;[171, 0, 17, 255, 161, 72, 70, 211, 13, 0, 0, 136, 0, 0, 172, 1, 0, 146, 10, 117]
1546589732415;[171, 0, 17, 255, 161, 72, 70, 211, 14, 0, 0, 122, 0, 0, 177, 1, 0, 137, 10, 119]
1546589732418;[171, 0, 17, 255, 161, 72, 70, 211, 14, 0, 0, 175, 0, 0, 185, 1, 0, 134, 10, 143]
1546589732586;[171, 0, 17, 255, 161, 72, 70, 211, 14, 0, 0, 121, 0, 0, 170, 1, 0, 142, 10, 114]
1546589732766;[171, 0, 17, 255, 161, 72, 70, 211, 14, 0, 0, 175, 0, 0, 185, 1, 0, 136, 10, 150]
1546589732768;[171, 0, 17, 255, 161, 72, 70, 211, 14, 0, 0, 76, 0, 0, 164, 1, 0, 135, 10, 106]
1546589732930;[171, 0, 17, 255, 161, 72, 70, 211, 14, 0, 0, 171, 0, 0, 190, 1, 0, 150, 10, 151]
1546589732936;[171, 0, 4, 255, 132, 128, 81]
1546589733277;[171, 0, 17, 255, 161, 72, 70, 211, 14, 0, 0, 77, 0, 0, 165, 1, 0, 140, 10, 106]
1546589733282;[171, 0, 17, 255, 161, 72, 70, 211, 14, 0, 0, 173, 0, 0, 193, 1, 0, 143, 10, 160]
1546589733286;[171, 0, 17, 255, 161, 72, 70, 211, 14, 0, 0, 74, 0, 0, 167, 1, 0, 140, 10, 126]
1546589733453;[171, 0, 17, 255, 161, 72, 70, 211, 14, 0, 0, 150, 0, 0, 183, 1, 0, 152, 10, 181]
1546589733458;[171, 0, 17, 255, 161, 72, 70, 211, 15, 0, 0, 121, 0, 0, 172, 1, 0, 146, 10, 150]
1546589733620;[171, 0, 17, 255, 161, 72, 70, 211, 15, 0, 0, 128, 0, 0, 178, 1, 0, 141, 10, 171]
1546589733624;[171, 0, 17, 255, 161, 72, 70, 211, 15, 0, 0, 125, 0, 0, 173, 1, 0, 151, 10, 170]
1546589733793;[171, 0, 17, 255, 161, 72, 70, 211, 15, 0, 0, 123, 0, 0, 177, 1, 0, 146, 10, 149]
1546589733797;[171, 0, 17, 255, 161, 72, 70, 211, 15, 0, 0, 168, 0, 0, 182, 1, 0, 141, 10, 182]
1546589733965;[171, 0, 17, 255, 161, 72, 70, 211, 15, 0, 0, 87, 0, 0, 168, 1, 0, 135, 10, 160]
1546589734137;[171, 0, 4, 255, 132, 128, 82]
1546589734142;[171, 0, 17, 255, 161, 72, 70, 211, 15, 0, 0, 171, 0, 0, 193, 1, 0, 142, 10, 206]
1546589734311;[171, 0, 17, 255, 161, 72, 70, 211, 15, 0, 0, 74, 0, 0, 165, 1, 0, 146, 10, 204]
1546589734314;[171, 0, 17, 255, 161, 72, 70, 211, 15, 0, 0, 151, 0, 0, 193, 1, 0, 169, 10, 206]
1546589734658;[171, 0, 17, 255, 161, 72, 70, 211, 15, 0, 0, 99, 0, 0, 207, 1, 0, 157, 8, 214]
1546589734663;[171, 0, 17, 255, 161, 72, 70, 211, 16, 0, 0, 64, 0, 0, 182, 1, 0, 209, 8, 214]
1546589734667;[171, 0, 17, 255, 161, 72, 70, 211, 16, 0, 0, 85, 0, 0, 156, 1, 1, 66, 8, 214]
1546589734828;[171, 0, 17, 255, 161, 72, 70, 211, 16, 0, 0, 34, 0, 0, 150, 1, 1, 67, 31, 67]
1546589734832;[171, 0, 17, 255, 161, 72, 70, 211, 16, 0, 0, 74, 1, 0, 10, 1, 1, 70, 10, 21]
1546589735002;[171, 0, 17, 255, 161, 72, 70, 211, 16, 0, 0, 98, 1, 0, 136, 1, 0, 134, 10, 21]
1546589735006;[171, 0, 17, 255, 161, 72, 70, 211, 16, 0, 0, 33, 1, 0, 102, 1, 0, 97, 10, 21]
1546589735173;[171, 0, 4, 255, 132, 128, 81]
1546589735345;[171, 0, 17, 255, 161, 72, 70, 211, 16, 1, 0, 199, 0, 0, 17, 1, 0, 109, 7, 17]
1546589735349;[171, 0, 17, 255, 161, 72, 70, 211, 16, 0, 0, 88, 0, 0, 125, 1, 1, 1, 7, 58]
1546589735515;[171, 0, 17, 255, 161, 72, 70, 211, 16, 1, 1, 80, 0, 0, 73, 1, 0, 87, 7, 58]
1546589735519;[171, 0, 17, 255, 161, 72, 70, 211, 16, 0, 0, 15, 1, 0, 31, 1, 0, 213, 7, 58]
1546589735864;[171, 0, 17, 255, 161, 72, 70, 211, 17, 1, 0, 132, 1, 0, 10, 1, 0, 231, 7, 58]
1546589735868;[171, 0, 17, 255, 161, 72, 70, 211, 17, 1, 0, 29, 1, 0, 33, 1, 0, 201, 7, 58]
1546589735873;[171, 0, 17, 255, 161, 72, 70, 211, 17, 0, 0, 65, 0, 0, 137, 1, 1, 83, 7, 147]
1546589736036;[171, 0, 17, 255, 161, 72, 70, 211, 17, 0, 0, 40, 0, 0, 200, 1, 0, 253, 6, 108]
1546589736040;[171, 0, 17, 255, 161, 72, 70, 211, 17, 1, 0, 17, 0, 0, 164, 1, 0, 254, 5, 141]
1546589736209;[171, 0, 17, 255, 161, 72, 70, 211, 17, 0, 0, 71, 0, 0, 127, 1, 0, 183, 5, 90]
1546589736212;[171, 0, 4, 255, 132, 128, 81]
1546589736381;[171, 0, 17, 255, 161, 72, 70, 211, 17, 0, 0, 40, 0, 0, 188, 1, 0, 228, 5, 107]
1546589736554;[171, 0, 17, 255, 161, 72, 70, 211, 17, 0, 0, 81, 0, 0, 219, 1, 0, 175, 4, 215]
1546589736559;[171, 0, 17, 255, 161, 72, 70, 211, 17, 0, 0, 63, 0, 0, 156, 1, 0, 195, 4, 143]
1546589736726;[171, 0, 17, 255, 161, 72, 70, 211, 17, 0, 0, 81, 0, 0, 158, 1, 0, 178, 4, 151]
1546589736730;[171, 0, 17, 255, 161, 72, 70, 211, 18, 0, 0, 71, 0, 0, 179, 1, 0, 185, 4, 166]
1546589737072;[171, 0, 17, 255, 161, 72, 70, 211, 18, 0, 0, 103, 0, 0, 188, 1, 0, 177, 4, 165]
1546589737076;[171, 0, 17, 255, 161, 72, 70, 211, 18, 0, 0, 82, 0, 0, 176, 1, 0, 171, 4, 117]
1546589737080;[171, 0, 17, 255, 161, 72, 70, 211, 18, 0, 0, 119, 0, 0, 170, 1, 0, 177, 4, 94]
1546589737243;[171, 0, 17, 255, 161, 72, 70, 211, 18, 0, 0, 65, 0, 0, 168, 1, 0, 169, 4, 80]
1546589737247;[171, 0, 17, 255, 161, 72, 70, 211, 18, 0, 0, 114, 0, 0, 184, 1, 0, 174, 4, 82]
1546589737415;[171, 0, 4, 255, 132, 128, 81]
1546589737420;[171, 0, 17, 255, 161, 72, 70, 211, 18, 0, 0, 91, 0, 0, 179, 1, 0, 161, 4, 89]
1546589737588;[171, 0, 17, 255, 161, 72, 70, 211, 18, 0, 0, 125, 0, 0, 186, 1, 0, 161, 4, 94]
1546589737592;[171, 0, 17, 255, 161, 72, 70, 211, 18, 0, 0, 106, 0, 0, 179, 1, 0, 162, 4, 90]
1546589737759;[171, 0, 17, 255, 161, 72, 70, 211, 18, 0, 0, 99, 0, 0, 179, 1, 0, 163, 4, 89]
1546589737934;[171, 0, 17, 255, 161, 72, 70, 211, 19, 0, 0, 99, 0, 0, 176, 1, 0, 163, 4, 79]
1546589737938;[171, 0, 17, 255, 161, 72, 70, 211, 19, 0, 0, 110, 0, 0, 181, 1, 0, 171, 4, 89]
1546589738107;[171, 0, 17, 255, 161, 72, 70, 211, 19, 0, 0, 98, 0, 0, 176, 1, 0, 170, 4, 110]
1546589738110;[171, 0, 17, 255, 161, 72, 70, 211, 19, 0, 0, 98, 0, 0, 178, 1, 0, 169, 4, 158]
1546589738453;[171, 0, 17, 255, 161, 72, 70, 211, 19, 0, 0, 97, 0, 0, 177, 1, 0, 171, 4, 171]
1546589738457;[171, 0, 17, 255, 161, 72, 70, 211, 19, 0, 0, 101, 0, 0, 176, 1, 0, 169, 4, 199]
1546589738462;[171, 0, 4, 255, 132, 128, 80]
1546589738624;[171, 0, 17, 255, 161, 72, 70, 211, 19, 0, 0, 76, 0, 0, 176, 1, 0, 168, 4, 225]
1546589738628;[171, 0, 17, 255, 161, 72, 70, 211, 19, 0, 0, 86, 0, 0, 181, 1, 0, 177, 5, 15]
1546589738796;[171, 0, 17, 255, 161, 72, 70, 211, 19, 0, 0, 59, 0, 0, 168, 1, 0, 158, 5, 47]
1546589738800;[171, 0, 17, 255, 161, 72, 70, 211, 19, 0, 0, 101, 0, 0, 190, 1, 0, 185, 5, 99]
1546589738968;[171, 0, 17, 255, 161, 72, 70, 211, 20, 0, 0, 67, 0, 0, 165, 1, 0, 173, 5, 111]
1546589739316;[171, 0, 17, 255, 161, 72, 70, 211, 20, 0, 0, 93, 0, 0, 179, 1, 0, 186, 5, 159]
1546589739320;[171, 0, 17, 255, 161, 72, 70, 211, 20, 0, 0, 105, 0, 0, 177, 1, 0, 181, 5, 156]
1546589739324;[171, 0, 17, 255, 161, 72, 70, 211, 20, 0, 0, 93, 0, 0, 180, 1, 0, 181, 5, 190]
1546589739328;[171, 0, 17, 255, 161, 72, 70, 211, 20, 0, 0, 114, 0, 0, 181, 1, 0, 176, 5, 219]
1546589739659;[171, 0, 17, 255, 161, 72, 70, 211, 20, 0, 0, 68, 0, 0, 167, 1, 0, 165, 5, 248]
1546589739663;[171, 0, 4, 255, 132, 128, 80]
1546589739667;[171, 0, 17, 255, 161, 72, 70, 211, 20, 0, 0, 113, 0, 0, 185, 1, 0, 174, 6, 21]
1546589739831;[171, 0, 17, 255, 161, 72, 70, 211, 20, 0, 0, 62, 0, 0, 163, 1, 0, 173, 6, 42]
1546589739858;[171, 0, 17, 255, 161, 72, 70, 211, 20, 0, 0, 114, 0, 0, 190, 1, 0, 172, 6, 71]
1546589740004;[171, 0, 17, 255, 161, 72, 70, 211, 20, 0, 0, 61, 0, 0, 165, 1, 0, 169, 6, 79]
1546589740008;[171, 0, 17, 255, 161, 72, 70, 211, 21, 0, 0, 101, 0, 0, 187, 1, 0, 186, 6, 105]
1546589740176;[171, 0, 17, 255, 161, 72, 70, 211, 21, 0, 0, 91, 0, 0, 176, 1, 0, 175, 6, 144]
1546589740348;[171, 0, 17, 255, 161, 72, 70, 211, 21, 0, 0, 91, 0, 0, 178, 1, 0, 175, 6, 201]
1546589740352;[171, 0, 17, 255, 161, 72, 70, 211, 21, 0, 0, 77, 0, 0, 176, 1, 0, 177, 6, 237]
1546589740520;[171, 0, 17, 255, 161, 72, 70, 211, 21, 0, 0, 93, 0, 0, 178, 1, 0, 175, 7, 31]
1546589740524;[171, 0, 17, 255, 161, 72, 70, 211, 21, 0, 0, 106, 0, 0, 181, 1, 0, 165, 7, 54]
1546589740695;[171, 0, 4, 255, 132, 128, 80]
1546589740699;[171, 0, 17, 255, 161, 72, 70, 211, 21, 0, 0, 65, 0, 0, 173, 1, 0, 164, 7, 74]
1546589741038;[171, 0, 17, 255, 161, 72, 70, 211, 21, 0, 0, 108, 0, 0, 188, 1, 0, 168, 7, 130]
1546589741043;[171, 0, 17, 255, 161, 72, 70, 211, 21, 0, 0, 76, 0, 0, 172, 1, 0, 167, 7, 187]
1546589741047;[171, 0, 17, 255, 161, 72, 70, 211, 21, 0, 0, 104, 0, 0, 183, 1, 0, 168, 7, 242]
1546589741210;[171, 0, 17, 255, 161, 72, 70, 211, 22, 0, 0, 65, 0, 0, 167, 1, 0, 169, 8, 19]
1546589741214;[171, 0, 17, 255, 161, 72, 70, 211, 22, 0, 0, 98, 0, 0, 185, 1, 0, 181, 8, 66]
1546589741383;[171, 0, 17, 255, 161, 72, 70, 211, 22, 0, 0, 94, 0, 0, 173, 1, 0, 181, 8, 85]
1546589741555;[171, 0, 17, 255, 161, 72, 70, 211, 22, 0, 0, 99, 0, 0, 186, 1, 0, 184, 8, 119]
1546589741558;[171, 0, 17, 255, 161, 72, 70, 211, 22, 0, 0, 88, 0, 0, 172, 1, 0, 171, 8, 185]
1546589741730;[171, 0, 17, 255, 161, 72, 70, 211, 22, 0, 0, 93, 0, 0, 182, 1, 0, 181, 8, 254]
1546589741733;[171, 0, 4, 255, 132, 128, 80]
1546589741901;[171, 0, 17, 255, 161, 72, 70, 211, 22, 0, 0, 109, 0, 0, 185, 1, 0, 167, 9, 49]
1546589741905;[171, 0, 17, 255, 161, 72, 70, 211, 22, 0, 0, 75, 0, 0, 170, 1, 0, 164, 9, 104]
1546589742247;[171, 0, 17, 255, 161, 72, 70, 211, 22, 0, 0, 96, 0, 0, 188, 1, 0, 163, 9, 117]
1546589742251;[171, 0, 17, 255, 161, 72, 70, 211, 22, 0, 0, 77, 0, 0, 172, 1, 0, 166, 9, 136]
1546589742255;[171, 0, 17, 255, 161, 72, 70, 211, 23, 0, 0, 102, 0, 0, 182, 1, 0, 173, 9, 147]
1546589742420;[171, 0, 17, 255, 161, 72, 70, 211, 23, 0, 0, 72, 0, 0, 175, 1, 0, 172, 9, 182]
1546589742424;[171, 0, 17, 255, 161, 72, 70, 211, 23, 0, 0, 97, 0, 0, 181, 1, 0, 176, 9, 225]
1546589742590;[171, 0, 17, 255, 161, 72, 70, 211, 23, 0, 0, 65, 0, 0, 171, 1, 0, 152, 9, 248]
1546589742594;[171, 0, 17, 255, 161, 72, 70, 211, 23, 0, 0, 87, 0, 0, 181, 1, 0, 184, 10, 10]
1546589742763;[171, 0, 17, 255, 161, 72, 70, 211, 23, 0, 0, 106, 0, 0, 175, 1, 0, 183, 10, 4]
1546589742936;[171, 0, 4, 255, 132, 128, 81]
1546589742941;[171, 0, 17, 255, 161, 72, 70, 211, 23, 0, 0, 85, 0, 0, 170, 1, 0, 171, 9, 244]
1546589743114;[171, 0, 17, 255, 161, 72, 70, 211, 23, 0, 0, 116, 0, 0, 179, 1, 0, 166, 9, 236]
1546589743115;[171, 0, 17, 255, 161, 72, 70, 211, 23, 0, 0, 71, 0, 0, 171, 1, 0, 162, 9, 227]
1546589743637;[171, 0, 17, 255, 161, 72, 70, 211, 23, 0, 0, 114, 0, 0, 177, 1, 0, 174, 9, 245]
1546589743639;[171, 0, 17, 255, 161, 72, 70, 211, 24, 0, 0, 69, 0, 0, 165, 1, 0, 161, 10, 4]
1546589743640;[171, 0, 17, 255, 161, 72, 70, 211, 24, 0, 0, 111, 0, 0, 182, 1, 0, 181, 10, 19]
1546589743642;[171, 0, 17, 255, 161, 72, 70, 211, 24, 0, 0, 61, 0, 0, 166, 1, 0, 174, 10, 23]
1546589743800;[171, 0, 17, 255, 161, 72, 70, 211, 24, 0, 0, 103, 0, 0, 179, 1, 0, 179, 10, 24]
1546589743804;[171, 0, 17, 255, 161, 72, 70, 211, 24, 0, 0, 74, 0, 0, 173, 1, 0, 175, 10, 3]
1546589743808;[171, 0, 17, 255, 161, 72, 70, 211, 24, 0, 0, 93, 0, 0, 176, 1, 0, 176, 10, 12]
1546589743970;[171, 0, 4, 255, 132, 128, 81]
1546589744143;[171, 0, 17, 255, 161, 72, 70, 211, 24, 0, 0, 98, 0, 0, 179, 1, 0, 184, 9, 245]
1546589744147;[171, 0, 17, 255, 161, 72, 70, 211, 24, 0, 0, 85, 0, 0, 172, 1, 0, 169, 10, 11]
1546589744317;[171, 0, 17, 255, 161, 72, 70, 211, 24, 0, 0, 114, 0, 0, 182, 1, 0, 166, 10, 16]
1546589744320;[171, 0, 17, 255, 161, 72, 70, 211, 24, 0, 0, 91, 0, 0, 174, 1, 0, 169, 10, 14]
1546589744487;[171, 0, 17, 255, 161, 72, 70, 211, 25, 0, 0, 111, 0, 0, 181, 1, 0, 165, 10, 10]
1546589744491;[171, 0, 17, 255, 161, 72, 70, 211, 25, 0, 0, 65, 0, 0, 170, 1, 0, 164, 9, 244]
1546589744834;[171, 0, 17, 255, 161, 72, 70, 211, 25, 0, 0, 101, 0, 0, 182, 1, 0, 178, 9, 226]
1546589744838;[171, 0, 17, 255, 161, 72, 70, 211, 25, 0, 0, 77, 0, 0, 172, 1, 0, 174, 9, 196]
1546589744842;[171, 0, 17, 255, 161, 72, 70, 211, 25, 0, 0, 101, 0, 0, 182, 1, 0, 176, 9, 188]
1546589745006;[171, 0, 17, 255, 161, 72, 70, 211, 25, 0, 0, 74, 0, 0, 168, 1, 0, 174, 9, 190]
1546589745009;[171, 0, 4, 255, 132, 128, 82]
1546589745178;[171, 0, 17, 255, 161, 72, 70, 211, 25, 0, 0, 96, 0, 0, 183, 1, 0, 175, 9, 194]
1546589745351;[171, 0, 17, 255, 161, 72, 70, 211, 25, 0, 0, 105, 0, 0, 177, 1, 0, 177, 9, 184]
1546589745355;[171, 0, 17, 255, 161, 72, 70, 211, 25, 0, 0, 85, 0, 0, 173, 1, 0, 167, 9, 166]
1546589745523;[171, 0, 17, 255, 161, 72, 70, 211, 25, 0, 0, 93, 0, 0, 176, 1, 0, 174, 9, 140]
1546589745528;[171, 0, 17, 255, 161, 72, 70, 211, 26, 0, 0, 93, 0, 0, 175, 1, 0, 167, 9, 118]
1546589745696;[171, 0, 17, 255, 161, 72, 70, 211, 26, 0, 0, 111, 0, 0, 178, 1, 0, 167, 9, 92]
1546589745701;[171, 0, 17, 255, 161, 72, 70, 211, 26, 0, 0, 70, 0, 0, 169, 1, 0, 163, 9, 49]
1546589746043;[171, 0, 17, 255, 161, 72, 70, 211, 26, 0, 0, 106, 0, 0, 187, 1, 0, 174, 9, 57]
1546589746047;[171, 0, 17, 255, 161, 72, 70, 211, 26, 0, 0, 72, 0, 0, 168, 1, 0, 162, 9, 7]
1546589746050;[171, 0, 17, 255, 161, 72, 70, 211, 26, 0, 0, 110, 0, 0, 185, 1, 0, 168, 8, 234]
1546589746213;[171, 0, 4, 255, 132, 128, 82]
1546589746217;[171, 0, 17, 255, 161, 72, 70, 211, 26, 0, 0, 71, 0, 0, 170, 1, 0, 165, 8, 188]
1546589746385;[171, 0, 17, 255, 161, 72, 70, 211, 26, 0, 0, 108, 0, 0, 183, 1, 0, 175, 8, 162]
1546589746558;[171, 0, 17, 255, 161, 72, 70, 211, 26, 0, 0, 98, 0, 0, 178, 1, 0, 172, 8, 111]
1546589746562;[171, 0, 17, 255, 161, 72, 70, 211, 26, 0, 0, 110, 0, 0, 181, 1, 0, 179, 8, 84]
1546589746731;[171, 0, 17, 255, 161, 72, 70, 211, 27, 0, 0, 91, 0, 0, 173, 1, 0, 175, 8, 74]
1546589746735;[171, 0, 17, 255, 161, 72, 70, 211, 27, 0, 0, 101, 0, 0, 178, 1, 0, 170, 8, 64]
1546589746903;[171, 0, 17, 255, 161, 72, 70, 211, 27, 0, 0, 113, 0, 0, 179, 1, 0, 167, 8, 40]
1546589746907;[171, 0, 17, 255, 161, 72, 70, 211, 27, 0, 0, 85, 0, 0, 173, 1, 0, 163, 8, 22]
1546589747076;[171, 0, 17, 255, 161, 72, 70, 211, 27, 0, 0, 114, 0, 0, 176, 1, 0, 169, 7, 251]
1546589747423;[171, 0, 17, 255, 161, 72, 70, 211, 27, 0, 0, 88, 0, 0, 173, 1, 0, 166, 7, 232]
1546589747427;[171, 0, 4, 255, 132, 128, 82]
1546589747431;[171, 0, 17, 255, 161, 72, 70, 211, 27, 0, 0, 114, 0, 0, 183, 1, 0, 165, 7, 215]
1546589747435;[171, 0, 17, 255, 161, 72, 70, 211, 27, 0, 0, 65, 0, 0, 168, 1, 0, 163, 7, 189]
1546589747593;[171, 0, 17, 255, 161, 72, 70, 211, 27, 0, 0, 104, 0, 0, 189, 1, 0, 173, 7, 188]
1546589747597;[171, 0, 17, 255, 161, 72, 70, 211, 27, 0, 0, 71, 0, 0, 167, 1, 0, 162, 7, 160]
1546589747766;[171, 0, 17, 255, 161, 72, 70, 211, 28, 0, 0, 108, 0, 0, 188, 1, 0, 172, 7, 158]
1546589747939;[171, 0, 17, 255, 161, 72, 70, 211, 28, 0, 0, 71, 0, 0, 170, 1, 0, 169, 7, 129]
1546589747943;[171, 0, 17, 255, 161, 72, 70, 211, 28, 0, 0, 101, 0, 0, 185, 1, 0, 176, 7, 112]
1546589748114;[171, 0, 17, 255, 161, 72, 70, 211, 28, 0, 0, 95, 0, 0, 176, 1, 0, 175, 7, 79]
1546589748121;[171, 0, 17, 255, 161, 72, 70, 211, 28, 0, 0, 101, 0, 0, 181, 1, 0, 175, 7, 70]
1546589748629;[171, 0, 17, 255, 161, 72, 70, 211, 30, 0, 0, 101, 0, 0, 189, 1, 0, 175, 6, 146]
1546589748633;[171, 0, 17, 255, 161, 72, 70, 211, 30, 0, 0, 104, 0, 0, 181, 1, 0, 169, 6, 145]
1546589748637;[171, 0, 17, 255, 161, 72, 70, 211, 30, 0, 0, 85, 0, 0, 178, 1, 0, 167, 6, 144]
1546589748641;[171, 0, 17, 255, 161, 72, 70, 211, 30, 0, 0, 99, 0, 0, 177, 1, 0, 175, 6, 157]
1546589748800;[171, 0, 17, 255, 161, 72, 70, 211, 31, 0, 0, 91, 0, 0, 182, 1, 0, 165, 6, 148]
1546589748973;[171, 0, 17, 255, 161, 72, 70, 211, 31, 0, 0, 120, 0, 0, 186, 1, 0, 158, 6, 152]
1546589749145;[171, 0, 17, 255, 161, 72, 70, 211, 31, 0, 0, 57, 0, 0, 170, 1, 0, 158, 6, 159]
1546589749149;[171, 0, 17, 255, 161, 72, 70, 211, 31, 0, 0, 109, 0, 0, 188, 1, 0, 175, 6, 175]
1546589749318;[171, 0, 17, 255, 161, 72, 70, 211, 31, 0, 0, 64, 0, 0, 170, 1, 0, 158, 6, 178]
1546589749322;[171, 0, 17, 255, 161, 72, 70, 211, 31, 0, 0, 101, 0, 0, 191, 1, 0, 172, 6, 191]
1546589749490;[171, 0, 4, 255, 132, 128, 82]
1546589749494;[171, 0, 17, 255, 161, 72, 70, 211, 31, 0, 0, 74, 0, 0, 173, 1, 0, 165, 6, 191]
1546589749663;[171, 0, 17, 255, 161, 72, 70, 211, 31, 0, 0, 101, 0, 0, 188, 1, 0, 172, 6, 181]
1546589750010;[171, 0, 17, 255, 161, 72, 70, 211, 31, 0, 0, 109, 0, 0, 178, 1, 0, 172, 6, 183]
1546589750014;[171, 0, 17, 255, 161, 72, 70, 211, 31, 0, 0, 99, 0, 0, 184, 1, 0, 174, 6, 191]
1546589750018;[171, 0, 17, 255, 161, 72, 70, 211, 32, 0, 0, 105, 0, 0, 179, 1, 0, 171, 6, 204]
1546589750022;[171, 0, 17, 255, 161, 72, 70, 211, 32, 0, 0, 85, 0, 0, 179, 1, 0, 159, 6, 213]
1546589750180;[171, 0, 17, 255, 161, 72, 70, 211, 32, 0, 0, 118, 0, 0, 190, 1, 0, 163, 6, 221]
1546589750353;[171, 0, 17, 255, 161, 72, 70, 211, 32, 0, 0, 62, 0, 0, 170, 1, 0, 151, 6, 203]
1546589750357;[171, 0, 17, 255, 161, 72, 70, 211, 32, 0, 0, 111, 0, 0, 192, 1, 0, 170, 6, 210]
1546589750528;[171, 0, 17, 255, 161, 72, 70, 211, 32, 0, 0, 59, 0, 0, 169, 1, 0, 161, 6, 188]
1546589750530;[171, 0, 4, 255, 132, 128, 82]
1546589750699;[171, 0, 17, 255, 161, 72, 70, 211, 32, 0, 0, 106, 0, 0, 188, 1, 0, 169, 6, 195]
1546589750703;[171, 0, 17, 255, 161, 72, 70, 211, 32, 0, 0, 71, 0, 0, 172, 1, 0, 169, 6, 189]
1546589750870;[171, 0, 17, 255, 161, 72, 70, 211, 32, 0, 0, 102, 0, 0, 188, 1, 0, 171, 6, 194]
1546589751217;[171, 0, 17, 255, 161, 72, 70, 211, 32, 0, 0, 101, 0, 0, 182, 1, 0, 171, 6, 183]
1546589751221;[171, 0, 17, 255, 161, 72, 70, 211, 33, 0, 0, 99, 0, 0, 182, 1, 0, 169, 6, 184]
1546589751226;[171, 0, 17, 255, 161, 72, 70, 211, 33, 0, 0, 91, 0, 0, 176, 1, 0, 169, 6, 171]
1546589751230;[171, 0, 17, 255, 161, 72, 70, 211, 33, 0, 0, 86, 0, 0, 181, 1, 0, 163, 6, 164]
1546589751389;[171, 0, 17, 255, 161, 72, 70, 211, 33, 0, 0, 103, 0, 0, 183, 1, 0, 167, 6, 158]
1546589751393;[171, 0, 17, 255, 161, 72, 70, 211, 33, 0, 0, 83, 0, 0, 176, 1, 0, 165, 6, 151]
1546589751560;[171, 0, 17, 255, 161, 72, 70, 211, 33, 0, 0, 108, 0, 0, 183, 1, 0, 164, 6, 141]
1546589751733;[171, 0, 4, 255, 132, 128, 82]
1546589751736;[171, 0, 17, 255, 161, 72, 70, 211, 33, 0, 0, 71, 0, 0, 172, 1, 0, 158, 6, 131]
1546589751906;[171, 0, 17, 255, 161, 72, 70, 211, 33, 0, 0, 113, 0, 0, 192, 1, 0, 171, 6, 127]
1546589751910;[171, 0, 17, 255, 161, 72, 70, 211, 33, 0, 0, 72, 0, 0, 167, 1, 0, 163, 6, 109]
1546589752078;[171, 0, 17, 255, 161, 72, 70, 211, 33, 0, 0, 101, 0, 0, 185, 1, 0, 173, 6, 93]
1546589752599;[171, 0, 17, 255, 161, 72, 70, 211, 34, 0, 0, 81, 0, 0, 163, 1, 0, 169, 6, 70]
1546589752603;[171, 0, 17, 255, 161, 72, 70, 211, 34, 0, 0, 104, 0, 0, 190, 1, 0, 177, 6, 75]
1546589752607;[171, 0, 17, 255, 161, 72, 70, 211, 34, 0, 0, 108, 0, 0, 175, 1, 0, 173, 6, 54]
1546589752611;[171, 0, 17, 255, 161, 72, 70, 211, 34, 0, 0, 102, 0, 0, 185, 1, 0, 173, 6, 47]
1546589752770;[171, 0, 17, 255, 161, 72, 70, 211, 34, 0, 0, 121, 0, 0, 196, 1, 0, 185, 6, 13]
1546589752774;[171, 0, 17, 255, 161, 72, 70, 211, 34, 0, 0, 13, 0, 0, 175, 1, 1, 36, 5, 212]
1546589752778;[171, 0, 4, 255, 132, 128, 82]
1546589752943;[171, 0, 17, 255, 161, 72, 70, 211, 34, 0, 0, 66, 0, 0, 84, 1, 1, 22, 5, 58]
1546589752947;[171, 0, 17, 255, 161, 72, 70, 211, 34, 0, 0, 106, 1, 0, 2, 1, 0, 199, 5, 5]
1546589753114;[171, 0, 17, 255, 161, 72, 70, 211, 34, 0, 0, 78, 1, 0, 81, 1, 0, 226, 4, 199]
1546589753118;[171, 0, 17, 255, 161, 72, 70, 211, 34, 0, 0, 116, 1, 0, 71, 1, 0, 192, 4, 121]
1546589753285;[171, 0, 17, 255, 161, 72, 70, 211, 35, 0, 0, 113, 1, 0, 27, 1, 0, 164, 4, 42]
1546589753460;[171, 0, 17, 255, 161, 72, 70, 211, 35, 0, 0, 134, 0, 0, 12, 1, 0, 191, 3, 190]
1546589753464;[171, 0, 17, 255, 161, 72, 70, 211, 35, 0, 0, 116, 1, 0, 12, 1, 0, 228, 3, 106]
1546589753804;[171, 0, 17, 255, 161, 72, 70, 211, 35, 0, 0, 106, 1, 0, 20, 1, 0, 223, 3, 24]
1546589753808;[171, 0, 17, 255, 161, 72, 70, 211, 35, 0, 0, 124, 1, 0, 38, 1, 0, 224, 2, 246]
1546589753812;[171, 0, 17, 255, 161, 72, 70, 211, 35, 0, 0, 135, 1, 0, 15, 1, 0, 237, 2, 235]
1546589753817;[171, 0, 4, 255, 132, 128, 82]
1546589753975;[171, 0, 17, 255, 161, 72, 70, 211, 35, 0, 0, 139, 1, 0, 16, 1, 0, 216, 2, 168]
1546589754148;[171, 0, 17, 255, 161, 72, 70, 211, 35, 0, 0, 168, 0, 0, 48, 1, 0, 194, 2, 107]
1546589754152;[171, 0, 17, 255, 161, 72, 70, 211, 35, 0, 0, 138, 0, 0, 25, 1, 0, 183, 2, 63]
1546589754320;[171, 0, 17, 255, 161, 72, 70, 211, 35, 0, 0, 141, 1, 0, 29, 1, 0, 154, 2, 4]
1546589754324;[171, 0, 17, 255, 161, 72, 70, 211, 36, 0, 0, 103, 1, 0, 119, 1, 0, 163, 1, 229]
1546589754492;[171, 0, 17, 255, 161, 72, 70, 211, 36, 0, 0, 151, 1, 0, 77, 1, 0, 145, 1, 240]
1546589754496;[171, 0, 17, 255, 161, 72, 70, 211, 36, 0, 1, 17, 1, 0, 19, 1, 0, 168, 1, 189]
1546589754666;[171, 0, 17, 255, 161, 72, 70, 211, 36, 0, 0, 212, 0, 0, 74, 1, 0, 194, 16, 189]
1546589755012;[171, 0, 17, 255, 161, 72, 70, 211, 36, 0, 1, 35, 0, 0, 68, 1, 0, 124, 6, 249]
1546589755016;[171, 0, 17, 255, 161, 72, 70, 211, 36, 0, 0, 215, 0, 0, 73, 1, 0, 134, 5, 243]
1546589755020;[171, 0, 4, 255, 132, 128, 82]
1546589755024;[171, 0, 17, 255, 161, 72, 70, 211, 36, 0, 0, 219, 0, 0, 96, 1, 0, 38, 5, 243]
1546589755184;[171, 0, 17, 255, 161, 72, 70, 211, 36, 0, 0, 238, 0, 0, 120, 1, 0, 84, 5, 243]
1546589755355;[171, 0, 17, 255, 161, 72, 70, 211, 36, 0, 0, 182, 0, 0, 141, 1, 0, 56, 5, 202]
1546589755360;[171, 0, 17, 255, 161, 72, 70, 211, 36, 0, 0, 227, 0, 0, 166, 1, 0, 37, 6, 3]
1546589755527;[171, 0, 17, 255, 161, 72, 70, 211, 37, 0, 0, 226, 0, 0, 169, 0, 0, 12, 6, 104]
1546589755535;[171, 0, 17, 255, 161, 72, 70, 211, 37, 0, 0, 145, 0, 0, 146, 1, 0, 63, 6, 174]
1546589755702;[171, 0, 17, 255, 161, 72, 70, 211, 37, 0, 0, 210, 0, 0, 179, 1, 0, 56, 6, 188]
1546589755705;[171, 0, 17, 255, 161, 72, 70, 211, 37, 0, 0, 204, 0, 0, 156, 1, 0, 29, 6, 34]
1546589755873;[171, 0, 17, 255, 161, 72, 70, 211, 37, 0, 0, 198, 0, 0, 172, 1, 0, 29, 6, 5]
1546589756045;[171, 0, 17, 255, 161, 72, 70, 211, 37, 0, 0, 194, 0, 0, 176, 0, 0, 6, 5, 238]
1546589756049;[171, 0, 4, 255, 132, 128, 83]
1546589756392;[171, 0, 17, 255, 161, 72, 70, 211, 37, 0, 0, 178, 0, 0, 185, 1, 0, 9, 6, 9]
1546589756396;[171, 0, 17, 255, 161, 72, 70, 211, 37, 0, 0, 211, 0, 0, 169, 0, 0, 12, 6, 49]
1546589756400;[171, 0, 17, 255, 161, 72, 70, 211, 37, 0, 0, 189, 0, 0, 174, 0, 0, 1, 6, 48]
1546589756404;[171, 0, 17, 255, 161, 72, 70, 211, 37, 0, 0, 197, 0, 0, 172, 0, 0, 7, 6, 58]
1546589756562;[171, 0, 17, 255, 161, 72, 70, 211, 38, 0, 0, 198, 0, 0, 172, 0, 0, 5, 6, 78]
1546589756736;[171, 0, 17, 255, 161, 72, 70, 211, 38, 0, 0, 203, 0, 0, 170, 0, 0, 6, 6, 111]
1546589756908;[171, 0, 17, 255, 161, 72, 70, 211, 38, 0, 0, 197, 0, 0, 168, 0, 0, 4, 6, 131]
1546589756912;[171, 0, 17, 255, 161, 72, 70, 211, 38, 0, 0, 196, 0, 0, 169, 0, 0, 4, 6, 164]
1546589756917;[171, 0, 17, 255, 161, 72, 70, 211, 38, 0, 0, 197, 0, 0, 172, 0, 0, 7, 6, 189]
1546589757081;[171, 0, 17, 255, 161, 72, 70, 211, 38, 0, 0, 196, 0, 0, 170, 0, 0, 5, 6, 218]
1546589757253;[171, 0, 4, 255, 132, 128, 84]
1546589757257;[171, 0, 17, 255, 161, 72, 70, 211, 38, 0, 0, 194, 0, 0, 175, 0, 0, 6, 6, 246]
1546589757600;[171, 0, 17, 255, 161, 72, 70, 211, 38, 0, 0, 196, 0, 0, 172, 0, 0, 5, 7, 44]
1546589757604;[171, 0, 17, 255, 161, 72, 70, 211, 38, 0, 0, 196, 0, 0, 169, 0, 0, 1, 7, 89]
1546589757608;[171, 0, 17, 255, 161, 72, 70, 211, 38, 0, 0, 197, 0, 0, 170, 0, 0, 5, 7, 127]
1546589757613;[171, 0, 17, 255, 161, 72, 70, 211, 39, 0, 0, 198, 0, 0, 170, 0, 0, 4, 7, 168]
1546589757770;[171, 0, 17, 255, 161, 72, 70, 211, 39, 0, 0, 196, 0, 0, 169, 0, 0, 1, 7, 198]
1546589757943;[171, 0, 17, 255, 161, 72, 70, 211, 39, 0, 0, 196, 0, 0, 171, 0, 0, 3, 7, 237]
1546589757947;[171, 0, 17, 255, 161, 72, 70, 211, 39, 0, 0, 197, 0, 0, 170, 0, 0, 4, 8, 6]
1546589758116;[171, 0, 17, 255, 161, 72, 70, 211, 39, 0, 0, 197, 0, 0, 169, 1, 0, 1, 8, 81]
1546589758120;[171, 0, 17, 255, 161, 72, 70, 211, 39, 0, 0, 197, 0, 0, 172, 0, 0, 1, 8, 145]
1546589758288;[171, 0, 4, 255, 132, 128, 83]
1546589758292;[171, 0, 17, 255, 161, 72, 70, 211, 39, 0, 0, 206, 0, 0, 176, 0, 0, 11, 8, 187]
1546589758461;[171, 0, 17, 255, 161, 72, 70, 211, 39, 0, 0, 183, 0, 0, 168, 1, 0, 2, 8, 237]
1546589758980;[171, 0, 17, 255, 161, 72, 70, 211, 39, 0, 0, 196, 0, 0, 169, 0, 0, 5, 9, 29]
1546589758984;[171, 0, 17, 255, 161, 72, 70, 211, 39, 0, 0, 208, 0, 0, 171, 0, 0, 11, 9, 58]
1546589758988;[171, 0, 17, 255, 161, 72, 70, 211, 40, 0, 0, 202, 0, 0, 169, 1, 0, 5, 9, 97]
1546589758992;[171, 0, 17, 255, 161, 72, 70, 211, 40, 0, 0, 191, 0, 0, 175, 0, 0, 1, 9, 165]
1546589759151;[171, 0, 17, 255, 161, 72, 70, 211, 40, 0, 0, 196, 0, 0, 167, 0, 0, 5, 9, 242]
1546589759156;[171, 0, 17, 255, 161, 72, 70, 211, 40, 0, 0, 196, 0, 0, 169, 0, 0, 3, 10, 40]
1546589759159;[171, 0, 17, 255, 161, 72, 70, 211, 40, 0, 0, 196, 0, 0, 172, 0, 0, 1, 10, 87]
1546589759324;[171, 0, 17, 255, 161, 72, 70, 211, 40, 0, 0, 187, 0, 0, 174, 0, 0, 1, 10, 111]
1546589759327;[171, 0, 4, 255, 132, 128, 83]
1546589759494;[171, 0, 17, 255, 161, 72, 70, 211, 40, 0, 0, 196, 0, 0, 172, 1, 0, 1, 10, 142]
1546589759498;[171, 0, 17, 255, 161, 72, 70, 211, 40, 0, 0, 196, 0, 0, 170, 0, 0, 3, 10, 162]
1546589759668;[171, 0, 17, 255, 161, 72, 70, 211, 40, 0, 0, 200, 0, 0, 172, 0, 0, 8, 10, 166]
1546589759858;[171, 0, 17, 255, 161, 72, 70, 211, 40, 0, 0, 186, 0, 0, 167, 0, 0, 1, 10, 189]
1546589759860;[171, 0, 17, 255, 161, 72, 70, 211, 41, 0, 0, 200, 0, 0, 172, 1, 0, 1, 10, 247]
1546589760188;[171, 0, 17, 255, 161, 72, 70, 211, 41, 0, 0, 183, 0, 0, 165, 1, 0, 8, 11, 31]
1546589760192;[171, 0, 17, 255, 161, 72, 70, 211, 41, 0, 0, 207, 0, 0, 167, 0, 0, 6, 11, 61]
1546589760196;[171, 0, 17, 255, 161, 72, 70, 211, 41, 0, 0, 212, 0, 0, 169, 0, 0, 14, 11, 76]
1546589760200;[171, 0, 17, 255, 161, 72, 70, 211, 41, 0, 0, 188, 0, 0, 163, 1, 0, 11, 11, 100]
1546589760358;[171, 0, 17, 255, 161, 72, 70, 211, 41, 0, 0, 204, 0, 0, 175, 0, 0, 7, 11, 102]
1546589760530;[171, 0, 4, 255, 132, 128, 84]
1546589760538;[171, 0, 17, 255, 161, 72, 70, 211, 41, 0, 0, 179, 0, 0, 164, 1, 0, 14, 11, 109]
1546589760877;[171, 0, 17, 255, 161, 72, 70, 211, 41, 0, 0, 214, 0, 0, 173, 0, 0, 7, 11, 99]
1546589760881;[171, 0, 17, 255, 161, 72, 70, 211, 41, 0, 0, 191, 0, 0, 167, 0, 0, 4, 11, 120]
1546589760885;[171, 0, 17, 255, 161, 72, 70, 211, 41, 0, 0, 201, 0, 0, 160, 1, 0, 1, 11, 172]
1546589761048;[171, 0, 17, 255, 161, 72, 70, 211, 42, 0, 0, 207, 0, 0, 172, 0, 0, 24, 11, 184]
1546589761052;[171, 0, 17, 255, 161, 72, 70, 211, 42, 0, 0, 199, 0, 0, 165, 1, 0, 8, 11, 198]
1546589761400;[171, 0, 17, 255, 161, 72, 70, 211, 42, 0, 0, 214, 0, 0, 175, 0, 0, 17, 11, 204]
1546589761402;[171, 0, 17, 255, 161, 72, 70, 211, 42, 0, 0, 177, 0, 0, 158, 1, 0, 21, 11, 200]
1546589761405;[171, 0, 17, 255, 161, 72, 70, 211, 42, 0, 0, 218, 0, 0, 169, 0, 0, 8, 11, 194]
1546589761408;[171, 0, 17, 255, 161, 72, 70, 211, 42, 0, 0, 188, 0, 0, 167, 0, 0, 2, 11, 182]
1546589761565;[171, 0, 4, 255, 132, 128, 85]
1546589761737;[171, 0, 17, 255, 161, 72, 70, 211, 42, 0, 0, 213, 0, 0, 172, 0, 0, 7, 11, 174]
1546589761742;[171, 0, 17, 255, 161, 72, 70, 211, 42, 0, 0, 200, 0, 0, 161, 0, 0, 6, 11, 189]
1546589761912;[171, 0, 17, 255, 161, 72, 70, 211, 42, 0, 0, 197, 0, 0, 163, 1, 0, 8, 11, 209]
1546589761916;[171, 0, 17, 255, 161, 72, 70, 211, 42, 0, 0, 221, 0, 0, 172, 0, 0, 31, 11, 223]
1546589762083;[171, 0, 17, 255, 161, 72, 70, 211, 43, 0, 0, 182, 0, 0, 164, 1, 0, 29, 11, 225]
1546589762256;[171, 0, 17, 255, 161, 72, 70, 211, 43, 0, 0, 209, 0, 0, 176, 0, 0, 27, 11, 229]
1546589762260;[171, 0, 17, 255, 161, 72, 70, 211, 43, 0, 0, 181, 0, 0, 160, 1, 0, 30, 11, 215]
1546589762429;[171, 0, 17, 255, 161, 72, 70, 211, 43, 0, 0, 214, 0, 0, 173, 0, 0, 7, 11, 220]
1546589762433;[171, 0, 17, 255, 161, 72, 70, 211, 43, 0, 0, 190, 0, 0, 160, 1, 0, 7, 11, 202]
1546589762774;[171, 0, 17, 255, 161, 72, 70, 211, 43, 0, 0, 201, 0, 0, 163, 1, 0, 4, 11, 210]
1546589762777;[171, 0, 4, 255, 132, 128, 85]
1546589762782;[171, 0, 17, 255, 161, 72, 70, 211, 43, 0, 0, 194, 0, 0, 163, 0, 0, 4, 11, 228]
1546589762946;[171, 0, 17, 255, 161, 72, 70, 211, 43, 0, 0, 200, 0, 0, 163, 1, 0, 8, 11, 228]
1546589762950;[171, 0, 17, 255, 161, 72, 70, 211, 43, 0, 0, 221, 0, 0, 172, 0, 0, 26, 11, 221]
1546589763118;[171, 0, 17, 255, 161, 72, 70, 211, 43, 0, 0, 183, 0, 0, 156, 1, 0, 27, 11, 208]
1546589763122;[171, 0, 17, 255, 161, 72, 70, 211, 44, 0, 0, 221, 0, 0, 169, 0, 0, 6, 11, 199]
1546589763290;[171, 0, 17, 255, 161, 72, 70, 211, 44, 0, 0, 185, 0, 0, 157, 1, 0, 25, 11, 190]
1546589763294;[171, 0, 17, 255, 161, 72, 70, 211, 44, 0, 0, 215, 0, 0, 172, 0, 0, 6, 11, 177]
1546589763465;[171, 0, 17, 255, 161, 72, 70, 211, 44, 0, 0, 185, 0, 0, 161, 1, 0, 6, 11, 165]
1546589763638;[171, 0, 17, 255, 161, 72, 70, 211, 44, 0, 0, 206, 0, 0, 160, 1, 0, 6, 11, 189]
1546589763646;[171, 0, 17, 255, 161, 72, 70, 211, 44, 0, 0, 217, 0, 0, 163, 0, 0, 23, 11, 179]
1546589763981;[171, 0, 4, 255, 132, 128, 84]
1546589763986;[171, 0, 17, 255, 161, 72, 70, 211, 44, 0, 0, 208, 0, 0, 157, 1, 0, 14, 11, 176]
1546589763990;[171, 0, 17, 255, 161, 72, 70, 211, 44, 0, 0, 218, 0, 0, 167, 0, 0, 28, 11, 176]
1546589764153;[171, 0, 17, 255, 161, 72, 70, 211, 44, 0, 0, 189, 0, 0, 160, 1, 0, 28, 11, 161]
1546589764157;[171, 0, 17, 255, 161, 72, 70, 211, 44, 0, 0, 214, 0, 0, 170, 0, 0, 8, 11, 161]
1546589764326;[171, 0, 17, 255, 161, 72, 70, 211, 45, 0, 0, 173, 0, 0, 163, 1, 0, 27, 11, 142]
1546589764330;[171, 0, 17, 255, 161, 72, 70, 211, 45, 0, 0, 215, 0, 0, 175, 0, 0, 8, 11, 136]
1546589764497;[171, 0, 17, 255, 161, 72, 70, 211, 45, 0, 0, 183, 0, 0, 160, 1, 0, 17, 11, 142]
1546589764500;[171, 0, 17, 255, 161, 72, 70, 211, 45, 0, 0, 211, 0, 0, 165, 1, 0, 2, 11, 157]
1546589764671;[171, 0, 17, 255, 161, 72, 70, 211, 45, 0, 0, 208, 0, 0, 162, 0, 0, 15, 11, 145]
1546589764843;[171, 0, 17, 255, 161, 72, 70, 211, 45, 0, 0, 200, 0, 0, 160, 1, 0, 18, 11, 153]
1546589764847;[171, 0, 4, 255, 132, 128, 83]
1546589765016;[171, 0, 17, 255, 161, 72, 70, 211, 45, 0, 0, 211, 0, 0, 163, 0, 0, 13, 11, 145]
1546589765020;[171, 0, 17, 255, 161, 72, 70, 211, 45, 0, 0, 197, 0, 0, 167, 1, 0, 17, 11, 138]
1546589765362;[171, 0, 17, 255, 161, 72, 70, 211, 45, 0, 0, 208, 0, 0, 175, 0, 0, 15, 11, 124]
1546589765366;[171, 0, 17, 255, 161, 72, 70, 211, 45, 0, 0, 181, 0, 0, 163, 1, 0, 27, 11, 112]
1546589765370;[171, 0, 17, 255, 161, 72, 70, 211, 46, 0, 0, 213, 0, 0, 169, 0, 0, 1, 11, 118]
1546589765534;[171, 0, 17, 255, 161, 72, 70, 211, 46, 0, 0, 167, 0, 0, 165, 1, 0, 23, 11, 132]
1546589765538;[171, 0, 17, 255, 161, 72, 70, 211, 46, 0, 0, 211, 0, 0, 171, 0, 0, 2, 11, 146]
1546589765705;[171, 0, 17, 255, 161, 72, 70, 211, 46, 0, 0, 195, 0, 0, 165, 0, 0, 4, 11, 141]
1546589765709;[171, 0, 17, 255, 161, 72, 70, 211, 46, 0, 0, 202, 0, 0, 159, 1, 0, 7, 11, 147]
1546589765879;[171, 0, 17, 255, 161, 72, 70, 211, 46, 0, 0, 212, 0, 0, 173, 0, 0, 20, 11, 143]
1546589766051;[171, 0, 4, 255, 132, 128, 82]
1546589766055;[171, 0, 17, 255, 161, 72, 70, 211, 46, 0, 0, 201, 0, 0, 163, 1, 0, 13, 11, 146]
1546589766223;[171, 0, 17, 255, 161, 72, 70, 211, 46, 0, 0, 217, 0, 0, 169, 0, 0, 24, 11, 145]
1546589766227;[171, 0, 17, 255, 161, 72, 70, 211, 46, 0, 0, 191, 0, 0, 159, 1, 0, 22, 11, 160]
1546589766568;[171, 0, 17, 255, 161, 72, 70, 211, 46, 0, 0, 211, 0, 0, 176, 0, 0, 6, 11, 173]
1546589766572;[171, 0, 17, 255, 161, 72, 70, 211, 47, 0, 0, 175, 0, 0, 158, 1, 0, 18, 11, 179]
1546589766576;[171, 0, 17, 255, 161, 72, 70, 211, 47, 0, 0, 209, 0, 0, 173, 0, 0, 1, 11, 180]
1546589766741;[171, 0, 17, 255, 161, 72, 70, 211, 47, 0, 0, 190, 0, 0, 160, 0, 0, 1, 11, 187]
1546589766744;[171, 0, 17, 255, 161, 72, 70, 211, 47, 0, 0, 206, 0, 0, 163, 0, 0, 4, 11, 191]
1546589766912;[171, 0, 17, 255, 161, 72, 70, 211, 47, 0, 0, 204, 0, 0, 170, 0, 0, 10, 11, 178]
1546589766915;[171, 0, 17, 255, 161, 72, 70, 211, 47, 0, 0, 190, 0, 0, 157, 1, 0, 18, 11, 176]
1546589767086;[171, 0, 4, 255, 132, 128, 81]
1546589767091;[171, 0, 17, 255, 161, 72, 70, 211, 47, 0, 0, 211, 0, 0, 169, 0, 0, 14, 11, 195]
1546589767258;[171, 0, 17, 255, 161, 72, 70, 211, 47, 0, 0, 190, 0, 0, 160, 1, 0, 19, 11, 208]
1546589767430;[171, 0, 17, 255, 161, 72, 70, 211, 47, 0, 0, 211, 0, 0, 170, 0, 0, 10, 11, 222]
1546589767434;[171, 0, 17, 255, 161, 72, 70, 211, 47, 0, 0, 183, 0, 0, 157, 1, 0, 18, 11, 229]
1546589767950;[171, 0, 17, 255, 161, 72, 70, 211, 48, 0, 0, 214, 0, 0, 165, 0, 0, 3, 11, 235]
1546589767954;[171, 0, 17, 255, 161, 72, 70, 211, 48, 0, 0, 183, 0, 0, 163, 1, 0, 18, 11, 236]
1546589767958;[171, 0, 17, 255, 161, 72, 70, 211, 48, 0, 0, 211, 0, 0, 165, 0, 0, 4, 11, 231]
1546589767962;[171, 0, 17, 255, 161, 72, 70, 211, 48, 0, 0, 211, 0, 0, 160, 0, 0, 9, 11, 254]
1546589768123;[171, 0, 17, 255, 161, 72, 70, 211, 48, 0, 0, 198, 0, 0, 163, 1, 0, 14, 12, 11]
1546589768127;[171, 0, 17, 255, 161, 72, 70, 211, 48, 0, 0, 215, 0, 0, 169, 0, 0, 12, 12, 25]
1546589768130;[171, 0, 4, 255, 132, 128, 80]
1546589768293;[171, 0, 17, 255, 161, 72, 70, 211, 48, 0, 0, 199, 0, 0, 165, 1, 0, 26, 12, 31]
1546589768297;[171, 0, 17, 255, 161, 72, 70, 211, 48, 0, 0, 211, 0, 0, 173, 0, 0, 8, 12, 38]
1546589768466;[171, 0, 17, 255, 161, 72, 70, 211, 48, 0, 0, 177, 0, 0, 160, 1, 0, 21, 12, 38]
1546589768638;[171, 0, 17, 255, 161, 72, 70, 211, 48, 0, 0, 211, 0, 0, 169, 1, 0, 1, 12, 38]
1546589768642;[171, 0, 17, 255, 161, 72, 70, 211, 49, 0, 0, 199, 0, 0, 169, 0, 0, 1, 12, 47]
1546589768811;[171, 0, 17, 255, 161, 72, 70, 211, 49, 0, 0, 201, 0, 0, 157, 1, 0, 9, 12, 75]
1546589768816;[171, 0, 17, 255, 161, 72, 70, 211, 49, 0, 0, 204, 0, 0, 167, 0, 0, 8, 12, 85]
1546589769156;[171, 0, 17, 255, 161, 72, 70, 211, 49, 0, 0, 200, 0, 0, 160, 1, 0, 10, 12, 90]
1546589769162;[171, 0, 17, 255, 161, 72, 70, 211, 49, 0, 0, 206, 0, 0, 175, 0, 0, 11, 12, 103]
1546589769166;[171, 0, 17, 255, 161, 72, 70, 211, 49, 0, 0, 182, 0, 0, 163, 1, 0, 24, 12, 100]
1546589769328;[171, 0, 4, 255, 132, 128, 79]
1546589769332;[171, 0, 17, 255, 161, 72, 70, 211, 49, 0, 0, 210, 0, 0, 173, 0, 0, 4, 12, 105]
1546589769500;[171, 0, 17, 255, 161, 72, 70, 211, 49, 0, 0, 179, 0, 0, 164, 1, 0, 22, 12, 99]
1546589769503;[171, 0, 17, 255, 161, 72, 70, 211, 49, 0, 0, 214, 0, 0, 171, 0, 0, 1, 12, 118]
1546589769674;[171, 0, 17, 255, 161, 72, 70, 211, 49, 0, 0, 190, 0, 0, 169, 1, 0, 6, 12, 129]
1546589769846;[171, 0, 17, 255, 161, 72, 70, 211, 50, 0, 0, 201, 0, 0, 163, 1, 0, 4, 12, 126]
1546589769850;[171, 0, 17, 255, 161, 72, 70, 211, 50, 0, 0, 212, 0, 0, 173, 0, 0, 13, 12, 124]
1546589770019;[171, 0, 17, 255, 161, 72, 70, 211, 50, 0, 0, 200, 0, 0, 160, 1, 0, 8, 12, 122]
1546589770022;[171, 0, 17, 255, 161, 72, 70, 211, 50, 0, 0, 212, 0, 0, 172, 0, 0, 22, 12, 111]
1546589770364;[171, 0, 17, 255, 161, 72, 70, 211, 50, 0, 0, 188, 0, 0, 160, 1, 0, 21, 12, 109]
1546589770368;[171, 0, 17, 255, 161, 72, 70, 211, 52, 0, 0, 173, 0, 0, 160, 1, 0, 21, 12, 32]
1546589770536;[171, 0, 17, 255, 161, 72, 70, 211, 52, 0, 0, 212, 0, 0, 173, 0, 0, 8, 12, 28]
1546589770539;[171, 0, 17, 255, 161, 72, 70, 211, 52, 0, 0, 178, 0, 0, 160, 1, 0, 18, 12, 41]
1546589770709;[171, 0, 17, 255, 161, 72, 70, 211, 52, 0, 0, 211, 0, 0, 167, 0, 0, 7, 12, 32]
1546589770880;[171, 0, 17, 255, 161, 72, 70, 211, 53, 0, 0, 207, 0, 0, 164, 0, 0, 14, 12, 26]
1546589771055;[171, 0, 17, 255, 161, 72, 70, 211, 53, 0, 0, 197, 0, 0, 161, 1, 0, 10, 12, 23]
1546589771059;[171, 0, 17, 255, 161, 72, 70, 211, 53, 0, 0, 211, 0, 0, 164, 0, 0, 10, 12, 10]
1546589771225;[171, 0, 17, 255, 161, 72, 70, 211, 53, 0, 0, 192, 0, 0, 157, 1, 0, 17, 11, 254]
1546589771229;[171, 0, 17, 255, 161, 72, 70, 211, 53, 0, 0, 212, 0, 0, 174, 0, 0, 14, 11, 245]
1546589771399;[171, 0, 17, 255, 161, 72, 70, 211, 53, 0, 0, 178, 0, 0, 160, 1, 0, 29, 11, 237]
1546589771403;[171, 0, 4, 255, 132, 128, 79]
1546589771744;[171, 0, 17, 255, 161, 72, 70, 211, 53, 0, 0, 212, 0, 0, 169, 0, 0, 4, 11, 237]
1546589771748;[171, 0, 17, 255, 161, 72, 70, 211, 53, 0, 0, 175, 0, 0, 160, 1, 0, 22, 11, 233]
1546589771752;[171, 0, 17, 255, 161, 72, 70, 211, 53, 0, 0, 211, 0, 0, 172, 0, 0, 4, 11, 217]
1546589771916;[171, 0, 17, 255, 161, 72, 70, 211, 53, 0, 0, 190, 0, 0, 159, 1, 0, 7, 11, 211]
1546589771920;[171, 0, 17, 255, 161, 72, 70, 211, 54, 0, 0, 206, 0, 0, 161, 1, 0, 3, 11, 201]
1546589772089;[171, 0, 17, 255, 161, 72, 70, 211, 54, 0, 0, 217, 0, 0, 165, 0, 0, 25, 11, 186]
1546589772093;[171, 0, 17, 255, 161, 72, 70, 211, 54, 0, 0, 206, 0, 0, 161, 1, 0, 8, 11, 196]
1546589772260;[171, 0, 17, 255, 161, 72, 70, 211, 54, 0, 0, 219, 0, 0, 167, 0, 0, 22, 11, 195]
1546589772434;[171, 0, 17, 255, 161, 72, 70, 211, 54, 0, 0, 190, 0, 0, 161, 1, 0, 24, 11, 196]
1546589772438;[171, 0, 17, 255, 161, 72, 70, 211, 54, 0, 0, 212, 0, 0, 173, 0, 0, 12, 11, 200]
1546589772606;[171, 0, 4, 255, 132, 128, 79]
1546589772610;[171, 0, 17, 255, 161, 72, 70, 211, 54, 0, 0, 173, 0, 0, 160, 1, 0, 24, 11, 200]
1546589772952;[171, 0, 17, 255, 161, 72, 70, 211, 54, 0, 0, 215, 0, 0, 174, 0, 0, 12, 11, 186]
1546589772957;[171, 0, 17, 255, 161, 72, 70, 211, 54, 0, 0, 178, 0, 0, 157, 1, 0, 24, 11, 185]
1546589772960;[171, 0, 17, 255, 161, 72, 70, 211, 54, 0, 0, 215, 0, 0, 165, 0, 0, 1, 11, 187]
1546589773123;[171, 0, 17, 255, 161, 72, 70, 211, 55, 0, 0, 204, 0, 0, 161, 0, 0, 4, 11, 201]
1546589773127;[171, 0, 17, 255, 161, 72, 70, 211, 55, 0, 0, 201, 0, 0, 163, 1, 0, 8, 11, 196]
1546589773296;[171, 0, 17, 255, 161, 72, 70, 211, 55, 0, 0, 208, 0, 0, 163, 0, 0, 11, 11, 199]
1546589773299;[171, 0, 17, 255, 161, 72, 70, 211, 55, 0, 0, 197, 0, 0, 163, 1, 0, 12, 11, 194]
1546589773471;[171, 0, 17, 255, 161, 72, 70, 211, 55, 0, 0, 214, 0, 0, 170, 0, 0, 23, 11, 187]
1546589773642;[171, 0, 17, 255, 161, 72, 70, 211, 55, 0, 0, 177, 0, 0, 161, 1, 0, 35, 11, 189]
1546589773646;[171, 0, 4, 255, 132, 128, 79]
1546589773814;[171, 0, 17, 255, 161, 72, 70, 211, 55, 0, 0, 214, 0, 0, 173, 0, 0, 6, 11, 191]
1546589773818;[171, 0, 17, 255, 161, 72, 70, 211, 55, 0, 0, 176, 0, 0, 157, 1, 0, 32, 11, 197]
1546589773986;[171, 0, 17, 255, 161, 72, 70, 211, 55, 0, 0, 218, 0, 0, 176, 0, 0, 3, 11, 201]
1546589773990;[171, 0, 17, 255, 161, 72, 70, 211, 55, 0, 0, 177, 0, 0, 163, 1, 0, 12, 11, 204]
1546589774333;[171, 0, 17, 255, 161, 72, 70, 211, 56, 0, 0, 208, 0, 0, 163, 1, 0, 2, 11, 202]
1546589774337;[171, 0, 17, 255, 161, 72, 70, 211, 56, 0, 0, 215, 0, 0, 163, 0, 0, 21, 11, 196]
1546589774341;[171, 0, 17, 255, 161, 72, 70, 211, 56, 0, 0, 206, 0, 0, 158, 1, 0, 2, 11, 178]
1546589774676;[171, 0, 17, 255, 161, 72, 70, 211, 56, 0, 0, 217, 0, 0, 167, 0, 0, 27, 11, 173]
1546589774680;[171, 0, 17, 255, 161, 72, 70, 211, 56, 0, 0, 191, 0, 0, 160, 1, 0, 27, 11, 170]
1546589774685;[171, 0, 17, 255, 161, 72, 70, 211, 56, 0, 0, 219, 0, 0, 176, 0, 0, 21, 11, 159]
1546589774848;[171, 0, 4, 255, 132, 128, 80]
1546589774855;[171, 0, 17, 255, 161, 72, 70, 211, 56, 0, 0, 167, 0, 0, 160, 1, 0, 27, 11, 150]
1546589775021;[171, 0, 17, 255, 161, 72, 70, 211, 56, 0, 0, 217, 0, 0, 173, 0, 0, 9, 11, 135]
1546589775025;[171, 0, 17, 255, 161, 72, 70, 211, 56, 0, 0, 173, 0, 0, 159, 1, 0, 21, 11, 136]
1546589775192;[171, 0, 17, 255, 161, 72, 70, 211, 56, 0, 0, 212, 0, 0, 168, 0, 0, 1, 11, 121]
1546589775539;[171, 0, 17, 255, 161, 72, 70, 211, 57, 0, 0, 206, 0, 0, 160, 0, 0, 10, 11, 99]
1546589775544;[171, 0, 17, 255, 161, 72, 70, 211, 57, 0, 0, 197, 0, 0, 160, 1, 0, 19, 11, 97]
1546589775548;[171, 0, 17, 255, 161, 72, 70, 211, 57, 0, 0, 198, 0, 0, 163, 0, 0, 9, 11, 102]
1546589775552;[171, 0, 17, 255, 161, 72, 70, 211, 57, 0, 0, 200, 0, 0, 160, 1, 0, 12, 11, 91]
1546589775711;[171, 0, 17, 255, 161, 72, 70, 211, 57, 0, 0, 221, 0, 0, 173, 0, 0, 28, 11, 92]
1546589775715;[171, 0, 17, 255, 161, 72, 70, 211, 57, 0, 0, 176, 0, 0, 157, 1, 0, 35, 11, 78]
1546589775882;[171, 0, 4, 255, 132, 128, 80]
1546589776055;[171, 0, 17, 255, 161, 72, 70, 211, 57, 0, 0, 221, 0, 0, 170, 0, 0, 9, 11, 75]
1546589776059;[171, 0, 17, 255, 161, 72, 70, 211, 57, 0, 0, 176, 0, 0, 160, 1, 0, 35, 11, 63]
1546589776228;[171, 0, 17, 255, 161, 72, 70, 211, 57, 0, 0, 215, 0, 0, 169, 0, 0, 8, 11, 64]
1546589776232;[171, 0, 17, 255, 161, 72, 70, 211, 57, 0, 0, 176, 0, 0, 163, 1, 0, 14, 11, 69]
1546589776401;[171, 0, 17, 255, 161, 72, 70, 211, 58, 0, 0, 208, 0, 0, 161, 1, 0, 1, 11, 67]
1546589776405;[171, 0, 17, 255, 161, 72, 70, 211, 58, 0, 0, 214, 0, 0, 162, 0, 0, 18, 11, 63]
1546589776920;[171, 0, 17, 255, 161, 72, 70, 211, 58, 0, 0, 206, 0, 0, 166, 1, 0, 3, 11, 59]
1546589776924;[171, 0, 17, 255, 161, 72, 70, 211, 58, 0, 0, 214, 0, 0, 163, 0, 0, 18, 11, 43]
1546589776928;[171, 0, 17, 255, 161, 72, 70, 211, 58, 0, 0, 193, 0, 0, 160, 1, 0, 22, 11, 33]
1546589776932;[171, 0, 17, 255, 161, 72, 70, 211, 58, 0, 0, 221, 0, 0, 176, 0, 0, 22, 11, 18]
1546589777092;[171, 0, 4, 255, 132, 128, 80]
1546589777096;[171, 0, 17, 255, 161, 72, 70, 211, 58, 0, 0, 173, 0, 0, 161, 1, 0, 34, 11, 32]
1546589777100;[171, 0, 17, 255, 161, 72, 70, 211, 58, 0, 0, 215, 0, 0, 178, 0, 0, 24, 11, 29]
1546589777263;[171, 0, 17, 255, 161, 72, 70, 211, 58, 0, 0, 162, 0, 0, 186, 1, 0, 11, 11, 18]
1546589777436;[171, 0, 17, 255, 161, 72, 70, 211, 58, 0, 0, 244, 0, 0, 208, 0, 0, 42, 10, 248]
1546589777440;[171, 0, 17, 255, 161, 72, 70, 211, 59, 0, 0, 181, 0, 0, 212, 1, 0, 35, 10, 225]
1546589777608;[171, 0, 17, 255, 161, 72, 70, 211, 59, 0, 0, 176, 0, 0, 217, 0, 0, 0, 9, 184]
1546589777612;[171, 0, 17, 255, 161, 72, 70, 211, 59, 0, 0, 91, 0, 0, 200, 0, 0, 48, 9, 33]
1546589777780;[171, 0, 17, 255, 161, 72, 70, 211, 59, 0, 0, 146, 0, 0, 188, 0, 0, 104, 10, 102]
1546589778128;[171, 0, 17, 255, 161, 72, 70, 211, 59, 0, 0, 71, 0, 0, 85, 0, 0, 189, 11, 35]
1546589778132;[171, 0, 17, 255, 161, 72, 70, 211, 59, 0, 0, 68, 0, 0, 155, 0, 0, 120, 12, 124]
1546589778136;[171, 0, 4, 255, 132, 128, 80]
1546589778140;[171, 0, 17, 255, 161, 72, 70, 211, 59, 0, 0, 59, 0, 1, 1, 0, 0, 104, 13, 37]
1546589778299;[171, 0, 17, 255, 161, 72, 70, 211, 59, 1, 0, 16, 0, 1, 109, 0, 0, 67, 12, 237]
1546589778303;[171, 0, 17, 255, 161, 72, 70, 211, 59, 1, 0, 16, 0, 0, 248, 0, 0, 103, 11, 237]
1546589778472;[171, 0, 17, 255, 161, 72, 70, 211, 59, 1, 0, 59, 0, 0, 217, 0, 0, 94, 11, 193]
1546589778644;[171, 0, 17, 255, 161, 72, 70, 211, 64, 1, 0, 58, 0, 0, 228, 0, 0, 98, 11, 207]
1546589778648;[171, 0, 17, 255, 161, 72, 70, 211, 64, 1, 0, 59, 0, 0, 241, 0, 0, 104, 11, 228]
1546589778817;[171, 0, 17, 255, 161, 72, 70, 211, 64, 1, 0, 67, 0, 0, 238, 0, 0, 108, 11, 242]
1546589778821;[171, 0, 17, 255, 161, 72, 70, 211, 64, 1, 0, 46, 0, 0, 217, 0, 0, 102, 12, 18]
1546589778988;[171, 0, 17, 255, 161, 72, 70, 211, 64, 1, 0, 37, 0, 0, 242, 0, 0, 96, 12, 1]
1546589778992;[171, 0, 17, 255, 161, 72, 70, 211, 64, 1, 0, 39, 0, 0, 236, 0, 0, 154, 12, 33]
1546589779334;[171, 0, 4, 255, 132, 128, 81]
1546589779338;[171, 0, 17, 255, 161, 72, 70, 211, 64, 1, 0, 22, 0, 1, 1, 0, 0, 145, 13, 28]
1546589779342;[171, 0, 17, 255, 161, 72, 70, 211, 64, 1, 0, 24, 0, 0, 209, 0, 0, 124, 14, 103]
1546589779505;[171, 0, 17, 255, 161, 72, 70, 211, 64, 1, 0, 40, 0, 0, 200, 0, 0, 149, 14, 213]
1546589779509;[171, 0, 17, 255, 161, 72, 70, 211, 64, 0, 0, 6, 0, 0, 207, 0, 0, 148, 12, 72]
1546589779678;[171, 0, 17, 255, 161, 72, 70, 211, 65, 0, 0, 23, 0, 0, 197, 0, 0, 169, 8, 117]
1546589779861;[171, 0, 17, 255, 161, 72, 70, 211, 65, 0, 0, 71, 0, 0, 168, 0, 0, 176, 4, 203]
1546589779862;[171, 0, 17, 255, 161, 72, 70, 211, 65, 0, 0, 11, 0, 0, 155, 0, 0, 180, 7, 102]
1546589780029;[171, 0, 17, 255, 161, 72, 70, 211, 65, 0, 0, 54, 0, 0, 176, 0, 0, 184, 7, 23]
1546589780031;[171, 0, 17, 255, 161, 72, 70, 211, 65, 0, 0, 33, 0, 0, 177, 0, 0, 212, 6, 40]
1546589780193;[171, 0, 17, 255, 161, 72, 70, 211, 65, 0, 0, 32, 0, 0, 186, 0, 0, 208, 5, 75]
1546589780196;[171, 0, 4, 255, 132, 128, 81]
1546589780368;[171, 0, 17, 255, 161, 72, 70, 211, 65, 0, 0, 7, 0, 0, 176, 0, 0, 200, 4, 169]
1546589780889;[171, 0, 17, 255, 161, 72, 70, 211, 65, 0, 0, 17, 0, 0, 164, 0, 0, 201, 4, 181]
1546589780893;[171, 0, 17, 255, 161, 72, 70, 211, 65, 0, 0, 25, 0, 0, 165, 0, 0, 205, 4, 248]
1546589780897;[171, 0, 17, 255, 161, 72, 70, 211, 65, 0, 0, 7, 0, 0, 148, 0, 0, 221, 5, 77]
1546589780901;[171, 0, 17, 255, 161, 72, 70, 211, 66, 0, 0, 7, 0, 0, 147, 0, 0, 212, 5, 60]
1546589781059;[171, 0, 17, 255, 161, 72, 70, 211, 66, 0, 0, 3, 0, 0, 152, 0, 0, 214, 5, 43]
1546589781063;[171, 0, 17, 255, 161, 72, 70, 211, 66, 1, 0, 3, 0, 0, 140, 0, 0, 220, 5, 5]
1546589781406;[171, 0, 17, 255, 161, 72, 70, 211, 66, 0, 0, 7, 0, 0, 148, 0, 0, 212, 5, 26]
1546589781410;[171, 0, 17, 255, 161, 72, 70, 211, 66, 0, 0, 0, 0, 0, 130, 0, 0, 225, 5, 17]
1546589781414;[171, 0, 17, 255, 161, 72, 70, 211, 66, 0, 0, 5, 0, 0, 145, 0, 0, 209, 5, 17]
1546589781418;[171, 0, 4, 255, 132, 128, 81]
1546589781580;[171, 0, 17, 255, 161, 72, 70, 211, 66, 1, 0, 9, 0, 0, 155, 0, 0, 200, 5, 96]
1546589781582;[171, 0, 17, 255, 161, 72, 70, 211, 66, 1, 0, 6, 0, 0, 129, 0, 0, 220, 5, 44]
1546589781922;[171, 0, 17, 255, 161, 72, 70, 211, 66, 1, 0, 11, 0, 0, 146, 0, 0, 212, 5, 77]
1546589781926;[171, 0, 17, 255, 161, 72, 70, 211, 66, 1, 0, 4, 0, 0, 125, 0, 0, 224, 5, 130]
1546589781930;[171, 0, 17, 255, 161, 72, 70, 211, 67, 1, 0, 4, 0, 0, 142, 0, 0, 213, 5, 169]
1546589781934;[171, 0, 17, 255, 161, 72, 70, 211, 67, 1, 0, 14, 0, 0, 128, 0, 0, 225, 5, 234]
1546589782093;[171, 0, 17, 255, 161, 72, 70, 211, 67, 1, 0, 4, 0, 0, 135, 0, 0, 225, 6, 6]
1546589782097;[171, 0, 17, 255, 161, 72, 70, 211, 67, 1, 0, 15, 0, 0, 129, 0, 0, 216, 6, 64]
1546589782440;[171, 0, 17, 255, 161, 72, 70, 211, 67, 1, 0, 9, 0, 0, 130, 0, 0, 227, 6, 87]
1546589782444;[171, 0, 17, 255, 161, 72, 70, 211, 67, 1, 0, 15, 0, 0, 137, 0, 0, 218, 6, 137]
1546589782451;[171, 0, 4, 255, 132, 128, 81]
1546589782612;[171, 0, 17, 255, 161, 72, 70, 211, 67, 1, 0, 9, 0, 0, 128, 0, 0, 225, 6, 191]
1546589782616;[171, 0, 17, 255, 161, 72, 70, 211, 67, 1, 0, 14, 0, 0, 141, 0, 0, 210, 6, 241]
1546589782784;[171, 0, 17, 255, 161, 72, 70, 211, 67, 1, 0, 14, 0, 0, 125, 0, 0, 222, 7, 36]
1546589783302;[171, 0, 17, 255, 161, 72, 70, 211, 67, 1, 0, 14, 0, 0, 143, 0, 0, 210, 7, 73]
1546589783306;[171, 0, 17, 255, 161, 72, 70, 211, 68, 1, 0, 14, 0, 0, 128, 0, 0, 221, 7, 123]
1546589783310;[171, 0, 17, 255, 161, 72, 70, 211, 68, 1, 0, 9, 0, 0, 130, 0, 0, 225, 7, 154]
1546589783315;[171, 0, 17, 255, 161, 72, 70, 211, 68, 1, 0, 14, 0, 0, 134, 0, 0, 220, 7, 215]
1546589783476;[171, 0, 17, 255, 161, 72, 70, 211, 68, 1, 0, 4, 0, 0, 140, 0, 0, 227, 7, 243]
1546589783481;[171, 0, 17, 255, 161, 72, 70, 211, 68, 1, 0, 17, 0, 0, 130, 0, 0, 221, 8, 32]
1546589783485;[171, 0, 17, 255, 161, 72, 70, 211, 68, 1, 0, 9, 0, 0, 128, 0, 0, 227, 8, 70]
1546589783644;[171, 0, 4, 255, 132, 128, 81]
1546589783648;[171, 0, 17, 255, 161, 72, 70, 211, 68, 1, 0, 16, 0, 0, 141, 0, 0, 214, 8, 92]
1546589783818;[171, 0, 17, 255, 161, 72, 70, 211, 68, 1, 0, 14, 0, 0, 127, 0, 0, 222, 8, 147]
1546589783823;[171, 0, 17, 255, 161, 72, 70, 211, 68, 1, 0, 17, 0, 0, 141, 0, 0, 215, 8, 179]
1546589783991;[171, 0, 17, 255, 161, 72, 70, 211, 68, 1, 0, 14, 0, 0, 128, 0, 0, 220, 8, 226]
1546589783995;[171, 0, 17, 255, 161, 72, 70, 211, 69, 1, 0, 14, 0, 0, 139, 0, 0, 221, 9, 16]
1546589784163;[171, 0, 17, 255, 161, 72, 70, 211, 69, 1, 0, 16, 0, 0, 130, 0, 0, 218, 9, 55]
1546589784510;[171, 0, 17, 255, 161, 72, 70, 211, 69, 1, 0, 9, 0, 0, 138, 0, 0, 227, 9, 85]
1546589784513;[171, 0, 17, 255, 161, 72, 70, 211, 69, 1, 0, 17, 0, 0, 139, 0, 0, 215, 9, 110]
1546589784517;[171, 0, 17, 255, 161, 72, 70, 211, 69, 1, 0, 14, 0, 0, 135, 0, 0, 222, 9, 144]
1546589784521;[171, 0, 17, 255, 161, 72, 70, 211, 69, 1, 0, 15, 0, 0, 142, 0, 0, 212, 9, 182]
1546589784680;[171, 0, 4, 255, 132, 128, 81]
1546589784855;[171, 0, 17, 255, 161, 72, 70, 211, 69, 1, 0, 14, 0, 0, 129, 0, 0, 221, 9, 227]
1546589784858;[171, 0, 17, 255, 161, 72, 70, 211, 69, 1, 0, 14, 0, 0, 140, 0, 0, 219, 10, 8]
1546589785027;[171, 0, 17, 255, 161, 72, 70, 211, 69, 1, 0, 14, 0, 0, 129, 0, 0, 221, 10, 60]
1546589785031;[171, 0, 17, 255, 161, 72, 70, 211, 69, 1, 0, 4, 0, 0, 140, 0, 0, 225, 10, 74]
1546589785198;[171, 0, 17, 255, 161, 72, 70, 211, 70, 1, 0, 14, 0, 0, 129, 0, 0, 221, 10, 106]
1546589785202;[171, 0, 17, 255, 161, 72, 70, 211, 70, 1, 0, 4, 0, 0, 140, 0, 0, 225, 10, 128]
1546589785370;[171, 0, 17, 255, 161, 72, 70, 211, 70, 1, 0, 17, 0, 0, 140, 0, 0, 216, 10, 165]
1546589785717;[171, 0, 17, 255, 161, 72, 70, 211, 70, 1, 0, 11, 0, 0, 135, 0, 0, 220, 10, 203]
1546589785721;[171, 0, 17, 255, 161, 72, 70, 211, 70, 1, 0, 16, 0, 0, 139, 0, 0, 218, 10, 237]
1546589785725;[171, 0, 17, 255, 161, 72, 70, 211, 70, 1, 0, 14, 0, 0, 127, 0, 0, 221, 11, 14]
1546589785729;[171, 0, 4, 255, 132, 128, 82]
1546589785888;[171, 0, 17, 255, 161, 72, 70, 211, 70, 1, 0, 14, 0, 0, 139, 0, 0, 221, 11, 39]
1546589785892;[171, 0, 17, 255, 161, 72, 70, 211, 70, 1, 0, 14, 0, 0, 129, 0, 0, 220, 11, 64]
1546589786062;[171, 0, 17, 255, 161, 72, 70, 211, 70, 1, 0, 19, 0, 0, 135, 0, 0, 222, 11, 90]
1546589786233;[171, 0, 17, 255, 161, 72, 70, 211, 70, 1, 0, 15, 0, 0, 127, 0, 0, 221, 11, 109]
1546589786238;[171, 0, 17, 255, 161, 72, 70, 211, 71, 1, 0, 16, 0, 0, 140, 0, 0, 227, 11, 142]
1546589786407;[171, 0, 17, 255, 161, 72, 70, 211, 71, 1, 0, 21, 0, 0, 128, 0, 0, 220, 11, 181]
1546589786411;[171, 0, 17, 255, 161, 72, 70, 211, 71, 1, 0, 15, 0, 0, 129, 0, 0, 224, 11, 203]
1546589786578;[171, 0, 17, 255, 161, 72, 70, 211, 71, 1, 0, 17, 0, 0, 129, 0, 0, 219, 11, 230]
1546589786751;[171, 0, 17, 255, 161, 72, 70, 211, 71, 1, 0, 14, 0, 0, 129, 0, 0, 223, 11, 253]
1546589786755;[171, 0, 17, 255, 161, 72, 70, 211, 71, 1, 0, 17, 0, 0, 135, 0, 0, 219, 12, 21]
1546589787098;[171, 0, 4, 255, 132, 128, 83]
1546589787103;[171, 0, 17, 255, 161, 72, 70, 211, 71, 1, 0, 16, 0, 0, 125, 0, 0, 220, 12, 51]
1546589787107;[171, 0, 17, 255, 161, 72, 70, 211, 71, 1, 0, 14, 0, 0, 135, 0, 0, 227, 12, 76]
1546589787111;[171, 0, 17, 255, 161, 72, 70, 211, 71, 1, 0, 16, 0, 0, 127, 0, 0, 222, 12, 104]
1546589787443;[171, 0, 17, 255, 161, 72, 70, 211, 71, 1, 0, 14, 0, 0, 139, 0, 0, 227, 12, 131]
1546589787447;[171, 0, 17, 255, 161, 72, 70, 211, 72, 1, 0, 19, 0, 0, 129, 0, 0, 221, 12, 158]
1546589787452;[171, 0, 17, 255, 161, 72, 70, 211, 72, 1, 0, 14, 0, 0, 130, 0, 0, 224, 12, 171]
1546589787613;[171, 0, 17, 255, 161, 72, 70, 211, 72, 1, 0, 19, 0, 0, 139, 0, 0, 212, 12, 194]
1546589787617;[171, 0, 17, 255, 161, 72, 70, 211, 72, 1, 0, 16, 0, 0, 127, 0, 0, 224, 12, 211]
1546589787787;[171, 0, 17, 255, 161, 72, 70, 211, 72, 1, 0, 17, 0, 0, 135, 0, 0, 213, 12, 238]
1546589787791;[171, 0, 17, 255, 161, 72, 70, 211, 72, 1, 0, 17, 0, 0, 127, 0, 0, 222, 13, 20]
1546589787957;[171, 0, 4, 255, 132, 128, 84]
1546589788305;[171, 0, 17, 255, 161, 72, 70, 211, 72, 1, 0, 16, 0, 0, 140, 0, 0, 225, 13, 32]
1546589788309;[171, 0, 17, 255, 161, 72, 70, 211, 72, 1, 0, 17, 0, 0, 130, 0, 0, 218, 13, 46]
1546589788314;[171, 0, 17, 255, 161, 72, 70, 211, 72, 1, 0, 14, 0, 0, 140, 0, 0, 225, 13, 55]
1546589788318;[171, 0, 17, 255, 161, 72, 70, 211, 72, 1, 0, 17, 0, 0, 129, 0, 0, 221, 13, 76]
1546589788478;[171, 0, 17, 255, 161, 72, 70, 211, 73, 1, 0, 14, 0, 0, 130, 0, 0, 221, 13, 100]
1546589788648;[171, 0, 17, 255, 161, 72, 70, 211, 73, 1, 0, 17, 0, 0, 141, 0, 0, 212, 13, 120]
1546589788652;[171, 0, 17, 255, 161, 72, 70, 211, 73, 1, 0, 16, 0, 0, 127, 0, 0, 221, 13, 136]
1546589788821;[171, 0, 17, 255, 161, 72, 70, 211, 73, 1, 0, 16, 0, 0, 134, 0, 0, 225, 13, 148]
1546589788825;[171, 0, 17, 255, 161, 72, 70, 211, 73, 1, 0, 21, 0, 0, 116, 0, 0, 222, 13, 175]
1546589788994;[171, 0, 17, 255, 161, 72, 70, 211, 73, 1, 0, 22, 0, 0, 121, 0, 0, 227, 13, 184]
1546589788998;[171, 0, 4, 255, 132, 128, 84]
1546589789166;[171, 0, 17, 255, 161, 72, 70, 211, 73, 1, 0, 28, 0, 0, 116, 0, 0, 226, 13, 195]
1546589789339;[171, 0, 17, 255, 161, 72, 70, 211, 73, 1, 0, 25, 0, 0, 111, 0, 0, 238, 13, 210]
1546589789343;[171, 0, 17, 255, 161, 72, 70, 211, 73, 1, 0, 37, 0, 0, 121, 0, 0, 221, 13, 236]
1546589789684;[171, 0, 17, 255, 161, 72, 70, 211, 73, 1, 0, 30, 0, 0, 109, 0, 0, 228, 13, 249]
1546589789688;[171, 0, 17, 255, 161, 72, 70, 211, 74, 1, 0, 34, 0, 0, 111, 0, 0, 227, 14, 19]
1546589789692;[171, 0, 17, 255, 161, 72, 70, 211, 74, 1, 0, 31, 0, 0, 111, 0, 0, 228, 14, 40]
1546589789696;[171, 0, 17, 255, 161, 72, 70, 211, 74, 1, 0, 31, 0, 0, 112, 0, 0, 226, 14, 57]
1546589789856;[171, 0, 17, 255, 161, 72, 70, 211, 74, 1, 0, 29, 0, 0, 110, 0, 0, 228, 14, 56]
1546589790028;[171, 0, 17, 255, 161, 72, 70, 211, 74, 1, 0, 34, 0, 0, 111, 0, 0, 225, 14, 82]
1546589790032;[171, 0, 17, 255, 161, 72, 70, 211, 74, 1, 0, 36, 0, 0, 112, 0, 0, 227, 14, 107]
1546589790202;[171, 0, 4, 255, 132, 128, 84]
1546589790205;[171, 0, 17, 255, 161, 72, 70, 211, 74, 1, 0, 35, 0, 0, 111, 0, 0, 225, 14, 127]
1546589790373;[171, 0, 17, 255, 161, 72, 70, 211, 74, 1, 0, 36, 0, 0, 112, 0, 0, 225, 14, 138]
1546589790545;[171, 0, 17, 255, 161, 72, 70, 211, 74, 1, 0, 29, 0, 0, 111, 0, 0, 226, 14, 149]
1546589790550;[171, 0, 17, 255, 161, 72, 70, 211, 74, 1, 0, 37, 0, 0, 114, 0, 0, 227, 14, 161]
1546589790892;[171, 0, 17, 255, 161, 72, 70, 211, 75, 1, 0, 37, 0, 0, 111, 0, 0, 225, 14, 173]
1546589790896;[171, 0, 17, 255, 161, 72, 70, 211, 75, 1, 0, 32, 0, 0, 110, 0, 0, 225, 14, 192]
1546589790900;[171, 0, 17, 255, 161, 72, 70, 211, 75, 1, 0, 43, 0, 0, 112, 0, 0, 227, 14, 209]
1546589790905;[171, 0, 17, 255, 161, 72, 70, 211, 75, 1, 0, 36, 0, 0, 111, 0, 0, 227, 14, 222]
1546589791064;[171, 0, 17, 255, 161, 72, 70, 211, 75, 1, 0, 39, 0, 0, 111, 0, 0, 227, 14, 239]
1546589791236;[171, 0, 17, 255, 161, 72, 70, 211, 75, 1, 0, 34, 0, 0, 110, 0, 0, 225, 14, 254]
1546589791240;[171, 0, 4, 255, 132, 128, 84]
1546589791408;[171, 0, 17, 255, 161, 72, 70, 211, 75, 1, 0, 37, 0, 0, 109, 0, 0, 229, 15, 11]
1546589791412;[171, 0, 17, 255, 161, 72, 70, 211, 75, 1, 0, 37, 0, 0, 109, 0, 0, 227, 15, 18]
1546589791580;[171, 0, 17, 255, 161, 72, 70, 211, 75, 1, 0, 39, 0, 0, 111, 0, 0, 227, 15, 29]
1546589791752;[171, 0, 17, 255, 161, 72, 70, 211, 75, 1, 0, 36, 0, 0, 110, 0, 0, 228, 15, 51]
1546589791757;[171, 0, 17, 255, 161, 72, 70, 211, 76, 1, 0, 36, 0, 0, 110, 0, 0, 227, 31, 73]
1546589792273;[171, 0, 17, 255, 161, 72, 70, 211, 76, 1, 0, 40, 0, 0, 111, 0, 0, 228, 7, 217]
1546589792278;[171, 0, 17, 255, 161, 72, 70, 211, 76, 1, 0, 36, 0, 0, 110, 0, 0, 227, 7, 229]
1546589792282;[171, 0, 17, 255, 161, 72, 70, 211, 76, 1, 0, 39, 0, 0, 111, 0, 0, 227, 7, 240]
1546589792287;[171, 0, 17, 255, 161, 72, 70, 211, 76, 1, 0, 37, 0, 0, 109, 0, 0, 228, 7, 246]
1546589792448;[171, 0, 17, 255, 161, 72, 70, 211, 78, 1, 0, 34, 0, 0, 111, 0, 0, 226, 8, 219]
1546589792453;[171, 0, 17, 255, 161, 72, 70, 211, 78, 1, 0, 36, 0, 0, 110, 0, 0, 228, 8, 226]
1546589792615;[171, 0, 17, 255, 161, 72, 70, 211, 78, 1, 0, 34, 0, 0, 111, 0, 0, 227, 8, 240]
1546589792619;[171, 0, 17, 255, 161, 72, 70, 211, 78, 1, 0, 37, 0, 0, 106, 0, 0, 228, 8, 240]
1546589792788;[171, 0, 17, 255, 161, 72, 70, 211, 79, 1, 0, 34, 0, 0, 108, 0, 0, 228, 8, 255]
1546589792959;[171, 0, 17, 255, 161, 72, 70, 211, 79, 1, 0, 38, 0, 0, 107, 0, 0, 228, 9, 2]
1546589793133;[171, 0, 17, 255, 161, 72, 70, 211, 79, 1, 0, 43, 0, 0, 111, 0, 0, 227, 9, 7]
1546589793137;[171, 0, 17, 255, 161, 72, 70, 211, 79, 1, 0, 37, 0, 0, 110, 0, 0, 226, 9, 7]
1546589793479;[171, 0, 17, 255, 161, 72, 70, 211, 79, 1, 0, 36, 0, 0, 111, 0, 0, 224, 9, 6]
1546589793482;[171, 0, 17, 255, 161, 72, 70, 211, 79, 1, 0, 37, 0, 0, 109, 0, 0, 228, 9, 21]
1546589793487;[171, 0, 4, 255, 132, 128, 84]
1546589793650;[171, 0, 17, 255, 161, 72, 70, 211, 79, 1, 0, 33, 0, 0, 110, 0, 0, 228, 9, 18]
1546589793654;[171, 0, 17, 255, 161, 72, 70, 211, 79, 1, 0, 32, 0, 0, 110, 0, 0, 227, 9, 22]
1546589793824;[171, 0, 17, 255, 161, 72, 70, 211, 79, 1, 0, 34, 0, 0, 111, 0, 0, 228, 9, 25]
1546589793828;[171, 0, 17, 255, 161, 72, 70, 211, 79, 1, 0, 34, 0, 0, 110, 0, 0, 226, 9, 28]
1546589793995;[171, 0, 17, 255, 161, 72, 70, 211, 80, 1, 0, 34, 0, 0, 110, 0, 0, 227, 9, 23]
1546589793999;[171, 0, 17, 255, 161, 72, 70, 211, 80, 1, 0, 37, 0, 0, 110, 0, 0, 229, 9, 32]
1546589794169;[171, 0, 17, 255, 161, 72, 70, 211, 80, 1, 0, 37, 0, 0, 111, 0, 0, 227, 9, 47]
1546589794687;[171, 0, 17, 255, 161, 72, 70, 211, 80, 1, 0, 31, 0, 0, 110, 0, 0, 228, 9, 56]
1546589794691;[171, 0, 17, 255, 161, 72, 70, 211, 80, 1, 0, 33, 0, 0, 109, 0, 0, 227, 9, 59]
1546589794695;[171, 0, 17, 255, 161, 72, 70, 211, 80, 1, 0, 37, 0, 0, 110, 0, 0, 227, 9, 69]
1546589794699;[171, 0, 4, 255, 132, 128, 84]
1546589794860;[171, 0, 17, 255, 161, 72, 70, 211, 80, 1, 0, 36, 0, 0, 111, 0, 0, 229, 9, 80]
1546589794864;[171, 0, 17, 255, 161, 72, 70, 211, 80, 1, 0, 31, 0, 0, 110, 0, 0, 227, 9, 99]
1546589794868;[171, 0, 17, 255, 161, 72, 70, 211, 80, 1, 0, 39, 0, 0, 111, 0, 0, 226, 9, 98]
1546589795031;[171, 0, 17, 255, 161, 72, 70, 211, 80, 1, 0, 37, 0, 0, 111, 0, 0, 228, 9, 102]
1546589795035;[171, 0, 17, 255, 161, 72, 70, 211, 81, 1, 0, 31, 0, 0, 110, 0, 0, 226, 9, 114]
1546589795203;[171, 0, 17, 255, 161, 72, 70, 211, 81, 1, 0, 46, 0, 0, 134, 0, 0, 216, 9, 124]
1546589795207;[171, 0, 17, 255, 161, 72, 70, 211, 81, 1, 0, 28, 0, 0, 120, 0, 0, 228, 9, 76]
1546589795375;[171, 0, 17, 255, 161, 72, 70, 211, 81, 0, 0, 23, 0, 0, 173, 0, 0, 234, 8, 191]
1546589795550;[171, 0, 17, 255, 161, 72, 70, 211, 81, 0, 0, 207, 0, 0, 152, 0, 1, 14, 7, 23]
1546589795553;[171, 0, 17, 255, 161, 72, 70, 211, 81, 0, 1, 140, 0, 0, 107, 0, 1, 24, 7, 23]
1546589795721;[171, 0, 4, 255, 132, 128, 84]
1546589795725;[171, 0, 17, 255, 161, 72, 70, 211, 81, 0, 0, 155, 0, 0, 115, 0, 0, 68, 7, 23]
1546589796068;[171, 0, 17, 255, 161, 72, 70, 211, 81, 0, 0, 93, 1, 0, 29, 1, 0, 93, 7, 23]
1546589796072;[171, 0, 17, 255, 161, 72, 70, 211, 81, 0, 0, 203, 0, 0, 53, 1, 0, 101, 7, 23]
1546589796076;[171, 0, 17, 255, 161, 72, 70, 211, 81, 0, 0, 186, 0, 0, 77, 1, 0, 195, 7, 23]
1546589796241;[171, 0, 17, 255, 161, 72, 70, 211, 82, 0, 0, 201, 0, 0, 46, 1, 0, 191, 5, 226]
1546589796244;[171, 0, 17, 255, 161, 72, 70, 211, 82, 0, 0, 208, 0, 0, 11, 1, 0, 194, 4, 221]
1546589796410;[171, 0, 17, 255, 161, 72, 70, 211, 82, 0, 0, 186, 1, 0, 17, 1, 0, 178, 3, 209]
1546589796411;[171, 0, 17, 255, 161, 72, 70, 211, 82, 0, 0, 159, 0, 0, 1, 1, 0, 195, 2, 231]
1546589796582;[171, 0, 17, 255, 161, 72, 70, 211, 82, 0, 0, 172, 0, 0, 8, 1, 0, 186, 2, 24]
1546589796756;[171, 0, 17, 255, 161, 72, 70, 211, 82, 0, 0, 146, 0, 0, 2, 1, 0, 198, 1, 121]
1546589796759;[171, 0, 4, 255, 132, 128, 84]
1546589796929;[171, 0, 17, 255, 161, 72, 70, 211, 82, 0, 0, 155, 0, 0, 0, 1, 0, 139, 16, 164]
1546589796933;[171, 0, 17, 255, 161, 72, 70, 211, 82, 0, 0, 173, 0, 0, 12, 1, 0, 148, 7, 69]
1546589797274;[171, 0, 17, 255, 161, 72, 70, 211, 82, 0, 0, 191, 0, 0, 8, 1, 0, 168, 6, 201]
1546589797278;[171, 0, 17, 255, 161, 72, 70, 211, 82, 0, 0, 218, 0, 0, 25, 1, 0, 167, 6, 79]
1546589797282;[171, 0, 17, 255, 161, 72, 70, 211, 83, 0, 1, 61, 0, 0, 32, 1, 0, 93, 5, 248]
1546589797446;[171, 0, 17, 255, 161, 72, 70, 211, 83, 0, 0, 227, 0, 0, 101, 1, 0, 135, 5, 248]
1546589797453;[171, 0, 17, 255, 161, 72, 70, 211, 83, 0, 0, 178, 0, 0, 53, 1, 0, 54, 5, 41]
1546589797617;[171, 0, 17, 255, 161, 72, 70, 211, 83, 0, 0, 115, 1, 0, 25, 1, 0, 15, 4, 177]
1546589797621;[171, 0, 17, 255, 161, 72, 70, 211, 83, 0, 0, 213, 1, 0, 127, 1, 0, 8, 6, 26]
1546589797792;[171, 0, 17, 255, 161, 72, 70, 211, 83, 0, 1, 15, 1, 0, 44, 0, 0, 36, 6, 118]
1546589797795;[171, 0, 4, 255, 132, 128, 84]
1546589797964;[171, 0, 17, 255, 161, 72, 70, 211, 83, 0, 1, 5, 0, 0, 8, 1, 0, 40, 4, 235]
1546589798136;[171, 0, 17, 255, 161, 72, 70, 211, 83, 0, 0, 136, 0, 0, 66, 1, 0, 182, 4, 209]
1546589798140;[171, 0, 17, 255, 161, 72, 70, 211, 83, 0, 0, 189, 0, 0, 56, 1, 0, 255, 4, 207]
1546589798309;[171, 0, 17, 255, 161, 72, 70, 211, 83, 0, 0, 139, 0, 0, 137, 1, 0, 145, 4, 170]
1546589798313;[171, 0, 17, 255, 161, 72, 70, 211, 84, 0, 0, 181, 0, 0, 139, 1, 0, 167, 4, 154]
1546589798654;[171, 0, 17, 255, 161, 72, 70, 211, 84, 0, 0, 166, 0, 0, 125, 1, 0, 146, 3, 239]
1546589798658;[171, 0, 17, 255, 161, 72, 70, 211, 84, 0, 0, 183, 0, 0, 124, 1, 0, 141, 3, 239]
1546589798662;[171, 0, 17, 255, 161, 72, 70, 211, 84, 0, 0, 184, 0, 0, 135, 1, 0, 141, 3, 239]
1546589798828;[171, 0, 17, 255, 161, 72, 70, 211, 84, 0, 0, 173, 0, 0, 129, 1, 0, 131, 3, 239]
1546589798831;[171, 0, 17, 255, 161, 72, 70, 211, 84, 0, 0, 177, 0, 0, 128, 1, 0, 136, 3, 239]
1546589798998;[171, 0, 4, 255, 132, 128, 83]
1546589799002;[171, 0, 17, 255, 161, 72, 70, 211, 84, 0, 0, 171, 0, 0, 129, 1, 0, 138, 3, 239]
1546589799171;[171, 0, 17, 255, 161, 72, 70, 211, 84, 0, 0, 181, 0, 0, 134, 1, 0, 132, 3, 239]
1546589799344;[171, 0, 17, 255, 161, 72, 70, 211, 84, 0, 0, 184, 0, 0, 129, 1, 0, 127, 3, 239]
1546589799348;[171, 0, 17, 255, 161, 72, 70, 211, 84, 0, 0, 181, 0, 0, 135, 1, 0, 129, 3, 239]
1546589799515;[171, 0, 17, 255, 161, 72, 70, 211, 85, 0, 0, 173, 0, 0, 135, 1, 0, 131, 3, 145]
1546589799519;[171, 0, 17, 255, 161, 72, 70, 211, 85, 0, 0, 178, 0, 0, 135, 1, 0, 129, 3, 64]
1546589799862;[171, 0, 17, 255, 161, 72, 70, 211, 85, 0, 0, 183, 0, 0, 134, 1, 0, 127, 3, 2]
1546589799866;[171, 0, 17, 255, 161, 72, 70, 211, 85, 0, 0, 179, 0, 0, 130, 1, 0, 128, 2, 201]
1546589799870;[171, 0, 17, 255, 161, 72, 70, 211, 85, 0, 0, 177, 0, 0, 130, 1, 0, 128, 2, 193]
1546589800035;[171, 0, 17, 255, 161, 72, 70, 211, 85, 0, 0, 183, 0, 0, 139, 1, 0, 126, 2, 191]
1546589800039;[171, 0, 4, 255, 132, 128, 83]
1546589800206;[171, 0, 17, 255, 161, 72, 70, 211, 85, 0, 0, 181, 0, 0, 130, 1, 0, 126, 2, 171]
1546589800210;[171, 0, 17, 255, 161, 72, 70, 211, 85, 0, 0, 181, 0, 0, 130, 1, 0, 127, 2, 161]
1546589800378;[171, 0, 17, 255, 161, 72, 70, 211, 85, 0, 0, 181, 0, 0, 134, 1, 0, 127, 2, 138]
1546589800551;[171, 0, 17, 255, 161, 72, 70, 211, 85, 0, 0, 178, 0, 0, 134, 1, 0, 126, 2, 127]
1546589800554;[171, 0, 17, 255, 161, 72, 70, 211, 86, 0, 0, 181, 0, 0, 130, 1, 0, 128, 2, 130]
1546589800724;[171, 0, 17, 255, 161, 72, 70, 211, 86, 0, 0, 181, 0, 0, 130, 1, 0, 128, 2, 140]
1546589800727;[171, 0, 17, 255, 161, 72, 70, 211, 86, 0, 0, 178, 0, 0, 134, 1, 0, 126, 2, 150]
1546589801243;[171, 0, 17, 255, 161, 72, 70, 211, 86, 0, 0, 179, 0, 0, 134, 1, 0, 127, 2, 154]
1546589801247;[171, 0, 17, 255, 161, 72, 70, 211, 86, 0, 0, 178, 0, 0, 139, 1, 0, 128, 2, 179]
1546589801251;[171, 0, 17, 255, 161, 72, 70, 211, 86, 0, 0, 183, 0, 0, 134, 1, 0, 129, 2, 180]
1546589801256;[171, 0, 4, 255, 132, 128, 83]
1546589801415;[171, 0, 17, 255, 161, 72, 70, 211, 86, 0, 0, 181, 0, 0, 134, 1, 0, 128, 2, 198]
1546589801419;[171, 0, 17, 255, 161, 72, 70, 211, 86, 0, 0, 181, 0, 0, 134, 1, 0, 125, 2, 227]
1546589801423;[171, 0, 17, 255, 161, 72, 70, 211, 86, 0, 0, 179, 0, 0, 134, 1, 0, 126, 2, 252]
1546589801587;[171, 0, 17, 255, 161, 72, 70, 211, 86, 0, 0, 181, 0, 0, 134, 1, 0, 126, 3, 28]
1546589801590;[171, 0, 17, 255, 161, 72, 70, 211, 87, 0, 0, 178, 0, 0, 135, 1, 0, 128, 3, 46]
1546589801758;[171, 0, 17, 255, 161, 72, 70, 211, 87, 0, 0, 181, 0, 0, 130, 1, 0, 129, 3, 68]
1546589801930;[171, 0, 17, 255, 161, 72, 70, 211, 87, 0, 0, 185, 0, 0, 140, 1, 0, 126, 3, 128]
1546589801934;[171, 0, 17, 255, 161, 72, 70, 211, 87, 0, 0, 178, 0, 0, 141, 1, 0, 126, 3, 165]
1546589802103;[171, 0, 17, 255, 161, 72, 70, 211, 87, 0, 0, 181, 0, 0, 134, 1, 0, 127, 4, 2]
1546589802107;[171, 0, 17, 255, 161, 72, 70, 211, 87, 0, 0, 179, 0, 0, 134, 1, 0, 124, 4, 59]
1546589802449;[171, 0, 4, 255, 132, 128, 83]
1546589802454;[171, 0, 17, 255, 161, 72, 70, 211, 87, 0, 0, 179, 0, 0, 134, 1, 0, 125, 4, 130]
1546589802458;[171, 0, 17, 255, 161, 72, 70, 211, 87, 0, 0, 179, 0, 0, 135, 1, 0, 125, 4, 133]
1546589802620;[171, 0, 17, 255, 161, 72, 70, 211, 87, 0, 0, 179, 0, 0, 139, 1, 0, 127, 4, 106]
1546589802624;[171, 0, 17, 255, 161, 72, 70, 211, 87, 0, 0, 179, 0, 0, 140, 1, 0, 125, 4, 207]
1546589802794;[171, 0, 17, 255, 161, 72, 70, 211, 88, 0, 0, 181, 0, 0, 139, 1, 0, 126, 4, 184]
1546589802797;[171, 0, 17, 255, 161, 72, 70, 211, 88, 0, 0, 181, 0, 0, 135, 1, 0, 125, 4, 249]
1546589802965;[171, 0, 17, 255, 161, 72, 70, 211, 88, 0, 0, 178, 0, 0, 140, 1, 0, 125, 4, 226]
1546589803138;[171, 0, 17, 255, 161, 72, 70, 211, 88, 0, 0, 179, 0, 0, 135, 1, 0, 125, 5, 37]
1546589803142;[171, 0, 17, 255, 161, 72, 70, 211, 88, 0, 0, 173, 0, 0, 135, 1, 0, 125, 5, 47]
1546589803311;[171, 0, 17, 255, 161, 72, 70, 211, 88, 0, 0, 178, 0, 0, 140, 1, 0, 124, 5, 79]
1546589803316;[171, 0, 4, 255, 132, 128, 83]
1546589803655;[171, 0, 17, 255, 161, 72, 70, 211, 88, 0, 0, 179, 0, 0, 139, 1, 0, 125, 5, 81]
1546589803659;[171, 0, 17, 255, 161, 72, 70, 211, 88, 0, 0, 178, 0, 0, 134, 1, 0, 124, 5, 97]
1546589803663;[171, 0, 17, 255, 161, 72, 70, 211, 88, 0, 0, 181, 0, 0, 135, 1, 0, 126, 5, 130]
1546589804003;[171, 0, 17, 255, 161, 72, 70, 211, 88, 0, 0, 181, 0, 0, 139, 1, 0, 125, 5, 210]
1546589804006;[171, 0, 17, 255, 161, 72, 70, 211, 89, 0, 0, 181, 0, 0, 139, 1, 0, 128, 6, 19]
1546589804010;[171, 0, 17, 255, 161, 72, 70, 211, 89, 0, 0, 179, 0, 0, 130, 1, 0, 125, 6, 39]
1546589804014;[171, 0, 17, 255, 161, 72, 70, 211, 89, 0, 0, 178, 0, 0, 135, 1, 0, 127, 6, 96]
1546589804173;[171, 0, 17, 255, 161, 72, 70, 211, 89, 0, 0, 179, 0, 0, 139, 1, 0, 126, 6, 220]
1546589804519;[171, 0, 17, 255, 161, 72, 70, 211, 89, 0, 0, 181, 0, 0, 134, 1, 0, 126, 6, 120]
1546589804523;[171, 0, 17, 255, 161, 72, 70, 211, 89, 0, 0, 178, 0, 0, 140, 1, 0, 127, 6, 201]
1546589804527;[171, 0, 4, 255, 132, 128, 84]
1546589804532;[171, 0, 17, 255, 161, 72, 70, 211, 89, 0, 0, 181, 0, 0, 135, 1, 0, 125, 7, 12]
1546589804690;[171, 0, 17, 255, 161, 72, 70, 211, 89, 0, 0, 178, 0, 0, 135, 1, 0, 124, 7, 118]
1546589805038;[171, 0, 17, 255, 161, 72, 70, 211, 89, 0, 0, 181, 0, 0, 136, 1, 0, 126, 7, 153]
1546589805042;[171, 0, 17, 255, 161, 72, 70, 211, 89, 0, 0, 179, 0, 0, 139, 1, 0, 125, 7, 198]
1546589805046;[171, 0, 17, 255, 161, 72, 70, 211, 90, 0, 0, 183, 0, 0, 139, 1, 0, 125, 7, 213]
1546589805050;[171, 0, 17, 255, 161, 72, 70, 211, 90, 0, 0, 181, 0, 0, 139, 1, 0, 124, 7, 221]
1546589805211;[171, 0, 17, 255, 161, 72, 70, 211, 90, 0, 0, 178, 0, 0, 135, 1, 0, 125, 7, 205]
1546589805214;[171, 0, 17, 255, 161, 72, 70, 211, 90, 0, 0, 178, 0, 0, 141, 1, 0, 125, 8, 16]
1546589805381;[171, 0, 17, 255, 161, 72, 70, 211, 90, 0, 0, 181, 0, 0, 139, 1, 0, 128, 8, 212]
1546589805554;[171, 0, 17, 255, 161, 72, 70, 211, 90, 0, 0, 179, 0, 0, 140, 1, 0, 126, 9, 59]
1546589805558;[171, 0, 4, 255, 132, 128, 84]
1546589805725;[171, 0, 17, 255, 161, 72, 70, 211, 90, 0, 0, 178, 0, 0, 140, 1, 0, 124, 9, 120]
1546589805729;[171, 0, 17, 255, 161, 72, 70, 211, 90, 0, 0, 181, 0, 0, 140, 1, 0, 121, 9, 76]
1546589805899;[171, 0, 17, 255, 161, 72, 70, 211, 90, 0, 0, 177, 0, 0, 134, 1, 0, 124, 9, 186]
1546589805903;[171, 0, 17, 255, 161, 72, 70, 211, 90, 0, 0, 179, 0, 0, 140, 1, 0, 124, 9, 234]
1546589806245;[171, 0, 17, 255, 161, 72, 70, 211, 91, 0, 0, 181, 0, 0, 142, 1, 0, 122, 10, 18]
1546589806249;[171, 0, 17, 255, 161, 72, 70, 211, 91, 0, 0, 181, 0, 0, 140, 1, 0, 124, 9, 211]
1546589806253;[171, 0, 17, 255, 161, 72, 70, 211, 91, 0, 0, 181, 0, 0, 140, 1, 0, 124, 10, 22]
1546589806417;[171, 0, 17, 255, 161, 72, 70, 211, 91, 0, 0, 181, 0, 0, 140, 1, 0, 124, 10, 5]
1546589806420;[171, 0, 17, 255, 161, 72, 70, 211, 91, 0, 0, 183, 0, 0, 141, 1, 0, 121, 9, 252]
1546589806588;[171, 0, 17, 255, 161, 72, 70, 211, 91, 0, 0, 178, 0, 0, 142, 1, 0, 124, 10, 87]
1546589806591;[171, 0, 4, 255, 132, 128, 85]
1546589806760;[171, 0, 17, 255, 161, 72, 70, 211, 91, 0, 0, 183, 0, 0, 134, 1, 0, 125, 9, 120]
1546589806933;[171, 0, 17, 255, 161, 72, 70, 211, 91, 0, 0, 179, 0, 0, 141, 1, 0, 121, 10, 18]
1546589806937;[171, 0, 17, 255, 161, 72, 70, 211, 91, 0, 0, 179, 0, 0, 130, 1, 0, 126, 9, 31]
1546589807106;[171, 0, 17, 255, 161, 72, 70, 211, 91, 0, 0, 181, 0, 0, 139, 1, 0, 122, 10, 42]
1546589807110;[171, 0, 17, 255, 161, 72, 70, 211, 92, 0, 0, 181, 0, 0, 135, 1, 0, 125, 9, 193]
1546589807800;[171, 0, 17, 255, 161, 72, 70, 211, 92, 0, 0, 179, 0, 0, 139, 1, 0, 124, 10, 88]
1546589807802;[171, 0, 17, 255, 161, 72, 70, 211, 92, 0, 0, 181, 0, 0, 141, 1, 0, 123, 10, 161]
1546589807806;[171, 0, 17, 255, 161, 72, 70, 211, 92, 0, 0, 181, 0, 0, 140, 1, 0, 126, 10, 202]
1546589807810;[171, 0, 17, 255, 161, 72, 70, 211, 92, 0, 0, 177, 0, 0, 141, 1, 0, 125, 10, 179]
1546589807970;[171, 0, 17, 255, 161, 72, 70, 211, 92, 0, 0, 177, 0, 0, 142, 1, 0, 125, 10, 68]
1546589807974;[171, 0, 4, 255, 132, 128, 85]
1546589807979;[171, 0, 17, 255, 161, 72, 70, 211, 92, 0, 0, 179, 0, 0, 140, 1, 0, 125, 10, 38]
1546589807983;[171, 0, 17, 255, 161, 72, 70, 211, 92, 0, 0, 181, 0, 0, 135, 1, 0, 123, 9, 227]
1546589808141;[171, 0, 17, 255, 161, 72, 70, 211, 92, 0, 0, 176, 0, 0, 143, 1, 0, 125, 10, 67]
1546589808145;[171, 0, 17, 255, 161, 72, 70, 211, 92, 0, 0, 181, 0, 0, 139, 1, 0, 121, 10, 84]
1546589808314;[171, 0, 17, 255, 161, 72, 70, 211, 93, 0, 0, 181, 0, 0, 143, 1, 0, 124, 10, 169]
1546589808318;[171, 0, 17, 255, 161, 72, 70, 211, 93, 0, 0, 181, 0, 0, 141, 1, 0, 123, 10, 247]
1546589808484;[171, 0, 17, 255, 161, 72, 70, 211, 93, 0, 0, 179, 0, 0, 141, 1, 0, 124, 10, 220]
1546589808488;[171, 0, 17, 255, 161, 72, 70, 211, 93, 0, 0, 181, 0, 0, 140, 1, 0, 123, 10, 218]
1546589808831;[171, 0, 17, 255, 161, 72, 70, 211, 93, 0, 0, 178, 0, 0, 140, 1, 0, 124, 11, 102]
1546589808836;[171, 0, 17, 255, 161, 72, 70, 211, 93, 0, 0, 178, 0, 0, 136, 1, 0, 124, 11, 102]
1546589808839;[171, 0, 4, 255, 132, 128, 85]
1546589809004;[171, 0, 17, 255, 161, 72, 70, 211, 93, 0, 0, 177, 0, 0, 140, 1, 0, 125, 11, 102]
1546589809008;[171, 0, 17, 255, 161, 72, 70, 211, 93, 0, 0, 178, 0, 0, 141, 1, 0, 118, 11, 102]
1546589809176;[171, 0, 17, 255, 161, 72, 70, 211, 93, 0, 0, 179, 0, 0, 142, 1, 0, 125, 11, 102]
1546589809348;[171, 0, 17, 255, 161, 72, 70, 211, 93, 0, 0, 178, 0, 0, 143, 1, 0, 124, 11, 221]
1546589809352;[171, 0, 17, 255, 161, 72, 70, 211, 94, 0, 0, 181, 0, 0, 143, 1, 0, 125, 12, 26]
1546589809521;[171, 0, 17, 255, 161, 72, 70, 211, 94, 0, 0, 178, 0, 0, 141, 1, 0, 122, 12, 22]
1546589809525;[171, 0, 17, 255, 161, 72, 70, 211, 94, 0, 0, 181, 0, 0, 143, 1, 0, 123, 11, 220]
1546589809693;[171, 0, 17, 255, 161, 72, 70, 211, 94, 0, 0, 178, 0, 0, 143, 1, 0, 121, 12, 7]
1546589809697;[171, 0, 17, 255, 161, 72, 70, 211, 94, 0, 0, 179, 0, 0, 140, 1, 0, 124, 11, 150]
1546589810040;[171, 0, 17, 255, 161, 72, 70, 211, 94, 0, 0, 179, 0, 0, 141, 1, 0, 121, 11, 147]
1546589810044;[171, 0, 4, 255, 132, 128, 84]
1546589810048;[171, 0, 17, 255, 161, 72, 70, 211, 94, 0, 0, 181, 0, 0, 142, 1, 0, 125, 11, 102]
1546589810211;[171, 0, 17, 255, 161, 72, 70, 211, 94, 0, 0, 177, 0, 0, 142, 1, 0, 120, 11, 230]
