1546589478847;[171, 0, 17, 255, 161, 72, 70, 210, 0, 0, 0, 187, 0, 0, 121, 1, 0, 125, 5, 52]
1546589479185;[171, 0, 17, 255, 161, 72, 70, 210, 0, 0, 0, 186, 0, 0, 116, 1, 0, 128, 5, 64]
1546589479189;[171, 0, 17, 255, 161, 72, 70, 210, 0, 0, 0, 187, 0, 0, 111, 1, 0, 135, 5, 81]
1546589479194;[171, 0, 4, 255, 132, 128, 82]
1546589479356;[171, 0, 17, 255, 161, 72, 70, 210, 0, 0, 0, 186, 0, 0, 120, 1, 0, 135, 5, 100]
1546589479360;[171, 0, 17, 255, 161, 72, 70, 210, 0, 0, 0, 187, 0, 0, 116, 1, 0, 131, 5, 113]
1546589479527;[171, 0, 17, 255, 161, 72, 70, 210, 0, 0, 0, 185, 0, 0, 112, 1, 0, 135, 5, 120]
1546589481859;[171, 0, 17, 255, 161, 72, 70, 210, 0, 0, 0, 186, 0, 0, 111, 1, 0, 131, 5, 116]
1546589481861;[171, 0, 17, 255, 161, 72, 70, 210, 1, 0, 0, 186, 0, 0, 116, 1, 0, 136, 5, 105]
1546589481862;[171, 0, 17, 255, 161, 72, 70, 210, 1, 0, 0, 186, 0, 0, 120, 1, 0, 131, 5, 111]
1546589481864;[171, 0, 17, 255, 161, 72, 70, 210, 1, 0, 0, 186, 0, 0, 114, 1, 0, 136, 5, 103]
1546589481865;[171, 0, 17, 255, 161, 72, 70, 210, 1, 0, 0, 187, 0, 0, 112, 1, 0, 131, 5, 109]
1546589481867;[171, 0, 17, 255, 161, 72, 70, 210, 1, 0, 0, 185, 0, 0, 120, 1, 0, 136, 5, 120]
1546589481874;[171, 0, 17, 255, 161, 72, 70, 210, 1, 0, 0, 183, 0, 0, 118, 1, 0, 133, 5, 104]
1546589481876;[171, 0, 4, 255, 132, 128, 82]
1546589481884;[171, 0, 17, 255, 161, 72, 70, 210, 1, 0, 0, 189, 0, 0, 110, 1, 0, 145, 5, 102]
1546589481886;[171, 0, 17, 255, 161, 72, 70, 210, 1, 0, 0, 184, 0, 0, 116, 1, 0, 129, 5, 96]
1546589481888;[171, 0, 17, 255, 161, 72, 70, 210, 1, 0, 0, 186, 0, 0, 112, 1, 0, 141, 5, 72]
1546589481896;[171, 0, 17, 255, 161, 72, 70, 210, 1, 0, 0, 181, 0, 0, 116, 1, 0, 131, 5, 84]
1546589481898;[171, 0, 17, 255, 161, 72, 70, 210, 2, 0, 0, 185, 0, 0, 120, 1, 0, 133, 5, 83]
1546589481900;[171, 0, 17, 255, 161, 72, 70, 210, 2, 0, 0, 184, 0, 0, 112, 1, 0, 135, 5, 81]
1546589481902;[171, 0, 17, 255, 161, 72, 70, 210, 2, 0, 0, 184, 0, 0, 116, 1, 0, 135, 5, 81]
1546589481904;[171, 0, 17, 255, 161, 72, 70, 210, 2, 0, 0, 184, 0, 0, 120, 1, 0, 133, 5, 74]
1546589481917;[171, 0, 17, 255, 161, 72, 70, 210, 2, 0, 0, 181, 0, 0, 116, 1, 0, 135, 5, 63]
1546589481919;[171, 0, 17, 255, 161, 72, 70, 210, 2, 0, 0, 186, 0, 0, 111, 1, 0, 133, 5, 63]
1546589481921;[171, 0, 4, 255, 132, 128, 82]
1546589481929;[171, 0, 17, 255, 161, 72, 70, 210, 2, 0, 0, 186, 0, 0, 115, 1, 0, 135, 5, 47]
1546589481931;[171, 0, 17, 255, 161, 72, 70, 210, 2, 0, 0, 187, 0, 0, 111, 1, 0, 135, 5, 55]
1546589481933;[171, 0, 17, 255, 161, 72, 70, 210, 2, 0, 0, 184, 0, 0, 116, 1, 0, 134, 5, 42]
1546589481936;[171, 0, 17, 255, 161, 72, 70, 210, 2, 0, 0, 184, 0, 0, 112, 1, 0, 135, 5, 45]
1546589481941;[171, 0, 17, 255, 161, 72, 70, 210, 3, 0, 0, 185, 0, 0, 115, 1, 0, 136, 5, 47]
1546589481945;[171, 0, 17, 255, 161, 72, 70, 210, 3, 0, 0, 183, 0, 0, 116, 1, 0, 136, 5, 45]
1546589482116;[171, 0, 17, 255, 161, 72, 70, 210, 3, 0, 0, 184, 0, 0, 120, 1, 0, 131, 5, 33]
1546589482120;[171, 0, 17, 255, 161, 72, 70, 210, 3, 0, 0, 185, 0, 0, 114, 1, 0, 145, 5, 10]
1546589482463;[171, 0, 17, 255, 161, 72, 70, 210, 3, 0, 0, 183, 0, 0, 116, 1, 0, 131, 5, 15]
1546589482472;[171, 0, 17, 255, 161, 72, 70, 210, 3, 0, 0, 184, 0, 0, 111, 1, 0, 131, 5, 12]
1546589482477;[171, 0, 4, 255, 132, 128, 82]
1546589482633;[171, 0, 17, 255, 161, 72, 70, 210, 3, 0, 0, 184, 0, 0, 111, 1, 0, 140, 5, 2]
1546589482637;[171, 0, 17, 255, 161, 72, 70, 210, 3, 0, 0, 187, 0, 0, 116, 1, 0, 135, 5, 2]
1546589482806;[171, 0, 17, 255, 161, 72, 70, 210, 3, 0, 0, 186, 0, 0, 120, 1, 0, 131, 4, 254]
1546589482811;[171, 0, 17, 255, 161, 72, 70, 210, 3, 0, 0, 186, 0, 0, 120, 1, 0, 131, 4, 236]
1546589482978;[171, 0, 17, 255, 161, 72, 70, 210, 4, 0, 0, 187, 0, 0, 120, 1, 0, 136, 4, 234]
1546589483151;[171, 0, 17, 255, 161, 72, 70, 210, 4, 0, 0, 187, 0, 0, 120, 1, 0, 133, 4, 225]
1546589483155;[171, 0, 17, 255, 161, 72, 70, 210, 4, 0, 0, 186, 0, 0, 116, 1, 0, 134, 4, 225]
1546589483323;[171, 0, 17, 255, 161, 72, 70, 210, 4, 0, 0, 187, 0, 0, 121, 1, 0, 129, 4, 225]
1546589483327;[171, 0, 17, 255, 161, 72, 70, 210, 4, 0, 0, 186, 0, 0, 120, 1, 0, 135, 4, 209]
1546589483669;[171, 0, 17, 255, 161, 72, 70, 210, 4, 0, 0, 183, 0, 0, 116, 1, 0, 137, 4, 210]
1546589483672;[171, 0, 4, 255, 132, 128, 82]
1546589483677;[171, 0, 17, 255, 161, 72, 70, 210, 4, 0, 0, 187, 0, 0, 120, 1, 0, 131, 4, 209]
1546589484188;[171, 0, 17, 255, 161, 72, 70, 210, 4, 0, 0, 184, 0, 0, 116, 1, 0, 133, 4, 207]
1546589484193;[171, 0, 17, 255, 161, 72, 70, 210, 4, 0, 0, 183, 0, 0, 121, 1, 0, 134, 4, 218]
1546589484196;[171, 0, 17, 255, 161, 72, 70, 210, 4, 0, 0, 183, 0, 0, 121, 1, 0, 134, 4, 229]
1546589484200;[171, 0, 17, 255, 161, 72, 70, 210, 5, 0, 0, 184, 0, 0, 121, 1, 0, 134, 4, 222]
1546589484879;[171, 0, 17, 255, 161, 72, 70, 210, 5, 0, 0, 183, 0, 0, 120, 1, 0, 136, 4, 210]
1546589484884;[171, 0, 17, 255, 161, 72, 70, 210, 5, 0, 0, 184, 0, 0, 121, 1, 0, 136, 4, 212]
1546589484890;[171, 0, 17, 255, 161, 72, 70, 210, 5, 0, 0, 183, 0, 0, 121, 1, 0, 136, 4, 201]
1546589484891;[171, 0, 17, 255, 161, 72, 70, 210, 5, 0, 0, 183, 0, 0, 121, 1, 0, 137, 4, 189]
1546589485049;[171, 0, 17, 255, 161, 72, 70, 210, 5, 0, 0, 184, 0, 0, 124, 1, 0, 135, 4, 188]
1546589485052;[171, 0, 4, 255, 132, 128, 81]
1546589485057;[171, 0, 17, 255, 161, 72, 70, 210, 5, 0, 0, 183, 0, 0, 121, 1, 0, 136, 4, 200]
1546589485062;[171, 0, 17, 255, 161, 72, 70, 210, 5, 0, 0, 181, 0, 0, 124, 1, 0, 136, 4, 200]
1546589485223;[171, 0, 17, 255, 161, 72, 70, 210, 5, 0, 0, 183, 0, 0, 120, 1, 0, 135, 4, 198]
1546589485227;[171, 0, 17, 255, 161, 72, 70, 210, 5, 0, 0, 183, 0, 0, 121, 1, 0, 135, 4, 199]
1546589485231;[171, 0, 17, 255, 161, 72, 70, 210, 6, 0, 0, 183, 0, 0, 125, 1, 0, 134, 4, 195]
1546589485394;[171, 0, 17, 255, 161, 72, 70, 210, 6, 0, 0, 184, 0, 0, 121, 1, 0, 134, 4, 188]
1546589485566;[171, 0, 17, 255, 161, 72, 70, 210, 6, 0, 0, 184, 0, 0, 122, 1, 0, 136, 4, 179]
1546589485570;[171, 0, 17, 255, 161, 72, 70, 210, 6, 0, 0, 183, 0, 0, 121, 1, 0, 133, 4, 201]
1546589485738;[171, 0, 17, 255, 161, 72, 70, 210, 6, 0, 0, 186, 0, 0, 124, 1, 0, 135, 4, 206]
1546589485743;[171, 0, 17, 255, 161, 72, 70, 210, 6, 0, 0, 181, 0, 0, 122, 1, 0, 135, 4, 202]
1546589485911;[171, 0, 4, 255, 132, 128, 81]
1546589485915;[171, 0, 17, 255, 161, 72, 70, 210, 6, 0, 0, 183, 0, 0, 116, 1, 0, 141, 4, 201]
1546589486257;[171, 0, 17, 255, 161, 72, 70, 210, 6, 0, 0, 184, 0, 0, 120, 1, 0, 140, 4, 199]
1546589486261;[171, 0, 17, 255, 161, 72, 70, 210, 6, 0, 0, 179, 0, 0, 121, 1, 0, 131, 4, 192]
1546589486265;[171, 0, 17, 255, 161, 72, 70, 210, 6, 0, 0, 187, 0, 0, 112, 1, 0, 136, 4, 181]
1546589486428;[171, 0, 17, 255, 161, 72, 70, 210, 7, 0, 0, 184, 0, 0, 116, 1, 0, 135, 4, 201]
1546589486432;[171, 0, 17, 255, 161, 72, 70, 210, 7, 0, 0, 185, 0, 0, 116, 1, 0, 135, 4, 210]
1546589486600;[171, 0, 17, 255, 161, 72, 70, 210, 7, 0, 0, 181, 0, 0, 120, 1, 0, 136, 4, 213]
1546589486773;[171, 0, 17, 255, 161, 72, 70, 210, 7, 0, 0, 184, 0, 0, 121, 1, 0, 133, 4, 220]
1546589486777;[171, 0, 17, 255, 161, 72, 70, 210, 7, 0, 0, 185, 0, 0, 116, 1, 0, 131, 4, 231]
1546589486947;[171, 0, 17, 255, 161, 72, 70, 210, 7, 0, 0, 183, 0, 0, 120, 1, 0, 133, 4, 228]
1546589486951;[171, 0, 4, 255, 132, 128, 80]
1546589487118;[171, 0, 17, 255, 161, 72, 70, 210, 7, 0, 0, 181, 0, 0, 125, 1, 0, 140, 4, 225]
1546589487122;[171, 0, 17, 255, 161, 72, 70, 210, 7, 0, 0, 181, 0, 0, 121, 1, 0, 140, 4, 246]
1546589487662;[171, 0, 17, 255, 161, 72, 70, 210, 7, 0, 0, 184, 0, 0, 121, 1, 0, 135, 4, 236]
1546589487664;[171, 0, 17, 255, 161, 72, 70, 210, 7, 0, 0, 179, 0, 0, 124, 1, 0, 140, 4, 240]
1546589487666;[171, 0, 17, 255, 161, 72, 70, 210, 8, 0, 0, 183, 0, 0, 124, 1, 0, 134, 4, 243]
1546589487667;[171, 0, 17, 255, 161, 72, 70, 210, 8, 0, 0, 181, 0, 0, 120, 1, 0, 137, 4, 239]
1546589487809;[171, 0, 17, 255, 161, 72, 70, 210, 8, 0, 0, 179, 0, 0, 121, 1, 0, 133, 4, 231]
1546589487813;[171, 0, 17, 255, 161, 72, 70, 210, 8, 0, 0, 183, 0, 0, 120, 1, 0, 140, 4, 226]
1546589487817;[171, 0, 17, 255, 161, 72, 70, 210, 8, 0, 0, 185, 0, 0, 120, 1, 0, 137, 4, 236]
1546589487980;[171, 0, 17, 255, 161, 72, 70, 210, 8, 0, 0, 185, 0, 0, 120, 1, 0, 140, 4, 246]
1546589488154;[171, 0, 4, 255, 132, 128, 80]
1546589488158;[171, 0, 17, 255, 161, 72, 70, 210, 8, 0, 0, 183, 0, 0, 121, 1, 0, 135, 4, 235]
1546589488326;[171, 0, 17, 255, 161, 72, 70, 210, 8, 0, 0, 183, 0, 0, 120, 1, 0, 134, 4, 237]
1546589488330;[171, 0, 17, 255, 161, 72, 70, 210, 8, 0, 0, 184, 0, 0, 120, 1, 0, 135, 4, 226]
1546589488497;[171, 0, 17, 255, 161, 72, 70, 210, 8, 0, 0, 184, 0, 0, 115, 1, 0, 136, 4, 215]
1546589488845;[171, 0, 17, 255, 161, 72, 70, 210, 9, 0, 0, 184, 0, 0, 119, 1, 0, 136, 4, 208]
1546589488849;[171, 0, 17, 255, 161, 72, 70, 210, 9, 0, 0, 185, 0, 0, 119, 1, 0, 131, 4, 230]
1546589488853;[171, 0, 17, 255, 161, 72, 70, 210, 9, 0, 0, 181, 0, 0, 120, 1, 0, 136, 4, 229]
1546589488858;[171, 0, 17, 255, 161, 72, 70, 210, 9, 0, 0, 183, 0, 0, 116, 1, 0, 137, 4, 219]
1546589489015;[171, 0, 17, 255, 161, 72, 70, 210, 9, 0, 0, 183, 0, 0, 116, 1, 0, 137, 4, 212]
1546589489019;[171, 0, 17, 255, 161, 72, 70, 210, 9, 0, 0, 181, 0, 0, 120, 1, 0, 136, 4, 212]
1546589489187;[171, 0, 4, 255, 132, 128, 80]
1546589489361;[171, 0, 17, 255, 161, 72, 70, 210, 9, 0, 0, 183, 0, 0, 116, 1, 0, 135, 4, 196]
1546589489365;[171, 0, 17, 255, 161, 72, 70, 210, 9, 0, 0, 186, 0, 0, 120, 1, 0, 136, 4, 191]
1546589489713;[171, 0, 17, 255, 161, 72, 70, 210, 9, 0, 0, 184, 0, 0, 120, 1, 0, 136, 4, 202]
1546589489715;[171, 0, 17, 255, 161, 72, 70, 210, 9, 0, 0, 185, 0, 0, 120, 1, 0, 135, 4, 206]
1546589489718;[171, 0, 17, 255, 161, 72, 70, 210, 10, 0, 0, 183, 0, 0, 121, 1, 0, 134, 4, 201]
1546589489722;[171, 0, 17, 255, 161, 72, 70, 210, 10, 0, 0, 181, 0, 0, 120, 1, 0, 136, 4, 206]
1546589490052;[171, 0, 17, 255, 161, 72, 70, 210, 10, 0, 0, 181, 0, 0, 121, 1, 0, 135, 4, 212]
1546589490056;[171, 0, 17, 255, 161, 72, 70, 210, 10, 0, 0, 183, 0, 0, 120, 1, 0, 134, 4, 199]
1546589490061;[171, 0, 17, 255, 161, 72, 70, 210, 10, 0, 0, 184, 0, 0, 120, 1, 0, 134, 4, 187]
1546589490223;[171, 0, 17, 255, 161, 72, 70, 210, 10, 0, 0, 184, 0, 0, 120, 1, 0, 135, 4, 190]
1546589490226;[171, 0, 4, 255, 132, 128, 80]
1546589490396;[171, 0, 17, 255, 161, 72, 70, 210, 10, 0, 0, 185, 0, 0, 120, 1, 0, 136, 4, 199]
1546589490568;[171, 0, 17, 255, 161, 72, 70, 210, 10, 0, 0, 186, 0, 0, 116, 1, 0, 131, 4, 185]
1546589490572;[171, 0, 17, 255, 161, 72, 70, 210, 10, 0, 0, 183, 0, 0, 121, 1, 0, 131, 4, 186]
1546589490740;[171, 0, 17, 255, 161, 72, 70, 210, 10, 0, 0, 185, 0, 0, 116, 1, 0, 131, 4, 180]
1546589490744;[171, 0, 17, 255, 161, 72, 70, 210, 11, 0, 0, 185, 0, 0, 121, 1, 0, 136, 4, 169]
1546589490912;[171, 0, 17, 255, 161, 72, 70, 210, 11, 0, 0, 186, 0, 0, 120, 1, 0, 135, 4, 153]
1546589490916;[171, 0, 17, 255, 161, 72, 70, 210, 11, 0, 0, 186, 0, 0, 120, 1, 0, 135, 4, 174]
1546589491086;[171, 0, 17, 255, 161, 72, 70, 210, 11, 0, 0, 183, 0, 0, 120, 1, 0, 136, 4, 163]
1546589491433;[171, 0, 17, 255, 161, 72, 70, 210, 11, 0, 0, 186, 0, 0, 116, 1, 0, 135, 4, 159]
1546589491436;[171, 0, 17, 255, 161, 72, 70, 210, 13, 0, 0, 186, 0, 0, 116, 1, 0, 135, 4, 53]
1546589491440;[171, 0, 17, 255, 161, 72, 70, 210, 13, 0, 0, 184, 0, 0, 121, 1, 0, 135, 4, 51]
1546589491605;[171, 0, 17, 255, 161, 72, 70, 210, 13, 0, 0, 184, 0, 0, 112, 1, 0, 136, 4, 42]
1546589491610;[171, 0, 17, 255, 161, 72, 70, 210, 13, 0, 0, 185, 0, 0, 116, 1, 0, 137, 4, 29]
1546589491947;[171, 0, 17, 255, 161, 72, 70, 210, 14, 0, 0, 181, 0, 0, 116, 1, 0, 136, 4, 25]
1546589491949;[171, 0, 17, 255, 161, 72, 70, 210, 14, 0, 0, 184, 0, 0, 120, 1, 0, 136, 4, 37]
1546589492121;[171, 0, 17, 255, 161, 72, 70, 210, 14, 0, 0, 183, 0, 0, 114, 1, 0, 135, 4, 25]
1546589492125;[171, 0, 17, 255, 161, 72, 70, 210, 14, 0, 0, 179, 0, 0, 120, 1, 0, 135, 4, 23]
1546589492293;[171, 0, 17, 255, 161, 72, 70, 210, 14, 0, 0, 184, 0, 0, 112, 1, 0, 137, 4, 9]
1546589492640;[171, 0, 17, 255, 161, 72, 70, 210, 14, 0, 0, 184, 0, 0, 116, 1, 0, 135, 3, 254]
1546589492644;[171, 0, 4, 255, 132, 128, 81]
1546589492649;[171, 0, 17, 255, 161, 72, 70, 210, 14, 0, 0, 185, 0, 0, 120, 1, 0, 134, 3, 254]
1546589492653;[171, 0, 17, 255, 161, 72, 70, 210, 14, 0, 0, 183, 0, 0, 112, 1, 0, 135, 3, 249]
1546589492811;[171, 0, 17, 255, 161, 72, 70, 210, 14, 0, 0, 183, 0, 0, 120, 1, 0, 135, 4, 4]
1546589492818;[171, 0, 17, 255, 161, 72, 70, 210, 14, 0, 0, 184, 0, 0, 114, 1, 0, 135, 3, 254]
1546589493329;[171, 0, 17, 255, 161, 72, 70, 210, 15, 0, 0, 183, 0, 0, 116, 1, 0, 136, 3, 246]
1546589493333;[171, 0, 17, 255, 161, 72, 70, 210, 15, 0, 0, 184, 0, 0, 120, 1, 0, 135, 3, 240]
1546589493337;[171, 0, 17, 255, 161, 72, 70, 210, 15, 0, 0, 184, 0, 0, 116, 1, 0, 136, 3, 245]
1546589493341;[171, 0, 17, 255, 161, 72, 70, 210, 15, 0, 0, 184, 0, 0, 120, 1, 0, 135, 3, 247]
1546589493501;[171, 0, 17, 255, 161, 72, 70, 210, 15, 0, 0, 184, 0, 0, 120, 1, 0, 135, 3, 227]
1546589493505;[171, 0, 17, 255, 161, 72, 70, 210, 15, 0, 0, 179, 0, 0, 120, 1, 0, 140, 3, 241]
1546589493509;[171, 0, 4, 255, 132, 128, 81]
1546589494020;[171, 0, 17, 255, 161, 72, 70, 210, 15, 0, 0, 185, 0, 0, 121, 1, 0, 136, 3, 232]
1546589494024;[171, 0, 17, 255, 161, 72, 70, 210, 15, 0, 0, 184, 0, 0, 124, 1, 0, 135, 3, 209]
1546589494028;[171, 0, 17, 255, 161, 72, 70, 210, 15, 0, 0, 187, 0, 0, 112, 1, 0, 141, 4, 71]
1546589494192;[171, 0, 17, 255, 161, 72, 70, 210, 15, 0, 0, 201, 0, 0, 109, 1, 0, 158, 4, 232]
1546589494196;[171, 0, 17, 255, 161, 72, 70, 210, 16, 0, 1, 12, 0, 0, 83, 1, 0, 192, 3, 177]
1546589494200;[171, 0, 17, 255, 161, 72, 70, 210, 16, 0, 0, 209, 0, 0, 38, 1, 0, 198, 2, 150]
1546589494363;[171, 0, 17, 255, 161, 72, 70, 210, 16, 0, 0, 143, 1, 0, 2, 1, 0, 206, 1, 38]
1546589494367;[171, 0, 17, 255, 161, 72, 70, 210, 16, 0, 0, 137, 1, 0, 38, 1, 0, 181, 16, 0]
1546589494536;[171, 0, 17, 255, 161, 72, 70, 210, 16, 0, 0, 129, 1, 0, 51, 1, 0, 153, 5, 250]
1546589494540;[171, 0, 17, 255, 161, 72, 70, 210, 16, 0, 0, 131, 1, 0, 61, 1, 0, 172, 4, 222]
1546589494708;[171, 0, 4, 255, 132, 128, 81]
1546589494717;[171, 0, 17, 255, 161, 72, 70, 210, 16, 0, 0, 124, 1, 0, 56, 1, 0, 171, 3, 239]
1546589494880;[171, 0, 17, 255, 161, 72, 70, 210, 16, 0, 0, 162, 1, 0, 39, 1, 0, 175, 3, 37]
1546589495228;[171, 0, 17, 255, 161, 72, 70, 210, 16, 0, 0, 178, 1, 0, 47, 1, 0, 184, 3, 37]
1546589495232;[171, 0, 17, 255, 161, 72, 70, 210, 16, 0, 0, 173, 1, 0, 34, 1, 0, 172, 3, 192]
1546589495236;[171, 0, 17, 255, 161, 72, 70, 210, 17, 0, 0, 181, 1, 0, 9, 1, 0, 163, 3, 144]
1546589495240;[171, 0, 17, 255, 161, 72, 70, 210, 17, 0, 0, 185, 0, 0, 2, 1, 0, 184, 2, 179]
1546589495398;[171, 0, 17, 255, 161, 72, 70, 210, 17, 0, 0, 226, 1, 0, 1, 1, 0, 183, 1, 214]
1546589495571;[171, 0, 17, 255, 161, 72, 70, 210, 17, 0, 0, 177, 1, 0, 10, 1, 0, 187, 16, 167]
1546589495575;[171, 0, 17, 255, 161, 72, 70, 210, 17, 0, 0, 171, 1, 0, 11, 1, 0, 200, 6, 175]
1546589495742;[171, 0, 17, 255, 161, 72, 70, 210, 17, 0, 0, 158, 1, 0, 15, 1, 0, 184, 5, 117]
1546589495746;[171, 0, 4, 255, 132, 128, 82]
1546589495917;[171, 0, 17, 255, 161, 72, 70, 210, 17, 0, 0, 171, 1, 0, 21, 1, 0, 178, 4, 128]
1546589495921;[171, 0, 17, 255, 161, 72, 70, 210, 17, 0, 0, 173, 1, 0, 14, 1, 0, 191, 3, 186]
1546589496089;[171, 0, 17, 255, 161, 72, 70, 210, 17, 0, 0, 171, 1, 0, 4, 1, 0, 191, 2, 241]
1546589496435;[171, 0, 17, 255, 161, 72, 70, 210, 17, 0, 0, 204, 0, 0, 28, 1, 0, 165, 2, 241]
1546589496439;[171, 0, 17, 255, 161, 72, 70, 210, 18, 0, 0, 239, 1, 0, 8, 1, 0, 94, 2, 60]
1546589496445;[171, 0, 17, 255, 161, 72, 70, 210, 18, 0, 0, 156, 1, 0, 34, 1, 0, 78, 1, 127]
1546589496450;[171, 0, 17, 255, 161, 72, 70, 210, 18, 0, 0, 177, 1, 0, 71, 1, 0, 126, 0, 242]
1546589496606;[171, 0, 17, 255, 161, 72, 70, 210, 18, 0, 0, 203, 1, 0, 85, 1, 0, 110, 16, 183]
1546589496610;[171, 0, 17, 255, 161, 72, 70, 210, 18, 0, 0, 197, 1, 0, 39, 1, 0, 125, 7, 119]
1546589496779;[171, 0, 17, 255, 161, 72, 70, 210, 18, 0, 1, 25, 1, 0, 24, 1, 0, 66, 7, 94]
1546589496950;[171, 0, 4, 255, 132, 128, 81]
1546589496955;[171, 0, 17, 255, 161, 72, 70, 210, 18, 0, 1, 25, 0, 0, 1, 1, 0, 74, 7, 27]
1546589497124;[171, 0, 17, 255, 161, 72, 70, 210, 18, 0, 1, 10, 0, 0, 23, 1, 0, 75, 6, 244]
1546589497130;[171, 0, 17, 255, 161, 72, 70, 210, 18, 0, 0, 246, 0, 0, 62, 1, 0, 74, 6, 207]
1546589497295;[171, 0, 17, 255, 161, 72, 70, 210, 18, 0, 0, 185, 0, 0, 115, 1, 0, 119, 7, 80]
1546589497475;[171, 0, 17, 255, 161, 72, 70, 210, 19, 0, 0, 209, 0, 0, 120, 1, 0, 125, 8, 188]
1546589497482;[171, 0, 17, 255, 161, 72, 70, 210, 19, 0, 0, 200, 0, 0, 96, 1, 0, 121, 8, 241]
1546589497815;[171, 0, 17, 255, 161, 72, 70, 210, 19, 0, 0, 200, 0, 0, 101, 1, 0, 118, 8, 237]
1546589497819;[171, 0, 17, 255, 161, 72, 70, 210, 19, 0, 0, 206, 0, 0, 100, 1, 0, 120, 9, 16]
1546589497823;[171, 0, 17, 255, 161, 72, 70, 210, 19, 0, 0, 203, 0, 0, 100, 1, 0, 120, 8, 159]
1546589497828;[171, 0, 17, 255, 161, 72, 70, 210, 19, 0, 0, 204, 0, 0, 103, 1, 0, 124, 4, 149]
1546589497985;[171, 0, 4, 255, 132, 128, 80]
1546589498158;[171, 0, 17, 255, 161, 72, 70, 210, 19, 0, 0, 203, 0, 0, 107, 1, 0, 131, 4, 149]
1546589498162;[171, 0, 17, 255, 161, 72, 70, 210, 19, 0, 0, 201, 0, 0, 106, 1, 0, 127, 4, 149]
1546589498331;[171, 0, 17, 255, 161, 72, 70, 210, 19, 0, 0, 200, 0, 0, 104, 1, 0, 123, 4, 149]
1546589498335;[171, 0, 17, 255, 161, 72, 70, 210, 19, 0, 0, 198, 0, 0, 105, 1, 0, 124, 4, 149]
1546589498676;[171, 0, 17, 255, 161, 72, 70, 210, 20, 0, 0, 197, 0, 0, 105, 1, 0, 124, 4, 149]
1546589498680;[171, 0, 17, 255, 161, 72, 70, 210, 20, 0, 0, 196, 0, 0, 109, 1, 0, 124, 4, 149]
1546589498684;[171, 0, 17, 255, 161, 72, 70, 210, 20, 0, 0, 200, 0, 0, 104, 1, 0, 126, 4, 149]
1546589499023;[171, 0, 17, 255, 161, 72, 70, 210, 20, 0, 0, 197, 0, 0, 104, 1, 0, 125, 4, 149]
1546589499027;[171, 0, 17, 255, 161, 72, 70, 210, 20, 0, 0, 194, 0, 0, 105, 1, 0, 124, 10, 213]
1546589499031;[171, 0, 17, 255, 161, 72, 70, 210, 20, 0, 0, 197, 0, 0, 104, 1, 0, 125, 14, 167]
1546589499036;[171, 0, 4, 255, 132, 128, 79]
1546589499193;[171, 0, 17, 255, 161, 72, 70, 210, 20, 0, 0, 196, 0, 0, 105, 1, 0, 125, 31, 255]
1546589499366;[171, 0, 17, 255, 161, 72, 70, 210, 20, 0, 0, 196, 0, 0, 107, 1, 0, 126, 8, 22]
1546589499371;[171, 0, 17, 255, 161, 72, 70, 210, 20, 0, 0, 196, 0, 0, 107, 1, 0, 128, 8, 22]
1546589499538;[171, 0, 17, 255, 161, 72, 70, 210, 20, 0, 0, 200, 0, 0, 106, 1, 0, 126, 9, 246]
1546589499542;[171, 0, 17, 255, 161, 72, 70, 210, 21, 0, 0, 196, 0, 0, 109, 1, 0, 126, 10, 240]
1546589499710;[171, 0, 17, 255, 161, 72, 70, 210, 21, 0, 0, 196, 0, 0, 105, 1, 0, 126, 11, 214]
1546589499714;[171, 0, 17, 255, 161, 72, 70, 210, 21, 0, 0, 198, 0, 0, 105, 1, 0, 126, 11, 214]
1546589499882;[171, 0, 17, 255, 161, 72, 70, 210, 21, 0, 0, 196, 0, 0, 105, 1, 0, 126, 11, 214]
1546589500058;[171, 0, 17, 255, 161, 72, 70, 210, 21, 0, 0, 197, 0, 0, 105, 1, 0, 125, 11, 202]
1546589500062;[171, 0, 17, 255, 161, 72, 70, 210, 21, 0, 0, 196, 0, 0, 105, 1, 0, 129, 9, 224]
1546589500402;[171, 0, 4, 255, 132, 128, 79]
1546589500407;[171, 0, 17, 255, 161, 72, 70, 210, 21, 0, 0, 194, 0, 0, 105, 1, 0, 128, 9, 224]
1546589500411;[171, 0, 17, 255, 161, 72, 70, 210, 21, 0, 0, 196, 0, 0, 106, 1, 0, 126, 9, 224]
1546589500416;[171, 0, 17, 255, 161, 72, 70, 210, 21, 0, 0, 196, 0, 0, 105, 1, 0, 131, 9, 224]
1546589500573;[171, 0, 17, 255, 161, 72, 70, 210, 21, 0, 0, 194, 0, 0, 109, 1, 0, 129, 13, 140]
1546589500745;[171, 0, 17, 255, 161, 72, 70, 210, 22, 0, 0, 197, 0, 0, 107, 1, 0, 127, 31, 143]
1546589500749;[171, 0, 17, 255, 161, 72, 70, 210, 22, 0, 0, 194, 0, 0, 105, 1, 0, 129, 7, 58]
1546589500919;[171, 0, 17, 255, 161, 72, 70, 210, 22, 0, 0, 195, 0, 0, 104, 1, 0, 125, 5, 41]
1546589500923;[171, 0, 17, 255, 161, 72, 70, 210, 22, 0, 0, 200, 0, 0, 107, 1, 0, 130, 4, 123]
1546589501091;[171, 0, 17, 255, 161, 72, 70, 210, 22, 0, 0, 197, 0, 0, 105, 1, 0, 130, 4, 69]
1546589501263;[171, 0, 17, 255, 161, 72, 70, 210, 22, 0, 0, 192, 0, 0, 107, 1, 0, 130, 4, 69]
1546589501267;[171, 0, 4, 255, 132, 128, 79]
1546589501609;[171, 0, 17, 255, 161, 72, 70, 210, 22, 0, 0, 196, 0, 0, 111, 1, 0, 127, 4, 69]
1546589501613;[171, 0, 17, 255, 161, 72, 70, 210, 22, 0, 0, 192, 0, 0, 107, 1, 0, 132, 10, 45]
1546589501617;[171, 0, 17, 255, 161, 72, 70, 210, 22, 0, 0, 189, 0, 0, 110, 1, 0, 126, 10, 45]
1546589501621;[171, 0, 17, 255, 161, 72, 70, 210, 22, 0, 0, 194, 0, 0, 110, 1, 0, 131, 10, 45]
1546589501781;[171, 0, 17, 255, 161, 72, 70, 210, 23, 0, 0, 196, 0, 0, 109, 1, 0, 129, 10, 45]
1546589501954;[171, 0, 17, 255, 161, 72, 70, 210, 23, 0, 0, 187, 0, 0, 110, 1, 0, 127, 10, 45]
1546589501957;[171, 0, 17, 255, 161, 72, 70, 210, 23, 0, 0, 196, 0, 0, 108, 1, 0, 127, 10, 45]
1546589502126;[171, 0, 17, 255, 161, 72, 70, 210, 23, 0, 0, 194, 0, 0, 110, 1, 0, 126, 2, 243]
1546589502133;[171, 0, 17, 255, 161, 72, 70, 210, 23, 0, 0, 200, 0, 0, 110, 1, 0, 124, 2, 243]
1546589502297;[171, 0, 17, 255, 161, 72, 70, 210, 23, 0, 0, 197, 0, 0, 110, 1, 0, 124, 2, 243]
1546589502472;[171, 0, 4, 255, 132, 128, 79]
1546589502990;[171, 0, 17, 255, 161, 72, 70, 210, 23, 0, 0, 196, 0, 0, 107, 1, 0, 123, 2, 126]
1546589502993;[171, 0, 17, 255, 161, 72, 70, 210, 23, 0, 0, 197, 0, 0, 109, 1, 0, 123, 2, 84]
1546589502998;[171, 0, 17, 255, 161, 72, 70, 210, 23, 0, 0, 196, 0, 0, 110, 1, 0, 123, 3, 38]
1546589503002;[171, 0, 17, 255, 161, 72, 70, 210, 23, 0, 0, 197, 0, 0, 109, 1, 0, 124, 4, 169]
1546589503162;[171, 0, 17, 255, 161, 72, 70, 210, 24, 0, 0, 192, 0, 0, 109, 1, 0, 125, 5, 241]
1546589503167;[171, 0, 17, 255, 161, 72, 70, 210, 24, 0, 0, 196, 0, 0, 111, 1, 0, 124, 7, 124]
1546589503171;[171, 0, 17, 255, 161, 72, 70, 210, 24, 0, 0, 189, 0, 0, 107, 1, 0, 124, 9, 13]
1546589503175;[171, 0, 17, 255, 161, 72, 70, 210, 24, 0, 0, 191, 0, 0, 111, 1, 0, 124, 9, 13]
1546589503334;[171, 0, 17, 255, 161, 72, 70, 210, 24, 0, 0, 197, 0, 0, 107, 1, 0, 125, 9, 13]
1546589503339;[171, 0, 17, 255, 161, 72, 70, 210, 24, 0, 0, 191, 0, 0, 107, 1, 0, 125, 6, 59]
1546589503504;[171, 0, 4, 255, 132, 128, 79]
1546589503508;[171, 0, 17, 255, 161, 72, 70, 210, 24, 0, 0, 197, 0, 0, 106, 1, 0, 125, 6, 167]
1546589503678;[171, 0, 17, 255, 161, 72, 70, 210, 24, 0, 0, 192, 0, 0, 110, 1, 0, 126, 5, 79]
1546589503850;[171, 0, 17, 255, 161, 72, 70, 210, 24, 0, 0, 196, 0, 0, 107, 1, 0, 125, 5, 79]
1546589503854;[171, 0, 17, 255, 161, 72, 70, 210, 24, 0, 0, 197, 0, 0, 109, 1, 0, 128, 5, 79]
1546589504196;[171, 0, 17, 255, 161, 72, 70, 210, 25, 0, 0, 198, 0, 0, 107, 1, 0, 129, 5, 79]
1546589504200;[171, 0, 17, 255, 161, 72, 70, 210, 25, 0, 0, 196, 0, 0, 104, 1, 0, 128, 5, 229]
1546589504205;[171, 0, 17, 255, 161, 72, 70, 210, 25, 0, 0, 197, 0, 0, 109, 1, 0, 125, 6, 28]
1546589504369;[171, 0, 17, 255, 161, 72, 70, 210, 25, 0, 0, 197, 0, 0, 107, 1, 0, 126, 6, 243]
1546589504373;[171, 0, 17, 255, 161, 72, 70, 210, 25, 0, 0, 194, 0, 0, 106, 1, 0, 126, 6, 187]
1546589504541;[171, 0, 17, 255, 161, 72, 70, 210, 25, 0, 0, 191, 0, 0, 109, 1, 0, 126, 5, 249]
1546589504545;[171, 0, 4, 255, 132, 128, 79]
1546589504713;[171, 0, 17, 255, 161, 72, 70, 210, 25, 0, 0, 197, 0, 0, 110, 1, 0, 125, 5, 0]
1546589504717;[171, 0, 17, 255, 161, 72, 70, 210, 25, 0, 0, 187, 0, 0, 106, 1, 0, 129, 5, 140]
1546589504886;[171, 0, 17, 255, 161, 72, 70, 210, 25, 0, 0, 196, 0, 0, 109, 1, 0, 125, 8, 167]
1546589505058;[171, 0, 17, 255, 161, 72, 70, 210, 25, 0, 0, 196, 0, 0, 107, 1, 0, 126, 8, 221]
1546589505062;[171, 0, 17, 255, 161, 72, 70, 210, 26, 0, 0, 196, 0, 0, 109, 1, 0, 130, 8, 217]
1546589505404;[171, 0, 17, 255, 161, 72, 70, 210, 26, 0, 0, 197, 0, 0, 107, 1, 0, 126, 9, 126]
1546589505408;[171, 0, 17, 255, 161, 72, 70, 210, 26, 0, 0, 196, 0, 0, 107, 1, 0, 125, 9, 111]
1546589505412;[171, 0, 17, 255, 161, 72, 70, 210, 26, 0, 0, 191, 0, 0, 110, 1, 0, 125, 7, 189]
1546589505417;[171, 0, 17, 255, 161, 72, 70, 210, 26, 0, 0, 191, 0, 0, 110, 1, 0, 126, 7, 62]
1546589505576;[171, 0, 17, 255, 161, 72, 70, 210, 26, 0, 0, 196, 0, 0, 109, 1, 0, 125, 7, 155]
1546589505748;[171, 0, 4, 255, 132, 128, 79]
1546589505752;[171, 0, 17, 255, 161, 72, 70, 210, 26, 0, 0, 196, 0, 0, 109, 1, 0, 128, 7, 40]
1546589505922;[171, 0, 17, 255, 161, 72, 70, 210, 26, 0, 0, 197, 0, 0, 109, 1, 0, 129, 6, 72]
1546589505926;[171, 0, 17, 255, 161, 72, 70, 210, 26, 0, 0, 192, 0, 0, 109, 1, 0, 126, 5, 49]
1546589506093;[171, 0, 17, 255, 161, 72, 70, 210, 26, 0, 0, 191, 0, 0, 107, 1, 0, 125, 5, 192]
1546589506266;[171, 0, 17, 255, 161, 72, 70, 210, 27, 0, 0, 197, 0, 0, 107, 1, 0, 126, 7, 113]
1546589506270;[171, 0, 17, 255, 161, 72, 70, 210, 27, 0, 0, 198, 0, 0, 105, 1, 0, 129, 8, 230]
1546589506438;[171, 0, 17, 255, 161, 72, 70, 210, 27, 0, 0, 196, 0, 0, 107, 1, 0, 126, 11, 9]
1546589506442;[171, 0, 17, 255, 161, 72, 70, 210, 27, 0, 0, 197, 0, 0, 109, 1, 0, 128, 13, 147]
1546589506785;[171, 0, 17, 255, 161, 72, 70, 210, 27, 0, 0, 196, 0, 0, 107, 1, 0, 125, 13, 147]
1546589506789;[171, 0, 17, 255, 161, 72, 70, 210, 27, 0, 0, 196, 0, 0, 109, 1, 0, 129, 13, 147]
1546589506793;[171, 0, 4, 255, 132, 128, 79]
1546589506956;[171, 0, 17, 255, 161, 72, 70, 210, 27, 0, 0, 198, 0, 0, 107, 1, 0, 126, 31, 212]
1546589506960;[171, 0, 17, 255, 161, 72, 70, 210, 27, 0, 0, 194, 0, 0, 109, 1, 0, 128, 9, 20]
1546589507130;[171, 0, 17, 255, 161, 72, 70, 210, 27, 0, 0, 194, 0, 0, 109, 1, 0, 128, 11, 9]
1546589507134;[171, 0, 17, 255, 161, 72, 70, 210, 27, 0, 0, 196, 0, 0, 107, 1, 0, 130, 13, 150]
1546589507477;[171, 0, 17, 255, 161, 72, 70, 210, 28, 0, 0, 196, 0, 0, 109, 1, 0, 129, 13, 150]
1546589507482;[171, 0, 17, 255, 161, 72, 70, 210, 28, 0, 0, 196, 0, 0, 104, 1, 0, 124, 13, 150]
1546589507487;[171, 0, 17, 255, 161, 72, 70, 210, 28, 0, 0, 197, 0, 0, 104, 1, 0, 128, 9, 233]
1546589507660;[171, 0, 17, 255, 161, 72, 70, 210, 28, 0, 0, 194, 0, 0, 104, 1, 0, 131, 7, 201]
1546589507662;[171, 0, 17, 255, 161, 72, 70, 210, 28, 0, 0, 197, 0, 0, 104, 1, 0, 126, 7, 201]
1546589507993;[171, 0, 17, 255, 161, 72, 70, 210, 28, 0, 0, 201, 0, 0, 102, 1, 0, 123, 5, 243]
1546589507996;[171, 0, 4, 255, 132, 128, 79]
1546589508001;[171, 0, 17, 255, 161, 72, 70, 210, 28, 0, 0, 200, 0, 0, 101, 1, 0, 121, 4, 248]
1546589508164;[171, 0, 17, 255, 161, 72, 70, 210, 28, 0, 0, 206, 0, 0, 104, 1, 0, 120, 2, 107]
1546589508167;[171, 0, 17, 255, 161, 72, 70, 210, 28, 0, 0, 207, 0, 0, 96, 1, 0, 115, 16, 167]
1546589508332;[171, 0, 17, 255, 161, 72, 70, 210, 28, 0, 0, 211, 0, 0, 97, 1, 0, 108, 5, 17]
1546589508334;[171, 0, 17, 255, 161, 72, 70, 210, 29, 0, 0, 215, 0, 0, 98, 1, 0, 112, 6, 230]
1546589508508;[171, 0, 17, 255, 161, 72, 70, 210, 29, 0, 0, 209, 0, 0, 93, 1, 0, 110, 9, 184]
1546589508512;[171, 0, 17, 255, 161, 72, 70, 210, 29, 0, 0, 214, 0, 0, 97, 1, 0, 107, 10, 250]
1546589508680;[171, 0, 17, 255, 161, 72, 70, 210, 29, 0, 0, 217, 0, 0, 100, 1, 0, 106, 12, 91]
1546589508854;[171, 0, 17, 255, 161, 72, 70, 210, 29, 0, 0, 212, 0, 0, 96, 1, 0, 108, 12, 121]
1546589508858;[171, 0, 17, 255, 161, 72, 70, 210, 29, 0, 0, 215, 0, 0, 100, 1, 0, 105, 12, 121]
1546589509372;[171, 0, 4, 255, 132, 128, 79]
1546589509376;[171, 0, 17, 255, 161, 72, 70, 210, 29, 0, 0, 214, 0, 0, 96, 1, 0, 109, 12, 239]
1546589509380;[171, 0, 17, 255, 161, 72, 70, 210, 29, 0, 0, 212, 0, 0, 93, 1, 0, 108, 13, 29]
1546589509384;[171, 0, 17, 255, 161, 72, 70, 210, 29, 0, 0, 212, 0, 0, 96, 1, 0, 110, 13, 23]
1546589509718;[171, 0, 17, 255, 161, 72, 70, 210, 29, 0, 0, 215, 0, 0, 95, 1, 0, 110, 13, 139]
1546589509722;[171, 0, 17, 255, 161, 72, 70, 210, 30, 0, 0, 213, 0, 0, 91, 1, 0, 109, 31, 130]
1546589509726;[171, 0, 17, 255, 161, 72, 70, 210, 30, 0, 0, 211, 0, 0, 92, 1, 0, 109, 8, 117]
1546589509730;[171, 0, 17, 255, 161, 72, 70, 210, 30, 0, 0, 214, 0, 0, 95, 1, 0, 110, 7, 254]
1546589509888;[171, 0, 17, 255, 161, 72, 70, 210, 30, 0, 0, 214, 0, 0, 95, 1, 0, 109, 6, 237]
1546589509891;[171, 0, 17, 255, 161, 72, 70, 210, 30, 0, 0, 213, 0, 0, 93, 1, 0, 109, 6, 240]
1546589510061;[171, 0, 17, 255, 161, 72, 70, 210, 30, 0, 0, 214, 0, 0, 95, 1, 0, 108, 7, 54]
1546589510065;[171, 0, 4, 255, 132, 128, 79]
1546589510233;[171, 0, 17, 255, 161, 72, 70, 210, 30, 0, 0, 211, 0, 0, 93, 1, 0, 109, 8, 126]
1546589510237;[171, 0, 17, 255, 161, 72, 70, 210, 30, 0, 0, 215, 0, 0, 96, 1, 0, 114, 9, 138]
1546589510579;[171, 0, 17, 255, 161, 72, 70, 210, 30, 0, 0, 212, 0, 0, 94, 1, 0, 111, 9, 157]
1546589510585;[171, 0, 17, 255, 161, 72, 70, 210, 30, 0, 0, 214, 0, 0, 94, 1, 0, 110, 10, 199]
1546589510588;[171, 0, 17, 255, 161, 72, 70, 210, 31, 0, 0, 207, 0, 0, 95, 1, 0, 109, 10, 143]
1546589510751;[171, 0, 17, 255, 161, 72, 70, 210, 31, 0, 0, 212, 0, 0, 98, 1, 0, 109, 10, 45]
1546589510755;[171, 0, 17, 255, 161, 72, 70, 210, 31, 0, 0, 212, 0, 0, 98, 1, 0, 110, 10, 111]
1546589510924;[171, 0, 17, 255, 161, 72, 70, 210, 31, 0, 0, 208, 0, 0, 97, 1, 0, 110, 10, 111]
1546589510927;[171, 0, 17, 255, 161, 72, 70, 210, 31, 0, 0, 213, 0, 0, 96, 1, 0, 109, 10, 111]
1546589511096;[171, 0, 17, 255, 161, 72, 70, 210, 31, 0, 0, 212, 0, 0, 96, 1, 0, 110, 10, 14]
1546589511268;[171, 0, 4, 255, 132, 128, 80]
1546589511273;[171, 0, 17, 255, 161, 72, 70, 210, 31, 0, 0, 211, 0, 0, 95, 1, 0, 111, 9, 193]
1546589511441;[171, 0, 17, 255, 161, 72, 70, 210, 31, 0, 0, 211, 0, 0, 96, 1, 0, 109, 9, 10]
1546589511446;[171, 0, 17, 255, 161, 72, 70, 210, 31, 0, 0, 211, 0, 0, 97, 1, 0, 111, 8, 136]
1546589511959;[171, 0, 17, 255, 161, 72, 70, 210, 31, 0, 0, 209, 0, 0, 94, 1, 0, 111, 8, 54]
1546589511964;[171, 0, 17, 255, 161, 72, 70, 210, 32, 0, 0, 215, 0, 0, 95, 1, 0, 109, 8, 47]
1546589511968;[171, 0, 17, 255, 161, 72, 70, 210, 32, 0, 0, 215, 0, 0, 93, 1, 0, 109, 7, 223]
1546589511972;[171, 0, 17, 255, 161, 72, 70, 210, 32, 0, 0, 212, 0, 0, 96, 1, 0, 110, 7, 102]
1546589512305;[171, 0, 17, 255, 161, 72, 70, 210, 32, 0, 0, 217, 0, 0, 96, 1, 0, 110, 7, 139]
1546589512312;[171, 0, 17, 255, 161, 72, 70, 210, 32, 0, 0, 211, 0, 0, 96, 1, 0, 109, 7, 100]
1546589512315;[171, 0, 17, 255, 161, 72, 70, 210, 32, 0, 0, 213, 0, 0, 97, 1, 0, 112, 7, 60]
1546589512317;[171, 0, 4, 255, 132, 128, 81]
1546589512478;[171, 0, 17, 255, 161, 72, 70, 210, 32, 0, 0, 211, 0, 0, 93, 1, 0, 112, 7, 71]
1546589512484;[171, 0, 17, 255, 161, 72, 70, 210, 32, 0, 0, 209, 0, 0, 95, 1, 0, 111, 7, 60]
1546589512647;[171, 0, 17, 255, 161, 72, 70, 210, 32, 0, 0, 212, 0, 0, 93, 1, 0, 109, 7, 55]
1546589512651;[171, 0, 17, 255, 161, 72, 70, 210, 32, 0, 0, 210, 0, 0, 93, 1, 0, 111, 7, 34]
1546589512821;[171, 0, 17, 255, 161, 72, 70, 210, 33, 0, 0, 212, 0, 0, 95, 1, 0, 109, 6, 109]
1546589512825;[171, 0, 17, 255, 161, 72, 70, 210, 33, 0, 0, 211, 0, 0, 91, 1, 0, 109, 5, 230]
1546589513168;[171, 0, 17, 255, 161, 72, 70, 210, 33, 0, 0, 212, 0, 0, 93, 1, 0, 106, 5, 94]
1546589513172;[171, 0, 17, 255, 161, 72, 70, 210, 33, 0, 0, 212, 0, 0, 96, 1, 0, 109, 5, 99]
1546589513176;[171, 0, 17, 255, 161, 72, 70, 210, 33, 0, 0, 214, 0, 0, 97, 1, 0, 108, 4, 249]
1546589513338;[171, 0, 17, 255, 161, 72, 70, 210, 35, 0, 0, 223, 0, 0, 88, 1, 0, 87, 14, 91]
1546589513510;[171, 0, 17, 255, 161, 72, 70, 210, 35, 0, 0, 228, 0, 0, 91, 1, 0, 87, 15, 33]
1546589513514;[171, 0, 17, 255, 161, 72, 70, 210, 35, 0, 0, 224, 0, 0, 86, 1, 0, 85, 31, 169]
1546589513683;[171, 0, 17, 255, 161, 72, 70, 210, 35, 0, 0, 221, 0, 0, 91, 1, 0, 88, 7, 249]
1546589513856;[171, 0, 17, 255, 161, 72, 70, 210, 36, 0, 0, 221, 0, 0, 89, 1, 0, 88, 7, 236]
1546589514028;[171, 0, 17, 255, 161, 72, 70, 210, 36, 0, 0, 223, 0, 0, 88, 1, 0, 87, 7, 228]
1546589514032;[171, 0, 17, 255, 161, 72, 70, 210, 36, 0, 0, 223, 0, 0, 89, 1, 0, 87, 7, 226]
1546589514375;[171, 0, 17, 255, 161, 72, 70, 210, 36, 0, 0, 226, 0, 0, 89, 1, 0, 86, 7, 225]
1546589514379;[171, 0, 17, 255, 161, 72, 70, 210, 36, 0, 0, 225, 0, 0, 91, 1, 0, 85, 7, 227]
1546589514383;[171, 0, 17, 255, 161, 72, 70, 210, 36, 0, 0, 228, 0, 0, 91, 1, 0, 70, 7, 199]
1546589514719;[171, 0, 4, 255, 132, 128, 83]
1546589514724;[171, 0, 17, 255, 161, 72, 70, 210, 36, 0, 0, 208, 0, 0, 95, 1, 0, 100, 7, 141]
1546589514728;[171, 0, 17, 255, 161, 72, 70, 210, 36, 0, 0, 204, 0, 0, 105, 1, 0, 97, 7, 82]
1546589514732;[171, 0, 17, 255, 161, 72, 70, 210, 36, 0, 0, 217, 0, 0, 104, 1, 0, 98, 7, 105]
1546589514890;[171, 0, 17, 255, 161, 72, 70, 210, 36, 0, 0, 211, 0, 0, 101, 1, 0, 98, 7, 112]
1546589515064;[171, 0, 17, 255, 161, 72, 70, 210, 37, 0, 0, 208, 0, 0, 96, 1, 0, 101, 7, 112]
1546589515068;[171, 0, 17, 255, 161, 72, 70, 210, 37, 0, 0, 211, 0, 0, 95, 1, 0, 96, 7, 130]
1546589515237;[171, 0, 17, 255, 161, 72, 70, 210, 37, 0, 0, 221, 0, 0, 95, 1, 0, 109, 7, 109]
1546589515241;[171, 0, 17, 255, 161, 72, 70, 210, 37, 0, 0, 214, 0, 0, 105, 1, 0, 87, 7, 129]
1546589515408;[171, 0, 17, 255, 161, 72, 70, 210, 37, 0, 0, 189, 0, 0, 116, 1, 0, 100, 7, 105]
1546589515412;[171, 0, 17, 255, 161, 72, 70, 210, 37, 0, 0, 196, 0, 0, 176, 1, 0, 114, 7, 94]
1546589515753;[171, 0, 4, 255, 132, 128, 83]
1546589515757;[171, 0, 17, 255, 161, 72, 70, 210, 37, 0, 0, 167, 0, 0, 111, 1, 0, 141, 7, 91]
1546589515761;[171, 0, 17, 255, 161, 72, 70, 210, 37, 0, 0, 183, 0, 0, 128, 1, 0, 129, 7, 111]
1546589515926;[171, 0, 17, 255, 161, 72, 70, 210, 37, 0, 0, 181, 0, 0, 129, 1, 0, 131, 7, 127]
1546589515930;[171, 0, 17, 255, 161, 72, 70, 210, 37, 0, 0, 179, 0, 0, 112, 1, 0, 145, 7, 111]
1546589516099;[171, 0, 17, 255, 161, 72, 70, 210, 38, 0, 0, 178, 0, 0, 129, 1, 0, 145, 7, 131]
1546589516270;[171, 0, 17, 255, 161, 72, 70, 210, 38, 0, 0, 178, 0, 0, 116, 1, 0, 135, 7, 116]
1546589516274;[171, 0, 17, 255, 161, 72, 70, 210, 38, 0, 0, 178, 0, 0, 109, 1, 0, 136, 7, 115]
1546589516445;[171, 0, 17, 255, 161, 72, 70, 210, 38, 0, 0, 187, 0, 0, 118, 1, 0, 140, 7, 105]
1546589516452;[171, 0, 17, 255, 161, 72, 70, 210, 38, 0, 0, 187, 0, 0, 111, 1, 0, 131, 7, 114]
1546589516617;[171, 0, 17, 255, 161, 72, 70, 210, 38, 0, 0, 186, 0, 0, 116, 1, 0, 130, 7, 128]
1546589516621;[171, 0, 4, 255, 132, 128, 83]
1546589517135;[171, 0, 17, 255, 161, 72, 70, 210, 38, 0, 0, 186, 0, 0, 109, 1, 0, 134, 7, 142]
1546589517139;[171, 0, 17, 255, 161, 72, 70, 210, 38, 0, 0, 183, 0, 0, 128, 1, 0, 135, 7, 190]
1546589517144;[171, 0, 17, 255, 161, 72, 70, 210, 38, 0, 0, 186, 0, 0, 112, 1, 0, 132, 7, 203]
1546589517148;[171, 0, 17, 255, 161, 72, 70, 210, 38, 0, 0, 194, 0, 0, 107, 1, 0, 123, 7, 215]
1546589517306;[171, 0, 17, 255, 161, 72, 70, 210, 39, 0, 0, 191, 0, 0, 125, 1, 0, 125, 7, 248]
1546589517310;[171, 0, 17, 255, 161, 72, 70, 210, 39, 0, 0, 196, 0, 0, 116, 1, 0, 127, 7, 244]
1546589517316;[171, 0, 17, 255, 161, 72, 70, 210, 39, 0, 0, 185, 0, 0, 120, 1, 0, 132, 7, 250]
1546589517478;[171, 0, 17, 255, 161, 72, 70, 210, 39, 0, 0, 182, 0, 0, 127, 1, 0, 121, 8, 2]
1546589517824;[171, 0, 17, 255, 161, 72, 70, 210, 39, 0, 0, 186, 0, 0, 110, 1, 0, 129, 8, 2]
1546589517828;[171, 0, 17, 255, 161, 72, 70, 210, 39, 0, 0, 189, 0, 0, 116, 1, 0, 125, 8, 14]
1546589517832;[171, 0, 4, 255, 132, 128, 84]
1546589517837;[171, 0, 17, 255, 161, 72, 70, 210, 39, 0, 0, 184, 0, 0, 116, 1, 0, 134, 8, 17]
1546589518342;[171, 0, 17, 255, 161, 72, 70, 210, 39, 0, 0, 183, 0, 0, 110, 1, 0, 131, 8, 19]
1546589518346;[171, 0, 17, 255, 161, 72, 70, 210, 39, 0, 0, 181, 0, 0, 110, 1, 0, 134, 8, 26]
1546589518350;[171, 0, 17, 255, 161, 72, 70, 210, 39, 0, 0, 203, 0, 0, 121, 1, 0, 133, 8, 67]
1546589518354;[171, 0, 17, 255, 161, 72, 70, 210, 40, 0, 0, 183, 0, 0, 112, 1, 0, 124, 8, 54]
1546589518514;[171, 0, 17, 255, 161, 72, 70, 210, 40, 0, 0, 196, 0, 0, 109, 1, 0, 125, 8, 55]
1546589518518;[171, 0, 17, 255, 161, 72, 70, 210, 40, 0, 0, 186, 0, 0, 111, 1, 0, 128, 8, 81]
1546589518522;[171, 0, 17, 255, 161, 72, 70, 210, 40, 0, 0, 189, 0, 0, 116, 1, 0, 127, 8, 90]
1546589518686;[171, 0, 17, 255, 161, 72, 70, 210, 40, 0, 0, 198, 0, 0, 122, 1, 0, 126, 8, 101]
1546589518859;[171, 0, 17, 255, 161, 72, 70, 210, 40, 0, 0, 187, 0, 0, 111, 1, 0, 129, 8, 88]
1546589518862;[171, 0, 4, 255, 132, 128, 84]
1546589519031;[171, 0, 17, 255, 161, 72, 70, 210, 40, 0, 0, 186, 0, 0, 116, 1, 0, 128, 8, 108]
1546589519035;[171, 0, 17, 255, 161, 72, 70, 210, 40, 0, 0, 191, 0, 0, 121, 1, 0, 129, 8, 105]
1546589519204;[171, 0, 17, 255, 161, 72, 70, 210, 40, 0, 0, 185, 0, 0, 116, 1, 0, 129, 8, 108]
1546589519208;[171, 0, 17, 255, 161, 72, 70, 210, 40, 0, 0, 191, 0, 0, 120, 1, 0, 125, 8, 124]
1546589519549;[171, 0, 17, 255, 161, 72, 70, 210, 41, 0, 0, 185, 0, 0, 116, 1, 0, 126, 8, 139]
1546589519552;[171, 0, 17, 255, 161, 72, 70, 210, 41, 0, 0, 192, 0, 0, 124, 1, 0, 131, 8, 176]
1546589519556;[171, 0, 17, 255, 161, 72, 70, 210, 41, 0, 0, 187, 0, 0, 120, 1, 0, 124, 8, 214]
1546589519720;[171, 0, 17, 255, 161, 72, 70, 210, 41, 0, 0, 191, 0, 0, 112, 1, 0, 125, 8, 219]
1546589519724;[171, 0, 17, 255, 161, 72, 70, 210, 41, 0, 0, 186, 0, 0, 121, 1, 0, 133, 8, 213]
1546589519961;[171, 0, 17, 255, 161, 72, 70, 210, 41, 0, 0, 184, 0, 0, 120, 1, 0, 129, 8, 233]
1546589520066;[171, 0, 4, 255, 132, 128, 83]
1546589520070;[171, 0, 17, 255, 161, 72, 70, 210, 41, 0, 0, 185, 0, 0, 116, 1, 0, 125, 8, 243]
1546589520238;[171, 0, 17, 255, 161, 72, 70, 210, 41, 0, 0, 187, 0, 0, 114, 1, 0, 131, 8, 246]
1546589520242;[171, 0, 17, 255, 161, 72, 70, 210, 41, 0, 0, 187, 0, 0, 116, 1, 0, 128, 9, 23]
1546589520411;[171, 0, 17, 255, 161, 72, 70, 210, 41, 0, 0, 187, 0, 0, 116, 1, 0, 131, 9, 58]
1546589520415;[171, 0, 17, 255, 161, 72, 70, 210, 42, 0, 0, 187, 0, 0, 118, 1, 0, 131, 9, 90]
1546589520757;[171, 0, 17, 255, 161, 72, 70, 210, 42, 0, 0, 196, 0, 0, 121, 1, 0, 129, 9, 132]
1546589520761;[171, 0, 17, 255, 161, 72, 70, 210, 42, 0, 0, 186, 0, 0, 122, 1, 0, 129, 9, 88]
1546589520765;[171, 0, 17, 255, 161, 72, 70, 210, 42, 0, 0, 187, 0, 0, 125, 1, 0, 126, 9, 85]
1546589520928;[171, 0, 17, 255, 161, 72, 70, 210, 42, 0, 0, 186, 0, 0, 122, 1, 0, 128, 9, 61]
1546589520932;[171, 0, 17, 255, 161, 72, 70, 210, 42, 0, 0, 186, 0, 0, 121, 1, 0, 125, 9, 66]
1546589521100;[171, 0, 4, 255, 132, 128, 83]
1546589521105;[171, 0, 17, 255, 161, 72, 70, 210, 42, 0, 0, 186, 0, 0, 120, 1, 0, 129, 9, 78]
1546589521273;[171, 0, 17, 255, 161, 72, 70, 210, 42, 0, 0, 187, 0, 0, 121, 1, 0, 131, 9, 93]
1546589521451;[171, 0, 17, 255, 161, 72, 70, 210, 42, 0, 0, 186, 0, 0, 121, 1, 0, 129, 9, 97]
1546589521453;[171, 0, 17, 255, 161, 72, 70, 210, 42, 0, 0, 186, 0, 0, 121, 1, 0, 128, 9, 97]
1546589521618;[171, 0, 17, 255, 161, 72, 70, 210, 43, 0, 0, 187, 0, 0, 124, 1, 0, 125, 9, 125]
1546589521622;[171, 0, 17, 255, 161, 72, 70, 210, 43, 0, 0, 186, 0, 0, 124, 1, 0, 126, 9, 122]
1546589521790;[171, 0, 17, 255, 161, 72, 70, 210, 43, 0, 0, 191, 0, 0, 134, 1, 0, 125, 9, 97]
1546589522137;[171, 0, 17, 255, 161, 72, 70, 210, 43, 0, 0, 186, 0, 0, 115, 1, 0, 129, 9, 24]
1546589522141;[171, 0, 17, 255, 161, 72, 70, 210, 43, 0, 0, 183, 0, 0, 124, 1, 0, 133, 9, 3]
1546589522145;[171, 0, 17, 255, 161, 72, 70, 210, 43, 0, 0, 186, 0, 0, 121, 1, 0, 131, 9, 7]
1546589522149;[171, 0, 4, 255, 132, 128, 83]
1546589522481;[171, 0, 17, 255, 161, 72, 70, 210, 43, 0, 0, 187, 0, 0, 125, 1, 0, 131, 9, 3]
1546589522484;[171, 0, 17, 255, 161, 72, 70, 210, 43, 0, 0, 186, 0, 0, 121, 1, 0, 124, 8, 247]
1546589522488;[171, 0, 17, 255, 161, 72, 70, 210, 43, 0, 0, 187, 0, 0, 121, 1, 0, 126, 8, 216]
1546589522654;[171, 0, 17, 255, 161, 72, 70, 210, 43, 0, 0, 186, 0, 0, 121, 1, 0, 127, 8, 197]
1546589522658;[171, 0, 17, 255, 161, 72, 70, 210, 44, 0, 0, 186, 0, 0, 121, 1, 0, 125, 8, 199]
1546589522827;[171, 0, 17, 255, 161, 72, 70, 210, 44, 0, 0, 187, 0, 0, 122, 1, 0, 124, 8, 184]
1546589522831;[171, 0, 17, 255, 161, 72, 70, 210, 44, 0, 0, 186, 0, 0, 116, 1, 0, 126, 8, 170]
1546589522998;[171, 0, 17, 255, 161, 72, 70, 210, 44, 0, 0, 196, 0, 0, 121, 1, 0, 125, 8, 157]
1546589523344;[171, 0, 17, 255, 161, 72, 70, 210, 44, 0, 0, 194, 0, 0, 111, 1, 0, 128, 8, 145]
1546589523348;[171, 0, 17, 255, 161, 72, 70, 210, 44, 0, 0, 194, 0, 0, 111, 1, 0, 120, 8, 137]
1546589523352;[171, 0, 4, 255, 132, 128, 82]
1546589523356;[171, 0, 17, 255, 161, 72, 70, 210, 44, 0, 0, 200, 0, 0, 110, 1, 0, 120, 8, 136]
1546589523516;[171, 0, 17, 255, 161, 72, 70, 210, 44, 0, 0, 206, 0, 0, 109, 1, 0, 114, 8, 142]
1546589523520;[171, 0, 17, 255, 161, 72, 70, 210, 44, 0, 0, 207, 0, 0, 109, 1, 0, 108, 8, 149]
1546589523688;[171, 0, 17, 255, 161, 72, 70, 210, 44, 0, 0, 209, 0, 0, 105, 1, 0, 111, 8, 139]
1546589523861;[171, 0, 17, 255, 161, 72, 70, 210, 45, 0, 0, 210, 0, 0, 106, 1, 0, 109, 8, 122]
1546589523889;[171, 0, 17, 255, 161, 72, 70, 210, 45, 0, 0, 211, 0, 0, 103, 1, 0, 105, 8, 107]
1546589524033;[171, 0, 17, 255, 161, 72, 70, 210, 45, 0, 0, 213, 0, 0, 109, 1, 0, 105, 8, 121]
1546589524037;[171, 0, 17, 255, 161, 72, 70, 210, 45, 0, 0, 216, 0, 0, 104, 1, 0, 102, 8, 91]
1546589524207;[171, 0, 17, 255, 161, 72, 70, 210, 45, 0, 0, 214, 0, 0, 105, 1, 0, 104, 8, 69]
1546589524211;[171, 0, 17, 255, 161, 72, 70, 210, 45, 0, 0, 214, 0, 0, 107, 1, 0, 100, 8, 37]
1546589524378;[171, 0, 4, 255, 132, 128, 82]
1546589524898;[171, 0, 17, 255, 161, 72, 70, 210, 45, 0, 0, 204, 0, 0, 109, 1, 0, 108, 7, 255]
1546589524904;[171, 0, 17, 255, 161, 72, 70, 210, 45, 0, 0, 197, 0, 0, 128, 1, 0, 109, 7, 134]
1546589524908;[171, 0, 17, 255, 161, 72, 70, 210, 45, 0, 0, 204, 0, 0, 120, 1, 0, 106, 7, 62]
1546589525070;[171, 0, 17, 255, 161, 72, 70, 210, 45, 0, 0, 203, 0, 0, 120, 1, 0, 108, 7, 65]
1546589525074;[171, 0, 17, 255, 161, 72, 70, 210, 46, 0, 0, 204, 0, 0, 111, 1, 0, 108, 7, 65]
1546589525078;[171, 0, 17, 255, 161, 72, 70, 210, 46, 0, 0, 202, 0, 0, 112, 1, 0, 103, 7, 70]
1546589525082;[171, 0, 17, 255, 161, 72, 70, 210, 46, 0, 0, 204, 0, 0, 111, 1, 0, 105, 7, 67]
1546589525241;[171, 0, 17, 255, 161, 72, 70, 210, 46, 0, 0, 204, 0, 0, 111, 1, 0, 104, 7, 63]
1546589525245;[171, 0, 17, 255, 161, 72, 70, 210, 46, 0, 0, 209, 0, 0, 110, 1, 0, 103, 7, 47]
1546589525414;[171, 0, 17, 255, 161, 72, 70, 210, 46, 0, 0, 208, 0, 0, 110, 1, 0, 105, 7, 49]
1546589525418;[171, 0, 4, 255, 132, 128, 80]
1546589525585;[171, 0, 17, 255, 161, 72, 70, 210, 46, 0, 0, 209, 0, 0, 111, 1, 0, 105, 7, 35]
1546589525933;[171, 0, 17, 255, 161, 72, 70, 210, 46, 0, 0, 206, 0, 0, 111, 1, 0, 108, 7, 30]
1546589525937;[171, 0, 17, 255, 161, 72, 70, 210, 46, 0, 0, 204, 0, 0, 109, 1, 0, 109, 7, 37]
1546589525941;[171, 0, 17, 255, 161, 72, 70, 210, 46, 0, 0, 209, 0, 0, 110, 1, 0, 109, 7, 38]
1546589525945;[171, 0, 17, 255, 161, 72, 70, 210, 47, 0, 0, 206, 0, 0, 106, 1, 0, 108, 7, 40]
1546589526104;[171, 0, 17, 255, 161, 72, 70, 210, 47, 0, 0, 213, 0, 0, 109, 1, 0, 103, 7, 20]
1546589526108;[171, 0, 17, 255, 161, 72, 70, 210, 47, 0, 0, 209, 0, 0, 109, 1, 0, 104, 7, 26]
1546589526275;[171, 0, 17, 255, 161, 72, 70, 210, 47, 0, 0, 208, 0, 0, 109, 1, 0, 106, 7, 15]
1546589526448;[171, 0, 17, 255, 161, 72, 70, 210, 47, 0, 0, 207, 0, 0, 109, 1, 0, 104, 7, 6]
1546589526452;[171, 0, 17, 255, 161, 72, 70, 210, 47, 0, 0, 209, 0, 0, 111, 1, 0, 103, 7, 3]
1546589526621;[171, 0, 4, 255, 132, 128, 81]
1546589526625;[171, 0, 17, 255, 161, 72, 70, 210, 47, 0, 0, 212, 0, 0, 110, 1, 0, 106, 7, 3]
1546589526793;[171, 0, 17, 255, 161, 72, 70, 210, 47, 0, 0, 208, 0, 0, 108, 1, 0, 103, 6, 254]
1546589527313;[171, 0, 17, 255, 161, 72, 70, 210, 47, 0, 0, 212, 0, 0, 105, 1, 0, 105, 6, 245]
1546589527316;[171, 0, 17, 255, 161, 72, 70, 210, 47, 0, 0, 209, 0, 0, 109, 1, 0, 108, 6, 244]
1546589527320;[171, 0, 17, 255, 161, 72, 70, 210, 48, 0, 0, 203, 0, 0, 107, 1, 0, 106, 6, 241]
1546589527325;[171, 0, 17, 255, 161, 72, 70, 210, 48, 0, 0, 207, 0, 0, 107, 1, 0, 104, 6, 226]
1546589527484;[171, 0, 17, 255, 161, 72, 70, 210, 48, 0, 0, 204, 0, 0, 109, 1, 0, 103, 6, 236]
1546589527487;[171, 0, 17, 255, 161, 72, 70, 210, 48, 0, 0, 211, 0, 0, 110, 1, 0, 106, 6, 225]
1546589527491;[171, 0, 17, 255, 161, 72, 70, 210, 48, 0, 0, 206, 0, 0, 110, 1, 0, 103, 6, 215]
1546589527661;[171, 0, 17, 255, 161, 72, 70, 210, 48, 0, 0, 209, 0, 0, 107, 1, 0, 105, 6, 199]
1546589527663;[171, 0, 4, 255, 132, 128, 81]
1546589527828;[171, 0, 17, 255, 161, 72, 70, 210, 48, 0, 0, 211, 0, 0, 110, 1, 0, 105, 6, 211]
1546589527831;[171, 0, 17, 255, 161, 72, 70, 210, 48, 0, 0, 209, 0, 0, 110, 1, 0, 104, 6, 202]
1546589528002;[171, 0, 17, 255, 161, 72, 70, 210, 48, 0, 0, 209, 0, 0, 107, 1, 0, 106, 6, 191]
1546589528006;[171, 0, 17, 255, 161, 72, 70, 210, 48, 0, 0, 209, 0, 0, 109, 1, 0, 103, 6, 185]
1546589528173;[171, 0, 17, 255, 161, 72, 70, 210, 49, 0, 0, 203, 0, 0, 109, 1, 0, 105, 6, 186]
1546589528519;[171, 0, 17, 255, 161, 72, 70, 210, 49, 0, 0, 209, 0, 0, 108, 1, 0, 106, 6, 171]
1546589528523;[171, 0, 17, 255, 161, 72, 70, 210, 49, 0, 0, 209, 0, 0, 105, 1, 0, 106, 6, 157]
1546589528527;[171, 0, 17, 255, 161, 72, 70, 210, 49, 0, 0, 211, 0, 0, 109, 1, 0, 104, 6, 167]
1546589528531;[171, 0, 17, 255, 161, 72, 70, 210, 49, 0, 0, 208, 0, 0, 107, 1, 0, 103, 6, 159]
1546589528690;[171, 0, 17, 255, 161, 72, 70, 210, 49, 0, 0, 204, 0, 0, 109, 1, 0, 108, 6, 154]
1546589528863;[171, 0, 4, 255, 132, 128, 80]
1546589528867;[171, 0, 17, 255, 161, 72, 70, 210, 49, 0, 0, 208, 0, 0, 110, 1, 0, 107, 6, 158]
1546589529036;[171, 0, 17, 255, 161, 72, 70, 210, 49, 0, 0, 204, 0, 0, 107, 1, 0, 105, 6, 143]
1546589529039;[171, 0, 17, 255, 161, 72, 70, 210, 49, 0, 0, 208, 0, 0, 110, 1, 0, 107, 6, 132]
1546589529208;[171, 0, 17, 255, 161, 72, 70, 210, 49, 0, 0, 208, 0, 0, 107, 1, 0, 105, 6, 130]
1546589529212;[171, 0, 17, 255, 161, 72, 70, 210, 50, 0, 0, 209, 0, 0, 107, 1, 0, 106, 6, 144]
1546589529382;[171, 0, 17, 255, 161, 72, 70, 210, 50, 0, 0, 209, 0, 0, 109, 1, 0, 103, 6, 130]
1546589529726;[171, 0, 17, 255, 161, 72, 70, 210, 50, 0, 0, 204, 0, 0, 107, 1, 0, 108, 6, 129]
1546589529731;[171, 0, 17, 255, 161, 72, 70, 210, 50, 0, 0, 206, 0, 0, 110, 1, 0, 104, 6, 132]
1546589529735;[171, 0, 17, 255, 161, 72, 70, 210, 50, 0, 0, 209, 0, 0, 110, 1, 0, 105, 6, 128]
1546589529899;[171, 0, 17, 255, 161, 72, 70, 210, 50, 0, 0, 204, 0, 0, 110, 1, 0, 108, 6, 127]
1546589529903;[171, 0, 4, 255, 132, 128, 81]
1546589529907;[171, 0, 17, 255, 161, 72, 70, 210, 50, 0, 0, 206, 0, 0, 105, 1, 0, 105, 6, 130]
1546589530070;[171, 0, 17, 255, 161, 72, 70, 210, 50, 0, 0, 209, 0, 0, 107, 1, 0, 108, 6, 133]
1546589530243;[171, 0, 17, 255, 161, 72, 70, 210, 50, 0, 0, 208, 0, 0, 109, 1, 0, 106, 6, 131]
1546589530247;[171, 0, 17, 255, 161, 72, 70, 210, 50, 0, 0, 206, 0, 0, 109, 1, 0, 108, 6, 139]
1546589530416;[171, 0, 17, 255, 161, 72, 70, 210, 51, 0, 0, 207, 0, 0, 109, 1, 0, 105, 6, 141]
1546589530420;[171, 0, 17, 255, 161, 72, 70, 210, 51, 0, 0, 209, 0, 0, 107, 1, 0, 105, 6, 139]
1546589530588;[171, 0, 17, 255, 161, 72, 70, 210, 51, 0, 0, 206, 0, 0, 109, 1, 0, 105, 6, 136]
1546589530760;[171, 0, 17, 255, 161, 72, 70, 210, 51, 0, 0, 208, 0, 0, 109, 1, 0, 105, 6, 142]
1546589530766;[171, 0, 17, 255, 161, 72, 70, 210, 51, 0, 0, 209, 0, 0, 110, 1, 0, 108, 6, 137]
1546589531107;[171, 0, 17, 255, 161, 72, 70, 210, 51, 0, 0, 208, 0, 0, 110, 1, 0, 108, 6, 136]
1546589531111;[171, 0, 4, 255, 132, 128, 82]
1546589531116;[171, 0, 17, 255, 161, 72, 70, 210, 51, 0, 0, 208, 0, 0, 109, 1, 0, 106, 6, 141]
1546589531120;[171, 0, 17, 255, 161, 72, 70, 210, 51, 0, 0, 209, 0, 0, 109, 1, 0, 108, 6, 139]
1546589531278;[171, 0, 17, 255, 161, 72, 70, 210, 51, 0, 0, 208, 0, 0, 107, 1, 0, 108, 6, 135]
1546589531797;[171, 0, 17, 255, 161, 72, 70, 210, 51, 0, 0, 209, 0, 0, 109, 1, 0, 108, 6, 128]
1546589531801;[171, 0, 17, 255, 161, 72, 70, 210, 52, 0, 0, 206, 0, 0, 110, 1, 0, 108, 6, 142]
1546589531806;[171, 0, 17, 255, 161, 72, 70, 210, 52, 0, 0, 211, 0, 0, 109, 1, 0, 108, 6, 147]
1546589531810;[171, 0, 17, 255, 161, 72, 70, 210, 52, 0, 0, 204, 0, 0, 110, 1, 0, 106, 6, 142]
1546589531969;[171, 0, 17, 255, 161, 72, 70, 210, 52, 0, 0, 207, 0, 0, 109, 1, 0, 106, 6, 143]
1546589531972;[171, 0, 17, 255, 161, 72, 70, 210, 52, 0, 0, 208, 0, 0, 105, 1, 0, 103, 6, 140]
1546589531977;[171, 0, 17, 255, 161, 72, 70, 210, 52, 0, 0, 209, 0, 0, 110, 1, 0, 106, 6, 145]
1546589532315;[171, 0, 4, 255, 132, 128, 81]
1546589532319;[171, 0, 17, 255, 161, 72, 70, 210, 52, 0, 0, 209, 0, 0, 109, 1, 0, 105, 6, 129]
1546589532324;[171, 0, 17, 255, 161, 72, 70, 210, 52, 0, 0, 205, 0, 0, 109, 1, 0, 105, 6, 150]
1546589532327;[171, 0, 17, 255, 161, 72, 70, 210, 52, 0, 0, 206, 0, 0, 109, 1, 0, 106, 6, 149]
1546589532483;[171, 0, 17, 255, 161, 72, 70, 210, 52, 0, 0, 206, 0, 0, 108, 1, 0, 108, 6, 154]
1546589532657;[171, 0, 17, 255, 161, 72, 70, 210, 53, 0, 0, 208, 0, 0, 109, 1, 0, 106, 6, 155]
1546589533006;[171, 0, 17, 255, 161, 72, 70, 210, 53, 0, 0, 210, 0, 0, 107, 1, 0, 105, 6, 156]
1546589533010;[171, 0, 17, 255, 161, 72, 70, 210, 53, 0, 0, 208, 0, 0, 109, 1, 0, 105, 6, 158]
1546589533014;[171, 0, 17, 255, 161, 72, 70, 210, 53, 0, 0, 206, 0, 0, 106, 1, 0, 106, 6, 142]
1546589533018;[171, 0, 17, 255, 161, 72, 70, 210, 53, 0, 0, 212, 0, 0, 109, 1, 0, 106, 6, 161]
1546589533176;[171, 0, 17, 255, 161, 72, 70, 210, 53, 0, 0, 212, 0, 0, 107, 1, 0, 108, 6, 165]
1546589533179;[171, 0, 4, 255, 132, 128, 81]
1546589533348;[171, 0, 17, 255, 161, 72, 70, 210, 53, 0, 0, 211, 0, 0, 109, 1, 0, 108, 6, 163]
1546589533352;[171, 0, 17, 255, 161, 72, 70, 210, 53, 0, 0, 211, 0, 0, 109, 1, 0, 107, 6, 170]
1546589533693;[171, 0, 17, 255, 161, 72, 70, 210, 53, 0, 0, 209, 0, 0, 107, 1, 0, 106, 6, 168]
1546589533697;[171, 0, 17, 255, 161, 72, 70, 210, 53, 0, 0, 206, 0, 0, 110, 1, 0, 103, 6, 151]
1546589533867;[171, 0, 17, 255, 161, 72, 70, 210, 54, 0, 0, 206, 0, 0, 109, 1, 0, 106, 6, 149]
1546589533872;[171, 0, 17, 255, 161, 72, 70, 210, 54, 0, 0, 208, 0, 0, 109, 1, 0, 106, 6, 169]
1546589533876;[171, 0, 17, 255, 161, 72, 70, 210, 54, 0, 0, 204, 0, 0, 109, 1, 0, 108, 6, 174]
1546589534039;[171, 0, 17, 255, 161, 72, 70, 210, 54, 0, 0, 207, 0, 0, 109, 1, 0, 108, 6, 180]
1546589534044;[171, 0, 17, 255, 161, 72, 70, 210, 54, 0, 0, 208, 0, 0, 110, 1, 0, 106, 6, 190]
1546589534211;[171, 0, 17, 255, 161, 72, 70, 210, 54, 0, 0, 203, 0, 0, 106, 1, 0, 109, 6, 190]
1546589534215;[171, 0, 4, 255, 132, 128, 80]
1546589534383;[171, 0, 17, 255, 161, 72, 70, 210, 54, 0, 0, 208, 0, 0, 105, 1, 0, 106, 6, 180]
1546589534556;[171, 0, 17, 255, 161, 72, 70, 210, 54, 0, 0, 207, 0, 0, 109, 1, 0, 104, 6, 172]
1546589534559;[171, 0, 17, 255, 161, 72, 70, 210, 54, 0, 0, 209, 0, 0, 105, 1, 0, 109, 6, 191]
1546589534903;[171, 0, 17, 255, 161, 72, 70, 210, 54, 0, 0, 210, 0, 0, 106, 1, 0, 109, 6, 205]
1546589534907;[171, 0, 17, 255, 161, 72, 70, 210, 55, 0, 0, 214, 0, 0, 106, 1, 0, 102, 6, 205]
1546589534912;[171, 0, 17, 255, 161, 72, 70, 210, 55, 0, 0, 214, 0, 0, 104, 1, 0, 105, 6, 191]
1546589534916;[171, 0, 17, 255, 161, 72, 70, 210, 55, 0, 0, 211, 0, 0, 104, 1, 0, 105, 6, 191]
1546589535074;[171, 0, 17, 255, 161, 72, 70, 210, 55, 0, 0, 209, 0, 0, 106, 1, 0, 106, 6, 184]
1546589535246;[171, 0, 17, 255, 161, 72, 70, 210, 55, 0, 0, 209, 0, 0, 105, 1, 0, 105, 6, 173]
1546589535592;[171, 0, 17, 255, 161, 72, 70, 210, 57, 0, 0, 179, 1, 0, 28, 1, 0, 163, 6, 214]
1546589535595;[171, 0, 17, 255, 161, 72, 70, 210, 57, 0, 0, 183, 1, 0, 38, 1, 0, 178, 5, 207]
1546589535599;[171, 0, 17, 255, 161, 72, 70, 210, 57, 0, 0, 165, 1, 0, 37, 1, 0, 196, 4, 219]
1546589535762;[171, 0, 17, 255, 161, 72, 70, 210, 57, 0, 0, 171, 1, 0, 29, 1, 0, 186, 4, 10]
1546589536111;[171, 0, 17, 255, 161, 72, 70, 210, 58, 0, 0, 163, 1, 0, 33, 1, 0, 204, 3, 97]
1546589536117;[171, 0, 17, 255, 161, 72, 70, 210, 58, 0, 0, 176, 1, 0, 24, 1, 0, 184, 2, 204]
1546589536121;[171, 0, 17, 255, 161, 72, 70, 210, 58, 0, 0, 237, 1, 0, 22, 1, 0, 168, 2, 48]
1546589536124;[171, 0, 17, 255, 161, 72, 70, 210, 58, 0, 0, 156, 1, 0, 19, 1, 0, 214, 1, 136]
1546589536281;[171, 0, 17, 255, 161, 72, 70, 210, 58, 0, 0, 103, 1, 0, 101, 1, 0, 197, 16, 191]
1546589536459;[171, 0, 17, 255, 161, 72, 70, 210, 58, 0, 0, 145, 1, 0, 152, 1, 0, 178, 6, 249]
1546589536464;[171, 0, 4, 255, 132, 128, 81]
1546589536626;[171, 0, 17, 255, 161, 72, 70, 210, 58, 0, 0, 168, 1, 0, 141, 1, 0, 151, 6, 35]
1546589536630;[171, 0, 17, 255, 161, 72, 70, 210, 58, 0, 0, 171, 1, 0, 168, 1, 0, 171, 5, 195]
1546589536798;[171, 0, 17, 255, 161, 72, 70, 210, 58, 0, 0, 126, 1, 0, 166, 1, 0, 180, 5, 179]
1546589536802;[171, 0, 17, 255, 161, 72, 70, 210, 58, 0, 0, 59, 1, 0, 115, 1, 0, 173, 5, 134]
1546589536970;[171, 0, 17, 255, 161, 72, 70, 210, 59, 0, 0, 45, 1, 0, 81, 1, 0, 229, 5, 77]
1546589537144;[171, 0, 17, 255, 161, 72, 70, 210, 59, 0, 0, 33, 1, 0, 56, 1, 0, 250, 5, 77]
1546589537148;[171, 0, 17, 255, 161, 72, 70, 210, 59, 1, 0, 7, 1, 0, 65, 1, 1, 9, 5, 5]
1546589537488;[171, 0, 17, 255, 161, 72, 70, 210, 59, 0, 0, 29, 1, 0, 60, 1, 0, 240, 5, 33]
1546589537492;[171, 0, 17, 255, 161, 72, 70, 210, 59, 0, 0, 36, 1, 0, 60, 1, 0, 220, 5, 51]
1546589537495;[171, 0, 17, 255, 161, 72, 70, 210, 59, 1, 0, 29, 1, 0, 39, 1, 0, 238, 5, 48]
1546589537660;[171, 0, 4, 255, 132, 128, 81]
1546589537664;[171, 0, 17, 255, 161, 72, 70, 210, 59, 1, 0, 61, 1, 0, 46, 1, 1, 16, 4, 210]
1546589537834;[171, 0, 17, 255, 161, 72, 70, 210, 59, 1, 0, 18, 1, 0, 37, 1, 1, 14, 4, 182]
1546589537838;[171, 0, 17, 255, 161, 72, 70, 210, 59, 1, 0, 1, 1, 0, 34, 1, 0, 230, 4, 167]
1546589538007;[171, 0, 17, 255, 161, 72, 70, 210, 59, 1, 0, 19, 1, 0, 34, 1, 0, 212, 4, 123]
1546589538011;[171, 0, 17, 255, 161, 72, 70, 210, 64, 1, 0, 17, 1, 0, 59, 1, 0, 235, 4, 69]
1546589538179;[171, 0, 17, 255, 161, 72, 70, 210, 64, 1, 0, 79, 1, 0, 103, 1, 0, 240, 4, 21]
1546589538352;[171, 0, 17, 255, 161, 72, 70, 210, 64, 0, 0, 17, 1, 0, 98, 1, 0, 206, 3, 208]
1546589538358;[171, 0, 17, 255, 161, 72, 70, 210, 64, 0, 0, 158, 1, 0, 69, 1, 0, 171, 4, 87]
1546589538696;[171, 0, 17, 255, 161, 72, 70, 210, 64, 0, 1, 7, 1, 0, 56, 1, 0, 31, 2, 148]
1546589538700;[171, 0, 17, 255, 161, 72, 70, 210, 64, 0, 1, 37, 1, 0, 38, 0, 0, 3, 2, 148]
1546589538704;[171, 0, 4, 255, 132, 128, 82]
1546589538868;[171, 0, 17, 255, 161, 72, 70, 210, 64, 0, 1, 40, 1, 0, 36, 0, 0, 27, 2, 148]
1546589538871;[171, 0, 17, 255, 161, 72, 70, 210, 64, 0, 1, 8, 1, 0, 33, 0, 0, 35, 2, 148]
1546589539041;[171, 0, 17, 255, 161, 72, 70, 210, 64, 0, 0, 229, 1, 0, 40, 0, 0, 24, 2, 148]
1546589539045;[171, 0, 17, 255, 161, 72, 70, 210, 64, 0, 0, 121, 1, 0, 52, 0, 0, 91, 2, 148]
1546589539214;[171, 0, 17, 255, 161, 72, 70, 210, 65, 0, 0, 198, 1, 0, 24, 0, 0, 101, 16, 0]
1546589539218;[171, 0, 17, 255, 161, 72, 70, 210, 65, 0, 0, 218, 1, 0, 46, 0, 0, 153, 7, 191]
1546589539385;[171, 0, 17, 255, 161, 72, 70, 210, 65, 0, 0, 233, 1, 0, 44, 0, 0, 175, 7, 191]
1546589539731;[171, 0, 17, 255, 161, 72, 70, 210, 65, 0, 0, 177, 1, 0, 56, 0, 0, 182, 7, 191]
1546589539736;[171, 0, 17, 255, 161, 72, 70, 210, 65, 0, 0, 231, 1, 0, 63, 0, 0, 118, 4, 103]
1546589539741;[171, 0, 17, 255, 161, 72, 70, 210, 65, 0, 0, 204, 1, 0, 67, 0, 0, 106, 4, 103]
1546589539745;[171, 0, 4, 255, 132, 128, 82]
1546589540076;[171, 0, 17, 255, 161, 72, 70, 210, 65, 0, 0, 200, 1, 0, 91, 0, 0, 100, 4, 103]
1546589540080;[171, 0, 17, 255, 161, 72, 70, 210, 65, 0, 0, 237, 1, 0, 87, 0, 0, 85, 4, 103]
1546589540084;[171, 0, 17, 255, 161, 72, 70, 210, 65, 0, 0, 221, 1, 0, 89, 0, 0, 72, 4, 62]
1546589540249;[171, 0, 17, 255, 161, 72, 70, 210, 65, 0, 0, 219, 1, 0, 103, 0, 0, 68, 3, 202]
1546589540253;[171, 0, 17, 255, 161, 72, 70, 210, 66, 0, 0, 229, 1, 0, 96, 0, 0, 68, 3, 22]
1546589540423;[171, 0, 17, 255, 161, 72, 70, 210, 66, 0, 0, 225, 1, 0, 97, 0, 0, 68, 2, 180]
1546589540427;[171, 0, 17, 255, 161, 72, 70, 210, 66, 0, 0, 229, 1, 0, 91, 0, 0, 63, 2, 171]
1546589540593;[171, 0, 17, 255, 161, 72, 70, 210, 66, 0, 0, 234, 1, 0, 94, 0, 0, 61, 2, 162]
1546589540766;[171, 0, 17, 255, 161, 72, 70, 210, 66, 0, 0, 232, 1, 0, 92, 0, 0, 53, 2, 136]
1546589540770;[171, 0, 17, 255, 161, 72, 70, 210, 66, 0, 0, 234, 1, 0, 94, 0, 0, 58, 2, 94]
1546589540935;[171, 0, 4, 255, 132, 128, 82]
1546589540940;[171, 0, 17, 255, 161, 72, 70, 210, 66, 0, 0, 233, 1, 0, 92, 0, 0, 53, 2, 134]
1546589541458;[171, 0, 17, 255, 161, 72, 70, 210, 66, 0, 0, 234, 1, 0, 94, 0, 0, 63, 2, 200]
1546589541459;[171, 0, 17, 255, 161, 72, 70, 210, 66, 0, 0, 234, 1, 0, 92, 0, 0, 60, 2, 215]
1546589541466;[171, 0, 17, 255, 161, 72, 70, 210, 66, 0, 0, 228, 1, 0, 95, 0, 0, 62, 2, 231]
1546589541472;[171, 0, 17, 255, 161, 72, 70, 210, 67, 0, 0, 231, 1, 0, 95, 0, 0, 62, 2, 210]
1546589541629;[171, 0, 17, 255, 161, 72, 70, 210, 67, 0, 0, 231, 1, 0, 92, 0, 0, 62, 2, 188]
1546589541633;[171, 0, 17, 255, 161, 72, 70, 210, 67, 0, 0, 228, 1, 0, 95, 0, 0, 58, 2, 182]
1546589541637;[171, 0, 17, 255, 161, 72, 70, 210, 67, 0, 0, 233, 1, 0, 91, 0, 0, 57, 2, 212]
1546589541802;[171, 0, 17, 255, 161, 72, 70, 210, 67, 0, 0, 228, 1, 0, 95, 0, 0, 63, 3, 0]
1546589541806;[171, 0, 17, 255, 161, 72, 70, 210, 67, 0, 0, 234, 1, 0, 92, 0, 0, 65, 3, 22]
1546589541972;[171, 0, 4, 255, 132, 128, 82]
1546589542145;[171, 0, 17, 255, 161, 72, 70, 210, 67, 0, 0, 231, 1, 0, 94, 0, 0, 62, 3, 0]
1546589542149;[171, 0, 17, 255, 161, 72, 70, 210, 67, 0, 0, 229, 1, 0, 92, 0, 0, 57, 3, 0]
1546589542665;[171, 0, 17, 255, 161, 72, 70, 210, 67, 0, 0, 231, 1, 0, 91, 0, 0, 65, 3, 9]
1546589542669;[171, 0, 17, 255, 161, 72, 70, 210, 67, 0, 0, 228, 1, 0, 90, 0, 0, 63, 3, 14]
1546589542674;[171, 0, 17, 255, 161, 72, 70, 210, 68, 0, 0, 234, 1, 0, 86, 0, 0, 64, 3, 129]
1546589542678;[171, 0, 17, 255, 161, 72, 70, 210, 68, 0, 0, 234, 1, 0, 81, 0, 0, 63, 3, 180]
1546589542836;[171, 0, 17, 255, 161, 72, 70, 210, 68, 0, 0, 234, 1, 0, 76, 0, 0, 67, 3, 119]
1546589542841;[171, 0, 17, 255, 161, 72, 70, 210, 68, 0, 0, 240, 1, 0, 77, 0, 0, 70, 3, 100]
1546589542845;[171, 0, 17, 255, 161, 72, 70, 210, 68, 0, 0, 234, 1, 0, 71, 0, 0, 68, 3, 122]
1546589543007;[171, 0, 17, 255, 161, 72, 70, 210, 68, 0, 0, 240, 1, 0, 75, 0, 0, 73, 3, 203]
1546589543011;[171, 0, 4, 255, 132, 128, 81]
1546589543181;[171, 0, 17, 255, 161, 72, 70, 210, 68, 0, 0, 240, 1, 0, 76, 0, 0, 78, 4, 72]
1546589543353;[171, 0, 17, 255, 161, 72, 70, 210, 68, 0, 0, 234, 1, 0, 76, 0, 0, 78, 5, 216]
1546589543357;[171, 0, 17, 255, 161, 72, 70, 210, 68, 0, 0, 223, 1, 0, 86, 0, 0, 81, 6, 181]
1546589543526;[171, 0, 17, 255, 161, 72, 70, 210, 68, 0, 0, 232, 1, 0, 87, 0, 0, 84, 7, 75]
1546589543530;[171, 0, 17, 255, 161, 72, 70, 210, 69, 0, 0, 234, 1, 0, 86, 0, 0, 88, 6, 162]
1546589543891;[171, 0, 17, 255, 161, 72, 70, 210, 69, 0, 0, 224, 1, 0, 87, 0, 0, 77, 4, 178]
1546589543893;[171, 0, 17, 255, 161, 72, 70, 210, 69, 0, 0, 233, 1, 0, 89, 0, 0, 73, 4, 5]
1546589543895;[171, 0, 17, 255, 161, 72, 70, 210, 69, 0, 0, 231, 1, 0, 91, 0, 0, 68, 3, 190]
1546589544045;[171, 0, 17, 255, 161, 72, 70, 210, 69, 0, 0, 231, 1, 0, 92, 0, 0, 68, 3, 181]
1546589544048;[171, 0, 17, 255, 161, 72, 70, 210, 69, 0, 0, 228, 1, 0, 92, 0, 0, 72, 3, 210]
1546589544214;[171, 0, 4, 255, 132, 128, 80]
1546589544218;[171, 0, 17, 255, 161, 72, 70, 210, 69, 0, 0, 232, 1, 0, 89, 0, 0, 70, 3, 220]
1546589544563;[171, 0, 17, 255, 161, 72, 70, 210, 69, 0, 0, 232, 1, 0, 87, 0, 0, 70, 3, 223]
1546589544567;[171, 0, 17, 255, 161, 72, 70, 210, 69, 0, 0, 223, 1, 0, 89, 0, 0, 69, 3, 222]
1546589544572;[171, 0, 17, 255, 161, 72, 70, 210, 69, 0, 0, 228, 1, 0, 92, 0, 0, 72, 3, 209]
1546589544733;[171, 0, 17, 255, 161, 72, 70, 210, 70, 0, 0, 227, 1, 0, 94, 0, 0, 70, 3, 185]
1546589544737;[171, 0, 17, 255, 161, 72, 70, 210, 70, 0, 0, 234, 1, 0, 87, 0, 0, 69, 3, 232]
1546589545081;[171, 0, 17, 255, 161, 72, 70, 210, 70, 0, 0, 229, 1, 0, 95, 0, 0, 70, 3, 249]
1546589545084;[171, 0, 17, 255, 161, 72, 70, 210, 70, 0, 0, 221, 1, 0, 94, 0, 0, 77, 3, 245]
1546589545089;[171, 0, 17, 255, 161, 72, 70, 210, 70, 0, 0, 232, 1, 0, 95, 0, 0, 78, 4, 12]
1546589545251;[171, 0, 17, 255, 161, 72, 70, 210, 70, 0, 0, 224, 1, 0, 89, 0, 0, 72, 3, 253]
1546589545255;[171, 0, 4, 255, 132, 128, 80]
1546589545423;[171, 0, 17, 255, 161, 72, 70, 210, 70, 0, 0, 226, 1, 0, 95, 0, 0, 77, 3, 252]
1546589545427;[171, 0, 17, 255, 161, 72, 70, 210, 70, 0, 0, 223, 1, 0, 95, 0, 0, 69, 3, 250]
1546589545596;[171, 0, 17, 255, 161, 72, 70, 210, 70, 0, 0, 229, 1, 0, 89, 0, 0, 74, 4, 35]
1546589545769;[171, 0, 17, 255, 161, 72, 70, 210, 70, 0, 0, 234, 1, 0, 88, 0, 0, 70, 4, 28]
1546589545773;[171, 0, 17, 255, 161, 72, 70, 210, 71, 0, 0, 226, 1, 0, 95, 0, 0, 68, 4, 88]
1546589545940;[171, 0, 17, 255, 161, 72, 70, 210, 71, 0, 0, 231, 1, 0, 91, 0, 0, 69, 4, 54]
1546589545945;[171, 0, 17, 255, 161, 72, 70, 210, 71, 0, 0, 231, 1, 0, 88, 0, 0, 70, 4, 61]
1546589546114;[171, 0, 17, 255, 161, 72, 70, 210, 71, 0, 0, 225, 1, 0, 88, 0, 0, 70, 4, 41]
1546589546118;[171, 0, 17, 255, 161, 72, 70, 210, 71, 0, 0, 231, 1, 0, 90, 0, 0, 69, 4, 19]
1546589546459;[171, 0, 17, 255, 161, 72, 70, 210, 71, 0, 0, 223, 1, 0, 91, 0, 0, 73, 4, 36]
1546589546463;[171, 0, 4, 255, 132, 128, 79]
1546589546473;[171, 0, 17, 255, 161, 72, 70, 210, 71, 0, 0, 228, 1, 0, 87, 0, 0, 73, 4, 19]
1546589546631;[171, 0, 17, 255, 161, 72, 70, 210, 71, 0, 0, 221, 1, 0, 88, 0, 0, 78, 3, 228]
1546589546634;[171, 0, 17, 255, 161, 72, 70, 210, 71, 0, 0, 234, 1, 0, 87, 0, 0, 79, 3, 247]
1546589546803;[171, 0, 17, 255, 161, 72, 70, 210, 71, 0, 0, 232, 1, 0, 75, 0, 0, 70, 4, 62]
1546589546807;[171, 0, 17, 255, 161, 72, 70, 210, 72, 0, 0, 226, 1, 0, 87, 0, 0, 85, 4, 35]
1546589546976;[171, 0, 17, 255, 161, 72, 70, 210, 72, 0, 0, 231, 1, 0, 76, 0, 0, 78, 3, 209]
1546589547148;[171, 0, 17, 255, 161, 72, 70, 210, 72, 0, 0, 234, 1, 0, 76, 0, 0, 92, 3, 161]
1546589547152;[171, 0, 17, 255, 161, 72, 70, 210, 72, 0, 0, 233, 1, 0, 69, 0, 0, 85, 3, 149]
1546589547321;[171, 0, 17, 255, 161, 72, 70, 210, 72, 0, 0, 231, 1, 0, 73, 0, 0, 88, 3, 197]
1546589547326;[171, 0, 17, 255, 161, 72, 70, 210, 72, 0, 0, 231, 1, 0, 68, 0, 0, 86, 3, 192]
1546589547666;[171, 0, 4, 255, 132, 128, 79]
1546589547671;[171, 0, 17, 255, 161, 72, 70, 210, 72, 0, 0, 231, 1, 0, 73, 0, 0, 81, 3, 194]
1546589547675;[171, 0, 17, 255, 161, 72, 70, 210, 72, 0, 0, 234, 1, 0, 73, 0, 0, 86, 3, 202]
1546589547840;[171, 0, 17, 255, 161, 72, 70, 210, 72, 0, 0, 236, 1, 0, 69, 0, 0, 78, 3, 191]
1546589547844;[171, 0, 17, 255, 161, 72, 70, 210, 72, 0, 0, 234, 1, 0, 74, 0, 0, 80, 3, 195]
1546589548011;[171, 0, 17, 255, 161, 72, 70, 210, 73, 0, 0, 236, 1, 0, 71, 0, 0, 78, 3, 195]
1546589548015;[171, 0, 17, 255, 161, 72, 70, 210, 73, 0, 0, 228, 1, 0, 76, 0, 0, 80, 3, 231]
1546589548183;[171, 0, 17, 255, 161, 72, 70, 210, 73, 0, 0, 236, 1, 0, 75, 0, 0, 78, 3, 251]
1546589548356;[171, 0, 17, 255, 161, 72, 70, 210, 73, 0, 0, 229, 1, 0, 81, 0, 0, 80, 3, 245]
1546589548360;[171, 0, 17, 255, 161, 72, 70, 210, 73, 0, 0, 234, 1, 0, 71, 0, 0, 78, 3, 211]
1546589548528;[171, 0, 17, 255, 161, 72, 70, 210, 73, 0, 0, 228, 1, 0, 78, 0, 0, 78, 4, 4]
1546589548531;[171, 0, 4, 255, 132, 128, 78]
1546589548701;[171, 0, 17, 255, 161, 72, 70, 210, 73, 0, 0, 237, 1, 0, 75, 0, 0, 72, 3, 165]
1546589548705;[171, 0, 17, 255, 161, 72, 70, 210, 73, 0, 0, 232, 1, 0, 76, 0, 0, 69, 3, 126]
1546589549046;[171, 0, 17, 255, 161, 72, 70, 210, 73, 0, 0, 231, 1, 0, 74, 0, 0, 74, 3, 116]
1546589549050;[171, 0, 17, 255, 161, 72, 70, 210, 73, 0, 0, 236, 1, 0, 75, 0, 0, 70, 3, 126]
1546589549055;[171, 0, 17, 255, 161, 72, 70, 210, 74, 0, 0, 234, 1, 0, 75, 0, 0, 69, 3, 119]
1546589549219;[171, 0, 17, 255, 161, 72, 70, 210, 74, 0, 0, 234, 1, 0, 82, 0, 0, 70, 3, 156]
1546589549223;[171, 0, 17, 255, 161, 72, 70, 210, 74, 0, 0, 232, 1, 0, 76, 0, 0, 72, 3, 170]
1546589549390;[171, 0, 17, 255, 161, 72, 70, 210, 74, 0, 0, 237, 1, 0, 75, 0, 0, 70, 3, 227]
1546589549564;[171, 0, 17, 255, 161, 72, 70, 210, 74, 0, 0, 234, 1, 0, 78, 0, 0, 73, 4, 12]
1546589549568;[171, 0, 17, 255, 161, 72, 70, 210, 74, 0, 0, 240, 1, 0, 75, 0, 0, 69, 4, 109]
1546589549735;[171, 0, 4, 255, 132, 128, 78]
1546589549739;[171, 0, 17, 255, 161, 72, 70, 210, 74, 0, 0, 236, 1, 0, 76, 0, 0, 70, 4, 121]
1546589549965;[171, 0, 17, 255, 161, 72, 70, 210, 74, 0, 0, 236, 1, 0, 80, 0, 0, 69, 4, 141]
1546589549966;[171, 0, 17, 255, 161, 72, 70, 210, 74, 0, 0, 232, 1, 0, 77, 0, 0, 72, 4, 53]
1546589550255;[171, 0, 17, 255, 161, 72, 70, 210, 74, 0, 0, 236, 1, 0, 73, 0, 0, 73, 4, 23]
1546589550259;[171, 0, 17, 255, 161, 72, 70, 210, 75, 0, 0, 236, 1, 0, 75, 0, 0, 72, 3, 238]
1546589550263;[171, 0, 17, 255, 161, 72, 70, 210, 75, 0, 0, 237, 1, 0, 73, 0, 0, 74, 4, 6]
1546589550426;[171, 0, 17, 255, 161, 72, 70, 210, 75, 0, 0, 236, 1, 0, 76, 0, 0, 73, 4, 33]
1546589550429;[171, 0, 17, 255, 161, 72, 70, 210, 75, 0, 0, 237, 1, 0, 74, 0, 0, 74, 3, 219]
1546589550598;[171, 0, 17, 255, 161, 72, 70, 210, 75, 0, 0, 236, 1, 0, 73, 0, 0, 72, 3, 173]
1546589550603;[171, 0, 17, 255, 161, 72, 70, 210, 75, 0, 0, 236, 1, 0, 71, 0, 0, 72, 3, 74]
1546589550769;[171, 0, 4, 255, 132, 128, 77]
1546589550944;[171, 0, 17, 255, 161, 72, 70, 210, 75, 0, 0, 236, 1, 0, 75, 0, 0, 72, 3, 170]
1546589550947;[171, 0, 17, 255, 161, 72, 70, 210, 75, 0, 0, 236, 1, 0, 74, 0, 0, 73, 3, 147]
1546589551115;[171, 0, 17, 255, 161, 72, 70, 210, 75, 0, 0, 234, 1, 0, 74, 0, 0, 72, 3, 211]
1546589551119;[171, 0, 17, 255, 161, 72, 70, 210, 75, 0, 0, 229, 1, 0, 75, 0, 0, 76, 3, 147]
1546589551634;[171, 0, 17, 255, 161, 72, 70, 210, 76, 0, 0, 236, 1, 0, 73, 0, 0, 78, 3, 188]
1546589551638;[171, 0, 17, 255, 161, 72, 70, 210, 76, 0, 0, 231, 1, 0, 76, 0, 0, 74, 3, 139]
1546589551643;[171, 0, 17, 255, 161, 72, 70, 210, 76, 0, 0, 238, 1, 0, 76, 0, 0, 73, 3, 99]
1546589551647;[171, 0, 17, 255, 161, 72, 70, 210, 76, 0, 0, 237, 1, 0, 77, 0, 0, 70, 3, 22]
1546589551808;[171, 0, 17, 255, 161, 72, 70, 210, 76, 0, 0, 228, 1, 0, 73, 0, 0, 67, 2, 103]
1546589551812;[171, 0, 17, 255, 161, 72, 70, 210, 76, 0, 0, 229, 1, 0, 82, 0, 0, 78, 2, 137]
1546589551816;[171, 0, 4, 255, 132, 128, 77]
1546589551978;[171, 0, 17, 255, 161, 72, 70, 210, 76, 0, 0, 221, 1, 0, 73, 0, 0, 70, 2, 139]
1546589552151;[171, 0, 17, 255, 161, 72, 70, 210, 76, 0, 0, 237, 1, 0, 71, 0, 0, 83, 2, 214]
1546589552155;[171, 0, 17, 255, 161, 72, 70, 210, 76, 0, 0, 236, 1, 0, 68, 0, 0, 83, 3, 105]
1546589552324;[171, 0, 17, 255, 161, 72, 70, 210, 76, 0, 0, 234, 1, 0, 73, 0, 0, 89, 3, 69]
1546589552328;[171, 0, 17, 255, 161, 72, 70, 210, 77, 0, 0, 231, 1, 0, 73, 0, 0, 92, 4, 0]
1546589552496;[171, 0, 17, 255, 161, 72, 70, 210, 77, 0, 0, 234, 1, 0, 71, 0, 0, 89, 4, 119]
1546589552842;[171, 0, 17, 255, 161, 72, 70, 210, 77, 0, 0, 224, 1, 0, 73, 0, 0, 89, 5, 26]
1546589552846;[171, 0, 17, 255, 161, 72, 70, 210, 77, 0, 0, 234, 1, 0, 71, 0, 0, 96, 4, 248]
1546589552850;[171, 0, 17, 255, 161, 72, 70, 210, 77, 0, 0, 228, 1, 0, 68, 0, 0, 84, 4, 130]
1546589552854;[171, 0, 17, 255, 161, 72, 70, 210, 77, 0, 0, 227, 1, 0, 87, 0, 0, 96, 3, 236]
1546589553013;[171, 0, 4, 255, 132, 128, 77]
1546589553018;[171, 0, 17, 255, 161, 72, 70, 210, 77, 0, 0, 232, 1, 0, 77, 0, 0, 91, 3, 144]
1546589553186;[171, 0, 17, 255, 161, 72, 70, 210, 77, 0, 0, 232, 1, 0, 72, 0, 0, 86, 3, 235]
1546589553359;[171, 0, 17, 255, 161, 72, 70, 210, 77, 0, 0, 234, 1, 0, 74, 0, 0, 84, 3, 79]
1546589553363;[171, 0, 17, 255, 161, 72, 70, 210, 77, 0, 0, 234, 1, 0, 75, 0, 0, 89, 3, 114]
1546589553531;[171, 0, 17, 255, 161, 72, 70, 210, 78, 0, 0, 232, 1, 0, 71, 0, 0, 83, 3, 38]
1546589553535;[171, 0, 17, 255, 161, 72, 70, 210, 78, 0, 0, 236, 1, 0, 71, 0, 0, 80, 2, 65]
1546589553704;[171, 0, 17, 255, 161, 72, 70, 210, 78, 0, 0, 233, 1, 0, 73, 0, 0, 76, 3, 86]
1546589553708;[171, 0, 17, 255, 161, 72, 70, 210, 78, 0, 0, 233, 1, 0, 74, 0, 0, 69, 7, 174]
1546589554051;[171, 0, 17, 255, 161, 72, 70, 210, 78, 0, 0, 239, 1, 0, 71, 0, 0, 63, 10, 35]
1546589554055;[171, 0, 17, 255, 161, 72, 70, 210, 78, 0, 0, 237, 1, 0, 77, 0, 0, 63, 11, 56]
1546589554059;[171, 0, 4, 255, 132, 128, 77]
1546589554221;[171, 0, 17, 255, 161, 72, 70, 210, 78, 0, 0, 236, 1, 0, 73, 0, 0, 63, 11, 108]
1546589554393;[171, 0, 17, 255, 161, 72, 70, 210, 78, 0, 0, 236, 1, 0, 77, 0, 0, 58, 11, 153]
1546589554396;[171, 0, 17, 255, 161, 72, 70, 210, 78, 0, 0, 240, 1, 0, 74, 0, 0, 62, 11, 105]
1546589554567;[171, 0, 17, 255, 161, 72, 70, 210, 78, 0, 0, 236, 1, 0, 76, 0, 0, 62, 12, 78]
1546589554571;[171, 0, 17, 255, 161, 72, 70, 210, 79, 0, 0, 237, 1, 0, 75, 0, 0, 57, 11, 249]
1546589554912;[171, 0, 17, 255, 161, 72, 70, 210, 79, 0, 0, 237, 1, 0, 75, 0, 0, 58, 12, 91]
1546589554917;[171, 0, 17, 255, 161, 72, 70, 210, 79, 0, 0, 234, 1, 0, 76, 0, 0, 63, 11, 107]
1546589554922;[171, 0, 17, 255, 161, 72, 70, 210, 79, 0, 0, 237, 1, 0, 76, 0, 0, 62, 11, 173]
1546589554926;[171, 0, 17, 255, 161, 72, 70, 210, 79, 0, 0, 236, 1, 0, 75, 0, 0, 62, 11, 39]
1546589555083;[171, 0, 17, 255, 161, 72, 70, 210, 79, 0, 0, 237, 1, 0, 75, 0, 0, 62, 12, 21]
1546589555429;[171, 0, 4, 255, 132, 128, 77]
1546589555434;[171, 0, 17, 255, 161, 72, 70, 210, 79, 0, 0, 236, 1, 0, 82, 0, 0, 62, 11, 225]
1546589555437;[171, 0, 17, 255, 161, 72, 70, 210, 79, 0, 0, 237, 1, 0, 76, 0, 0, 58, 13, 99]
1546589555442;[171, 0, 17, 255, 161, 72, 70, 210, 79, 0, 0, 237, 1, 0, 77, 0, 0, 55, 13, 171]
1546589555600;[171, 0, 17, 255, 161, 72, 70, 210, 79, 0, 0, 237, 1, 0, 74, 0, 0, 60, 12, 140]
1546589555604;[171, 0, 17, 255, 161, 72, 70, 210, 80, 0, 0, 237, 1, 0, 76, 0, 0, 58, 13, 105]
1546589555773;[171, 0, 17, 255, 161, 72, 70, 210, 80, 0, 0, 240, 1, 0, 71, 0, 0, 57, 12, 140]
1546589555946;[171, 0, 17, 255, 161, 72, 70, 210, 80, 0, 0, 234, 1, 0, 76, 0, 0, 60, 11, 104]
1546589555950;[171, 0, 17, 255, 161, 72, 70, 210, 80, 0, 0, 236, 1, 0, 73, 0, 0, 58, 8, 193]
1546589556119;[171, 0, 17, 255, 161, 72, 70, 210, 80, 0, 0, 237, 1, 0, 76, 0, 0, 62, 10, 1]
1546589556123;[171, 0, 17, 255, 161, 72, 70, 210, 80, 0, 0, 237, 1, 0, 75, 0, 0, 63, 9, 130]
1546589556291;[171, 0, 4, 255, 132, 128, 76]
1546589556638;[171, 0, 17, 255, 161, 72, 70, 210, 80, 0, 0, 239, 1, 0, 73, 0, 0, 64, 11, 79]
1546589556642;[171, 0, 17, 255, 161, 72, 70, 210, 80, 0, 0, 237, 1, 0, 73, 0, 0, 65, 8, 176]
1546589556646;[171, 0, 17, 255, 161, 72, 70, 210, 80, 0, 0, 240, 1, 0, 72, 0, 0, 62, 5, 229]
1546589556650;[171, 0, 17, 255, 161, 72, 70, 210, 80, 0, 0, 236, 1, 0, 77, 0, 0, 67, 2, 31]
1546589556810;[171, 0, 17, 255, 161, 72, 70, 210, 81, 0, 0, 241, 1, 0, 77, 0, 0, 61, 1, 236]
1546589556817;[171, 0, 17, 255, 161, 72, 70, 210, 81, 0, 0, 233, 1, 0, 71, 0, 0, 67, 3, 40]
1546589557154;[171, 0, 17, 255, 161, 72, 70, 210, 81, 0, 0, 226, 1, 0, 73, 0, 0, 93, 1, 57]
1546589557158;[171, 0, 17, 255, 161, 72, 70, 210, 81, 0, 0, 224, 1, 0, 86, 0, 0, 102, 1, 12]
1546589557162;[171, 0, 17, 255, 161, 72, 70, 210, 81, 0, 0, 223, 1, 0, 76, 0, 0, 110, 1, 121]
1546589557327;[171, 0, 17, 255, 161, 72, 70, 210, 83, 0, 0, 173, 1, 0, 64, 0, 0, 176, 12, 95]
1546589557502;[171, 0, 17, 255, 161, 72, 70, 210, 83, 0, 0, 181, 1, 0, 71, 0, 0, 179, 11, 224]
1546589557504;[171, 0, 17, 255, 161, 72, 70, 210, 83, 0, 0, 178, 1, 0, 72, 0, 0, 162, 11, 165]
1546589558017;[171, 0, 17, 255, 161, 72, 70, 210, 83, 0, 0, 181, 1, 0, 76, 0, 0, 183, 12, 14]
1546589558022;[171, 0, 17, 255, 161, 72, 70, 210, 84, 0, 0, 178, 1, 0, 75, 0, 0, 162, 12, 101]
1546589558026;[171, 0, 17, 255, 161, 72, 70, 210, 84, 0, 0, 182, 1, 0, 81, 0, 0, 174, 13, 93]
1546589558030;[171, 0, 17, 255, 161, 72, 70, 210, 84, 0, 0, 178, 1, 0, 87, 0, 0, 176, 31, 73]
1546589558188;[171, 0, 17, 255, 161, 72, 70, 210, 84, 0, 0, 171, 1, 0, 79, 0, 0, 176, 9, 25]
1546589558362;[171, 0, 17, 255, 161, 72, 70, 210, 84, 0, 0, 183, 1, 0, 86, 0, 0, 170, 8, 27]
1546589558366;[171, 0, 17, 255, 161, 72, 70, 210, 84, 0, 0, 189, 1, 0, 73, 0, 0, 169, 6, 221]
1546589558533;[171, 0, 4, 255, 132, 128, 68]
1546589558536;[171, 0, 17, 255, 161, 72, 70, 210, 84, 0, 0, 185, 1, 0, 69, 0, 0, 166, 5, 212]
1546589558706;[171, 0, 17, 255, 161, 72, 70, 210, 84, 0, 0, 200, 1, 0, 57, 0, 0, 163, 4, 120]
1546589558710;[171, 0, 17, 255, 161, 72, 70, 210, 84, 0, 0, 203, 1, 0, 58, 0, 0, 153, 3, 247]
1546589558878;[171, 0, 17, 255, 161, 72, 70, 210, 84, 0, 0, 208, 1, 0, 47, 0, 0, 144, 4, 168]
1546589559227;[171, 0, 17, 255, 161, 72, 70, 210, 85, 0, 0, 214, 1, 0, 53, 0, 0, 152, 5, 252]
1546589559231;[171, 0, 17, 255, 161, 72, 70, 210, 85, 0, 0, 206, 1, 0, 44, 0, 0, 149, 6, 47]
1546589559235;[171, 0, 17, 255, 161, 72, 70, 210, 85, 0, 0, 214, 1, 0, 46, 0, 0, 140, 6, 172]
1546589559239;[171, 0, 17, 255, 161, 72, 70, 210, 85, 0, 0, 217, 1, 0, 40, 0, 0, 139, 6, 204]
1546589559398;[171, 0, 17, 255, 161, 72, 70, 210, 85, 0, 0, 232, 1, 0, 49, 0, 0, 133, 7, 228]
1546589559568;[171, 0, 17, 255, 161, 72, 70, 210, 85, 0, 0, 230, 1, 0, 43, 0, 0, 100, 9, 119]
1546589559571;[171, 0, 4, 255, 132, 128, 65]
1546589559742;[171, 0, 17, 255, 161, 72, 70, 210, 85, 0, 0, 234, 1, 0, 51, 0, 0, 129, 9, 121]
1546589559746;[171, 0, 17, 255, 161, 72, 70, 210, 85, 0, 0, 234, 1, 0, 55, 0, 0, 106, 7, 246]
1546589559913;[171, 0, 17, 255, 161, 72, 70, 210, 85, 0, 0, 234, 1, 0, 53, 0, 0, 107, 7, 191]
1546589559917;[171, 0, 17, 255, 161, 72, 70, 210, 85, 0, 0, 241, 1, 0, 56, 0, 0, 109, 6, 226]
1546589560085;[171, 0, 17, 255, 161, 72, 70, 210, 86, 0, 0, 218, 1, 0, 69, 0, 0, 92, 4, 226]
1546589560434;[171, 0, 17, 255, 161, 72, 70, 210, 86, 0, 0, 231, 1, 0, 66, 0, 0, 77, 6, 5]
1546589560438;[171, 0, 17, 255, 161, 72, 70, 210, 86, 0, 0, 244, 1, 0, 70, 0, 0, 73, 7, 75]
1546589560443;[171, 0, 17, 255, 161, 72, 70, 210, 86, 0, 0, 234, 1, 0, 71, 0, 0, 79, 7, 175]
1546589560447;[171, 0, 17, 255, 161, 72, 70, 210, 86, 0, 0, 234, 1, 0, 71, 0, 0, 74, 7, 206]
1546589560604;[171, 0, 17, 255, 161, 72, 70, 210, 86, 0, 0, 234, 1, 0, 75, 0, 0, 68, 6, 25]
1546589560608;[171, 0, 4, 255, 132, 128, 65]
1546589560776;[171, 0, 17, 255, 161, 72, 70, 210, 86, 0, 0, 243, 1, 0, 75, 0, 0, 70, 6, 172]
1546589560948;[171, 0, 17, 255, 161, 72, 70, 210, 86, 0, 0, 241, 1, 0, 78, 0, 0, 48, 7, 80]
1546589560952;[171, 0, 17, 255, 161, 72, 70, 210, 86, 0, 0, 236, 1, 0, 102, 0, 0, 49, 7, 80]
1546589561123;[171, 0, 17, 255, 161, 72, 70, 210, 86, 0, 1, 127, 1, 0, 10, 0, 0, 81, 7, 80]
1546589561127;[171, 0, 17, 255, 161, 72, 70, 210, 87, 0, 0, 153, 1, 0, 28, 0, 0, 31, 7, 80]
1546589561292;[171, 0, 17, 255, 161, 72, 70, 210, 87, 0, 0, 93, 1, 0, 90, 1, 0, 58, 7, 80]
1546589561469;[171, 0, 17, 255, 161, 72, 70, 210, 87, 0, 0, 155, 1, 0, 94, 1, 0, 128, 7, 80]
1546589561475;[171, 0, 17, 255, 161, 72, 70, 210, 87, 0, 0, 161, 1, 0, 31, 1, 0, 61, 7, 80]
1546589561816;[171, 0, 17, 255, 161, 72, 70, 210, 87, 0, 0, 214, 1, 0, 11, 1, 0, 56, 7, 80]
1546589561822;[171, 0, 17, 255, 161, 72, 70, 210, 87, 0, 0, 218, 0, 0, 35, 0, 0, 4, 8, 73]
1546589561824;[171, 0, 4, 255, 132, 128, 62]
1546589561826;[171, 0, 17, 255, 161, 72, 70, 210, 87, 0, 0, 255, 0, 0, 119, 0, 0, 22, 12, 148]
1546589561983;[171, 0, 17, 255, 161, 72, 70, 210, 87, 0, 0, 199, 0, 0, 113, 0, 0, 8, 12, 25]
