1546589231483;[171, 0, 17, 255, 161, 72, 70, 208, 245, 1, 0, 62, 1, 0, 251, 1, 0, 142, 4, 60]
1546589231496;[171, 0, 17, 255, 161, 72, 70, 208, 245, 1, 0, 81, 1, 0, 220, 1, 0, 78, 3, 169]
1546589231498;[171, 0, 17, 255, 161, 72, 70, 208, 245, 1, 0, 83, 1, 0, 140, 1, 0, 169, 3, 50]
1546589231820;[171, 0, 4, 255, 132, 128, 138]
1546589231824;[171, 0, 17, 255, 161, 72, 70, 208, 245, 1, 0, 1, 1, 0, 196, 1, 0, 131, 3, 36]
1546589231828;[171, 0, 17, 255, 161, 72, 70, 208, 245, 1, 0, 94, 1, 0, 177, 1, 0, 137, 2, 217]
1546589231832;[171, 0, 17, 255, 161, 72, 70, 208, 245, 0, 0, 17, 1, 1, 4, 1, 0, 179, 2, 130]
1546589232166;[171, 0, 17, 255, 161, 72, 70, 208, 245, 1, 0, 94, 1, 0, 144, 1, 0, 160, 2, 93]
1546589232170;[171, 0, 17, 255, 161, 72, 70, 208, 245, 1, 0, 164, 1, 0, 157, 1, 0, 105, 1, 230]
1546589232174;[171, 0, 17, 255, 161, 72, 70, 208, 246, 1, 0, 63, 1, 0, 187, 1, 0, 154, 1, 165]
1546589232336;[171, 0, 17, 255, 161, 72, 70, 208, 246, 1, 0, 112, 1, 0, 161, 1, 0, 141, 1, 136]
1546589232340;[171, 0, 17, 255, 161, 72, 70, 208, 246, 1, 0, 9, 1, 0, 175, 1, 0, 125, 1, 136]
1546589232509;[171, 0, 17, 255, 161, 72, 70, 208, 246, 1, 0, 63, 1, 0, 202, 1, 0, 128, 1, 136]
1546589234758;[171, 0, 17, 255, 161, 72, 70, 208, 246, 1, 0, 13, 1, 0, 187, 1, 0, 151, 1, 109]
1546589234760;[171, 0, 4, 255, 132, 128, 143]
1546589234762;[171, 0, 17, 255, 161, 72, 70, 208, 246, 0, 0, 87, 1, 0, 136, 1, 0, 141, 1, 20]
1546589234764;[171, 0, 17, 255, 161, 72, 70, 208, 246, 0, 0, 43, 1, 0, 143, 1, 0, 204, 1, 42]
1546589234768;[171, 0, 17, 255, 161, 72, 70, 208, 246, 0, 0, 120, 1, 0, 73, 1, 1, 23, 3, 246]
1546589234770;[171, 0, 17, 255, 161, 72, 70, 208, 246, 0, 0, 63, 0, 0, 23, 1, 1, 26, 6, 62]
1546589234772;[171, 0, 17, 255, 161, 72, 70, 208, 246, 0, 0, 131, 0, 0, 93, 1, 0, 245, 6, 62]
1546589234780;[171, 0, 17, 255, 161, 72, 70, 208, 247, 0, 0, 123, 0, 0, 101, 1, 0, 240, 6, 62]
1546589234782;[171, 0, 17, 255, 161, 72, 70, 208, 247, 0, 0, 141, 0, 0, 95, 1, 0, 201, 6, 62]
1546589234784;[171, 0, 17, 255, 161, 72, 70, 208, 247, 0, 0, 151, 0, 0, 177, 1, 0, 143, 6, 62]
1546589234786;[171, 0, 17, 255, 161, 72, 70, 208, 247, 0, 0, 156, 0, 0, 150, 1, 0, 144, 6, 62]
1546589234805;[171, 0, 17, 255, 161, 72, 70, 208, 247, 0, 0, 165, 0, 0, 130, 1, 0, 135, 6, 62]
1546589234807;[171, 0, 4, 255, 132, 128, 147]
1546589234809;[171, 0, 17, 255, 161, 72, 70, 208, 247, 0, 0, 183, 0, 0, 158, 1, 0, 140, 6, 62]
1546589234811;[171, 0, 17, 255, 161, 72, 70, 208, 247, 0, 0, 165, 0, 0, 191, 1, 0, 136, 7, 213]
1546589234813;[171, 0, 17, 255, 161, 72, 70, 208, 247, 0, 0, 179, 0, 0, 141, 1, 0, 137, 9, 187]
1546589234815;[171, 0, 17, 255, 161, 72, 70, 208, 247, 0, 0, 163, 0, 0, 146, 1, 0, 120, 10, 30]
1546589234817;[171, 0, 17, 255, 161, 72, 70, 208, 247, 0, 0, 187, 0, 0, 165, 1, 0, 109, 11, 202]
1546589234819;[171, 0, 17, 255, 161, 72, 70, 208, 248, 0, 0, 164, 0, 0, 145, 1, 0, 147, 11, 95]
1546589234827;[171, 0, 17, 255, 161, 72, 70, 208, 248, 0, 0, 165, 0, 0, 146, 1, 0, 122, 12, 104]
1546589234829;[171, 0, 17, 255, 161, 72, 70, 208, 248, 0, 0, 191, 0, 0, 168, 1, 0, 108, 15, 1]
1546589234831;[171, 0, 17, 255, 161, 72, 70, 208, 248, 0, 0, 146, 0, 0, 152, 1, 0, 142, 13, 63]
1546589234923;[171, 0, 17, 255, 161, 72, 70, 208, 248, 0, 0, 164, 0, 0, 146, 1, 0, 128, 14, 171]
1546589234926;[171, 0, 4, 255, 132, 128, 147]
1546589235095;[171, 0, 17, 255, 161, 72, 70, 208, 248, 0, 0, 175, 0, 0, 160, 1, 0, 122, 31, 255]
1546589235444;[171, 0, 17, 255, 161, 72, 70, 208, 248, 0, 0, 145, 0, 0, 155, 1, 0, 136, 6, 112]
1546589235447;[171, 0, 17, 255, 161, 72, 70, 208, 248, 0, 0, 152, 0, 0, 156, 1, 0, 129, 6, 199]
1546589235451;[171, 0, 17, 255, 161, 72, 70, 208, 248, 0, 0, 175, 0, 0, 163, 1, 0, 121, 7, 80]
1546589235455;[171, 0, 17, 255, 161, 72, 70, 208, 248, 0, 0, 145, 0, 0, 158, 1, 0, 138, 5, 244]
1546589235614;[171, 0, 17, 255, 161, 72, 70, 208, 249, 0, 0, 156, 0, 0, 158, 1, 0, 137, 6, 7]
1546589235786;[171, 0, 17, 255, 161, 72, 70, 208, 249, 0, 0, 146, 0, 0, 146, 1, 0, 129, 7, 7]
1546589235790;[171, 0, 17, 255, 161, 72, 70, 208, 249, 0, 0, 185, 0, 0, 173, 1, 0, 101, 8, 6]
1546589235959;[171, 0, 17, 255, 161, 72, 70, 208, 249, 0, 0, 158, 0, 0, 147, 1, 0, 162, 6, 129]
1546589235963;[171, 0, 17, 255, 161, 72, 70, 208, 249, 0, 0, 157, 0, 0, 156, 1, 0, 122, 7, 19]
1546589236131;[171, 0, 4, 255, 132, 128, 136]
1546589236136;[171, 0, 17, 255, 161, 72, 70, 208, 249, 0, 0, 183, 0, 0, 169, 1, 0, 115, 9, 133]
1546589236303;[171, 0, 17, 255, 161, 72, 70, 208, 249, 0, 0, 147, 0, 0, 152, 1, 0, 130, 7, 226]
1546589236650;[171, 0, 17, 255, 161, 72, 70, 208, 249, 0, 0, 164, 0, 0, 161, 1, 0, 123, 8, 214]
1546589236654;[171, 0, 17, 255, 161, 72, 70, 208, 249, 0, 0, 146, 0, 0, 152, 1, 0, 138, 7, 148]
1546589236658;[171, 0, 17, 255, 161, 72, 70, 208, 249, 0, 0, 173, 0, 0, 181, 1, 0, 108, 8, 55]
1546589236662;[171, 0, 17, 255, 161, 72, 70, 208, 250, 0, 0, 151, 0, 0, 163, 1, 0, 127, 8, 123]
1546589236820;[171, 0, 17, 255, 161, 72, 70, 208, 250, 0, 0, 150, 0, 0, 176, 1, 0, 133, 7, 199]
1546589236826;[171, 0, 17, 255, 161, 72, 70, 208, 250, 0, 0, 141, 0, 0, 173, 1, 0, 129, 6, 52]
1546589236993;[171, 0, 17, 255, 161, 72, 70, 208, 250, 0, 0, 146, 0, 0, 202, 1, 0, 131, 8, 219]
1546589237166;[171, 0, 17, 255, 161, 72, 70, 208, 250, 0, 0, 98, 0, 0, 178, 1, 0, 134, 8, 124]
1546589237170;[171, 0, 4, 255, 132, 128, 136]
1546589237510;[171, 0, 17, 255, 161, 72, 70, 208, 250, 0, 0, 145, 0, 0, 164, 1, 0, 133, 8, 124]
1546589237514;[171, 0, 17, 255, 161, 72, 70, 208, 250, 0, 0, 137, 0, 0, 169, 1, 0, 122, 8, 124]
1546589237517;[171, 0, 17, 255, 161, 72, 70, 208, 250, 0, 0, 104, 0, 0, 194, 1, 0, 135, 8, 124]
1546589238030;[171, 0, 17, 255, 161, 72, 70, 208, 250, 0, 0, 103, 0, 0, 207, 1, 0, 151, 8, 124]
1546589238034;[171, 0, 17, 255, 161, 72, 70, 208, 250, 0, 0, 138, 0, 0, 105, 1, 0, 184, 8, 124]
1546589238038;[171, 0, 17, 255, 161, 72, 70, 208, 251, 0, 0, 83, 0, 0, 107, 1, 0, 161, 31, 255]
1546589238042;[171, 0, 17, 255, 161, 72, 70, 208, 251, 0, 0, 93, 0, 0, 230, 1, 0, 159, 8, 212]
1546589238202;[171, 0, 17, 255, 161, 72, 70, 208, 251, 0, 0, 141, 0, 0, 162, 1, 0, 181, 8, 212]
1546589238207;[171, 0, 17, 255, 161, 72, 70, 208, 251, 0, 0, 160, 0, 0, 106, 1, 0, 171, 8, 108]
1546589238211;[171, 0, 17, 255, 161, 72, 70, 208, 251, 0, 0, 95, 0, 0, 151, 1, 0, 181, 8, 108]
1546589238374;[171, 0, 4, 255, 132, 128, 136]
1546589238378;[171, 0, 17, 255, 161, 72, 70, 208, 251, 0, 0, 126, 0, 0, 124, 1, 0, 150, 8, 108]
1546589238545;[171, 0, 17, 255, 161, 72, 70, 208, 251, 0, 0, 144, 0, 0, 174, 1, 0, 159, 31, 201]
1546589238550;[171, 0, 17, 255, 161, 72, 70, 208, 251, 0, 0, 151, 0, 0, 150, 1, 0, 175, 7, 208]
1546589238718;[171, 0, 17, 255, 161, 72, 70, 208, 251, 0, 0, 146, 0, 0, 141, 1, 0, 162, 7, 208]
1546589238721;[171, 0, 17, 255, 161, 72, 70, 208, 251, 0, 0, 182, 0, 0, 146, 1, 0, 121, 7, 208]
1546589238890;[171, 0, 17, 255, 161, 72, 70, 209, 0, 0, 0, 138, 0, 0, 155, 1, 0, 136, 7, 205]
1546589239238;[171, 0, 17, 255, 161, 72, 70, 209, 0, 0, 0, 187, 0, 0, 128, 1, 0, 146, 7, 219]
1546589239242;[171, 0, 17, 255, 161, 72, 70, 209, 0, 0, 0, 151, 0, 0, 141, 1, 0, 125, 8, 4]
1546589239247;[171, 0, 17, 255, 161, 72, 70, 209, 0, 0, 0, 151, 0, 0, 151, 1, 0, 122, 8, 41]
1546589239251;[171, 0, 17, 255, 161, 72, 70, 209, 0, 0, 0, 175, 0, 0, 128, 1, 0, 148, 8, 12]
1546589239409;[171, 0, 4, 255, 132, 128, 135]
1546589239581;[171, 0, 17, 255, 161, 72, 70, 209, 0, 0, 0, 157, 0, 0, 143, 1, 0, 145, 8, 4]
1546589239585;[171, 0, 17, 255, 161, 72, 70, 209, 0, 0, 0, 190, 0, 0, 146, 1, 0, 125, 8, 44]
1546589239753;[171, 0, 17, 255, 161, 72, 70, 209, 0, 0, 0, 139, 0, 0, 151, 1, 0, 146, 8, 28]
1546589239757;[171, 0, 17, 255, 161, 72, 70, 209, 0, 0, 0, 160, 0, 0, 140, 1, 0, 141, 8, 25]
1546589239927;[171, 0, 17, 255, 161, 72, 70, 209, 0, 0, 0, 156, 0, 0, 145, 1, 0, 134, 8, 14]
1546589239931;[171, 0, 17, 255, 161, 72, 70, 209, 1, 0, 0, 155, 0, 0, 165, 1, 0, 120, 7, 249]
1546589240098;[171, 0, 17, 255, 161, 72, 70, 209, 1, 0, 0, 161, 0, 0, 130, 1, 0, 151, 7, 229]
1546589240450;[171, 0, 17, 255, 161, 72, 70, 209, 1, 0, 0, 149, 0, 0, 152, 1, 0, 141, 7, 223]
1546589240452;[171, 0, 17, 255, 161, 72, 70, 209, 1, 0, 0, 191, 0, 0, 158, 1, 0, 132, 7, 254]
1546589240456;[171, 0, 17, 255, 161, 72, 70, 209, 1, 0, 0, 141, 0, 0, 145, 1, 0, 152, 7, 233]
1546589240459;[171, 0, 4, 255, 132, 128, 135]
1546589240618;[171, 0, 17, 255, 161, 72, 70, 209, 1, 0, 0, 160, 0, 0, 140, 1, 0, 153, 7, 223]
1546589240621;[171, 0, 17, 255, 161, 72, 70, 209, 1, 0, 0, 156, 0, 0, 141, 1, 0, 147, 7, 208]
1546589240788;[171, 0, 17, 255, 161, 72, 70, 209, 1, 0, 0, 181, 0, 0, 158, 1, 0, 126, 7, 183]
1546589240962;[171, 0, 17, 255, 161, 72, 70, 209, 1, 0, 0, 167, 0, 0, 143, 1, 0, 146, 7, 156]
1546589240966;[171, 0, 17, 255, 161, 72, 70, 209, 1, 0, 0, 158, 0, 0, 141, 1, 0, 145, 7, 153]
1546589241134;[171, 0, 17, 255, 161, 72, 70, 209, 2, 0, 0, 166, 0, 0, 147, 1, 0, 134, 7, 158]
1546589241138;[171, 0, 17, 255, 161, 72, 70, 209, 2, 0, 0, 154, 0, 0, 178, 1, 0, 145, 7, 166]
1546589241305;[171, 0, 17, 255, 161, 72, 70, 209, 2, 0, 0, 146, 0, 0, 152, 1, 0, 151, 7, 168]
1546589241480;[171, 0, 17, 255, 161, 72, 70, 209, 2, 0, 0, 129, 0, 0, 156, 1, 0, 161, 7, 98]
1546589241488;[171, 0, 17, 255, 161, 72, 70, 209, 2, 0, 0, 133, 0, 0, 146, 1, 0, 161, 7, 8]
1546589241825;[171, 0, 4, 255, 132, 128, 135]
1546589241831;[171, 0, 17, 255, 161, 72, 70, 209, 2, 0, 0, 137, 0, 0, 152, 1, 0, 154, 6, 171]
1546589241833;[171, 0, 17, 255, 161, 72, 70, 209, 2, 0, 0, 117, 0, 0, 160, 1, 0, 163, 6, 136]
1546589241838;[171, 0, 17, 255, 161, 72, 70, 209, 2, 0, 0, 109, 0, 0, 162, 1, 0, 175, 6, 248]
1546589241995;[171, 0, 17, 255, 161, 72, 70, 209, 2, 0, 0, 106, 0, 0, 175, 1, 0, 167, 7, 58]
1546589242168;[171, 0, 17, 255, 161, 72, 70, 209, 2, 0, 0, 80, 0, 0, 175, 1, 0, 167, 6, 224]
1546589242172;[171, 0, 17, 255, 161, 72, 70, 209, 3, 0, 0, 87, 0, 0, 168, 1, 0, 173, 6, 30]
1546589242340;[171, 0, 17, 255, 161, 72, 70, 209, 3, 0, 0, 86, 0, 0, 173, 1, 0, 184, 5, 82]
1546589242344;[171, 0, 17, 255, 161, 72, 70, 209, 3, 0, 0, 101, 0, 0, 178, 1, 0, 180, 3, 157]
1546589242512;[171, 0, 17, 255, 161, 72, 70, 209, 3, 0, 0, 91, 0, 0, 176, 1, 0, 167, 0, 220]
1546589242686;[171, 0, 17, 255, 161, 72, 70, 209, 3, 0, 0, 93, 0, 0, 167, 1, 0, 179, 0, 220]
1546589242689;[171, 0, 4, 255, 132, 128, 135]
1546589243033;[171, 0, 17, 255, 161, 72, 70, 209, 3, 0, 0, 98, 0, 0, 156, 1, 0, 185, 0, 220]
1546589243037;[171, 0, 17, 255, 161, 72, 70, 209, 3, 0, 0, 114, 0, 0, 160, 1, 0, 171, 0, 220]
1546589243042;[171, 0, 17, 255, 161, 72, 70, 209, 3, 0, 0, 66, 0, 0, 147, 1, 0, 181, 0, 220]
1546589243045;[171, 0, 17, 255, 161, 72, 70, 209, 3, 0, 0, 104, 0, 0, 143, 1, 0, 196, 0, 220]
1546589243203;[171, 0, 17, 255, 161, 72, 70, 209, 3, 0, 0, 116, 0, 0, 152, 1, 0, 168, 0, 220]
1546589243375;[171, 0, 17, 255, 161, 72, 70, 209, 4, 0, 0, 105, 0, 0, 165, 1, 0, 203, 0, 220]
1546589243379;[171, 0, 17, 255, 161, 72, 70, 209, 4, 0, 0, 109, 0, 0, 142, 1, 0, 180, 0, 220]
1546589243723;[171, 0, 17, 255, 161, 72, 70, 209, 4, 0, 0, 98, 0, 0, 152, 1, 0, 201, 0, 220]
1546589243727;[171, 0, 17, 255, 161, 72, 70, 209, 4, 0, 0, 141, 0, 0, 148, 1, 0, 153, 0, 220]
1546589243732;[171, 0, 17, 255, 161, 72, 70, 209, 4, 0, 0, 101, 0, 0, 146, 1, 0, 171, 0, 220]
1546589243735;[171, 0, 4, 255, 132, 128, 135]
1546589243893;[171, 0, 17, 255, 161, 72, 70, 209, 4, 0, 0, 114, 0, 0, 165, 1, 0, 195, 0, 220]
1546589244412;[171, 0, 17, 255, 161, 72, 70, 209, 4, 0, 0, 131, 0, 0, 141, 1, 0, 168, 0, 220]
1546589244417;[171, 0, 17, 255, 161, 72, 70, 209, 4, 0, 0, 105, 0, 0, 167, 1, 0, 168, 0, 220]
1546589244421;[171, 0, 17, 255, 161, 72, 70, 209, 4, 0, 0, 118, 0, 0, 143, 1, 0, 190, 5, 205]
1546589244425;[171, 0, 17, 255, 161, 72, 70, 209, 4, 0, 0, 106, 0, 0, 143, 1, 0, 190, 7, 224]
1546589244584;[171, 0, 17, 255, 161, 72, 70, 209, 5, 0, 0, 133, 0, 0, 147, 1, 0, 174, 12, 146]
1546589244588;[171, 0, 17, 255, 161, 72, 70, 209, 5, 0, 0, 94, 0, 0, 162, 1, 0, 175, 8, 226]
1546589244592;[171, 0, 17, 255, 161, 72, 70, 209, 5, 0, 0, 126, 0, 0, 145, 1, 0, 183, 11, 2]
1546589244931;[171, 0, 17, 255, 161, 72, 70, 209, 5, 0, 0, 110, 0, 0, 145, 1, 0, 178, 9, 211]
1546589244932;[171, 0, 17, 255, 161, 72, 70, 209, 5, 0, 0, 141, 0, 0, 156, 1, 0, 175, 6, 58]
1546589244935;[171, 0, 4, 255, 132, 128, 125]
1546589244939;[171, 0, 17, 255, 161, 72, 70, 209, 5, 0, 0, 97, 0, 0, 156, 1, 0, 177, 5, 83]
1546589245103;[171, 0, 17, 255, 161, 72, 70, 209, 5, 0, 0, 108, 0, 0, 146, 1, 0, 195, 7, 163]
1546589245274;[171, 0, 17, 255, 161, 72, 70, 209, 5, 0, 0, 110, 0, 0, 146, 1, 0, 168, 9, 235]
1546589245277;[171, 0, 17, 255, 161, 72, 70, 209, 5, 0, 0, 119, 0, 0, 167, 1, 0, 184, 8, 242]
1546589245620;[171, 0, 17, 255, 161, 72, 70, 209, 5, 0, 0, 116, 0, 0, 147, 1, 0, 176, 10, 172]
1546589245624;[171, 0, 17, 255, 161, 72, 70, 209, 6, 0, 0, 107, 0, 0, 142, 1, 0, 194, 9, 234]
1546589245629;[171, 0, 17, 255, 161, 72, 70, 209, 6, 0, 0, 151, 0, 0, 161, 1, 0, 169, 10, 205]
1546589245633;[171, 0, 17, 255, 161, 72, 70, 209, 6, 0, 0, 95, 0, 0, 146, 1, 0, 184, 9, 65]
1546589245790;[171, 0, 17, 255, 161, 72, 70, 209, 6, 0, 0, 114, 0, 0, 147, 1, 0, 178, 9, 229]
1546589245964;[171, 0, 17, 255, 161, 72, 70, 209, 6, 0, 0, 106, 0, 0, 145, 1, 0, 174, 9, 90]
1546589245968;[171, 0, 4, 255, 132, 128, 117]
1546589246135;[171, 0, 17, 255, 161, 72, 70, 209, 6, 0, 0, 138, 0, 0, 168, 1, 0, 177, 10, 12]
1546589246139;[171, 0, 17, 255, 161, 72, 70, 209, 6, 0, 0, 104, 0, 0, 150, 1, 0, 184, 11, 14]
1546589246307;[171, 0, 17, 255, 161, 72, 70, 209, 6, 0, 0, 106, 0, 0, 147, 1, 0, 191, 11, 90]
1546589246485;[171, 0, 17, 255, 161, 72, 70, 209, 6, 0, 0, 101, 0, 0, 146, 1, 0, 175, 10, 56]
1546589246488;[171, 0, 17, 255, 161, 72, 70, 209, 6, 0, 0, 95, 0, 0, 168, 1, 0, 175, 8, 66]
1546589247175;[171, 0, 17, 255, 161, 72, 70, 209, 7, 0, 0, 116, 0, 0, 146, 1, 0, 187, 11, 237]
1546589247179;[171, 0, 17, 255, 161, 72, 70, 209, 7, 0, 0, 104, 0, 0, 145, 1, 0, 189, 12, 210]
1546589247183;[171, 0, 17, 255, 161, 72, 70, 209, 7, 0, 0, 113, 0, 0, 147, 1, 0, 178, 12, 210]
1546589247187;[171, 0, 17, 255, 161, 72, 70, 209, 7, 0, 0, 104, 0, 0, 173, 1, 0, 177, 12, 210]
1546589247345;[171, 0, 17, 255, 161, 72, 70, 209, 7, 0, 0, 111, 0, 0, 146, 1, 0, 186, 31, 187]
1546589247349;[171, 0, 4, 255, 132, 128, 117]
1546589247353;[171, 0, 17, 255, 161, 72, 70, 209, 7, 0, 0, 101, 0, 0, 141, 1, 0, 185, 6, 92]
1546589247357;[171, 0, 17, 255, 161, 72, 70, 209, 7, 0, 0, 143, 0, 0, 160, 1, 0, 180, 7, 165]
1546589247512;[171, 0, 17, 255, 161, 72, 70, 209, 7, 0, 0, 87, 0, 0, 147, 1, 0, 184, 3, 84]
1546589247515;[171, 0, 17, 255, 161, 72, 70, 209, 7, 0, 0, 116, 0, 0, 146, 1, 0, 174, 3, 84]
1546589247518;[171, 0, 17, 255, 161, 72, 70, 209, 7, 0, 0, 119, 0, 0, 165, 1, 0, 185, 2, 151]
1546589247687;[171, 0, 17, 255, 161, 72, 70, 209, 8, 0, 0, 114, 0, 0, 157, 1, 0, 168, 2, 151]
1546589247861;[171, 0, 17, 255, 161, 72, 70, 209, 8, 0, 0, 77, 0, 0, 146, 1, 0, 153, 2, 151]
1546589247865;[171, 0, 17, 255, 161, 72, 70, 209, 8, 0, 0, 104, 0, 0, 152, 1, 0, 207, 2, 151]
1546589248207;[171, 0, 17, 255, 161, 72, 70, 209, 8, 0, 0, 106, 0, 0, 170, 1, 0, 189, 6, 120]
1546589248211;[171, 0, 17, 255, 161, 72, 70, 209, 8, 0, 0, 86, 0, 0, 160, 1, 0, 183, 6, 16]
1546589248215;[171, 0, 4, 255, 132, 128, 117]
1546589248378;[171, 0, 17, 255, 161, 72, 70, 209, 8, 0, 0, 162, 0, 0, 152, 1, 0, 194, 6, 16]
1546589248382;[171, 0, 17, 255, 161, 72, 70, 209, 8, 0, 0, 143, 0, 0, 116, 1, 0, 171, 6, 16]
1546589248552;[171, 0, 17, 255, 161, 72, 70, 209, 8, 0, 0, 156, 0, 0, 129, 1, 0, 163, 6, 66]
1546589248556;[171, 0, 17, 255, 161, 72, 70, 209, 8, 0, 0, 146, 0, 0, 120, 1, 0, 171, 5, 182]
1546589248725;[171, 0, 17, 255, 161, 72, 70, 209, 8, 0, 0, 151, 0, 0, 141, 1, 0, 162, 7, 92]
1546589248730;[171, 0, 17, 255, 161, 72, 70, 209, 9, 0, 0, 147, 0, 0, 128, 1, 0, 171, 7, 92]
1546589249070;[171, 0, 17, 255, 161, 72, 70, 209, 9, 0, 0, 143, 0, 0, 134, 1, 0, 170, 7, 92]
1546589249074;[171, 0, 17, 255, 161, 72, 70, 209, 9, 0, 0, 138, 0, 0, 129, 1, 0, 169, 9, 72]
1546589249078;[171, 0, 17, 255, 161, 72, 70, 209, 9, 0, 0, 159, 0, 0, 145, 1, 0, 168, 11, 100]
1546589249413;[171, 0, 17, 255, 161, 72, 70, 209, 11, 0, 0, 166, 0, 0, 129, 1, 0, 151, 12, 156]
1546589249588;[171, 0, 17, 255, 161, 72, 70, 209, 11, 0, 0, 159, 0, 0, 138, 1, 0, 145, 11, 242]
1546589249591;[171, 0, 17, 255, 161, 72, 70, 209, 11, 0, 0, 156, 0, 0, 147, 1, 0, 158, 12, 55]
1546589249758;[171, 0, 17, 255, 161, 72, 70, 209, 11, 0, 0, 147, 0, 0, 156, 1, 0, 149, 11, 85]
1546589249763;[171, 0, 17, 255, 161, 72, 70, 209, 11, 0, 0, 141, 0, 0, 152, 1, 0, 145, 8, 17]
1546589249955;[171, 0, 17, 255, 161, 72, 70, 209, 12, 0, 0, 137, 0, 0, 171, 1, 0, 136, 5, 66]
1546589249957;[171, 0, 17, 255, 161, 72, 70, 209, 12, 0, 0, 123, 0, 0, 185, 1, 0, 147, 5, 66]
1546589250104;[171, 0, 17, 255, 161, 72, 70, 209, 12, 0, 0, 117, 0, 0, 166, 1, 0, 148, 4, 201]
1546589250275;[171, 0, 17, 255, 161, 72, 70, 209, 12, 0, 0, 113, 0, 0, 179, 1, 0, 165, 3, 195]
1546589250279;[171, 0, 17, 255, 161, 72, 70, 209, 12, 0, 0, 116, 0, 0, 170, 1, 0, 148, 3, 86]
1546589250450;[171, 0, 4, 255, 132, 128, 96]
1546589250455;[171, 0, 17, 255, 161, 72, 70, 209, 12, 0, 0, 114, 0, 0, 177, 1, 0, 168, 3, 147]
1546589250794;[171, 0, 17, 255, 161, 72, 70, 209, 12, 0, 0, 103, 0, 0, 179, 1, 0, 172, 3, 158]
1546589250798;[171, 0, 17, 255, 161, 72, 70, 209, 12, 0, 0, 109, 0, 0, 178, 1, 0, 168, 4, 49]
1546589250803;[171, 0, 17, 255, 161, 72, 70, 209, 12, 0, 0, 99, 0, 0, 165, 1, 0, 171, 4, 74]
1546589250965;[171, 0, 17, 255, 161, 72, 70, 209, 12, 0, 0, 101, 0, 0, 178, 1, 0, 168, 4, 10]
1546589250969;[171, 0, 17, 255, 161, 72, 70, 209, 13, 0, 0, 98, 0, 0, 170, 1, 0, 173, 3, 212]
1546589251138;[171, 0, 17, 255, 161, 72, 70, 209, 13, 0, 0, 99, 0, 0, 178, 1, 0, 170, 4, 90]
1546589251142;[171, 0, 17, 255, 161, 72, 70, 209, 13, 0, 0, 101, 0, 0, 171, 1, 0, 181, 3, 158]
1546589251310;[171, 0, 17, 255, 161, 72, 70, 209, 13, 0, 0, 87, 0, 0, 167, 1, 0, 169, 3, 56]
1546589251483;[171, 0, 17, 255, 161, 72, 70, 209, 13, 0, 0, 101, 0, 0, 175, 1, 0, 181, 3, 142]
1546589251489;[171, 0, 4, 255, 132, 128, 91]
1546589251656;[171, 0, 17, 255, 161, 72, 70, 209, 13, 0, 0, 101, 0, 0, 164, 1, 0, 178, 4, 211]
1546589251660;[171, 0, 17, 255, 161, 72, 70, 209, 13, 0, 0, 103, 0, 0, 157, 1, 0, 181, 6, 78]
1546589252003;[171, 0, 17, 255, 161, 72, 70, 209, 13, 0, 0, 111, 0, 0, 142, 1, 0, 187, 8, 182]
1546589252006;[171, 0, 17, 255, 161, 72, 70, 209, 13, 0, 0, 116, 0, 0, 130, 1, 0, 195, 10, 186]
1546589252010;[171, 0, 17, 255, 161, 72, 70, 209, 13, 0, 0, 114, 0, 0, 126, 1, 0, 197, 12, 127]
1546589252175;[171, 0, 17, 255, 161, 72, 70, 209, 14, 0, 0, 124, 0, 0, 122, 1, 0, 201, 14, 116]
1546589252179;[171, 0, 17, 255, 161, 72, 70, 209, 14, 0, 0, 120, 0, 0, 116, 1, 0, 200, 14, 116]
1546589252521;[171, 0, 17, 255, 161, 72, 70, 209, 14, 0, 0, 123, 0, 0, 112, 1, 0, 199, 13, 99]
1546589252523;[171, 0, 17, 255, 161, 72, 70, 209, 14, 0, 0, 118, 0, 0, 119, 1, 0, 197, 12, 162]
1546589252526;[171, 0, 17, 255, 161, 72, 70, 209, 14, 0, 0, 117, 0, 0, 110, 1, 0, 195, 12, 68]
1546589252529;[171, 0, 4, 255, 132, 128, 87]
1546589252691;[171, 0, 17, 255, 161, 72, 70, 209, 14, 0, 0, 124, 0, 0, 116, 1, 0, 195, 13, 20]
1546589252863;[171, 0, 17, 255, 161, 72, 70, 209, 14, 0, 0, 118, 0, 0, 124, 1, 0, 195, 14, 23]
1546589252866;[171, 0, 17, 255, 161, 72, 70, 209, 14, 0, 0, 120, 0, 0, 129, 1, 0, 197, 14, 119]
1546589253384;[171, 0, 17, 255, 161, 72, 70, 209, 14, 0, 0, 127, 0, 0, 116, 1, 0, 197, 14, 248]
1546589253388;[171, 0, 17, 255, 161, 72, 70, 209, 14, 0, 0, 126, 0, 0, 121, 1, 0, 196, 15, 7]
1546589253393;[171, 0, 17, 255, 161, 72, 70, 209, 15, 0, 0, 126, 0, 0, 122, 1, 0, 196, 31, 85]
1546589253410;[171, 0, 17, 255, 161, 72, 70, 209, 15, 0, 0, 126, 0, 0, 116, 1, 0, 199, 8, 25]
1546589253554;[171, 0, 17, 255, 161, 72, 70, 209, 15, 0, 0, 123, 0, 0, 111, 1, 0, 195, 8, 36]
1546589253559;[171, 0, 17, 255, 161, 72, 70, 209, 15, 0, 0, 123, 0, 0, 112, 1, 0, 201, 8, 9]
1546589253563;[171, 0, 17, 255, 161, 72, 70, 209, 15, 0, 0, 120, 0, 0, 110, 1, 0, 200, 7, 214]
1546589253727;[171, 0, 4, 255, 132, 128, 83]
1546589253734;[171, 0, 17, 255, 161, 72, 70, 209, 15, 0, 0, 120, 0, 0, 111, 1, 0, 200, 7, 208]
1546589253898;[171, 0, 17, 255, 161, 72, 70, 209, 15, 0, 0, 117, 0, 0, 110, 1, 0, 200, 7, 222]
1546589254071;[171, 0, 17, 255, 161, 72, 70, 209, 15, 0, 0, 118, 0, 0, 109, 1, 0, 201, 8, 73]
1546589254075;[171, 0, 17, 255, 161, 72, 70, 209, 15, 0, 0, 117, 0, 0, 109, 1, 0, 211, 8, 145]
1546589254243;[171, 0, 17, 255, 161, 72, 70, 209, 15, 0, 0, 117, 0, 0, 107, 1, 0, 202, 8, 146]
1546589254247;[171, 0, 17, 255, 161, 72, 70, 209, 16, 0, 0, 114, 0, 0, 109, 1, 0, 201, 8, 108]
1546589254589;[171, 0, 17, 255, 161, 72, 70, 209, 16, 0, 0, 117, 0, 0, 111, 1, 0, 207, 8, 84]
1546589254592;[171, 0, 17, 255, 161, 72, 70, 209, 16, 0, 0, 118, 0, 0, 109, 1, 0, 203, 8, 70]
1546589254597;[171, 0, 17, 255, 161, 72, 70, 209, 16, 0, 0, 120, 0, 0, 110, 1, 0, 206, 8, 50]
1546589254761;[171, 0, 17, 255, 161, 72, 70, 209, 16, 0, 0, 117, 0, 0, 111, 1, 0, 207, 8, 65]
1546589254765;[171, 0, 4, 255, 132, 128, 80]
1546589254935;[171, 0, 17, 255, 161, 72, 70, 209, 16, 0, 0, 117, 0, 0, 109, 1, 0, 204, 8, 46]
1546589254939;[171, 0, 17, 255, 161, 72, 70, 209, 16, 0, 0, 120, 0, 0, 110, 1, 0, 206, 8, 40]
1546589255106;[171, 0, 17, 255, 161, 72, 70, 209, 16, 0, 0, 117, 0, 0, 109, 1, 0, 207, 8, 22]
1546589255278;[171, 0, 17, 255, 161, 72, 70, 209, 16, 0, 0, 114, 0, 0, 109, 1, 0, 211, 8, 17]
1546589255282;[171, 0, 17, 255, 161, 72, 70, 209, 16, 0, 0, 118, 0, 0, 109, 1, 0, 207, 8, 1]
1546589255453;[171, 0, 17, 255, 161, 72, 70, 209, 17, 0, 0, 117, 0, 0, 109, 1, 0, 206, 7, 249]
1546589255457;[171, 0, 17, 255, 161, 72, 70, 209, 17, 0, 0, 118, 0, 0, 105, 1, 0, 203, 7, 226]
1546589255796;[171, 0, 17, 255, 161, 72, 70, 209, 17, 0, 0, 117, 0, 0, 107, 1, 0, 207, 7, 228]
1546589255800;[171, 0, 17, 255, 161, 72, 70, 209, 17, 0, 0, 117, 0, 0, 109, 1, 0, 201, 7, 199]
1546589255805;[171, 0, 17, 255, 161, 72, 70, 209, 17, 0, 0, 120, 0, 0, 109, 1, 0, 202, 7, 182]
1546589255968;[171, 0, 4, 255, 132, 128, 77]
1546589255972;[171, 0, 17, 255, 161, 72, 70, 209, 17, 0, 0, 118, 0, 0, 110, 1, 0, 202, 7, 175]
1546589256142;[171, 0, 17, 255, 161, 72, 70, 209, 17, 0, 0, 121, 0, 0, 109, 1, 0, 201, 7, 186]
1546589256146;[171, 0, 17, 255, 161, 72, 70, 209, 17, 0, 0, 124, 0, 0, 110, 1, 0, 201, 7, 177]
1546589256315;[171, 0, 17, 255, 161, 72, 70, 209, 17, 0, 0, 121, 0, 0, 111, 1, 0, 202, 7, 130]
1546589256483;[171, 0, 17, 255, 161, 72, 70, 209, 17, 0, 0, 121, 0, 0, 116, 1, 0, 199, 7, 17]
1546589256487;[171, 0, 17, 255, 161, 72, 70, 209, 18, 0, 0, 123, 0, 0, 121, 1, 0, 200, 6, 208]
1546589256659;[171, 0, 17, 255, 161, 72, 70, 209, 18, 0, 0, 123, 0, 0, 121, 1, 0, 206, 6, 149]
1546589256663;[171, 0, 17, 255, 161, 72, 70, 209, 18, 0, 0, 117, 0, 0, 130, 1, 0, 186, 5, 120]
1546589256831;[171, 0, 17, 255, 161, 72, 70, 209, 18, 0, 0, 117, 0, 0, 129, 1, 0, 187, 5, 69]
1546589256835;[171, 0, 17, 255, 161, 72, 70, 209, 18, 0, 0, 116, 0, 0, 140, 1, 0, 177, 4, 81]
1546589257175;[171, 0, 4, 255, 132, 128, 76]
1546589257180;[171, 0, 17, 255, 161, 72, 70, 209, 18, 0, 0, 117, 0, 0, 142, 1, 0, 186, 2, 250]
1546589257184;[171, 0, 17, 255, 161, 72, 70, 209, 18, 0, 0, 114, 0, 0, 143, 1, 0, 173, 2, 44]
1546589257349;[171, 0, 17, 255, 161, 72, 70, 209, 18, 0, 0, 109, 0, 0, 158, 1, 0, 172, 1, 23]
1546589257352;[171, 0, 17, 255, 161, 72, 70, 209, 18, 0, 0, 99, 0, 0, 173, 1, 0, 184, 16, 0]
1546589257520;[171, 0, 17, 255, 161, 72, 70, 209, 18, 0, 0, 92, 0, 0, 186, 1, 0, 217, 5, 243]
1546589257524;[171, 0, 17, 255, 161, 72, 70, 209, 19, 0, 0, 19, 0, 0, 237, 1, 1, 43, 5, 243]
1546589257693;[171, 0, 17, 255, 161, 72, 70, 209, 19, 1, 0, 49, 0, 1, 37, 1, 1, 85, 5, 243]
1546589257867;[171, 0, 17, 255, 161, 72, 70, 209, 19, 0, 0, 213, 0, 0, 221, 1, 0, 214, 5, 243]
1546589257871;[171, 0, 17, 255, 161, 72, 70, 209, 19, 0, 0, 8, 1, 0, 7, 0, 0, 12, 5, 243]
1546589258039;[171, 0, 17, 255, 161, 72, 70, 209, 19, 1, 0, 20, 1, 0, 133, 1, 0, 77, 5, 243]
1546589258043;[171, 0, 4, 255, 132, 128, 73]
1546589258385;[171, 0, 17, 255, 161, 72, 70, 209, 19, 1, 0, 23, 1, 0, 49, 1, 1, 16, 5, 243]
1546589258389;[171, 0, 17, 255, 161, 72, 70, 209, 19, 0, 0, 72, 1, 0, 53, 1, 1, 82, 9, 134]
1546589258393;[171, 0, 17, 255, 161, 72, 70, 209, 19, 0, 0, 64, 1, 0, 56, 1, 1, 0, 10, 35]
1546589258555;[171, 0, 17, 255, 161, 72, 70, 209, 19, 0, 0, 79, 1, 0, 35, 1, 0, 241, 12, 2]
1546589258559;[171, 0, 17, 255, 161, 72, 70, 209, 19, 0, 0, 86, 1, 0, 22, 1, 0, 242, 13, 52]
1546589258728;[171, 0, 17, 255, 161, 72, 70, 209, 20, 0, 0, 86, 1, 0, 28, 1, 0, 233, 13, 232]
1546589258732;[171, 0, 17, 255, 161, 72, 70, 209, 20, 0, 0, 118, 1, 0, 34, 1, 0, 238, 14, 175]
1546589258901;[171, 0, 17, 255, 161, 72, 70, 209, 20, 0, 0, 116, 1, 0, 24, 1, 0, 237, 15, 7]
1546589259074;[171, 0, 17, 255, 161, 72, 70, 209, 20, 0, 0, 111, 1, 0, 24, 1, 0, 216, 15, 18]
1546589259078;[171, 0, 17, 255, 161, 72, 70, 209, 20, 0, 0, 117, 1, 0, 28, 1, 0, 219, 15, 43]
1546589259246;[171, 0, 4, 255, 132, 128, 72]
1546589259250;[171, 0, 17, 255, 161, 72, 70, 209, 20, 0, 0, 120, 1, 0, 22, 1, 0, 234, 15, 52]
1546589259419;[171, 0, 17, 255, 161, 72, 70, 209, 20, 0, 0, 83, 0, 0, 39, 1, 0, 224, 15, 50]
1546589259423;[171, 0, 17, 255, 161, 72, 70, 209, 20, 0, 0, 85, 0, 0, 58, 1, 0, 245, 31, 83]
1546589259762;[171, 0, 17, 255, 161, 72, 70, 209, 20, 0, 0, 117, 0, 0, 62, 1, 0, 237, 8, 189]
1546589259766;[171, 0, 17, 255, 161, 72, 70, 209, 20, 0, 0, 161, 0, 0, 49, 1, 0, 189, 8, 142]
1546589259770;[171, 0, 17, 255, 161, 72, 70, 209, 21, 0, 0, 83, 0, 0, 49, 1, 0, 226, 7, 211]
1546589259936;[171, 0, 17, 255, 161, 72, 70, 209, 21, 0, 0, 46, 0, 0, 214, 1, 0, 235, 7, 159]
1546589259940;[171, 0, 17, 255, 161, 72, 70, 209, 21, 0, 0, 190, 0, 0, 136, 1, 0, 144, 7, 255]
1546589260108;[171, 0, 17, 255, 161, 72, 70, 209, 21, 0, 0, 124, 0, 0, 130, 1, 0, 201, 7, 223]
1546589260282;[171, 0, 17, 255, 161, 72, 70, 209, 21, 0, 0, 124, 0, 0, 130, 1, 0, 186, 7, 225]
1546589260285;[171, 0, 4, 255, 132, 128, 70]
1546589260453;[171, 0, 17, 255, 161, 72, 70, 209, 21, 0, 0, 126, 0, 0, 125, 1, 0, 184, 7, 232]
1546589260456;[171, 0, 17, 255, 161, 72, 70, 209, 21, 0, 0, 144, 0, 0, 145, 1, 0, 171, 8, 7]
1546589260628;[171, 0, 17, 255, 161, 72, 70, 209, 21, 0, 0, 117, 0, 0, 129, 1, 0, 184, 8, 8]
1546589260632;[171, 0, 17, 255, 161, 72, 70, 209, 21, 0, 0, 138, 0, 0, 129, 1, 0, 178, 8, 34]
1546589260972;[171, 0, 17, 255, 161, 72, 70, 209, 21, 0, 0, 123, 0, 0, 129, 1, 0, 181, 8, 48]
1546589260976;[171, 0, 17, 255, 161, 72, 70, 209, 22, 0, 0, 145, 0, 0, 146, 1, 0, 181, 8, 95]
1546589260980;[171, 0, 17, 255, 161, 72, 70, 209, 22, 0, 0, 120, 0, 0, 123, 1, 0, 185, 8, 77]
1546589261143;[171, 0, 17, 255, 161, 72, 70, 209, 22, 0, 0, 132, 0, 0, 139, 1, 0, 181, 8, 113]
1546589261147;[171, 0, 17, 255, 161, 72, 70, 209, 22, 0, 0, 117, 0, 0, 127, 1, 0, 181, 8, 142]
1546589261316;[171, 0, 17, 255, 161, 72, 70, 209, 22, 0, 0, 156, 0, 0, 156, 1, 0, 181, 8, 175]
1546589261324;[171, 0, 4, 255, 132, 128, 69]
1546589261487;[171, 0, 17, 255, 161, 72, 70, 209, 22, 0, 0, 110, 0, 0, 124, 1, 0, 192, 8, 180]
1546589261660;[171, 0, 17, 255, 161, 72, 70, 209, 22, 0, 0, 117, 0, 0, 130, 1, 0, 180, 8, 210]
1546589261664;[171, 0, 17, 255, 161, 72, 70, 209, 22, 0, 0, 128, 0, 0, 142, 1, 0, 186, 8, 232]
1546589261833;[171, 0, 17, 255, 161, 72, 70, 209, 22, 0, 0, 123, 0, 0, 147, 1, 0, 181, 9, 9]
1546589261837;[171, 0, 17, 255, 161, 72, 70, 209, 22, 0, 0, 131, 0, 0, 128, 1, 0, 187, 9, 36]
1546589262354;[171, 0, 17, 255, 161, 72, 70, 209, 23, 0, 0, 117, 0, 0, 130, 1, 0, 186, 9, 65]
1546589262358;[171, 0, 17, 255, 161, 72, 70, 209, 23, 0, 0, 139, 0, 0, 146, 1, 0, 178, 9, 94]
1546589262362;[171, 0, 17, 255, 161, 72, 70, 209, 23, 0, 0, 117, 0, 0, 134, 1, 0, 186, 9, 106]
1546589262367;[171, 0, 17, 255, 161, 72, 70, 209, 23, 0, 0, 126, 0, 0, 130, 1, 0, 186, 9, 119]
1546589262523;[171, 0, 17, 255, 161, 72, 70, 209, 23, 0, 0, 129, 0, 0, 128, 1, 0, 180, 9, 166]
1546589262527;[171, 0, 4, 255, 132, 128, 69]
1546589262531;[171, 0, 17, 255, 161, 72, 70, 209, 23, 0, 0, 143, 0, 0, 146, 1, 0, 176, 9, 197]
1546589262695;[171, 0, 17, 255, 161, 72, 70, 209, 23, 0, 0, 124, 0, 0, 135, 1, 0, 186, 9, 219]
1546589262869;[171, 0, 17, 255, 161, 72, 70, 209, 23, 0, 0, 121, 0, 0, 135, 1, 0, 180, 9, 240]
1546589262874;[171, 0, 17, 255, 161, 72, 70, 209, 23, 0, 0, 118, 0, 0, 129, 1, 0, 177, 9, 240]
1546589263041;[171, 0, 17, 255, 161, 72, 70, 209, 23, 0, 0, 132, 0, 0, 148, 1, 0, 181, 10, 13]
1546589263045;[171, 0, 17, 255, 161, 72, 70, 209, 24, 0, 0, 128, 0, 0, 127, 1, 0, 191, 10, 44]
1546589263213;[171, 0, 17, 255, 161, 72, 70, 209, 24, 0, 0, 120, 0, 0, 129, 1, 0, 185, 10, 52]
1546589263558;[171, 0, 17, 255, 161, 72, 70, 209, 24, 0, 0, 134, 0, 0, 144, 1, 0, 186, 10, 66]
1546589263564;[171, 0, 17, 255, 161, 72, 70, 209, 24, 0, 0, 114, 0, 0, 147, 1, 0, 178, 10, 71]
1546589263568;[171, 0, 17, 255, 161, 72, 70, 209, 24, 0, 0, 131, 0, 0, 129, 1, 0, 189, 10, 67]
1546589263571;[171, 0, 4, 255, 132, 128, 68]
1546589263730;[171, 0, 17, 255, 161, 72, 70, 209, 24, 0, 0, 118, 0, 0, 128, 1, 0, 187, 10, 85]
1546589263734;[171, 0, 17, 255, 161, 72, 70, 209, 24, 0, 0, 114, 0, 0, 129, 1, 0, 175, 10, 108]
1546589263902;[171, 0, 17, 255, 161, 72, 70, 209, 24, 0, 0, 113, 0, 0, 156, 1, 0, 168, 10, 129]
1546589264076;[171, 0, 17, 255, 161, 72, 70, 209, 24, 0, 0, 134, 0, 0, 129, 1, 0, 183, 10, 126]
1546589264079;[171, 0, 17, 255, 161, 72, 70, 209, 24, 0, 0, 120, 0, 0, 142, 1, 0, 175, 10, 134]
1546589264248;[171, 0, 17, 255, 161, 72, 70, 209, 25, 0, 0, 116, 0, 0, 128, 1, 0, 187, 10, 137]
1546589264252;[171, 0, 17, 255, 161, 72, 70, 209, 25, 0, 0, 130, 0, 0, 160, 1, 0, 172, 10, 161]
1546589264421;[171, 0, 17, 255, 161, 72, 70, 209, 25, 0, 0, 133, 0, 0, 135, 1, 0, 189, 10, 167]
1546589264425;[171, 0, 17, 255, 161, 72, 70, 209, 25, 0, 0, 116, 0, 0, 128, 1, 0, 180, 10, 164]
1546589264765;[171, 0, 17, 255, 161, 72, 70, 209, 25, 0, 0, 131, 0, 0, 144, 1, 0, 171, 10, 154]
1546589264769;[171, 0, 4, 255, 132, 128, 68]
1546589264774;[171, 0, 17, 255, 161, 72, 70, 209, 25, 0, 0, 124, 0, 0, 146, 1, 0, 177, 10, 150]
1546589264939;[171, 0, 17, 255, 161, 72, 70, 209, 25, 0, 0, 146, 0, 0, 128, 1, 0, 184, 10, 138]
1546589264943;[171, 0, 17, 255, 161, 72, 70, 209, 25, 0, 0, 133, 0, 0, 120, 1, 0, 189, 10, 158]
1546589265111;[171, 0, 17, 255, 161, 72, 70, 209, 25, 0, 0, 148, 0, 0, 138, 1, 0, 175, 10, 167]
1546589265283;[171, 0, 17, 255, 161, 72, 70, 209, 25, 0, 0, 113, 0, 0, 133, 1, 0, 188, 10, 156]
1546589265287;[171, 0, 17, 255, 161, 72, 70, 209, 26, 0, 0, 139, 0, 0, 119, 1, 0, 195, 10, 141]
1546589265455;[171, 0, 17, 255, 161, 72, 70, 209, 26, 0, 0, 124, 0, 0, 115, 1, 0, 191, 10, 128]
1546589265460;[171, 0, 17, 255, 161, 72, 70, 209, 26, 0, 0, 128, 0, 0, 138, 1, 0, 189, 10, 137]
1546589265629;[171, 0, 17, 255, 161, 72, 70, 209, 26, 0, 0, 108, 0, 0, 142, 1, 0, 180, 10, 145]
1546589265633;[171, 0, 17, 255, 161, 72, 70, 209, 26, 0, 0, 120, 0, 0, 108, 1, 0, 197, 10, 143]
1546589265800;[171, 0, 4, 255, 132, 128, 68]
1546589266148;[171, 0, 17, 255, 161, 72, 70, 209, 26, 0, 0, 111, 0, 0, 135, 1, 0, 196, 10, 155]
1546589266152;[171, 0, 17, 255, 161, 72, 70, 209, 26, 0, 0, 101, 0, 0, 115, 1, 0, 196, 10, 160]
1546589266156;[171, 0, 17, 255, 161, 72, 70, 209, 26, 0, 0, 101, 0, 0, 134, 1, 0, 202, 10, 123]
1546589266160;[171, 0, 17, 255, 161, 72, 70, 209, 26, 0, 0, 116, 0, 0, 144, 1, 0, 183, 10, 119]
1546589266318;[171, 0, 17, 255, 161, 72, 70, 209, 26, 0, 0, 117, 0, 0, 146, 1, 0, 183, 10, 148]
1546589266322;[171, 0, 17, 255, 161, 72, 70, 209, 27, 0, 0, 123, 0, 0, 141, 1, 0, 179, 10, 158]
1546589266489;[171, 0, 17, 255, 161, 72, 70, 209, 27, 0, 0, 109, 0, 0, 135, 1, 0, 177, 10, 147]
1546589266664;[171, 0, 17, 255, 161, 72, 70, 209, 27, 0, 0, 150, 0, 0, 170, 1, 0, 176, 10, 167]
1546589266667;[171, 0, 17, 255, 161, 72, 70, 209, 27, 0, 0, 109, 0, 0, 127, 1, 0, 196, 10, 140]
1546589266836;[171, 0, 17, 255, 161, 72, 70, 209, 27, 0, 0, 120, 0, 0, 145, 1, 0, 181, 10, 126]
1546589266840;[171, 0, 4, 255, 132, 128, 75]
1546589267009;[171, 0, 17, 255, 161, 72, 70, 209, 27, 0, 0, 116, 0, 0, 129, 1, 0, 187, 10, 129]
1546589267354;[171, 0, 17, 255, 161, 72, 70, 209, 27, 0, 0, 114, 0, 0, 145, 1, 0, 177, 10, 139]
1546589267359;[171, 0, 17, 255, 161, 72, 70, 209, 27, 0, 0, 93, 0, 0, 129, 1, 0, 188, 10, 135]
1546589267362;[171, 0, 17, 255, 161, 72, 70, 209, 27, 0, 0, 129, 0, 0, 135, 1, 0, 184, 10, 122]
1546589267367;[171, 0, 17, 255, 161, 72, 70, 209, 27, 0, 0, 123, 0, 0, 125, 1, 0, 184, 10, 97]
1546589267525;[171, 0, 17, 255, 161, 72, 70, 209, 28, 0, 0, 120, 0, 0, 135, 1, 0, 184, 10, 87]
1546589267528;[171, 0, 17, 255, 161, 72, 70, 209, 28, 0, 0, 143, 0, 0, 155, 1, 0, 184, 10, 119]
1546589267698;[171, 0, 17, 255, 161, 72, 70, 209, 28, 0, 0, 131, 0, 0, 124, 1, 0, 184, 10, 103]
1546589267870;[171, 0, 17, 255, 161, 72, 70, 209, 28, 0, 0, 117, 0, 0, 128, 1, 0, 178, 10, 95]
1546589267877;[171, 0, 17, 255, 161, 72, 70, 209, 28, 0, 0, 148, 0, 0, 158, 1, 0, 170, 10, 97]
1546589268043;[171, 0, 4, 255, 132, 128, 80]
1546589268047;[171, 0, 17, 255, 161, 72, 70, 209, 28, 0, 0, 117, 0, 0, 129, 1, 0, 178, 10, 74]
1546589268217;[171, 0, 17, 255, 161, 72, 70, 209, 28, 0, 0, 137, 0, 0, 141, 1, 0, 174, 10, 56]
1546589268221;[171, 0, 17, 255, 161, 72, 70, 209, 28, 0, 0, 124, 0, 0, 130, 1, 0, 172, 10, 43]
1546589268735;[171, 0, 17, 255, 161, 72, 70, 209, 28, 0, 0, 152, 0, 0, 159, 1, 0, 169, 10, 50]
1546589268740;[171, 0, 17, 255, 161, 72, 70, 209, 28, 0, 0, 127, 0, 0, 129, 1, 0, 180, 10, 23]
1546589268745;[171, 0, 17, 255, 161, 72, 70, 209, 29, 0, 0, 138, 0, 0, 141, 1, 0, 174, 10, 15]
1546589268749;[171, 0, 17, 255, 161, 72, 70, 209, 29, 0, 0, 131, 0, 0, 130, 1, 0, 172, 9, 250]
1546589268906;[171, 0, 17, 255, 161, 72, 70, 209, 29, 0, 0, 150, 0, 0, 167, 1, 0, 169, 10, 21]
1546589268910;[171, 0, 17, 255, 161, 72, 70, 209, 29, 0, 0, 120, 0, 0, 133, 1, 0, 185, 10, 26]
1546589269253;[171, 0, 17, 255, 161, 72, 70, 209, 29, 0, 0, 138, 0, 0, 146, 1, 0, 175, 10, 33]
1546589269257;[171, 0, 4, 255, 132, 128, 84]
1546589269261;[171, 0, 17, 255, 161, 72, 70, 209, 29, 0, 0, 121, 0, 0, 127, 1, 0, 180, 10, 33]
1546589269265;[171, 0, 17, 255, 161, 72, 70, 209, 29, 0, 0, 151, 0, 0, 160, 1, 0, 169, 10, 53]
1546589269423;[171, 0, 17, 255, 161, 72, 70, 209, 29, 0, 0, 120, 0, 0, 130, 1, 0, 187, 10, 20]
1546589269427;[171, 0, 17, 255, 161, 72, 70, 209, 29, 0, 0, 117, 0, 0, 130, 1, 0, 175, 10, 24]
1546589269595;[171, 0, 17, 255, 161, 72, 70, 209, 29, 0, 0, 114, 0, 0, 128, 1, 0, 176, 9, 255]
1546589269941;[171, 0, 17, 255, 161, 72, 70, 209, 30, 0, 0, 45, 0, 0, 150, 1, 0, 231, 9, 198]
1546589269944;[171, 0, 17, 255, 161, 72, 70, 209, 30, 0, 0, 113, 0, 0, 121, 1, 0, 245, 9, 195]
1546589269947;[171, 0, 17, 255, 161, 72, 70, 209, 30, 0, 0, 110, 0, 0, 84, 1, 0, 208, 8, 245]
1546589269949;[171, 0, 17, 255, 161, 72, 70, 209, 30, 0, 0, 241, 0, 0, 69, 1, 0, 161, 8, 19]
1546589270114;[171, 0, 17, 255, 161, 72, 70, 209, 30, 0, 0, 156, 0, 0, 131, 1, 0, 203, 8, 45]
1546589270285;[171, 0, 4, 255, 132, 128, 87]
1546589270290;[171, 0, 17, 255, 161, 72, 70, 209, 30, 0, 0, 81, 0, 1, 20, 1, 1, 84, 7, 213]
1546589270458;[171, 0, 17, 255, 161, 72, 70, 209, 30, 0, 0, 94, 0, 0, 146, 1, 0, 177, 8, 73]
1546589270462;[171, 0, 17, 255, 161, 72, 70, 209, 30, 0, 0, 123, 0, 0, 98, 1, 0, 172, 8, 141]
1546589270631;[171, 0, 17, 255, 161, 72, 70, 209, 30, 0, 0, 164, 0, 0, 84, 1, 0, 189, 8, 134]
1546589270635;[171, 0, 17, 255, 161, 72, 70, 209, 30, 0, 0, 173, 0, 0, 69, 1, 0, 175, 8, 110]
1546589270803;[171, 0, 17, 255, 161, 72, 70, 209, 31, 0, 0, 171, 0, 0, 71, 1, 0, 186, 8, 92]
1546589271148;[171, 0, 17, 255, 161, 72, 70, 209, 31, 0, 0, 178, 0, 0, 81, 1, 0, 175, 8, 121]
1546589271152;[171, 0, 17, 255, 161, 72, 70, 209, 31, 0, 0, 156, 0, 0, 121, 1, 0, 169, 8, 157]
1546589271156;[171, 0, 17, 255, 161, 72, 70, 209, 31, 0, 0, 126, 0, 0, 105, 1, 0, 163, 8, 158]
1546589271320;[171, 0, 17, 255, 161, 72, 70, 209, 33, 0, 0, 78, 0, 1, 15, 1, 0, 29, 7, 99]
1546589271492;[171, 0, 17, 255, 161, 72, 70, 209, 33, 0, 0, 63, 0, 1, 9, 1, 0, 31, 6, 175]
1546589271666;[171, 0, 17, 255, 161, 72, 70, 209, 33, 0, 0, 66, 0, 0, 254, 1, 0, 38, 6, 43]
1546589271670;[171, 0, 17, 255, 161, 72, 70, 209, 33, 0, 0, 59, 0, 0, 255, 1, 0, 45, 5, 197]
1546589271839;[171, 0, 17, 255, 161, 72, 70, 209, 33, 0, 0, 51, 0, 1, 9, 1, 0, 44, 5, 109]
1546589271843;[171, 0, 17, 255, 161, 72, 70, 209, 34, 0, 0, 43, 0, 1, 3, 1, 0, 42, 5, 11]
1546589272010;[171, 0, 17, 255, 161, 72, 70, 209, 34, 0, 0, 40, 0, 0, 244, 1, 0, 38, 4, 195]
1546589272183;[171, 0, 17, 255, 161, 72, 70, 209, 34, 0, 0, 43, 0, 0, 251, 1, 0, 35, 4, 151]
1546589272187;[171, 0, 17, 255, 161, 72, 70, 209, 34, 0, 0, 61, 0, 1, 10, 1, 0, 38, 4, 95]
1546589272529;[171, 0, 17, 255, 161, 72, 70, 209, 34, 0, 0, 57, 0, 0, 250, 1, 0, 44, 4, 81]
1546589272533;[171, 0, 4, 255, 132, 128, 94]
1546589272537;[171, 0, 17, 255, 161, 72, 70, 209, 34, 0, 0, 57, 0, 0, 247, 1, 0, 35, 4, 55]
1546589272541;[171, 0, 17, 255, 161, 72, 70, 209, 34, 0, 0, 63, 0, 1, 15, 1, 0, 32, 4, 46]
1546589272700;[171, 0, 17, 255, 161, 72, 70, 209, 34, 0, 0, 44, 0, 0, 249, 1, 0, 22, 4, 38]
1546589272875;[171, 0, 17, 255, 161, 72, 70, 209, 34, 0, 0, 48, 0, 0, 253, 1, 0, 22, 4, 37]
1546589272879;[171, 0, 17, 255, 161, 72, 70, 209, 34, 0, 0, 54, 0, 0, 249, 1, 0, 32, 4, 46]
1546589273045;[171, 0, 17, 255, 161, 72, 70, 209, 35, 0, 0, 63, 0, 1, 17, 1, 0, 53, 4, 68]
1546589273049;[171, 0, 17, 255, 161, 72, 70, 209, 35, 0, 0, 52, 0, 1, 4, 1, 0, 29, 4, 86]
1546589273220;[171, 0, 17, 255, 161, 72, 70, 209, 35, 0, 0, 61, 0, 0, 253, 1, 0, 28, 4, 100]
1546589273224;[171, 0, 17, 255, 161, 72, 70, 209, 35, 0, 0, 66, 0, 0, 255, 1, 0, 26, 4, 135]
1546589273392;[171, 0, 17, 255, 161, 72, 70, 209, 35, 0, 0, 52, 0, 1, 9, 1, 0, 22, 4, 164]
1546589273736;[171, 0, 4, 255, 132, 128, 94]
1546589273741;[171, 0, 17, 255, 161, 72, 70, 209, 35, 0, 0, 52, 0, 0, 254, 1, 0, 24, 4, 193]
1546589273744;[171, 0, 17, 255, 161, 72, 70, 209, 35, 0, 0, 46, 0, 0, 254, 1, 0, 32, 4, 224]
1546589273748;[171, 0, 17, 255, 161, 72, 70, 209, 35, 0, 0, 52, 0, 1, 9, 1, 0, 35, 4, 253]
1546589273908;[171, 0, 17, 255, 161, 72, 70, 209, 35, 0, 0, 51, 0, 0, 255, 1, 0, 37, 5, 32]
1546589274080;[171, 0, 17, 255, 161, 72, 70, 209, 35, 0, 0, 59, 0, 0, 255, 1, 0, 32, 5, 66]
1546589274084;[171, 0, 17, 255, 161, 72, 70, 209, 36, 0, 0, 59, 0, 1, 0, 1, 0, 31, 5, 102]
1546589274254;[171, 0, 17, 255, 161, 72, 70, 209, 36, 0, 0, 58, 0, 0, 252, 1, 0, 28, 5, 132]
1546589274258;[171, 0, 17, 255, 161, 72, 70, 209, 36, 0, 0, 55, 0, 0, 253, 1, 0, 28, 5, 151]
1546589274426;[171, 0, 17, 255, 161, 72, 70, 209, 36, 0, 0, 57, 0, 0, 254, 1, 0, 29, 5, 174]
1546589274430;[171, 0, 17, 255, 161, 72, 70, 209, 36, 0, 0, 54, 0, 1, 0, 1, 0, 29, 5, 214]
1546589274597;[171, 0, 4, 255, 132, 128, 94]
1546589274772;[171, 0, 17, 255, 161, 72, 70, 209, 36, 0, 0, 52, 0, 0, 254, 1, 0, 34, 5, 252]
1546589274775;[171, 0, 17, 255, 161, 72, 70, 209, 36, 0, 0, 54, 0, 0, 254, 1, 0, 32, 6, 26]
1546589275117;[171, 0, 17, 255, 161, 72, 70, 209, 36, 0, 0, 56, 0, 0, 253, 1, 0, 31, 6, 65]
1546589275121;[171, 0, 17, 255, 161, 72, 70, 209, 36, 0, 0, 59, 0, 0, 254, 1, 0, 32, 6, 86]
1546589275125;[171, 0, 17, 255, 161, 72, 70, 209, 36, 0, 0, 57, 0, 0, 255, 1, 0, 31, 6, 119]
1546589275129;[171, 0, 17, 255, 161, 72, 70, 209, 37, 0, 0, 59, 0, 0, 255, 1, 0, 32, 6, 157]
1546589275288;[171, 0, 17, 255, 161, 72, 70, 209, 37, 0, 0, 55, 0, 1, 0, 1, 0, 30, 6, 192]
1546589275461;[171, 0, 17, 255, 161, 72, 70, 209, 37, 0, 0, 56, 0, 0, 255, 1, 0, 29, 6, 228]
1546589275467;[171, 0, 17, 255, 161, 72, 70, 209, 37, 0, 0, 58, 0, 0, 255, 1, 0, 30, 7, 8]
1546589275633;[171, 0, 17, 255, 161, 72, 70, 209, 37, 0, 0, 58, 0, 0, 255, 1, 0, 30, 7, 39]
1546589275636;[171, 0, 4, 255, 132, 128, 94]
1546589275805;[171, 0, 17, 255, 161, 72, 70, 209, 37, 0, 0, 58, 0, 0, 254, 1, 0, 30, 7, 74]
1546589275981;[171, 0, 17, 255, 161, 72, 70, 209, 37, 0, 0, 55, 0, 0, 254, 1, 0, 32, 7, 105]
1546589275984;[171, 0, 17, 255, 161, 72, 70, 209, 37, 0, 0, 58, 0, 0, 255, 1, 0, 32, 7, 140]
1546589276325;[171, 0, 17, 255, 161, 72, 70, 209, 37, 0, 0, 63, 0, 0, 255, 1, 0, 31, 7, 182]
1546589276328;[171, 0, 17, 255, 161, 72, 70, 209, 37, 0, 0, 58, 0, 0, 253, 1, 0, 29, 7, 208]
1546589276333;[171, 0, 17, 255, 161, 72, 70, 209, 38, 0, 0, 56, 0, 0, 253, 1, 0, 25, 7, 244]
1546589276337;[171, 0, 17, 255, 161, 72, 70, 209, 38, 0, 0, 66, 0, 0, 255, 1, 0, 32, 8, 19]
1546589276494;[171, 0, 17, 255, 161, 72, 70, 209, 38, 0, 0, 77, 0, 0, 248, 1, 0, 37, 8, 49]
1546589276668;[171, 0, 17, 255, 161, 72, 70, 209, 38, 0, 0, 126, 0, 0, 245, 1, 0, 20, 8, 96]
1546589276672;[171, 0, 17, 255, 161, 72, 70, 209, 38, 0, 0, 191, 0, 0, 226, 0, 0, 14, 8, 139]
1546589276841;[171, 0, 4, 255, 132, 128, 94]
1546589276845;[171, 0, 17, 255, 161, 72, 70, 209, 38, 0, 0, 183, 0, 0, 207, 0, 0, 14, 8, 133]
1546589277013;[171, 0, 17, 255, 161, 72, 70, 209, 38, 0, 0, 156, 0, 0, 196, 1, 0, 22, 8, 9]
1546589277017;[171, 0, 17, 255, 161, 72, 70, 209, 38, 0, 0, 113, 0, 0, 186, 1, 0, 34, 7, 202]
1546589277186;[171, 0, 17, 255, 161, 72, 70, 209, 38, 0, 0, 153, 0, 0, 207, 1, 0, 20, 7, 180]
1546589277706;[171, 0, 17, 255, 161, 72, 70, 209, 38, 0, 0, 192, 0, 0, 217, 0, 0, 9, 7, 84]
1546589277711;[171, 0, 17, 255, 161, 72, 70, 209, 39, 0, 0, 203, 0, 0, 196, 0, 0, 11, 6, 96]
1546589277714;[171, 0, 17, 255, 161, 72, 70, 209, 39, 0, 0, 191, 0, 0, 173, 0, 0, 20, 5, 36]
1546589277718;[171, 0, 17, 255, 161, 72, 70, 209, 39, 0, 0, 209, 0, 0, 164, 0, 0, 21, 3, 118]
1546589277877;[171, 0, 17, 255, 161, 72, 70, 209, 39, 0, 0, 215, 0, 0, 155, 0, 0, 26, 3, 118]
1546589277882;[171, 0, 17, 255, 161, 72, 70, 209, 39, 0, 0, 214, 0, 0, 146, 0, 0, 17, 2, 186]
1546589277885;[171, 0, 4, 255, 132, 128, 94]
1546589278050;[171, 0, 17, 255, 161, 72, 70, 209, 39, 0, 0, 212, 0, 0, 163, 0, 0, 26, 2, 86]
1546589278054;[171, 0, 17, 255, 161, 72, 70, 209, 39, 0, 0, 206, 0, 0, 157, 0, 0, 24, 2, 20]
1546589278223;[171, 0, 17, 255, 161, 72, 70, 209, 39, 0, 0, 213, 0, 0, 169, 0, 0, 28, 1, 192]
1546589278227;[171, 0, 17, 255, 161, 72, 70, 209, 39, 0, 0, 203, 0, 0, 188, 1, 0, 2, 1, 125]
1546589278393;[171, 0, 17, 255, 161, 72, 70, 209, 39, 0, 0, 191, 0, 0, 209, 0, 0, 33, 1, 18]
1546589278567;[171, 0, 17, 255, 161, 72, 70, 209, 40, 0, 0, 143, 0, 0, 214, 1, 0, 4, 16, 61]
1546589278571;[171, 0, 17, 255, 161, 72, 70, 209, 40, 0, 0, 136, 0, 0, 205, 0, 0, 17, 7, 45]
1546589278911;[171, 0, 17, 255, 161, 72, 70, 209, 40, 0, 0, 154, 0, 0, 202, 0, 0, 26, 6, 176]
1546589278915;[171, 0, 17, 255, 161, 72, 70, 209, 40, 0, 0, 157, 0, 0, 202, 0, 0, 22, 6, 95]
1546589278920;[171, 0, 17, 255, 161, 72, 70, 209, 40, 0, 0, 181, 0, 0, 223, 0, 0, 17, 6, 68]
1546589279084;[171, 0, 4, 255, 132, 128, 95]
1546589279088;[171, 0, 17, 255, 161, 72, 70, 209, 40, 0, 0, 166, 0, 0, 223, 0, 0, 6, 6, 48]
1546589279257;[171, 0, 17, 255, 161, 72, 70, 209, 40, 0, 0, 139, 0, 0, 221, 0, 0, 6, 6, 38]
1546589279261;[171, 0, 17, 255, 161, 72, 70, 209, 40, 0, 0, 111, 0, 0, 228, 1, 0, 16, 6, 72]
1546589279428;[171, 0, 17, 255, 161, 72, 70, 209, 40, 0, 0, 99, 0, 0, 240, 1, 0, 29, 6, 153]
1546589279432;[171, 0, 17, 255, 161, 72, 70, 209, 40, 0, 0, 72, 0, 0, 253, 1, 0, 35, 6, 247]
1546589279778;[171, 0, 17, 255, 161, 72, 70, 209, 41, 0, 0, 64, 0, 0, 254, 1, 0, 41, 7, 49]
1546589279779;[171, 0, 17, 255, 161, 72, 70, 209, 41, 0, 0, 63, 0, 0, 253, 1, 0, 42, 7, 75]
1546589280121;[171, 0, 17, 255, 161, 72, 70, 209, 41, 0, 0, 58, 0, 0, 255, 1, 0, 35, 7, 105]
1546589280125;[171, 0, 17, 255, 161, 72, 70, 209, 41, 0, 0, 58, 0, 0, 255, 1, 0, 25, 7, 115]
1546589280129;[171, 0, 17, 255, 161, 72, 70, 209, 41, 0, 0, 58, 0, 0, 253, 1, 0, 31, 7, 146]
1546589280133;[171, 0, 4, 255, 132, 128, 96]
1546589280291;[171, 0, 17, 255, 161, 72, 70, 209, 41, 0, 0, 63, 0, 0, 253, 1, 0, 36, 7, 175]
1546589280295;[171, 0, 17, 255, 161, 72, 70, 209, 41, 0, 0, 63, 0, 0, 253, 1, 0, 37, 7, 205]
1546589280638;[171, 0, 17, 255, 161, 72, 70, 209, 41, 0, 0, 61, 0, 0, 253, 1, 0, 36, 7, 229]
1546589280641;[171, 0, 17, 255, 161, 72, 70, 209, 41, 0, 0, 59, 0, 0, 253, 1, 0, 32, 7, 244]
1546589280645;[171, 0, 17, 255, 161, 72, 70, 209, 41, 0, 0, 59, 0, 0, 254, 1, 0, 32, 8, 6]
1546589280650;[171, 0, 17, 255, 161, 72, 70, 209, 42, 0, 0, 58, 0, 0, 254, 1, 0, 32, 8, 25]
1546589280809;[171, 0, 17, 255, 161, 72, 70, 209, 42, 0, 0, 63, 0, 0, 254, 1, 0, 37, 8, 63]
1546589280981;[171, 0, 17, 255, 161, 72, 70, 209, 42, 0, 0, 63, 0, 1, 0, 1, 0, 31, 8, 83]
1546589280986;[171, 0, 17, 255, 161, 72, 70, 209, 42, 0, 0, 59, 0, 0, 251, 1, 0, 31, 8, 94]
1546589281154;[171, 0, 17, 255, 161, 72, 70, 209, 42, 0, 0, 59, 0, 0, 253, 1, 0, 32, 8, 112]
1546589281158;[171, 0, 4, 255, 132, 128, 99]
1546589281497;[171, 0, 17, 255, 161, 72, 70, 209, 42, 0, 0, 61, 0, 0, 252, 1, 0, 32, 8, 137]
1546589281501;[171, 0, 17, 255, 161, 72, 70, 209, 42, 0, 0, 61, 0, 0, 254, 1, 0, 32, 8, 155]
1546589281505;[171, 0, 17, 255, 161, 72, 70, 209, 42, 0, 0, 63, 0, 0, 253, 1, 0, 32, 8, 170]
1546589281672;[171, 0, 17, 255, 161, 72, 70, 209, 42, 0, 0, 61, 0, 0, 254, 1, 0, 32, 8, 193]
1546589281676;[171, 0, 17, 255, 161, 72, 70, 209, 42, 0, 0, 59, 0, 0, 253, 1, 0, 35, 8, 214]
1546589281846;[171, 0, 17, 255, 161, 72, 70, 209, 43, 0, 0, 64, 0, 0, 254, 1, 0, 32, 8, 231]
1546589281850;[171, 0, 17, 255, 161, 72, 70, 209, 43, 0, 0, 59, 0, 0, 248, 1, 0, 22, 8, 242]
1546589282018;[171, 0, 17, 255, 161, 72, 70, 209, 43, 0, 0, 67, 0, 0, 254, 1, 0, 34, 9, 5]
1546589282022;[171, 0, 17, 255, 161, 72, 70, 209, 43, 0, 0, 51, 0, 0, 255, 1, 0, 22, 9, 9]
1546589282368;[171, 0, 17, 255, 161, 72, 70, 209, 43, 0, 0, 61, 0, 0, 250, 1, 0, 30, 9, 27]
1546589282370;[171, 0, 4, 255, 132, 128, 100]
1546589282373;[171, 0, 17, 255, 161, 72, 70, 209, 43, 0, 0, 64, 0, 0, 255, 1, 0, 29, 9, 41]
1546589282708;[171, 0, 17, 255, 161, 72, 70, 209, 43, 0, 0, 61, 0, 0, 253, 1, 0, 31, 9, 60]
1546589282712;[171, 0, 17, 255, 161, 72, 70, 209, 43, 0, 0, 58, 0, 1, 4, 1, 0, 25, 9, 78]
1546589282716;[171, 0, 17, 255, 161, 72, 70, 209, 43, 0, 0, 57, 0, 0, 251, 1, 0, 29, 9, 96]
1546589282879;[171, 0, 17, 255, 161, 72, 70, 209, 43, 0, 0, 62, 0, 0, 254, 1, 0, 26, 9, 115]
1546589282883;[171, 0, 17, 255, 161, 72, 70, 209, 44, 0, 0, 61, 0, 0, 253, 1, 0, 29, 9, 143]
1546589283051;[171, 0, 17, 255, 161, 72, 70, 209, 44, 0, 0, 63, 0, 0, 253, 1, 0, 26, 9, 169]
1546589283057;[171, 0, 17, 255, 161, 72, 70, 209, 44, 0, 0, 63, 0, 0, 255, 1, 0, 32, 9, 183]
1546589283223;[171, 0, 17, 255, 161, 72, 70, 209, 44, 0, 0, 57, 0, 0, 254, 1, 0, 29, 9, 203]
1546589283228;[171, 0, 17, 255, 161, 72, 70, 209, 44, 0, 0, 57, 0, 0, 251, 1, 0, 32, 9, 225]
1546589283395;[171, 0, 4, 255, 132, 128, 102]
1546589283569;[171, 0, 17, 255, 161, 72, 70, 209, 44, 0, 0, 62, 0, 0, 254, 1, 0, 26, 10, 5]
1546589283573;[171, 0, 17, 255, 161, 72, 70, 209, 44, 0, 0, 63, 0, 0, 255, 1, 0, 24, 10, 35]
1546589283742;[171, 0, 17, 255, 161, 72, 70, 209, 44, 0, 0, 59, 0, 0, 254, 1, 0, 24, 10, 69]
1546589283746;[171, 0, 17, 255, 161, 72, 70, 209, 44, 0, 0, 59, 0, 0, 253, 1, 0, 28, 10, 87]
1546589284088;[171, 0, 17, 255, 161, 72, 70, 209, 44, 0, 0, 61, 0, 0, 255, 1, 0, 25, 10, 124]
1546589284092;[171, 0, 17, 255, 161, 72, 70, 209, 45, 0, 0, 63, 0, 0, 254, 1, 0, 28, 10, 149]
1546589284096;[171, 0, 17, 255, 161, 72, 70, 209, 45, 0, 0, 58, 0, 0, 255, 1, 0, 25, 10, 182]
1546589284259;[171, 0, 17, 255, 161, 72, 70, 209, 45, 0, 0, 59, 0, 0, 251, 1, 0, 29, 10, 219]
1546589284263;[171, 0, 17, 255, 161, 72, 70, 209, 45, 0, 0, 64, 0, 0, 251, 1, 0, 25, 10, 254]
1546589284431;[171, 0, 17, 255, 161, 72, 70, 209, 45, 0, 0, 66, 0, 0, 253, 1, 0, 25, 11, 36]
1546589284434;[171, 0, 4, 255, 132, 128, 103]
1546589284603;[171, 0, 17, 255, 161, 72, 70, 209, 45, 0, 0, 63, 0, 0, 250, 1, 0, 29, 11, 61]
1546589284776;[171, 0, 17, 255, 161, 72, 70, 209, 45, 0, 0, 52, 0, 0, 253, 1, 0, 19, 11, 72]
1546589284781;[171, 0, 17, 255, 161, 72, 70, 209, 45, 0, 0, 63, 0, 0, 253, 1, 0, 27, 11, 110]
1546589284949;[171, 0, 17, 255, 161, 72, 70, 209, 45, 0, 0, 66, 0, 0, 254, 1, 0, 35, 11, 142]
1546589284954;[171, 0, 17, 255, 161, 72, 70, 209, 45, 0, 0, 64, 0, 1, 4, 1, 0, 24, 11, 182]
1546589285296;[171, 0, 17, 255, 161, 72, 70, 209, 46, 0, 0, 61, 0, 0, 249, 1, 0, 22, 11, 194]
1546589285300;[171, 0, 17, 255, 161, 72, 70, 209, 46, 0, 0, 59, 0, 0, 254, 1, 0, 25, 11, 214]
1546589285304;[171, 0, 17, 255, 161, 72, 70, 209, 46, 0, 0, 61, 0, 0, 248, 1, 0, 32, 11, 239]
1546589285469;[171, 0, 17, 255, 161, 72, 70, 209, 46, 0, 0, 66, 0, 1, 10, 1, 0, 22, 12, 1]
1546589285474;[171, 0, 17, 255, 161, 72, 70, 209, 46, 0, 0, 71, 0, 0, 254, 1, 0, 31, 12, 37]
1546589285638;[171, 0, 4, 255, 132, 128, 103]
1546589285643;[171, 0, 17, 255, 161, 72, 70, 209, 46, 0, 0, 63, 0, 0, 250, 1, 0, 30, 12, 45]
1546589285811;[171, 0, 17, 255, 161, 72, 70, 209, 46, 0, 0, 58, 0, 0, 254, 1, 0, 14, 12, 51]
1546589285980;[171, 0, 17, 255, 161, 72, 70, 209, 46, 0, 0, 55, 0, 0, 255, 1, 0, 16, 12, 62]
1546589285982;[171, 0, 17, 255, 161, 72, 70, 209, 46, 0, 0, 61, 0, 0, 254, 1, 0, 24, 12, 81]
1546589286157;[171, 0, 17, 255, 161, 72, 70, 209, 46, 0, 0, 62, 0, 1, 4, 1, 0, 28, 12, 97]
1546589286161;[171, 0, 17, 255, 161, 72, 70, 209, 47, 0, 0, 57, 0, 0, 248, 1, 0, 30, 12, 106]
1546589286676;[171, 0, 17, 255, 161, 72, 70, 209, 47, 0, 0, 67, 0, 0, 255, 1, 0, 24, 12, 141]
1546589286680;[171, 0, 17, 255, 161, 72, 70, 209, 47, 0, 0, 67, 0, 0, 253, 1, 0, 21, 12, 149]
1546589286685;[171, 0, 17, 255, 161, 72, 70, 209, 47, 0, 0, 67, 0, 1, 9, 1, 0, 19, 12, 161]
1546589286690;[171, 0, 17, 255, 161, 72, 70, 209, 47, 0, 0, 63, 0, 0, 253, 1, 0, 18, 12, 169]
1546589286847;[171, 0, 4, 255, 132, 128, 102]
1546589286851;[171, 0, 17, 255, 161, 72, 70, 209, 47, 0, 0, 61, 0, 0, 253, 1, 0, 15, 12, 155]
1546589286855;[171, 0, 17, 255, 161, 72, 70, 209, 47, 0, 0, 58, 0, 1, 4, 1, 0, 14, 12, 161]
1546589287193;[171, 0, 17, 255, 161, 72, 70, 209, 47, 0, 0, 58, 0, 0, 254, 1, 0, 15, 12, 167]
1546589287197;[171, 0, 17, 255, 161, 72, 70, 209, 47, 0, 0, 58, 0, 0, 253, 1, 0, 18, 12, 170]
1546589287201;[171, 0, 17, 255, 161, 72, 70, 209, 47, 0, 0, 61, 0, 0, 255, 1, 0, 16, 12, 191]
1546589287364;[171, 0, 17, 255, 161, 72, 70, 209, 48, 0, 0, 66, 0, 0, 254, 1, 0, 16, 12, 187]
1546589287374;[171, 0, 17, 255, 161, 72, 70, 209, 48, 0, 0, 67, 0, 0, 255, 1, 0, 14, 12, 207]
1546589287537;[171, 0, 17, 255, 161, 72, 70, 209, 48, 0, 0, 61, 0, 0, 255, 1, 0, 22, 12, 218]
1546589287541;[171, 0, 17, 255, 161, 72, 70, 209, 48, 0, 0, 61, 0, 0, 253, 1, 0, 19, 12, 216]
1546589287882;[171, 0, 17, 255, 161, 72, 70, 209, 48, 0, 0, 61, 0, 0, 254, 1, 0, 14, 12, 224]
1546589287886;[171, 0, 4, 255, 132, 128, 102]
1546589288054;[171, 0, 17, 255, 161, 72, 70, 209, 48, 0, 0, 63, 0, 1, 3, 1, 0, 14, 12, 226]
1546589288058;[171, 0, 17, 255, 161, 72, 70, 209, 48, 0, 0, 59, 0, 1, 0, 1, 0, 16, 12, 232]
1546589288063;[171, 0, 17, 255, 161, 72, 70, 209, 48, 0, 0, 58, 0, 0, 254, 1, 0, 16, 12, 243]
1546589288226;[171, 0, 17, 255, 161, 72, 70, 209, 48, 0, 0, 64, 0, 0, 255, 1, 0, 15, 12, 244]
1546589288230;[171, 0, 17, 255, 161, 72, 70, 209, 48, 0, 0, 66, 0, 0, 255, 1, 0, 14, 13, 0]
1546589288398;[171, 0, 17, 255, 161, 72, 70, 209, 49, 0, 0, 64, 0, 0, 253, 1, 0, 15, 13, 7]
1546589288572;[171, 0, 17, 255, 161, 72, 70, 209, 49, 0, 0, 64, 0, 1, 0, 1, 0, 14, 13, 11]
1546589288576;[171, 0, 17, 255, 161, 72, 70, 209, 49, 0, 0, 58, 0, 0, 255, 1, 0, 20, 13, 21]
1546589288744;[171, 0, 17, 255, 161, 72, 70, 209, 49, 0, 0, 61, 0, 0, 254, 1, 0, 18, 13, 31]
1546589288748;[171, 0, 17, 255, 161, 72, 70, 209, 49, 0, 0, 61, 0, 0, 253, 1, 0, 19, 13, 38]
1546589289089;[171, 0, 4, 255, 132, 128, 102]
1546589289094;[171, 0, 17, 255, 161, 72, 70, 209, 49, 0, 0, 64, 0, 0, 255, 1, 0, 16, 13, 45]
1546589289098;[171, 0, 17, 255, 161, 72, 70, 209, 49, 0, 0, 61, 0, 0, 249, 1, 0, 14, 13, 50]
1546589289263;[171, 0, 17, 255, 161, 72, 70, 209, 49, 0, 0, 61, 0, 0, 251, 1, 0, 19, 13, 60]
1546589289267;[171, 0, 17, 255, 161, 72, 70, 209, 49, 0, 0, 63, 0, 0, 255, 1, 0, 20, 13, 67]
1546589289434;[171, 0, 17, 255, 161, 72, 70, 209, 49, 0, 0, 59, 0, 0, 255, 1, 0, 21, 13, 68]
1546589289607;[171, 0, 17, 255, 161, 72, 70, 209, 50, 0, 0, 58, 0, 0, 253, 1, 0, 14, 13, 73]
1546589289611;[171, 0, 17, 255, 161, 72, 70, 209, 50, 0, 0, 61, 0, 0, 255, 1, 0, 14, 13, 71]
1546589289778;[171, 0, 17, 255, 161, 72, 70, 209, 50, 0, 0, 59, 0, 0, 255, 1, 0, 16, 13, 76]
1546589289785;[171, 0, 17, 255, 161, 72, 70, 209, 50, 0, 0, 61, 0, 0, 253, 1, 0, 14, 13, 88]
1546589289950;[171, 0, 17, 255, 161, 72, 70, 209, 50, 0, 0, 61, 0, 0, 254, 1, 0, 16, 13, 89]
1546589289954;[171, 0, 4, 255, 132, 128, 102]
1546589290125;[171, 0, 17, 255, 161, 72, 70, 209, 50, 0, 0, 61, 0, 0, 255, 1, 0, 16, 13, 85]
1546589290128;[171, 0, 17, 255, 161, 72, 70, 209, 50, 0, 0, 61, 0, 0, 255, 1, 0, 18, 13, 97]
1546589290475;[171, 0, 17, 255, 161, 72, 70, 209, 50, 0, 0, 63, 0, 1, 0, 1, 0, 14, 13, 94]
1546589290479;[171, 0, 17, 255, 161, 72, 70, 209, 50, 0, 0, 63, 0, 0, 254, 1, 0, 15, 13, 95]
1546589290485;[171, 0, 17, 255, 161, 72, 70, 209, 50, 0, 0, 63, 0, 0, 255, 1, 0, 16, 13, 103]
1546589290641;[171, 0, 17, 255, 161, 72, 70, 209, 51, 0, 0, 64, 0, 0, 253, 1, 0, 16, 13, 107]
1546589290645;[171, 0, 17, 255, 161, 72, 70, 209, 51, 0, 0, 61, 0, 0, 255, 1, 0, 19, 13, 108]
1546589290814;[171, 0, 17, 255, 161, 72, 70, 209, 51, 0, 0, 61, 0, 0, 255, 1, 0, 16, 13, 105]
1546589290817;[171, 0, 17, 255, 161, 72, 70, 209, 51, 0, 0, 61, 0, 0, 254, 1, 0, 18, 13, 108]
1546589290985;[171, 0, 17, 255, 161, 72, 70, 209, 51, 0, 0, 59, 0, 0, 255, 1, 0, 14, 13, 103]
1546589291159;[171, 0, 4, 255, 132, 128, 102]
1546589291164;[171, 0, 17, 255, 161, 72, 70, 209, 51, 0, 0, 61, 0, 1, 4, 1, 0, 15, 13, 111]
1546589291330;[171, 0, 17, 255, 161, 72, 70, 209, 51, 0, 0, 65, 0, 0, 253, 1, 0, 29, 13, 126]
1546589291334;[171, 0, 17, 255, 161, 72, 70, 209, 51, 0, 0, 61, 0, 0, 249, 1, 0, 22, 13, 134]
1546589291677;[171, 0, 17, 255, 161, 72, 70, 209, 51, 0, 0, 58, 0, 0, 253, 1, 0, 13, 13, 120]
1546589291681;[171, 0, 17, 255, 161, 72, 70, 209, 51, 0, 0, 52, 0, 0, 250, 1, 0, 13, 13, 109]
1546589291685;[171, 0, 17, 255, 161, 72, 70, 209, 52, 0, 0, 58, 0, 0, 253, 1, 0, 15, 13, 110]
1546589291848;[171, 0, 17, 255, 161, 72, 70, 209, 52, 0, 0, 61, 0, 0, 255, 1, 0, 21, 13, 119]
1546589291852;[171, 0, 17, 255, 161, 72, 70, 209, 52, 0, 0, 64, 0, 0, 255, 1, 0, 26, 13, 132]
1546589292021;[171, 0, 17, 255, 161, 72, 70, 209, 52, 0, 0, 66, 0, 0, 254, 1, 0, 18, 13, 140]
1546589292025;[171, 0, 17, 255, 161, 72, 70, 209, 52, 0, 0, 67, 0, 1, 4, 1, 0, 13, 13, 138]
1546589292192;[171, 0, 4, 255, 132, 128, 101]
1546589292367;[171, 0, 17, 255, 161, 72, 70, 209, 52, 0, 0, 61, 0, 1, 7, 1, 0, 13, 13, 135]
1546589292372;[171, 0, 17, 255, 161, 72, 70, 209, 52, 0, 0, 58, 0, 0, 255, 1, 0, 15, 13, 133]
1546589292538;[171, 0, 17, 255, 161, 72, 70, 209, 52, 0, 0, 65, 0, 1, 4, 1, 0, 32, 13, 120]
1546589292542;[171, 0, 17, 255, 161, 72, 70, 209, 52, 0, 0, 61, 0, 0, 253, 1, 0, 18, 13, 109]
1546589293057;[171, 0, 17, 255, 161, 72, 70, 209, 52, 0, 0, 61, 0, 0, 254, 1, 0, 3, 13, 103]
1546589293060;[171, 0, 17, 255, 161, 72, 70, 209, 53, 0, 0, 58, 0, 0, 247, 1, 0, 13, 13, 95]
1546589293065;[171, 0, 17, 255, 161, 72, 70, 209, 53, 0, 0, 61, 0, 0, 248, 1, 0, 21, 13, 98]
1546589293071;[171, 0, 17, 255, 161, 72, 70, 209, 53, 0, 0, 59, 0, 0, 250, 1, 0, 30, 13, 99]
1546589293229;[171, 0, 17, 255, 161, 72, 70, 209, 53, 0, 0, 58, 0, 1, 9, 1, 0, 22, 13, 101]
1546589293400;[171, 0, 17, 255, 161, 72, 70, 209, 55, 0, 0, 71, 0, 0, 253, 1, 0, 28, 13, 180]
1546589293574;[171, 0, 17, 255, 161, 72, 70, 209, 55, 0, 0, 66, 0, 1, 4, 1, 0, 31, 13, 188]
1546589293577;[171, 0, 17, 255, 161, 72, 70, 209, 55, 0, 0, 57, 0, 0, 255, 1, 0, 32, 13, 180]
1546589293745;[171, 0, 17, 255, 161, 72, 70, 209, 55, 0, 0, 66, 0, 0, 253, 1, 0, 26, 13, 175]
1546589293749;[171, 0, 17, 255, 161, 72, 70, 209, 55, 0, 0, 66, 0, 0, 253, 1, 0, 28, 13, 185]
1546589293920;[171, 0, 17, 255, 161, 72, 70, 209, 56, 0, 0, 58, 0, 1, 9, 1, 0, 26, 13, 189]
1546589293925;[171, 0, 17, 255, 161, 72, 70, 209, 56, 0, 0, 40, 0, 0, 253, 1, 0, 27, 13, 172]
1546589294266;[171, 0, 17, 255, 161, 72, 70, 209, 56, 0, 0, 66, 0, 0, 253, 1, 0, 32, 13, 156]
1546589294270;[171, 0, 17, 255, 161, 72, 70, 209, 56, 0, 0, 63, 0, 1, 0, 1, 0, 32, 13, 160]
1546589294274;[171, 0, 17, 255, 161, 72, 70, 209, 56, 0, 0, 56, 0, 0, 254, 1, 0, 29, 13, 150]
1546589294435;[171, 0, 4, 255, 132, 128, 100]
1546589294440;[171, 0, 17, 255, 161, 72, 70, 209, 56, 0, 0, 65, 0, 0, 251, 1, 0, 26, 13, 145]
1546589294608;[171, 0, 17, 255, 161, 72, 70, 209, 56, 0, 0, 66, 0, 0, 249, 1, 0, 25, 13, 151]
1546589294782;[171, 0, 17, 255, 161, 72, 70, 209, 56, 0, 0, 71, 0, 0, 253, 1, 0, 26, 13, 166]
1546589294786;[171, 0, 17, 255, 161, 72, 70, 209, 56, 0, 0, 66, 0, 0, 255, 1, 0, 28, 13, 160]
1546589294953;[171, 0, 17, 255, 161, 72, 70, 209, 56, 0, 0, 61, 0, 0, 254, 1, 0, 25, 13, 169]
1546589294957;[171, 0, 17, 255, 161, 72, 70, 209, 57, 0, 0, 58, 0, 0, 253, 1, 0, 24, 13, 156]
1546589295126;[171, 0, 17, 255, 161, 72, 70, 209, 57, 0, 0, 64, 0, 0, 254, 1, 0, 19, 13, 146]
1546589295130;[171, 0, 17, 255, 161, 72, 70, 209, 57, 0, 0, 51, 0, 0, 255, 1, 0, 22, 13, 136]
1546589295471;[171, 0, 17, 255, 161, 72, 70, 209, 57, 0, 0, 52, 0, 0, 254, 1, 0, 31, 13, 122]
1546589295479;[171, 0, 17, 255, 161, 72, 70, 209, 57, 0, 0, 64, 0, 0, 253, 1, 0, 23, 13, 131]
1546589295484;[171, 0, 4, 255, 132, 128, 99]
1546589295646;[171, 0, 17, 255, 161, 72, 70, 209, 57, 0, 0, 64, 0, 1, 0, 1, 0, 21, 13, 135]
1546589295650;[171, 0, 17, 255, 161, 72, 70, 209, 57, 0, 0, 64, 0, 0, 254, 1, 0, 22, 13, 130]
1546589295989;[171, 0, 17, 255, 161, 72, 70, 209, 57, 0, 0, 72, 0, 0, 251, 1, 0, 22, 13, 118]
1546589295993;[171, 0, 17, 255, 161, 72, 70, 209, 57, 0, 0, 71, 0, 0, 248, 1, 0, 21, 13, 112]
1546589295997;[171, 0, 17, 255, 161, 72, 70, 209, 57, 0, 0, 67, 0, 0, 253, 1, 0, 15, 13, 101]
1546589296162;[171, 0, 17, 255, 161, 72, 70, 209, 58, 0, 0, 67, 0, 0, 247, 1, 0, 14, 13, 100]
1546589296166;[171, 0, 17, 255, 161, 72, 70, 209, 58, 0, 0, 67, 0, 0, 249, 1, 0, 14, 13, 97]
1546589296334;[171, 0, 17, 255, 161, 72, 70, 209, 58, 0, 0, 76, 0, 0, 254, 1, 0, 2, 13, 90]
1546589296338;[171, 0, 17, 255, 161, 72, 70, 209, 58, 0, 0, 76, 0, 0, 248, 0, 0, 1, 13, 94]
1546589296505;[171, 0, 17, 255, 161, 72, 70, 209, 58, 0, 0, 63, 0, 1, 0, 0, 0, 7, 13, 86]
1546589296852;[171, 0, 4, 255, 132, 128, 98]
1546589296856;[171, 0, 17, 255, 161, 72, 70, 209, 58, 0, 0, 64, 0, 0, 255, 0, 0, 8, 13, 74]
1546589296860;[171, 0, 17, 255, 161, 72, 70, 209, 58, 0, 0, 64, 0, 0, 252, 0, 0, 10, 13, 71]
1546589296864;[171, 0, 17, 255, 161, 72, 70, 209, 58, 0, 0, 77, 0, 0, 248, 0, 0, 10, 13, 71]
1546589297023;[171, 0, 17, 255, 161, 72, 70, 209, 58, 0, 0, 77, 0, 0, 254, 0, 0, 14, 13, 75]
1546589297027;[171, 0, 17, 255, 161, 72, 70, 209, 58, 0, 0, 77, 0, 1, 0, 0, 0, 14, 13, 77]
1546589297198;[171, 0, 17, 255, 161, 72, 70, 209, 59, 0, 0, 66, 0, 1, 0, 0, 0, 22, 13, 64]
1546589297369;[171, 0, 17, 255, 161, 72, 70, 209, 59, 0, 0, 67, 0, 0, 255, 0, 0, 22, 13, 54]
1546589297372;[171, 0, 17, 255, 161, 72, 70, 209, 59, 0, 0, 65, 0, 0, 254, 0, 0, 17, 13, 53]
1546589297541;[171, 0, 17, 255, 161, 72, 70, 209, 59, 0, 0, 66, 0, 0, 254, 0, 0, 14, 13, 50]
1546589297545;[171, 0, 17, 255, 161, 72, 70, 209, 59, 0, 0, 66, 0, 0, 253, 0, 0, 11, 13, 57]
1546589297715;[171, 0, 4, 255, 132, 128, 98]
1546589297719;[171, 0, 17, 255, 161, 72, 70, 209, 59, 0, 0, 67, 0, 0, 251, 0, 0, 12, 13, 54]
1546589298061;[171, 0, 17, 255, 161, 72, 70, 209, 59, 0, 0, 76, 0, 0, 249, 0, 0, 10, 13, 53]
1546589298065;[171, 0, 17, 255, 161, 72, 70, 209, 59, 0, 0, 78, 0, 0, 254, 0, 0, 12, 13, 59]
1546589298068;[171, 0, 17, 255, 161, 72, 70, 209, 59, 0, 0, 77, 0, 0, 253, 0, 0, 20, 13, 56]
1546589298232;[171, 0, 17, 255, 161, 72, 70, 209, 59, 0, 0, 72, 0, 0, 254, 0, 0, 20, 13, 51]
1546589298236;[171, 0, 17, 255, 161, 72, 70, 209, 64, 0, 0, 72, 0, 0, 255, 0, 0, 17, 13, 50]
1546589298402;[171, 0, 17, 255, 161, 72, 70, 209, 64, 0, 0, 66, 0, 0, 253, 0, 0, 17, 13, 41]
1546589298576;[171, 0, 17, 255, 161, 72, 70, 209, 64, 0, 0, 63, 0, 0, 254, 0, 0, 11, 13, 38]
1546589298580;[171, 0, 17, 255, 161, 72, 70, 209, 64, 0, 0, 63, 0, 0, 251, 0, 0, 12, 13, 28]
1546589298748;[171, 0, 17, 255, 161, 72, 70, 209, 64, 0, 0, 65, 0, 0, 249, 0, 0, 12, 13, 25]
1546589298752;[171, 0, 4, 255, 132, 128, 97]
1546589298920;[171, 0, 17, 255, 161, 72, 70, 209, 64, 0, 0, 66, 0, 0, 249, 0, 0, 12, 13, 19]
1546589298924;[171, 0, 17, 255, 161, 72, 70, 209, 64, 0, 0, 72, 0, 0, 251, 0, 0, 12, 13, 18]
1546589299093;[171, 0, 17, 255, 161, 72, 70, 209, 64, 0, 0, 76, 0, 0, 253, 0, 0, 17, 13, 29]
1546589299440;[171, 0, 17, 255, 161, 72, 70, 209, 64, 0, 0, 80, 0, 0, 255, 0, 0, 17, 13, 18]
1546589299448;[171, 0, 17, 255, 161, 72, 70, 209, 64, 0, 0, 77, 0, 0, 253, 0, 0, 14, 13, 20]
1546589299452;[171, 0, 17, 255, 161, 72, 70, 209, 65, 0, 0, 67, 0, 0, 253, 0, 0, 12, 13, 15]
1546589299455;[171, 0, 17, 255, 161, 72, 70, 209, 65, 0, 0, 66, 0, 0, 255, 0, 0, 14, 13, 6]
1546589299610;[171, 0, 17, 255, 161, 72, 70, 209, 65, 0, 0, 67, 0, 0, 255, 0, 0, 12, 13, 7]
1546589299784;[171, 0, 17, 255, 161, 72, 70, 209, 65, 0, 0, 63, 0, 0, 255, 0, 0, 12, 13, 7]
1546589299788;[171, 0, 17, 255, 161, 72, 70, 209, 65, 0, 0, 65, 0, 0, 254, 0, 0, 9, 13, 2]
1546589299955;[171, 0, 4, 255, 132, 128, 96]
1546589299959;[171, 0, 17, 255, 161, 72, 70, 209, 65, 0, 0, 66, 0, 0, 255, 0, 0, 8, 13, 0]
1546589300130;[171, 0, 17, 255, 161, 72, 70, 209, 65, 0, 0, 72, 0, 0, 249, 0, 0, 6, 12, 252]
1546589300134;[171, 0, 17, 255, 161, 72, 70, 209, 65, 0, 0, 67, 0, 0, 254, 0, 0, 9, 13, 6]
1546589300301;[171, 0, 17, 255, 161, 72, 70, 209, 65, 0, 0, 71, 0, 0, 250, 0, 0, 6, 13, 5]
1546589300647;[171, 0, 17, 255, 161, 72, 70, 209, 65, 0, 0, 71, 0, 0, 251, 0, 0, 4, 13, 5]
1546589300651;[171, 0, 17, 255, 161, 72, 70, 209, 66, 0, 0, 67, 0, 0, 253, 0, 0, 2, 13, 8]
1546589300820;[171, 0, 17, 255, 161, 72, 70, 209, 66, 0, 0, 63, 0, 0, 247, 0, 0, 1, 13, 8]
1546589300825;[171, 0, 17, 255, 161, 72, 70, 209, 66, 0, 0, 64, 0, 0, 255, 1, 0, 4, 13, 3]
1546589300829;[171, 0, 17, 255, 161, 72, 70, 209, 66, 0, 0, 67, 0, 0, 253, 1, 0, 1, 13, 0]
1546589300833;[171, 0, 17, 255, 161, 72, 70, 209, 66, 0, 0, 66, 0, 0, 249, 0, 0, 1, 13, 5]
1546589300990;[171, 0, 4, 255, 132, 128, 96]
1546589301164;[171, 0, 17, 255, 161, 72, 70, 209, 66, 0, 0, 67, 0, 1, 12, 1, 0, 4, 13, 10]
1546589301167;[171, 0, 17, 255, 161, 72, 70, 209, 66, 0, 0, 66, 0, 0, 254, 1, 0, 4, 13, 4]
1546589301337;[171, 0, 17, 255, 161, 72, 70, 209, 66, 0, 0, 63, 0, 0, 249, 1, 0, 3, 13, 5]
1546589301341;[171, 0, 17, 255, 161, 72, 70, 209, 66, 0, 0, 64, 0, 0, 250, 0, 0, 1, 12, 252]
1546589301508;[171, 0, 17, 255, 161, 72, 70, 209, 66, 0, 0, 64, 0, 1, 12, 1, 0, 4, 12, 246]
1546589302027;[171, 0, 17, 255, 161, 72, 70, 209, 67, 0, 0, 67, 0, 1, 0, 1, 0, 3, 12, 247]
1546589302031;[171, 0, 17, 255, 161, 72, 70, 209, 67, 0, 0, 76, 0, 0, 251, 1, 0, 8, 12, 247]
1546589302036;[171, 0, 17, 255, 161, 72, 70, 209, 67, 0, 0, 65, 0, 0, 254, 1, 0, 13, 12, 244]
1546589302040;[171, 0, 17, 255, 161, 72, 70, 209, 67, 0, 0, 57, 0, 1, 9, 1, 0, 13, 12, 246]
1546589302199;[171, 0, 17, 255, 161, 72, 70, 209, 67, 0, 0, 51, 0, 1, 4, 1, 0, 13, 12, 235]
1546589302203;[171, 0, 4, 255, 132, 128, 96]
1546589302207;[171, 0, 17, 255, 161, 72, 70, 209, 67, 0, 0, 56, 0, 0, 254, 1, 0, 16, 12, 231]
1546589302544;[171, 0, 17, 255, 161, 72, 70, 209, 67, 0, 0, 61, 0, 0, 249, 1, 0, 14, 12, 234]
1546589302549;[171, 0, 17, 255, 161, 72, 70, 209, 67, 0, 0, 63, 0, 0, 253, 1, 0, 13, 12, 237]
1546589302555;[171, 0, 17, 255, 161, 72, 70, 209, 67, 0, 0, 54, 0, 0, 254, 1, 0, 22, 12, 243]
1546589302559;[171, 0, 17, 255, 161, 72, 70, 209, 67, 0, 0, 61, 0, 0, 254, 1, 0, 25, 12, 237]
1546589302715;[171, 0, 17, 255, 161, 72, 70, 209, 68, 0, 0, 64, 0, 0, 248, 1, 0, 15, 12, 247]
1546589302719;[171, 0, 17, 255, 161, 72, 70, 209, 68, 0, 0, 55, 0, 0, 248, 1, 0, 15, 12, 240]
1546589302888;[171, 0, 17, 255, 161, 72, 70, 209, 68, 0, 0, 47, 0, 1, 9, 1, 0, 24, 12, 224]
1546589303236;[171, 0, 17, 255, 161, 72, 70, 209, 68, 0, 0, 66, 0, 0, 249, 1, 0, 26, 12, 228]
1546589303240;[171, 0, 17, 255, 161, 72, 70, 209, 68, 0, 0, 66, 0, 0, 248, 1, 0, 15, 12, 235]
1546589303244;[171, 0, 4, 255, 132, 128, 96]
1546589303248;[171, 0, 17, 255, 161, 72, 70, 209, 68, 0, 0, 76, 0, 0, 250, 1, 0, 19, 12, 233]
1546589303405;[171, 0, 17, 255, 161, 72, 70, 209, 68, 0, 0, 63, 0, 1, 4, 1, 0, 22, 12, 232]
1546589303579;[171, 0, 17, 255, 161, 72, 70, 209, 68, 0, 0, 63, 0, 0, 253, 1, 0, 18, 12, 230]
1546589303583;[171, 0, 17, 255, 161, 72, 70, 209, 68, 0, 0, 76, 0, 0, 253, 1, 0, 13, 12, 204]
1546589303751;[171, 0, 17, 255, 161, 72, 70, 209, 68, 0, 0, 72, 0, 0, 255, 1, 0, 13, 12, 190]
1546589303755;[171, 0, 17, 255, 161, 72, 70, 209, 69, 0, 0, 64, 0, 0, 253, 1, 0, 5, 12, 187]
1546589303923;[171, 0, 17, 255, 161, 72, 70, 209, 69, 0, 0, 61, 0, 1, 4, 1, 0, 3, 12, 171]
1546589303927;[171, 0, 17, 255, 161, 72, 70, 209, 69, 0, 0, 55, 0, 0, 253, 1, 0, 8, 12, 163]
1546589304096;[171, 0, 17, 255, 161, 72, 70, 209, 69, 0, 0, 77, 0, 0, 254, 1, 0, 13, 12, 165]
1546589304443;[171, 0, 17, 255, 161, 72, 70, 209, 69, 0, 0, 66, 0, 0, 253, 1, 0, 2, 12, 165]
1546589304447;[171, 0, 4, 255, 132, 128, 95]
1546589304452;[171, 0, 17, 255, 161, 72, 70, 209, 69, 0, 0, 66, 0, 0, 253, 0, 0, 1, 12, 157]
1546589304456;[171, 0, 17, 255, 161, 72, 70, 209, 69, 0, 0, 65, 0, 1, 12, 1, 0, 5, 12, 163]
1546589304614;[171, 0, 17, 255, 161, 72, 70, 209, 69, 0, 0, 66, 0, 0, 250, 0, 0, 1, 12, 155]
1546589304617;[171, 0, 17, 255, 161, 72, 70, 209, 69, 0, 0, 71, 0, 0, 253, 1, 0, 3, 12, 148]
1546589304785;[171, 0, 17, 255, 161, 72, 70, 209, 69, 0, 0, 64, 0, 0, 255, 1, 0, 5, 12, 154]
1546589304957;[171, 0, 17, 255, 161, 72, 70, 209, 70, 0, 0, 65, 0, 0, 253, 1, 0, 3, 12, 154]
1546589304961;[171, 0, 17, 255, 161, 72, 70, 209, 70, 0, 0, 67, 0, 1, 4, 1, 0, 4, 12, 156]
1546589305131;[171, 0, 17, 255, 161, 72, 70, 209, 70, 0, 0, 77, 0, 0, 254, 1, 0, 21, 12, 151]
1546589305135;[171, 0, 17, 255, 161, 72, 70, 209, 70, 0, 0, 102, 0, 1, 9, 1, 0, 59, 12, 205]
1546589305303;[171, 0, 17, 255, 161, 72, 70, 209, 70, 0, 0, 121, 0, 1, 58, 1, 0, 97, 14, 99]
1546589305477;[171, 0, 4, 255, 132, 128, 95]
1546589305485;[171, 0, 17, 255, 161, 72, 70, 209, 70, 0, 0, 171, 0, 1, 23, 1, 0, 97, 15, 57]
1546589305823;[171, 0, 17, 255, 161, 72, 70, 209, 70, 0, 0, 151, 0, 0, 192, 1, 0, 103, 31, 141]
1546589305827;[171, 0, 17, 255, 161, 72, 70, 209, 70, 0, 0, 117, 0, 0, 97, 1, 0, 135, 6, 148]
1546589305831;[171, 0, 17, 255, 161, 72, 70, 209, 70, 0, 0, 68, 0, 0, 73, 1, 0, 180, 16, 0]
1546589305835;[171, 0, 17, 255, 161, 72, 70, 209, 70, 1, 0, 4, 0, 0, 57, 1, 0, 224, 6, 75]
1546589305994;[171, 0, 17, 255, 161, 72, 70, 209, 71, 1, 0, 16, 0, 0, 38, 1, 0, 228, 6, 75]
1546589306167;[171, 0, 17, 255, 161, 72, 70, 209, 71, 1, 0, 19, 0, 0, 38, 1, 0, 233, 6, 75]
1546589306171;[171, 0, 17, 255, 161, 72, 70, 209, 71, 1, 0, 29, 0, 0, 33, 1, 0, 241, 6, 75]
1546589306338;[171, 0, 17, 255, 161, 72, 70, 209, 71, 1, 0, 32, 0, 0, 33, 1, 0, 254, 6, 75]
1546589306342;[171, 0, 17, 255, 161, 72, 70, 209, 71, 1, 0, 27, 0, 0, 33, 1, 1, 3, 6, 75]
1546589306511;[171, 0, 4, 255, 132, 128, 94]
1546589306684;[171, 0, 17, 255, 161, 72, 70, 209, 71, 1, 0, 28, 0, 0, 25, 1, 1, 21, 6, 75]
1546589306688;[171, 0, 17, 255, 161, 72, 70, 209, 71, 1, 0, 15, 0, 0, 14, 1, 1, 11, 3, 44]
1546589307030;[171, 0, 17, 255, 161, 72, 70, 209, 71, 1, 0, 9, 1, 0, 2, 1, 0, 251, 3, 44]
1546589307035;[171, 0, 17, 255, 161, 72, 70, 209, 71, 1, 0, 19, 1, 0, 9, 1, 1, 5, 3, 44]
1546589307039;[171, 0, 17, 255, 161, 72, 70, 209, 71, 1, 0, 22, 1, 0, 24, 1, 1, 125, 3, 44]
1546589307043;[171, 0, 17, 255, 161, 72, 70, 209, 72, 0, 0, 4, 1, 0, 29, 1, 1, 114, 3, 44]
1546589307200;[171, 0, 17, 255, 161, 72, 70, 209, 72, 0, 0, 44, 1, 0, 84, 1, 1, 18, 3, 44]
1546589307373;[171, 0, 17, 255, 161, 72, 70, 209, 72, 0, 0, 1, 1, 0, 137, 1, 0, 183, 3, 44]
1546589307377;[171, 0, 17, 255, 161, 72, 70, 209, 72, 1, 0, 62, 1, 0, 224, 1, 0, 92, 3, 44]
1546589307545;[171, 0, 17, 255, 161, 72, 70, 209, 72, 1, 0, 171, 1, 1, 12, 1, 0, 1, 3, 44]
1546589307549;[171, 0, 4, 255, 132, 128, 94]
1546589307718;[171, 0, 17, 255, 161, 72, 70, 209, 72, 1, 0, 112, 1, 0, 208, 0, 0, 61, 3, 44]
1546589307722;[171, 0, 17, 255, 161, 72, 70, 209, 72, 1, 0, 102, 1, 0, 75, 0, 0, 32, 3, 44]
1546589307891;[171, 0, 17, 255, 161, 72, 70, 209, 72, 1, 0, 16, 1, 0, 52, 0, 0, 28, 3, 44]
1546589308063;[171, 0, 17, 255, 161, 72, 70, 209, 72, 0, 0, 88, 1, 1, 3, 0, 0, 108, 3, 44]
1546589308067;[171, 0, 17, 255, 161, 72, 70, 209, 72, 1, 0, 37, 1, 0, 199, 0, 0, 53, 3, 44]
1546589308410;[171, 0, 17, 255, 161, 72, 70, 209, 73, 1, 0, 160, 1, 0, 126, 1, 0, 76, 3, 44]
1546589308414;[171, 0, 17, 255, 161, 72, 70, 209, 73, 1, 0, 184, 1, 0, 66, 0, 0, 30, 3, 44]
1546589308418;[171, 0, 17, 255, 161, 72, 70, 209, 73, 1, 0, 112, 1, 0, 28, 1, 0, 165, 3, 44]
1546589308578;[171, 0, 17, 255, 161, 72, 70, 209, 73, 1, 1, 33, 1, 0, 73, 1, 0, 171, 3, 44]
1546589308581;[171, 0, 17, 255, 161, 72, 70, 209, 73, 1, 0, 111, 1, 0, 11, 1, 1, 45, 3, 44]
1546589308754;[171, 0, 4, 255, 132, 128, 94]
1546589308758;[171, 0, 17, 255, 161, 72, 70, 209, 73, 1, 0, 129, 0, 0, 66, 1, 1, 80, 3, 44]
1546589308927;[171, 0, 17, 255, 161, 72, 70, 209, 73, 1, 0, 114, 0, 0, 82, 1, 1, 67, 5, 203]
1546589308931;[171, 0, 17, 255, 161, 72, 70, 209, 73, 1, 0, 108, 0, 0, 52, 1, 1, 26, 3, 123]
1546589309101;[171, 0, 17, 255, 161, 72, 70, 209, 73, 1, 0, 111, 0, 0, 40, 1, 0, 247, 3, 123]
1546589309270;[171, 0, 17, 255, 161, 72, 70, 209, 73, 1, 0, 86, 0, 0, 49, 1, 0, 236, 3, 123]
1546589309274;[171, 0, 17, 255, 161, 72, 70, 209, 74, 1, 0, 109, 0, 0, 50, 1, 0, 235, 3, 123]
1546589309618;[171, 0, 17, 255, 161, 72, 70, 209, 74, 1, 0, 147, 0, 0, 52, 1, 0, 219, 3, 123]
1546589309622;[171, 0, 17, 255, 161, 72, 70, 209, 74, 1, 0, 154, 0, 0, 44, 1, 0, 211, 3, 123]
1546589309626;[171, 0, 17, 255, 161, 72, 70, 209, 74, 1, 0, 142, 0, 0, 39, 1, 0, 201, 4, 61]
1546589309630;[171, 0, 17, 255, 161, 72, 70, 209, 74, 1, 0, 137, 0, 0, 44, 1, 0, 217, 4, 180]
1546589309788;[171, 0, 4, 255, 132, 128, 94]
1546589309960;[171, 0, 17, 255, 161, 72, 70, 209, 74, 1, 0, 141, 0, 0, 49, 1, 0, 220, 4, 198]
1546589309963;[171, 0, 17, 255, 161, 72, 70, 209, 74, 1, 0, 139, 0, 0, 49, 1, 0, 217, 5, 27]
1546589310134;[171, 0, 17, 255, 161, 72, 70, 209, 74, 1, 0, 142, 0, 0, 55, 1, 0, 200, 5, 27]
1546589310138;[171, 0, 17, 255, 161, 72, 70, 209, 74, 1, 0, 109, 0, 0, 38, 1, 0, 197, 5, 27]
1546589310305;[171, 0, 17, 255, 161, 72, 70, 209, 74, 1, 0, 59, 0, 0, 71, 1, 0, 239, 6, 218]
1546589310483;[171, 0, 17, 255, 161, 72, 70, 209, 75, 1, 0, 56, 0, 0, 116, 1, 1, 59, 6, 218]
1546589310487;[171, 0, 17, 255, 161, 72, 70, 209, 75, 1, 0, 15, 0, 0, 77, 1, 1, 51, 6, 218]
1546589310996;[171, 0, 17, 255, 161, 72, 70, 209, 75, 1, 0, 7, 0, 0, 67, 1, 1, 25, 6, 218]
1546589311001;[171, 0, 17, 255, 161, 72, 70, 209, 75, 1, 0, 67, 1, 0, 7, 1, 0, 190, 6, 105]
1546589311005;[171, 0, 17, 255, 161, 72, 70, 209, 75, 0, 0, 95, 1, 0, 76, 1, 1, 11, 7, 15]
1546589311009;[171, 0, 4, 255, 132, 128, 94]
1546589311170;[171, 0, 17, 255, 161, 72, 70, 209, 75, 0, 0, 15, 1, 0, 59, 1, 0, 225, 7, 187]
1546589311174;[171, 0, 17, 255, 161, 72, 70, 209, 75, 0, 0, 65, 1, 0, 82, 1, 0, 217, 7, 130]
1546589311178;[171, 0, 17, 255, 161, 72, 70, 209, 75, 0, 0, 44, 1, 0, 77, 1, 0, 175, 7, 112]
1546589311343;[171, 0, 17, 255, 161, 72, 70, 209, 75, 0, 0, 43, 1, 0, 42, 1, 1, 10, 7, 166]
1546589311347;[171, 0, 17, 255, 161, 72, 70, 209, 75, 0, 0, 21, 0, 0, 3, 1, 1, 37, 8, 49]
1546589311514;[171, 0, 17, 255, 161, 72, 70, 209, 76, 0, 0, 46, 0, 0, 2, 1, 1, 44, 7, 137]
1546589311518;[171, 0, 17, 255, 161, 72, 70, 209, 76, 0, 0, 48, 0, 0, 1, 1, 1, 16, 7, 33]
1546589311686;[171, 0, 17, 255, 161, 72, 70, 209, 76, 0, 0, 43, 0, 0, 10, 1, 0, 237, 7, 99]
1546589311860;[171, 0, 17, 255, 161, 72, 70, 209, 76, 0, 0, 38, 1, 0, 8, 1, 1, 2, 7, 126]
1546589311863;[171, 0, 17, 255, 161, 72, 70, 209, 76, 0, 0, 32, 1, 0, 16, 1, 1, 22, 7, 125]
1546589312204;[171, 0, 4, 255, 132, 128, 94]
1546589312209;[171, 0, 17, 255, 161, 72, 70, 209, 76, 0, 0, 0, 0, 0, 25, 1, 0, 221, 7, 61]
1546589312213;[171, 0, 17, 255, 161, 72, 70, 209, 76, 0, 0, 34, 0, 0, 12, 1, 0, 216, 7, 92]
1546589312377;[171, 0, 17, 255, 161, 72, 70, 209, 76, 0, 0, 81, 1, 0, 42, 1, 1, 17, 7, 109]
1546589312380;[171, 0, 17, 255, 161, 72, 70, 209, 76, 0, 0, 59, 1, 0, 37, 1, 1, 7, 7, 38]
1546589312548;[171, 0, 17, 255, 161, 72, 70, 209, 76, 0, 0, 76, 0, 0, 8, 1, 0, 224, 7, 24]
1546589312551;[171, 0, 17, 255, 161, 72, 70, 209, 77, 0, 0, 95, 0, 0, 16, 1, 0, 236, 7, 80]
1546589312720;[171, 0, 17, 255, 161, 72, 70, 209, 77, 0, 0, 144, 0, 0, 16, 1, 0, 238, 7, 127]
1546589312749;[171, 0, 17, 255, 161, 72, 70, 209, 77, 0, 0, 123, 1, 0, 10, 1, 0, 217, 7, 101]
1546589312893;[171, 0, 17, 255, 161, 72, 70, 209, 77, 0, 0, 157, 1, 0, 19, 1, 0, 237, 7, 97]
1546589313068;[171, 0, 17, 255, 161, 72, 70, 209, 77, 0, 0, 134, 0, 0, 8, 1, 0, 233, 7, 92]
1546589313071;[171, 0, 4, 255, 132, 128, 95]
1546589313414;[171, 0, 17, 255, 161, 72, 70, 209, 77, 0, 0, 120, 0, 0, 24, 1, 0, 220, 7, 111]
1546589313419;[171, 0, 17, 255, 161, 72, 70, 209, 77, 0, 0, 135, 0, 0, 29, 1, 0, 220, 7, 177]
1546589313423;[171, 0, 17, 255, 161, 72, 70, 209, 77, 0, 0, 132, 0, 0, 24, 1, 0, 212, 7, 198]
1546589313427;[171, 0, 17, 255, 161, 72, 70, 209, 77, 0, 0, 118, 0, 0, 29, 1, 0, 213, 7, 220]
1546589313583;[171, 0, 17, 255, 161, 72, 70, 209, 77, 0, 0, 117, 0, 0, 33, 1, 0, 220, 7, 236]
1546589313755;[171, 0, 17, 255, 161, 72, 70, 209, 78, 0, 0, 129, 0, 0, 32, 1, 0, 229, 7, 254]
1546589313759;[171, 0, 17, 255, 161, 72, 70, 209, 78, 0, 0, 134, 0, 0, 37, 1, 0, 219, 8, 11]
1546589313929;[171, 0, 17, 255, 161, 72, 70, 209, 78, 0, 0, 131, 0, 0, 49, 1, 0, 233, 8, 44]
1546589313933;[171, 0, 17, 255, 161, 72, 70, 209, 78, 0, 0, 98, 0, 0, 21, 1, 0, 228, 8, 67]
1546589314100;[171, 0, 17, 255, 161, 72, 70, 209, 78, 0, 0, 135, 0, 0, 8, 1, 0, 234, 8, 109]
1546589314274;[171, 0, 4, 255, 132, 128, 96]
1546589314278;[171, 0, 17, 255, 161, 72, 70, 209, 78, 0, 0, 111, 0, 0, 31, 1, 0, 212, 8, 131]
1546589314448;[171, 0, 17, 255, 161, 72, 70, 209, 78, 0, 0, 117, 0, 0, 13, 1, 0, 216, 8, 156]
1546589314451;[171, 0, 17, 255, 161, 72, 70, 209, 78, 0, 0, 123, 0, 0, 37, 1, 0, 252, 8, 167]
