1546589396901;[171, 0, 17, 255, 161, 72, 70, 209, 165, 0, 0, 181, 0, 0, 98, 1, 0, 166, 7, 9]
1546589397075;[171, 0, 17, 255, 161, 72, 70, 209, 165, 0, 0, 153, 0, 0, 116, 1, 0, 117, 7, 18]
1546589397079;[171, 0, 17, 255, 161, 72, 70, 209, 165, 0, 0, 171, 0, 0, 93, 1, 0, 169, 7, 22]
1546589397254;[171, 0, 17, 255, 161, 72, 70, 209, 165, 0, 0, 192, 0, 0, 125, 1, 0, 123, 7, 29]
1546589397256;[171, 0, 17, 255, 161, 72, 70, 209, 166, 0, 0, 159, 0, 0, 97, 1, 0, 166, 7, 33]
1546589397415;[171, 0, 17, 255, 161, 72, 70, 209, 166, 0, 0, 161, 0, 0, 116, 1, 0, 129, 7, 40]
1546589397420;[171, 0, 17, 255, 161, 72, 70, 209, 166, 0, 0, 175, 0, 0, 103, 1, 0, 165, 7, 44]
1546589397590;[171, 0, 17, 255, 161, 72, 70, 209, 166, 0, 0, 179, 0, 0, 122, 1, 0, 148, 7, 47]
1546589397938;[171, 0, 17, 255, 161, 72, 70, 209, 166, 0, 0, 185, 0, 0, 119, 1, 0, 146, 7, 61]
1546589397941;[171, 0, 4, 255, 132, 128, 79]
1546589397946;[171, 0, 17, 255, 161, 72, 70, 209, 166, 0, 0, 167, 0, 0, 102, 1, 0, 148, 7, 67]
1546589397950;[171, 0, 17, 255, 161, 72, 70, 209, 166, 0, 0, 171, 0, 0, 119, 1, 0, 140, 7, 71]
1546589398109;[171, 0, 17, 255, 161, 72, 70, 209, 166, 0, 0, 167, 0, 0, 107, 1, 0, 158, 7, 74]
1546589398113;[171, 0, 17, 255, 161, 72, 70, 209, 166, 0, 0, 204, 0, 0, 133, 1, 0, 167, 7, 74]
1546589398280;[171, 0, 17, 255, 161, 72, 70, 209, 166, 0, 0, 149, 0, 0, 101, 1, 0, 138, 7, 73]
1546589398452;[171, 0, 17, 255, 161, 72, 70, 209, 167, 0, 0, 198, 0, 0, 120, 1, 0, 135, 7, 77]
1546589398456;[171, 0, 17, 255, 161, 72, 70, 209, 167, 0, 0, 184, 0, 0, 110, 1, 0, 151, 7, 80]
1546589398626;[171, 0, 17, 255, 161, 72, 70, 209, 167, 0, 0, 187, 0, 0, 125, 1, 0, 155, 7, 81]
1546589398630;[171, 0, 17, 255, 161, 72, 70, 209, 167, 0, 0, 185, 0, 0, 110, 1, 0, 152, 7, 98]
1546589398797;[171, 0, 17, 255, 161, 72, 70, 209, 167, 0, 0, 166, 0, 0, 110, 1, 0, 141, 7, 81]
1546589399316;[171, 0, 4, 255, 132, 128, 80]
1546589399320;[171, 0, 17, 255, 161, 72, 70, 209, 167, 0, 0, 189, 0, 0, 116, 1, 0, 147, 7, 89]
1546589399325;[171, 0, 17, 255, 161, 72, 70, 209, 167, 0, 0, 173, 0, 0, 111, 1, 0, 150, 7, 97]
1546589399329;[171, 0, 17, 255, 161, 72, 70, 209, 167, 0, 0, 178, 0, 0, 120, 1, 0, 147, 7, 97]
1546589399489;[171, 0, 17, 255, 161, 72, 70, 209, 167, 0, 0, 179, 0, 0, 112, 1, 0, 146, 7, 104]
1546589399493;[171, 0, 17, 255, 161, 72, 70, 209, 167, 0, 0, 181, 0, 0, 111, 1, 0, 148, 7, 109]
1546589399497;[171, 0, 17, 255, 161, 72, 70, 209, 168, 0, 0, 183, 0, 0, 110, 1, 0, 154, 7, 112]
1546589399660;[171, 0, 17, 255, 161, 72, 70, 209, 168, 0, 0, 166, 0, 0, 109, 1, 0, 148, 7, 111]
1546589399664;[171, 0, 17, 255, 161, 72, 70, 209, 168, 0, 0, 187, 0, 0, 110, 1, 0, 145, 7, 93]
1546589401859;[171, 0, 17, 255, 161, 72, 70, 209, 168, 0, 0, 183, 0, 0, 107, 1, 0, 145, 7, 85]
1546589401860;[171, 0, 17, 255, 161, 72, 70, 209, 168, 0, 0, 186, 0, 0, 105, 1, 0, 134, 7, 76]
1546589401868;[171, 0, 4, 255, 132, 128, 79]
1546589401873;[171, 0, 17, 255, 161, 72, 70, 209, 168, 0, 0, 185, 0, 0, 104, 1, 0, 135, 7, 55]
1546589401875;[171, 0, 17, 255, 161, 72, 70, 209, 168, 0, 0, 201, 0, 0, 121, 1, 0, 123, 7, 66]
1546589401880;[171, 0, 17, 255, 161, 72, 70, 209, 168, 0, 0, 183, 0, 0, 110, 1, 0, 124, 7, 84]
1546589401882;[171, 0, 17, 255, 161, 72, 70, 209, 168, 0, 0, 191, 0, 0, 110, 1, 0, 126, 7, 79]
1546589401884;[171, 0, 17, 255, 161, 72, 70, 209, 168, 0, 0, 192, 0, 0, 107, 1, 0, 129, 7, 92]
1546589401886;[171, 0, 17, 255, 161, 72, 70, 209, 169, 0, 0, 211, 0, 0, 104, 1, 0, 124, 7, 81]
1546589401894;[171, 0, 17, 255, 161, 72, 70, 209, 169, 0, 0, 197, 0, 0, 103, 1, 0, 124, 7, 78]
1546589401896;[171, 0, 17, 255, 161, 72, 70, 209, 169, 0, 0, 199, 0, 0, 109, 1, 0, 124, 7, 73]
1546589401898;[171, 0, 17, 255, 161, 72, 70, 209, 169, 0, 0, 178, 0, 0, 112, 1, 0, 135, 7, 76]
1546589401907;[171, 0, 17, 255, 161, 72, 70, 209, 169, 0, 0, 195, 0, 0, 119, 1, 0, 138, 7, 81]
1546589401908;[171, 0, 4, 255, 132, 128, 79]
1546589401914;[171, 0, 17, 255, 161, 72, 70, 209, 169, 0, 0, 179, 0, 0, 104, 1, 0, 124, 7, 88]
1546589401916;[171, 0, 17, 255, 161, 72, 70, 209, 169, 0, 0, 204, 0, 0, 114, 1, 0, 124, 7, 84]
1546589401921;[171, 0, 17, 255, 161, 72, 70, 209, 169, 0, 0, 178, 0, 0, 105, 1, 0, 135, 7, 69]
1546589401928;[171, 0, 17, 255, 161, 72, 70, 209, 169, 0, 0, 183, 0, 0, 108, 1, 0, 129, 7, 76]
1546589401930;[171, 0, 17, 255, 161, 72, 70, 209, 169, 0, 0, 192, 0, 0, 113, 1, 0, 147, 7, 68]
1546589401932;[171, 0, 17, 255, 161, 72, 70, 209, 170, 0, 0, 172, 0, 0, 137, 1, 0, 117, 7, 68]
1546589401934;[171, 0, 17, 255, 161, 72, 70, 209, 170, 0, 0, 192, 0, 0, 110, 1, 0, 153, 7, 67]
1546589401936;[171, 0, 17, 255, 161, 72, 70, 209, 170, 0, 0, 188, 0, 0, 134, 1, 0, 161, 7, 69]
1546589402076;[171, 0, 17, 255, 161, 72, 70, 209, 170, 0, 0, 146, 0, 0, 110, 1, 0, 129, 7, 65]
1546589402079;[171, 0, 17, 255, 161, 72, 70, 209, 170, 0, 0, 183, 0, 0, 109, 1, 0, 141, 7, 64]
1546589402248;[171, 0, 4, 255, 132, 128, 78]
1546589402252;[171, 0, 17, 255, 161, 72, 70, 209, 170, 0, 0, 211, 0, 0, 134, 1, 0, 141, 7, 68]
1546589402420;[171, 0, 17, 255, 161, 72, 70, 209, 170, 0, 0, 175, 0, 0, 109, 1, 0, 141, 7, 69]
1546589402424;[171, 0, 17, 255, 161, 72, 70, 209, 170, 0, 0, 187, 0, 0, 128, 1, 0, 147, 7, 63]
1546589402593;[171, 0, 17, 255, 161, 72, 70, 209, 170, 0, 0, 186, 0, 0, 124, 1, 0, 136, 7, 74]
1546589402765;[171, 0, 17, 255, 161, 72, 70, 209, 170, 0, 0, 179, 0, 0, 107, 1, 0, 135, 7, 60]
1546589402770;[171, 0, 17, 255, 161, 72, 70, 209, 171, 0, 0, 214, 0, 0, 145, 1, 0, 153, 7, 64]
1546589403113;[171, 0, 17, 255, 161, 72, 70, 209, 171, 0, 0, 154, 0, 0, 103, 1, 0, 140, 7, 56]
1546589403117;[171, 0, 17, 255, 161, 72, 70, 209, 171, 0, 0, 222, 0, 0, 136, 1, 0, 158, 7, 52]
1546589403121;[171, 0, 17, 255, 161, 72, 70, 209, 171, 0, 0, 144, 0, 0, 97, 1, 0, 131, 7, 47]
1546589403456;[171, 0, 17, 255, 161, 72, 70, 209, 173, 0, 0, 229, 1, 0, 44, 1, 0, 27, 8, 35]
1546589403460;[171, 0, 17, 255, 161, 72, 70, 209, 173, 0, 0, 196, 1, 0, 42, 1, 0, 69, 5, 246]
1546589403628;[171, 0, 17, 255, 161, 72, 70, 209, 173, 0, 1, 83, 1, 0, 160, 1, 0, 159, 4, 75]
1546589403632;[171, 0, 17, 255, 161, 72, 70, 209, 173, 0, 0, 196, 1, 0, 40, 1, 0, 116, 2, 250]
1546589403801;[171, 0, 17, 255, 161, 72, 70, 209, 173, 0, 0, 206, 1, 0, 62, 1, 0, 101, 1, 203]
1546589403974;[171, 0, 17, 255, 161, 72, 70, 209, 174, 0, 0, 213, 1, 0, 59, 1, 0, 118, 0, 234]
1546589403978;[171, 0, 17, 255, 161, 72, 70, 209, 174, 0, 0, 219, 1, 0, 62, 1, 0, 115, 16, 48]
1546589404320;[171, 0, 17, 255, 161, 72, 70, 209, 174, 0, 0, 219, 1, 0, 66, 1, 0, 109, 7, 94]
1546589404324;[171, 0, 17, 255, 161, 72, 70, 209, 174, 0, 0, 221, 1, 0, 66, 1, 0, 105, 7, 65]
1546589404328;[171, 0, 17, 255, 161, 72, 70, 209, 174, 0, 0, 221, 1, 0, 69, 1, 0, 102, 7, 65]
1546589404332;[171, 0, 4, 255, 132, 128, 80]
1546589404490;[171, 0, 17, 255, 161, 72, 70, 209, 174, 0, 0, 218, 1, 0, 69, 1, 0, 98, 7, 88]
1546589404663;[171, 0, 17, 255, 161, 72, 70, 209, 174, 0, 0, 224, 1, 0, 71, 1, 0, 99, 7, 96]
1546589404667;[171, 0, 17, 255, 161, 72, 70, 209, 174, 0, 0, 223, 1, 0, 71, 1, 0, 98, 7, 84]
1546589404836;[171, 0, 17, 255, 161, 72, 70, 209, 174, 0, 0, 224, 1, 0, 66, 1, 0, 96, 7, 93]
1546589404840;[171, 0, 17, 255, 161, 72, 70, 209, 174, 0, 0, 223, 1, 0, 69, 1, 0, 96, 7, 78]
1546589405010;[171, 0, 17, 255, 161, 72, 70, 209, 175, 0, 0, 223, 1, 0, 67, 1, 0, 98, 7, 18]
1546589405014;[171, 0, 17, 255, 161, 72, 70, 209, 175, 0, 0, 221, 1, 0, 70, 1, 0, 98, 6, 216]
1546589405182;[171, 0, 17, 255, 161, 72, 70, 209, 175, 0, 0, 221, 1, 0, 69, 1, 0, 97, 6, 172]
1546589405700;[171, 0, 17, 255, 161, 72, 70, 209, 175, 0, 0, 221, 1, 0, 67, 1, 0, 97, 6, 145]
1546589405704;[171, 0, 17, 255, 161, 72, 70, 209, 175, 0, 0, 222, 1, 0, 71, 1, 0, 96, 6, 118]
1546589405708;[171, 0, 4, 255, 132, 128, 81]
1546589405712;[171, 0, 17, 255, 161, 72, 70, 209, 175, 0, 0, 226, 1, 0, 69, 1, 0, 97, 6, 95]
1546589405871;[171, 0, 17, 255, 161, 72, 70, 209, 175, 0, 0, 223, 1, 0, 68, 1, 0, 96, 6, 82]
1546589405875;[171, 0, 17, 255, 161, 72, 70, 209, 175, 0, 0, 224, 1, 0, 71, 1, 0, 95, 6, 70]
1546589405880;[171, 0, 17, 255, 161, 72, 70, 209, 175, 0, 0, 226, 1, 0, 70, 1, 0, 92, 6, 53]
1546589406045;[171, 0, 17, 255, 161, 72, 70, 209, 175, 0, 0, 221, 1, 0, 73, 1, 0, 96, 6, 39]
1546589406049;[171, 0, 17, 255, 161, 72, 70, 209, 176, 0, 0, 224, 1, 0, 71, 1, 0, 96, 6, 23]
1546589406216;[171, 0, 17, 255, 161, 72, 70, 209, 176, 0, 0, 221, 1, 0, 70, 1, 0, 92, 6, 8]
1546589406220;[171, 0, 17, 255, 161, 72, 70, 209, 176, 0, 0, 221, 1, 0, 65, 1, 0, 96, 5, 245]
1546589406387;[171, 0, 17, 255, 161, 72, 70, 209, 176, 0, 0, 223, 1, 0, 75, 1, 0, 97, 5, 240]
1546589406563;[171, 0, 17, 255, 161, 72, 70, 209, 176, 0, 0, 225, 1, 0, 61, 1, 0, 96, 5, 233]
1546589406568;[171, 0, 4, 255, 132, 128, 81]
1546589406907;[171, 0, 17, 255, 161, 72, 70, 209, 176, 0, 0, 224, 1, 0, 65, 1, 0, 87, 5, 226]
1546589406911;[171, 0, 17, 255, 161, 72, 70, 209, 176, 0, 0, 223, 1, 0, 63, 1, 0, 96, 5, 219]
1546589406915;[171, 0, 17, 255, 161, 72, 70, 209, 176, 0, 0, 228, 1, 0, 66, 1, 0, 91, 5, 207]
1546589406919;[171, 0, 17, 255, 161, 72, 70, 209, 176, 0, 0, 228, 1, 0, 58, 1, 0, 99, 5, 203]
1546589407078;[171, 0, 17, 255, 161, 72, 70, 209, 176, 0, 0, 231, 1, 0, 66, 1, 0, 92, 5, 202]
1546589407250;[171, 0, 17, 255, 161, 72, 70, 209, 177, 0, 0, 223, 1, 0, 65, 1, 0, 95, 5, 206]
1546589407254;[171, 0, 17, 255, 161, 72, 70, 209, 177, 0, 0, 223, 1, 0, 66, 1, 0, 88, 5, 227]
1546589407423;[171, 0, 17, 255, 161, 72, 70, 209, 177, 0, 0, 223, 1, 0, 70, 1, 0, 88, 5, 234]
1546589407427;[171, 0, 17, 255, 161, 72, 70, 209, 177, 0, 0, 231, 1, 0, 67, 1, 0, 86, 5, 237]
1546589407595;[171, 0, 17, 255, 161, 72, 70, 209, 177, 0, 0, 228, 1, 0, 63, 1, 0, 87, 5, 253]
1546589407767;[171, 0, 4, 255, 132, 128, 81]
1546589407772;[171, 0, 17, 255, 161, 72, 70, 209, 177, 0, 0, 226, 1, 0, 65, 1, 0, 91, 6, 0]
1546589408115;[171, 0, 17, 255, 161, 72, 70, 209, 177, 0, 0, 231, 1, 0, 71, 1, 0, 91, 6, 9]
1546589408120;[171, 0, 17, 255, 161, 72, 70, 209, 177, 0, 0, 231, 1, 0, 65, 1, 0, 90, 6, 31]
1546589408123;[171, 0, 17, 255, 161, 72, 70, 209, 177, 0, 0, 223, 1, 0, 70, 1, 0, 95, 6, 67]
1546589408127;[171, 0, 17, 255, 161, 72, 70, 209, 177, 0, 0, 231, 1, 0, 66, 1, 0, 88, 6, 85]
1546589408286;[171, 0, 17, 255, 161, 72, 70, 209, 178, 0, 0, 227, 1, 0, 69, 1, 0, 88, 6, 103]
1546589408458;[171, 0, 17, 255, 161, 72, 70, 209, 178, 0, 0, 229, 1, 0, 58, 1, 0, 95, 6, 122]
1546589408467;[171, 0, 17, 255, 161, 72, 70, 209, 178, 0, 0, 224, 1, 0, 62, 1, 0, 85, 6, 144]
1546589408632;[171, 0, 17, 255, 161, 72, 70, 209, 178, 0, 0, 228, 1, 0, 64, 1, 0, 88, 6, 147]
1546589408635;[171, 0, 17, 255, 161, 72, 70, 209, 178, 0, 0, 229, 1, 0, 62, 1, 0, 92, 6, 188]
1546589408803;[171, 0, 4, 255, 132, 128, 81]
1546589408979;[171, 0, 17, 255, 161, 72, 70, 209, 178, 0, 0, 228, 1, 0, 65, 1, 0, 88, 6, 223]
1546589408983;[171, 0, 17, 255, 161, 72, 70, 209, 178, 0, 0, 226, 1, 0, 65, 1, 0, 87, 7, 4]
1546589409147;[171, 0, 17, 255, 161, 72, 70, 209, 178, 0, 0, 223, 1, 0, 69, 1, 0, 88, 7, 27]
1546589409152;[171, 0, 17, 255, 161, 72, 70, 209, 178, 0, 0, 226, 1, 0, 70, 1, 0, 87, 7, 51]
1546589409495;[171, 0, 17, 255, 161, 72, 70, 209, 178, 0, 0, 232, 1, 0, 65, 1, 0, 88, 7, 61]
1546589409499;[171, 0, 17, 255, 161, 72, 70, 209, 179, 0, 0, 226, 1, 0, 66, 1, 0, 87, 7, 76]
1546589409503;[171, 0, 17, 255, 161, 72, 70, 209, 179, 0, 0, 224, 1, 0, 64, 1, 0, 91, 7, 81]
1546589409666;[171, 0, 17, 255, 161, 72, 70, 209, 179, 0, 0, 224, 1, 0, 69, 1, 0, 85, 7, 118]
1546589409670;[171, 0, 17, 255, 161, 72, 70, 209, 179, 0, 0, 223, 1, 0, 66, 1, 0, 87, 7, 140]
1546589409838;[171, 0, 17, 255, 161, 72, 70, 209, 179, 0, 0, 228, 1, 0, 71, 1, 0, 88, 7, 152]
1546589409842;[171, 0, 4, 255, 132, 128, 81]
1546589410011;[171, 0, 17, 255, 161, 72, 70, 209, 179, 0, 0, 227, 1, 0, 66, 1, 0, 87, 7, 166]
1546589410015;[171, 0, 17, 255, 161, 72, 70, 209, 179, 0, 0, 222, 1, 0, 69, 1, 0, 88, 7, 180]
1546589410185;[171, 0, 17, 255, 161, 72, 70, 209, 179, 0, 0, 228, 1, 0, 64, 1, 0, 87, 7, 170]
1546589410356;[171, 0, 17, 255, 161, 72, 70, 209, 179, 0, 0, 224, 1, 0, 71, 1, 0, 88, 7, 173]
1546589410360;[171, 0, 17, 255, 161, 72, 70, 209, 179, 0, 0, 231, 1, 0, 69, 1, 0, 87, 7, 209]
1546589410703;[171, 0, 17, 255, 161, 72, 70, 209, 180, 0, 0, 226, 1, 0, 69, 1, 0, 85, 7, 236]
1546589410706;[171, 0, 17, 255, 161, 72, 70, 209, 180, 0, 0, 228, 1, 0, 69, 1, 0, 86, 7, 250]
1546589410711;[171, 0, 17, 255, 161, 72, 70, 209, 180, 0, 0, 231, 1, 0, 70, 1, 0, 86, 8, 12]
1546589410873;[171, 0, 17, 255, 161, 72, 70, 209, 180, 0, 0, 223, 1, 0, 71, 1, 0, 91, 7, 251]
1546589410877;[171, 0, 17, 255, 161, 72, 70, 209, 180, 0, 0, 229, 1, 0, 66, 1, 0, 84, 7, 249]
1546589411046;[171, 0, 4, 255, 132, 128, 81]
1546589411050;[171, 0, 17, 255, 161, 72, 70, 209, 180, 0, 0, 228, 1, 0, 78, 1, 0, 72, 7, 236]
1546589411218;[171, 0, 17, 255, 161, 72, 70, 209, 180, 0, 0, 245, 1, 0, 75, 1, 0, 102, 8, 35]
1546589411222;[171, 0, 17, 255, 161, 72, 70, 209, 180, 1, 0, 21, 0, 0, 151, 1, 1, 181, 9, 35]
1546589411391;[171, 0, 17, 255, 161, 72, 70, 209, 180, 0, 0, 245, 1, 0, 62, 1, 0, 70, 11, 141]
1546589411563;[171, 0, 17, 255, 161, 72, 70, 209, 180, 0, 0, 212, 1, 0, 51, 1, 0, 95, 11, 185]
1546589411567;[171, 0, 17, 255, 161, 72, 70, 209, 181, 0, 0, 227, 1, 0, 29, 1, 0, 117, 11, 185]
1546589411735;[171, 0, 17, 255, 161, 72, 70, 209, 181, 0, 0, 173, 1, 0, 15, 1, 0, 148, 11, 185]
1546589411740;[171, 0, 17, 255, 161, 72, 70, 209, 181, 0, 0, 221, 0, 0, 3, 1, 0, 128, 11, 94]
1546589412082;[171, 0, 17, 255, 161, 72, 70, 209, 181, 0, 0, 186, 1, 0, 16, 1, 0, 163, 12, 250]
1546589412086;[171, 0, 17, 255, 161, 72, 70, 209, 181, 0, 0, 178, 1, 0, 15, 1, 0, 184, 14, 133]
1546589412089;[171, 0, 4, 255, 132, 128, 81]
1546589412253;[171, 0, 17, 255, 161, 72, 70, 209, 181, 0, 0, 166, 1, 0, 8, 1, 0, 184, 14, 109]
1546589412257;[171, 0, 17, 255, 161, 72, 70, 209, 181, 0, 0, 185, 1, 0, 19, 1, 0, 178, 14, 60]
1546589412427;[171, 0, 17, 255, 161, 72, 70, 209, 181, 0, 0, 175, 1, 0, 9, 1, 0, 186, 13, 237]
1546589412431;[171, 0, 17, 255, 161, 72, 70, 209, 181, 0, 0, 181, 1, 0, 16, 1, 0, 194, 13, 150]
1546589412596;[171, 0, 17, 255, 161, 72, 70, 209, 181, 0, 0, 167, 1, 0, 4, 1, 0, 191, 13, 86]
1546589412766;[171, 0, 17, 255, 161, 72, 70, 209, 182, 0, 0, 181, 1, 0, 10, 1, 0, 186, 13, 21]
1546589412768;[171, 0, 17, 255, 161, 72, 70, 209, 182, 0, 0, 173, 1, 0, 1, 1, 0, 186, 12, 237]
1546589412940;[171, 0, 17, 255, 161, 72, 70, 209, 182, 0, 0, 179, 1, 0, 6, 1, 0, 187, 12, 195]
1546589412943;[171, 0, 17, 255, 161, 72, 70, 209, 182, 0, 0, 181, 1, 0, 4, 1, 0, 190, 12, 179]
1546589413289;[171, 0, 17, 255, 161, 72, 70, 209, 182, 0, 0, 173, 1, 0, 10, 1, 0, 195, 12, 148]
1546589413293;[171, 0, 4, 255, 132, 128, 81]
1546589413297;[171, 0, 17, 255, 161, 72, 70, 209, 182, 0, 0, 181, 1, 0, 2, 1, 0, 181, 12, 125]
1546589413460;[171, 0, 17, 255, 161, 72, 70, 209, 182, 0, 0, 190, 1, 0, 10, 1, 0, 187, 12, 69]
1546589413467;[171, 0, 17, 255, 161, 72, 70, 209, 182, 0, 0, 149, 1, 0, 4, 1, 0, 192, 11, 207]
1546589413633;[171, 0, 17, 255, 161, 72, 70, 209, 182, 0, 0, 136, 0, 0, 8, 1, 0, 202, 11, 191]
1546589413637;[171, 0, 17, 255, 161, 72, 70, 209, 182, 0, 1, 47, 0, 0, 42, 1, 0, 118, 11, 220]
1546589413806;[171, 0, 17, 255, 161, 72, 70, 209, 183, 0, 0, 231, 0, 0, 53, 1, 0, 121, 12, 27]
1546589413811;[171, 0, 17, 255, 161, 72, 70, 209, 183, 0, 0, 29, 1, 0, 43, 1, 0, 118, 11, 71]
1546589413981;[171, 0, 17, 255, 161, 72, 70, 209, 183, 0, 0, 44, 1, 0, 83, 1, 0, 140, 10, 249]
1546589414150;[171, 0, 17, 255, 161, 72, 70, 209, 183, 0, 0, 22, 1, 0, 51, 1, 0, 212, 11, 172]
1546589414154;[171, 0, 17, 255, 161, 72, 70, 209, 183, 0, 0, 197, 1, 0, 28, 1, 0, 198, 12, 38]
1546589414670;[171, 0, 4, 255, 132, 128, 81]
1546589414675;[171, 0, 17, 255, 161, 72, 70, 209, 183, 0, 0, 218, 0, 0, 12, 1, 0, 206, 12, 109]
1546589414679;[171, 0, 17, 255, 161, 72, 70, 209, 183, 0, 1, 3, 0, 0, 86, 1, 1, 20, 12, 0]
1546589414683;[171, 0, 17, 255, 161, 72, 70, 209, 183, 0, 0, 81, 0, 0, 93, 1, 0, 159, 11, 164]
1546589414841;[171, 0, 17, 255, 161, 72, 70, 209, 183, 0, 0, 231, 0, 0, 150, 1, 0, 229, 11, 41]
1546589414845;[171, 0, 17, 255, 161, 72, 70, 209, 183, 0, 0, 153, 0, 0, 98, 1, 0, 188, 10, 224]
1546589414849;[171, 0, 17, 255, 161, 72, 70, 209, 184, 0, 0, 138, 0, 0, 105, 1, 0, 162, 10, 184]
1546589415013;[171, 0, 17, 255, 161, 72, 70, 209, 184, 0, 0, 152, 0, 0, 100, 1, 0, 190, 10, 155]
1546589415017;[171, 0, 17, 255, 161, 72, 70, 209, 184, 0, 0, 176, 0, 0, 120, 1, 0, 175, 10, 138]
1546589415188;[171, 0, 17, 255, 161, 72, 70, 209, 184, 0, 0, 128, 0, 0, 85, 1, 0, 172, 10, 129]
1546589415358;[171, 0, 17, 255, 161, 72, 70, 209, 184, 0, 0, 210, 0, 0, 134, 1, 0, 179, 10, 143]
1546589415362;[171, 0, 4, 255, 132, 128, 81]
1546589415532;[171, 0, 17, 255, 161, 72, 70, 209, 184, 0, 0, 128, 0, 0, 84, 1, 0, 172, 10, 136]
1546589415536;[171, 0, 17, 255, 161, 72, 70, 209, 184, 0, 0, 228, 0, 0, 138, 1, 0, 191, 10, 140]
1546589416051;[171, 0, 17, 255, 161, 72, 70, 209, 184, 0, 0, 113, 0, 0, 82, 1, 0, 151, 10, 119]
1546589416055;[171, 0, 17, 255, 161, 72, 70, 209, 184, 0, 0, 159, 0, 0, 93, 1, 0, 181, 10, 127]
1546589416059;[171, 0, 17, 255, 161, 72, 70, 209, 184, 0, 0, 114, 0, 0, 95, 1, 0, 145, 10, 137]
1546589416063;[171, 0, 17, 255, 161, 72, 70, 209, 185, 0, 0, 197, 0, 0, 111, 1, 0, 194, 10, 153]
1546589416223;[171, 0, 17, 255, 161, 72, 70, 209, 185, 0, 0, 120, 0, 0, 92, 1, 0, 150, 10, 146]
1546589416227;[171, 0, 17, 255, 161, 72, 70, 209, 185, 0, 0, 183, 0, 0, 112, 1, 0, 186, 10, 168]
1546589416231;[171, 0, 17, 255, 161, 72, 70, 209, 185, 0, 0, 134, 0, 0, 102, 1, 0, 151, 10, 171]
1546589416393;[171, 0, 17, 255, 161, 72, 70, 209, 185, 0, 0, 218, 0, 0, 132, 1, 0, 177, 10, 194]
1546589416566;[171, 0, 4, 255, 132, 128, 82]
1546589416570;[171, 0, 17, 255, 161, 72, 70, 209, 185, 0, 0, 120, 0, 0, 88, 1, 0, 161, 10, 185]
1546589416738;[171, 0, 17, 255, 161, 72, 70, 209, 185, 0, 0, 165, 0, 0, 100, 1, 0, 169, 10, 213]
1546589416742;[171, 0, 17, 255, 161, 72, 70, 209, 185, 0, 0, 153, 0, 0, 113, 1, 0, 154, 10, 226]
1546589417084;[171, 0, 17, 255, 161, 72, 70, 209, 185, 0, 0, 157, 0, 0, 91, 1, 0, 184, 10, 248]
1546589417089;[171, 0, 17, 255, 161, 72, 70, 209, 185, 0, 0, 129, 0, 0, 104, 1, 0, 150, 11, 7]
1546589417093;[171, 0, 17, 255, 161, 72, 70, 209, 186, 0, 0, 158, 0, 0, 89, 1, 0, 181, 11, 22]
1546589417256;[171, 0, 17, 255, 161, 72, 70, 209, 186, 0, 0, 193, 0, 0, 131, 1, 0, 155, 11, 24]
1546589417261;[171, 0, 17, 255, 161, 72, 70, 209, 186, 0, 0, 138, 0, 0, 86, 1, 0, 183, 11, 41]
1546589417428;[171, 0, 17, 255, 161, 72, 70, 209, 186, 0, 0, 247, 0, 0, 148, 1, 0, 173, 11, 56]
1546589417432;[171, 0, 17, 255, 161, 72, 70, 209, 186, 0, 0, 139, 0, 0, 86, 1, 0, 186, 11, 72]
1546589417601;[171, 0, 4, 255, 132, 128, 84]
1546589417773;[171, 0, 17, 255, 161, 72, 70, 209, 186, 0, 1, 7, 0, 0, 157, 1, 0, 175, 11, 106]
1546589417777;[171, 0, 17, 255, 161, 72, 70, 209, 186, 0, 0, 110, 0, 0, 79, 1, 0, 159, 11, 110]
1546589418121;[171, 0, 17, 255, 161, 72, 70, 209, 186, 0, 0, 211, 0, 0, 116, 1, 0, 178, 11, 138]
1546589418125;[171, 0, 17, 255, 161, 72, 70, 209, 186, 0, 0, 109, 0, 0, 94, 1, 0, 140, 11, 141]
1546589418129;[171, 0, 17, 255, 161, 72, 70, 209, 186, 0, 0, 215, 0, 0, 123, 1, 0, 186, 11, 168]
1546589418133;[171, 0, 17, 255, 161, 72, 70, 209, 187, 0, 0, 106, 0, 0, 97, 1, 0, 136, 11, 161]
1546589418466;[171, 0, 17, 255, 161, 72, 70, 209, 187, 0, 0, 166, 0, 0, 91, 1, 0, 187, 11, 179]
1546589418475;[171, 0, 17, 255, 161, 72, 70, 209, 187, 0, 0, 143, 0, 0, 116, 1, 0, 128, 11, 191]
1546589418479;[171, 0, 17, 255, 161, 72, 70, 209, 187, 0, 0, 143, 0, 0, 85, 1, 0, 191, 11, 207]
1546589418636;[171, 0, 17, 255, 161, 72, 70, 209, 187, 0, 0, 126, 0, 0, 108, 1, 0, 133, 11, 219]
1546589418640;[171, 0, 4, 255, 132, 128, 84]
1546589418808;[171, 0, 17, 255, 161, 72, 70, 209, 187, 0, 0, 154, 0, 0, 91, 1, 0, 187, 11, 235]
1546589418812;[171, 0, 17, 255, 161, 72, 70, 209, 187, 0, 0, 186, 0, 0, 126, 1, 0, 136, 11, 233]
1546589418983;[171, 0, 17, 255, 161, 72, 70, 209, 187, 0, 0, 139, 0, 0, 85, 1, 0, 186, 11, 255]
1546589419153;[171, 0, 17, 255, 161, 72, 70, 209, 187, 0, 0, 248, 0, 0, 143, 1, 0, 154, 12, 1]
1546589419157;[171, 0, 17, 255, 161, 72, 70, 209, 187, 0, 0, 149, 0, 0, 89, 1, 0, 184, 12, 19]
1546589419326;[171, 0, 17, 255, 161, 72, 70, 209, 192, 0, 0, 217, 0, 0, 137, 1, 0, 141, 12, 35]
1546589419330;[171, 0, 17, 255, 161, 72, 70, 209, 192, 0, 0, 131, 0, 0, 84, 1, 0, 180, 12, 44]
1546589419671;[171, 0, 17, 255, 161, 72, 70, 209, 192, 0, 1, 5, 0, 0, 152, 1, 0, 178, 12, 65]
1546589419675;[171, 0, 17, 255, 161, 72, 70, 209, 192, 0, 0, 109, 0, 0, 84, 1, 0, 155, 12, 58]
1546589419679;[171, 0, 17, 255, 161, 72, 70, 209, 192, 0, 1, 15, 0, 0, 152, 1, 0, 162, 12, 81]
1546589419848;[171, 0, 4, 255, 132, 128, 84]
1546589419850;[171, 0, 17, 255, 161, 72, 70, 209, 192, 0, 0, 114, 0, 0, 86, 1, 0, 168, 12, 78]
1546589420017;[171, 0, 17, 255, 161, 72, 70, 209, 192, 0, 0, 235, 0, 0, 134, 1, 0, 184, 12, 97]
1546589420021;[171, 0, 17, 255, 161, 72, 70, 209, 192, 0, 0, 111, 0, 0, 84, 1, 0, 146, 12, 104]
1546589420189;[171, 0, 17, 255, 161, 72, 70, 209, 192, 0, 0, 176, 0, 0, 95, 1, 0, 178, 12, 125]
1546589420362;[171, 0, 17, 255, 161, 72, 70, 209, 192, 0, 0, 113, 0, 0, 86, 1, 0, 150, 12, 123]
1546589420365;[171, 0, 17, 255, 161, 72, 70, 209, 193, 0, 0, 198, 0, 0, 108, 1, 0, 178, 12, 144]
1546589420533;[171, 0, 17, 255, 161, 72, 70, 209, 193, 0, 0, 113, 0, 0, 97, 1, 0, 136, 12, 136]
1546589420537;[171, 0, 17, 255, 161, 72, 70, 209, 193, 0, 0, 158, 0, 0, 88, 1, 0, 184, 12, 157]
1546589421053;[171, 0, 17, 255, 161, 72, 70, 209, 193, 0, 0, 168, 0, 0, 116, 1, 0, 123, 12, 153]
1546589421058;[171, 0, 17, 255, 161, 72, 70, 209, 193, 0, 0, 168, 0, 0, 91, 1, 0, 187, 12, 167]
1546589421062;[171, 0, 4, 255, 132, 128, 84]
1546589421066;[171, 0, 17, 255, 161, 72, 70, 209, 193, 0, 0, 148, 0, 0, 113, 1, 0, 123, 12, 183]
1546589421224;[171, 0, 17, 255, 161, 72, 70, 209, 193, 0, 0, 149, 0, 0, 84, 1, 0, 186, 12, 191]
1546589421229;[171, 0, 17, 255, 161, 72, 70, 209, 193, 0, 0, 239, 0, 0, 139, 1, 0, 135, 12, 201]
1546589421233;[171, 0, 17, 255, 161, 72, 70, 209, 193, 0, 0, 126, 0, 0, 85, 1, 0, 174, 12, 213]
1546589421396;[171, 0, 17, 255, 161, 72, 70, 209, 193, 0, 0, 207, 0, 0, 133, 1, 0, 127, 12, 226]
1546589421569;[171, 0, 17, 255, 161, 72, 70, 209, 194, 0, 0, 143, 0, 0, 85, 1, 0, 180, 12, 231]
1546589421573;[171, 0, 17, 255, 161, 72, 70, 209, 194, 0, 1, 17, 0, 0, 152, 1, 0, 152, 12, 244]
1546589421740;[171, 0, 17, 255, 161, 72, 70, 209, 194, 0, 0, 128, 0, 0, 86, 1, 0, 166, 12, 251]
1546589421744;[171, 0, 17, 255, 161, 72, 70, 209, 194, 0, 1, 7, 0, 0, 141, 1, 0, 179, 13, 14]
1546589421914;[171, 0, 17, 255, 161, 72, 70, 209, 194, 0, 0, 113, 0, 0, 88, 1, 0, 142, 13, 14]
1546589421917;[171, 0, 4, 255, 132, 128, 84]
1546589422260;[171, 0, 17, 255, 161, 72, 70, 209, 194, 0, 1, 17, 0, 0, 151, 1, 0, 175, 13, 33]
1546589422264;[171, 0, 17, 255, 161, 72, 70, 209, 194, 0, 0, 111, 0, 0, 91, 1, 0, 142, 13, 23]
1546589422268;[171, 0, 17, 255, 161, 72, 70, 209, 194, 0, 0, 209, 0, 0, 109, 1, 0, 175, 13, 40]
1546589422431;[171, 0, 17, 255, 161, 72, 70, 209, 194, 0, 0, 108, 0, 0, 100, 1, 0, 129, 13, 33]
1546589422435;[171, 0, 17, 255, 161, 72, 70, 209, 194, 0, 0, 162, 0, 0, 88, 1, 0, 177, 13, 55]
1546589422602;[171, 0, 17, 255, 161, 72, 70, 209, 195, 0, 0, 106, 0, 0, 96, 1, 0, 126, 13, 65]
1546589422777;[171, 0, 17, 255, 161, 72, 70, 209, 195, 0, 0, 171, 0, 0, 91, 1, 0, 175, 13, 73]
1546589422780;[171, 0, 17, 255, 161, 72, 70, 209, 195, 0, 0, 138, 0, 0, 115, 1, 0, 115, 13, 82]
1546589422948;[171, 0, 17, 255, 161, 72, 70, 209, 195, 0, 0, 150, 0, 0, 82, 1, 0, 181, 13, 85]
1546589422951;[171, 0, 17, 255, 161, 72, 70, 209, 195, 0, 0, 253, 0, 0, 143, 1, 0, 129, 13, 91]
1546589423121;[171, 0, 4, 255, 132, 128, 83]
1546589423125;[171, 0, 17, 255, 161, 72, 70, 209, 195, 0, 0, 161, 0, 0, 84, 1, 0, 186, 13, 99]
1546589423640;[171, 0, 17, 255, 161, 72, 70, 209, 195, 0, 0, 194, 0, 0, 130, 1, 0, 118, 13, 104]
1546589423644;[171, 0, 17, 255, 161, 72, 70, 209, 195, 0, 0, 141, 0, 0, 84, 1, 0, 180, 13, 114]
1546589423648;[171, 0, 17, 255, 161, 72, 70, 209, 195, 0, 1, 35, 0, 0, 161, 1, 0, 151, 13, 122]
1546589423652;[171, 0, 17, 255, 161, 72, 70, 209, 195, 0, 0, 121, 0, 0, 84, 1, 0, 156, 13, 139]
1546589423812;[171, 0, 17, 255, 161, 72, 70, 209, 196, 0, 1, 22, 0, 0, 156, 1, 0, 137, 13, 146]
1546589423816;[171, 0, 17, 255, 161, 72, 70, 209, 196, 0, 0, 124, 0, 0, 80, 1, 0, 163, 13, 160]
1546589423820;[171, 0, 17, 255, 161, 72, 70, 209, 196, 0, 1, 13, 0, 0, 145, 1, 0, 183, 13, 171]
1546589423982;[171, 0, 17, 255, 161, 72, 70, 209, 196, 0, 0, 106, 0, 0, 84, 1, 0, 138, 13, 164]
1546589424156;[171, 0, 17, 255, 161, 72, 70, 209, 196, 0, 0, 203, 0, 0, 102, 1, 0, 190, 13, 194]
1546589424161;[171, 0, 4, 255, 132, 128, 83]
1546589424328;[171, 0, 17, 255, 161, 72, 70, 209, 196, 0, 0, 113, 0, 0, 83, 1, 0, 150, 13, 190]
1546589424332;[171, 0, 17, 255, 161, 72, 70, 209, 196, 0, 0, 211, 0, 0, 109, 1, 0, 180, 13, 217]
1546589424500;[171, 0, 17, 255, 161, 72, 70, 209, 196, 0, 0, 108, 0, 0, 101, 1, 0, 126, 13, 218]
1546589424847;[171, 0, 17, 255, 161, 72, 70, 209, 196, 0, 0, 174, 0, 0, 85, 1, 0, 186, 13, 235]
1546589424851;[171, 0, 17, 255, 161, 72, 70, 209, 197, 0, 0, 176, 0, 0, 96, 1, 0, 176, 13, 244]
1546589424857;[171, 0, 17, 255, 161, 72, 70, 209, 197, 0, 0, 128, 0, 0, 98, 1, 0, 121, 13, 240]
1546589424862;[171, 0, 17, 255, 161, 72, 70, 209, 197, 0, 0, 159, 0, 0, 85, 1, 0, 177, 14, 3]
1546589425018;[171, 0, 17, 255, 161, 72, 70, 209, 197, 0, 0, 231, 0, 0, 134, 1, 0, 129, 14, 19]
1546589425022;[171, 0, 17, 255, 161, 72, 70, 209, 197, 0, 0, 136, 0, 0, 78, 1, 0, 175, 14, 34]
1546589425191;[171, 0, 17, 255, 161, 72, 70, 209, 197, 0, 0, 193, 0, 0, 131, 1, 0, 121, 14, 35]
1546589425362;[171, 0, 4, 255, 132, 128, 83]
1546589425366;[171, 0, 17, 255, 161, 72, 70, 209, 197, 0, 0, 148, 0, 0, 82, 1, 0, 176, 14, 52]
1546589425535;[171, 0, 17, 255, 161, 72, 70, 209, 197, 0, 1, 11, 0, 0, 144, 1, 0, 134, 14, 52]
1546589425539;[171, 0, 17, 255, 161, 72, 70, 209, 197, 0, 0, 131, 0, 0, 82, 1, 0, 169, 14, 57]
1546589425708;[171, 0, 17, 255, 161, 72, 70, 209, 197, 0, 1, 19, 0, 0, 152, 1, 0, 174, 14, 76]
1546589425712;[171, 0, 17, 255, 161, 72, 70, 209, 198, 0, 0, 136, 0, 0, 78, 1, 0, 173, 14, 80]
1546589426055;[171, 0, 17, 255, 161, 72, 70, 209, 198, 0, 1, 29, 0, 0, 158, 1, 0, 170, 14, 102]
1546589426059;[171, 0, 17, 255, 161, 72, 70, 209, 198, 0, 0, 120, 0, 0, 87, 1, 0, 140, 14, 109]
1546589426063;[171, 0, 17, 255, 161, 72, 70, 209, 198, 0, 0, 220, 0, 0, 101, 1, 0, 172, 14, 132]
1546589426227;[171, 0, 17, 255, 161, 72, 70, 209, 198, 0, 0, 109, 0, 0, 101, 1, 0, 126, 14, 123]
1546589426398;[171, 0, 17, 255, 161, 72, 70, 209, 200, 0, 0, 217, 0, 0, 113, 1, 0, 184, 15, 56]
1546589426571;[171, 0, 17, 255, 161, 72, 70, 209, 200, 0, 0, 120, 0, 0, 97, 1, 0, 131, 15, 58]
1546589426575;[171, 0, 17, 255, 161, 72, 70, 209, 200, 0, 0, 166, 0, 0, 85, 1, 0, 169, 31, 66]
1546589426743;[171, 0, 17, 255, 161, 72, 70, 209, 200, 0, 0, 211, 0, 0, 131, 1, 0, 127, 7, 214]
1546589426916;[171, 0, 17, 255, 161, 72, 70, 209, 201, 0, 0, 175, 0, 0, 84, 1, 0, 174, 7, 224]
1546589426921;[171, 0, 17, 255, 161, 72, 70, 209, 201, 0, 0, 168, 0, 0, 119, 1, 0, 123, 7, 227]
1546589427088;[171, 0, 17, 255, 161, 72, 70, 209, 201, 0, 0, 156, 0, 0, 84, 1, 0, 175, 7, 235]
1546589427434;[171, 0, 17, 255, 161, 72, 70, 209, 201, 0, 1, 4, 0, 0, 151, 1, 0, 141, 7, 243]
1546589427439;[171, 0, 17, 255, 161, 72, 70, 209, 201, 0, 0, 129, 0, 0, 83, 1, 0, 159, 7, 248]
1546589427443;[171, 0, 17, 255, 161, 72, 70, 209, 201, 0, 0, 251, 0, 0, 143, 1, 0, 136, 8, 2]
1546589427448;[171, 0, 4, 255, 132, 128, 82]
1546589427603;[171, 0, 17, 255, 161, 72, 70, 209, 201, 0, 0, 131, 0, 0, 80, 1, 0, 165, 8, 7]
1546589427607;[171, 0, 17, 255, 161, 72, 70, 209, 201, 0, 1, 5, 0, 0, 142, 1, 0, 168, 8, 20]
1546589427779;[171, 0, 17, 255, 161, 72, 70, 209, 201, 0, 0, 114, 0, 0, 90, 1, 0, 140, 8, 25]
1546589427950;[171, 0, 17, 255, 161, 72, 70, 209, 201, 0, 0, 208, 0, 0, 101, 1, 0, 172, 8, 34]
1546589427954;[171, 0, 17, 255, 161, 72, 70, 209, 202, 0, 0, 124, 0, 0, 87, 1, 0, 126, 8, 38]
1546589428124;[171, 0, 17, 255, 161, 72, 70, 209, 202, 0, 0, 225, 0, 0, 117, 1, 0, 170, 8, 46]
1546589428128;[171, 0, 17, 255, 161, 72, 70, 209, 202, 0, 0, 110, 0, 0, 93, 1, 0, 132, 8, 42]
1546589428297;[171, 0, 17, 255, 161, 72, 70, 209, 202, 0, 0, 176, 0, 0, 88, 1, 0, 170, 8, 60]
1546589428642;[171, 0, 17, 255, 161, 72, 70, 209, 202, 0, 0, 145, 0, 0, 112, 1, 0, 120, 8, 51]
1546589428650;[171, 0, 17, 255, 161, 72, 70, 209, 202, 0, 0, 162, 0, 0, 83, 1, 0, 177, 8, 66]
1546589428655;[171, 0, 4, 255, 132, 128, 83]
1546589428659;[171, 0, 17, 255, 161, 72, 70, 209, 202, 0, 0, 123, 0, 0, 102, 1, 0, 123, 8, 64]
1546589428811;[171, 0, 17, 255, 161, 72, 70, 209, 202, 0, 0, 167, 0, 0, 84, 1, 0, 177, 8, 76]
1546589428818;[171, 0, 17, 255, 161, 72, 70, 209, 202, 0, 0, 207, 0, 0, 130, 1, 0, 120, 8, 69]
1546589428985;[171, 0, 17, 255, 161, 72, 70, 209, 202, 0, 0, 143, 0, 0, 85, 1, 0, 171, 8, 86]
1546589429160;[171, 0, 17, 255, 161, 72, 70, 209, 203, 0, 1, 28, 0, 0, 160, 1, 0, 152, 8, 78]
1546589429163;[171, 0, 17, 255, 161, 72, 70, 209, 203, 0, 0, 148, 0, 0, 85, 1, 0, 175, 8, 90]
1546589429503;[171, 0, 17, 255, 161, 72, 70, 209, 203, 0, 1, 30, 0, 0, 160, 1, 0, 148, 8, 95]
1546589429507;[171, 0, 17, 255, 161, 72, 70, 209, 203, 0, 0, 124, 0, 0, 88, 1, 0, 154, 8, 105]
1546589429511;[171, 0, 17, 255, 161, 72, 70, 209, 203, 0, 1, 9, 0, 0, 142, 1, 0, 171, 8, 115]
1546589430022;[171, 0, 17, 255, 161, 72, 70, 209, 203, 0, 0, 114, 0, 0, 93, 1, 0, 142, 8, 117]
1546589430026;[171, 0, 4, 255, 132, 128, 83]
1546589430030;[171, 0, 17, 255, 161, 72, 70, 209, 203, 0, 1, 25, 0, 0, 152, 1, 0, 160, 8, 136]
1546589430034;[171, 0, 17, 255, 161, 72, 70, 209, 203, 0, 0, 113, 0, 0, 88, 1, 0, 149, 8, 130]
1546589430194;[171, 0, 17, 255, 161, 72, 70, 209, 203, 0, 0, 241, 0, 0, 121, 1, 0, 175, 8, 140]
1546589430198;[171, 0, 17, 255, 161, 72, 70, 209, 203, 0, 0, 111, 0, 0, 89, 1, 0, 128, 8, 137]
1546589430202;[171, 0, 17, 255, 161, 72, 70, 209, 204, 0, 0, 177, 0, 0, 91, 1, 0, 175, 8, 144]
1546589430366;[171, 0, 17, 255, 161, 72, 70, 209, 204, 0, 0, 108, 0, 0, 85, 1, 0, 130, 8, 142]
1546589430370;[171, 0, 17, 255, 161, 72, 70, 209, 204, 0, 0, 186, 0, 0, 91, 1, 0, 172, 8, 150]
1546589430536;[171, 0, 17, 255, 161, 72, 70, 209, 204, 0, 0, 140, 0, 0, 105, 1, 0, 114, 8, 152]
1546589430540;[171, 0, 17, 255, 161, 72, 70, 209, 204, 0, 0, 159, 0, 0, 82, 1, 0, 183, 8, 167]
1546589430711;[171, 0, 17, 255, 161, 72, 70, 209, 204, 0, 0, 196, 0, 0, 124, 1, 0, 103, 8, 165]
1546589430715;[171, 0, 4, 255, 132, 128, 83]
1546589430883;[171, 0, 17, 255, 161, 72, 70, 209, 204, 0, 0, 173, 0, 0, 88, 1, 0, 191, 8, 174]
1546589431230;[171, 0, 17, 255, 161, 72, 70, 209, 204, 0, 0, 148, 0, 0, 105, 1, 0, 105, 8, 169]
1546589431234;[171, 0, 17, 255, 161, 72, 70, 209, 204, 0, 0, 148, 0, 0, 79, 1, 0, 180, 8, 184]
1546589431238;[171, 0, 17, 255, 161, 72, 70, 209, 204, 0, 1, 2, 0, 0, 134, 1, 0, 107, 8, 180]
1546589431242;[171, 0, 17, 255, 161, 72, 70, 209, 205, 0, 0, 128, 0, 0, 80, 1, 0, 172, 8, 190]
1546589431402;[171, 0, 17, 255, 161, 72, 70, 209, 205, 0, 0, 201, 0, 0, 124, 1, 0, 101, 8, 189]
1546589431574;[171, 0, 17, 255, 161, 72, 70, 209, 205, 0, 0, 139, 0, 0, 82, 1, 0, 180, 8, 208]
1546589431577;[171, 0, 17, 255, 161, 72, 70, 209, 205, 0, 1, 32, 0, 0, 150, 1, 0, 127, 8, 212]
1546589431746;[171, 0, 17, 255, 161, 72, 70, 209, 205, 0, 0, 126, 0, 0, 82, 1, 0, 155, 8, 222]
1546589431750;[171, 0, 17, 255, 161, 72, 70, 209, 205, 0, 1, 36, 0, 0, 154, 1, 0, 179, 8, 226]
1546589431918;[171, 0, 4, 255, 132, 128, 82]
1546589431922;[171, 0, 17, 255, 161, 72, 70, 209, 205, 0, 0, 131, 0, 0, 82, 1, 0, 170, 8, 229]
1546589432090;[171, 0, 17, 255, 161, 72, 70, 209, 205, 0, 1, 49, 0, 0, 156, 1, 0, 147, 8, 243]
1546589432440;[171, 0, 17, 255, 161, 72, 70, 209, 205, 0, 0, 114, 0, 0, 80, 1, 0, 144, 8, 252]
1546589432444;[171, 0, 17, 255, 161, 72, 70, 209, 205, 0, 1, 7, 0, 0, 130, 1, 0, 191, 9, 4]
1546589432452;[171, 0, 17, 255, 161, 72, 70, 209, 206, 0, 0, 101, 0, 0, 87, 1, 0, 123, 8, 252]
1546589432454;[171, 0, 17, 255, 161, 72, 70, 209, 206, 0, 1, 32, 0, 0, 152, 1, 0, 181, 9, 17]
1546589432610;[171, 0, 17, 255, 161, 72, 70, 209, 206, 0, 0, 103, 0, 0, 86, 1, 0, 130, 9, 13]
1546589432614;[171, 0, 17, 255, 161, 72, 70, 209, 206, 0, 0, 225, 0, 0, 111, 1, 0, 196, 9, 36]
1546589432780;[171, 0, 17, 255, 161, 72, 70, 209, 206, 0, 0, 111, 0, 0, 94, 1, 0, 114, 9, 14]
1546589432954;[171, 0, 17, 255, 161, 72, 70, 209, 206, 0, 0, 176, 0, 0, 82, 1, 0, 184, 9, 42]
1546589432958;[171, 0, 4, 255, 132, 128, 82]
1546589433126;[171, 0, 17, 255, 161, 72, 70, 209, 206, 0, 0, 111, 0, 0, 88, 1, 0, 127, 9, 25]
1546589433130;[171, 0, 17, 255, 161, 72, 70, 209, 206, 0, 0, 191, 0, 0, 91, 1, 0, 178, 9, 41]
1546589433298;[171, 0, 17, 255, 161, 72, 70, 209, 206, 0, 0, 128, 0, 0, 95, 1, 0, 115, 9, 33]
1546589433474;[171, 0, 17, 255, 161, 72, 70, 209, 206, 0, 0, 173, 0, 0, 80, 1, 0, 171, 9, 44]
1546589433479;[171, 0, 17, 255, 161, 72, 70, 209, 207, 0, 0, 196, 0, 0, 116, 1, 0, 108, 9, 40]
1546589433990;[171, 0, 17, 255, 161, 72, 70, 209, 207, 0, 0, 188, 0, 0, 88, 1, 0, 169, 9, 57]
1546589433994;[171, 0, 17, 255, 161, 72, 70, 209, 207, 0, 0, 145, 0, 0, 98, 1, 0, 108, 9, 55]
1546589433998;[171, 0, 17, 255, 161, 72, 70, 209, 207, 0, 0, 160, 0, 0, 83, 1, 0, 166, 9, 70]
1546589434002;[171, 0, 17, 255, 161, 72, 70, 209, 207, 0, 0, 243, 0, 0, 132, 1, 0, 110, 9, 71]
1546589434162;[171, 0, 17, 255, 161, 72, 70, 209, 207, 0, 0, 148, 0, 0, 84, 1, 0, 165, 9, 88]
1546589434169;[171, 0, 4, 255, 132, 128, 81]
1546589434171;[171, 0, 17, 255, 161, 72, 70, 209, 207, 0, 0, 191, 0, 0, 120, 1, 0, 109, 9, 93]
1546589434334;[171, 0, 17, 255, 161, 72, 70, 209, 207, 0, 0, 150, 0, 0, 82, 1, 0, 169, 9, 104]
1546589434338;[171, 0, 17, 255, 161, 72, 70, 209, 207, 0, 1, 20, 0, 0, 147, 1, 0, 117, 9, 110]
1546589434506;[171, 0, 17, 255, 161, 72, 70, 209, 207, 0, 0, 138, 0, 0, 84, 1, 0, 154, 9, 121]
1546589434510;[171, 0, 17, 255, 161, 72, 70, 209, 208, 0, 1, 35, 0, 0, 152, 1, 0, 170, 9, 137]
1546589434678;[171, 0, 17, 255, 161, 72, 70, 209, 208, 0, 0, 145, 0, 0, 83, 1, 0, 169, 9, 142]
1546589435026;[171, 0, 17, 255, 161, 72, 70, 209, 208, 0, 1, 36, 0, 0, 152, 1, 0, 147, 9, 145]
1546589435029;[171, 0, 17, 255, 161, 72, 70, 209, 208, 0, 0, 128, 0, 0, 80, 1, 0, 142, 9, 151]
1546589435034;[171, 0, 17, 255, 161, 72, 70, 209, 208, 0, 0, 254, 0, 0, 129, 1, 0, 172, 9, 160]
1546589435038;[171, 0, 17, 255, 161, 72, 70, 209, 208, 0, 0, 127, 0, 0, 88, 1, 0, 128, 9, 145]
1546589435196;[171, 0, 4, 255, 132, 128, 80]
1546589435368;[171, 0, 17, 255, 161, 72, 70, 209, 208, 0, 1, 12, 0, 0, 135, 1, 0, 143, 9, 159]
1546589435372;[171, 0, 17, 255, 161, 72, 70, 209, 208, 0, 0, 134, 0, 0, 85, 1, 0, 149, 9, 150]
1546589435541;[171, 0, 17, 255, 161, 72, 70, 209, 208, 0, 1, 3, 0, 0, 133, 1, 0, 161, 9, 155]
1546589435544;[171, 0, 17, 255, 161, 72, 70, 209, 208, 0, 0, 134, 0, 0, 85, 1, 0, 141, 9, 146]
1546589435715;[171, 0, 17, 255, 161, 72, 70, 209, 209, 0, 0, 228, 0, 0, 115, 1, 0, 166, 9, 163]
1546589435719;[171, 0, 17, 255, 161, 72, 70, 209, 209, 0, 0, 138, 0, 0, 82, 1, 0, 154, 9, 153]
1546589435887;[171, 0, 17, 255, 161, 72, 70, 209, 209, 0, 0, 254, 0, 0, 129, 1, 0, 163, 9, 160]
1546589436058;[171, 0, 17, 255, 161, 72, 70, 209, 209, 0, 0, 123, 0, 0, 82, 1, 0, 131, 9, 152]
1546589436062;[171, 0, 17, 255, 161, 72, 70, 209, 209, 0, 0, 199, 0, 0, 97, 1, 0, 162, 9, 163]
1546589436405;[171, 0, 17, 255, 161, 72, 70, 209, 209, 0, 0, 148, 0, 0, 97, 1, 0, 122, 9, 153]
1546589436408;[171, 0, 4, 255, 132, 128, 80]
1546589436413;[171, 0, 17, 255, 161, 72, 70, 209, 209, 0, 0, 226, 0, 0, 113, 1, 0, 162, 9, 169]
1546589436417;[171, 0, 17, 255, 161, 72, 70, 209, 209, 0, 0, 138, 0, 0, 91, 1, 0, 131, 9, 161]
1546589436577;[171, 0, 17, 255, 161, 72, 70, 209, 209, 0, 0, 210, 0, 0, 105, 1, 0, 163, 9, 173]
1546589436748;[171, 0, 17, 255, 161, 72, 70, 209, 209, 0, 0, 152, 0, 0, 93, 1, 0, 133, 9, 175]
1546589436751;[171, 0, 17, 255, 161, 72, 70, 209, 210, 0, 0, 207, 0, 0, 106, 1, 0, 157, 9, 183]
1546589436921;[171, 0, 17, 255, 161, 72, 70, 209, 210, 0, 0, 155, 0, 0, 91, 1, 0, 142, 9, 180]
1546589436925;[171, 0, 17, 255, 161, 72, 70, 209, 210, 0, 0, 211, 0, 0, 111, 1, 0, 140, 9, 187]
1546589437093;[171, 0, 17, 255, 161, 72, 70, 209, 210, 0, 0, 173, 0, 0, 97, 1, 0, 148, 9, 194]
1546589437266;[171, 0, 17, 255, 161, 72, 70, 209, 210, 0, 0, 182, 0, 0, 100, 1, 0, 140, 9, 198]
1546589437270;[171, 0, 17, 255, 161, 72, 70, 209, 210, 0, 0, 214, 0, 0, 118, 1, 0, 158, 9, 202]
1546589437616;[171, 0, 4, 255, 132, 128, 79]
1546589437620;[171, 0, 17, 255, 161, 72, 70, 209, 210, 0, 0, 160, 0, 0, 95, 1, 0, 140, 9, 215]
1546589437624;[171, 0, 17, 255, 161, 72, 70, 209, 210, 0, 0, 191, 0, 0, 111, 1, 0, 141, 9, 218]
1546589437628;[171, 0, 17, 255, 161, 72, 70, 209, 210, 0, 0, 193, 0, 0, 106, 1, 0, 153, 9, 225]
1546589437783;[171, 0, 17, 255, 161, 72, 70, 209, 210, 0, 0, 166, 0, 0, 97, 1, 0, 137, 9, 230]
1546589437956;[171, 0, 17, 255, 161, 72, 70, 209, 211, 0, 0, 186, 0, 0, 102, 1, 0, 146, 9, 244]
1546589437960;[171, 0, 17, 255, 161, 72, 70, 209, 211, 0, 0, 176, 0, 0, 106, 1, 0, 135, 9, 246]
1546589438129;[171, 0, 17, 255, 161, 72, 70, 209, 211, 0, 0, 200, 0, 0, 106, 1, 0, 146, 10, 3]
1546589438132;[171, 0, 17, 255, 161, 72, 70, 209, 211, 0, 0, 162, 0, 0, 93, 1, 0, 140, 9, 252]
1546589438301;[171, 0, 17, 255, 161, 72, 70, 209, 211, 0, 0, 197, 0, 0, 100, 1, 0, 145, 10, 12]
1546589438478;[171, 0, 17, 255, 161, 72, 70, 209, 211, 0, 0, 215, 0, 0, 116, 1, 0, 158, 10, 18]
1546589438481;[171, 0, 4, 255, 132, 128, 78]
1546589438993;[171, 0, 17, 255, 161, 72, 70, 209, 211, 0, 0, 177, 0, 0, 92, 1, 0, 145, 10, 30]
1546589438997;[171, 0, 17, 255, 161, 72, 70, 209, 211, 0, 0, 164, 0, 0, 91, 1, 0, 136, 10, 30]
1546589439001;[171, 0, 17, 255, 161, 72, 70, 209, 211, 0, 0, 191, 0, 0, 101, 1, 0, 145, 10, 31]
1546589439005;[171, 0, 17, 255, 161, 72, 70, 209, 211, 0, 0, 182, 0, 0, 105, 1, 0, 135, 10, 37]
1546589439164;[171, 0, 17, 255, 161, 72, 70, 209, 212, 0, 0, 189, 0, 0, 91, 1, 0, 153, 10, 49]
1546589439168;[171, 0, 17, 255, 161, 72, 70, 209, 212, 0, 0, 228, 0, 0, 124, 1, 0, 147, 10, 52]
1546589439174;[171, 0, 17, 255, 161, 72, 70, 209, 212, 0, 0, 191, 0, 0, 96, 1, 0, 150, 10, 56]
1546589439335;[171, 0, 17, 255, 161, 72, 70, 209, 212, 0, 0, 222, 0, 0, 118, 1, 0, 146, 10, 63]
1546589439339;[171, 0, 17, 255, 161, 72, 70, 209, 212, 0, 0, 162, 0, 0, 88, 1, 0, 151, 10, 68]
1546589439508;[171, 0, 17, 255, 161, 72, 70, 209, 212, 0, 0, 213, 0, 0, 114, 1, 0, 149, 10, 77]
1546589439512;[171, 0, 4, 255, 132, 128, 78]
1546589439682;[171, 0, 17, 255, 161, 72, 70, 209, 212, 0, 0, 145, 0, 0, 83, 1, 0, 137, 10, 75]
1546589439853;[171, 0, 17, 255, 161, 72, 70, 209, 212, 0, 0, 221, 0, 0, 118, 1, 0, 151, 10, 84]
1546589439857;[171, 0, 17, 255, 161, 72, 70, 209, 212, 0, 0, 144, 0, 0, 84, 1, 0, 145, 10, 77]
1546589440199;[171, 0, 17, 255, 161, 72, 70, 209, 212, 0, 0, 214, 0, 0, 112, 1, 0, 151, 10, 93]
1546589440203;[171, 0, 17, 255, 161, 72, 70, 209, 213, 0, 0, 150, 0, 0, 88, 1, 0, 140, 10, 86]
1546589440207;[171, 0, 17, 255, 161, 72, 70, 209, 213, 0, 0, 196, 0, 0, 103, 1, 0, 150, 10, 93]
1546589440371;[171, 0, 17, 255, 161, 72, 70, 209, 213, 0, 0, 144, 0, 0, 85, 1, 0, 137, 10, 91]
1546589440375;[171, 0, 17, 255, 161, 72, 70, 209, 213, 0, 0, 196, 0, 0, 100, 1, 0, 141, 10, 94]
1546589440543;[171, 0, 17, 255, 161, 72, 70, 209, 213, 0, 0, 177, 0, 0, 105, 1, 0, 133, 10, 94]
1546589440547;[171, 0, 17, 255, 161, 72, 70, 209, 213, 0, 0, 183, 0, 0, 95, 1, 0, 153, 10, 105]
1546589440715;[171, 0, 4, 255, 132, 128, 78]
1546589440719;[171, 0, 17, 255, 161, 72, 70, 209, 213, 0, 0, 238, 0, 0, 136, 1, 0, 142, 10, 99]
1546589440888;[171, 0, 17, 255, 161, 72, 70, 209, 213, 0, 0, 183, 0, 0, 87, 1, 0, 153, 10, 111]
1546589441063;[171, 0, 17, 255, 161, 72, 70, 209, 213, 0, 0, 241, 0, 0, 136, 1, 0, 144, 10, 112]
1546589441067;[171, 0, 17, 255, 161, 72, 70, 209, 213, 0, 0, 150, 0, 0, 85, 1, 0, 155, 10, 112]
1546589441407;[171, 0, 17, 255, 161, 72, 70, 209, 214, 0, 0, 242, 0, 0, 130, 1, 0, 157, 10, 128]
1546589441411;[171, 0, 17, 255, 161, 72, 70, 209, 214, 0, 0, 134, 0, 0, 84, 1, 0, 141, 10, 123]
1546589441416;[171, 0, 17, 255, 161, 72, 70, 209, 214, 0, 0, 253, 0, 0, 136, 1, 0, 154, 10, 137]
1546589441419;[171, 0, 17, 255, 161, 72, 70, 209, 214, 0, 0, 134, 0, 0, 82, 1, 0, 140, 10, 124]
1546589441578;[171, 0, 17, 255, 161, 72, 70, 209, 214, 0, 0, 221, 0, 0, 110, 1, 0, 152, 10, 143]
1546589441925;[171, 0, 17, 255, 161, 72, 70, 209, 214, 0, 0, 141, 0, 0, 91, 1, 0, 131, 10, 140]
1546589441930;[171, 0, 4, 255, 132, 128, 78]
1546589441934;[171, 0, 17, 255, 161, 72, 70, 209, 214, 0, 0, 191, 0, 0, 91, 1, 0, 148, 10, 149]
1546589441938;[171, 0, 17, 255, 161, 72, 70, 209, 214, 0, 0, 139, 0, 0, 90, 1, 0, 134, 10, 143]
1546589442095;[171, 0, 17, 255, 161, 72, 70, 209, 214, 0, 0, 199, 0, 0, 98, 1, 0, 149, 10, 153]
1546589442443;[171, 0, 17, 255, 161, 72, 70, 209, 214, 0, 0, 156, 0, 0, 103, 1, 0, 134, 10, 157]
1546589442451;[171, 0, 17, 255, 161, 72, 70, 209, 215, 0, 0, 191, 0, 0, 96, 1, 0, 151, 10, 163]
1546589442453;[171, 0, 17, 255, 161, 72, 70, 209, 215, 0, 0, 168, 0, 0, 102, 1, 0, 133, 10, 160]
1546589442457;[171, 0, 17, 255, 161, 72, 70, 209, 215, 0, 0, 209, 0, 0, 106, 1, 0, 147, 10, 165]
1546589442786;[171, 0, 17, 255, 161, 72, 70, 209, 215, 0, 0, 151, 0, 0, 93, 1, 0, 140, 10, 167]
1546589442790;[171, 0, 17, 255, 161, 72, 70, 209, 215, 0, 0, 192, 0, 0, 97, 1, 0, 145, 10, 174]
1546589442794;[171, 0, 17, 255, 161, 72, 70, 209, 215, 0, 0, 185, 0, 0, 108, 1, 0, 134, 10, 184]
1546589442958;[171, 0, 4, 255, 132, 128, 79]
1546589442962;[171, 0, 17, 255, 161, 72, 70, 209, 215, 0, 0, 175, 0, 0, 88, 1, 0, 161, 10, 181]
1546589443132;[171, 0, 17, 255, 161, 72, 70, 209, 215, 0, 0, 189, 0, 0, 112, 1, 0, 134, 10, 188]
1546589443136;[171, 0, 17, 255, 161, 72, 70, 209, 215, 0, 0, 175, 0, 0, 89, 1, 0, 157, 10, 194]
1546589443649;[171, 0, 17, 255, 161, 72, 70, 209, 215, 0, 0, 240, 0, 0, 135, 1, 0, 149, 10, 190]
1546589443653;[171, 0, 17, 255, 161, 72, 70, 209, 216, 0, 0, 151, 0, 0, 83, 1, 0, 146, 10, 194]
1546589443657;[171, 0, 17, 255, 161, 72, 70, 209, 216, 0, 0, 233, 0, 0, 129, 1, 0, 158, 10, 212]
1546589443661;[171, 0, 17, 255, 161, 72, 70, 209, 216, 0, 0, 174, 0, 0, 93, 1, 0, 161, 10, 221]
1546589443994;[171, 0, 17, 255, 161, 72, 70, 209, 216, 0, 1, 151, 0, 0, 125, 1, 1, 12, 11, 18]
1546589443998;[171, 0, 17, 255, 161, 72, 70, 209, 216, 0, 0, 200, 1, 0, 34, 1, 1, 17, 9, 214]
1546589444002;[171, 0, 17, 255, 161, 72, 70, 209, 216, 1, 0, 39, 1, 0, 76, 1, 0, 66, 8, 145]
1546589444167;[171, 0, 4, 255, 132, 128, 79]
1546589444171;[171, 0, 17, 255, 161, 72, 70, 209, 216, 0, 0, 167, 0, 0, 26, 1, 0, 92, 8, 57]
1546589444175;[171, 0, 17, 255, 161, 72, 70, 209, 216, 1, 0, 4, 0, 0, 33, 1, 0, 111, 7, 2]
1546589444339;[171, 0, 17, 255, 161, 72, 70, 209, 216, 0, 0, 35, 1, 0, 29, 1, 0, 45, 5, 250]
1546589444343;[171, 0, 17, 255, 161, 72, 70, 209, 216, 0, 0, 231, 0, 0, 52, 1, 0, 241, 6, 1]
1546589444511;[171, 0, 17, 255, 161, 72, 70, 209, 217, 0, 0, 126, 0, 0, 33, 1, 1, 110, 6, 69]
1546589444515;[171, 0, 17, 255, 161, 72, 70, 209, 217, 0, 0, 121, 0, 0, 38, 1, 0, 134, 6, 146]
1546589444683;[171, 0, 17, 255, 161, 72, 70, 209, 217, 0, 0, 75, 0, 0, 6, 1, 0, 105, 5, 221]
1546589444855;[171, 0, 17, 255, 161, 72, 70, 209, 217, 0, 0, 196, 0, 0, 138, 1, 1, 14, 5, 47]
1546589444859;[171, 0, 17, 255, 161, 72, 70, 209, 217, 0, 0, 123, 0, 0, 91, 1, 0, 126, 4, 196]
1546589445029;[171, 0, 17, 255, 161, 72, 70, 209, 217, 0, 0, 152, 0, 0, 89, 1, 0, 190, 4, 125]
1546589445032;[171, 0, 4, 255, 132, 128, 79]
1546589445374;[171, 0, 17, 255, 161, 72, 70, 209, 217, 0, 0, 208, 0, 0, 133, 1, 0, 185, 4, 71]
1546589445378;[171, 0, 17, 255, 161, 72, 70, 209, 217, 0, 0, 128, 0, 0, 91, 1, 0, 174, 4, 28]
1546589445381;[171, 0, 17, 255, 161, 72, 70, 209, 217, 0, 0, 151, 0, 0, 91, 1, 0, 146, 3, 233]
1546589445546;[171, 0, 17, 255, 161, 72, 70, 209, 217, 0, 0, 171, 0, 0, 95, 1, 0, 190, 3, 206]
1546589445550;[171, 0, 17, 255, 161, 72, 70, 209, 218, 0, 0, 161, 0, 0, 96, 1, 0, 154, 3, 177]
1546589445718;[171, 0, 17, 255, 161, 72, 70, 209, 218, 0, 0, 175, 0, 0, 92, 1, 0, 183, 3, 145]
1546589445723;[171, 0, 17, 255, 161, 72, 70, 209, 218, 0, 0, 188, 0, 0, 108, 1, 0, 165, 3, 122]
1546589445890;[171, 0, 17, 255, 161, 72, 70, 209, 218, 0, 0, 173, 0, 0, 96, 1, 0, 174, 3, 103]
1546589446063;[171, 0, 17, 255, 161, 72, 70, 209, 218, 0, 0, 179, 0, 0, 104, 1, 0, 157, 3, 85]
1546589446067;[171, 0, 17, 255, 161, 72, 70, 209, 218, 0, 0, 153, 0, 0, 91, 1, 0, 177, 3, 75]
1546589446237;[171, 0, 4, 255, 132, 128, 79]
1546589446241;[171, 0, 17, 255, 161, 72, 70, 209, 218, 0, 0, 226, 0, 0, 129, 1, 0, 181, 3, 64]
1546589446581;[171, 0, 17, 255, 161, 72, 70, 209, 218, 0, 0, 122, 0, 0, 82, 1, 0, 164, 3, 60]
1546589446585;[171, 0, 17, 255, 161, 72, 70, 209, 218, 0, 0, 194, 0, 0, 112, 1, 0, 173, 3, 57]
1546589446589;[171, 0, 17, 255, 161, 72, 70, 209, 218, 0, 0, 137, 0, 0, 96, 1, 0, 161, 3, 45]
1546589446753;[171, 0, 17, 255, 161, 72, 70, 209, 219, 0, 0, 192, 0, 0, 103, 1, 0, 172, 3, 50]
1546589446757;[171, 0, 17, 255, 161, 72, 70, 209, 219, 0, 0, 151, 0, 0, 100, 1, 0, 163, 3, 39]
1546589446926;[171, 0, 17, 255, 161, 72, 70, 209, 219, 0, 0, 191, 0, 0, 110, 1, 0, 171, 3, 55]
1546589447099;[171, 0, 17, 255, 161, 72, 70, 209, 219, 0, 0, 145, 0, 0, 85, 1, 0, 166, 3, 57]
1546589447102;[171, 0, 17, 255, 161, 72, 70, 209, 219, 0, 0, 179, 0, 0, 102, 1, 0, 167, 3, 54]
1546589447272;[171, 0, 17, 255, 161, 72, 70, 209, 219, 0, 0, 151, 0, 0, 96, 1, 0, 157, 3, 55]
1546589447276;[171, 0, 4, 255, 132, 128, 79]
1546589447443;[171, 0, 17, 255, 161, 72, 70, 209, 219, 0, 0, 195, 0, 0, 105, 1, 0, 177, 3, 75]
1546589447447;[171, 0, 17, 255, 161, 72, 70, 209, 219, 0, 0, 144, 0, 0, 91, 1, 0, 158, 3, 73]
1546589447788;[171, 0, 17, 255, 161, 72, 70, 209, 219, 0, 0, 178, 0, 0, 96, 1, 0, 161, 3, 82]
1546589447792;[171, 0, 17, 255, 161, 72, 70, 209, 219, 0, 0, 184, 0, 0, 107, 1, 0, 166, 3, 88]
1546589447796;[171, 0, 17, 255, 161, 72, 70, 209, 220, 0, 0, 181, 0, 0, 93, 1, 0, 170, 3, 113]
1546589447962;[171, 0, 17, 255, 161, 72, 70, 209, 220, 0, 0, 162, 0, 0, 101, 1, 0, 161, 3, 123]
1546589447966;[171, 0, 17, 255, 161, 72, 70, 209, 220, 0, 0, 171, 0, 0, 91, 1, 0, 169, 3, 150]
1546589448308;[171, 0, 17, 255, 161, 72, 70, 209, 220, 0, 0, 138, 0, 0, 89, 1, 0, 153, 3, 161]
1546589448312;[171, 0, 17, 255, 161, 72, 70, 209, 220, 0, 0, 171, 0, 0, 96, 1, 0, 163, 3, 187]
1546589448316;[171, 0, 17, 255, 161, 72, 70, 209, 222, 0, 0, 219, 0, 0, 116, 1, 0, 163, 7, 132]
1546589448479;[171, 0, 17, 255, 161, 72, 70, 209, 222, 0, 0, 143, 0, 0, 79, 1, 0, 158, 7, 187]
1546589448650;[171, 0, 17, 255, 161, 72, 70, 209, 222, 0, 0, 215, 0, 0, 116, 1, 0, 163, 7, 243]
1546589448654;[171, 0, 17, 255, 161, 72, 70, 209, 222, 0, 0, 152, 0, 0, 84, 1, 0, 157, 8, 32]
1546589448823;[171, 0, 17, 255, 161, 72, 70, 209, 223, 0, 0, 211, 0, 0, 106, 1, 0, 158, 8, 95]
1546589449169;[171, 0, 17, 255, 161, 72, 70, 209, 223, 0, 0, 198, 0, 0, 97, 1, 0, 195, 8, 137]
1546589449173;[171, 0, 17, 255, 161, 72, 70, 209, 223, 0, 1, 71, 1, 0, 33, 1, 0, 212, 8, 98]
1546589449177;[171, 0, 17, 255, 161, 72, 70, 209, 223, 0, 0, 102, 1, 0, 37, 1, 0, 135, 7, 153]
1546589449341;[171, 0, 17, 255, 161, 72, 70, 209, 223, 0, 0, 189, 1, 0, 101, 1, 0, 127, 6, 167]
1546589449345;[171, 0, 17, 255, 161, 72, 70, 209, 223, 0, 0, 132, 1, 0, 42, 1, 0, 138, 5, 180]
1546589449512;[171, 0, 4, 255, 132, 128, 79]
1546589449516;[171, 0, 17, 255, 161, 72, 70, 209, 223, 0, 0, 175, 0, 0, 19, 1, 0, 150, 5, 43]
1546589449686;[171, 0, 17, 255, 161, 72, 70, 209, 223, 0, 0, 138, 0, 0, 8, 1, 0, 198, 4, 77]
1546589449858;[171, 0, 17, 255, 161, 72, 70, 209, 223, 0, 0, 145, 0, 0, 8, 1, 0, 210, 3, 169]
1546589449862;[171, 0, 17, 255, 161, 72, 70, 209, 223, 0, 0, 161, 1, 0, 3, 1, 0, 204, 2, 218]
1546589450031;[171, 0, 17, 255, 161, 72, 70, 209, 224, 0, 0, 136, 1, 0, 24, 1, 0, 206, 2, 8]
1546589450035;[171, 0, 17, 255, 161, 72, 70, 209, 224, 0, 0, 135, 1, 0, 23, 1, 0, 228, 1, 25]
1546589450377;[171, 0, 17, 255, 161, 72, 70, 209, 224, 0, 0, 98, 1, 0, 14, 1, 0, 237, 16, 83]
1546589450380;[171, 0, 17, 255, 161, 72, 70, 209, 224, 0, 0, 99, 1, 0, 19, 1, 0, 232, 7, 56]
1546589450384;[171, 0, 17, 255, 161, 72, 70, 209, 224, 0, 0, 93, 1, 0, 15, 1, 0, 233, 6, 200]
1546589450548;[171, 0, 17, 255, 161, 72, 70, 209, 224, 0, 0, 77, 1, 0, 11, 1, 0, 238, 6, 140]
1546589450552;[171, 0, 4, 255, 132, 128, 79]
1546589450720;[171, 0, 17, 255, 161, 72, 70, 209, 224, 0, 0, 103, 1, 0, 15, 1, 0, 237, 6, 149]
1546589450724;[171, 0, 17, 255, 161, 72, 70, 209, 224, 0, 0, 122, 0, 0, 24, 1, 0, 247, 6, 193]
1546589450893;[171, 0, 17, 255, 161, 72, 70, 209, 224, 0, 0, 64, 1, 0, 19, 1, 0, 235, 6, 216]
1546589451066;[171, 0, 17, 255, 161, 72, 70, 209, 224, 0, 0, 66, 1, 0, 63, 1, 0, 243, 6, 182]
1546589451070;[171, 0, 17, 255, 161, 72, 70, 209, 225, 0, 0, 37, 1, 0, 31, 1, 0, 234, 6, 180]
1546589451239;[171, 0, 17, 255, 161, 72, 70, 209, 225, 0, 0, 48, 1, 0, 20, 1, 0, 203, 6, 187]
1546589451243;[171, 0, 17, 255, 161, 72, 70, 209, 225, 0, 0, 19, 1, 0, 38, 1, 0, 187, 6, 155]
1546589451411;[171, 0, 17, 255, 161, 72, 70, 209, 225, 0, 0, 16, 1, 0, 30, 1, 0, 220, 6, 213]
1546589451415;[171, 0, 17, 255, 161, 72, 70, 209, 225, 0, 0, 114, 1, 0, 29, 1, 1, 13, 7, 34]
1546589451756;[171, 0, 17, 255, 161, 72, 70, 209, 225, 0, 0, 123, 1, 0, 15, 1, 0, 237, 7, 122]
1546589451760;[171, 0, 4, 255, 132, 128, 79]
1546589451764;[171, 0, 17, 255, 161, 72, 70, 209, 225, 0, 0, 152, 0, 0, 29, 1, 0, 220, 7, 162]
1546589451928;[171, 0, 17, 255, 161, 72, 70, 209, 225, 0, 0, 148, 0, 0, 65, 1, 0, 184, 7, 156]
1546589451932;[171, 0, 17, 255, 161, 72, 70, 209, 225, 0, 0, 143, 0, 0, 178, 1, 1, 37, 7, 2]
1546589452101;[171, 0, 17, 255, 161, 72, 70, 209, 225, 0, 0, 144, 0, 0, 135, 1, 0, 188, 6, 184]
1546589452274;[171, 0, 17, 255, 161, 72, 70, 209, 226, 0, 0, 132, 0, 0, 116, 1, 0, 183, 6, 146]
1546589452278;[171, 0, 17, 255, 161, 72, 70, 209, 226, 0, 0, 152, 0, 0, 118, 1, 0, 181, 6, 111]
1546589452446;[171, 0, 17, 255, 161, 72, 70, 209, 226, 0, 0, 141, 0, 0, 116, 1, 0, 181, 6, 79]
1546589452451;[171, 0, 17, 255, 161, 72, 70, 209, 226, 0, 0, 151, 0, 0, 116, 1, 0, 181, 6, 69]
1546589452618;[171, 0, 17, 255, 161, 72, 70, 209, 226, 0, 0, 144, 0, 0, 120, 1, 0, 176, 6, 55]
1546589452622;[171, 0, 17, 255, 161, 72, 70, 209, 226, 0, 0, 145, 0, 0, 116, 1, 0, 181, 6, 46]
1546589453138;[171, 0, 4, 255, 132, 128, 81]
1546589453142;[171, 0, 17, 255, 161, 72, 70, 209, 226, 0, 0, 146, 0, 0, 120, 1, 0, 181, 6, 27]
1546589453146;[171, 0, 17, 255, 161, 72, 70, 209, 226, 0, 0, 146, 0, 0, 112, 1, 0, 180, 6, 29]
1546589453150;[171, 0, 17, 255, 161, 72, 70, 209, 226, 0, 0, 147, 0, 0, 116, 1, 0, 176, 6, 46]
1546589453310;[171, 0, 17, 255, 161, 72, 70, 209, 226, 0, 0, 139, 0, 0, 107, 1, 0, 168, 6, 55]
1546589453314;[171, 0, 17, 255, 161, 72, 70, 209, 227, 0, 0, 151, 0, 0, 110, 1, 0, 187, 6, 63]
1546589453318;[171, 0, 17, 255, 161, 72, 70, 209, 227, 0, 0, 141, 0, 0, 115, 1, 0, 169, 6, 72]
1546589453482;[171, 0, 17, 255, 161, 72, 70, 209, 227, 0, 0, 145, 0, 0, 101, 1, 0, 188, 6, 88]
1546589453652;[171, 0, 17, 255, 161, 72, 70, 209, 227, 0, 0, 154, 0, 0, 116, 1, 0, 167, 6, 86]
1546589453656;[171, 0, 17, 255, 161, 72, 70, 209, 227, 0, 0, 156, 0, 0, 99, 1, 0, 179, 6, 104]
1546589454344;[171, 0, 17, 255, 161, 72, 70, 209, 227, 0, 0, 193, 0, 0, 134, 1, 0, 178, 6, 151]
1546589454349;[171, 0, 4, 255, 132, 128, 82]
1546589454352;[171, 0, 17, 255, 161, 72, 70, 209, 227, 0, 0, 128, 0, 0, 88, 1, 0, 175, 6, 176]
1546589454357;[171, 0, 17, 255, 161, 72, 70, 209, 227, 0, 0, 191, 0, 0, 118, 1, 0, 193, 6, 221]
1546589454516;[171, 0, 17, 255, 161, 72, 70, 209, 227, 0, 0, 116, 0, 0, 96, 1, 0, 158, 6, 239]
1546589454521;[171, 0, 17, 255, 161, 72, 70, 209, 227, 0, 0, 182, 0, 0, 114, 1, 0, 179, 7, 14]
1546589454525;[171, 0, 17, 255, 161, 72, 70, 209, 228, 0, 0, 120, 0, 0, 98, 1, 0, 162, 7, 29]
1546589454529;[171, 0, 17, 255, 161, 72, 70, 209, 228, 0, 0, 173, 0, 0, 101, 1, 0, 187, 7, 52]
1546589454688;[171, 0, 17, 255, 161, 72, 70, 209, 228, 0, 0, 134, 0, 0, 108, 1, 0, 158, 7, 104]
1546589454692;[171, 0, 17, 255, 161, 72, 70, 209, 228, 0, 0, 152, 0, 0, 92, 1, 0, 186, 7, 139]
1546589454860;[171, 0, 17, 255, 161, 72, 70, 209, 228, 0, 0, 161, 0, 0, 121, 1, 0, 168, 7, 172]
1546589454866;[171, 0, 17, 255, 161, 72, 70, 209, 228, 0, 0, 148, 0, 0, 91, 1, 0, 183, 7, 218]
1546589455033;[171, 0, 4, 255, 132, 128, 82]
1546589455037;[171, 0, 17, 255, 161, 72, 70, 209, 228, 0, 0, 208, 0, 0, 141, 1, 0, 184, 7, 247]
1546589455206;[171, 0, 17, 255, 161, 72, 70, 209, 228, 0, 0, 120, 0, 0, 85, 1, 0, 175, 8, 8]
1546589455210;[171, 0, 17, 255, 161, 72, 70, 209, 228, 0, 0, 199, 0, 0, 130, 1, 0, 191, 8, 40]
1546589455552;[171, 0, 17, 255, 161, 72, 70, 209, 228, 0, 0, 124, 0, 0, 85, 1, 0, 175, 8, 64]
1546589455556;[171, 0, 17, 255, 161, 72, 70, 209, 229, 0, 0, 208, 0, 0, 136, 1, 0, 194, 8, 120]
1546589455560;[171, 0, 17, 255, 161, 72, 70, 209, 229, 0, 0, 116, 0, 0, 89, 1, 0, 156, 8, 145]
1546589455897;[171, 0, 17, 255, 161, 72, 70, 209, 229, 0, 0, 166, 0, 0, 101, 1, 0, 169, 8, 191]
1546589455901;[171, 0, 17, 255, 161, 72, 70, 209, 229, 0, 0, 161, 0, 0, 131, 1, 0, 159, 8, 224]
1546589455905;[171, 0, 17, 255, 161, 72, 70, 209, 229, 0, 0, 187, 0, 0, 102, 1, 0, 197, 8, 252]
1546589456068;[171, 0, 17, 255, 161, 72, 70, 209, 229, 0, 0, 123, 0, 0, 104, 1, 0, 151, 9, 29]
1546589456071;[171, 0, 4, 255, 132, 128, 82]
1546589456240;[171, 0, 17, 255, 161, 72, 70, 209, 229, 0, 0, 173, 0, 0, 94, 1, 0, 184, 9, 59]
1546589456244;[171, 0, 17, 255, 161, 72, 70, 209, 229, 0, 0, 153, 0, 0, 107, 1, 0, 158, 9, 122]
1546589456413;[171, 0, 17, 255, 161, 72, 70, 209, 229, 0, 0, 176, 0, 0, 95, 1, 0, 185, 9, 178]
1546589456417;[171, 0, 17, 255, 161, 72, 70, 209, 229, 0, 0, 141, 0, 0, 87, 1, 0, 163, 9, 227]
1546589456759;[171, 0, 17, 255, 161, 72, 70, 209, 230, 0, 0, 181, 0, 0, 97, 1, 0, 162, 10, 28]
1546589456763;[171, 0, 17, 255, 161, 72, 70, 209, 230, 0, 0, 171, 0, 0, 92, 1, 0, 158, 10, 70]
1546589456767;[171, 0, 17, 255, 161, 72, 70, 209, 230, 0, 0, 187, 0, 0, 98, 1, 0, 168, 10, 114]
1546589456932;[171, 0, 17, 255, 161, 72, 70, 209, 230, 0, 0, 171, 0, 0, 91, 1, 0, 157, 10, 153]
1546589456936;[171, 0, 17, 255, 161, 72, 70, 209, 230, 0, 0, 184, 0, 0, 95, 1, 0, 157, 10, 209]
1546589457104;[171, 0, 17, 255, 161, 72, 70, 209, 230, 0, 0, 198, 0, 0, 99, 1, 0, 166, 11, 18]
1546589457107;[171, 0, 4, 255, 132, 128, 83]
1546589457276;[171, 0, 17, 255, 161, 72, 70, 209, 230, 0, 0, 163, 0, 0, 84, 1, 0, 157, 11, 63]
1546589457449;[171, 0, 17, 255, 161, 72, 70, 209, 230, 0, 0, 191, 0, 0, 101, 1, 0, 158, 11, 109]
1546589457452;[171, 0, 17, 255, 161, 72, 70, 209, 230, 0, 0, 157, 0, 0, 85, 1, 0, 167, 11, 158]
1546589457621;[171, 0, 17, 255, 161, 72, 70, 209, 230, 0, 0, 145, 0, 0, 87, 1, 0, 157, 11, 200]
1546589457626;[171, 0, 17, 255, 161, 72, 70, 209, 231, 0, 0, 177, 0, 0, 88, 1, 0, 168, 11, 236]
1546589457966;[171, 0, 17, 255, 161, 72, 70, 209, 231, 0, 0, 151, 0, 0, 84, 1, 0, 146, 12, 41]
1546589457971;[171, 0, 17, 255, 161, 72, 70, 209, 231, 0, 0, 179, 0, 0, 88, 1, 0, 160, 12, 121]
1546589457975;[171, 0, 17, 255, 161, 72, 70, 209, 231, 0, 0, 240, 0, 0, 129, 1, 0, 182, 12, 183]
1546589458140;[171, 0, 17, 255, 161, 72, 70, 209, 231, 0, 0, 171, 0, 0, 86, 1, 0, 170, 13, 20]
1546589458144;[171, 0, 17, 255, 161, 72, 70, 209, 231, 0, 0, 212, 0, 0, 128, 1, 0, 173, 13, 130]
1546589458312;[171, 0, 4, 255, 132, 128, 83]
1546589458316;[171, 0, 17, 255, 161, 72, 70, 209, 231, 0, 0, 143, 0, 0, 93, 1, 0, 157, 13, 195]
1546589458658;[171, 0, 17, 255, 161, 72, 70, 209, 231, 0, 0, 218, 0, 0, 133, 1, 0, 165, 13, 254]
1546589458662;[171, 0, 17, 255, 161, 72, 70, 209, 231, 0, 0, 139, 0, 0, 104, 1, 0, 149, 14, 37]
1546589458666;[171, 0, 17, 255, 161, 72, 70, 209, 231, 0, 0, 177, 0, 0, 120, 1, 0, 193, 14, 116]
1546589458829;[171, 0, 17, 255, 161, 72, 70, 209, 232, 0, 0, 131, 0, 0, 116, 1, 0, 151, 14, 162]
1546589458833;[171, 0, 17, 255, 161, 72, 70, 209, 232, 0, 0, 162, 0, 0, 106, 1, 0, 167, 14, 223]
1546589459001;[171, 0, 17, 255, 161, 72, 70, 209, 232, 0, 0, 161, 0, 0, 137, 1, 0, 140, 15, 9]
1546589459348;[171, 0, 17, 255, 161, 72, 70, 209, 232, 0, 0, 141, 0, 0, 93, 1, 0, 169, 31, 61]
1546589459352;[171, 0, 17, 255, 161, 72, 70, 209, 232, 0, 0, 234, 0, 0, 158, 1, 0, 199, 8, 11]
1546589459357;[171, 0, 17, 255, 161, 72, 70, 209, 232, 0, 0, 143, 0, 0, 97, 1, 0, 168, 8, 66]
1546589459360;[171, 0, 4, 255, 132, 128, 82]
1546589459518;[171, 0, 17, 255, 161, 72, 70, 209, 232, 0, 0, 251, 0, 0, 158, 1, 0, 195, 8, 144]
1546589459522;[171, 0, 17, 255, 161, 72, 70, 209, 232, 0, 0, 113, 0, 0, 101, 1, 0, 158, 8, 232]
1546589459690;[171, 0, 17, 255, 161, 72, 70, 209, 232, 0, 0, 198, 0, 0, 114, 1, 0, 185, 9, 46]
1546589460209;[171, 0, 17, 255, 161, 72, 70, 209, 232, 0, 0, 104, 0, 0, 115, 1, 0, 136, 9, 119]
1546589460214;[171, 0, 17, 255, 161, 72, 70, 209, 233, 0, 0, 209, 0, 0, 117, 1, 0, 197, 9, 181]
1546589460218;[171, 0, 17, 255, 161, 72, 70, 209, 233, 0, 0, 99, 0, 0, 108, 1, 0, 138, 9, 233]
1546589460222;[171, 0, 17, 255, 161, 72, 70, 209, 233, 0, 0, 159, 0, 0, 96, 1, 0, 175, 10, 33]
1546589460551;[171, 0, 17, 255, 161, 72, 70, 209, 233, 0, 0, 125, 0, 0, 121, 1, 0, 122, 10, 124]
1546589460553;[171, 0, 17, 255, 161, 72, 70, 209, 233, 0, 0, 141, 0, 0, 90, 1, 0, 164, 10, 206]
1546589460556;[171, 0, 17, 255, 161, 72, 70, 209, 233, 0, 0, 111, 0, 0, 129, 1, 0, 123, 11, 22]
1546589460558;[171, 0, 4, 255, 132, 128, 82]
1546589460728;[171, 0, 17, 255, 161, 72, 70, 209, 233, 0, 0, 150, 0, 0, 95, 1, 0, 161, 11, 105]
1546589460732;[171, 0, 17, 255, 161, 72, 70, 209, 233, 0, 0, 201, 0, 0, 152, 1, 0, 125, 11, 176]
1546589460736;[171, 0, 17, 255, 161, 72, 70, 209, 233, 0, 0, 130, 0, 0, 98, 1, 0, 157, 11, 176]
1546589461071;[171, 0, 17, 255, 161, 72, 70, 209, 233, 0, 1, 27, 0, 0, 164, 1, 0, 175, 11, 219]
1546589461076;[171, 0, 17, 255, 161, 72, 70, 209, 234, 0, 0, 136, 0, 0, 91, 1, 0, 154, 12, 37]
1546589461079;[171, 0, 17, 255, 161, 72, 70, 209, 234, 0, 1, 12, 0, 0, 168, 1, 0, 149, 12, 126]
1546589461244;[171, 0, 17, 255, 161, 72, 70, 209, 234, 0, 0, 121, 0, 0, 102, 1, 0, 152, 12, 182]
1546589461248;[171, 0, 17, 255, 161, 72, 70, 209, 234, 0, 1, 26, 0, 0, 143, 1, 0, 186, 12, 235]
1546589461416;[171, 0, 17, 255, 161, 72, 70, 209, 234, 0, 0, 108, 0, 0, 115, 1, 0, 153, 13, 42]
1546589461934;[171, 0, 17, 255, 161, 72, 70, 209, 234, 0, 1, 12, 0, 0, 146, 1, 0, 143, 13, 100]
1546589461938;[171, 0, 4, 255, 132, 128, 82]
1546589461942;[171, 0, 17, 255, 161, 72, 70, 209, 234, 0, 0, 128, 0, 0, 104, 1, 0, 153, 13, 137]
1546589461947;[171, 0, 17, 255, 161, 72, 70, 209, 234, 0, 1, 26, 0, 0, 151, 1, 0, 186, 13, 166]
1546589462108;[171, 0, 17, 255, 161, 72, 70, 209, 234, 0, 0, 117, 0, 0, 104, 1, 0, 148, 13, 235]
1546589462112;[171, 0, 17, 255, 161, 72, 70, 209, 234, 0, 0, 211, 0, 0, 113, 1, 0, 186, 14, 3]
1546589462116;[171, 0, 17, 255, 161, 72, 70, 209, 235, 0, 0, 120, 0, 0, 104, 1, 0, 147, 14, 68]
1546589462279;[171, 0, 17, 255, 161, 72, 70, 209, 235, 0, 0, 248, 0, 0, 125, 1, 0, 193, 14, 96]
1546589462283;[171, 0, 17, 255, 161, 72, 70, 209, 235, 0, 0, 111, 0, 0, 109, 1, 0, 139, 14, 153]
1546589462454;[171, 0, 17, 255, 161, 72, 70, 209, 235, 0, 0, 181, 0, 0, 104, 1, 0, 171, 14, 176]
1546589462461;[171, 0, 17, 255, 161, 72, 70, 209, 235, 0, 0, 111, 0, 0, 113, 1, 0, 123, 14, 243]
1546589462623;[171, 0, 17, 255, 161, 72, 70, 209, 235, 0, 0, 214, 0, 0, 113, 1, 0, 186, 15, 10]
1546589462627;[171, 0, 4, 255, 132, 128, 82]
1546589462796;[171, 0, 17, 255, 161, 72, 70, 209, 235, 0, 0, 113, 0, 0, 110, 1, 0, 135, 31, 64]
1546589463315;[171, 0, 17, 255, 161, 72, 70, 209, 235, 0, 0, 171, 0, 0, 101, 1, 0, 158, 7, 213]
1546589463319;[171, 0, 17, 255, 161, 72, 70, 209, 235, 0, 0, 124, 0, 0, 113, 1, 0, 113, 7, 243]
1546589463323;[171, 0, 17, 255, 161, 72, 70, 209, 235, 0, 0, 152, 0, 0, 91, 1, 0, 151, 8, 0]
1546589463327;[171, 0, 17, 255, 161, 72, 70, 209, 236, 0, 0, 116, 0, 0, 109, 1, 0, 135, 8, 31]
1546589463486;[171, 0, 17, 255, 161, 72, 70, 209, 236, 0, 0, 173, 0, 0, 101, 1, 0, 156, 8, 31]
1546589463490;[171, 0, 17, 255, 161, 72, 70, 209, 236, 0, 0, 129, 0, 0, 117, 1, 0, 117, 8, 60]
1546589463494;[171, 0, 17, 255, 161, 72, 70, 209, 236, 0, 0, 152, 0, 0, 93, 1, 0, 146, 8, 68]
1546589463658;[171, 0, 17, 255, 161, 72, 70, 209, 236, 0, 0, 206, 0, 0, 142, 1, 0, 120, 8, 89]
1546589463667;[171, 0, 17, 255, 161, 72, 70, 209, 236, 0, 0, 182, 0, 0, 101, 1, 0, 158, 8, 90]
1546589463830;[171, 0, 4, 255, 132, 128, 83]
1546589463834;[171, 0, 17, 255, 161, 72, 70, 209, 236, 0, 0, 144, 0, 0, 116, 1, 0, 128, 8, 118]
1546589464003;[171, 0, 17, 255, 161, 72, 70, 209, 236, 0, 0, 168, 0, 0, 103, 1, 0, 151, 8, 132]
1546589464007;[171, 0, 17, 255, 161, 72, 70, 209, 236, 0, 0, 167, 0, 0, 125, 1, 0, 125, 8, 140]
1546589464175;[171, 0, 17, 255, 161, 72, 70, 209, 236, 0, 0, 160, 0, 0, 97, 1, 0, 152, 8, 155]
1546589464521;[171, 0, 17, 255, 161, 72, 70, 209, 237, 0, 0, 143, 0, 0, 118, 1, 0, 123, 8, 166]
1546589464525;[171, 0, 17, 255, 161, 72, 70, 209, 237, 0, 0, 165, 0, 0, 96, 1, 0, 145, 8, 152]
1546589464529;[171, 0, 17, 255, 161, 72, 70, 209, 237, 0, 0, 241, 0, 0, 154, 1, 0, 139, 8, 159]
1546589464533;[171, 0, 17, 255, 161, 72, 70, 209, 237, 0, 0, 141, 0, 0, 93, 1, 0, 146, 8, 128]
1546589464693;[171, 0, 17, 255, 161, 72, 70, 209, 237, 0, 1, 4, 0, 0, 142, 1, 0, 183, 8, 122]
1546589464866;[171, 0, 17, 255, 161, 72, 70, 209, 237, 0, 0, 147, 0, 0, 91, 1, 0, 151, 8, 106]
1546589464869;[171, 0, 4, 255, 132, 128, 83]
1546589465038;[171, 0, 17, 255, 161, 72, 70, 209, 237, 0, 1, 27, 0, 0, 151, 1, 0, 167, 8, 114]
1546589465042;[171, 0, 17, 255, 161, 72, 70, 209, 237, 0, 0, 128, 0, 0, 103, 1, 0, 148, 8, 93]
1546589465211;[171, 0, 17, 255, 161, 72, 70, 209, 237, 0, 0, 234, 0, 0, 116, 1, 0, 174, 8, 92]
1546589465215;[171, 0, 17, 255, 161, 72, 70, 209, 237, 0, 0, 108, 0, 0, 108, 1, 0, 130, 8, 96]
1546589465383;[171, 0, 17, 255, 161, 72, 70, 209, 238, 0, 1, 3, 0, 0, 128, 1, 0, 178, 8, 108]
1546589465729;[171, 0, 17, 255, 161, 72, 70, 209, 238, 0, 0, 124, 0, 0, 110, 1, 0, 145, 8, 112]
1546589465734;[171, 0, 17, 255, 161, 72, 70, 209, 238, 0, 0, 211, 0, 0, 107, 1, 0, 163, 8, 106]
1546589465738;[171, 0, 17, 255, 161, 72, 70, 209, 238, 0, 0, 114, 0, 0, 110, 1, 0, 126, 8, 107]
1546589465742;[171, 0, 17, 255, 161, 72, 70, 209, 238, 0, 0, 173, 0, 0, 97, 1, 0, 146, 8, 101]
1546589465901;[171, 0, 17, 255, 161, 72, 70, 209, 238, 0, 0, 116, 0, 0, 107, 1, 0, 138, 8, 107]
1546589466075;[171, 0, 4, 255, 132, 128, 83]
1546589466078;[171, 0, 17, 255, 161, 72, 70, 209, 238, 0, 0, 194, 0, 0, 97, 1, 0, 160, 8, 96]
1546589466246;[171, 0, 17, 255, 161, 72, 70, 209, 238, 0, 0, 121, 0, 0, 113, 1, 0, 121, 8, 110]
1546589466250;[171, 0, 17, 255, 161, 72, 70, 209, 238, 0, 0, 171, 0, 0, 92, 1, 0, 146, 8, 102]
1546589466419;[171, 0, 17, 255, 161, 72, 70, 209, 238, 0, 0, 186, 0, 0, 137, 1, 0, 114, 8, 124]
1546589466423;[171, 0, 17, 255, 161, 72, 70, 209, 239, 0, 0, 176, 0, 0, 95, 1, 0, 148, 8, 111]
1546589466590;[171, 0, 17, 255, 161, 72, 70, 209, 239, 0, 0, 136, 0, 0, 121, 1, 0, 111, 8, 129]
1546589466762;[171, 0, 17, 255, 161, 72, 70, 209, 239, 0, 0, 160, 0, 0, 97, 1, 0, 145, 8, 142]
1546589466767;[171, 0, 17, 255, 161, 72, 70, 209, 239, 0, 0, 228, 0, 0, 151, 1, 0, 114, 8, 162]
1546589467109;[171, 0, 17, 255, 161, 72, 70, 209, 239, 0, 0, 145, 0, 0, 95, 1, 0, 145, 8, 177]
1546589467113;[171, 0, 17, 255, 161, 72, 70, 209, 239, 0, 0, 164, 0, 0, 131, 1, 0, 148, 8, 191]
1546589467117;[171, 0, 4, 255, 132, 128, 83]
1546589467122;[171, 0, 17, 255, 161, 72, 70, 209, 239, 0, 0, 151, 0, 0, 91, 1, 0, 140, 8, 153]
1546589467454;[171, 0, 17, 255, 161, 72, 70, 209, 239, 0, 0, 254, 0, 0, 159, 1, 0, 122, 8, 156]
1546589467458;[171, 0, 17, 255, 161, 72, 70, 209, 239, 0, 0, 150, 0, 0, 100, 1, 0, 145, 8, 123]
1546589467462;[171, 0, 17, 255, 161, 72, 70, 209, 239, 0, 1, 27, 0, 0, 152, 1, 0, 159, 8, 119]
1546589467625;[171, 0, 17, 255, 161, 72, 70, 209, 240, 0, 0, 137, 0, 0, 105, 1, 0, 145, 8, 99]
1546589467629;[171, 0, 17, 255, 161, 72, 70, 209, 240, 0, 1, 8, 0, 0, 153, 1, 0, 137, 8, 109]
1546589467799;[171, 0, 17, 255, 161, 72, 70, 209, 240, 0, 0, 143, 0, 0, 101, 1, 0, 141, 8, 91]
1546589467971;[171, 0, 17, 255, 161, 72, 70, 209, 240, 0, 1, 12, 0, 0, 147, 1, 0, 161, 8, 104]
1546589467975;[171, 0, 17, 255, 161, 72, 70, 209, 240, 0, 0, 139, 0, 0, 108, 1, 0, 140, 8, 96]
1546589468318;[171, 0, 17, 255, 161, 72, 70, 209, 240, 0, 0, 223, 0, 0, 110, 1, 0, 150, 8, 96]
1546589468321;[171, 0, 4, 255, 132, 128, 83]
1546589468326;[171, 0, 17, 255, 161, 72, 70, 209, 240, 0, 0, 156, 0, 0, 105, 1, 0, 145, 8, 109]
1546589468330;[171, 0, 17, 255, 161, 72, 70, 209, 240, 0, 0, 208, 0, 0, 124, 1, 0, 136, 8, 112]
1546589468487;[171, 0, 17, 255, 161, 72, 70, 209, 240, 0, 0, 169, 0, 0, 110, 1, 0, 140, 8, 128]
1546589468835;[171, 0, 17, 255, 161, 72, 70, 209, 240, 0, 0, 185, 0, 0, 120, 1, 0, 141, 8, 128]
1546589468839;[171, 0, 17, 255, 161, 72, 70, 209, 241, 0, 0, 184, 0, 0, 109, 1, 0, 135, 8, 136]
1546589468843;[171, 0, 17, 255, 161, 72, 70, 209, 241, 0, 0, 184, 0, 0, 122, 1, 0, 137, 8, 142]
1546589468847;[171, 0, 17, 255, 161, 72, 70, 209, 241, 0, 0, 184, 0, 0, 121, 1, 0, 140, 8, 143]
1546589469006;[171, 0, 17, 255, 161, 72, 70, 209, 241, 0, 0, 181, 0, 0, 120, 1, 0, 136, 8, 149]
1546589469010;[171, 0, 17, 255, 161, 72, 70, 209, 241, 0, 0, 184, 0, 0, 116, 1, 0, 136, 8, 158]
1546589469178;[171, 0, 17, 255, 161, 72, 70, 209, 241, 0, 0, 181, 0, 0, 112, 1, 0, 136, 8, 155]
1546589469698;[171, 0, 4, 255, 132, 128, 83]
1546589469703;[171, 0, 17, 255, 161, 72, 70, 209, 241, 0, 0, 182, 0, 0, 121, 1, 0, 138, 8, 163]
1546589469706;[171, 0, 17, 255, 161, 72, 70, 209, 241, 0, 0, 184, 0, 0, 121, 1, 0, 145, 8, 173]
1546589469711;[171, 0, 17, 255, 161, 72, 70, 209, 241, 0, 0, 181, 0, 0, 121, 1, 0, 145, 8, 163]
1546589469868;[171, 0, 17, 255, 161, 72, 70, 209, 241, 0, 0, 181, 0, 0, 120, 1, 0, 141, 8, 152]
1546589469872;[171, 0, 17, 255, 161, 72, 70, 209, 242, 0, 0, 184, 0, 0, 120, 1, 0, 145, 8, 153]
1546589469876;[171, 0, 17, 255, 161, 72, 70, 209, 242, 0, 0, 181, 0, 0, 120, 1, 0, 145, 8, 136]
1546589470040;[171, 0, 17, 255, 161, 72, 70, 209, 242, 0, 0, 183, 0, 0, 116, 1, 0, 135, 8, 143]
1546589470044;[171, 0, 17, 255, 161, 72, 70, 209, 242, 0, 0, 183, 0, 0, 119, 1, 0, 137, 8, 147]
1546589470213;[171, 0, 17, 255, 161, 72, 70, 209, 242, 0, 0, 183, 0, 0, 121, 1, 0, 136, 8, 148]
1546589470386;[171, 0, 17, 255, 161, 72, 70, 209, 244, 0, 0, 183, 0, 0, 120, 1, 0, 136, 8, 33]
1546589470558;[171, 0, 17, 255, 161, 72, 70, 209, 244, 0, 0, 183, 0, 0, 121, 1, 0, 136, 8, 11]
1546589470562;[171, 0, 17, 255, 161, 72, 70, 209, 244, 0, 0, 183, 0, 0, 120, 1, 0, 136, 7, 250]
1546589470904;[171, 0, 17, 255, 161, 72, 70, 209, 244, 0, 0, 181, 0, 0, 121, 1, 0, 136, 7, 222]
1546589470908;[171, 0, 17, 255, 161, 72, 70, 209, 245, 0, 0, 181, 0, 0, 121, 1, 0, 136, 7, 207]
1546589470913;[171, 0, 17, 255, 161, 72, 70, 209, 245, 0, 0, 184, 0, 0, 121, 1, 0, 135, 7, 185]
1546589471079;[171, 0, 17, 255, 161, 72, 70, 209, 245, 0, 0, 181, 0, 0, 121, 1, 0, 136, 7, 151]
1546589471248;[171, 0, 17, 255, 161, 72, 70, 209, 245, 0, 0, 184, 0, 0, 124, 1, 0, 135, 7, 123]
1546589471252;[171, 0, 17, 255, 161, 72, 70, 209, 245, 0, 0, 181, 0, 0, 119, 1, 0, 136, 7, 102]
1546589471422;[171, 0, 17, 255, 161, 72, 70, 209, 245, 0, 0, 183, 0, 0, 121, 1, 0, 135, 7, 95]
1546589471426;[171, 0, 4, 255, 132, 128, 83]
1546589471592;[171, 0, 17, 255, 161, 72, 70, 209, 245, 0, 0, 184, 0, 0, 120, 1, 0, 136, 7, 81]
1546589471766;[171, 0, 17, 255, 161, 72, 70, 209, 245, 0, 0, 186, 0, 0, 120, 1, 0, 135, 7, 81]
1546589471770;[171, 0, 17, 255, 161, 72, 70, 209, 245, 0, 0, 183, 0, 0, 121, 1, 0, 133, 7, 79]
1546589472113;[171, 0, 17, 255, 161, 72, 70, 209, 245, 0, 0, 184, 0, 0, 121, 1, 0, 135, 7, 85]
1546589472117;[171, 0, 17, 255, 161, 72, 70, 209, 246, 0, 0, 186, 0, 0, 120, 1, 0, 133, 7, 80]
1546589472121;[171, 0, 17, 255, 161, 72, 70, 209, 246, 0, 0, 185, 0, 0, 114, 1, 0, 135, 7, 79]
1546589472125;[171, 0, 17, 255, 161, 72, 70, 209, 246, 0, 0, 183, 0, 0, 116, 1, 0, 136, 7, 113]
1546589472282;[171, 0, 17, 255, 161, 72, 70, 209, 246, 0, 0, 181, 0, 0, 110, 1, 0, 136, 7, 108]
1546589472456;[171, 0, 17, 255, 161, 72, 70, 209, 246, 0, 0, 184, 0, 0, 111, 1, 0, 136, 7, 80]
1546589472461;[171, 0, 17, 255, 161, 72, 70, 209, 246, 0, 0, 187, 0, 0, 112, 1, 0, 137, 7, 76]
1546589472628;[171, 0, 4, 255, 132, 128, 83]
1546589472632;[171, 0, 17, 255, 161, 72, 70, 209, 246, 0, 0, 185, 0, 0, 111, 1, 0, 135, 7, 60]
1546589472801;[171, 0, 17, 255, 161, 72, 70, 209, 246, 0, 0, 186, 0, 0, 112, 1, 0, 136, 7, 44]
1546589472973;[171, 0, 17, 255, 161, 72, 70, 209, 246, 0, 0, 186, 0, 0, 112, 1, 0, 135, 7, 33]
1546589472977;[171, 0, 17, 255, 161, 72, 70, 209, 246, 0, 0, 186, 0, 0, 112, 1, 0, 137, 7, 37]
1546589473146;[171, 0, 17, 255, 161, 72, 70, 209, 247, 0, 0, 186, 0, 0, 115, 1, 0, 136, 7, 53]
1546589473150;[171, 0, 17, 255, 161, 72, 70, 209, 247, 0, 0, 184, 0, 0, 111, 1, 0, 136, 7, 22]
1546589473491;[171, 0, 17, 255, 161, 72, 70, 209, 247, 0, 0, 184, 0, 0, 112, 1, 0, 136, 7, 31]
1546589473494;[171, 0, 17, 255, 161, 72, 70, 209, 247, 0, 0, 184, 0, 0, 116, 1, 0, 136, 7, 26]
1546589473499;[171, 0, 17, 255, 161, 72, 70, 209, 247, 0, 0, 186, 0, 0, 111, 1, 0, 134, 7, 23]
1546589473663;[171, 0, 17, 255, 161, 72, 70, 209, 247, 0, 0, 179, 0, 0, 105, 1, 0, 140, 7, 117]
1546589473667;[171, 0, 4, 255, 132, 128, 83]
1546589473836;[171, 0, 17, 255, 161, 72, 70, 209, 247, 0, 0, 183, 0, 0, 124, 1, 0, 128, 7, 73]
1546589473841;[171, 0, 17, 255, 161, 72, 70, 209, 247, 0, 0, 207, 0, 0, 121, 1, 0, 127, 7, 20]
1546589474008;[171, 0, 17, 255, 161, 72, 70, 209, 247, 0, 0, 173, 0, 0, 112, 1, 0, 137, 7, 9]
1546589474012;[171, 0, 17, 255, 161, 72, 70, 209, 247, 0, 0, 192, 0, 0, 109, 1, 0, 129, 6, 236]
1546589474180;[171, 0, 17, 255, 161, 72, 70, 209, 248, 0, 0, 178, 0, 0, 116, 1, 0, 145, 7, 5]
1546589474354;[171, 0, 17, 255, 161, 72, 70, 209, 248, 0, 0, 197, 0, 0, 116, 1, 0, 129, 6, 230]
1546589474358;[171, 0, 17, 255, 161, 72, 70, 209, 248, 0, 0, 186, 0, 0, 106, 1, 0, 140, 6, 236]
1546589474700;[171, 0, 17, 255, 161, 72, 70, 209, 248, 0, 0, 186, 0, 0, 124, 1, 0, 130, 6, 240]
1546589474704;[171, 0, 17, 255, 161, 72, 70, 209, 248, 0, 0, 197, 0, 0, 116, 1, 0, 123, 6, 165]
1546589474708;[171, 0, 17, 255, 161, 72, 70, 209, 248, 0, 0, 178, 0, 0, 103, 1, 0, 149, 6, 143]
1546589474870;[171, 0, 4, 255, 132, 128, 83]
1546589474875;[171, 0, 17, 255, 161, 72, 70, 209, 248, 0, 0, 184, 0, 0, 125, 1, 0, 140, 6, 157]
1546589475044;[171, 0, 17, 255, 161, 72, 70, 209, 248, 0, 0, 192, 0, 0, 107, 1, 0, 133, 6, 132]
1546589475048;[171, 0, 17, 255, 161, 72, 70, 209, 248, 0, 0, 172, 0, 0, 128, 1, 0, 140, 6, 157]
1546589475216;[171, 0, 17, 255, 161, 72, 70, 209, 248, 0, 0, 199, 0, 0, 120, 1, 0, 126, 6, 137]
1546589475220;[171, 0, 17, 255, 161, 72, 70, 209, 249, 0, 0, 184, 0, 0, 116, 1, 0, 136, 6, 146]
1546589475388;[171, 0, 17, 255, 161, 72, 70, 209, 249, 0, 0, 189, 0, 0, 121, 1, 0, 125, 6, 138]
1546589475560;[171, 0, 17, 255, 161, 72, 70, 209, 249, 0, 0, 183, 0, 0, 111, 1, 0, 140, 6, 144]
1546589475564;[171, 0, 17, 255, 161, 72, 70, 209, 249, 0, 0, 183, 0, 0, 121, 1, 0, 131, 6, 145]
1546589475734;[171, 0, 17, 255, 161, 72, 70, 209, 249, 0, 0, 187, 0, 0, 120, 1, 0, 135, 6, 127]
1546589475738;[171, 0, 17, 255, 161, 72, 70, 209, 249, 0, 0, 178, 0, 0, 116, 1, 0, 136, 6, 124]
1546589476079;[171, 0, 4, 255, 132, 128, 83]
1546589476084;[171, 0, 17, 255, 161, 72, 70, 209, 249, 0, 0, 187, 0, 0, 121, 1, 0, 131, 6, 84]
1546589476096;[171, 0, 17, 255, 161, 72, 70, 209, 249, 0, 0, 186, 0, 0, 111, 1, 0, 135, 6, 64]
1546589476247;[171, 0, 17, 255, 161, 72, 70, 209, 249, 0, 0, 187, 0, 0, 112, 1, 0, 134, 6, 36]
1546589476251;[171, 0, 17, 255, 161, 72, 70, 209, 249, 0, 0, 191, 0, 0, 116, 1, 0, 129, 6, 31]
1546589476424;[171, 0, 17, 255, 161, 72, 70, 209, 250, 0, 0, 186, 0, 0, 111, 1, 0, 134, 6, 9]
1546589476428;[171, 0, 17, 255, 161, 72, 70, 209, 250, 0, 0, 186, 0, 0, 112, 1, 0, 135, 6, 0]
1546589476595;[171, 0, 17, 255, 161, 72, 70, 209, 250, 0, 0, 187, 0, 0, 116, 1, 0, 133, 5, 248]
1546589476768;[171, 0, 17, 255, 161, 72, 70, 209, 250, 0, 0, 187, 0, 0, 114, 1, 0, 129, 5, 231]
1546589476772;[171, 0, 17, 255, 161, 72, 70, 209, 250, 0, 0, 187, 0, 0, 120, 1, 0, 130, 5, 209]
1546589476941;[171, 0, 17, 255, 161, 72, 70, 209, 250, 0, 0, 186, 0, 0, 112, 1, 0, 129, 5, 207]
1546589476946;[171, 0, 4, 255, 132, 128, 83]
1546589477286;[171, 0, 17, 255, 161, 72, 70, 209, 250, 0, 0, 186, 0, 0, 116, 1, 0, 133, 5, 221]
1546589477291;[171, 0, 17, 255, 161, 72, 70, 209, 250, 0, 0, 191, 0, 0, 116, 1, 0, 131, 5, 202]
1546589477295;[171, 0, 17, 255, 161, 72, 70, 209, 250, 0, 0, 187, 0, 0, 114, 1, 0, 131, 5, 198]
1546589477458;[171, 0, 17, 255, 161, 72, 70, 209, 250, 0, 0, 191, 0, 0, 110, 1, 0, 133, 5, 204]
1546589477462;[171, 0, 17, 255, 161, 72, 70, 209, 251, 0, 0, 196, 0, 0, 109, 1, 0, 134, 5, 233]
1546589477631;[171, 0, 17, 255, 161, 72, 70, 209, 251, 0, 0, 181, 0, 0, 127, 1, 0, 140, 6, 33]
1546589477635;[171, 0, 17, 255, 161, 72, 70, 209, 251, 0, 0, 181, 0, 0, 128, 1, 0, 127, 5, 231]
1546589477803;[171, 0, 17, 255, 161, 72, 70, 209, 251, 0, 0, 201, 0, 0, 106, 1, 0, 128, 5, 149]
1546589477807;[171, 0, 17, 255, 161, 72, 70, 209, 251, 0, 0, 184, 0, 0, 110, 1, 0, 135, 5, 153]
1546589477975;[171, 0, 17, 255, 161, 72, 70, 209, 251, 0, 0, 187, 0, 0, 106, 1, 0, 136, 5, 127]
1546589478148;[171, 0, 4, 255, 132, 128, 82]
1546589478152;[171, 0, 17, 255, 161, 72, 70, 209, 251, 0, 0, 186, 0, 0, 109, 1, 0, 135, 5, 116]
1546589478667;[171, 0, 17, 255, 161, 72, 70, 209, 251, 0, 0, 191, 0, 0, 111, 1, 0, 134, 5, 111]
1546589478672;[171, 0, 17, 255, 161, 72, 70, 209, 251, 0, 0, 186, 0, 0, 107, 1, 0, 133, 5, 121]
1546589478676;[171, 0, 17, 255, 161, 72, 70, 209, 251, 0, 0, 183, 0, 0, 110, 1, 0, 135, 5, 125]
1546589478680;[171, 0, 17, 255, 161, 72, 70, 210, 0, 0, 0, 186, 0, 0, 111, 1, 0, 130, 5, 123]
1546589478839;[171, 0, 17, 255, 161, 72, 70, 210, 0, 0, 0, 186, 0, 0, 122, 1, 0, 129, 5, 99]
1546589478843;[171, 0, 17, 255, 161, 72, 70, 210, 0, 0, 0, 187, 0, 0, 119, 1, 0, 131, 5, 72]
