1546589810220;[171, 0, 17, 255, 161, 72, 70, 211, 94, 0, 0, 181, 0, 0, 140, 1, 0, 124, 11, 87]
1546589810383;[171, 0, 17, 255, 161, 72, 70, 211, 94, 0, 0, 178, 0, 0, 141, 1, 0, 125, 10, 191]
1546589810387;[171, 0, 17, 255, 161, 72, 70, 211, 95, 0, 0, 179, 0, 0, 140, 1, 0, 123, 10, 82]
1546589810555;[171, 0, 17, 255, 161, 72, 70, 211, 95, 0, 0, 183, 0, 0, 141, 1, 0, 122, 10, 101]
1546589810728;[171, 0, 17, 255, 161, 72, 70, 211, 95, 0, 0, 181, 0, 0, 141, 1, 0, 120, 10, 95]
1546589810732;[171, 0, 17, 255, 161, 72, 70, 211, 95, 0, 0, 178, 0, 0, 141, 1, 0, 121, 10, 120]
1546589810901;[171, 0, 17, 255, 161, 72, 70, 211, 95, 0, 0, 178, 0, 0, 141, 1, 0, 123, 10, 38]
1546589810905;[171, 0, 17, 255, 161, 72, 70, 211, 95, 0, 0, 178, 0, 0, 140, 1, 0, 124, 10, 32]
1546589811072;[171, 0, 4, 255, 132, 128, 83]
1546589811419;[171, 0, 17, 255, 161, 72, 70, 211, 95, 0, 0, 181, 0, 0, 140, 1, 0, 123, 10, 132]
1546589811423;[171, 0, 17, 255, 161, 72, 70, 211, 95, 0, 0, 184, 0, 0, 142, 1, 0, 122, 10, 123]
1546589811428;[171, 0, 17, 255, 161, 72, 70, 211, 95, 0, 0, 181, 0, 0, 140, 1, 0, 121, 10, 165]
1546589811432;[171, 0, 17, 255, 161, 72, 70, 211, 95, 0, 0, 183, 0, 0, 141, 1, 0, 123, 10, 142]
1546589811592;[171, 0, 17, 255, 161, 72, 70, 211, 96, 0, 0, 181, 0, 0, 140, 1, 0, 124, 10, 224]
1546589811596;[171, 0, 17, 255, 161, 72, 70, 211, 96, 0, 0, 181, 0, 0, 141, 1, 0, 123, 10, 206]
1546589811762;[171, 0, 17, 255, 161, 72, 70, 211, 96, 0, 0, 183, 0, 0, 140, 1, 0, 121, 10, 186]
1546589811936;[171, 0, 17, 255, 161, 72, 70, 211, 96, 0, 0, 178, 0, 0, 142, 1, 0, 123, 9, 226]
1546589811940;[171, 0, 17, 255, 161, 72, 70, 211, 96, 0, 0, 184, 0, 0, 142, 1, 0, 126, 7, 241]
1546589812109;[171, 0, 17, 255, 161, 72, 70, 211, 96, 0, 0, 184, 0, 0, 145, 1, 0, 123, 6, 18]
1546589812113;[171, 0, 4, 255, 132, 128, 83]
1546589812281;[171, 0, 17, 255, 161, 72, 70, 211, 96, 0, 0, 183, 0, 0, 143, 1, 0, 123, 4, 234]
1546589812626;[171, 0, 17, 255, 161, 72, 70, 211, 96, 0, 0, 183, 0, 0, 143, 1, 0, 122, 4, 131]
1546589814779;[171, 0, 17, 255, 161, 72, 70, 211, 96, 0, 0, 178, 0, 0, 145, 1, 0, 121, 6, 118]
1546589814780;[171, 0, 17, 255, 161, 72, 70, 211, 96, 0, 0, 178, 0, 0, 147, 1, 0, 117, 7, 248]
1546589814782;[171, 0, 17, 255, 161, 72, 70, 211, 97, 0, 0, 184, 0, 0, 145, 1, 0, 121, 9, 173]
1546589814786;[171, 0, 17, 255, 161, 72, 70, 211, 97, 0, 0, 177, 0, 0, 145, 1, 0, 110, 12, 112]
1546589814791;[171, 0, 17, 255, 161, 72, 70, 211, 97, 0, 0, 178, 0, 0, 146, 1, 0, 121, 13, 25]
1546589814793;[171, 0, 17, 255, 161, 72, 70, 211, 97, 0, 0, 179, 0, 0, 148, 1, 0, 120, 14, 175]
1546589814795;[171, 0, 17, 255, 161, 72, 70, 211, 97, 0, 0, 178, 0, 0, 148, 1, 0, 114, 31, 255]
1546589814797;[171, 0, 17, 255, 161, 72, 70, 211, 97, 0, 0, 181, 0, 0, 147, 1, 0, 120, 8, 83]
1546589814805;[171, 0, 4, 255, 132, 128, 83]
1546589814807;[171, 0, 17, 255, 161, 72, 70, 211, 97, 0, 0, 179, 0, 0, 148, 1, 0, 112, 8, 83]
1546589814809;[171, 0, 17, 255, 161, 72, 70, 211, 97, 0, 0, 173, 0, 0, 146, 1, 0, 121, 8, 83]
1546589814811;[171, 0, 17, 255, 161, 72, 70, 211, 97, 0, 0, 178, 0, 0, 148, 1, 0, 120, 8, 139]
1546589814819;[171, 0, 17, 255, 161, 72, 70, 211, 97, 0, 0, 178, 0, 0, 146, 1, 0, 120, 9, 70]
1546589814827;[171, 0, 17, 255, 161, 72, 70, 211, 98, 0, 0, 178, 0, 0, 148, 1, 0, 118, 11, 3]
1546589814828;[171, 0, 17, 255, 161, 72, 70, 211, 98, 0, 0, 173, 0, 0, 148, 1, 0, 120, 11, 3]
1546589814830;[171, 0, 17, 255, 161, 72, 70, 211, 98, 0, 0, 177, 0, 0, 147, 1, 0, 121, 11, 130]
1546589814832;[171, 0, 17, 255, 161, 72, 70, 211, 98, 0, 0, 178, 0, 0, 148, 1, 0, 117, 13, 116]
1546589814834;[171, 0, 17, 255, 161, 72, 70, 211, 98, 0, 0, 181, 0, 0, 146, 1, 0, 120, 13, 19]
1546589814842;[171, 0, 17, 255, 161, 72, 70, 211, 100, 0, 0, 178, 0, 0, 147, 1, 0, 122, 2, 115]
1546589814844;[171, 0, 17, 255, 161, 72, 70, 211, 100, 0, 0, 173, 0, 0, 147, 1, 0, 121, 2, 115]
1546589814846;[171, 0, 17, 255, 161, 72, 70, 211, 100, 0, 0, 177, 0, 0, 146, 1, 0, 120, 2, 90]
1546589814853;[171, 0, 17, 255, 161, 72, 70, 211, 100, 0, 0, 178, 0, 0, 147, 1, 0, 121, 3, 133]
1546589814867;[171, 0, 17, 255, 161, 72, 70, 211, 101, 0, 0, 167, 0, 0, 152, 1, 0, 119, 3, 133]
1546589815216;[171, 0, 17, 255, 161, 72, 70, 211, 101, 0, 0, 178, 0, 0, 147, 1, 0, 121, 3, 133]
1546589815223;[171, 0, 17, 255, 161, 72, 70, 211, 101, 0, 0, 167, 0, 0, 147, 1, 0, 121, 3, 133]
1546589815228;[171, 0, 17, 255, 161, 72, 70, 211, 101, 0, 0, 178, 0, 0, 147, 1, 0, 120, 3, 133]
1546589815229;[171, 0, 17, 255, 161, 72, 70, 211, 101, 0, 0, 183, 0, 0, 145, 1, 0, 120, 2, 96]
1546589815386;[171, 0, 17, 255, 161, 72, 70, 211, 101, 0, 0, 178, 0, 0, 146, 1, 0, 121, 2, 39]
1546589815390;[171, 0, 4, 255, 132, 128, 82]
1546589815558;[171, 0, 17, 255, 161, 72, 70, 211, 101, 0, 0, 179, 0, 0, 147, 1, 0, 122, 2, 81]
1546589815731;[171, 0, 17, 255, 161, 72, 70, 211, 101, 0, 0, 176, 0, 0, 145, 1, 0, 123, 2, 63]
1546589815735;[171, 0, 17, 255, 161, 72, 70, 211, 101, 0, 0, 171, 0, 0, 145, 1, 0, 125, 1, 79]
1546589815903;[171, 0, 17, 255, 161, 72, 70, 211, 101, 0, 0, 181, 0, 0, 147, 1, 0, 124, 1, 79]
1546589815907;[171, 0, 17, 255, 161, 72, 70, 211, 102, 0, 0, 178, 0, 0, 147, 1, 0, 122, 0, 232]
1546589816075;[171, 0, 17, 255, 161, 72, 70, 211, 102, 0, 0, 177, 0, 0, 148, 1, 0, 121, 16, 186]
1546589816595;[171, 0, 17, 255, 161, 72, 70, 211, 102, 0, 0, 167, 0, 0, 147, 1, 0, 119, 7, 182]
1546589816599;[171, 0, 17, 255, 161, 72, 70, 211, 102, 0, 0, 178, 0, 0, 148, 1, 0, 119, 7, 238]
1546589816603;[171, 0, 17, 255, 161, 72, 70, 211, 102, 0, 0, 178, 0, 0, 148, 1, 0, 120, 8, 15]
1546589816607;[171, 0, 17, 255, 161, 72, 70, 211, 102, 0, 0, 177, 0, 0, 148, 1, 0, 115, 8, 44]
1546589816766;[171, 0, 4, 255, 132, 128, 82]
1546589816770;[171, 0, 17, 255, 161, 72, 70, 211, 102, 0, 0, 178, 0, 0, 152, 1, 0, 115, 8, 116]
1546589816774;[171, 0, 17, 255, 161, 72, 70, 211, 102, 0, 0, 177, 0, 0, 148, 1, 0, 117, 8, 145]
1546589816938;[171, 0, 17, 255, 161, 72, 70, 211, 102, 0, 0, 173, 0, 0, 150, 1, 0, 112, 9, 63]
1546589816941;[171, 0, 17, 255, 161, 72, 70, 211, 102, 0, 0, 178, 0, 0, 148, 1, 0, 114, 9, 229]
1546589817111;[171, 0, 17, 255, 161, 72, 70, 211, 103, 0, 0, 177, 0, 0, 154, 1, 0, 117, 10, 20]
1546589817115;[171, 0, 17, 255, 161, 72, 70, 211, 103, 0, 0, 177, 0, 0, 154, 1, 0, 111, 9, 255]
1546589817283;[171, 0, 17, 255, 161, 72, 70, 211, 103, 0, 0, 167, 0, 0, 157, 1, 0, 114, 10, 136]
1546589817287;[171, 0, 17, 255, 161, 72, 70, 211, 103, 0, 0, 176, 0, 0, 152, 1, 0, 110, 13, 207]
1546589817455;[171, 0, 17, 255, 161, 72, 70, 211, 103, 0, 0, 173, 0, 0, 156, 1, 0, 112, 13, 207]
1546589817803;[171, 0, 17, 255, 161, 72, 70, 211, 103, 0, 0, 177, 0, 0, 157, 1, 0, 106, 13, 207]
1546589817807;[171, 0, 4, 255, 132, 128, 83]
1546589817811;[171, 0, 17, 255, 161, 72, 70, 211, 103, 0, 0, 178, 0, 0, 152, 1, 0, 117, 11, 161]
1546589817816;[171, 0, 17, 255, 161, 72, 70, 211, 103, 0, 0, 179, 0, 0, 157, 1, 0, 118, 31, 255]
1546589817973;[171, 0, 17, 255, 161, 72, 70, 211, 103, 0, 0, 167, 0, 0, 160, 1, 0, 115, 8, 121]
1546589818146;[171, 0, 17, 255, 161, 72, 70, 211, 103, 0, 0, 166, 0, 0, 160, 1, 0, 118, 8, 121]
1546589818150;[171, 0, 17, 255, 161, 72, 70, 211, 104, 0, 0, 166, 0, 0, 156, 1, 0, 118, 5, 177]
1546589818319;[171, 0, 17, 255, 161, 72, 70, 211, 104, 0, 0, 166, 0, 0, 158, 1, 0, 115, 4, 147]
1546589818323;[171, 0, 17, 255, 161, 72, 70, 211, 104, 0, 0, 167, 0, 0, 163, 1, 0, 114, 6, 18]
1546589818489;[171, 0, 17, 255, 161, 72, 70, 211, 104, 0, 0, 173, 0, 0, 160, 1, 0, 113, 6, 136]
1546589818492;[171, 0, 17, 255, 161, 72, 70, 211, 104, 0, 0, 167, 0, 0, 156, 1, 0, 115, 5, 219]
1546589818665;[171, 0, 17, 255, 161, 72, 70, 211, 104, 0, 0, 166, 0, 0, 158, 1, 0, 113, 7, 66]
1546589819010;[171, 0, 4, 255, 132, 128, 83]
1546589819015;[171, 0, 17, 255, 161, 72, 70, 211, 104, 0, 0, 173, 0, 0, 163, 1, 0, 110, 9, 12]
1546589819019;[171, 0, 17, 255, 161, 72, 70, 211, 104, 0, 0, 167, 0, 0, 157, 1, 0, 112, 8, 40]
1546589819023;[171, 0, 17, 255, 161, 72, 70, 211, 104, 0, 0, 171, 0, 0, 158, 1, 0, 111, 7, 197]
1546589819180;[171, 0, 17, 255, 161, 72, 70, 211, 104, 0, 0, 173, 0, 0, 166, 1, 0, 107, 8, 61]
1546589819354;[171, 0, 17, 255, 161, 72, 70, 211, 105, 0, 0, 173, 0, 0, 175, 1, 0, 101, 12, 162]
1546589819358;[171, 0, 17, 255, 161, 72, 70, 211, 105, 0, 0, 121, 0, 0, 128, 1, 0, 163, 12, 162]
1546589819526;[171, 0, 17, 255, 161, 72, 70, 211, 105, 0, 0, 169, 0, 0, 174, 1, 0, 128, 12, 162]
1546589819530;[171, 0, 17, 255, 161, 72, 70, 211, 105, 0, 0, 156, 0, 0, 215, 1, 0, 92, 12, 162]
1546589819698;[171, 0, 17, 255, 161, 72, 70, 211, 105, 0, 0, 141, 0, 0, 134, 1, 0, 140, 12, 162]
1546589819702;[171, 0, 17, 255, 161, 72, 70, 211, 105, 0, 0, 163, 0, 0, 166, 1, 0, 155, 12, 162]
1546589819870;[171, 0, 4, 255, 132, 128, 83]
1546589820043;[171, 0, 17, 255, 161, 72, 70, 211, 105, 0, 0, 90, 0, 0, 132, 1, 0, 126, 12, 162]
1546589820047;[171, 0, 17, 255, 161, 72, 70, 211, 105, 0, 0, 151, 0, 0, 163, 1, 0, 161, 12, 162]
1546589820390;[171, 0, 17, 255, 161, 72, 70, 211, 105, 0, 0, 116, 0, 0, 142, 1, 0, 98, 12, 162]
1546589820394;[171, 0, 17, 255, 161, 72, 70, 211, 105, 0, 0, 114, 0, 0, 150, 1, 0, 171, 12, 162]
1546589820398;[171, 0, 17, 255, 161, 72, 70, 211, 106, 0, 0, 246, 0, 0, 190, 1, 0, 125, 12, 231]
1546589820403;[171, 0, 17, 255, 161, 72, 70, 211, 106, 0, 0, 68, 0, 0, 158, 1, 0, 114, 13, 14]
1546589820560;[171, 0, 17, 255, 161, 72, 70, 211, 106, 0, 1, 5, 0, 0, 229, 1, 0, 104, 13, 7]
1546589820733;[171, 0, 17, 255, 161, 72, 70, 211, 106, 0, 0, 83, 0, 0, 130, 1, 0, 128, 12, 255]
1546589820737;[171, 0, 17, 255, 161, 72, 70, 211, 106, 0, 0, 238, 0, 0, 187, 1, 0, 161, 13, 24]
1546589820906;[171, 0, 17, 255, 161, 72, 70, 211, 106, 0, 0, 68, 0, 0, 164, 1, 0, 93, 13, 6]
1546589820910;[171, 0, 4, 255, 132, 128, 83]
1546589821078;[171, 0, 17, 255, 161, 72, 70, 211, 106, 0, 0, 152, 0, 0, 146, 1, 0, 156, 13, 14]
1546589821251;[171, 0, 17, 255, 161, 72, 70, 211, 106, 0, 0, 62, 0, 0, 169, 1, 0, 91, 12, 255]
1546589821255;[171, 0, 17, 255, 161, 72, 70, 211, 106, 0, 0, 139, 0, 0, 158, 1, 0, 169, 12, 255]
1546589821598;[171, 0, 17, 255, 161, 72, 70, 211, 106, 0, 0, 151, 0, 0, 173, 1, 0, 71, 12, 255]
1546589821602;[171, 0, 17, 255, 161, 72, 70, 211, 107, 0, 0, 108, 0, 0, 146, 1, 0, 140, 12, 249]
1546589821606;[171, 0, 17, 255, 161, 72, 70, 211, 107, 0, 1, 8, 0, 0, 215, 1, 0, 115, 13, 1]
1546589821610;[171, 0, 17, 255, 161, 72, 70, 211, 107, 0, 0, 121, 0, 0, 152, 1, 0, 128, 12, 250]
1546589821767;[171, 0, 17, 255, 161, 72, 70, 211, 107, 0, 1, 8, 0, 0, 231, 1, 0, 95, 12, 236]
1546589821940;[171, 0, 17, 255, 161, 72, 70, 211, 107, 0, 0, 88, 0, 0, 146, 1, 0, 140, 12, 238]
1546589821944;[171, 0, 17, 255, 161, 72, 70, 211, 107, 0, 0, 218, 0, 0, 201, 1, 0, 158, 13, 3]
1546589822114;[171, 0, 4, 255, 132, 128, 83]
1546589822118;[171, 0, 17, 255, 161, 72, 70, 211, 107, 0, 0, 75, 0, 0, 163, 1, 0, 103, 13, 9]
1546589822286;[171, 0, 17, 255, 161, 72, 70, 211, 107, 0, 0, 229, 0, 0, 200, 1, 0, 150, 13, 10]
1546589822290;[171, 0, 17, 255, 161, 72, 70, 211, 107, 0, 0, 83, 0, 0, 167, 1, 0, 111, 13, 19]
1546589822458;[171, 0, 17, 255, 161, 72, 70, 211, 107, 0, 0, 156, 0, 0, 165, 1, 0, 140, 13, 13]
1546589822978;[171, 0, 17, 255, 161, 72, 70, 211, 108, 0, 0, 123, 0, 0, 169, 1, 0, 98, 13, 7]
1546589822983;[171, 0, 17, 255, 161, 72, 70, 211, 108, 0, 0, 134, 0, 0, 157, 1, 0, 129, 13, 4]
1546589822987;[171, 0, 17, 255, 161, 72, 70, 211, 108, 0, 0, 140, 0, 0, 182, 1, 0, 97, 13, 17]
1546589822991;[171, 0, 17, 255, 161, 72, 70, 211, 108, 0, 0, 134, 0, 0, 157, 1, 0, 128, 13, 21]
1546589823150;[171, 0, 17, 255, 161, 72, 70, 211, 108, 0, 0, 223, 0, 0, 205, 1, 0, 112, 13, 9]
1546589823154;[171, 0, 17, 255, 161, 72, 70, 211, 108, 0, 0, 109, 0, 0, 148, 1, 0, 130, 13, 18]
1546589823158;[171, 0, 4, 255, 132, 128, 83]
1546589823321;[171, 0, 17, 255, 161, 72, 70, 211, 108, 0, 0, 217, 0, 0, 191, 1, 0, 146, 13, 17]
1546589823324;[171, 0, 17, 255, 161, 72, 70, 211, 108, 0, 0, 110, 0, 0, 156, 1, 0, 127, 13, 18]
1546589823491;[171, 0, 17, 255, 161, 72, 70, 211, 108, 0, 0, 220, 0, 0, 186, 1, 0, 147, 13, 12]
1546589823495;[171, 0, 17, 255, 161, 72, 70, 211, 108, 0, 0, 84, 0, 0, 165, 1, 0, 114, 13, 18]
1546589823665;[171, 0, 17, 255, 161, 72, 70, 211, 109, 0, 0, 155, 0, 0, 157, 1, 0, 134, 13, 10]
1546589823837;[171, 0, 17, 255, 161, 72, 70, 211, 109, 0, 0, 143, 0, 0, 176, 1, 0, 103, 13, 22]
1546589823841;[171, 0, 17, 255, 161, 72, 70, 211, 109, 0, 0, 168, 0, 0, 170, 1, 0, 126, 13, 27]
1546589824185;[171, 0, 17, 255, 161, 72, 70, 211, 109, 0, 0, 128, 0, 0, 174, 1, 0, 108, 13, 33]
1546589824189;[171, 0, 17, 255, 161, 72, 70, 211, 109, 0, 0, 161, 0, 0, 172, 1, 0, 125, 13, 40]
1546589824193;[171, 0, 17, 255, 161, 72, 70, 211, 109, 0, 0, 136, 0, 0, 175, 1, 0, 121, 13, 42]
1546589824197;[171, 0, 4, 255, 132, 128, 83]
1546589824356;[171, 0, 17, 255, 161, 72, 70, 211, 109, 0, 0, 156, 0, 0, 168, 1, 0, 122, 13, 51]
1546589824529;[171, 0, 17, 255, 161, 72, 70, 211, 109, 0, 0, 126, 0, 0, 169, 1, 0, 118, 13, 54]
1546589824533;[171, 0, 17, 255, 161, 72, 70, 211, 109, 0, 0, 147, 0, 0, 162, 1, 0, 120, 13, 62]
1546589824700;[171, 0, 17, 255, 161, 72, 70, 211, 109, 0, 0, 161, 0, 0, 185, 1, 0, 111, 13, 66]
1546589824705;[171, 0, 17, 255, 161, 72, 70, 211, 110, 0, 0, 143, 0, 0, 160, 1, 0, 125, 13, 71]
1546589824872;[171, 0, 17, 255, 161, 72, 70, 211, 110, 0, 0, 181, 0, 0, 192, 1, 0, 126, 13, 82]
1546589825047;[171, 0, 17, 255, 161, 72, 70, 211, 110, 0, 0, 146, 0, 0, 165, 1, 0, 121, 13, 87]
1546589825051;[171, 0, 17, 255, 161, 72, 70, 211, 110, 0, 0, 173, 0, 0, 177, 1, 0, 135, 13, 81]
1546589825565;[171, 0, 17, 255, 161, 72, 70, 211, 110, 0, 0, 114, 0, 0, 160, 1, 0, 118, 13, 81]
1546589825569;[171, 0, 17, 255, 161, 72, 70, 211, 110, 0, 0, 157, 0, 0, 167, 1, 0, 125, 13, 68]
1546589825573;[171, 0, 4, 255, 132, 128, 83]
1546589825577;[171, 0, 17, 255, 161, 72, 70, 211, 110, 0, 0, 144, 0, 0, 187, 1, 0, 111, 13, 77]
1546589825736;[171, 0, 17, 255, 161, 72, 70, 211, 110, 0, 0, 159, 0, 0, 169, 1, 0, 123, 13, 85]
1546589825740;[171, 0, 17, 255, 161, 72, 70, 211, 110, 0, 0, 133, 0, 0, 177, 1, 0, 119, 13, 82]
1546589825744;[171, 0, 17, 255, 161, 72, 70, 211, 110, 0, 0, 145, 0, 0, 164, 1, 0, 124, 13, 83]
1546589825909;[171, 0, 17, 255, 161, 72, 70, 211, 111, 0, 0, 181, 0, 0, 195, 1, 0, 128, 13, 92]
1546589825912;[171, 0, 17, 255, 161, 72, 70, 211, 111, 0, 0, 128, 0, 0, 158, 1, 0, 121, 13, 87]
1546589826080;[171, 0, 17, 255, 161, 72, 70, 211, 111, 0, 0, 181, 0, 0, 190, 1, 0, 131, 13, 97]
1546589826252;[171, 0, 17, 255, 161, 72, 70, 211, 111, 0, 0, 123, 0, 0, 160, 1, 0, 121, 13, 88]
1546589826256;[171, 0, 17, 255, 161, 72, 70, 211, 111, 0, 0, 160, 0, 0, 164, 1, 0, 125, 13, 92]
1546589826425;[171, 0, 17, 255, 161, 72, 70, 211, 111, 0, 0, 134, 0, 0, 182, 1, 0, 120, 13, 97]
1546589826429;[171, 0, 4, 255, 132, 128, 83]
1546589826771;[171, 0, 17, 255, 161, 72, 70, 211, 111, 0, 0, 160, 0, 0, 169, 1, 0, 124, 13, 87]
1546589826775;[171, 0, 17, 255, 161, 72, 70, 211, 111, 0, 0, 139, 0, 0, 176, 1, 0, 124, 13, 88]
1546589826779;[171, 0, 17, 255, 161, 72, 70, 211, 111, 0, 0, 166, 0, 0, 170, 1, 0, 125, 13, 94]
1546589826943;[171, 0, 17, 255, 161, 72, 70, 211, 111, 0, 0, 139, 0, 0, 164, 1, 0, 123, 13, 99]
1546589826947;[171, 0, 17, 255, 161, 72, 70, 211, 112, 0, 0, 173, 0, 0, 183, 1, 0, 123, 13, 109]
1546589827118;[171, 0, 17, 255, 161, 72, 70, 211, 112, 0, 0, 135, 0, 0, 160, 1, 0, 121, 13, 104]
1546589827122;[171, 0, 17, 255, 161, 72, 70, 211, 112, 0, 0, 162, 0, 0, 173, 1, 0, 131, 13, 126]
1546589827289;[171, 0, 17, 255, 161, 72, 70, 211, 112, 0, 0, 141, 0, 0, 170, 1, 0, 122, 13, 132]
1546589827293;[171, 0, 17, 255, 161, 72, 70, 211, 112, 0, 0, 164, 0, 0, 172, 1, 0, 124, 13, 158]
1546589827634;[171, 0, 17, 255, 161, 72, 70, 211, 112, 0, 0, 143, 0, 0, 169, 1, 0, 124, 13, 169]
1546589827639;[171, 0, 4, 255, 132, 128, 83]
1546589827669;[171, 0, 17, 255, 161, 72, 70, 211, 112, 0, 0, 152, 0, 0, 179, 1, 0, 109, 14, 50]
1546589827979;[171, 0, 17, 255, 161, 72, 70, 211, 112, 0, 0, 179, 0, 0, 128, 1, 0, 131, 13, 30]
1546589827983;[171, 0, 17, 255, 161, 72, 70, 211, 112, 0, 0, 165, 0, 0, 157, 1, 0, 123, 13, 30]
1546589827988;[171, 0, 17, 255, 161, 72, 70, 211, 112, 0, 0, 178, 0, 0, 146, 1, 0, 121, 13, 30]
1546589828151;[171, 0, 17, 255, 161, 72, 70, 211, 113, 0, 0, 179, 0, 0, 157, 1, 0, 120, 13, 30]
1546589828155;[171, 0, 17, 255, 161, 72, 70, 211, 113, 0, 0, 166, 0, 0, 152, 1, 0, 111, 13, 30]
1546589828324;[171, 0, 17, 255, 161, 72, 70, 211, 113, 0, 0, 167, 0, 0, 145, 1, 0, 126, 13, 30]
1546589828328;[171, 0, 17, 255, 161, 72, 70, 211, 113, 0, 0, 184, 0, 0, 157, 1, 0, 131, 31, 255]
1546589828495;[171, 0, 17, 255, 161, 72, 70, 211, 113, 0, 0, 161, 0, 0, 146, 1, 0, 117, 11, 70]
1546589828499;[171, 0, 17, 255, 161, 72, 70, 211, 113, 0, 0, 186, 0, 0, 148, 1, 0, 119, 11, 6]
1546589828668;[171, 0, 4, 255, 132, 128, 83]
1546589828842;[171, 0, 17, 255, 161, 72, 70, 211, 113, 0, 0, 165, 0, 0, 143, 1, 0, 125, 6, 142]
1546589828845;[171, 0, 17, 255, 161, 72, 70, 211, 113, 0, 0, 156, 0, 0, 142, 1, 0, 120, 31, 255]
1546589829013;[171, 0, 17, 255, 161, 72, 70, 211, 113, 0, 0, 171, 0, 0, 129, 1, 0, 123, 16, 0]
1546589829017;[171, 0, 17, 255, 161, 72, 70, 211, 113, 0, 0, 221, 0, 0, 176, 1, 0, 128, 6, 53]
1546589829359;[171, 0, 17, 255, 161, 72, 70, 211, 114, 0, 0, 146, 0, 0, 134, 1, 0, 123, 6, 53]
1546589829363;[171, 0, 17, 255, 161, 72, 70, 211, 114, 0, 0, 215, 0, 0, 152, 1, 0, 121, 6, 53]
1546589829367;[171, 0, 17, 255, 161, 72, 70, 211, 114, 0, 0, 152, 0, 0, 130, 1, 0, 129, 6, 53]
1546589829531;[171, 0, 17, 255, 161, 72, 70, 211, 114, 0, 0, 185, 0, 0, 146, 1, 0, 125, 6, 53]
1546589829535;[171, 0, 17, 255, 161, 72, 70, 211, 114, 0, 0, 145, 0, 0, 142, 1, 0, 115, 6, 53]
1546589829704;[171, 0, 17, 255, 161, 72, 70, 211, 114, 0, 0, 200, 0, 0, 149, 1, 0, 124, 6, 53]
1546589829708;[171, 0, 4, 255, 132, 128, 83]
1546589829876;[171, 0, 17, 255, 161, 72, 70, 211, 114, 0, 0, 149, 0, 0, 143, 1, 0, 123, 10, 153]
1546589830049;[171, 0, 17, 255, 161, 72, 70, 211, 114, 0, 0, 178, 0, 0, 145, 1, 0, 121, 16, 185]
1546589830054;[171, 0, 17, 255, 161, 72, 70, 211, 114, 0, 0, 162, 0, 0, 143, 1, 0, 119, 7, 208]
1546589830222;[171, 0, 17, 255, 161, 72, 70, 211, 114, 0, 0, 183, 0, 0, 143, 1, 0, 121, 7, 208]
1546589830226;[171, 0, 17, 255, 161, 72, 70, 211, 115, 0, 0, 166, 0, 0, 145, 1, 0, 121, 14, 48]
1546589830567;[171, 0, 17, 255, 161, 72, 70, 211, 115, 0, 0, 184, 0, 0, 146, 1, 0, 123, 9, 227]
1546589830571;[171, 0, 17, 255, 161, 72, 70, 211, 115, 0, 0, 161, 0, 0, 140, 1, 0, 123, 14, 224]
1546589830575;[171, 0, 17, 255, 161, 72, 70, 211, 115, 0, 0, 181, 0, 0, 145, 1, 0, 121, 12, 147]
1546589830740;[171, 0, 17, 255, 161, 72, 70, 211, 115, 0, 0, 181, 0, 0, 145, 1, 0, 125, 6, 111]
1546589830743;[171, 0, 17, 255, 161, 72, 70, 211, 115, 0, 0, 179, 0, 0, 148, 1, 0, 120, 4, 233]
1546589830911;[171, 0, 4, 255, 132, 128, 83]
1546589830915;[171, 0, 17, 255, 161, 72, 70, 211, 115, 0, 0, 173, 0, 0, 143, 1, 0, 121, 4, 233]
1546589831083;[171, 0, 17, 255, 161, 72, 70, 211, 115, 0, 0, 178, 0, 0, 144, 1, 0, 120, 6, 99]
1546589831087;[171, 0, 17, 255, 161, 72, 70, 211, 115, 0, 0, 179, 0, 0, 146, 1, 0, 121, 3, 206]
1546589831255;[171, 0, 17, 255, 161, 72, 70, 211, 115, 0, 0, 182, 0, 0, 148, 1, 0, 120, 7, 18]
1546589831430;[171, 0, 17, 255, 161, 72, 70, 211, 116, 0, 0, 165, 0, 0, 146, 1, 0, 112, 7, 18]
1546589831434;[171, 0, 17, 255, 161, 72, 70, 211, 116, 0, 0, 178, 0, 0, 143, 1, 0, 124, 7, 18]
1546589831949;[171, 0, 17, 255, 161, 72, 70, 211, 116, 0, 0, 191, 0, 0, 146, 1, 0, 118, 31, 255]
1546589831954;[171, 0, 17, 255, 161, 72, 70, 211, 116, 0, 0, 173, 0, 0, 142, 1, 0, 122, 16, 0]
1546589831958;[171, 0, 17, 255, 161, 72, 70, 211, 116, 0, 0, 193, 0, 0, 163, 1, 0, 118, 31, 255]
1546589831961;[171, 0, 17, 255, 161, 72, 70, 211, 116, 0, 0, 169, 0, 0, 135, 1, 0, 124, 16, 0]
1546589832119;[171, 0, 4, 255, 132, 128, 83]
1546589832123;[171, 0, 17, 255, 161, 72, 70, 211, 116, 0, 0, 201, 0, 0, 160, 1, 0, 120, 12, 184]
1546589832128;[171, 0, 17, 255, 161, 72, 70, 211, 116, 0, 0, 152, 0, 0, 130, 1, 0, 122, 6, 26]
1546589832290;[171, 0, 17, 255, 161, 72, 70, 211, 116, 0, 0, 173, 0, 0, 146, 1, 0, 125, 6, 26]
1546589832294;[171, 0, 17, 255, 161, 72, 70, 211, 116, 0, 0, 171, 0, 0, 147, 1, 0, 118, 6, 26]
1546589832463;[171, 0, 17, 255, 161, 72, 70, 211, 117, 0, 0, 173, 0, 0, 141, 1, 0, 121, 6, 26]
1546589832637;[171, 0, 17, 255, 161, 72, 70, 211, 117, 0, 0, 191, 0, 0, 160, 1, 0, 112, 6, 26]
1546589832641;[171, 0, 17, 255, 161, 72, 70, 211, 117, 0, 0, 169, 0, 0, 130, 1, 0, 125, 6, 26]
1546589832809;[171, 0, 17, 255, 161, 72, 70, 211, 117, 0, 0, 189, 0, 0, 160, 1, 0, 115, 6, 26]
1546589832813;[171, 0, 17, 255, 161, 72, 70, 211, 117, 0, 0, 173, 0, 0, 135, 1, 0, 123, 16, 0]
1546589833156;[171, 0, 17, 255, 161, 72, 70, 211, 117, 0, 0, 209, 0, 0, 163, 1, 0, 122, 13, 165]
1546589833159;[171, 0, 4, 255, 132, 128, 85]
1546589833163;[171, 0, 17, 255, 161, 72, 70, 211, 117, 0, 0, 155, 0, 0, 134, 1, 0, 123, 8, 175]
1546589833326;[171, 0, 17, 255, 161, 72, 70, 211, 117, 0, 0, 195, 0, 0, 146, 1, 0, 123, 9, 19]
1546589833330;[171, 0, 17, 255, 161, 72, 70, 211, 117, 0, 0, 160, 0, 0, 129, 1, 0, 125, 11, 5]
1546589833498;[171, 0, 17, 255, 161, 72, 70, 211, 117, 0, 0, 185, 0, 0, 146, 1, 0, 121, 5, 143]
1546589833502;[171, 0, 17, 255, 161, 72, 70, 211, 118, 0, 0, 150, 0, 0, 144, 1, 0, 108, 5, 143]
1546589833671;[171, 0, 17, 255, 161, 72, 70, 211, 118, 0, 0, 179, 0, 0, 135, 1, 0, 123, 5, 143]
1546589833844;[171, 0, 17, 255, 161, 72, 70, 211, 118, 0, 0, 208, 0, 0, 169, 1, 0, 119, 5, 143]
1546589833849;[171, 0, 17, 255, 161, 72, 70, 211, 118, 0, 0, 173, 0, 0, 130, 1, 0, 125, 5, 143]
1546589834017;[171, 0, 17, 255, 161, 72, 70, 211, 118, 0, 0, 176, 0, 0, 147, 1, 0, 109, 5, 143]
1546589834021;[171, 0, 17, 255, 161, 72, 70, 211, 118, 0, 0, 171, 0, 0, 130, 1, 0, 125, 16, 0]
1546589834362;[171, 0, 4, 255, 132, 128, 88]
1546589834367;[171, 0, 17, 255, 161, 72, 70, 211, 118, 0, 0, 219, 0, 0, 167, 1, 0, 121, 8, 121]
1546589834371;[171, 0, 17, 255, 161, 72, 70, 211, 118, 0, 0, 151, 0, 0, 129, 1, 0, 125, 2, 47]
1546589834532;[171, 0, 17, 255, 161, 72, 70, 211, 118, 0, 0, 201, 0, 0, 165, 1, 0, 111, 7, 173]
1546589834535;[171, 0, 17, 255, 161, 72, 70, 211, 118, 0, 0, 161, 0, 0, 130, 1, 0, 124, 4, 117]
1546589834706;[171, 0, 17, 255, 161, 72, 70, 211, 119, 0, 0, 203, 0, 0, 152, 1, 0, 122, 4, 191]
1546589834710;[171, 0, 17, 255, 161, 72, 70, 211, 119, 0, 0, 146, 0, 0, 130, 1, 0, 115, 7, 214]
1546589834878;[171, 0, 17, 255, 161, 72, 70, 211, 119, 0, 0, 203, 0, 0, 146, 1, 0, 120, 4, 202]
1546589835051;[171, 0, 17, 255, 161, 72, 70, 211, 119, 0, 0, 151, 0, 0, 130, 1, 0, 123, 9, 6]
1546589835055;[171, 0, 17, 255, 161, 72, 70, 211, 119, 0, 0, 191, 0, 0, 146, 1, 0, 122, 16, 90]
1546589835397;[171, 0, 17, 255, 161, 72, 70, 211, 119, 0, 0, 142, 0, 0, 142, 1, 0, 107, 31, 255]
1546589835400;[171, 0, 4, 255, 132, 128, 89]
1546589835405;[171, 0, 17, 255, 161, 72, 70, 211, 119, 0, 0, 183, 0, 0, 140, 1, 0, 121, 9, 12]
1546589835409;[171, 0, 17, 255, 161, 72, 70, 211, 119, 0, 0, 182, 0, 0, 154, 1, 0, 108, 9, 12]
1546589835743;[171, 0, 17, 255, 161, 72, 70, 211, 119, 0, 0, 184, 0, 0, 136, 1, 0, 118, 9, 12]
1546589835747;[171, 0, 17, 255, 161, 72, 70, 211, 119, 0, 0, 171, 0, 0, 152, 1, 0, 109, 9, 12]
1546589835751;[171, 0, 17, 255, 161, 72, 70, 211, 120, 0, 0, 179, 0, 0, 136, 1, 0, 123, 9, 12]
1546589835913;[171, 0, 17, 255, 161, 72, 70, 211, 120, 0, 0, 218, 0, 0, 161, 1, 0, 123, 9, 12]
1546589835917;[171, 0, 17, 255, 161, 72, 70, 211, 120, 0, 0, 153, 0, 0, 129, 1, 0, 123, 3, 206]
1546589836086;[171, 0, 17, 255, 161, 72, 70, 211, 120, 0, 0, 199, 0, 0, 156, 1, 0, 112, 4, 107]
1546589836090;[171, 0, 17, 255, 161, 72, 70, 211, 120, 0, 0, 171, 0, 0, 139, 1, 0, 124, 2, 19]
1546589836433;[171, 0, 17, 255, 161, 72, 70, 211, 122, 0, 0, 58, 1, 0, 80, 1, 0, 111, 6, 200]
1546589836437;[171, 0, 17, 255, 161, 72, 70, 211, 122, 0, 0, 172, 1, 0, 55, 1, 0, 110, 6, 200]
1546589836603;[171, 0, 17, 255, 161, 72, 70, 211, 122, 0, 0, 212, 1, 0, 1, 1, 0, 122, 6, 200]
1546589836607;[171, 0, 17, 255, 161, 72, 70, 211, 122, 0, 0, 191, 1, 0, 2, 1, 0, 147, 6, 200]
1546589836949;[171, 0, 17, 255, 161, 72, 70, 211, 123, 0, 0, 211, 1, 0, 9, 1, 0, 162, 6, 200]
1546589836955;[171, 0, 17, 255, 161, 72, 70, 211, 123, 0, 0, 221, 1, 0, 3, 1, 0, 154, 6, 200]
1546589837120;[171, 0, 17, 255, 161, 72, 70, 211, 123, 0, 0, 200, 1, 0, 15, 1, 0, 151, 6, 200]
1546589837124;[171, 0, 17, 255, 161, 72, 70, 211, 123, 0, 0, 181, 1, 0, 29, 1, 0, 167, 6, 81]
1546589837293;[171, 0, 17, 255, 161, 72, 70, 211, 123, 0, 0, 186, 1, 0, 35, 1, 0, 178, 5, 201]
1546589837297;[171, 0, 17, 255, 161, 72, 70, 211, 123, 0, 0, 183, 1, 0, 9, 1, 0, 192, 5, 29]
1546589837466;[171, 0, 4, 255, 132, 128, 90]
1546589837638;[171, 0, 17, 255, 161, 72, 70, 211, 123, 0, 0, 153, 1, 0, 14, 1, 0, 200, 4, 179]
1546589837643;[171, 0, 17, 255, 161, 72, 70, 211, 123, 0, 0, 134, 1, 0, 9, 1, 0, 228, 4, 77]
1546589837811;[171, 0, 17, 255, 161, 72, 70, 211, 123, 0, 0, 111, 0, 0, 23, 1, 0, 190, 3, 253]
1546589837814;[171, 0, 17, 255, 161, 72, 70, 211, 123, 0, 1, 25, 0, 0, 20, 1, 0, 140, 3, 53]
1546589837983;[171, 0, 17, 255, 161, 72, 70, 211, 128, 0, 0, 246, 1, 0, 67, 1, 0, 136, 1, 244]
1546589837987;[171, 0, 17, 255, 161, 72, 70, 211, 128, 0, 1, 30, 1, 0, 147, 1, 0, 100, 1, 244]
1546589838330;[171, 0, 17, 255, 161, 72, 70, 211, 128, 0, 0, 177, 1, 0, 192, 1, 0, 69, 1, 244]
1546589838334;[171, 0, 17, 255, 161, 72, 70, 211, 128, 1, 0, 16, 1, 0, 173, 1, 0, 65, 3, 117]
1546589838338;[171, 0, 17, 255, 161, 72, 70, 211, 128, 1, 0, 17, 1, 0, 191, 1, 0, 85, 4, 100]
1546589838500;[171, 0, 17, 255, 161, 72, 70, 211, 128, 0, 0, 22, 1, 0, 208, 1, 0, 118, 4, 141]
1546589838503;[171, 0, 4, 255, 132, 128, 90]
1546589838671;[171, 0, 17, 255, 161, 72, 70, 211, 128, 0, 0, 43, 1, 0, 218, 1, 0, 110, 4, 116]
1546589838846;[171, 0, 17, 255, 161, 72, 70, 211, 128, 0, 0, 32, 1, 0, 226, 1, 0, 86, 4, 57]
1546589838850;[171, 0, 17, 255, 161, 72, 70, 211, 128, 0, 0, 87, 1, 1, 9, 1, 0, 98, 16, 0]
1546589839019;[171, 0, 17, 255, 161, 72, 70, 211, 128, 0, 0, 1, 1, 0, 218, 1, 0, 92, 8, 82]
1546589839023;[171, 0, 17, 255, 161, 72, 70, 211, 129, 0, 0, 44, 1, 0, 177, 1, 0, 146, 11, 196]
1546589839191;[171, 0, 17, 255, 161, 72, 70, 211, 129, 1, 0, 18, 1, 0, 160, 1, 0, 74, 11, 104]
1546589839195;[171, 0, 17, 255, 161, 72, 70, 211, 129, 0, 0, 61, 1, 0, 100, 1, 0, 90, 11, 24]
1546589839537;[171, 0, 17, 255, 161, 72, 70, 211, 129, 0, 0, 104, 1, 0, 129, 1, 0, 108, 10, 184]
1546589839540;[171, 0, 17, 255, 161, 72, 70, 211, 129, 0, 0, 181, 1, 0, 59, 1, 0, 170, 9, 138]
1546589839545;[171, 0, 17, 255, 161, 72, 70, 211, 129, 0, 1, 30, 1, 0, 13, 1, 0, 243, 8, 51]
1546589839707;[171, 0, 4, 255, 132, 128, 90]
1546589839711;[171, 0, 17, 255, 161, 72, 70, 211, 129, 0, 0, 171, 0, 0, 64, 1, 0, 224, 7, 185]
1546589839880;[171, 0, 17, 255, 161, 72, 70, 211, 129, 0, 0, 218, 0, 0, 82, 1, 0, 224, 7, 144]
1546589840054;[171, 0, 17, 255, 161, 72, 70, 211, 129, 0, 0, 143, 0, 0, 124, 1, 0, 208, 7, 37]
1546589840058;[171, 0, 17, 255, 161, 72, 70, 211, 129, 0, 0, 173, 0, 0, 161, 1, 0, 167, 7, 64]
1546589840227;[171, 0, 17, 255, 161, 72, 70, 211, 130, 0, 0, 120, 0, 0, 153, 1, 0, 162, 7, 133]
1546589840231;[171, 0, 17, 255, 161, 72, 70, 211, 130, 0, 0, 120, 0, 0, 167, 1, 0, 158, 7, 178]
1546589840399;[171, 0, 17, 255, 161, 72, 70, 211, 130, 0, 0, 139, 0, 0, 174, 1, 0, 160, 7, 212]
1546589840403;[171, 0, 17, 255, 161, 72, 70, 211, 130, 0, 0, 113, 0, 0, 166, 1, 0, 157, 8, 1]
1546589840917;[171, 0, 17, 255, 161, 72, 70, 211, 130, 0, 0, 124, 0, 0, 163, 1, 0, 161, 8, 29]
1546589840922;[171, 0, 17, 255, 161, 72, 70, 211, 130, 0, 0, 129, 0, 0, 167, 1, 0, 154, 8, 88]
1546589840927;[171, 0, 4, 255, 132, 128, 90]
1546589840931;[171, 0, 17, 255, 161, 72, 70, 211, 130, 0, 0, 134, 0, 0, 163, 1, 0, 153, 8, 154]
1546589841088;[171, 0, 17, 255, 161, 72, 70, 211, 130, 0, 0, 124, 0, 0, 167, 1, 0, 157, 9, 190]
1546589841092;[171, 0, 17, 255, 161, 72, 70, 211, 130, 0, 0, 135, 0, 0, 157, 1, 0, 164, 9, 190]
1546589841098;[171, 0, 17, 255, 161, 72, 70, 211, 130, 0, 0, 126, 0, 0, 156, 1, 0, 164, 9, 190]
1546589841261;[171, 0, 17, 255, 161, 72, 70, 211, 131, 0, 0, 133, 0, 0, 157, 1, 0, 164, 9, 190]
1546589841433;[171, 0, 17, 255, 161, 72, 70, 211, 131, 0, 0, 129, 0, 0, 163, 1, 0, 164, 9, 190]
1546589841437;[171, 0, 17, 255, 161, 72, 70, 211, 131, 0, 0, 118, 0, 0, 157, 1, 0, 163, 9, 190]
1546589841605;[171, 0, 17, 255, 161, 72, 70, 211, 131, 0, 0, 129, 0, 0, 160, 1, 0, 164, 9, 190]
1546589841609;[171, 0, 17, 255, 161, 72, 70, 211, 131, 0, 0, 119, 0, 0, 161, 1, 0, 158, 9, 190]
1546589841777;[171, 0, 17, 255, 161, 72, 70, 211, 131, 0, 0, 81, 0, 0, 169, 1, 0, 174, 9, 190]
1546589842125;[171, 0, 4, 255, 132, 128, 89]
1546589842130;[171, 0, 17, 255, 161, 72, 70, 211, 131, 0, 0, 76, 0, 0, 173, 1, 0, 183, 9, 190]
1546589842134;[171, 0, 17, 255, 161, 72, 70, 211, 131, 0, 0, 98, 0, 0, 162, 1, 0, 184, 9, 190]
1546589842138;[171, 0, 17, 255, 161, 72, 70, 211, 131, 0, 0, 86, 0, 0, 164, 1, 0, 184, 9, 252]
1546589842297;[171, 0, 17, 255, 161, 72, 70, 211, 131, 0, 0, 96, 0, 0, 165, 1, 0, 186, 9, 252]
1546589842301;[171, 0, 17, 255, 161, 72, 70, 211, 132, 0, 0, 101, 0, 0, 167, 1, 0, 187, 9, 252]
1546589842642;[171, 0, 17, 255, 161, 72, 70, 211, 132, 0, 0, 91, 0, 0, 158, 1, 0, 186, 10, 51]
1546589842646;[171, 0, 17, 255, 161, 72, 70, 211, 132, 0, 0, 91, 0, 0, 172, 1, 0, 188, 10, 117]
1546589842650;[171, 0, 17, 255, 161, 72, 70, 211, 132, 0, 0, 93, 0, 0, 158, 1, 0, 184, 10, 172]
1546589842814;[171, 0, 17, 255, 161, 72, 70, 211, 132, 0, 0, 87, 0, 0, 161, 1, 0, 185, 10, 212]
1546589842818;[171, 0, 17, 255, 161, 72, 70, 211, 132, 0, 0, 106, 0, 0, 176, 1, 0, 191, 11, 10]
1546589842986;[171, 0, 4, 255, 132, 128, 87]
1546589842990;[171, 0, 17, 255, 161, 72, 70, 211, 132, 0, 0, 86, 0, 0, 152, 1, 0, 175, 11, 96]
1546589843332;[171, 0, 17, 255, 161, 72, 70, 211, 132, 0, 0, 93, 0, 0, 154, 1, 0, 187, 11, 160]
1546589843336;[171, 0, 17, 255, 161, 72, 70, 211, 132, 0, 0, 105, 0, 0, 172, 1, 0, 188, 11, 222]
1546589843340;[171, 0, 17, 255, 161, 72, 70, 211, 132, 0, 0, 87, 0, 0, 148, 1, 0, 187, 12, 9]
1546589843501;[171, 0, 17, 255, 161, 72, 70, 211, 133, 0, 0, 91, 0, 0, 156, 1, 0, 195, 12, 50]
1546589843504;[171, 0, 17, 255, 161, 72, 70, 211, 133, 0, 0, 101, 0, 0, 167, 1, 0, 175, 12, 85]
1546589843709;[171, 0, 17, 255, 161, 72, 70, 211, 133, 0, 0, 101, 0, 0, 150, 1, 0, 190, 12, 129]
1546589843847;[171, 0, 17, 255, 161, 72, 70, 211, 133, 0, 0, 93, 0, 0, 165, 1, 0, 184, 12, 211]
1546589843851;[171, 0, 17, 255, 161, 72, 70, 211, 133, 0, 0, 108, 0, 0, 160, 1, 0, 194, 13, 22]
1546589844022;[171, 0, 17, 255, 161, 72, 70, 211, 133, 0, 0, 84, 0, 0, 152, 1, 0, 181, 13, 73]
1546589844026;[171, 0, 4, 255, 132, 128, 85]
1546589844193;[171, 0, 17, 255, 161, 72, 70, 211, 133, 0, 0, 106, 0, 0, 165, 1, 0, 191, 13, 113]
1546589844198;[171, 0, 17, 255, 161, 72, 70, 211, 133, 0, 0, 86, 0, 0, 157, 1, 0, 184, 13, 152]
1546589844362;[171, 0, 17, 255, 161, 72, 70, 211, 133, 0, 0, 98, 0, 0, 156, 1, 0, 191, 13, 169]
1546589844712;[171, 0, 17, 255, 161, 72, 70, 211, 133, 0, 0, 87, 0, 0, 152, 1, 0, 178, 13, 202]
1546589844716;[171, 0, 17, 255, 161, 72, 70, 211, 134, 0, 0, 95, 0, 0, 157, 1, 0, 187, 14, 27]
1546589844720;[171, 0, 17, 255, 161, 72, 70, 211, 134, 0, 0, 84, 0, 0, 156, 1, 0, 187, 14, 77]
1546589844724;[171, 0, 17, 255, 161, 72, 70, 211, 134, 0, 0, 103, 0, 0, 163, 1, 0, 191, 14, 126]
1546589844884;[171, 0, 17, 255, 161, 72, 70, 211, 134, 0, 0, 98, 0, 0, 158, 1, 0, 185, 14, 169]
1546589844887;[171, 0, 17, 255, 161, 72, 70, 211, 134, 0, 0, 93, 0, 0, 156, 1, 0, 178, 14, 187]
1546589845056;[171, 0, 17, 255, 161, 72, 70, 211, 134, 0, 0, 98, 0, 0, 156, 1, 0, 192, 14, 194]
1546589845228;[171, 0, 4, 255, 132, 128, 85]
1546589845231;[171, 0, 17, 255, 161, 72, 70, 211, 134, 0, 0, 90, 0, 0, 160, 1, 0, 180, 14, 211]
1546589845402;[171, 0, 17, 255, 161, 72, 70, 211, 134, 0, 0, 98, 0, 0, 148, 1, 0, 190, 14, 252]
1546589845405;[171, 0, 17, 255, 161, 72, 70, 211, 134, 0, 0, 107, 0, 0, 166, 1, 0, 183, 31, 63]
1546589845573;[171, 0, 17, 255, 161, 72, 70, 211, 134, 0, 0, 106, 0, 0, 147, 1, 0, 192, 7, 247]
1546589845919;[171, 0, 17, 255, 161, 72, 70, 211, 135, 0, 0, 108, 0, 0, 165, 1, 0, 191, 8, 23]
1546589845924;[171, 0, 17, 255, 161, 72, 70, 211, 135, 0, 0, 93, 0, 0, 147, 1, 0, 186, 8, 49]
1546589845928;[171, 0, 17, 255, 161, 72, 70, 211, 135, 0, 0, 106, 0, 0, 168, 1, 0, 192, 8, 57]
1546589845932;[171, 0, 17, 255, 161, 72, 70, 211, 135, 0, 0, 93, 0, 0, 147, 1, 0, 186, 8, 76]
1546589846091;[171, 0, 17, 255, 161, 72, 70, 211, 135, 0, 0, 87, 0, 0, 154, 1, 0, 186, 8, 82]
1546589846095;[171, 0, 17, 255, 161, 72, 70, 211, 135, 0, 0, 101, 0, 0, 156, 1, 0, 186, 8, 135]
1546589846263;[171, 0, 4, 255, 132, 128, 85]
1546589846436;[171, 0, 17, 255, 161, 72, 70, 211, 135, 0, 0, 101, 0, 0, 152, 1, 0, 187, 8, 185]
1546589846440;[171, 0, 17, 255, 161, 72, 70, 211, 135, 0, 0, 112, 0, 0, 169, 1, 0, 194, 8, 214]
1546589846609;[171, 0, 17, 255, 161, 72, 70, 211, 135, 0, 0, 87, 0, 0, 148, 1, 0, 178, 8, 214]
1546589846613;[171, 0, 17, 255, 161, 72, 70, 211, 135, 0, 0, 101, 0, 0, 162, 1, 0, 195, 8, 234]
1546589846955;[171, 0, 17, 255, 161, 72, 70, 211, 136, 0, 0, 86, 0, 0, 148, 1, 0, 170, 9, 2]
1546589846959;[171, 0, 17, 255, 161, 72, 70, 211, 136, 0, 0, 103, 0, 0, 151, 1, 0, 190, 8, 247]
1546589846963;[171, 0, 17, 255, 161, 72, 70, 211, 136, 0, 0, 93, 0, 0, 160, 1, 0, 172, 8, 254]
1546589847301;[171, 0, 17, 255, 161, 72, 70, 211, 136, 0, 0, 103, 0, 0, 145, 1, 0, 187, 9, 52]
1546589847305;[171, 0, 17, 255, 161, 72, 70, 211, 136, 0, 0, 93, 0, 0, 157, 1, 0, 194, 9, 101]
1546589847309;[171, 0, 17, 255, 161, 72, 70, 211, 136, 0, 0, 110, 0, 0, 161, 1, 0, 184, 9, 127]
1546589847313;[171, 0, 4, 255, 132, 128, 86]
1546589847476;[171, 0, 17, 255, 161, 72, 70, 211, 136, 0, 0, 110, 0, 0, 157, 1, 0, 181, 9, 159]
1546589847643;[171, 0, 17, 255, 161, 72, 70, 211, 136, 0, 0, 98, 0, 0, 147, 1, 0, 184, 9, 159]
1546589847673;[171, 0, 17, 255, 161, 72, 70, 211, 136, 0, 0, 104, 0, 0, 163, 1, 0, 187, 9, 184]
1546589847816;[171, 0, 17, 255, 161, 72, 70, 211, 136, 0, 0, 111, 0, 0, 161, 1, 0, 186, 9, 183]
1546589847819;[171, 0, 17, 255, 161, 72, 70, 211, 137, 0, 0, 101, 0, 0, 150, 1, 0, 181, 9, 187]
1546589847990;[171, 0, 17, 255, 161, 72, 70, 211, 137, 0, 0, 116, 0, 0, 163, 1, 0, 181, 9, 247]
1546589847994;[171, 0, 17, 255, 161, 72, 70, 211, 137, 0, 0, 105, 0, 0, 148, 1, 0, 175, 10, 28]
1546589848162;[171, 0, 17, 255, 161, 72, 70, 211, 137, 0, 0, 103, 0, 0, 152, 1, 0, 185, 10, 47]
1546589848507;[171, 0, 17, 255, 161, 72, 70, 211, 137, 0, 0, 98, 0, 0, 148, 1, 0, 174, 10, 67]
1546589848511;[171, 0, 17, 255, 161, 72, 70, 211, 137, 0, 0, 116, 0, 0, 156, 1, 0, 185, 10, 89]
1546589848515;[171, 0, 4, 255, 132, 128, 85]
1546589848519;[171, 0, 17, 255, 161, 72, 70, 211, 137, 0, 0, 110, 0, 0, 156, 1, 0, 178, 10, 112]
1546589848678;[171, 0, 17, 255, 161, 72, 70, 211, 137, 0, 0, 111, 0, 0, 152, 1, 0, 183, 10, 120]
1546589848851;[171, 0, 17, 255, 161, 72, 70, 211, 137, 0, 0, 101, 0, 0, 148, 1, 0, 185, 10, 178]
1546589848855;[171, 0, 17, 255, 161, 72, 70, 211, 137, 0, 0, 109, 0, 0, 158, 1, 0, 178, 10, 242]
1546589849024;[171, 0, 17, 255, 161, 72, 70, 211, 138, 0, 0, 114, 0, 0, 157, 1, 0, 175, 11, 26]
1546589849028;[171, 0, 17, 255, 161, 72, 70, 211, 138, 0, 0, 132, 0, 0, 173, 1, 0, 186, 11, 64]
1546589849196;[171, 0, 17, 255, 161, 72, 70, 211, 138, 0, 0, 99, 0, 0, 142, 1, 0, 171, 11, 87]
1546589849200;[171, 0, 17, 255, 161, 72, 70, 211, 138, 0, 0, 107, 0, 0, 152, 1, 0, 186, 11, 125]
1546589849369;[171, 0, 17, 255, 161, 72, 70, 211, 138, 0, 0, 91, 0, 0, 146, 1, 0, 175, 11, 151]
1546589849715;[171, 0, 17, 255, 161, 72, 70, 211, 138, 0, 0, 126, 0, 0, 159, 1, 0, 195, 11, 206]
1546589849718;[171, 0, 4, 255, 132, 128, 85]
1546589849723;[171, 0, 17, 255, 161, 72, 70, 211, 138, 0, 0, 87, 0, 0, 144, 1, 0, 171, 12, 18]
1546589849727;[171, 0, 17, 255, 161, 72, 70, 211, 138, 0, 0, 117, 0, 0, 147, 1, 0, 183, 12, 61]
1546589849886;[171, 0, 17, 255, 161, 72, 70, 211, 138, 0, 0, 114, 0, 0, 163, 1, 0, 192, 12, 106]
1546589849890;[171, 0, 17, 255, 161, 72, 70, 211, 138, 0, 0, 121, 0, 0, 156, 1, 0, 186, 12, 159]
1546589850058;[171, 0, 17, 255, 161, 72, 70, 211, 139, 0, 0, 99, 0, 0, 147, 1, 0, 178, 12, 180]
1546589850232;[171, 0, 17, 255, 161, 72, 70, 211, 139, 0, 0, 132, 0, 0, 170, 1, 0, 197, 12, 209]
1546589850235;[171, 0, 17, 255, 161, 72, 70, 211, 139, 0, 0, 86, 0, 0, 140, 1, 0, 170, 12, 230]
1546589850404;[171, 0, 17, 255, 161, 72, 70, 211, 139, 0, 0, 101, 0, 0, 141, 1, 0, 184, 13, 43]
1546589850408;[171, 0, 17, 255, 161, 72, 70, 211, 139, 0, 0, 84, 0, 0, 150, 1, 0, 163, 13, 88]
1546589850576;[171, 0, 17, 255, 161, 72, 70, 211, 139, 0, 0, 116, 0, 0, 145, 1, 0, 192, 13, 128]
1546589850748;[171, 0, 4, 255, 132, 128, 84]
1546589850752;[171, 0, 17, 255, 161, 72, 70, 211, 139, 0, 0, 108, 0, 0, 164, 1, 0, 173, 13, 162]
1546589851095;[171, 0, 17, 255, 161, 72, 70, 211, 139, 0, 0, 107, 0, 0, 141, 1, 0, 184, 13, 190]
1546589851099;[171, 0, 17, 255, 161, 72, 70, 211, 139, 0, 0, 135, 0, 0, 173, 1, 0, 206, 13, 221]
1546589851103;[171, 0, 17, 255, 161, 72, 70, 211, 139, 0, 0, 103, 0, 0, 141, 1, 0, 180, 13, 243]
1546589851107;[171, 0, 17, 255, 161, 72, 70, 211, 140, 0, 0, 141, 0, 0, 175, 1, 0, 197, 14, 27]
1546589851266;[171, 0, 17, 255, 161, 72, 70, 211, 140, 0, 0, 91, 0, 0, 140, 1, 0, 174, 14, 64]
1546589851440;[171, 0, 17, 255, 161, 72, 70, 211, 140, 0, 0, 141, 0, 0, 160, 1, 0, 197, 14, 89]
1546589851448;[171, 0, 17, 255, 161, 72, 70, 211, 140, 0, 0, 80, 0, 0, 145, 1, 0, 168, 14, 130]
1546589851611;[171, 0, 17, 255, 161, 72, 70, 211, 140, 0, 0, 120, 0, 0, 155, 1, 0, 183, 14, 152]
1546589851615;[171, 0, 17, 255, 161, 72, 70, 211, 140, 0, 0, 82, 0, 0, 146, 1, 0, 162, 14, 178]
1546589851783;[171, 0, 4, 255, 132, 128, 83]
1546589851787;[171, 0, 17, 255, 161, 72, 70, 211, 140, 0, 0, 119, 0, 0, 146, 1, 0, 192, 14, 196]
1546589851956;[171, 0, 17, 255, 161, 72, 70, 211, 140, 0, 0, 74, 0, 0, 129, 1, 0, 220, 15, 45]
1546589852303;[171, 0, 17, 255, 161, 72, 70, 211, 140, 0, 2, 180, 0, 0, 164, 1, 0, 208, 13, 229]
1546589852308;[171, 0, 17, 255, 161, 72, 70, 211, 140, 0, 1, 87, 1, 0, 44, 1, 0, 161, 11, 232]
1546589852312;[171, 0, 17, 255, 161, 72, 70, 211, 141, 0, 0, 113, 1, 0, 98, 0, 0, 92, 11, 232]
1546589852316;[171, 0, 17, 255, 161, 72, 70, 211, 141, 0, 0, 144, 0, 0, 28, 0, 0, 130, 11, 232]
1546589852477;[171, 0, 17, 255, 161, 72, 70, 211, 141, 0, 0, 84, 1, 0, 80, 0, 0, 0, 11, 232]
1546589852647;[171, 0, 17, 255, 161, 72, 70, 211, 141, 0, 0, 139, 1, 0, 143, 1, 0, 40, 11, 232]
1546589852651;[171, 0, 17, 255, 161, 72, 70, 211, 141, 0, 0, 152, 1, 0, 173, 1, 0, 42, 11, 232]
1546589852819;[171, 0, 17, 255, 161, 72, 70, 211, 141, 0, 0, 169, 1, 0, 184, 1, 0, 40, 11, 232]
1546589852823;[171, 0, 4, 255, 132, 128, 83]
1546589852991;[171, 0, 17, 255, 161, 72, 70, 211, 141, 0, 0, 161, 1, 0, 185, 1, 0, 26, 11, 232]
1546589852995;[171, 0, 17, 255, 161, 72, 70, 211, 141, 0, 0, 156, 1, 0, 184, 1, 0, 29, 11, 232]
1546589853163;[171, 0, 17, 255, 161, 72, 70, 211, 141, 0, 0, 160, 1, 0, 181, 1, 0, 28, 11, 232]
1546589853338;[171, 0, 17, 255, 161, 72, 70, 211, 141, 0, 0, 161, 1, 0, 185, 1, 0, 36, 11, 232]
1546589853342;[171, 0, 17, 255, 161, 72, 70, 211, 142, 0, 0, 165, 1, 0, 173, 1, 0, 34, 11, 118]
1546589853682;[171, 0, 17, 255, 161, 72, 70, 211, 142, 0, 0, 145, 1, 0, 183, 1, 0, 24, 11, 139]
1546589853686;[171, 0, 17, 255, 161, 72, 70, 211, 142, 0, 0, 171, 1, 0, 151, 0, 0, 15, 12, 108]
1546589853692;[171, 0, 17, 255, 161, 72, 70, 211, 142, 0, 0, 189, 1, 0, 91, 1, 0, 55, 8, 182]
1546589853697;[171, 0, 17, 255, 161, 72, 70, 211, 142, 0, 0, 185, 1, 0, 65, 1, 0, 158, 8, 182]
1546589853854;[171, 0, 17, 255, 161, 72, 70, 211, 142, 0, 0, 124, 0, 0, 8, 1, 1, 26, 8, 182]
1546589854026;[171, 0, 4, 255, 132, 128, 82]
1546589854031;[171, 0, 17, 255, 161, 72, 70, 211, 142, 1, 0, 71, 0, 0, 132, 1, 0, 117, 8, 182]
1546589854199;[171, 0, 17, 255, 161, 72, 70, 211, 142, 1, 0, 130, 1, 0, 9, 1, 0, 188, 8, 182]
1546589854203;[171, 0, 17, 255, 161, 72, 70, 211, 142, 1, 0, 251, 0, 0, 23, 1, 0, 111, 8, 182]
1546589854371;[171, 0, 17, 255, 161, 72, 70, 211, 142, 1, 0, 213, 0, 0, 27, 1, 0, 146, 8, 182]
1546589854542;[171, 0, 17, 255, 161, 72, 70, 211, 143, 1, 0, 216, 0, 0, 39, 1, 0, 146, 8, 182]
1546589854546;[171, 0, 17, 255, 161, 72, 70, 211, 143, 1, 0, 219, 0, 0, 32, 1, 0, 145, 8, 182]
1546589854892;[171, 0, 17, 255, 161, 72, 70, 211, 143, 1, 0, 206, 0, 0, 33, 1, 0, 145, 8, 90]
1546589854896;[171, 0, 17, 255, 161, 72, 70, 211, 143, 1, 0, 209, 0, 0, 37, 1, 0, 145, 7, 253]
1546589854900;[171, 0, 17, 255, 161, 72, 70, 211, 143, 1, 0, 208, 0, 0, 32, 1, 0, 141, 7, 169]
1546589854905;[171, 0, 17, 255, 161, 72, 70, 211, 143, 1, 0, 206, 0, 0, 38, 1, 0, 140, 7, 86]
1546589855061;[171, 0, 4, 255, 132, 128, 83]
1546589855233;[171, 0, 17, 255, 161, 72, 70, 211, 143, 1, 0, 211, 0, 0, 36, 1, 0, 141, 7, 18]
1546589855237;[171, 0, 17, 255, 161, 72, 70, 211, 143, 1, 0, 209, 0, 0, 40, 1, 0, 146, 6, 238]
1546589855406;[171, 0, 17, 255, 161, 72, 70, 211, 143, 1, 0, 203, 0, 0, 37, 1, 0, 147, 6, 175]
1546589855410;[171, 0, 17, 255, 161, 72, 70, 211, 143, 1, 0, 179, 0, 0, 44, 1, 0, 158, 6, 131]
1546589855578;[171, 0, 17, 255, 161, 72, 70, 211, 144, 1, 0, 174, 0, 0, 55, 1, 0, 168, 6, 71]
1546589855750;[171, 0, 17, 255, 161, 72, 70, 211, 144, 1, 0, 176, 0, 0, 53, 1, 0, 175, 5, 197]
1546589855754;[171, 0, 17, 255, 161, 72, 70, 211, 144, 1, 0, 166, 0, 0, 48, 1, 0, 174, 5, 106]
1546589856271;[171, 0, 17, 255, 161, 72, 70, 211, 144, 1, 0, 121, 0, 0, 49, 1, 0, 185, 5, 38]
1546589856275;[171, 0, 17, 255, 161, 72, 70, 211, 144, 1, 0, 133, 0, 0, 68, 1, 0, 190, 5, 9]
1546589856280;[171, 0, 17, 255, 161, 72, 70, 211, 144, 1, 0, 112, 0, 0, 98, 1, 0, 229, 4, 203]
1546589856283;[171, 0, 4, 255, 132, 128, 83]
1546589856443;[171, 0, 17, 255, 161, 72, 70, 211, 144, 1, 0, 135, 0, 0, 120, 1, 0, 235, 4, 147]
1546589856447;[171, 0, 17, 255, 161, 72, 70, 211, 144, 1, 0, 114, 0, 0, 130, 1, 0, 238, 4, 164]
1546589856451;[171, 0, 17, 255, 161, 72, 70, 211, 144, 1, 0, 99, 0, 0, 128, 1, 0, 228, 4, 175]
1546589856614;[171, 0, 17, 255, 161, 72, 70, 211, 144, 1, 0, 112, 0, 0, 120, 1, 0, 218, 4, 153]
1546589856618;[171, 0, 17, 255, 161, 72, 70, 211, 145, 1, 0, 74, 0, 0, 111, 1, 0, 208, 4, 122]
1546589856786;[171, 0, 17, 255, 161, 72, 70, 211, 145, 1, 0, 4, 0, 0, 80, 1, 0, 165, 4, 53]
1546589856790;[171, 0, 17, 255, 161, 72, 70, 211, 145, 1, 0, 19, 0, 0, 115, 1, 0, 233, 4, 12]
1546589856958;[171, 0, 17, 255, 161, 72, 70, 211, 145, 1, 0, 102, 0, 0, 163, 1, 0, 235, 4, 249]
1546589857131;[171, 0, 17, 255, 161, 72, 70, 211, 145, 1, 0, 46, 0, 0, 201, 1, 0, 243, 6, 70]
1546589857135;[171, 0, 17, 255, 161, 72, 70, 211, 145, 1, 0, 49, 0, 0, 182, 1, 0, 214, 6, 109]
1546589857479;[171, 0, 4, 255, 132, 128, 83]
1546589857487;[171, 0, 17, 255, 161, 72, 70, 211, 145, 1, 0, 31, 0, 0, 166, 1, 0, 184, 6, 63]
1546589857491;[171, 0, 17, 255, 161, 72, 70, 211, 145, 1, 0, 37, 0, 0, 181, 1, 0, 180, 5, 227]
1546589857649;[171, 0, 17, 255, 161, 72, 70, 211, 145, 1, 0, 25, 0, 0, 187, 1, 0, 171, 5, 237]
1546589857653;[171, 0, 17, 255, 161, 72, 70, 211, 145, 0, 0, 70, 0, 0, 182, 1, 0, 128, 7, 121]
1546589857820;[171, 0, 17, 255, 161, 72, 70, 211, 146, 0, 0, 6, 0, 0, 223, 1, 0, 172, 7, 161]
1546589857824;[171, 0, 17, 255, 161, 72, 70, 211, 146, 0, 0, 18, 0, 0, 150, 1, 0, 150, 7, 41]
1546589857993;[171, 0, 17, 255, 161, 72, 70, 211, 146, 1, 0, 38, 0, 1, 88, 1, 0, 214, 7, 56]
1546589857997;[171, 0, 17, 255, 161, 72, 70, 211, 146, 0, 0, 83, 0, 0, 178, 1, 0, 133, 6, 217]
1546589858167;[171, 0, 17, 255, 161, 72, 70, 211, 146, 0, 0, 63, 0, 0, 191, 1, 0, 192, 7, 12]
1546589858339;[171, 0, 17, 255, 161, 72, 70, 211, 148, 0, 0, 25, 0, 0, 196, 1, 0, 155, 9, 42]
1546589858684;[171, 0, 17, 255, 161, 72, 70, 211, 148, 0, 0, 59, 0, 0, 208, 1, 0, 165, 9, 57]
1546589858688;[171, 0, 17, 255, 161, 72, 70, 211, 148, 0, 0, 58, 0, 0, 207, 1, 0, 162, 9, 64]
1546589858692;[171, 0, 17, 255, 161, 72, 70, 211, 148, 0, 0, 63, 0, 0, 196, 1, 0, 165, 9, 133]
1546589858856;[171, 0, 17, 255, 161, 72, 70, 211, 149, 0, 0, 32, 0, 0, 199, 1, 0, 152, 9, 170]
1546589859028;[171, 0, 17, 255, 161, 72, 70, 211, 149, 0, 0, 53, 0, 0, 197, 1, 0, 155, 9, 190]
1546589859032;[171, 0, 17, 255, 161, 72, 70, 211, 149, 0, 0, 74, 0, 0, 217, 1, 0, 162, 9, 196]
1546589859201;[171, 0, 17, 255, 161, 72, 70, 211, 149, 0, 0, 42, 0, 0, 190, 1, 0, 150, 9, 193]
1546589859205;[171, 0, 17, 255, 161, 72, 70, 211, 149, 0, 0, 81, 0, 0, 220, 1, 0, 164, 9, 203]
1546589859373;[171, 0, 17, 255, 161, 72, 70, 211, 149, 0, 0, 61, 0, 0, 192, 1, 0, 161, 9, 195]
1546589859545;[171, 0, 4, 255, 132, 128, 83]
1546589859549;[171, 0, 17, 255, 161, 72, 70, 211, 149, 0, 0, 70, 0, 0, 215, 1, 0, 163, 9, 218]
1546589859718;[171, 0, 17, 255, 161, 72, 70, 211, 149, 0, 0, 21, 0, 0, 183, 1, 0, 146, 9, 214]
1546589859722;[171, 0, 17, 255, 161, 72, 70, 211, 149, 0, 0, 66, 0, 0, 215, 1, 0, 181, 9, 217]
1546589860064;[171, 0, 17, 255, 161, 72, 70, 211, 149, 0, 0, 38, 0, 0, 194, 1, 0, 162, 9, 190]
1546589860068;[171, 0, 17, 255, 161, 72, 70, 211, 150, 0, 0, 59, 0, 0, 208, 1, 0, 178, 9, 199]
1546589860072;[171, 0, 17, 255, 161, 72, 70, 211, 150, 0, 0, 38, 0, 0, 197, 1, 0, 157, 9, 176]
1546589860236;[171, 0, 17, 255, 161, 72, 70, 211, 150, 0, 0, 58, 0, 0, 200, 1, 0, 174, 9, 168]
1546589860240;[171, 0, 17, 255, 161, 72, 70, 211, 150, 0, 0, 54, 0, 0, 205, 1, 0, 168, 9, 157]
1546589860408;[171, 0, 17, 255, 161, 72, 70, 211, 150, 0, 0, 52, 0, 0, 191, 1, 0, 163, 9, 177]
1546589860411;[171, 0, 17, 255, 161, 72, 70, 211, 150, 0, 0, 58, 0, 0, 202, 1, 0, 164, 9, 175]
1546589860580;[171, 0, 4, 255, 132, 128, 83]
1546589860584;[171, 0, 17, 255, 161, 72, 70, 211, 150, 0, 0, 56, 0, 0, 191, 1, 0, 163, 9, 170]
1546589860752;[171, 0, 17, 255, 161, 72, 70, 211, 150, 0, 0, 83, 0, 0, 217, 1, 0, 163, 9, 171]
1546589860926;[171, 0, 17, 255, 161, 72, 70, 211, 150, 0, 0, 31, 0, 0, 186, 1, 0, 148, 9, 143]
1546589860930;[171, 0, 17, 255, 161, 72, 70, 211, 150, 0, 0, 69, 0, 0, 217, 1, 0, 172, 9, 142]
1546589861272;[171, 0, 17, 255, 161, 72, 70, 211, 151, 0, 0, 29, 0, 0, 196, 1, 0, 156, 9, 113]
1546589861276;[171, 0, 17, 255, 161, 72, 70, 211, 151, 0, 0, 66, 0, 0, 207, 1, 0, 176, 9, 133]
1546589861280;[171, 0, 17, 255, 161, 72, 70, 211, 151, 0, 0, 31, 0, 0, 190, 1, 0, 163, 9, 121]
1546589861444;[171, 0, 17, 255, 161, 72, 70, 211, 151, 0, 0, 64, 0, 0, 201, 1, 0, 180, 9, 124]
1546589861450;[171, 0, 17, 255, 161, 72, 70, 211, 151, 0, 0, 56, 0, 0, 211, 1, 0, 161, 9, 105]
1546589861616;[171, 0, 17, 255, 161, 72, 70, 211, 151, 0, 0, 61, 0, 0, 196, 1, 0, 159, 9, 90]
1546589861620;[171, 0, 4, 255, 132, 128, 83]
1546589861788;[171, 0, 17, 255, 161, 72, 70, 211, 151, 0, 0, 50, 0, 0, 200, 1, 0, 158, 9, 64]
1546589861792;[171, 0, 17, 255, 161, 72, 70, 211, 151, 0, 0, 59, 0, 0, 197, 1, 0, 158, 9, 53]
1546589861960;[171, 0, 17, 255, 161, 72, 70, 211, 151, 0, 0, 82, 0, 0, 213, 1, 0, 166, 9, 31]
1546589862134;[171, 0, 17, 255, 161, 72, 70, 211, 151, 0, 0, 48, 0, 0, 190, 1, 0, 148, 9, 31]
1546589862138;[171, 0, 17, 255, 161, 72, 70, 211, 152, 0, 0, 81, 0, 0, 214, 1, 0, 167, 9, 34]
1546589862308;[171, 0, 17, 255, 161, 72, 70, 211, 152, 0, 0, 45, 0, 0, 184, 1, 0, 151, 9, 16]
1546589862311;[171, 0, 17, 255, 161, 72, 70, 211, 152, 0, 0, 82, 0, 0, 219, 1, 0, 168, 9, 17]
1546589862651;[171, 0, 17, 255, 161, 72, 70, 211, 152, 0, 0, 25, 0, 0, 181, 1, 0, 145, 8, 242]
1546589862655;[171, 0, 17, 255, 161, 72, 70, 211, 152, 0, 0, 72, 0, 0, 214, 1, 0, 180, 8, 241]
1546589862659;[171, 0, 17, 255, 161, 72, 70, 211, 152, 0, 0, 38, 0, 0, 190, 1, 0, 155, 8, 204]
1546589862823;[171, 0, 4, 255, 132, 128, 83]
1546589862827;[171, 0, 17, 255, 161, 72, 70, 211, 152, 0, 0, 76, 0, 0, 219, 1, 0, 174, 8, 227]
1546589862997;[171, 0, 17, 255, 161, 72, 70, 211, 152, 0, 0, 29, 0, 0, 186, 1, 0, 149, 8, 204]
1546589863001;[171, 0, 17, 255, 161, 72, 70, 211, 152, 0, 0, 67, 0, 0, 207, 1, 0, 177, 8, 218]
1546589863169;[171, 0, 17, 255, 161, 72, 70, 211, 152, 0, 0, 67, 0, 0, 200, 1, 0, 168, 8, 194]
1546589863342;[171, 0, 17, 255, 161, 72, 70, 211, 153, 0, 0, 58, 0, 0, 191, 1, 0, 151, 8, 184]
1546589863346;[171, 0, 17, 255, 161, 72, 70, 211, 153, 0, 0, 59, 0, 0, 205, 1, 0, 168, 8, 170]
1546589863513;[171, 0, 17, 255, 161, 72, 70, 211, 153, 0, 0, 61, 0, 0, 191, 1, 0, 158, 8, 152]
1546589863517;[171, 0, 17, 255, 161, 72, 70, 211, 153, 0, 0, 82, 0, 0, 213, 1, 0, 170, 8, 167]
1546589863859;[171, 0, 17, 255, 161, 72, 70, 211, 153, 0, 0, 38, 0, 0, 182, 1, 0, 151, 8, 158]
1546589863863;[171, 0, 17, 255, 161, 72, 70, 211, 153, 0, 0, 76, 0, 0, 214, 1, 0, 171, 8, 173]
1546589863867;[171, 0, 4, 255, 132, 128, 83]
1546589864031;[171, 0, 17, 255, 161, 72, 70, 211, 153, 0, 0, 41, 0, 0, 182, 1, 0, 148, 8, 157]
1546589864035;[171, 0, 17, 255, 161, 72, 70, 211, 153, 0, 0, 82, 0, 0, 214, 1, 0, 171, 8, 166]
1546589864204;[171, 0, 17, 255, 161, 72, 70, 211, 153, 0, 0, 27, 0, 0, 187, 1, 0, 151, 8, 140]
1546589864208;[171, 0, 17, 255, 161, 72, 70, 211, 153, 0, 0, 66, 0, 0, 208, 1, 0, 174, 8, 146]
1546589864377;[171, 0, 17, 255, 161, 72, 70, 211, 154, 0, 0, 44, 0, 0, 194, 1, 0, 158, 8, 150]
1546589864549;[171, 0, 17, 255, 161, 72, 70, 211, 154, 0, 0, 66, 0, 0, 212, 1, 0, 174, 8, 176]
1546589864553;[171, 0, 17, 255, 161, 72, 70, 211, 154, 0, 0, 42, 0, 0, 188, 1, 0, 164, 8, 171]
1546589864721;[171, 0, 17, 255, 161, 72, 70, 211, 154, 0, 0, 64, 0, 0, 197, 1, 0, 172, 8, 186]
1546589864725;[171, 0, 17, 255, 161, 72, 70, 211, 154, 0, 0, 70, 0, 0, 201, 1, 0, 169, 8, 174]
1546589865244;[171, 0, 17, 255, 161, 72, 70, 211, 154, 0, 0, 53, 0, 0, 185, 1, 0, 152, 8, 165]
1546589865245;[171, 0, 4, 255, 132, 128, 83]
1546589865248;[171, 0, 17, 255, 161, 72, 70, 211, 154, 0, 0, 73, 0, 0, 207, 1, 0, 168, 8, 162]
1546589865252;[171, 0, 17, 255, 161, 72, 70, 211, 154, 0, 0, 55, 0, 0, 185, 1, 0, 155, 8, 172]
1546589865411;[171, 0, 17, 255, 161, 72, 70, 211, 154, 0, 0, 85, 0, 0, 220, 1, 0, 162, 8, 199]
1546589865415;[171, 0, 17, 255, 161, 72, 70, 211, 154, 0, 0, 27, 0, 0, 179, 1, 0, 151, 8, 189]
1546589865419;[171, 0, 17, 255, 161, 72, 70, 211, 155, 0, 0, 71, 0, 0, 207, 1, 0, 181, 8, 212]
1546589865583;[171, 0, 17, 255, 161, 72, 70, 211, 155, 0, 0, 29, 0, 0, 187, 1, 0, 146, 8, 188]
1546589865587;[171, 0, 17, 255, 161, 72, 70, 211, 155, 0, 0, 66, 0, 0, 213, 1, 0, 172, 8, 206]
1546589865755;[171, 0, 17, 255, 161, 72, 70, 211, 155, 0, 0, 48, 0, 0, 200, 1, 0, 157, 8, 190]
1546589865930;[171, 0, 17, 255, 161, 72, 70, 211, 155, 0, 0, 56, 0, 0, 200, 1, 0, 175, 8, 218]
1546589865934;[171, 0, 17, 255, 161, 72, 70, 211, 155, 0, 0, 70, 0, 0, 202, 1, 0, 181, 8, 238]
1546589866101;[171, 0, 4, 255, 132, 128, 83]
1546589866105;[171, 0, 17, 255, 161, 72, 70, 211, 155, 0, 0, 54, 0, 0, 196, 1, 0, 204, 8, 237]
1546589866449;[171, 0, 17, 255, 161, 72, 70, 211, 155, 0, 0, 19, 0, 0, 179, 1, 0, 231, 8, 45]
1546589866453;[171, 0, 17, 255, 161, 72, 70, 211, 155, 1, 0, 4, 0, 0, 146, 1, 1, 23, 7, 194]
1546589866457;[171, 0, 17, 255, 161, 72, 70, 211, 155, 0, 0, 23, 0, 0, 84, 1, 1, 14, 7, 82]
1546589866618;[171, 0, 17, 255, 161, 72, 70, 211, 156, 0, 0, 66, 0, 0, 34, 1, 0, 229, 7, 50]
1546589866622;[171, 0, 17, 255, 161, 72, 70, 211, 156, 0, 0, 101, 1, 0, 15, 1, 0, 220, 7, 111]
1546589866791;[171, 0, 17, 255, 161, 72, 70, 211, 156, 0, 0, 97, 1, 0, 16, 1, 0, 219, 7, 208]
1546589866795;[171, 0, 17, 255, 161, 72, 70, 211, 156, 0, 0, 116, 1, 0, 16, 1, 0, 216, 7, 236]
1546589866964;[171, 0, 17, 255, 161, 72, 70, 211, 156, 0, 0, 95, 1, 0, 30, 1, 0, 213, 7, 249]
1546589867136;[171, 0, 17, 255, 161, 72, 70, 211, 156, 0, 0, 114, 1, 0, 34, 1, 0, 220, 7, 221]
1546589867140;[171, 0, 4, 255, 132, 128, 83]
1546589867311;[171, 0, 17, 255, 161, 72, 70, 211, 156, 0, 0, 144, 1, 0, 49, 1, 0, 211, 7, 153]
1546589867316;[171, 0, 17, 255, 161, 72, 70, 211, 156, 0, 0, 151, 1, 0, 46, 1, 0, 206, 7, 103]
1546589867675;[171, 0, 17, 255, 161, 72, 70, 211, 156, 0, 0, 151, 1, 0, 47, 1, 0, 191, 7, 108]
1546589867676;[171, 0, 17, 255, 161, 72, 70, 211, 156, 0, 0, 157, 1, 0, 39, 1, 0, 187, 7, 138]
1546589867678;[171, 0, 17, 255, 161, 72, 70, 211, 157, 0, 0, 152, 1, 0, 48, 1, 0, 194, 7, 145]
1546589867826;[171, 0, 17, 255, 161, 72, 70, 211, 157, 0, 0, 160, 1, 0, 45, 1, 0, 195, 7, 156]
1546589867830;[171, 0, 17, 255, 161, 72, 70, 211, 157, 0, 0, 161, 1, 0, 58, 1, 0, 194, 7, 137]
1546589867998;[171, 0, 17, 255, 161, 72, 70, 211, 157, 0, 0, 171, 1, 0, 53, 1, 0, 178, 7, 109]
1546589868004;[171, 0, 17, 255, 161, 72, 70, 211, 157, 0, 0, 167, 1, 0, 59, 1, 0, 171, 7, 94]
1546589868344;[171, 0, 17, 255, 161, 72, 70, 211, 157, 0, 0, 177, 1, 0, 59, 1, 0, 172, 7, 130]
1546589868347;[171, 0, 4, 255, 132, 128, 83]
1546589868352;[171, 0, 17, 255, 161, 72, 70, 211, 157, 0, 0, 183, 1, 0, 64, 1, 0, 174, 7, 148]
1546589868516;[171, 0, 17, 255, 161, 72, 70, 211, 157, 0, 0, 173, 1, 0, 73, 1, 0, 171, 7, 177]
1546589868520;[171, 0, 17, 255, 161, 72, 70, 211, 157, 0, 0, 178, 1, 0, 71, 1, 0, 166, 7, 202]
1546589868689;[171, 0, 17, 255, 161, 72, 70, 211, 157, 0, 0, 176, 1, 0, 87, 1, 0, 168, 7, 225]
1546589868692;[171, 0, 17, 255, 161, 72, 70, 211, 158, 0, 0, 181, 1, 0, 80, 1, 0, 161, 7, 222]
1546589869035;[171, 0, 17, 255, 161, 72, 70, 211, 158, 0, 0, 166, 1, 0, 92, 1, 0, 164, 7, 223]
1546589869039;[171, 0, 17, 255, 161, 72, 70, 211, 158, 0, 0, 166, 1, 0, 81, 1, 0, 180, 7, 240]
1546589869042;[171, 0, 17, 255, 161, 72, 70, 211, 158, 0, 0, 166, 1, 0, 86, 1, 0, 180, 7, 253]
1546589869206;[171, 0, 17, 255, 161, 72, 70, 211, 158, 0, 0, 158, 1, 0, 81, 1, 0, 178, 8, 9]
1546589869210;[171, 0, 17, 255, 161, 72, 70, 211, 158, 0, 0, 152, 1, 0, 82, 1, 0, 180, 7, 245]
1546589869378;[171, 0, 4, 255, 132, 128, 83]
1546589869552;[171, 0, 17, 255, 161, 72, 70, 211, 158, 0, 0, 156, 1, 0, 86, 1, 0, 184, 7, 222]
1546589869556;[171, 0, 17, 255, 161, 72, 70, 211, 158, 0, 0, 165, 1, 0, 76, 1, 0, 186, 7, 209]
1546589869724;[171, 0, 17, 255, 161, 72, 70, 211, 158, 0, 0, 157, 1, 0, 76, 1, 0, 181, 7, 199]
1546589869728;[171, 0, 17, 255, 161, 72, 70, 211, 158, 0, 0, 166, 1, 0, 75, 1, 0, 179, 7, 207]
1546589869897;[171, 0, 17, 255, 161, 72, 70, 211, 159, 0, 0, 157, 1, 0, 87, 1, 0, 178, 7, 241]
1546589869901;[171, 0, 17, 255, 161, 72, 70, 211, 159, 0, 0, 166, 1, 0, 71, 1, 0, 175, 8, 3]
1546589870244;[171, 0, 17, 255, 161, 72, 70, 211, 159, 0, 0, 158, 1, 0, 86, 1, 0, 175, 8, 3]
1546589870248;[171, 0, 17, 255, 161, 72, 70, 211, 159, 0, 0, 166, 1, 0, 71, 1, 0, 177, 8, 14]
1546589870252;[171, 0, 17, 255, 161, 72, 70, 211, 159, 0, 0, 167, 1, 0, 77, 1, 0, 168, 8, 3]
1546589870413;[171, 0, 17, 255, 161, 72, 70, 211, 159, 0, 0, 164, 1, 0, 74, 1, 0, 175, 8, 17]
1546589870416;[171, 0, 4, 255, 132, 128, 83]
1546589870586;[171, 0, 17, 255, 161, 72, 70, 211, 159, 0, 0, 166, 1, 0, 73, 1, 0, 195, 8, 6]
1546589870590;[171, 0, 17, 255, 161, 72, 70, 211, 159, 0, 0, 166, 1, 0, 69, 1, 0, 170, 8, 38]
1546589870758;[171, 0, 17, 255, 161, 72, 70, 211, 159, 0, 0, 166, 1, 0, 73, 1, 0, 171, 8, 58]
1546589870931;[171, 0, 17, 255, 161, 72, 70, 211, 159, 0, 0, 161, 1, 0, 76, 1, 0, 178, 8, 86]
1546589870935;[171, 0, 17, 255, 161, 72, 70, 211, 160, 0, 0, 175, 1, 0, 70, 1, 0, 181, 8, 93]
1546589871104;[171, 0, 17, 255, 161, 72, 70, 211, 160, 0, 0, 165, 1, 0, 82, 1, 0, 184, 8, 86]
1546589871107;[171, 0, 17, 255, 161, 72, 70, 211, 160, 0, 0, 164, 1, 0, 82, 1, 0, 195, 8, 78]
1546589871622;[171, 0, 17, 255, 161, 72, 70, 211, 160, 0, 0, 164, 1, 0, 76, 1, 0, 184, 8, 52]
1546589871626;[171, 0, 17, 255, 161, 72, 70, 211, 160, 0, 0, 178, 1, 0, 71, 1, 0, 170, 8, 64]
1546589871630;[171, 0, 17, 255, 161, 72, 70, 211, 160, 0, 0, 166, 1, 0, 62, 1, 0, 174, 8, 87]
1546589871634;[171, 0, 4, 255, 132, 128, 83]
1546589871795;[171, 0, 17, 255, 161, 72, 70, 211, 160, 0, 0, 167, 1, 0, 59, 1, 0, 169, 8, 108]
1546589871799;[171, 0, 17, 255, 161, 72, 70, 211, 160, 0, 0, 165, 1, 0, 76, 1, 0, 169, 8, 111]
1546589871803;[171, 0, 17, 255, 161, 72, 70, 211, 160, 0, 0, 165, 1, 0, 67, 1, 0, 178, 8, 109]
1546589871966;[171, 0, 17, 255, 161, 72, 70, 211, 160, 0, 0, 157, 1, 0, 60, 1, 0, 194, 8, 102]
1546589872138;[171, 0, 17, 255, 161, 72, 70, 211, 161, 0, 0, 165, 1, 0, 69, 1, 0, 171, 8, 99]
1546589872142;[171, 0, 17, 255, 161, 72, 70, 211, 161, 0, 0, 183, 1, 0, 46, 1, 0, 174, 8, 89]
1546589872311;[171, 0, 17, 255, 161, 72, 70, 211, 161, 0, 0, 165, 1, 0, 70, 1, 0, 176, 8, 100]
1546589872319;[171, 0, 17, 255, 161, 72, 70, 211, 161, 0, 0, 215, 1, 0, 67, 1, 0, 201, 8, 125]
1546589872483;[171, 0, 17, 255, 161, 72, 70, 211, 161, 0, 0, 154, 1, 0, 65, 1, 0, 185, 8, 139]
1546589872488;[171, 0, 17, 255, 161, 72, 70, 211, 161, 0, 0, 234, 1, 0, 128, 1, 0, 192, 8, 50]
1546589872830;[171, 0, 4, 255, 132, 128, 83]
1546589872834;[171, 0, 17, 255, 161, 72, 70, 211, 161, 0, 0, 131, 1, 0, 187, 1, 0, 196, 8, 13]
1546589872838;[171, 0, 17, 255, 161, 72, 70, 211, 161, 0, 0, 27, 1, 0, 169, 1, 0, 110, 7, 143]
1546589873001;[171, 0, 17, 255, 161, 72, 70, 211, 161, 0, 0, 7, 1, 0, 185, 1, 0, 88, 6, 219]
1546589873005;[171, 0, 17, 255, 161, 72, 70, 211, 161, 1, 0, 3, 1, 0, 205, 1, 0, 80, 6, 187]
1546589873173;[171, 0, 17, 255, 161, 72, 70, 211, 162, 1, 0, 17, 1, 0, 186, 1, 0, 128, 6, 170]
1546589873346;[171, 0, 17, 255, 161, 72, 70, 211, 162, 1, 0, 15, 1, 0, 205, 1, 0, 142, 6, 90]
1546589873350;[171, 0, 17, 255, 161, 72, 70, 211, 162, 0, 0, 13, 1, 0, 196, 1, 0, 156, 6, 28]
1546589873519;[171, 0, 17, 255, 161, 72, 70, 211, 162, 1, 0, 26, 1, 0, 205, 1, 0, 107, 5, 186]
1546589873523;[171, 0, 17, 255, 161, 72, 70, 211, 162, 0, 0, 88, 1, 1, 3, 1, 0, 163, 5, 88]
1546589873690;[171, 0, 17, 255, 161, 72, 70, 211, 162, 1, 0, 9, 1, 0, 242, 1, 0, 77, 4, 184]
1546589873694;[171, 0, 4, 255, 132, 128, 83]
1546589874036;[171, 0, 17, 255, 161, 72, 70, 211, 162, 1, 0, 29, 1, 0, 164, 1, 0, 150, 4, 76]
1546589874041;[171, 0, 17, 255, 161, 72, 70, 211, 162, 0, 0, 24, 1, 0, 222, 1, 0, 124, 4, 39]
1546589874044;[171, 0, 17, 255, 161, 72, 70, 211, 162, 1, 0, 14, 1, 0, 215, 1, 0, 136, 3, 242]
1546589874209;[171, 0, 17, 255, 161, 72, 70, 211, 162, 0, 0, 121, 1, 1, 0, 1, 0, 171, 3, 166]
1546589874212;[171, 0, 17, 255, 161, 72, 70, 211, 163, 0, 0, 1, 1, 0, 196, 1, 0, 122, 3, 72]
1546589874380;[171, 0, 17, 255, 161, 72, 70, 211, 163, 1, 0, 40, 1, 0, 172, 1, 0, 150, 2, 227]
1546589874384;[171, 0, 17, 255, 161, 72, 70, 211, 163, 1, 0, 40, 1, 0, 215, 1, 0, 113, 2, 208]
1546589874553;[171, 0, 17, 255, 161, 72, 70, 211, 163, 1, 0, 39, 1, 0, 244, 1, 0, 113, 2, 151]
1546589874727;[171, 0, 17, 255, 161, 72, 70, 211, 163, 0, 0, 73, 1, 0, 235, 1, 0, 159, 2, 9]
1546589874735;[171, 0, 17, 255, 161, 72, 70, 211, 163, 0, 0, 12, 1, 0, 181, 1, 0, 138, 1, 244]
1546589874897;[171, 0, 4, 255, 132, 128, 82]
1546589874902;[171, 0, 17, 255, 161, 72, 70, 211, 163, 1, 0, 62, 1, 0, 177, 1, 0, 131, 1, 171]
1546589875072;[171, 0, 17, 255, 161, 72, 70, 211, 163, 1, 0, 29, 1, 0, 203, 1, 0, 128, 1, 169]
1546589875419;[171, 0, 17, 255, 161, 72, 70, 211, 163, 0, 0, 19, 1, 1, 13, 1, 0, 128, 1, 133]
1546589875422;[171, 0, 17, 255, 161, 72, 70, 211, 163, 0, 0, 34, 1, 0, 240, 1, 0, 83, 1, 66]
1546589875427;[171, 0, 17, 255, 161, 72, 70, 211, 164, 0, 0, 20, 1, 0, 195, 1, 0, 156, 1, 46]
1546589875432;[171, 0, 17, 255, 161, 72, 70, 211, 164, 1, 0, 11, 1, 0, 199, 1, 0, 100, 1, 4]
1546589875588;[171, 0, 17, 255, 161, 72, 70, 211, 164, 1, 0, 16, 1, 0, 198, 1, 0, 138, 0, 225]
1546589875592;[171, 0, 17, 255, 161, 72, 70, 211, 164, 0, 0, 64, 1, 1, 9, 1, 0, 115, 0, 247]
1546589875760;[171, 0, 17, 255, 161, 72, 70, 211, 164, 1, 0, 16, 1, 0, 232, 1, 0, 90, 0, 220]
1546589875934;[171, 0, 17, 255, 161, 72, 70, 211, 164, 1, 0, 26, 1, 0, 181, 1, 0, 141, 16, 189]
1546589875938;[171, 0, 4, 255, 132, 128, 82]
1546589876104;[171, 0, 17, 255, 161, 72, 70, 211, 164, 0, 0, 31, 1, 0, 216, 1, 0, 144, 7, 203]
1546589876106;[171, 0, 17, 255, 161, 72, 70, 211, 164, 1, 0, 33, 1, 0, 229, 1, 0, 95, 7, 166]
1546589876276;[171, 0, 17, 255, 161, 72, 70, 211, 164, 0, 0, 68, 1, 0, 244, 1, 0, 135, 7, 125]
1546589876625;[171, 0, 17, 255, 161, 72, 70, 211, 164, 0, 0, 48, 1, 0, 188, 1, 0, 149, 7, 177]
1546589876629;[171, 0, 17, 255, 161, 72, 70, 211, 165, 1, 0, 32, 1, 0, 177, 1, 0, 121, 7, 131]
1546589876633;[171, 0, 17, 255, 161, 72, 70, 211, 165, 1, 0, 18, 1, 0, 218, 1, 0, 136, 7, 125]
1546589876637;[171, 0, 17, 255, 161, 72, 70, 211, 165, 0, 0, 61, 1, 1, 41, 1, 0, 105, 7, 110]
1546589876969;[171, 0, 17, 255, 161, 72, 70, 211, 165, 1, 0, 1, 1, 0, 239, 1, 0, 71, 7, 111]
1546589876973;[171, 0, 17, 255, 161, 72, 70, 211, 165, 1, 0, 31, 1, 0, 164, 1, 0, 159, 7, 100]
1546589876977;[171, 0, 17, 255, 161, 72, 70, 211, 165, 0, 0, 45, 1, 0, 230, 1, 0, 92, 7, 95]
1546589877140;[171, 0, 4, 255, 132, 128, 82]
1546589877144;[171, 0, 17, 255, 161, 72, 70, 211, 165, 0, 0, 16, 1, 0, 196, 1, 0, 125, 7, 93]
1546589877314;[171, 0, 17, 255, 161, 72, 70, 211, 165, 1, 0, 18, 1, 0, 250, 1, 0, 75, 7, 180]
1546589877318;[171, 0, 17, 255, 161, 72, 70, 211, 165, 0, 0, 46, 1, 0, 193, 1, 0, 49, 6, 243]
1546589877485;[171, 0, 17, 255, 161, 72, 70, 211, 165, 0, 0, 197, 1, 0, 121, 1, 0, 89, 6, 243]
1546589877489;[171, 0, 17, 255, 161, 72, 70, 211, 166, 0, 1, 33, 1, 0, 47, 1, 0, 105, 6, 243]
1546589877658;[171, 0, 17, 255, 161, 72, 70, 211, 166, 0, 0, 232, 1, 0, 21, 1, 0, 157, 6, 206]
1546589878005;[171, 0, 17, 255, 161, 72, 70, 211, 166, 0, 0, 212, 1, 0, 1, 1, 0, 167, 6, 156]
1546589878009;[171, 0, 17, 255, 161, 72, 70, 211, 166, 0, 0, 186, 1, 0, 29, 1, 0, 175, 6, 163]
1546589878013;[171, 0, 17, 255, 161, 72, 70, 211, 166, 0, 0, 215, 1, 0, 34, 1, 0, 194, 6, 220]
1546589878018;[171, 0, 17, 255, 161, 72, 70, 211, 166, 0, 0, 144, 1, 0, 33, 1, 0, 207, 6, 239]
1546589878176;[171, 0, 4, 255, 132, 128, 82]
1546589878348;[171, 0, 17, 255, 161, 72, 70, 211, 166, 0, 0, 105, 1, 0, 16, 1, 0, 220, 6, 204]
1546589878352;[171, 0, 17, 255, 161, 72, 70, 211, 166, 0, 0, 249, 0, 0, 33, 1, 0, 168, 6, 194]
1546589878521;[171, 0, 17, 255, 161, 72, 70, 211, 166, 0, 0, 214, 1, 0, 36, 1, 0, 198, 6, 46]
1546589878524;[171, 0, 17, 255, 161, 72, 70, 211, 166, 0, 0, 255, 1, 0, 145, 1, 0, 136, 5, 114]
1546589878694;[171, 0, 17, 255, 161, 72, 70, 211, 167, 0, 0, 145, 1, 0, 193, 1, 0, 80, 4, 202]
1546589878698;[171, 0, 17, 255, 161, 72, 70, 211, 167, 1, 0, 8, 1, 0, 175, 1, 0, 29, 4, 150]
1546589878865;[171, 0, 17, 255, 161, 72, 70, 211, 167, 1, 0, 52, 1, 0, 179, 1, 0, 144, 4, 182]
1546589879211;[171, 0, 17, 255, 161, 72, 70, 211, 167, 0, 0, 5, 1, 0, 200, 1, 0, 154, 4, 178]
1546589879217;[171, 0, 17, 255, 161, 72, 70, 211, 167, 0, 0, 6, 1, 0, 206, 1, 0, 123, 4, 185]
1546589879220;[171, 0, 17, 255, 161, 72, 70, 211, 167, 0, 0, 11, 1, 0, 219, 1, 0, 117, 4, 185]
1546589879224;[171, 0, 4, 255, 132, 128, 82]
1546589879383;[171, 0, 17, 255, 161, 72, 70, 211, 167, 0, 0, 32, 1, 0, 212, 1, 0, 124, 4, 181]
1546589879387;[171, 0, 17, 255, 161, 72, 70, 211, 167, 0, 0, 11, 1, 0, 245, 1, 0, 116, 4, 181]
1546589879556;[171, 0, 17, 255, 161, 72, 70, 211, 167, 0, 0, 102, 1, 0, 240, 1, 0, 122, 3, 220]
1546589879728;[171, 0, 17, 255, 161, 72, 70, 211, 167, 0, 0, 24, 1, 0, 206, 1, 0, 111, 3, 167]
1546589879732;[171, 0, 17, 255, 161, 72, 70, 211, 168, 1, 0, 4, 1, 0, 187, 1, 0, 131, 3, 121]
1546589879901;[171, 0, 17, 255, 161, 72, 70, 211, 168, 0, 0, 28, 1, 0, 225, 1, 0, 131, 3, 111]
1546589879905;[171, 0, 17, 255, 161, 72, 70, 211, 168, 1, 0, 9, 1, 1, 4, 1, 0, 83, 3, 93]
1546589880073;[171, 0, 17, 255, 161, 72, 70, 211, 168, 0, 0, 43, 1, 0, 248, 1, 0, 108, 3, 133]
1546589880593;[171, 0, 17, 255, 161, 72, 70, 211, 168, 0, 0, 31, 1, 0, 204, 1, 0, 133, 3, 154]
1546589880597;[171, 0, 17, 255, 161, 72, 70, 211, 170, 1, 0, 4, 1, 0, 217, 1, 0, 101, 4, 101]
1546589880602;[171, 0, 17, 255, 161, 72, 70, 211, 170, 1, 0, 21, 1, 0, 219, 1, 0, 123, 4, 147]
1546589880607;[171, 0, 17, 255, 161, 72, 70, 211, 170, 1, 0, 8, 1, 0, 217, 1, 0, 120, 5, 15]
1546589880762;[171, 0, 17, 255, 161, 72, 70, 211, 170, 1, 0, 52, 1, 0, 200, 1, 0, 120, 5, 122]
1546589881109;[171, 0, 17, 255, 161, 72, 70, 211, 171, 1, 0, 44, 1, 0, 196, 1, 0, 133, 6, 37]
1546589881283;[171, 0, 17, 255, 161, 72, 70, 211, 171, 1, 0, 105, 1, 0, 141, 1, 0, 125, 6, 103]
1546589881287;[171, 0, 17, 255, 161, 72, 70, 211, 171, 1, 0, 22, 1, 0, 147, 1, 0, 175, 6, 165]
1546589881291;[171, 0, 17, 255, 161, 72, 70, 211, 171, 0, 0, 30, 1, 0, 166, 1, 0, 206, 6, 192]
1546589881295;[171, 0, 17, 255, 161, 72, 70, 211, 171, 0, 0, 69, 1, 0, 110, 1, 0, 188, 6, 169]
1546589881454;[171, 0, 17, 255, 161, 72, 70, 211, 171, 0, 0, 75, 1, 0, 96, 1, 0, 217, 6, 178]
1546589881458;[171, 0, 4, 255, 132, 128, 82]
1546589881799;[171, 0, 17, 255, 161, 72, 70, 211, 171, 0, 0, 154, 1, 0, 75, 1, 0, 211, 6, 222]
1546589881803;[171, 0, 17, 255, 161, 72, 70, 211, 171, 0, 0, 224, 1, 0, 19, 1, 0, 224, 6, 230]
1546589881807;[171, 0, 17, 255, 161, 72, 70, 211, 171, 0, 0, 189, 0, 0, 39, 1, 0, 164, 6, 229]
1546589881811;[171, 0, 17, 255, 161, 72, 70, 211, 171, 0, 0, 161, 0, 0, 158, 1, 0, 203, 7, 85]
1546589881970;[171, 0, 17, 255, 161, 72, 70, 211, 172, 0, 0, 71, 0, 0, 100, 1, 0, 124, 7, 198]
1546589882144;[171, 0, 17, 255, 161, 72, 70, 211, 172, 0, 0, 248, 0, 0, 172, 1, 0, 240, 7, 239]
1546589882147;[171, 0, 17, 255, 161, 72, 70, 211, 172, 0, 0, 87, 0, 0, 95, 1, 0, 120, 7, 210]
1546589882317;[171, 0, 17, 255, 161, 72, 70, 211, 172, 0, 0, 206, 0, 0, 169, 1, 0, 179, 8, 12]
1546589882321;[171, 0, 17, 255, 161, 72, 70, 211, 172, 0, 0, 104, 0, 0, 101, 1, 0, 165, 7, 208]
1546589882487;[171, 0, 17, 255, 161, 72, 70, 211, 172, 0, 0, 194, 0, 0, 150, 1, 0, 193, 7, 232]
1546589882490;[171, 0, 4, 255, 132, 128, 81]
1546589882660;[171, 0, 17, 255, 161, 72, 70, 211, 172, 0, 0, 105, 0, 0, 115, 1, 0, 151, 7, 193]
1546589883008;[171, 0, 17, 255, 161, 72, 70, 211, 172, 0, 0, 139, 0, 0, 116, 1, 0, 181, 7, 212]
1546589883012;[171, 0, 17, 255, 161, 72, 70, 211, 172, 0, 0, 156, 0, 0, 115, 1, 0, 207, 7, 218]
1546589883016;[171, 0, 17, 255, 161, 72, 70, 211, 172, 0, 1, 48, 0, 0, 91, 1, 0, 174, 7, 93]
1546589883020;[171, 0, 17, 255, 161, 72, 70, 211, 173, 0, 1, 107, 1, 0, 16, 1, 0, 144, 7, 2]
1546589883178;[171, 0, 17, 255, 161, 72, 70, 211, 173, 0, 0, 228, 1, 0, 65, 1, 0, 53, 6, 72]
1546589883350;[171, 0, 17, 255, 161, 72, 70, 211, 173, 0, 0, 118, 1, 0, 102, 1, 0, 2, 3, 210]
1546589883354;[171, 0, 17, 255, 161, 72, 70, 211, 173, 0, 0, 95, 1, 0, 97, 1, 0, 8, 3, 210]
1546589883523;[171, 0, 17, 255, 161, 72, 70, 211, 173, 0, 0, 134, 1, 0, 173, 1, 0, 8, 3, 210]
1546589883527;[171, 0, 17, 255, 161, 72, 70, 211, 173, 0, 0, 151, 1, 0, 208, 1, 0, 32, 6, 13]
1546589883696;[171, 0, 4, 255, 132, 128, 79]
1546589883700;[171, 0, 17, 255, 161, 72, 70, 211, 173, 0, 0, 139, 1, 0, 209, 1, 0, 2, 6, 145]
1546589883867;[171, 0, 17, 255, 161, 72, 70, 211, 173, 0, 0, 135, 1, 0, 203, 1, 0, 22, 5, 184]
1546589884041;[171, 0, 17, 255, 161, 72, 70, 211, 173, 0, 0, 138, 1, 0, 209, 1, 0, 15, 4, 222]
1546589884045;[171, 0, 17, 255, 161, 72, 70, 211, 173, 0, 0, 138, 1, 0, 221, 1, 0, 24, 2, 81]
1546589884389;[171, 0, 17, 255, 161, 72, 70, 211, 174, 0, 0, 146, 1, 0, 225, 0, 0, 10, 2, 81]
1546589884392;[171, 0, 17, 255, 161, 72, 70, 211, 174, 0, 0, 123, 1, 0, 201, 1, 0, 13, 2, 81]
1546589884397;[171, 0, 17, 255, 161, 72, 70, 211, 174, 0, 0, 108, 1, 0, 184, 1, 0, 24, 6, 164]
1546589884401;[171, 0, 17, 255, 161, 72, 70, 211, 174, 0, 0, 141, 1, 0, 219, 1, 0, 13, 9, 19]
1546589884559;[171, 0, 17, 255, 161, 72, 70, 211, 174, 0, 0, 138, 1, 0, 209, 1, 0, 3, 6, 6]
1546589884905;[171, 0, 17, 255, 161, 72, 70, 211, 174, 0, 0, 145, 1, 0, 215, 1, 0, 5, 2, 122]
1546589884908;[171, 0, 4, 255, 132, 128, 78]
1546589884913;[171, 0, 17, 255, 161, 72, 70, 211, 174, 0, 0, 142, 1, 0, 211, 1, 0, 3, 16, 0]
1546589884917;[171, 0, 17, 255, 161, 72, 70, 211, 174, 0, 0, 139, 1, 0, 213, 0, 0, 14, 4, 248]
1546589885076;[171, 0, 17, 255, 161, 72, 70, 211, 174, 0, 0, 126, 1, 0, 205, 1, 0, 8, 4, 248]
1546589885250;[171, 0, 17, 255, 161, 72, 70, 211, 174, 0, 0, 128, 1, 0, 192, 1, 0, 5, 9, 207]
1546589885254;[171, 0, 17, 255, 161, 72, 70, 211, 175, 0, 0, 146, 1, 0, 218, 0, 0, 6, 11, 68]
1546589885595;[171, 0, 17, 255, 161, 72, 70, 211, 175, 0, 0, 144, 1, 0, 215, 0, 0, 11, 9, 103]
1546589885600;[171, 0, 17, 255, 161, 72, 70, 211, 175, 0, 0, 151, 1, 0, 231, 0, 0, 6, 2, 109]
1546589885605;[171, 0, 17, 255, 161, 72, 70, 211, 175, 0, 0, 142, 1, 0, 202, 0, 0, 22, 2, 109]
1546589885609;[171, 0, 17, 255, 161, 72, 70, 211, 175, 0, 0, 110, 1, 0, 170, 0, 0, 4, 6, 160]
1546589885765;[171, 0, 17, 255, 161, 72, 70, 211, 175, 0, 0, 135, 1, 0, 211, 1, 0, 2, 6, 160]
1546589885940;[171, 0, 4, 255, 132, 128, 77]
1546589885944;[171, 0, 17, 255, 161, 72, 70, 211, 175, 0, 0, 141, 1, 0, 220, 0, 0, 14, 6, 160]
1546589886111;[171, 0, 17, 255, 161, 72, 70, 211, 175, 0, 0, 143, 1, 0, 215, 0, 0, 1, 4, 160]
1546589886115;[171, 0, 17, 255, 161, 72, 70, 211, 175, 0, 0, 160, 1, 0, 234, 0, 0, 29, 4, 160]
1546589886457;[171, 0, 17, 255, 161, 72, 70, 211, 175, 0, 0, 149, 1, 0, 209, 0, 0, 20, 4, 160]
1546589886463;[171, 0, 17, 255, 161, 72, 70, 211, 176, 0, 0, 116, 1, 0, 168, 0, 0, 13, 9, 148]
1546589886474;[171, 0, 17, 255, 161, 72, 70, 211, 176, 0, 0, 143, 1, 0, 204, 1, 0, 5, 9, 148]
1546589886627;[171, 0, 17, 255, 161, 72, 70, 211, 176, 0, 0, 146, 1, 0, 217, 0, 0, 6, 9, 148]
1546589886631;[171, 0, 17, 255, 161, 72, 70, 211, 176, 0, 0, 144, 1, 0, 215, 0, 0, 10, 8, 209]
1546589886974;[171, 0, 17, 255, 161, 72, 70, 211, 176, 0, 0, 144, 1, 0, 210, 0, 0, 10, 4, 237]
1546589886978;[171, 0, 17, 255, 161, 72, 70, 211, 176, 0, 0, 157, 1, 0, 226, 0, 0, 12, 4, 237]
1546589886982;[171, 0, 4, 255, 132, 128, 76]
1546589887146;[171, 0, 17, 255, 161, 72, 70, 211, 176, 0, 0, 131, 1, 0, 205, 0, 0, 15, 4, 237]
1546589887150;[171, 0, 17, 255, 161, 72, 70, 211, 176, 0, 0, 118, 1, 0, 181, 0, 0, 12, 8, 82]
1546589887319;[171, 0, 17, 255, 161, 72, 70, 211, 176, 0, 0, 144, 1, 0, 209, 1, 0, 13, 8, 82]
1546589887322;[171, 0, 17, 255, 161, 72, 70, 211, 176, 0, 0, 144, 1, 0, 207, 0, 0, 18, 8, 82]
1546589887489;[171, 0, 17, 255, 161, 72, 70, 211, 177, 0, 0, 138, 1, 0, 210, 0, 0, 6, 8, 93]
1546589887493;[171, 0, 17, 255, 161, 72, 70, 211, 177, 0, 0, 143, 1, 0, 203, 0, 0, 9, 6, 93]
1546589887676;[171, 0, 17, 255, 161, 72, 70, 211, 177, 0, 0, 141, 1, 0, 217, 0, 0, 5, 6, 93]
1546589887837;[171, 0, 17, 255, 161, 72, 70, 211, 177, 0, 0, 144, 1, 0, 197, 0, 0, 24, 6, 93]
1546589887841;[171, 0, 17, 255, 161, 72, 70, 211, 177, 0, 0, 131, 1, 0, 187, 0, 0, 11, 9, 163]
1546589888184;[171, 0, 17, 255, 161, 72, 70, 211, 177, 0, 0, 142, 1, 0, 203, 1, 0, 19, 9, 163]
1546589888188;[171, 0, 4, 255, 132, 128, 76]
1546589888192;[171, 0, 17, 255, 161, 72, 70, 211, 177, 0, 0, 147, 1, 0, 211, 0, 0, 11, 9, 163]
1546589888196;[171, 0, 17, 255, 161, 72, 70, 211, 177, 0, 0, 143, 1, 0, 214, 0, 0, 1, 8, 13]
1546589888353;[171, 0, 17, 255, 161, 72, 70, 211, 177, 0, 0, 151, 1, 0, 218, 0, 0, 10, 8, 13]
1546589888526;[171, 0, 17, 255, 161, 72, 70, 211, 177, 0, 0, 135, 1, 0, 206, 0, 0, 8, 8, 13]
1546589888530;[171, 0, 17, 255, 161, 72, 70, 211, 178, 0, 0, 118, 1, 0, 182, 0, 0, 17, 12, 97]
1546589888698;[171, 0, 17, 255, 161, 72, 70, 211, 178, 0, 0, 143, 1, 0, 210, 0, 0, 3, 14, 169]
1546589888702;[171, 0, 17, 255, 161, 72, 70, 211, 178, 0, 0, 141, 1, 0, 208, 0, 0, 14, 12, 223]
1546589888871;[171, 0, 17, 255, 161, 72, 70, 211, 178, 0, 0, 143, 1, 0, 217, 0, 0, 17, 10, 248]
1546589889044;[171, 0, 17, 255, 161, 72, 70, 211, 178, 0, 0, 144, 1, 0, 203, 0, 0, 17, 7, 120]
1546589889048;[171, 0, 17, 255, 161, 72, 70, 211, 178, 0, 0, 149, 1, 0, 200, 0, 0, 39, 6, 195]
1546589889562;[171, 0, 4, 255, 132, 128, 77]
1546589889566;[171, 0, 17, 255, 161, 72, 70, 211, 178, 0, 0, 139, 1, 0, 221, 0, 0, 8, 8, 87]
1546589889570;[171, 0, 17, 255, 161, 72, 70, 211, 178, 0, 0, 121, 1, 0, 187, 0, 0, 14, 12, 12]
1546589889574;[171, 0, 17, 255, 161, 72, 70, 211, 178, 0, 0, 146, 1, 0, 204, 1, 0, 3, 13, 60]
1546589889735;[171, 0, 17, 255, 161, 72, 70, 211, 178, 0, 0, 146, 1, 0, 181, 0, 0, 17, 13, 61]
1546589889740;[171, 0, 17, 255, 161, 72, 70, 211, 179, 0, 0, 138, 1, 0, 136, 0, 0, 24, 13, 61]
1546589889743;[171, 0, 17, 255, 161, 72, 70, 211, 179, 0, 0, 173, 1, 0, 137, 0, 0, 26, 13, 61]
1546589889906;[171, 0, 17, 255, 161, 72, 70, 211, 179, 0, 0, 204, 1, 0, 127, 0, 0, 29, 14, 23]
1546589889910;[171, 0, 17, 255, 161, 72, 70, 211, 179, 0, 0, 230, 1, 0, 84, 1, 0, 6, 14, 23]
1546589890078;[171, 0, 17, 255, 161, 72, 70, 211, 179, 0, 1, 11, 1, 0, 56, 1, 0, 30, 14, 23]
1546589890252;[171, 0, 17, 255, 161, 72, 70, 211, 179, 0, 1, 20, 1, 0, 28, 1, 0, 34, 14, 23]
1546589890255;[171, 0, 4, 255, 132, 128, 77]
1546589890423;[171, 0, 17, 255, 161, 72, 70, 211, 179, 0, 1, 20, 1, 0, 7, 1, 0, 35, 14, 23]
1546589890427;[171, 0, 17, 255, 161, 72, 70, 211, 179, 0, 1, 7, 0, 0, 21, 1, 0, 62, 14, 23]
1546589890769;[171, 0, 17, 255, 161, 72, 70, 211, 179, 0, 0, 226, 0, 0, 62, 1, 0, 96, 14, 31]
1546589890773;[171, 0, 17, 255, 161, 72, 70, 211, 179, 0, 0, 231, 0, 0, 87, 1, 0, 111, 14, 72]
1546589890777;[171, 0, 17, 255, 161, 72, 70, 211, 180, 0, 1, 30, 0, 0, 95, 1, 0, 141, 15, 44]
1546589890941;[171, 0, 17, 255, 161, 72, 70, 211, 180, 0, 0, 194, 0, 0, 106, 1, 0, 124, 14, 111]
1546589890946;[171, 0, 17, 255, 161, 72, 70, 211, 180, 0, 0, 211, 0, 0, 91, 1, 0, 102, 14, 111]
1546589891114;[171, 0, 17, 255, 161, 72, 70, 211, 180, 0, 0, 221, 0, 0, 105, 1, 0, 98, 14, 111]
1546589891118;[171, 0, 17, 255, 161, 72, 70, 211, 180, 0, 0, 218, 0, 0, 104, 1, 0, 102, 14, 111]
1546589891286;[171, 0, 17, 255, 161, 72, 70, 211, 180, 0, 0, 216, 0, 0, 100, 1, 0, 97, 14, 111]
1546589891290;[171, 0, 4, 255, 132, 128, 79]
1546589891456;[171, 0, 17, 255, 161, 72, 70, 211, 180, 0, 0, 211, 0, 0, 98, 1, 0, 100, 14, 111]
1546589891978;[171, 0, 17, 255, 161, 72, 70, 211, 180, 0, 0, 218, 0, 0, 103, 1, 0, 97, 14, 3]
1546589891982;[171, 0, 17, 255, 161, 72, 70, 211, 180, 0, 0, 219, 0, 0, 100, 1, 0, 97, 13, 214]
1546589891986;[171, 0, 17, 255, 161, 72, 70, 211, 180, 0, 0, 218, 0, 0, 107, 1, 0, 95, 14, 84]
1546589891990;[171, 0, 17, 255, 161, 72, 70, 211, 181, 0, 0, 223, 0, 0, 107, 1, 0, 95, 14, 91]
1546589892150;[171, 0, 17, 255, 161, 72, 70, 211, 181, 0, 0, 211, 0, 0, 104, 1, 0, 96, 14, 105]
1546589892154;[171, 0, 17, 255, 161, 72, 70, 211, 181, 0, 0, 223, 0, 0, 105, 1, 0, 88, 14, 103]
1546589892162;[171, 0, 17, 255, 161, 72, 70, 211, 181, 0, 0, 215, 0, 0, 101, 1, 0, 88, 14, 99]
1546589892318;[171, 0, 17, 255, 161, 72, 70, 211, 181, 0, 0, 215, 0, 0, 101, 1, 0, 88, 14, 104]
