1546590139690;[171, 0, 17, 255, 161, 72, 70, 212, 192, 0, 0, 201, 0, 0, 169, 1, 0, 192, 9, 56]
1546590141888;[171, 0, 17, 255, 161, 72, 70, 212, 192, 0, 0, 39, 0, 0, 98, 1, 0, 185, 9, 32]
1546590141898;[171, 0, 4, 255, 132, 128, 85]
1546590141901;[171, 0, 17, 255, 161, 72, 70, 212, 192, 0, 0, 225, 0, 0, 190, 1, 0, 254, 9, 23]
1546590141903;[171, 0, 17, 255, 161, 72, 70, 212, 192, 0, 0, 24, 0, 0, 107, 1, 0, 156, 9, 21]
1546590141905;[171, 0, 17, 255, 161, 72, 70, 212, 192, 0, 0, 210, 0, 0, 176, 1, 0, 210, 9, 12]
1546590141910;[171, 0, 17, 255, 161, 72, 70, 212, 192, 0, 0, 44, 0, 0, 98, 1, 0, 178, 9, 4]
1546590141911;[171, 0, 17, 255, 161, 72, 70, 212, 193, 0, 0, 201, 0, 0, 173, 1, 0, 242, 9, 8]
1546590141913;[171, 0, 17, 255, 161, 72, 70, 212, 193, 0, 0, 46, 0, 0, 106, 1, 0, 158, 8, 255]
1546590141915;[171, 0, 17, 255, 161, 72, 70, 212, 193, 0, 0, 167, 0, 0, 140, 1, 0, 231, 8, 252]
1546590141917;[171, 0, 17, 255, 161, 72, 70, 212, 193, 0, 0, 58, 0, 0, 98, 1, 0, 171, 9, 7]
1546590141929;[171, 0, 17, 255, 161, 72, 70, 212, 193, 0, 0, 194, 0, 0, 161, 1, 0, 234, 9, 26]
1546590141931;[171, 0, 17, 255, 161, 72, 70, 212, 193, 0, 0, 54, 0, 0, 107, 1, 0, 154, 9, 35]
1546590141933;[171, 0, 4, 255, 132, 128, 85]
1546590141935;[171, 0, 17, 255, 161, 72, 70, 212, 193, 0, 0, 146, 0, 0, 126, 1, 0, 224, 9, 70]
1546590141944;[171, 0, 17, 255, 161, 72, 70, 212, 193, 0, 0, 81, 0, 0, 120, 1, 0, 145, 9, 93]
1546590141952;[171, 0, 17, 255, 161, 72, 70, 212, 193, 0, 0, 183, 0, 0, 147, 1, 0, 225, 9, 142]
1546590141954;[171, 0, 17, 255, 161, 72, 70, 212, 193, 0, 0, 70, 0, 0, 107, 1, 0, 165, 9, 188]
1546590141961;[171, 0, 17, 255, 161, 72, 70, 212, 194, 0, 0, 112, 0, 0, 114, 1, 0, 212, 10, 22]
1546590141963;[171, 0, 17, 255, 161, 72, 70, 212, 194, 0, 0, 154, 0, 0, 100, 1, 0, 215, 10, 58]
1546590141965;[171, 0, 17, 255, 161, 72, 70, 212, 194, 0, 0, 226, 0, 0, 65, 1, 1, 48, 10, 115]
1546590141967;[171, 0, 17, 255, 161, 72, 70, 212, 194, 0, 0, 110, 1, 0, 39, 1, 0, 220, 10, 185]
1546590141969;[171, 0, 17, 255, 161, 72, 70, 212, 194, 0, 0, 30, 1, 0, 84, 1, 0, 158, 9, 229]
1546590142101;[171, 0, 17, 255, 161, 72, 70, 212, 194, 0, 0, 99, 1, 0, 73, 1, 0, 99, 9, 217]
1546590142105;[171, 0, 4, 255, 132, 128, 85]
1546590142274;[171, 0, 17, 255, 161, 72, 70, 212, 194, 0, 0, 163, 1, 0, 13, 1, 0, 106, 13, 205]
1546590142278;[171, 0, 17, 255, 161, 72, 70, 212, 194, 0, 0, 203, 0, 0, 65, 1, 0, 138, 12, 118]
1546590142447;[171, 0, 17, 255, 161, 72, 70, 212, 194, 0, 0, 203, 0, 0, 28, 1, 0, 191, 12, 23]
1546590142619;[171, 0, 17, 255, 161, 72, 70, 212, 194, 0, 0, 176, 1, 0, 7, 1, 0, 190, 9, 164]
1546590142623;[171, 0, 17, 255, 161, 72, 70, 212, 195, 0, 0, 163, 1, 0, 7, 1, 0, 166, 7, 22]
1546590142964;[171, 0, 17, 255, 161, 72, 70, 212, 195, 0, 0, 199, 0, 0, 62, 1, 0, 185, 9, 156]
1546590142968;[171, 0, 17, 255, 161, 72, 70, 212, 195, 0, 1, 37, 0, 0, 136, 1, 0, 71, 13, 90]
1546590142973;[171, 0, 17, 255, 161, 72, 70, 212, 195, 0, 0, 64, 1, 0, 65, 1, 0, 31, 13, 2]
1546590143137;[171, 0, 17, 255, 161, 72, 70, 212, 195, 0, 1, 53, 1, 0, 197, 1, 0, 63, 31, 255]
1546590143140;[171, 0, 17, 255, 161, 72, 70, 212, 195, 0, 0, 250, 1, 0, 196, 1, 0, 178, 6, 213]
1546590143308;[171, 0, 4, 255, 132, 128, 85]
1546590143482;[171, 0, 17, 255, 161, 72, 70, 212, 195, 0, 1, 0, 1, 0, 165, 1, 0, 101, 6, 213]
1546590143487;[171, 0, 17, 255, 161, 72, 70, 212, 195, 0, 0, 221, 1, 0, 37, 1, 0, 43, 6, 213]
1546590143490;[171, 0, 17, 255, 161, 72, 70, 212, 195, 0, 1, 3, 0, 0, 103, 1, 0, 43, 31, 255]
1546590143653;[171, 0, 17, 255, 161, 72, 70, 212, 195, 0, 0, 183, 1, 0, 12, 1, 0, 67, 8, 61]
1546590143826;[171, 0, 17, 255, 161, 72, 70, 212, 196, 0, 0, 201, 1, 0, 40, 1, 0, 49, 8, 61]
1546590143830;[171, 0, 17, 255, 161, 72, 70, 212, 196, 0, 1, 17, 1, 0, 9, 1, 0, 18, 4, 215]
1546590144172;[171, 0, 17, 255, 161, 72, 70, 212, 196, 0, 1, 113, 1, 0, 2, 0, 0, 15, 2, 180]
1546590144175;[171, 0, 17, 255, 161, 72, 70, 212, 196, 0, 1, 66, 0, 0, 35, 0, 0, 3, 8, 106]
1546590144183;[171, 0, 17, 255, 161, 72, 70, 212, 196, 0, 0, 253, 0, 0, 68, 1, 0, 19, 8, 140]
1546590144343;[171, 0, 17, 255, 161, 72, 70, 212, 198, 0, 0, 66, 0, 0, 37, 1, 0, 246, 4, 124]
1546590144516;[171, 0, 17, 255, 161, 72, 70, 212, 198, 0, 0, 63, 0, 0, 40, 1, 0, 253, 4, 128]
1546590144520;[171, 0, 17, 255, 161, 72, 70, 212, 198, 0, 0, 64, 0, 0, 38, 1, 0, 246, 4, 141]
1546590144688;[171, 0, 17, 255, 161, 72, 70, 212, 198, 0, 0, 65, 0, 0, 33, 1, 0, 247, 4, 154]
1546590144861;[171, 0, 17, 255, 161, 72, 70, 212, 199, 0, 0, 67, 0, 0, 38, 1, 0, 240, 4, 139]
1546590145032;[171, 0, 17, 255, 161, 72, 70, 212, 199, 0, 0, 65, 0, 0, 33, 1, 0, 230, 4, 103]
1546590145036;[171, 0, 17, 255, 161, 72, 70, 212, 199, 0, 0, 71, 0, 0, 37, 1, 0, 238, 4, 72]
1546590145724;[171, 0, 17, 255, 161, 72, 70, 212, 199, 0, 0, 67, 0, 0, 33, 1, 0, 249, 4, 79]
1546590145728;[171, 0, 17, 255, 161, 72, 70, 212, 199, 0, 0, 72, 0, 0, 39, 1, 0, 237, 4, 81]
1546590145733;[171, 0, 17, 255, 161, 72, 70, 212, 199, 0, 0, 78, 0, 0, 40, 1, 0, 240, 4, 70]
1546590145736;[171, 0, 4, 255, 132, 128, 90]
1546590145898;[171, 0, 17, 255, 161, 72, 70, 212, 199, 0, 0, 71, 0, 0, 38, 1, 0, 247, 4, 48]
1546590145902;[171, 0, 17, 255, 161, 72, 70, 212, 199, 0, 0, 72, 0, 0, 37, 1, 0, 249, 4, 41]
1546590145906;[171, 0, 17, 255, 161, 72, 70, 212, 199, 0, 0, 71, 0, 0, 37, 1, 0, 242, 4, 18]
1546590145910;[171, 0, 17, 255, 161, 72, 70, 212, 199, 0, 0, 67, 0, 0, 37, 1, 0, 241, 4, 16]
1546590146069;[171, 0, 17, 255, 161, 72, 70, 212, 200, 0, 0, 67, 0, 0, 38, 1, 0, 240, 4, 5]
1546590146073;[171, 0, 17, 255, 161, 72, 70, 212, 200, 0, 0, 66, 0, 0, 39, 1, 0, 242, 4, 6]
1546590146078;[171, 0, 17, 255, 161, 72, 70, 212, 200, 0, 0, 72, 0, 0, 38, 1, 0, 242, 3, 253]
1546590146240;[171, 0, 17, 255, 161, 72, 70, 212, 200, 0, 0, 67, 0, 0, 37, 1, 0, 240, 3, 242]
1546590146413;[171, 0, 17, 255, 161, 72, 70, 212, 200, 0, 0, 76, 0, 0, 35, 1, 0, 241, 3, 223]
1546590146417;[171, 0, 17, 255, 161, 72, 70, 212, 200, 0, 0, 76, 0, 0, 38, 1, 0, 241, 3, 205]
1546590146758;[171, 0, 4, 255, 132, 128, 92]
1546590146762;[171, 0, 17, 255, 161, 72, 70, 212, 200, 0, 0, 72, 0, 0, 37, 1, 0, 238, 3, 201]
1546590146766;[171, 0, 17, 255, 161, 72, 70, 212, 200, 0, 0, 76, 0, 0, 39, 1, 0, 243, 3, 206]
1546590146930;[171, 0, 17, 255, 161, 72, 70, 212, 200, 0, 0, 77, 0, 0, 38, 1, 0, 240, 3, 204]
1546590146933;[171, 0, 17, 255, 161, 72, 70, 212, 200, 0, 0, 77, 0, 0, 38, 1, 0, 236, 3, 207]
1546590147103;[171, 0, 17, 255, 161, 72, 70, 212, 201, 0, 0, 77, 0, 0, 39, 1, 0, 238, 3, 201]
1546590147108;[171, 0, 17, 255, 161, 72, 70, 212, 201, 0, 0, 77, 0, 0, 38, 1, 0, 240, 3, 194]
1546590147276;[171, 0, 17, 255, 161, 72, 70, 212, 201, 0, 0, 77, 0, 0, 40, 1, 0, 241, 3, 183]
1546590147280;[171, 0, 17, 255, 161, 72, 70, 212, 201, 0, 0, 77, 0, 0, 39, 1, 0, 240, 3, 196]
1546590147447;[171, 0, 17, 255, 161, 72, 70, 212, 201, 0, 0, 81, 0, 0, 40, 1, 0, 238, 3, 212]
1546590147620;[171, 0, 17, 255, 161, 72, 70, 212, 201, 0, 0, 80, 0, 0, 44, 1, 0, 238, 3, 227]
1546590147624;[171, 0, 4, 255, 132, 128, 93]
1546590147969;[171, 0, 17, 255, 161, 72, 70, 212, 201, 0, 0, 77, 0, 0, 39, 1, 0, 238, 3, 231]
1546590147973;[171, 0, 17, 255, 161, 72, 70, 212, 201, 0, 0, 80, 0, 0, 40, 1, 0, 235, 3, 239]
1546590147977;[171, 0, 17, 255, 161, 72, 70, 212, 201, 0, 0, 80, 0, 0, 40, 1, 0, 240, 3, 240]
1546590147981;[171, 0, 17, 255, 161, 72, 70, 212, 201, 0, 0, 78, 0, 0, 39, 1, 0, 235, 3, 237]
1546590148139;[171, 0, 17, 255, 161, 72, 70, 212, 202, 0, 0, 82, 0, 0, 39, 1, 0, 236, 4, 10]
1546590148312;[171, 0, 17, 255, 161, 72, 70, 212, 202, 0, 0, 80, 0, 0, 44, 1, 0, 237, 4, 57]
1546590148316;[171, 0, 17, 255, 161, 72, 70, 212, 202, 0, 0, 80, 0, 0, 44, 1, 0, 235, 4, 77]
1546590148482;[171, 0, 17, 255, 161, 72, 70, 212, 202, 0, 0, 84, 0, 0, 40, 1, 0, 239, 4, 112]
1546590148486;[171, 0, 17, 255, 161, 72, 70, 212, 202, 0, 0, 80, 0, 0, 40, 1, 0, 237, 4, 122]
1546590148656;[171, 0, 17, 255, 161, 72, 70, 212, 202, 0, 0, 80, 0, 0, 39, 1, 0, 236, 4, 141]
1546590148828;[171, 0, 4, 255, 132, 128, 95]
1546590149003;[171, 0, 17, 255, 161, 72, 70, 212, 202, 0, 0, 83, 0, 0, 49, 1, 0, 237, 4, 144]
1546590149007;[171, 0, 17, 255, 161, 72, 70, 212, 202, 0, 0, 83, 0, 0, 40, 1, 0, 237, 4, 189]
1546590149011;[171, 0, 17, 255, 161, 72, 70, 212, 202, 0, 0, 83, 0, 0, 48, 1, 0, 237, 4, 248]
1546590149347;[171, 0, 17, 255, 161, 72, 70, 212, 202, 0, 0, 83, 0, 0, 48, 1, 0, 234, 5, 33]
1546590149351;[171, 0, 17, 255, 161, 72, 70, 212, 203, 0, 0, 86, 0, 0, 44, 1, 0, 229, 5, 69]
1546590149355;[171, 0, 17, 255, 161, 72, 70, 212, 203, 0, 0, 86, 0, 0, 44, 1, 0, 229, 5, 102]
1546590149518;[171, 0, 17, 255, 161, 72, 70, 212, 203, 0, 0, 97, 0, 0, 50, 1, 0, 230, 5, 124]
1546590149522;[171, 0, 17, 255, 161, 72, 70, 212, 203, 0, 0, 86, 0, 0, 57, 1, 0, 229, 5, 195]
1546590149690;[171, 0, 17, 255, 161, 72, 70, 212, 203, 0, 0, 106, 0, 0, 84, 1, 0, 220, 6, 102]
1546590149694;[171, 0, 17, 255, 161, 72, 70, 212, 203, 0, 0, 114, 0, 0, 97, 1, 0, 229, 6, 228]
1546590149863;[171, 0, 4, 255, 132, 128, 96]
1546590150036;[171, 0, 17, 255, 161, 72, 70, 212, 203, 0, 0, 83, 0, 0, 96, 1, 0, 235, 7, 69]
1546590150039;[171, 0, 17, 255, 161, 72, 70, 212, 203, 0, 0, 101, 0, 0, 103, 1, 0, 219, 7, 123]
1546590150209;[171, 0, 17, 255, 161, 72, 70, 212, 203, 0, 0, 114, 0, 0, 98, 1, 0, 212, 7, 167]
1546590150213;[171, 0, 17, 255, 161, 72, 70, 212, 203, 0, 0, 103, 0, 0, 98, 1, 0, 206, 7, 192]
1546590150555;[171, 0, 17, 255, 161, 72, 70, 212, 204, 0, 0, 138, 0, 0, 104, 1, 0, 202, 7, 180]
1546590150559;[171, 0, 17, 255, 161, 72, 70, 212, 204, 0, 0, 101, 0, 0, 111, 1, 0, 208, 7, 195]
1546590150563;[171, 0, 17, 255, 161, 72, 70, 212, 204, 0, 0, 138, 0, 0, 121, 1, 0, 202, 8, 23]
1546590150727;[171, 0, 17, 255, 161, 72, 70, 212, 204, 0, 0, 138, 0, 0, 116, 1, 0, 191, 8, 68]
1546590150731;[171, 0, 17, 255, 161, 72, 70, 212, 204, 0, 0, 141, 0, 0, 121, 1, 0, 188, 8, 84]
1546590150898;[171, 0, 17, 255, 161, 72, 70, 212, 204, 0, 0, 159, 0, 0, 121, 1, 0, 170, 8, 86]
1546590150902;[171, 0, 4, 255, 132, 128, 95]
1546590151244;[171, 0, 17, 255, 161, 72, 70, 212, 204, 0, 0, 147, 0, 0, 125, 1, 0, 168, 8, 84]
1546590151248;[171, 0, 17, 255, 161, 72, 70, 212, 204, 0, 0, 153, 0, 0, 120, 1, 0, 168, 8, 89]
1546590151252;[171, 0, 17, 255, 161, 72, 70, 212, 204, 0, 0, 160, 0, 0, 121, 1, 0, 170, 8, 92]
1546590151416;[171, 0, 17, 255, 161, 72, 70, 212, 204, 0, 0, 157, 0, 0, 120, 1, 0, 169, 8, 160]
1546590151420;[171, 0, 17, 255, 161, 72, 70, 212, 205, 0, 0, 155, 0, 0, 121, 1, 0, 168, 8, 189]
1546590151588;[171, 0, 17, 255, 161, 72, 70, 212, 205, 0, 0, 156, 0, 0, 122, 1, 0, 168, 8, 236]
1546590151935;[171, 0, 17, 255, 161, 72, 70, 212, 205, 0, 0, 151, 0, 0, 127, 1, 0, 164, 9, 19]
1546590151940;[171, 0, 17, 255, 161, 72, 70, 212, 205, 0, 0, 157, 0, 0, 124, 1, 0, 168, 9, 19]
1546590151944;[171, 0, 17, 255, 161, 72, 70, 212, 205, 0, 0, 149, 0, 0, 130, 1, 0, 161, 9, 21]
1546590151948;[171, 0, 17, 255, 161, 72, 70, 212, 205, 0, 0, 147, 0, 0, 130, 1, 0, 167, 9, 16]
1546590152105;[171, 0, 4, 255, 132, 128, 95]
1546590152110;[171, 0, 17, 255, 161, 72, 70, 212, 205, 0, 0, 146, 0, 0, 127, 1, 0, 166, 9, 37]
1546590152278;[171, 0, 17, 255, 161, 72, 70, 212, 205, 0, 0, 146, 0, 0, 129, 1, 0, 168, 9, 45]
1546590152282;[171, 0, 17, 255, 161, 72, 70, 212, 205, 0, 0, 146, 0, 0, 141, 1, 0, 164, 9, 20]
1546590152451;[171, 0, 17, 255, 161, 72, 70, 212, 205, 0, 0, 145, 0, 0, 141, 1, 0, 166, 9, 0]
1546590152623;[171, 0, 17, 255, 161, 72, 70, 212, 206, 0, 0, 146, 0, 0, 140, 1, 0, 166, 8, 218]
1546590152627;[171, 0, 17, 255, 161, 72, 70, 212, 206, 0, 0, 144, 0, 0, 139, 1, 0, 164, 8, 187]
1546590152796;[171, 0, 17, 255, 161, 72, 70, 212, 206, 0, 0, 143, 0, 0, 140, 1, 0, 164, 8, 157]
1546590152800;[171, 0, 17, 255, 161, 72, 70, 212, 206, 0, 0, 145, 0, 0, 141, 1, 0, 163, 8, 177]
1546590153142;[171, 0, 17, 255, 161, 72, 70, 212, 206, 0, 0, 143, 0, 0, 142, 1, 0, 164, 8, 173]
1546590153147;[171, 0, 17, 255, 161, 72, 70, 212, 206, 0, 0, 146, 0, 0, 147, 1, 0, 158, 8, 159]
1546590153150;[171, 0, 4, 255, 132, 128, 93]
1546590153314;[171, 0, 17, 255, 161, 72, 70, 212, 206, 0, 0, 146, 0, 0, 145, 1, 0, 162, 8, 150]
1546590153318;[171, 0, 17, 255, 161, 72, 70, 212, 206, 0, 0, 141, 0, 0, 141, 1, 0, 164, 8, 146]
1546590153485;[171, 0, 17, 255, 161, 72, 70, 212, 206, 0, 0, 146, 0, 0, 145, 1, 0, 162, 8, 135]
1546590153489;[171, 0, 17, 255, 161, 72, 70, 212, 206, 0, 0, 144, 0, 0, 146, 1, 0, 162, 8, 121]
1546590153658;[171, 0, 17, 255, 161, 72, 70, 212, 207, 0, 0, 143, 0, 0, 143, 1, 0, 163, 8, 150]
1546590153832;[171, 0, 17, 255, 161, 72, 70, 212, 207, 0, 0, 143, 0, 0, 145, 1, 0, 161, 8, 176]
1546590153836;[171, 0, 17, 255, 161, 72, 70, 212, 207, 0, 0, 144, 0, 0, 145, 1, 0, 163, 8, 174]
1546590154004;[171, 0, 17, 255, 161, 72, 70, 212, 207, 0, 0, 141, 0, 0, 143, 1, 0, 163, 8, 193]
1546590154008;[171, 0, 17, 255, 161, 72, 70, 212, 207, 0, 0, 144, 0, 0, 145, 1, 0, 163, 8, 201]
1546590154523;[171, 0, 17, 255, 161, 72, 70, 212, 207, 0, 0, 145, 0, 0, 146, 1, 0, 161, 8, 203]
1546590154527;[171, 0, 4, 255, 132, 128, 91]
1546590154532;[171, 0, 17, 255, 161, 72, 70, 212, 207, 0, 0, 144, 0, 0, 145, 1, 0, 164, 8, 196]
1546590154536;[171, 0, 17, 255, 161, 72, 70, 212, 207, 0, 0, 143, 0, 0, 143, 1, 0, 163, 8, 227]
1546590154694;[171, 0, 17, 255, 161, 72, 70, 212, 207, 0, 0, 144, 0, 0, 143, 1, 0, 163, 8, 239]
1546590154698;[171, 0, 17, 255, 161, 72, 70, 212, 207, 0, 0, 146, 0, 0, 146, 1, 0, 161, 8, 241]
1546590154703;[171, 0, 17, 255, 161, 72, 70, 212, 208, 0, 0, 143, 0, 0, 147, 1, 0, 163, 8, 254]
1546590154866;[171, 0, 17, 255, 161, 72, 70, 212, 208, 0, 0, 144, 0, 0, 143, 1, 0, 161, 9, 0]
1546590154870;[171, 0, 17, 255, 161, 72, 70, 212, 208, 0, 0, 151, 0, 0, 144, 1, 0, 161, 8, 251]
1546590155038;[171, 0, 17, 255, 161, 72, 70, 212, 208, 0, 0, 144, 0, 0, 145, 1, 0, 163, 8, 248]
1546590155211;[171, 0, 17, 255, 161, 72, 70, 212, 208, 0, 0, 146, 0, 0, 141, 1, 0, 162, 9, 15]
1546590155215;[171, 0, 17, 255, 161, 72, 70, 212, 208, 0, 0, 143, 0, 0, 144, 1, 0, 163, 9, 35]
1546590155383;[171, 0, 4, 255, 132, 128, 90]
1546590155387;[171, 0, 17, 255, 161, 72, 70, 212, 208, 0, 0, 146, 0, 0, 142, 1, 0, 162, 9, 41]
1546590155729;[171, 0, 17, 255, 161, 72, 70, 212, 208, 0, 0, 145, 0, 0, 145, 1, 0, 163, 9, 48]
1546590155733;[171, 0, 17, 255, 161, 72, 70, 212, 208, 0, 0, 143, 0, 0, 143, 1, 0, 163, 9, 58]
1546590155737;[171, 0, 17, 255, 161, 72, 70, 212, 208, 0, 0, 145, 0, 0, 145, 1, 0, 163, 9, 47]
1546590155900;[171, 0, 17, 255, 161, 72, 70, 212, 209, 0, 0, 147, 0, 0, 145, 1, 0, 164, 9, 54]
1546590155904;[171, 0, 17, 255, 161, 72, 70, 212, 209, 0, 0, 144, 0, 0, 145, 1, 0, 161, 9, 80]
1546590156076;[171, 0, 17, 255, 161, 72, 70, 212, 209, 0, 0, 146, 0, 0, 147, 1, 0, 154, 9, 98]
1546590156079;[171, 0, 17, 255, 161, 72, 70, 212, 209, 0, 0, 146, 0, 0, 145, 1, 0, 153, 9, 105]
1546590156423;[171, 0, 17, 255, 161, 72, 70, 212, 209, 0, 0, 144, 0, 0, 145, 1, 0, 162, 9, 113]
1546590156425;[171, 0, 17, 255, 161, 72, 70, 212, 209, 0, 0, 146, 0, 0, 142, 1, 0, 158, 9, 115]
1546590156428;[171, 0, 4, 255, 132, 128, 89]
1546590156938;[171, 0, 17, 255, 161, 72, 70, 212, 209, 0, 0, 151, 0, 0, 141, 1, 0, 162, 9, 120]
1546590156942;[171, 0, 17, 255, 161, 72, 70, 212, 209, 0, 0, 146, 0, 0, 141, 1, 0, 153, 9, 120]
1546590156946;[171, 0, 17, 255, 161, 72, 70, 212, 209, 0, 0, 144, 0, 0, 145, 1, 0, 164, 9, 139]
1546590156950;[171, 0, 17, 255, 161, 72, 70, 212, 209, 0, 0, 146, 0, 0, 145, 1, 0, 162, 9, 153]
1546590157109;[171, 0, 17, 255, 161, 72, 70, 212, 210, 0, 0, 146, 0, 0, 141, 1, 0, 158, 9, 170]
1546590157113;[171, 0, 17, 255, 161, 72, 70, 212, 210, 0, 0, 146, 0, 0, 130, 1, 0, 161, 9, 184]
1546590157117;[171, 0, 17, 255, 161, 72, 70, 212, 210, 0, 0, 147, 0, 0, 143, 1, 0, 163, 9, 189]
1546590157281;[171, 0, 17, 255, 161, 72, 70, 212, 210, 0, 0, 146, 0, 0, 145, 1, 0, 161, 9, 196]
1546590157285;[171, 0, 17, 255, 161, 72, 70, 212, 210, 0, 0, 154, 0, 0, 141, 1, 0, 163, 9, 224]
1546590157453;[171, 0, 17, 255, 161, 72, 70, 212, 210, 0, 0, 151, 0, 0, 143, 1, 0, 154, 9, 242]
1546590157625;[171, 0, 4, 255, 132, 128, 89]
1546590157630;[171, 0, 17, 255, 161, 72, 70, 212, 210, 0, 0, 154, 0, 0, 140, 1, 0, 163, 10, 5]
1546590157798;[171, 0, 17, 255, 161, 72, 70, 212, 210, 0, 0, 146, 0, 0, 135, 1, 0, 157, 10, 14]
1546590157802;[171, 0, 17, 255, 161, 72, 70, 212, 210, 0, 0, 144, 0, 0, 141, 1, 0, 162, 10, 23]
1546590157971;[171, 0, 17, 255, 161, 72, 70, 212, 210, 0, 0, 147, 0, 0, 139, 1, 0, 161, 10, 21]
1546590157975;[171, 0, 17, 255, 161, 72, 70, 212, 211, 0, 0, 151, 0, 0, 141, 1, 0, 162, 10, 28]
1546590158318;[171, 0, 17, 255, 161, 72, 70, 212, 211, 0, 0, 143, 0, 0, 136, 1, 0, 148, 10, 44]
1546590158323;[171, 0, 17, 255, 161, 72, 70, 212, 211, 0, 0, 141, 0, 0, 145, 1, 0, 164, 10, 58]
1546590158326;[171, 0, 17, 255, 161, 72, 70, 212, 211, 0, 0, 143, 0, 0, 145, 1, 0, 163, 10, 65]
1546590158488;[171, 0, 17, 255, 161, 72, 70, 212, 211, 0, 0, 146, 0, 0, 141, 1, 0, 162, 10, 67]
1546590158492;[171, 0, 17, 255, 161, 72, 70, 212, 211, 0, 0, 152, 0, 0, 140, 1, 0, 162, 10, 61]
1546590158660;[171, 0, 4, 255, 132, 128, 88]
1546590158833;[171, 0, 17, 255, 161, 72, 70, 212, 211, 0, 0, 143, 0, 0, 135, 1, 0, 163, 10, 60]
1546590158837;[171, 0, 17, 255, 161, 72, 70, 212, 211, 0, 0, 146, 0, 0, 137, 1, 0, 148, 10, 43]
1546590159006;[171, 0, 17, 255, 161, 72, 70, 212, 211, 0, 0, 149, 0, 0, 152, 1, 0, 150, 10, 45]
1546590159010;[171, 0, 17, 255, 161, 72, 70, 212, 211, 0, 0, 151, 0, 0, 146, 1, 0, 154, 10, 42]
1546590159179;[171, 0, 17, 255, 161, 72, 70, 212, 212, 0, 0, 152, 0, 0, 145, 1, 0, 158, 10, 49]
1546590159183;[171, 0, 17, 255, 161, 72, 70, 212, 212, 0, 0, 147, 0, 0, 145, 1, 0, 161, 10, 41]
1546590159524;[171, 0, 17, 255, 161, 72, 70, 212, 212, 0, 0, 145, 0, 0, 148, 1, 0, 157, 10, 31]
1546590159528;[171, 0, 17, 255, 161, 72, 70, 212, 212, 0, 0, 143, 0, 0, 147, 1, 0, 150, 10, 45]
1546590159532;[171, 0, 17, 255, 161, 72, 70, 212, 212, 0, 0, 157, 0, 0, 146, 1, 0, 157, 10, 67]
1546590159696;[171, 0, 17, 255, 161, 72, 70, 212, 212, 0, 0, 143, 0, 0, 146, 1, 0, 158, 10, 70]
1546590159700;[171, 0, 4, 255, 132, 128, 88]
1546590159874;[171, 0, 17, 255, 161, 72, 70, 212, 212, 0, 0, 147, 0, 0, 145, 1, 0, 157, 10, 72]
1546590160042;[171, 0, 17, 255, 161, 72, 70, 212, 212, 0, 0, 144, 0, 0, 145, 1, 0, 157, 10, 60]
1546590160046;[171, 0, 17, 255, 161, 72, 70, 212, 212, 0, 0, 154, 0, 0, 147, 1, 0, 154, 10, 54]
1546590160216;[171, 0, 17, 255, 161, 72, 70, 212, 212, 0, 0, 141, 0, 0, 143, 1, 0, 163, 10, 35]
1546590160219;[171, 0, 17, 255, 161, 72, 70, 212, 213, 0, 0, 141, 0, 0, 145, 1, 0, 161, 10, 24]
1546590160385;[171, 0, 17, 255, 161, 72, 70, 212, 213, 0, 0, 144, 0, 0, 147, 1, 0, 161, 10, 33]
1546590160389;[171, 0, 17, 255, 161, 72, 70, 212, 213, 0, 0, 146, 0, 0, 145, 1, 0, 162, 10, 28]
1546590160558;[171, 0, 17, 255, 161, 72, 70, 212, 213, 0, 0, 146, 0, 0, 141, 1, 0, 163, 10, 21]
1546590160905;[171, 0, 17, 255, 161, 72, 70, 212, 213, 0, 0, 138, 0, 0, 145, 1, 0, 164, 10, 18]
1546590160909;[171, 0, 17, 255, 161, 72, 70, 212, 213, 0, 0, 157, 0, 0, 152, 1, 0, 165, 9, 246]
1546590160913;[171, 0, 4, 255, 132, 128, 87]
1546590160918;[171, 0, 17, 255, 161, 72, 70, 212, 213, 0, 0, 132, 0, 0, 147, 1, 0, 168, 9, 242]
1546590161076;[171, 0, 17, 255, 161, 72, 70, 212, 213, 0, 0, 138, 0, 0, 145, 1, 0, 161, 9, 245]
1546590161080;[171, 0, 17, 255, 161, 72, 70, 212, 213, 0, 0, 139, 0, 0, 145, 1, 0, 164, 9, 250]
1546590161248;[171, 0, 17, 255, 161, 72, 70, 212, 213, 0, 0, 143, 0, 0, 146, 1, 0, 163, 9, 251]
1546590161421;[171, 0, 17, 255, 161, 72, 70, 212, 214, 0, 0, 143, 0, 0, 143, 1, 0, 162, 9, 253]
1546590161424;[171, 0, 17, 255, 161, 72, 70, 212, 214, 0, 0, 141, 0, 0, 145, 1, 0, 163, 9, 246]
1546590161591;[171, 0, 17, 255, 161, 72, 70, 212, 214, 0, 0, 138, 0, 0, 143, 1, 0, 168, 9, 240]
1546590161594;[171, 0, 17, 255, 161, 72, 70, 212, 214, 0, 0, 141, 0, 0, 145, 1, 0, 164, 9, 222]
1546590161770;[171, 0, 17, 255, 161, 72, 70, 212, 214, 0, 0, 144, 0, 0, 145, 1, 0, 163, 9, 206]
1546590161775;[171, 0, 17, 255, 161, 72, 70, 212, 214, 0, 0, 143, 0, 0, 143, 1, 0, 163, 9, 170]
1546590162285;[171, 0, 4, 255, 132, 128, 87]
1546590162290;[171, 0, 17, 255, 161, 72, 70, 212, 214, 0, 0, 141, 0, 0, 143, 1, 0, 162, 9, 129]
1546590162294;[171, 0, 17, 255, 161, 72, 70, 212, 214, 0, 0, 143, 0, 0, 142, 1, 0, 162, 9, 66]
1546590162298;[171, 0, 17, 255, 161, 72, 70, 212, 214, 0, 0, 146, 0, 0, 146, 1, 0, 154, 8, 235]
1546590162458;[171, 0, 17, 255, 161, 72, 70, 212, 214, 0, 0, 143, 0, 0, 137, 1, 0, 162, 8, 164]
1546590162462;[171, 0, 17, 255, 161, 72, 70, 212, 215, 0, 0, 138, 0, 0, 146, 1, 0, 162, 8, 129]
1546590162628;[171, 0, 17, 255, 161, 72, 70, 212, 215, 0, 0, 144, 0, 0, 143, 1, 0, 164, 8, 107]
1546590162801;[171, 0, 17, 255, 161, 72, 70, 212, 215, 0, 0, 143, 0, 0, 145, 1, 0, 164, 8, 106]
1546590162806;[171, 0, 17, 255, 161, 72, 70, 212, 215, 0, 0, 146, 0, 0, 148, 1, 0, 153, 8, 112]
1546590162809;[171, 0, 17, 255, 161, 72, 70, 212, 215, 0, 0, 141, 0, 0, 146, 1, 0, 162, 8, 144]
1546590162974;[171, 0, 17, 255, 161, 72, 70, 212, 215, 0, 0, 143, 0, 0, 147, 1, 0, 161, 8, 145]
1546590162977;[171, 0, 4, 255, 132, 128, 87]
1546590163492;[171, 0, 17, 255, 161, 72, 70, 212, 215, 0, 0, 144, 0, 0, 144, 1, 0, 163, 8, 167]
1546590163496;[171, 0, 17, 255, 161, 72, 70, 212, 215, 0, 0, 143, 0, 0, 147, 1, 0, 162, 8, 211]
1546590163500;[171, 0, 17, 255, 161, 72, 70, 212, 215, 0, 0, 146, 0, 0, 150, 1, 0, 151, 8, 253]
1546590163505;[171, 0, 17, 255, 161, 72, 70, 212, 215, 0, 0, 143, 0, 0, 147, 1, 0, 153, 9, 23]
1546590163663;[171, 0, 17, 255, 161, 72, 70, 212, 216, 0, 0, 143, 0, 0, 147, 1, 0, 161, 9, 43]
1546590163667;[171, 0, 17, 255, 161, 72, 70, 212, 216, 0, 0, 141, 0, 0, 147, 1, 0, 158, 9, 62]
1546590163671;[171, 0, 17, 255, 161, 72, 70, 212, 216, 0, 0, 144, 0, 0, 147, 1, 0, 161, 9, 74]
1546590163836;[171, 0, 17, 255, 161, 72, 70, 212, 216, 0, 0, 144, 0, 0, 147, 1, 0, 158, 9, 85]
1546590164008;[171, 0, 17, 255, 161, 72, 70, 212, 216, 0, 0, 143, 0, 0, 146, 1, 0, 162, 9, 116]
1546590164012;[171, 0, 17, 255, 161, 72, 70, 212, 216, 0, 0, 141, 0, 0, 146, 1, 0, 163, 9, 135]
1546590164181;[171, 0, 4, 255, 132, 128, 86]
1546590164185;[171, 0, 17, 255, 161, 72, 70, 212, 216, 0, 0, 141, 0, 0, 147, 1, 0, 151, 9, 155]
1546590164354;[171, 0, 17, 255, 161, 72, 70, 212, 216, 0, 0, 144, 0, 0, 147, 1, 0, 158, 9, 178]
1546590164701;[171, 0, 17, 255, 161, 72, 70, 212, 216, 0, 0, 143, 0, 0, 143, 1, 0, 161, 9, 180]
1546590164706;[171, 0, 17, 255, 161, 72, 70, 212, 216, 0, 0, 143, 0, 0, 148, 1, 0, 162, 9, 178]
1546590164709;[171, 0, 17, 255, 161, 72, 70, 212, 217, 0, 0, 142, 0, 0, 146, 1, 0, 159, 9, 182]
1546590164714;[171, 0, 17, 255, 161, 72, 70, 212, 217, 0, 0, 146, 0, 0, 146, 1, 0, 162, 9, 211]
1546590165044;[171, 0, 17, 255, 161, 72, 70, 212, 217, 0, 0, 145, 0, 0, 147, 1, 0, 161, 9, 213]
1546590165048;[171, 0, 17, 255, 161, 72, 70, 212, 217, 0, 0, 144, 0, 0, 145, 1, 0, 161, 9, 230]
1546590165052;[171, 0, 17, 255, 161, 72, 70, 212, 217, 0, 0, 143, 0, 0, 146, 1, 0, 162, 9, 228]
1546590165390;[171, 0, 17, 255, 161, 72, 70, 212, 217, 0, 0, 144, 0, 0, 147, 1, 0, 157, 9, 225]
1546590165563;[171, 0, 4, 255, 132, 128, 87]
1546590165568;[171, 0, 17, 255, 161, 72, 70, 212, 217, 0, 0, 145, 0, 0, 145, 1, 0, 163, 9, 214]
1546590165572;[171, 0, 17, 255, 161, 72, 70, 212, 217, 0, 0, 143, 0, 0, 146, 1, 0, 162, 9, 214]
1546590165576;[171, 0, 17, 255, 161, 72, 70, 212, 217, 0, 0, 143, 0, 0, 147, 1, 0, 161, 9, 237]
1546590165908;[171, 0, 17, 255, 161, 72, 70, 212, 217, 0, 0, 152, 0, 0, 143, 1, 0, 154, 9, 238]
1546590165912;[171, 0, 17, 255, 161, 72, 70, 212, 218, 0, 0, 146, 0, 0, 145, 1, 0, 159, 9, 234]
1546590165917;[171, 0, 17, 255, 161, 72, 70, 212, 218, 0, 0, 151, 0, 0, 146, 1, 0, 161, 9, 217]
1546590165921;[171, 0, 17, 255, 161, 72, 70, 212, 218, 0, 0, 146, 0, 0, 145, 1, 0, 161, 9, 204]
1546590166079;[171, 0, 17, 255, 161, 72, 70, 212, 218, 0, 0, 144, 0, 0, 145, 1, 0, 161, 9, 202]
1546590166082;[171, 0, 17, 255, 161, 72, 70, 212, 218, 0, 0, 145, 0, 0, 145, 1, 0, 161, 9, 180]
1546590166423;[171, 0, 17, 255, 161, 72, 70, 212, 220, 0, 0, 146, 0, 0, 146, 1, 0, 161, 9, 2]
1546590166427;[171, 0, 17, 255, 161, 72, 70, 212, 220, 0, 0, 149, 0, 0, 147, 1, 0, 157, 8, 244]
1546590166597;[171, 0, 17, 255, 161, 72, 70, 212, 220, 0, 0, 143, 0, 0, 146, 1, 0, 157, 8, 237]
1546590166601;[171, 0, 17, 255, 161, 72, 70, 212, 220, 0, 0, 146, 0, 0, 147, 1, 0, 157, 8, 224]
1546590166768;[171, 0, 17, 255, 161, 72, 70, 212, 221, 0, 0, 144, 0, 0, 145, 1, 0, 157, 8, 216]
1546590166940;[171, 0, 17, 255, 161, 72, 70, 212, 221, 0, 0, 146, 0, 0, 145, 1, 0, 157, 8, 201]
1546590167287;[171, 0, 17, 255, 161, 72, 70, 212, 221, 0, 0, 146, 0, 0, 145, 1, 0, 158, 8, 186]
1546590167291;[171, 0, 17, 255, 161, 72, 70, 212, 221, 0, 0, 146, 0, 0, 144, 1, 0, 154, 8, 175]
1546590167295;[171, 0, 17, 255, 161, 72, 70, 212, 221, 0, 0, 145, 0, 0, 145, 1, 0, 154, 8, 159]
1546590167299;[171, 0, 17, 255, 161, 72, 70, 212, 221, 0, 0, 146, 0, 0, 147, 1, 0, 158, 8, 165]
1546590167457;[171, 0, 4, 255, 132, 128, 87]
1546590167804;[171, 0, 17, 255, 161, 72, 70, 212, 221, 0, 0, 149, 0, 0, 143, 1, 0, 161, 8, 159]
1546590167808;[171, 0, 17, 255, 161, 72, 70, 212, 221, 0, 0, 147, 0, 0, 143, 1, 0, 157, 8, 149]
1546590167812;[171, 0, 17, 255, 161, 72, 70, 212, 221, 0, 0, 145, 0, 0, 145, 1, 0, 158, 8, 136]
1546590167817;[171, 0, 17, 255, 161, 72, 70, 212, 221, 0, 0, 146, 0, 0, 141, 1, 0, 158, 8, 119]
1546590167976;[171, 0, 17, 255, 161, 72, 70, 212, 222, 0, 0, 151, 0, 0, 145, 1, 0, 158, 8, 110]
1546590167980;[171, 0, 17, 255, 161, 72, 70, 212, 222, 0, 0, 147, 0, 0, 142, 1, 0, 163, 8, 105]
1546590168148;[171, 0, 17, 255, 161, 72, 70, 212, 222, 0, 0, 146, 0, 0, 143, 1, 0, 158, 8, 120]
1546590168492;[171, 0, 17, 255, 161, 72, 70, 212, 222, 0, 0, 146, 0, 0, 146, 1, 0, 161, 8, 116]
1546590168496;[171, 0, 17, 255, 161, 72, 70, 212, 222, 0, 0, 147, 0, 0, 143, 1, 0, 153, 8, 108]
1546590168500;[171, 0, 17, 255, 161, 72, 70, 212, 222, 0, 0, 146, 0, 0, 140, 1, 0, 161, 8, 104]
1546590168503;[171, 0, 4, 255, 132, 128, 87]
1546590168666;[171, 0, 17, 255, 161, 72, 70, 212, 222, 0, 0, 144, 0, 0, 135, 1, 0, 163, 8, 88]
1546590168670;[171, 0, 17, 255, 161, 72, 70, 212, 222, 0, 0, 145, 0, 0, 145, 1, 0, 157, 8, 47]
1546590168839;[171, 0, 17, 255, 161, 72, 70, 212, 222, 0, 0, 145, 0, 0, 146, 1, 0, 161, 8, 39]
1546590169012;[171, 0, 17, 255, 161, 72, 70, 212, 222, 0, 0, 154, 0, 0, 145, 1, 0, 158, 8, 41]
1546590169016;[171, 0, 17, 255, 161, 72, 70, 212, 223, 0, 0, 147, 0, 0, 141, 1, 0, 158, 8, 42]
1546590169184;[171, 0, 17, 255, 161, 72, 70, 212, 223, 0, 0, 151, 0, 0, 145, 1, 0, 158, 8, 38]
1546590169188;[171, 0, 17, 255, 161, 72, 70, 212, 223, 0, 0, 149, 0, 0, 142, 1, 0, 161, 8, 27]
1546590169356;[171, 0, 17, 255, 161, 72, 70, 212, 223, 0, 0, 156, 0, 0, 145, 1, 0, 153, 8, 27]
1546590169875;[171, 0, 17, 255, 161, 72, 70, 212, 223, 0, 0, 154, 0, 0, 145, 1, 0, 154, 8, 28]
1546590169879;[171, 0, 17, 255, 161, 72, 70, 212, 223, 0, 0, 146, 0, 0, 140, 1, 0, 157, 8, 34]
1546590169883;[171, 0, 4, 255, 132, 128, 87]
1546590169887;[171, 0, 17, 255, 161, 72, 70, 212, 223, 0, 0, 145, 0, 0, 143, 1, 0, 161, 8, 45]
1546590170047;[171, 0, 17, 255, 161, 72, 70, 212, 223, 0, 0, 152, 0, 0, 145, 1, 0, 161, 8, 49]
1546590170051;[171, 0, 17, 255, 161, 72, 70, 212, 223, 0, 0, 149, 0, 0, 141, 1, 0, 158, 8, 53]
1546590170055;[171, 0, 17, 255, 161, 72, 70, 212, 223, 0, 0, 156, 0, 0, 140, 1, 0, 157, 8, 51]
1546590170219;[171, 0, 17, 255, 161, 72, 70, 212, 224, 0, 0, 151, 0, 0, 145, 1, 0, 154, 8, 35]
1546590170223;[171, 0, 17, 255, 161, 72, 70, 212, 224, 0, 0, 149, 0, 0, 143, 1, 0, 154, 8, 18]
1546590170391;[171, 0, 17, 255, 161, 72, 70, 212, 224, 0, 0, 151, 0, 0, 145, 1, 0, 158, 8, 19]
1546590170395;[171, 0, 17, 255, 161, 72, 70, 212, 224, 0, 0, 146, 0, 0, 142, 1, 0, 157, 8, 30]
1546590170563;[171, 0, 17, 255, 161, 72, 70, 212, 224, 0, 0, 146, 0, 0, 139, 1, 0, 161, 8, 8]
1546590170736;[171, 0, 17, 255, 161, 72, 70, 212, 224, 0, 0, 158, 0, 0, 145, 1, 0, 157, 8, 5]
1546590170741;[171, 0, 4, 255, 132, 128, 87]
1546590171083;[171, 0, 17, 255, 161, 72, 70, 212, 224, 0, 0, 151, 0, 0, 141, 1, 0, 158, 8, 4]
1546590171087;[171, 0, 17, 255, 161, 72, 70, 212, 224, 0, 0, 156, 0, 0, 141, 1, 0, 157, 7, 252]
1546590171091;[171, 0, 17, 255, 161, 72, 70, 212, 224, 0, 0, 156, 0, 0, 139, 1, 0, 157, 8, 4]
1546590171096;[171, 0, 17, 255, 161, 72, 70, 212, 224, 0, 0, 157, 0, 0, 130, 1, 0, 157, 8, 11]
1546590171253;[171, 0, 17, 255, 161, 72, 70, 212, 225, 0, 0, 171, 0, 0, 139, 1, 0, 165, 8, 27]
1546590171426;[171, 0, 17, 255, 161, 72, 70, 212, 225, 0, 0, 157, 0, 0, 129, 1, 0, 150, 8, 9]
1546590171430;[171, 0, 17, 255, 161, 72, 70, 212, 225, 0, 0, 163, 0, 0, 130, 1, 0, 151, 8, 14]
1546590171598;[171, 0, 17, 255, 161, 72, 70, 212, 225, 0, 0, 164, 0, 0, 129, 1, 0, 151, 7, 253]
1546590171602;[171, 0, 17, 255, 161, 72, 70, 212, 225, 0, 0, 165, 0, 0, 127, 1, 0, 153, 7, 238]
1546590171770;[171, 0, 17, 255, 161, 72, 70, 212, 225, 0, 0, 167, 0, 0, 127, 1, 0, 153, 7, 212]
1546590171774;[171, 0, 4, 255, 132, 128, 87]
1546590171943;[171, 0, 17, 255, 161, 72, 70, 212, 225, 0, 0, 166, 0, 0, 128, 1, 0, 146, 7, 208]
1546590172290;[171, 0, 17, 255, 161, 72, 70, 212, 225, 0, 0, 167, 0, 0, 127, 1, 0, 147, 7, 192]
1546590172294;[171, 0, 17, 255, 161, 72, 70, 212, 225, 0, 0, 167, 0, 0, 127, 1, 0, 153, 7, 162]
1546590172298;[171, 0, 17, 255, 161, 72, 70, 212, 225, 0, 0, 173, 0, 0, 127, 1, 0, 146, 7, 130]
1546590172302;[171, 0, 17, 255, 161, 72, 70, 212, 226, 0, 0, 177, 0, 0, 124, 1, 0, 147, 7, 86]
1546590172460;[171, 0, 17, 255, 161, 72, 70, 212, 226, 0, 0, 176, 0, 0, 127, 1, 0, 151, 7, 51]
1546590172634;[171, 0, 17, 255, 161, 72, 70, 212, 226, 0, 0, 178, 0, 0, 125, 1, 0, 145, 7, 16]
1546590172638;[171, 0, 17, 255, 161, 72, 70, 212, 226, 0, 0, 178, 0, 0, 121, 1, 0, 147, 7, 6]
1546590172805;[171, 0, 17, 255, 161, 72, 70, 212, 226, 0, 0, 178, 0, 0, 127, 1, 0, 145, 6, 237]
1546590172809;[171, 0, 17, 255, 161, 72, 70, 212, 226, 0, 0, 183, 0, 0, 121, 1, 0, 137, 6, 202]
1546590172978;[171, 0, 4, 255, 132, 128, 86]
1546590173326;[171, 0, 17, 255, 161, 72, 70, 212, 226, 0, 0, 190, 0, 0, 128, 1, 0, 157, 6, 179]
1546590173330;[171, 0, 17, 255, 161, 72, 70, 212, 226, 0, 0, 177, 0, 0, 104, 1, 0, 128, 6, 140]
1546590173334;[171, 0, 17, 255, 161, 72, 70, 212, 226, 0, 0, 197, 0, 0, 86, 1, 0, 152, 6, 62]
1546590173339;[171, 0, 17, 255, 161, 72, 70, 212, 226, 0, 0, 199, 0, 0, 120, 1, 0, 207, 6, 81]
1546590173670;[171, 0, 17, 255, 161, 72, 70, 212, 227, 0, 2, 47, 1, 0, 55, 1, 0, 207, 6, 223]
1546590173675;[171, 0, 17, 255, 161, 72, 70, 212, 227, 0, 0, 205, 0, 0, 48, 1, 0, 117, 7, 142]
1546590173678;[171, 0, 17, 255, 161, 72, 70, 212, 227, 0, 0, 87, 1, 0, 159, 0, 0, 1, 9, 4]
1546590173683;[171, 0, 17, 255, 161, 72, 70, 212, 227, 0, 0, 161, 1, 0, 10, 1, 0, 99, 5, 200]
1546590173840;[171, 0, 17, 255, 161, 72, 70, 212, 227, 0, 0, 94, 0, 0, 73, 1, 0, 162, 6, 169]
1546590174013;[171, 0, 17, 255, 161, 72, 70, 212, 227, 0, 0, 9, 0, 0, 18, 1, 0, 205, 6, 136]
1546590174017;[171, 0, 4, 255, 132, 128, 86]
1546590174187;[171, 0, 17, 255, 161, 72, 70, 212, 227, 0, 0, 13, 0, 0, 28, 1, 0, 188, 5, 59]
1546590174190;[171, 0, 17, 255, 161, 72, 70, 212, 227, 0, 0, 83, 1, 0, 145, 1, 0, 175, 4, 165]
1546590174358;[171, 0, 17, 255, 161, 72, 70, 212, 227, 0, 0, 126, 1, 0, 170, 1, 1, 72, 4, 112]
1546590174530;[171, 0, 17, 255, 161, 72, 70, 212, 227, 0, 0, 105, 1, 0, 154, 1, 0, 142, 3, 40]
1546590174534;[171, 0, 17, 255, 161, 72, 70, 212, 228, 0, 0, 189, 1, 0, 183, 1, 0, 114, 3, 40]
1546590174877;[171, 0, 17, 255, 161, 72, 70, 212, 228, 0, 1, 90, 1, 0, 116, 0, 0, 98, 3, 40]
1546590174881;[171, 0, 17, 255, 161, 72, 70, 212, 228, 0, 0, 156, 1, 0, 99, 0, 0, 111, 3, 40]
1546590174886;[171, 0, 17, 255, 161, 72, 70, 212, 228, 0, 1, 5, 1, 0, 78, 0, 0, 137, 3, 40]
1546590174890;[171, 0, 17, 255, 161, 72, 70, 212, 228, 0, 0, 193, 1, 0, 116, 0, 0, 80, 3, 40]
1546590175048;[171, 0, 17, 255, 161, 72, 70, 212, 228, 0, 0, 177, 1, 0, 146, 0, 0, 109, 3, 40]
1546590175221;[171, 0, 4, 255, 132, 128, 86]
1546590175225;[171, 0, 17, 255, 161, 72, 70, 212, 228, 0, 0, 184, 1, 0, 91, 0, 0, 127, 3, 40]
1546590175394;[171, 0, 17, 255, 161, 72, 70, 212, 228, 0, 0, 175, 1, 0, 107, 0, 0, 31, 8, 57]
1546590175398;[171, 0, 17, 255, 161, 72, 70, 212, 228, 0, 1, 51, 1, 0, 67, 0, 0, 104, 16, 24]
1546590175567;[171, 0, 17, 255, 161, 72, 70, 212, 228, 0, 0, 255, 1, 0, 81, 0, 0, 24, 3, 127]
1546590175571;[171, 0, 17, 255, 161, 72, 70, 212, 229, 0, 0, 233, 1, 0, 136, 1, 0, 21, 3, 127]
1546590175738;[171, 0, 17, 255, 161, 72, 70, 212, 229, 0, 0, 237, 1, 0, 143, 1, 0, 70, 3, 127]
1546590175911;[171, 0, 17, 255, 161, 72, 70, 212, 229, 0, 0, 121, 1, 0, 169, 1, 0, 36, 6, 77]
1546590175915;[171, 0, 17, 255, 161, 72, 70, 212, 229, 0, 0, 224, 1, 0, 188, 1, 0, 61, 9, 140]
1546590176257;[171, 0, 17, 255, 161, 72, 70, 212, 229, 0, 0, 81, 1, 0, 79, 1, 0, 19, 11, 39]
1546590176261;[171, 0, 17, 255, 161, 72, 70, 212, 229, 0, 1, 96, 1, 0, 205, 1, 0, 52, 11, 39]
1546590176265;[171, 0, 4, 255, 132, 128, 86]
1546590176428;[171, 0, 17, 255, 161, 72, 70, 212, 229, 1, 0, 12, 1, 0, 139, 1, 0, 16, 11, 39]
1546590176602;[171, 0, 17, 255, 161, 72, 70, 212, 229, 0, 0, 229, 1, 0, 91, 1, 0, 34, 11, 39]
1546590176606;[171, 0, 17, 255, 161, 72, 70, 212, 229, 0, 1, 87, 1, 0, 135, 1, 0, 188, 31, 255]
1546590176610;[171, 0, 17, 255, 161, 72, 70, 212, 229, 0, 0, 171, 1, 0, 98, 1, 0, 89, 8, 38]
1546590176773;[171, 0, 17, 255, 161, 72, 70, 212, 230, 0, 0, 221, 0, 0, 28, 1, 0, 16, 8, 38]
1546590176777;[171, 0, 17, 255, 161, 72, 70, 212, 230, 0, 0, 163, 1, 0, 51, 1, 0, 238, 8, 38]
1546590176947;[171, 0, 17, 255, 161, 72, 70, 212, 230, 0, 0, 216, 1, 0, 40, 1, 0, 182, 7, 50]
1546590177119;[171, 0, 17, 255, 161, 72, 70, 212, 230, 0, 0, 222, 1, 0, 34, 1, 0, 130, 5, 90]
1546590177123;[171, 0, 17, 255, 161, 72, 70, 212, 230, 0, 0, 219, 1, 0, 56, 1, 0, 109, 6, 143]
1546590177467;[171, 0, 17, 255, 161, 72, 70, 212, 230, 0, 0, 191, 1, 0, 47, 1, 0, 102, 7, 109]
1546590177477;[171, 0, 4, 255, 132, 128, 86]
1546590177481;[171, 0, 17, 255, 161, 72, 70, 212, 230, 0, 0, 194, 1, 0, 129, 1, 0, 96, 10, 48]
1546590177485;[171, 0, 17, 255, 161, 72, 70, 212, 230, 0, 0, 237, 1, 0, 112, 1, 0, 123, 10, 18]
1546590177635;[171, 0, 17, 255, 161, 72, 70, 212, 230, 0, 0, 187, 1, 0, 120, 1, 0, 126, 10, 175]
1546590177809;[171, 0, 17, 255, 161, 72, 70, 212, 230, 0, 0, 153, 1, 0, 147, 1, 0, 92, 12, 54]
1546590177812;[171, 0, 17, 255, 161, 72, 70, 212, 231, 0, 0, 162, 1, 0, 118, 1, 0, 123, 12, 182]
1546590177982;[171, 0, 17, 255, 161, 72, 70, 212, 231, 0, 0, 173, 1, 0, 82, 1, 0, 160, 12, 113]
1546590177987;[171, 0, 17, 255, 161, 72, 70, 212, 231, 0, 0, 160, 1, 0, 49, 1, 0, 175, 12, 20]
1546590178153;[171, 0, 17, 255, 161, 72, 70, 212, 231, 0, 0, 132, 1, 0, 52, 1, 0, 153, 31, 255]
1546590178844;[171, 0, 17, 255, 161, 72, 70, 212, 231, 0, 0, 141, 1, 0, 150, 1, 0, 132, 3, 180]
1546590178848;[171, 0, 17, 255, 161, 72, 70, 212, 231, 0, 0, 183, 1, 0, 129, 1, 0, 104, 1, 142]
1546590178852;[171, 0, 4, 255, 132, 128, 87]
1546590178857;[171, 0, 17, 255, 161, 72, 70, 212, 231, 0, 0, 212, 1, 0, 100, 1, 0, 58, 2, 189]
1546590179018;[171, 0, 17, 255, 161, 72, 70, 212, 231, 0, 0, 217, 1, 0, 104, 1, 0, 49, 1, 250]
1546590179022;[171, 0, 17, 255, 161, 72, 70, 212, 231, 0, 0, 196, 1, 0, 136, 1, 0, 47, 5, 4]
1546590179026;[171, 0, 17, 255, 161, 72, 70, 212, 231, 0, 0, 221, 1, 0, 117, 1, 0, 43, 5, 4]
1546590179030;[171, 0, 17, 255, 161, 72, 70, 212, 232, 0, 0, 246, 1, 0, 112, 1, 0, 49, 5, 4]
1546590179188;[171, 0, 17, 255, 161, 72, 70, 212, 232, 0, 0, 253, 1, 0, 115, 1, 0, 32, 5, 4]
1546590179361;[171, 0, 17, 255, 161, 72, 70, 212, 232, 0, 0, 240, 1, 0, 101, 1, 0, 27, 5, 4]
1546590179365;[171, 0, 17, 255, 161, 72, 70, 212, 232, 0, 0, 234, 1, 0, 94, 1, 0, 48, 5, 4]
1546590179369;[171, 0, 17, 255, 161, 72, 70, 212, 232, 0, 1, 10, 1, 0, 88, 1, 0, 45, 5, 4]
1546590179533;[171, 0, 17, 255, 161, 72, 70, 212, 232, 0, 1, 10, 1, 0, 46, 1, 0, 59, 5, 4]
1546590179536;[171, 0, 4, 255, 132, 128, 87]
1546590179706;[171, 0, 17, 255, 161, 72, 70, 212, 232, 0, 0, 249, 1, 0, 16, 1, 0, 59, 5, 4]
1546590179710;[171, 0, 17, 255, 161, 72, 70, 212, 232, 0, 0, 248, 1, 0, 28, 0, 0, 2, 5, 4]
1546590180052;[171, 0, 17, 255, 161, 72, 70, 212, 232, 0, 0, 223, 1, 0, 124, 0, 0, 82, 5, 4]
1546590180056;[171, 0, 17, 255, 161, 72, 70, 212, 232, 0, 0, 194, 1, 0, 69, 0, 0, 33, 5, 4]
1546590180060;[171, 0, 17, 255, 161, 72, 70, 212, 233, 0, 0, 221, 1, 0, 49, 0, 0, 142, 5, 4]
1546590180223;[171, 0, 17, 255, 161, 72, 70, 212, 233, 0, 1, 6, 1, 0, 67, 0, 0, 118, 5, 4]
1546590180227;[171, 0, 17, 255, 161, 72, 70, 212, 233, 0, 0, 231, 1, 0, 97, 0, 0, 155, 5, 4]
1546590180397;[171, 0, 17, 255, 161, 72, 70, 212, 233, 0, 0, 248, 1, 0, 100, 0, 0, 122, 5, 4]
1546590180400;[171, 0, 17, 255, 161, 72, 70, 212, 233, 0, 0, 241, 1, 0, 34, 1, 0, 45, 5, 4]
1546590180568;[171, 0, 17, 255, 161, 72, 70, 212, 233, 0, 0, 185, 1, 0, 114, 1, 0, 85, 5, 4]
1546590180572;[171, 0, 4, 255, 132, 128, 87]
1546590180740;[171, 0, 17, 255, 161, 72, 70, 212, 233, 0, 0, 201, 1, 0, 148, 1, 0, 64, 5, 4]
1546590180914;[171, 0, 17, 255, 161, 72, 70, 212, 233, 0, 1, 2, 1, 0, 6, 1, 0, 131, 5, 4]
1546590180918;[171, 0, 17, 255, 161, 72, 70, 212, 233, 0, 0, 161, 1, 0, 20, 1, 0, 149, 5, 4]
1546590181258;[171, 0, 17, 255, 161, 72, 70, 212, 233, 0, 0, 200, 1, 0, 78, 1, 0, 146, 5, 4]
1546590181262;[171, 0, 17, 255, 161, 72, 70, 212, 234, 0, 0, 186, 1, 0, 85, 1, 0, 140, 5, 4]
1546590181266;[171, 0, 17, 255, 161, 72, 70, 212, 234, 0, 0, 191, 1, 0, 71, 1, 0, 140, 5, 4]
1546590181605;[171, 0, 17, 255, 161, 72, 70, 212, 234, 0, 0, 183, 1, 0, 76, 1, 0, 157, 4, 153]
1546590181608;[171, 0, 17, 255, 161, 72, 70, 212, 234, 0, 0, 188, 1, 0, 71, 1, 0, 154, 4, 21]
1546590181613;[171, 0, 17, 255, 161, 72, 70, 212, 234, 0, 0, 175, 1, 0, 71, 1, 0, 163, 4, 21]
1546590181617;[171, 0, 17, 255, 161, 72, 70, 212, 234, 0, 0, 185, 1, 0, 76, 1, 0, 157, 4, 21]
1546590181776;[171, 0, 4, 255, 132, 128, 87]
1546590181780;[171, 0, 17, 255, 161, 72, 70, 212, 234, 0, 0, 181, 1, 0, 81, 1, 0, 161, 3, 234]
1546590181948;[171, 0, 17, 255, 161, 72, 70, 212, 234, 0, 0, 183, 1, 0, 82, 1, 0, 158, 3, 200]
1546590182121;[171, 0, 17, 255, 161, 72, 70, 212, 234, 0, 0, 184, 1, 0, 77, 1, 0, 154, 3, 162]
1546590182124;[171, 0, 17, 255, 161, 72, 70, 212, 234, 0, 0, 184, 1, 0, 81, 1, 0, 154, 3, 134]
1546590182294;[171, 0, 17, 255, 161, 72, 70, 212, 235, 0, 0, 182, 1, 0, 75, 1, 0, 159, 3, 112]
1546590182298;[171, 0, 17, 255, 161, 72, 70, 212, 235, 0, 0, 181, 1, 0, 73, 1, 0, 162, 3, 77]
1546590182639;[171, 0, 17, 255, 161, 72, 70, 212, 235, 0, 0, 184, 1, 0, 71, 1, 0, 161, 3, 72]
1546590182643;[171, 0, 17, 255, 161, 72, 70, 212, 235, 0, 0, 183, 1, 0, 71, 1, 0, 164, 3, 98]
1546590182647;[171, 0, 17, 255, 161, 72, 70, 212, 235, 0, 0, 183, 1, 0, 71, 1, 0, 166, 3, 93]
1546590182812;[171, 0, 17, 255, 161, 72, 70, 212, 235, 0, 0, 181, 1, 0, 64, 1, 0, 164, 3, 87]
1546590182816;[171, 0, 4, 255, 132, 128, 88]
1546590182984;[171, 0, 17, 255, 161, 72, 70, 212, 235, 0, 0, 175, 1, 0, 65, 1, 0, 169, 3, 81]
1546590182988;[171, 0, 17, 255, 161, 72, 70, 212, 235, 0, 0, 179, 1, 0, 62, 1, 0, 174, 3, 74]
1546590183157;[171, 0, 17, 255, 161, 72, 70, 212, 235, 0, 0, 167, 1, 0, 58, 1, 0, 175, 3, 94]
1546590183328;[171, 0, 17, 255, 161, 72, 70, 212, 235, 0, 0, 171, 1, 0, 53, 1, 0, 184, 3, 132]
1546590183332;[171, 0, 17, 255, 161, 72, 70, 212, 236, 0, 0, 179, 1, 0, 49, 1, 0, 178, 3, 143]
1546590183500;[171, 0, 17, 255, 161, 72, 70, 212, 236, 0, 0, 160, 1, 0, 41, 1, 0, 186, 3, 147]
1546590183504;[171, 0, 17, 255, 161, 72, 70, 212, 236, 0, 0, 167, 1, 0, 35, 1, 0, 186, 3, 136]
1546590183847;[171, 0, 17, 255, 161, 72, 70, 212, 236, 0, 0, 161, 1, 0, 35, 1, 0, 186, 3, 115]
1546590183851;[171, 0, 17, 255, 161, 72, 70, 212, 236, 0, 0, 163, 1, 0, 34, 1, 0, 196, 3, 121]
1546590183855;[171, 0, 17, 255, 161, 72, 70, 212, 236, 0, 0, 158, 1, 0, 30, 1, 0, 201, 3, 151]
1546590184018;[171, 0, 4, 255, 132, 128, 88]
1546590184022;[171, 0, 17, 255, 161, 72, 70, 212, 236, 0, 0, 160, 1, 0, 26, 1, 0, 194, 3, 174]
1546590184365;[171, 0, 17, 255, 161, 72, 70, 212, 236, 0, 0, 161, 1, 0, 24, 1, 0, 196, 3, 193]
1546590184369;[171, 0, 17, 255, 161, 72, 70, 212, 236, 0, 0, 161, 1, 0, 23, 1, 0, 195, 3, 193]
1546590184373;[171, 0, 17, 255, 161, 72, 70, 212, 236, 0, 0, 164, 1, 0, 23, 1, 0, 200, 3, 189]
1546590184377;[171, 0, 17, 255, 161, 72, 70, 212, 237, 0, 0, 161, 1, 0, 24, 1, 0, 194, 3, 173]
1546590184535;[171, 0, 17, 255, 161, 72, 70, 212, 237, 0, 0, 162, 1, 0, 23, 1, 0, 197, 3, 223]
1546590184708;[171, 0, 17, 255, 161, 72, 70, 212, 237, 0, 0, 152, 1, 0, 20, 1, 0, 201, 4, 12]
1546590185228;[171, 0, 17, 255, 161, 72, 70, 212, 237, 0, 0, 155, 1, 0, 24, 1, 0, 208, 4, 32]
1546590185232;[171, 0, 17, 255, 161, 72, 70, 212, 237, 0, 0, 156, 1, 0, 23, 1, 0, 201, 4, 34]
1546590185236;[171, 0, 17, 255, 161, 72, 70, 212, 237, 0, 0, 164, 1, 0, 24, 1, 0, 197, 4, 27]
1546590185240;[171, 0, 4, 255, 132, 128, 88]
1546590185400;[171, 0, 17, 255, 161, 72, 70, 212, 237, 0, 0, 163, 1, 0, 30, 1, 0, 207, 4, 34]
1546590185405;[171, 0, 17, 255, 161, 72, 70, 212, 237, 0, 0, 158, 1, 0, 24, 1, 0, 204, 4, 94]
1546590185408;[171, 0, 17, 255, 161, 72, 70, 212, 237, 0, 0, 177, 1, 0, 26, 1, 0, 184, 4, 131]
1546590185412;[171, 0, 17, 255, 161, 72, 70, 212, 237, 0, 0, 167, 1, 0, 24, 1, 0, 185, 4, 158]
1546590185571;[171, 0, 17, 255, 161, 72, 70, 212, 238, 0, 0, 167, 1, 0, 33, 1, 0, 197, 4, 171]
1546590185575;[171, 0, 17, 255, 161, 72, 70, 212, 238, 0, 0, 165, 1, 0, 32, 1, 0, 191, 4, 168]
1546590185744;[171, 0, 17, 255, 161, 72, 70, 212, 238, 0, 0, 165, 1, 0, 28, 1, 0, 186, 4, 153]
1546590185916;[171, 0, 17, 255, 161, 72, 70, 212, 238, 0, 0, 163, 1, 0, 24, 1, 0, 196, 4, 183]
1546590185920;[171, 0, 17, 255, 161, 72, 70, 212, 238, 0, 0, 166, 1, 0, 29, 1, 0, 197, 4, 229]
1546590186089;[171, 0, 17, 255, 161, 72, 70, 212, 238, 0, 0, 166, 1, 0, 33, 1, 0, 194, 4, 255]
1546590186093;[171, 0, 4, 255, 132, 128, 88]
1546590186608;[171, 0, 17, 255, 161, 72, 70, 212, 238, 0, 0, 161, 1, 0, 24, 1, 0, 194, 5, 11]
1546590186612;[171, 0, 17, 255, 161, 72, 70, 212, 238, 0, 0, 164, 1, 0, 28, 1, 0, 195, 5, 1]
1546590186616;[171, 0, 17, 255, 161, 72, 70, 212, 238, 0, 0, 164, 1, 0, 24, 1, 0, 196, 4, 243]
1546590186621;[171, 0, 17, 255, 161, 72, 70, 212, 238, 0, 0, 164, 1, 0, 26, 1, 0, 196, 4, 230]
1546590186779;[171, 0, 17, 255, 161, 72, 70, 212, 239, 0, 0, 171, 1, 0, 24, 1, 0, 188, 5, 10]
1546590186783;[171, 0, 17, 255, 161, 72, 70, 212, 239, 0, 0, 149, 1, 0, 21, 1, 0, 211, 5, 53]
1546590186787;[171, 0, 17, 255, 161, 72, 70, 212, 239, 0, 0, 143, 1, 0, 33, 1, 0, 216, 5, 61]
1546590187124;[171, 0, 17, 255, 161, 72, 70, 212, 239, 0, 0, 118, 1, 0, 34, 1, 0, 229, 5, 46]
1546590187128;[171, 0, 17, 255, 161, 72, 70, 212, 239, 0, 0, 203, 1, 0, 59, 1, 0, 243, 4, 192]
1546590187133;[171, 0, 17, 255, 161, 72, 70, 212, 239, 0, 1, 0, 1, 0, 163, 1, 0, 156, 6, 210]
1546590187296;[171, 0, 4, 255, 132, 128, 89]
1546590187300;[171, 0, 17, 255, 161, 72, 70, 212, 239, 0, 0, 139, 1, 0, 182, 1, 0, 7, 6, 210]
1546590187816;[171, 0, 17, 255, 161, 72, 70, 212, 239, 0, 0, 203, 1, 0, 57, 0, 0, 60, 6, 210]
1546590187820;[171, 0, 17, 255, 161, 72, 70, 212, 239, 0, 0, 203, 1, 0, 37, 0, 0, 18, 6, 210]
1546590187825;[171, 0, 17, 255, 161, 72, 70, 212, 239, 0, 0, 191, 1, 0, 81, 0, 0, 77, 6, 210]
1546590187829;[171, 0, 17, 255, 161, 72, 70, 212, 240, 0, 1, 25, 1, 0, 74, 0, 0, 169, 6, 210]
1546590187988;[171, 0, 17, 255, 161, 72, 70, 212, 240, 0, 0, 243, 0, 0, 52, 0, 0, 89, 6, 210]
1546590187992;[171, 0, 17, 255, 161, 72, 70, 212, 240, 0, 0, 251, 0, 0, 8, 0, 0, 145, 6, 210]
1546590187996;[171, 0, 17, 255, 161, 72, 70, 212, 240, 0, 1, 30, 1, 0, 5, 0, 0, 123, 6, 210]
1546590188197;[171, 0, 17, 255, 161, 72, 70, 212, 240, 0, 0, 234, 1, 0, 23, 0, 0, 113, 6, 210]
1546590188331;[171, 0, 17, 255, 161, 72, 70, 212, 242, 0, 0, 185, 0, 0, 49, 0, 0, 153, 14, 52]
1546590188504;[171, 0, 17, 255, 161, 72, 70, 212, 242, 0, 0, 216, 0, 0, 53, 0, 0, 136, 13, 148]
1546590188507;[171, 0, 17, 255, 161, 72, 70, 212, 242, 0, 0, 208, 0, 0, 64, 0, 0, 155, 11, 102]
1546590188675;[171, 0, 17, 255, 161, 72, 70, 212, 242, 0, 0, 203, 0, 0, 30, 0, 0, 163, 10, 50]
1546590189022;[171, 0, 17, 255, 161, 72, 70, 212, 243, 0, 0, 201, 0, 0, 57, 0, 0, 159, 11, 242]
1546590189026;[171, 0, 17, 255, 161, 72, 70, 212, 243, 0, 0, 206, 0, 0, 29, 0, 0, 167, 11, 210]
1546590189031;[171, 0, 17, 255, 161, 72, 70, 212, 243, 0, 0, 225, 0, 0, 25, 0, 0, 158, 12, 237]
1546590189193;[171, 0, 17, 255, 161, 72, 70, 212, 243, 0, 0, 236, 0, 0, 33, 0, 0, 131, 10, 171]
1546590189367;[171, 0, 17, 255, 161, 72, 70, 212, 243, 0, 0, 203, 0, 0, 36, 0, 0, 146, 10, 171]
1546590189371;[171, 0, 17, 255, 161, 72, 70, 212, 243, 0, 0, 228, 0, 0, 30, 0, 0, 153, 10, 171]
1546590189375;[171, 0, 4, 255, 132, 128, 92]
1546590189538;[171, 0, 17, 255, 161, 72, 70, 212, 243, 0, 0, 237, 0, 0, 53, 0, 0, 141, 10, 171]
1546590189711;[171, 0, 17, 255, 161, 72, 70, 212, 243, 0, 0, 208, 0, 0, 59, 0, 0, 118, 10, 171]
1546590189715;[171, 0, 17, 255, 161, 72, 70, 212, 243, 0, 0, 209, 0, 0, 107, 0, 0, 84, 12, 23]
1546590189883;[171, 0, 17, 255, 161, 72, 70, 212, 243, 0, 0, 249, 0, 0, 65, 0, 0, 100, 11, 240]
1546590189887;[171, 0, 17, 255, 161, 72, 70, 212, 244, 0, 0, 226, 0, 0, 92, 0, 0, 77, 11, 212]
1546590190228;[171, 0, 17, 255, 161, 72, 70, 212, 244, 0, 0, 192, 0, 0, 105, 0, 0, 95, 11, 4]
1546590190403;[171, 0, 17, 255, 161, 72, 70, 212, 244, 0, 0, 203, 0, 0, 97, 0, 0, 107, 12, 78]
1546590190407;[171, 0, 17, 255, 161, 72, 70, 212, 244, 0, 0, 200, 0, 0, 109, 0, 0, 103, 31, 63]
1546590190413;[171, 0, 17, 255, 161, 72, 70, 212, 244, 0, 0, 211, 0, 0, 109, 0, 0, 106, 8, 214]
1546590190416;[171, 0, 17, 255, 161, 72, 70, 212, 244, 0, 0, 221, 0, 0, 100, 0, 0, 112, 8, 235]
1546590190572;[171, 0, 4, 255, 132, 128, 92]
1546590190576;[171, 0, 17, 255, 161, 72, 70, 212, 244, 0, 0, 219, 0, 0, 94, 0, 0, 140, 8, 239]
1546590190745;[171, 0, 17, 255, 161, 72, 70, 212, 244, 0, 0, 218, 0, 0, 116, 0, 0, 111, 8, 239]
1546590190919;[171, 0, 17, 255, 161, 72, 70, 212, 244, 0, 0, 218, 0, 0, 145, 0, 0, 84, 8, 239]
1546590190923;[171, 0, 17, 255, 161, 72, 70, 212, 244, 0, 0, 200, 0, 0, 176, 0, 0, 69, 8, 239]
1546590191091;[171, 0, 17, 255, 161, 72, 70, 212, 245, 0, 0, 183, 0, 0, 190, 0, 0, 58, 8, 239]
1546590191095;[171, 0, 17, 255, 161, 72, 70, 212, 245, 0, 0, 181, 0, 0, 192, 0, 0, 53, 8, 239]
1546590191263;[171, 0, 17, 255, 161, 72, 70, 212, 245, 0, 0, 187, 0, 0, 185, 0, 0, 57, 8, 239]
1546590191270;[171, 0, 17, 255, 161, 72, 70, 212, 245, 0, 0, 186, 0, 0, 196, 0, 0, 67, 8, 239]
1546590191608;[171, 0, 17, 255, 161, 72, 70, 212, 245, 0, 0, 242, 0, 0, 188, 0, 0, 46, 11, 114]
1546590191612;[171, 0, 17, 255, 161, 72, 70, 212, 245, 0, 1, 13, 0, 0, 119, 0, 0, 58, 11, 114]
1546590191616;[171, 0, 4, 255, 132, 128, 92]
1546590191781;[171, 0, 17, 255, 161, 72, 70, 212, 245, 0, 1, 12, 0, 0, 38, 0, 0, 150, 11, 114]
1546590191784;[171, 0, 17, 255, 161, 72, 70, 212, 245, 0, 0, 160, 0, 0, 150, 0, 0, 169, 11, 114]
1546590191954;[171, 0, 17, 255, 161, 72, 70, 212, 245, 0, 0, 213, 0, 0, 30, 0, 0, 171, 11, 114]
1546590192127;[171, 0, 17, 255, 161, 72, 70, 212, 245, 0, 0, 185, 0, 0, 26, 0, 0, 150, 11, 148]
1546590192131;[171, 0, 17, 255, 161, 72, 70, 212, 246, 0, 0, 191, 1, 0, 17, 0, 0, 164, 13, 115]
1546590192298;[171, 0, 17, 255, 161, 72, 70, 212, 246, 0, 0, 218, 1, 0, 34, 0, 0, 96, 11, 135]
1546590192302;[171, 0, 17, 255, 161, 72, 70, 212, 246, 0, 0, 219, 0, 0, 67, 0, 0, 43, 11, 102]
1546590192471;[171, 0, 17, 255, 161, 72, 70, 212, 246, 0, 0, 208, 1, 0, 52, 0, 0, 89, 10, 55]
1546590192480;[171, 0, 17, 255, 161, 72, 70, 212, 246, 0, 0, 236, 1, 0, 35, 0, 0, 120, 6, 242]
1546590192825;[171, 0, 17, 255, 161, 72, 70, 212, 246, 0, 0, 238, 1, 0, 30, 0, 0, 99, 31, 255]
1546590192827;[171, 0, 4, 255, 132, 128, 92]
1546590192830;[171, 0, 17, 255, 161, 72, 70, 212, 246, 0, 0, 228, 1, 0, 29, 0, 0, 117, 12, 134]
1546590192988;[171, 0, 17, 255, 161, 72, 70, 212, 246, 0, 0, 242, 1, 0, 19, 0, 0, 116, 12, 134]
1546590193162;[171, 0, 17, 255, 161, 72, 70, 212, 246, 0, 0, 209, 0, 0, 11, 0, 0, 199, 12, 134]
1546590193167;[171, 0, 17, 255, 161, 72, 70, 212, 246, 0, 0, 149, 1, 0, 34, 0, 0, 216, 12, 134]
1546590193346;[171, 0, 17, 255, 161, 72, 70, 212, 247, 0, 0, 144, 1, 0, 39, 0, 0, 227, 12, 134]
1546590193351;[171, 0, 17, 255, 161, 72, 70, 212, 247, 0, 0, 123, 1, 0, 49, 0, 0, 227, 12, 134]
1546590193503;[171, 0, 17, 255, 161, 72, 70, 212, 247, 0, 0, 87, 1, 0, 50, 0, 0, 215, 13, 1]
1546590193505;[171, 0, 17, 255, 161, 72, 70, 212, 247, 0, 0, 128, 1, 0, 52, 0, 0, 213, 31, 255]
1546590193678;[171, 0, 17, 255, 161, 72, 70, 212, 247, 0, 0, 90, 1, 0, 55, 0, 0, 237, 12, 213]
1546590193682;[171, 0, 17, 255, 161, 72, 70, 212, 247, 0, 0, 103, 1, 0, 91, 0, 0, 237, 12, 213]
1546590194197;[171, 0, 4, 255, 132, 128, 92]
1546590194201;[171, 0, 17, 255, 161, 72, 70, 212, 247, 0, 0, 72, 1, 0, 79, 0, 0, 227, 12, 213]
1546590194206;[171, 0, 17, 255, 161, 72, 70, 212, 247, 0, 0, 87, 1, 0, 79, 0, 0, 245, 12, 213]
1546590194210;[171, 0, 17, 255, 161, 72, 70, 212, 247, 0, 0, 45, 1, 0, 115, 0, 0, 239, 12, 213]
1546590194369;[171, 0, 17, 255, 161, 72, 70, 212, 247, 0, 0, 127, 1, 0, 106, 0, 0, 177, 12, 213]
1546590194373;[171, 0, 17, 255, 161, 72, 70, 212, 248, 0, 0, 117, 1, 0, 108, 0, 0, 204, 12, 213]
1546590194377;[171, 0, 17, 255, 161, 72, 70, 212, 248, 0, 0, 86, 1, 0, 113, 0, 0, 215, 12, 213]
1546590194540;[171, 0, 17, 255, 161, 72, 70, 212, 248, 0, 0, 75, 1, 0, 124, 0, 0, 237, 12, 213]
1546590194713;[171, 0, 17, 255, 161, 72, 70, 212, 248, 0, 0, 118, 1, 0, 110, 0, 0, 215, 12, 213]
1546590194717;[171, 0, 17, 255, 161, 72, 70, 212, 248, 0, 0, 153, 1, 0, 125, 0, 0, 167, 14, 59]
1546590195059;[171, 0, 17, 255, 161, 72, 70, 212, 248, 0, 0, 153, 1, 0, 116, 0, 0, 129, 14, 59]
1546590195063;[171, 0, 4, 255, 132, 128, 93]
1546590195068;[171, 0, 17, 255, 161, 72, 70, 212, 248, 0, 0, 173, 1, 0, 130, 0, 0, 145, 14, 59]
1546590195406;[171, 0, 17, 255, 161, 72, 70, 212, 248, 0, 0, 161, 1, 0, 106, 0, 0, 151, 14, 59]
1546590195410;[171, 0, 17, 255, 161, 72, 70, 212, 248, 0, 0, 159, 1, 0, 120, 0, 0, 170, 14, 59]
1546590195414;[171, 0, 17, 255, 161, 72, 70, 212, 248, 0, 0, 136, 1, 0, 118, 0, 0, 174, 14, 59]
1546590195419;[171, 0, 17, 255, 161, 72, 70, 212, 249, 0, 0, 119, 1, 0, 106, 0, 0, 200, 9, 55]
1546590195578;[171, 0, 17, 255, 161, 72, 70, 212, 249, 0, 0, 118, 1, 0, 116, 0, 0, 204, 9, 55]
1546590195582;[171, 0, 17, 255, 161, 72, 70, 212, 249, 0, 0, 112, 1, 0, 100, 0, 0, 185, 7, 41]
1546590195747;[171, 0, 17, 255, 161, 72, 70, 212, 249, 0, 0, 114, 1, 0, 95, 0, 0, 189, 10, 156]
1546590195920;[171, 0, 17, 255, 161, 72, 70, 212, 249, 0, 0, 117, 1, 0, 32, 0, 0, 228, 10, 156]
1546590195924;[171, 0, 17, 255, 161, 72, 70, 212, 249, 0, 0, 131, 1, 0, 91, 0, 0, 243, 12, 139]
1546590196092;[171, 0, 4, 255, 132, 128, 93]
1546590196096;[171, 0, 17, 255, 161, 72, 70, 212, 249, 0, 0, 117, 1, 0, 81, 0, 0, 214, 12, 139]
1546590196267;[171, 0, 17, 255, 161, 72, 70, 212, 249, 0, 0, 112, 1, 0, 94, 0, 0, 212, 12, 139]
1546590196271;[171, 0, 17, 255, 161, 72, 70, 212, 249, 0, 0, 109, 1, 0, 91, 0, 0, 198, 12, 112]
1546590196612;[171, 0, 17, 255, 161, 72, 70, 212, 249, 0, 0, 121, 1, 0, 98, 0, 0, 226, 12, 112]
1546590196616;[171, 0, 17, 255, 161, 72, 70, 212, 250, 0, 0, 81, 1, 0, 103, 0, 0, 227, 12, 112]
1546590196620;[171, 0, 17, 255, 161, 72, 70, 212, 250, 0, 0, 72, 1, 0, 118, 0, 0, 229, 12, 112]
1546590196783;[171, 0, 17, 255, 161, 72, 70, 212, 250, 0, 0, 90, 1, 0, 11, 0, 0, 191, 12, 112]
1546590196787;[171, 0, 17, 255, 161, 72, 70, 212, 250, 0, 0, 11, 1, 0, 56, 0, 0, 203, 12, 112]
1546590196956;[171, 0, 17, 255, 161, 72, 70, 212, 250, 0, 0, 35, 1, 0, 78, 0, 0, 194, 12, 112]
1546590197130;[171, 0, 17, 255, 161, 72, 70, 212, 250, 0, 0, 8, 1, 0, 24, 0, 0, 200, 11, 44]
1546590197133;[171, 0, 4, 255, 132, 128, 93]
1546590197300;[171, 0, 17, 255, 161, 72, 70, 212, 250, 0, 0, 129, 0, 0, 28, 0, 0, 252, 11, 44]
1546590197304;[171, 0, 17, 255, 161, 72, 70, 212, 250, 0, 0, 225, 1, 0, 11, 0, 0, 176, 11, 44]
1546590197477;[171, 0, 17, 255, 161, 72, 70, 212, 250, 0, 0, 251, 1, 0, 21, 0, 0, 153, 11, 44]
1546590197481;[171, 0, 17, 255, 161, 72, 70, 212, 250, 0, 1, 66, 0, 0, 6, 0, 0, 102, 11, 44]
1546590197645;[171, 0, 17, 255, 161, 72, 70, 212, 251, 0, 0, 254, 0, 0, 52, 0, 0, 19, 11, 44]
1546590198164;[171, 0, 17, 255, 161, 72, 70, 212, 251, 0, 0, 253, 0, 0, 67, 1, 0, 18, 11, 44]
1546590198168;[171, 0, 17, 255, 161, 72, 70, 212, 251, 0, 0, 241, 0, 0, 82, 1, 0, 8, 11, 44]
1546590198173;[171, 0, 17, 255, 161, 72, 70, 212, 251, 0, 1, 10, 0, 0, 36, 0, 0, 89, 11, 44]
1546590198177;[171, 0, 17, 255, 161, 72, 70, 212, 251, 0, 0, 221, 0, 0, 12, 0, 0, 164, 11, 44]
1546590198510;[171, 0, 17, 255, 161, 72, 70, 212, 251, 0, 0, 178, 0, 0, 21, 0, 0, 201, 12, 127]
1546590198514;[171, 0, 4, 255, 132, 128, 93]
1546590198517;[171, 0, 17, 255, 161, 72, 70, 212, 251, 0, 0, 144, 0, 0, 3, 0, 0, 200, 31, 93]
1546590198521;[171, 0, 17, 255, 161, 72, 70, 212, 251, 0, 0, 161, 1, 0, 28, 0, 0, 195, 7, 208]
1546590198682;[171, 0, 17, 255, 161, 72, 70, 212, 251, 0, 0, 137, 0, 0, 128, 0, 0, 204, 7, 208]
1546590198686;[171, 0, 17, 255, 161, 72, 70, 212, 251, 0, 0, 196, 1, 0, 54, 0, 0, 164, 7, 208]
1546590198690;[171, 0, 17, 255, 161, 72, 70, 213, 0, 0, 0, 192, 1, 0, 97, 0, 0, 164, 7, 208]
1546590198852;[171, 0, 17, 255, 161, 72, 70, 213, 0, 0, 1, 10, 1, 0, 37, 0, 0, 85, 7, 208]
1546590199201;[171, 0, 17, 255, 161, 72, 70, 213, 0, 0, 1, 3, 0, 0, 80, 0, 0, 106, 7, 208]
1546590199204;[171, 0, 17, 255, 161, 72, 70, 213, 0, 0, 0, 236, 0, 0, 111, 0, 0, 100, 7, 208]
1546590199209;[171, 0, 17, 255, 161, 72, 70, 213, 0, 0, 0, 229, 0, 0, 115, 0, 0, 77, 7, 208]
1546590199213;[171, 0, 17, 255, 161, 72, 70, 213, 0, 0, 0, 241, 0, 0, 88, 0, 0, 80, 7, 208]
1546590199372;[171, 0, 4, 255, 132, 128, 92]
1546590199376;[171, 0, 17, 255, 161, 72, 70, 213, 0, 0, 1, 6, 0, 0, 220, 0, 0, 19, 7, 208]
1546590199542;[171, 0, 17, 255, 161, 72, 70, 213, 0, 0, 1, 26, 0, 0, 84, 0, 0, 58, 7, 208]
1546590199716;[171, 0, 17, 255, 161, 72, 70, 213, 0, 0, 3, 35, 0, 1, 60, 0, 0, 87, 7, 208]
1546590199720;[171, 0, 17, 255, 161, 72, 70, 213, 0, 0, 0, 163, 0, 0, 220, 1, 0, 34, 7, 208]
1546590199888;[171, 0, 17, 255, 161, 72, 70, 213, 1, 0, 0, 177, 0, 0, 132, 0, 0, 53, 7, 208]
1546590199892;[171, 0, 17, 255, 161, 72, 70, 213, 1, 0, 0, 227, 0, 0, 112, 0, 0, 107, 7, 208]
1546590200060;[171, 0, 17, 255, 161, 72, 70, 213, 1, 0, 0, 207, 0, 0, 112, 0, 0, 178, 7, 208]
1546590200233;[171, 0, 17, 255, 161, 72, 70, 213, 1, 0, 0, 199, 1, 0, 52, 0, 0, 236, 7, 208]
1546590200237;[171, 0, 17, 255, 161, 72, 70, 213, 1, 0, 0, 211, 0, 0, 89, 0, 0, 149, 7, 208]
1546590200579;[171, 0, 17, 255, 161, 72, 70, 213, 1, 0, 0, 173, 0, 0, 106, 0, 0, 177, 7, 208]
1546590200583;[171, 0, 4, 255, 132, 128, 91]
1546590200587;[171, 0, 17, 255, 161, 72, 70, 213, 1, 0, 0, 142, 0, 0, 129, 0, 0, 179, 7, 208]
1546590200591;[171, 0, 17, 255, 161, 72, 70, 213, 1, 0, 0, 108, 0, 0, 138, 0, 0, 166, 7, 208]
1546590200750;[171, 0, 17, 255, 161, 72, 70, 213, 1, 0, 0, 112, 0, 0, 142, 0, 0, 161, 7, 208]
1546590200924;[171, 0, 17, 255, 161, 72, 70, 213, 1, 0, 0, 154, 0, 0, 178, 0, 0, 183, 7, 208]
1546590200928;[171, 0, 17, 255, 161, 72, 70, 213, 2, 0, 0, 135, 0, 0, 188, 0, 0, 139, 7, 208]
1546590201096;[171, 0, 17, 255, 161, 72, 70, 213, 2, 0, 0, 123, 0, 0, 174, 0, 0, 141, 7, 208]
1546590201100;[171, 0, 17, 255, 161, 72, 70, 213, 2, 0, 0, 141, 0, 0, 208, 0, 0, 124, 7, 208]
1546590201270;[171, 0, 17, 255, 161, 72, 70, 213, 2, 0, 0, 132, 0, 0, 193, 0, 0, 129, 7, 208]
1546590201441;[171, 0, 17, 255, 161, 72, 70, 213, 2, 0, 0, 131, 0, 0, 197, 0, 0, 107, 7, 208]
1546590201446;[171, 0, 17, 255, 161, 72, 70, 213, 2, 0, 0, 143, 0, 0, 200, 0, 0, 95, 8, 29]
1546590201788;[171, 0, 4, 255, 132, 128, 90]
1546590201792;[171, 0, 17, 255, 161, 72, 70, 213, 2, 0, 0, 135, 0, 0, 207, 0, 0, 84, 8, 153]
1546590201796;[171, 0, 17, 255, 161, 72, 70, 213, 2, 0, 0, 134, 0, 0, 227, 0, 0, 72, 6, 138]
1546590201800;[171, 0, 17, 255, 161, 72, 70, 213, 2, 0, 0, 123, 0, 0, 217, 0, 0, 72, 6, 88]
1546590201957;[171, 0, 17, 255, 161, 72, 70, 213, 2, 0, 0, 120, 0, 0, 217, 0, 0, 67, 7, 131]
1546590202131;[171, 0, 17, 255, 161, 72, 70, 213, 3, 0, 0, 106, 0, 0, 249, 0, 0, 58, 5, 119]
1546590202135;[171, 0, 17, 255, 161, 72, 70, 213, 3, 0, 0, 119, 0, 0, 235, 0, 0, 63, 5, 253]
1546590202304;[171, 0, 17, 255, 161, 72, 70, 213, 3, 0, 0, 138, 0, 0, 205, 0, 0, 80, 7, 170]
1546590202308;[171, 0, 17, 255, 161, 72, 70, 213, 3, 0, 0, 161, 0, 0, 204, 0, 0, 89, 7, 119]
1546590202476;[171, 0, 17, 255, 161, 72, 70, 213, 3, 0, 0, 169, 0, 0, 185, 0, 0, 87, 3, 165]
1546590202480;[171, 0, 17, 255, 161, 72, 70, 213, 3, 0, 0, 103, 0, 0, 216, 1, 0, 59, 3, 165]
1546590202648;[171, 0, 4, 255, 132, 128, 90]
1546590203170;[171, 0, 17, 255, 161, 72, 70, 213, 3, 0, 0, 133, 0, 0, 87, 0, 0, 109, 3, 165]
1546590203174;[171, 0, 17, 255, 161, 72, 70, 213, 3, 0, 0, 195, 0, 0, 109, 0, 0, 153, 3, 165]
1546590203178;[171, 0, 17, 255, 161, 72, 70, 213, 3, 0, 0, 96, 0, 0, 134, 0, 0, 121, 3, 165]
1546590203182;[171, 0, 17, 255, 161, 72, 70, 213, 3, 0, 0, 235, 0, 0, 54, 0, 1, 14, 3, 165]
1546590203339;[171, 0, 17, 255, 161, 72, 70, 213, 4, 1, 0, 78, 0, 0, 195, 0, 0, 104, 3, 165]
1546590203343;[171, 0, 17, 255, 161, 72, 70, 213, 4, 1, 0, 9, 0, 0, 213, 0, 0, 222, 3, 165]
1546590203347;[171, 0, 17, 255, 161, 72, 70, 213, 4, 1, 0, 62, 0, 0, 213, 0, 0, 194, 3, 165]
1546590203685;[171, 0, 17, 255, 161, 72, 70, 213, 4, 1, 0, 36, 0, 0, 128, 0, 0, 215, 3, 165]
1546590203689;[171, 0, 17, 255, 161, 72, 70, 213, 4, 1, 0, 96, 0, 0, 70, 0, 0, 219, 3, 165]
1546590203693;[171, 0, 17, 255, 161, 72, 70, 213, 4, 1, 0, 60, 1, 0, 28, 0, 0, 213, 3, 165]
1546590203697;[171, 0, 4, 255, 132, 128, 89]
1546590203855;[171, 0, 17, 255, 161, 72, 70, 213, 4, 1, 0, 52, 1, 0, 11, 0, 1, 2, 3, 165]
1546590204028;[171, 0, 17, 255, 161, 72, 70, 213, 4, 1, 0, 83, 1, 0, 40, 0, 0, 222, 3, 165]
1546590204375;[171, 0, 17, 255, 161, 72, 70, 213, 4, 0, 0, 109, 1, 0, 110, 0, 0, 147, 3, 165]
1546590204379;[171, 0, 17, 255, 161, 72, 70, 213, 4, 0, 0, 164, 0, 0, 6, 0, 1, 23, 3, 165]
1546590204383;[171, 0, 17, 255, 161, 72, 70, 213, 5, 0, 1, 137, 1, 0, 25, 1, 0, 35, 3, 165]
1546590204387;[171, 0, 17, 255, 161, 72, 70, 213, 5, 0, 0, 223, 1, 0, 97, 1, 0, 93, 3, 165]
1546590204547;[171, 0, 17, 255, 161, 72, 70, 213, 5, 0, 0, 253, 0, 0, 88, 1, 0, 83, 3, 165]
1546590204550;[171, 0, 17, 255, 161, 72, 70, 213, 5, 0, 0, 201, 0, 0, 139, 1, 0, 79, 3, 165]
1546590204718;[171, 0, 17, 255, 161, 72, 70, 213, 5, 1, 0, 71, 0, 1, 83, 0, 0, 36, 3, 165]
1546590204722;[171, 0, 17, 255, 161, 72, 70, 213, 5, 0, 0, 77, 0, 1, 12, 0, 0, 49, 3, 165]
1546590204890;[171, 0, 4, 255, 132, 128, 89]
1546590204894;[171, 0, 17, 255, 161, 72, 70, 213, 5, 0, 0, 74, 0, 1, 46, 0, 0, 31, 3, 165]
1546590205063;[171, 0, 17, 255, 161, 72, 70, 213, 5, 0, 0, 63, 0, 0, 254, 0, 0, 23, 3, 165]
1546590205067;[171, 0, 17, 255, 161, 72, 70, 213, 5, 0, 0, 63, 0, 0, 253, 0, 0, 22, 3, 165]
1546590205235;[171, 0, 17, 255, 161, 72, 70, 213, 5, 0, 0, 63, 0, 0, 254, 0, 0, 22, 3, 165]
1546590205582;[171, 0, 17, 255, 161, 72, 70, 213, 6, 0, 0, 64, 0, 0, 253, 0, 0, 20, 3, 165]
1546590205587;[171, 0, 17, 255, 161, 72, 70, 213, 6, 0, 0, 61, 0, 0, 254, 0, 0, 22, 3, 165]
1546590205590;[171, 0, 17, 255, 161, 72, 70, 213, 6, 0, 0, 63, 0, 0, 251, 0, 0, 22, 3, 165]
1546590205595;[171, 0, 17, 255, 161, 72, 70, 213, 6, 0, 0, 62, 0, 0, 253, 0, 0, 22, 3, 165]
1546590205752;[171, 0, 17, 255, 161, 72, 70, 213, 6, 0, 0, 63, 0, 0, 254, 0, 0, 21, 3, 165]
1546590205926;[171, 0, 17, 255, 161, 72, 70, 213, 6, 0, 0, 61, 0, 0, 253, 0, 0, 24, 3, 165]
1546590205930;[171, 0, 4, 255, 132, 128, 89]
1546590206099;[171, 0, 17, 255, 161, 72, 70, 213, 6, 0, 0, 63, 0, 0, 253, 0, 0, 23, 3, 165]
1546590206103;[171, 0, 17, 255, 161, 72, 70, 213, 6, 0, 0, 61, 0, 0, 254, 0, 0, 23, 3, 165]
1546590206272;[171, 0, 17, 255, 161, 72, 70, 213, 6, 0, 0, 64, 0, 0, 251, 0, 0, 22, 3, 165]
1546590206276;[171, 0, 4, 255, 132, 128, 255]
1546590211961;[171, 0, 4, 255, 132, 128, 255]
1546590221965;[171, 0, 4, 255, 132, 128, 255]
1546590231800;[171, 0, 4, 255, 132, 128, 255]
1546590241806;[171, 0, 4, 255, 132, 128, 255]
1546590251810;[171, 0, 4, 255, 132, 128, 255]
1546590261988;[171, 0, 4, 255, 132, 128, 255]
1546590271910;[171, 0, 4, 255, 132, 128, 255]
1546590281826;[171, 0, 4, 255, 132, 128, 255]
1546590291658;[171, 0, 4, 255, 132, 128, 255]
1546590301664;[171, 0, 4, 255, 132, 128, 255]
1546590312183;[171, 0, 4, 255, 132, 128, 255]
1546590321674;[171, 0, 4, 255, 132, 128, 255]
1546590331678;[171, 0, 4, 255, 132, 128, 255]
1546590341682;[171, 0, 4, 255, 132, 128, 255]
1546590351857;[171, 0, 4, 255, 132, 128, 255]
1546590362034;[171, 0, 4, 255, 132, 128, 255]
1546590371750;[171, 0, 4, 255, 132, 128, 255]
1546590381703;[171, 0, 4, 255, 132, 128, 255]
1546590391707;[171, 0, 4, 255, 132, 128, 255]
1546590401713;[171, 0, 4, 255, 132, 128, 255]
1546590411718;[171, 0, 4, 255, 132, 128, 255]
1546590422237;[171, 0, 4, 255, 132, 128, 255]
1546590431729;[171, 0, 4, 255, 132, 128, 255]
1546590441732;[171, 0, 4, 255, 132, 128, 255]
1546590451739;[171, 0, 4, 255, 132, 128, 255]
1546590461744;[171, 0, 4, 255, 132, 128, 255]
1546590471921;[171, 0, 4, 255, 132, 128, 255]
1546590481751;[171, 0, 4, 255, 132, 128, 255]
1546590491758;[171, 0, 4, 255, 132, 128, 255]
1546590501763;[171, 0, 4, 255, 132, 128, 255]
1546590511772;[171, 0, 4, 255, 132, 128, 255]
1546590521773;[171, 0, 4, 255, 132, 128, 255]
1546590532292;[171, 0, 4, 255, 132, 128, 255]
1546590541783;[171, 0, 4, 255, 132, 128, 255]
1546590551957;[171, 0, 4, 255, 132, 128, 255]
1546590561793;[171, 0, 4, 255, 132, 128, 255]
1546590571971;[171, 0, 4, 255, 132, 128, 255]
1546590581976;[171, 0, 4, 255, 132, 128, 255]
1546590592154;[171, 0, 4, 255, 132, 128, 255]
1546590601815;[171, 0, 4, 255, 132, 128, 255]
1546590611668;[171, 0, 4, 255, 132, 128, 255]
1546590621651;[171, 0, 4, 255, 132, 128, 255]
1546590631828;[171, 0, 4, 255, 132, 128, 255]
1546590641661;[171, 0, 4, 255, 132, 128, 255]
1546590651666;[171, 0, 4, 255, 132, 128, 255]
1546590661671;[171, 0, 4, 255, 132, 128, 255]
1546590671677;[171, 0, 4, 255, 132, 128, 255]
1546590681854;[171, 0, 4, 255, 132, 128, 255]
1546590691686;[171, 0, 4, 255, 132, 128, 255]
1546590701859;[171, 0, 4, 255, 132, 128, 255]
1546590711695;[171, 0, 4, 255, 132, 128, 255]
1546590721703;[171, 0, 4, 255, 132, 128, 255]
1546590731707;[171, 0, 4, 255, 132, 128, 255]
1546590741884;[171, 0, 4, 255, 132, 128, 255]
1546590751718;[171, 0, 4, 255, 132, 128, 255]
1546590761722;[171, 0, 4, 255, 132, 128, 255]
1546590771726;[171, 0, 4, 255, 132, 128, 255]
1546590781732;[171, 0, 4, 255, 132, 128, 255]
1546590791910;[171, 0, 4, 255, 132, 128, 255]
1546590801742;[171, 0, 4, 255, 132, 128, 255]
1546590811915;[171, 0, 4, 255, 132, 128, 255]
1546590821751;[171, 0, 4, 255, 132, 128, 255]
1546590831756;[171, 0, 4, 255, 132, 128, 255]
1546590841762;[171, 0, 4, 255, 132, 128, 255]
1546590852112;[171, 0, 4, 255, 132, 128, 255]
1546590861940;[171, 0, 4, 255, 132, 128, 255]
1546590871777;[171, 0, 4, 255, 132, 128, 255]
1546590881782;[171, 0, 4, 255, 132, 128, 255]
1546590891786;[171, 0, 4, 255, 132, 128, 255]
1546590901675;[171, 0, 4, 255, 132, 128, 255]
1546590911797;[171, 0, 4, 255, 132, 128, 255]
1546590921630;[171, 0, 4, 255, 132, 128, 255]
1546590931633;[171, 0, 4, 255, 132, 128, 255]
1546590942157;[171, 0, 4, 255, 132, 128, 255]
1546590951985;[171, 0, 4, 255, 132, 128, 255]
1546590961650;[171, 0, 4, 255, 132, 128, 255]
1546590971655;[171, 0, 4, 255, 132, 128, 255]
1546590981660;[171, 0, 4, 255, 132, 128, 255]
1546590991665;[171, 0, 4, 255, 132, 128, 255]
1546591001842;[171, 0, 4, 255, 132, 128, 255]
1546591011674;[171, 0, 4, 255, 132, 128, 255]
1546591021680;[171, 0, 4, 255, 132, 128, 255]
1546591031855;[171, 0, 4, 255, 132, 128, 255]
1546591041858;[171, 0, 4, 255, 132, 128, 255]
1546591051864;[171, 0, 4, 255, 132, 128, 255]
1546591062045;[171, 0, 4, 255, 132, 128, 255]
1546591071706;[171, 0, 4, 255, 132, 128, 255]
1546591081711;[171, 0, 4, 255, 132, 128, 255]
1546591091715;[171, 0, 4, 255, 132, 128, 255]
1546591101720;[171, 0, 4, 255, 132, 128, 255]
1546591111899;[171, 0, 4, 255, 132, 128, 255]
1546591121729;[171, 0, 4, 255, 132, 128, 255]
1546591131734;[171, 0, 4, 255, 132, 128, 255]
1546591141742;[171, 0, 4, 255, 132, 128, 255]
1546591151745;[171, 0, 4, 255, 132, 128, 255]
1546591161750;[171, 0, 4, 255, 132, 128, 255]
1546591171755;[171, 0, 4, 255, 132, 128, 255]
1546591181760;[171, 0, 4, 255, 132, 128, 255]
1546591191766;[171, 0, 4, 255, 132, 128, 255]
1546591201938;[171, 0, 4, 255, 132, 128, 255]
1546591211775;[171, 0, 4, 255, 132, 128, 255]
1546591221608;[171, 0, 4, 255, 132, 128, 255]
1546591231613;[171, 0, 4, 255, 132, 128, 255]
1546591241618;[171, 0, 4, 255, 132, 128, 255]
1546591251623;[171, 0, 4, 255, 132, 128, 255]
1546591261627;[171, 0, 4, 255, 132, 128, 255]
1546591271806;[171, 0, 4, 255, 132, 128, 255]
1546591281637;[171, 0, 4, 255, 132, 128, 255]
1546591291643;[171, 0, 4, 255, 132, 128, 255]
1546591301648;[171, 0, 4, 255, 132, 128, 255]
1546591311653;[171, 0, 4, 255, 132, 128, 255]
1546591321830;[171, 0, 4, 255, 132, 128, 255]
1546591331663;[171, 0, 4, 255, 132, 128, 255]
1546591341836;[171, 0, 4, 255, 132, 128, 255]
1546591351674;[171, 0, 4, 255, 132, 128, 255]
1546591361678;[171, 0, 4, 255, 132, 128, 255]
1546591371852;[171, 0, 4, 255, 132, 128, 255]
1546591382033;[171, 0, 4, 255, 132, 128, 255]
1546591391693;[171, 0, 4, 255, 132, 128, 255]
1546591401698;[171, 0, 4, 255, 132, 128, 255]
1546591411872;[171, 0, 4, 255, 132, 128, 255]
1546591421708;[171, 0, 4, 255, 132, 128, 255]
1546591431885;[171, 0, 4, 255, 132, 128, 255]
1546591442060;[171, 0, 4, 255, 132, 128, 255]
1546591451896;[171, 0, 4, 255, 132, 128, 255]
1546591461729;[171, 0, 4, 255, 132, 128, 255]
1546591471734;[171, 0, 4, 255, 132, 128, 255]
1546591481738;[171, 0, 4, 255, 132, 128, 255]
154659149174