1546590057409;[171, 0, 17, 255, 161, 72, 70, 212, 103, 0, 0, 73, 0, 0, 42, 1, 1, 65, 9, 136]
1546590057421;[171, 0, 4, 255, 132, 128, 79]
1546590057576;[171, 0, 17, 255, 161, 72, 70, 212, 103, 0, 0, 51, 1, 0, 29, 1, 0, 183, 9, 67]
1546590057580;[171, 0, 17, 255, 161, 72, 70, 212, 103, 0, 0, 126, 1, 0, 58, 1, 0, 165, 8, 254]
1546590057748;[171, 0, 17, 255, 161, 72, 70, 212, 103, 0, 0, 121, 1, 0, 40, 1, 0, 190, 9, 150]
1546590057922;[171, 0, 17, 255, 161, 72, 70, 212, 103, 0, 0, 36, 1, 0, 25, 1, 0, 206, 11, 55]
1546590057925;[171, 0, 17, 255, 161, 72, 70, 212, 104, 0, 0, 86, 1, 0, 16, 1, 0, 252, 11, 56]
1546590058094;[171, 0, 17, 255, 161, 72, 70, 212, 104, 0, 0, 64, 1, 0, 34, 1, 0, 251, 11, 9]
1546590058098;[171, 0, 17, 255, 161, 72, 70, 212, 104, 0, 0, 108, 1, 0, 37, 1, 0, 246, 10, 228]
1546590058440;[171, 0, 17, 255, 161, 72, 70, 212, 104, 0, 0, 72, 1, 0, 51, 1, 0, 233, 10, 193]
1546590058444;[171, 0, 17, 255, 161, 72, 70, 212, 104, 0, 0, 86, 1, 0, 44, 1, 0, 235, 10, 156]
1546590058449;[171, 0, 17, 255, 161, 72, 70, 212, 104, 0, 0, 67, 1, 0, 39, 1, 0, 240, 10, 120]
1546590058613;[171, 0, 4, 255, 132, 128, 80]
1546590058619;[171, 0, 17, 255, 161, 72, 70, 212, 104, 0, 0, 81, 1, 0, 38, 1, 0, 230, 10, 86]
1546590058784;[171, 0, 17, 255, 161, 72, 70, 212, 104, 0, 0, 80, 1, 0, 33, 1, 0, 238, 10, 46]
1546590058788;[171, 0, 17, 255, 161, 72, 70, 212, 104, 0, 0, 104, 1, 0, 44, 1, 0, 220, 10, 8]
1546590059129;[171, 0, 17, 255, 161, 72, 70, 212, 104, 0, 0, 101, 1, 0, 59, 1, 0, 250, 9, 228]
1546590059133;[171, 0, 17, 255, 161, 72, 70, 212, 105, 0, 0, 106, 1, 0, 47, 1, 0, 228, 9, 204]
1546590059137;[171, 0, 17, 255, 161, 72, 70, 212, 105, 0, 0, 109, 1, 0, 48, 1, 0, 230, 9, 174]
1546590059302;[171, 0, 17, 255, 161, 72, 70, 212, 105, 0, 0, 126, 1, 0, 53, 1, 0, 238, 9, 133]
1546590059307;[171, 0, 17, 255, 161, 72, 70, 212, 105, 0, 0, 114, 1, 0, 49, 1, 0, 235, 9, 135]
1546590059648;[171, 0, 17, 255, 161, 72, 70, 212, 105, 1, 0, 3, 1, 0, 91, 1, 0, 224, 9, 98]
1546590059652;[171, 0, 17, 255, 161, 72, 70, 212, 105, 1, 0, 10, 1, 0, 107, 1, 0, 191, 9, 50]
1546590059656;[171, 0, 4, 255, 132, 128, 80]
1546590059818;[171, 0, 17, 255, 161, 72, 70, 212, 105, 0, 0, 11, 1, 0, 139, 1, 0, 211, 9, 20]
1546590059822;[171, 0, 17, 255, 161, 72, 70, 212, 105, 0, 0, 41, 1, 0, 170, 1, 0, 199, 9, 21]
1546590061880;[171, 0, 17, 255, 161, 72, 70, 212, 105, 0, 0, 63, 1, 0, 172, 1, 0, 195, 9, 69]
1546590061883;[171, 0, 17, 255, 161, 72, 70, 212, 105, 0, 0, 66, 1, 0, 159, 1, 0, 206, 8, 228]
1546590061891;[171, 0, 17, 255, 161, 72, 70, 212, 106, 0, 0, 49, 1, 0, 110, 1, 0, 219, 8, 172]
1546590061899;[171, 0, 17, 255, 161, 72, 70, 212, 106, 0, 0, 60, 1, 0, 51, 1, 1, 10, 8, 107]
1546590061901;[171, 0, 17, 255, 161, 72, 70, 212, 106, 0, 0, 46, 1, 0, 62, 1, 0, 242, 8, 112]
1546590061903;[171, 0, 17, 255, 161, 72, 70, 212, 106, 0, 0, 63, 1, 0, 58, 1, 0, 208, 8, 134]
1546590061905;[171, 0, 17, 255, 161, 72, 70, 212, 106, 0, 0, 75, 1, 0, 44, 1, 0, 240, 8, 123]
1546590061912;[171, 0, 17, 255, 161, 72, 70, 212, 106, 0, 0, 154, 1, 0, 58, 1, 0, 236, 8, 186]
1546590061914;[171, 0, 4, 255, 132, 128, 80]
1546590061917;[171, 0, 17, 255, 161, 72, 70, 212, 106, 0, 0, 173, 1, 0, 49, 1, 0, 195, 8, 105]
1546590061919;[171, 0, 17, 255, 161, 72, 70, 212, 106, 0, 0, 151, 1, 0, 52, 1, 0, 203, 8, 8]
1546590061920;[171, 0, 17, 255, 161, 72, 70, 212, 106, 0, 0, 160, 1, 0, 41, 1, 0, 206, 7, 213]
1546590061928;[171, 0, 17, 255, 161, 72, 70, 212, 106, 0, 0, 158, 1, 0, 39, 1, 0, 197, 7, 213]
1546590061933;[171, 0, 17, 255, 161, 72, 70, 212, 107, 0, 0, 143, 1, 0, 49, 1, 0, 211, 7, 213]
1546590061938;[171, 0, 17, 255, 161, 72, 70, 212, 107, 0, 0, 128, 1, 0, 49, 1, 0, 223, 7, 103]
1546590061940;[171, 0, 17, 255, 161, 72, 70, 212, 107, 0, 0, 118, 1, 0, 62, 1, 0, 216, 6, 217]
1546590061942;[171, 0, 17, 255, 161, 72, 70, 212, 107, 0, 0, 120, 1, 0, 64, 1, 0, 219, 6, 82]
1546590061950;[171, 0, 17, 255, 161, 72, 70, 212, 107, 0, 0, 109, 1, 0, 65, 1, 0, 219, 6, 2]
1546590061952;[171, 0, 17, 255, 161, 72, 70, 212, 107, 0, 0, 109, 1, 0, 67, 1, 0, 224, 5, 187]
1546590061954;[171, 0, 4, 255, 132, 128, 81]
1546590061956;[171, 0, 17, 255, 161, 72, 70, 212, 107, 0, 0, 104, 1, 0, 73, 1, 0, 220, 5, 125]
1546590062234;[171, 0, 17, 255, 161, 72, 70, 212, 107, 0, 0, 112, 1, 0, 76, 1, 0, 218, 5, 81]
1546590062239;[171, 0, 17, 255, 161, 72, 70, 212, 107, 0, 0, 103, 1, 0, 76, 1, 0, 219, 5, 57]
1546590062243;[171, 0, 17, 255, 161, 72, 70, 212, 107, 0, 0, 106, 1, 0, 77, 1, 0, 218, 5, 45]
1546590062406;[171, 0, 17, 255, 161, 72, 70, 212, 108, 0, 0, 106, 1, 0, 86, 1, 0, 219, 5, 31]
1546590062411;[171, 0, 17, 255, 161, 72, 70, 212, 108, 0, 0, 106, 1, 0, 86, 1, 0, 219, 5, 7]
1546590062578;[171, 0, 17, 255, 161, 72, 70, 212, 108, 0, 0, 104, 1, 0, 82, 1, 0, 218, 4, 238]
1546590062582;[171, 0, 17, 255, 161, 72, 70, 212, 108, 0, 0, 103, 1, 0, 86, 1, 0, 219, 4, 219]
1546590062751;[171, 0, 17, 255, 161, 72, 70, 212, 108, 0, 0, 104, 1, 0, 77, 1, 0, 220, 4, 201]
1546590062924;[171, 0, 17, 255, 161, 72, 70, 212, 108, 0, 0, 104, 1, 0, 82, 1, 0, 219, 4, 188]
1546590062928;[171, 0, 4, 255, 132, 128, 81]
1546590063097;[171, 0, 17, 255, 161, 72, 70, 212, 108, 0, 0, 103, 1, 0, 86, 1, 0, 219, 4, 172]
1546590063101;[171, 0, 17, 255, 161, 72, 70, 212, 108, 0, 0, 103, 1, 0, 86, 1, 0, 219, 4, 152]
1546590063268;[171, 0, 17, 255, 161, 72, 70, 212, 108, 0, 0, 99, 1, 0, 86, 1, 0, 220, 4, 126]
1546590063615;[171, 0, 17, 255, 161, 72, 70, 212, 108, 0, 0, 101, 1, 0, 86, 1, 0, 219, 4, 109]
1546590063624;[171, 0, 17, 255, 161, 72, 70, 212, 109, 0, 0, 104, 1, 0, 86, 1, 0, 219, 4, 90]
1546590063652;[171, 0, 17, 255, 161, 72, 70, 212, 109, 0, 0, 111, 1, 0, 86, 1, 0, 218, 4, 75]
1546590063654;[171, 0, 17, 255, 161, 72, 70, 212, 109, 0, 0, 104, 1, 0, 76, 1, 0, 220, 4, 61]
1546590063786;[171, 0, 17, 255, 161, 72, 70, 212, 109, 0, 0, 102, 1, 0, 77, 1, 0, 220, 4, 33]
1546590063790;[171, 0, 17, 255, 161, 72, 70, 212, 109, 0, 0, 103, 1, 0, 76, 1, 0, 220, 4, 16]
1546590063957;[171, 0, 17, 255, 161, 72, 70, 212, 109, 0, 0, 106, 1, 0, 76, 1, 0, 220, 4, 4]
1546590064131;[171, 0, 4, 255, 132, 128, 82]
1546590064135;[171, 0, 17, 255, 161, 72, 70, 212, 109, 0, 0, 103, 1, 0, 75, 1, 0, 219, 3, 240]
1546590064479;[171, 0, 17, 255, 161, 72, 70, 212, 109, 0, 0, 99, 1, 0, 74, 1, 0, 220, 3, 213]
1546590064482;[171, 0, 17, 255, 161, 72, 70, 212, 109, 0, 0, 104, 1, 0, 76, 1, 0, 220, 3, 192]
1546590064486;[171, 0, 17, 255, 161, 72, 70, 212, 109, 0, 0, 103, 1, 0, 71, 1, 0, 219, 3, 177]
1546590064488;[171, 0, 17, 255, 161, 72, 70, 212, 110, 0, 0, 111, 1, 0, 76, 1, 0, 219, 3, 154]
1546590064821;[171, 0, 17, 255, 161, 72, 70, 212, 110, 0, 0, 109, 1, 0, 75, 1, 0, 220, 3, 133]
1546590064825;[171, 0, 17, 255, 161, 72, 70, 212, 110, 0, 0, 106, 1, 0, 75, 1, 0, 220, 3, 100]
1546590064829;[171, 0, 17, 255, 161, 72, 70, 212, 110, 0, 0, 110, 1, 0, 75, 1, 0, 220, 3, 75]
1546590064993;[171, 0, 17, 255, 161, 72, 70, 212, 110, 0, 0, 109, 1, 0, 76, 1, 0, 219, 3, 49]
1546590064997;[171, 0, 17, 255, 161, 72, 70, 212, 110, 0, 0, 109, 1, 0, 75, 1, 0, 219, 3, 30]
1546590065166;[171, 0, 4, 255, 132, 128, 82]
1546590065339;[171, 0, 17, 255, 161, 72, 70, 212, 110, 0, 0, 106, 1, 0, 73, 1, 0, 219, 3, 9]
1546590065343;[171, 0, 17, 255, 161, 72, 70, 212, 110, 0, 0, 108, 1, 0, 75, 1, 0, 219, 2, 251]
1546590065511;[171, 0, 17, 255, 161, 72, 70, 212, 110, 0, 0, 106, 1, 0, 71, 1, 0, 220, 2, 226]
1546590065515;[171, 0, 17, 255, 161, 72, 70, 212, 110, 0, 0, 109, 1, 0, 75, 1, 0, 219, 2, 204]
1546590065683;[171, 0, 17, 255, 161, 72, 70, 212, 111, 0, 0, 103, 1, 0, 76, 1, 0, 218, 2, 173]
1546590065687;[171, 0, 17, 255, 161, 72, 70, 212, 111, 0, 0, 110, 1, 0, 73, 1, 0, 219, 2, 147]
1546590066203;[171, 0, 17, 255, 161, 72, 70, 212, 111, 0, 0, 106, 1, 0, 73, 1, 0, 219, 2, 124]
1546590066207;[171, 0, 17, 255, 161, 72, 70, 212, 111, 0, 0, 111, 1, 0, 71, 1, 0, 219, 2, 110]
1546590066215;[171, 0, 17, 255, 161, 72, 70, 212, 111, 0, 0, 108, 1, 0, 73, 1, 0, 219, 2, 84]
1546590066216;[171, 0, 17, 255, 161, 72, 70, 212, 111, 0, 0, 106, 1, 0, 74, 1, 0, 219, 2, 57]
1546590066548;[171, 0, 4, 255, 132, 128, 82]
1546590066552;[171, 0, 17, 255, 161, 72, 70, 212, 111, 0, 0, 109, 1, 0, 71, 1, 0, 219, 2, 50]
1546590066556;[171, 0, 17, 255, 161, 72, 70, 212, 111, 0, 0, 106, 1, 0, 73, 1, 0, 219, 2, 33]
1546590066560;[171, 0, 17, 255, 161, 72, 70, 212, 111, 0, 0, 109, 1, 0, 69, 1, 0, 220, 2, 9]
1546590066717;[171, 0, 17, 255, 161, 72, 70, 212, 111, 0, 0, 106, 1, 0, 73, 1, 0, 218, 1, 237]
1546590066722;[171, 0, 17, 255, 161, 72, 70, 212, 112, 0, 0, 111, 1, 0, 75, 1, 0, 214, 1, 217]
1546590066914;[171, 0, 17, 255, 161, 72, 70, 212, 112, 0, 0, 104, 1, 0, 73, 1, 0, 219, 1, 189]
1546590066915;[171, 0, 17, 255, 161, 72, 70, 212, 112, 0, 0, 106, 1, 0, 74, 1, 0, 220, 1, 189]
1546590067070;[171, 0, 17, 255, 161, 72, 70, 212, 112, 0, 0, 106, 1, 0, 71, 1, 0, 219, 1, 189]
1546590067410;[171, 0, 17, 255, 161, 72, 70, 212, 112, 0, 0, 110, 1, 0, 71, 1, 0, 220, 1, 182]
1546590067415;[171, 0, 17, 255, 161, 72, 70, 212, 112, 0, 0, 109, 1, 0, 73, 1, 0, 219, 1, 165]
1546590067418;[171, 0, 4, 255, 132, 128, 83]
1546590067423;[171, 0, 17, 255, 161, 72, 70, 212, 112, 0, 0, 111, 1, 0, 71, 1, 0, 220, 1, 153]
1546590067580;[171, 0, 17, 255, 161, 72, 70, 212, 112, 0, 0, 108, 1, 0, 73, 1, 0, 219, 1, 148]
1546590067584;[171, 0, 17, 255, 161, 72, 70, 212, 112, 0, 0, 109, 1, 0, 71, 1, 0, 219, 1, 146]
1546590067752;[171, 0, 17, 255, 161, 72, 70, 212, 112, 0, 0, 111, 1, 0, 75, 1, 0, 219, 1, 131]
1546590067927;[171, 0, 17, 255, 161, 72, 70, 212, 113, 0, 0, 109, 1, 0, 75, 1, 0, 219, 1, 132]
1546590067931;[171, 0, 17, 255, 161, 72, 70, 212, 113, 0, 0, 109, 1, 0, 74, 1, 0, 220, 1, 126]
1546590068098;[171, 0, 17, 255, 161, 72, 70, 212, 113, 0, 0, 106, 1, 0, 71, 1, 0, 219, 1, 120]
1546590068102;[171, 0, 17, 255, 161, 72, 70, 212, 113, 0, 0, 107, 1, 0, 73, 1, 0, 219, 1, 115]
1546590068271;[171, 0, 17, 255, 161, 72, 70, 212, 113, 0, 0, 109, 1, 0, 76, 1, 0, 219, 1, 109]
1546590068275;[171, 0, 17, 255, 161, 72, 70, 212, 113, 0, 0, 109, 1, 0, 73, 1, 0, 219, 1, 110]
1546590068617;[171, 0, 4, 255, 132, 128, 84]
1546590068621;[171, 0, 17, 255, 161, 72, 70, 212, 113, 0, 0, 112, 1, 0, 71, 1, 0, 217, 1, 113]
1546590068629;[171, 0, 17, 255, 161, 72, 70, 212, 113, 0, 0, 109, 1, 0, 73, 1, 0, 219, 1, 116]
1546590068789;[171, 0, 17, 255, 161, 72, 70, 212, 113, 0, 0, 107, 1, 0, 73, 1, 0, 219, 1, 104]
1546590068792;[171, 0, 17, 255, 161, 72, 70, 212, 113, 0, 0, 111, 1, 0, 71, 1, 0, 219, 1, 107]
1546590068960;[171, 0, 17, 255, 161, 72, 70, 212, 114, 0, 0, 107, 1, 0, 71, 1, 0, 220, 1, 100]
1546590069133;[171, 0, 17, 255, 161, 72, 70, 212, 114, 0, 0, 111, 1, 0, 75, 1, 0, 220, 1, 96]
1546590069137;[171, 0, 17, 255, 161, 72, 70, 212, 114, 0, 0, 111, 1, 0, 76, 1, 0, 219, 1, 84]
1546590069305;[171, 0, 17, 255, 161, 72, 70, 212, 114, 0, 0, 114, 1, 0, 74, 1, 0, 219, 1, 76]
1546590069309;[171, 0, 17, 255, 161, 72, 70, 212, 114, 0, 0, 112, 1, 0, 75, 1, 0, 219, 1, 76]
1546590069482;[171, 0, 17, 255, 161, 72, 70, 212, 114, 0, 0, 110, 1, 0, 75, 1, 0, 219, 1, 82]
1546590069485;[171, 0, 4, 255, 132, 128, 84]
1546590069651;[171, 0, 17, 255, 161, 72, 70, 212, 114, 0, 0, 111, 1, 0, 73, 1, 0, 219, 1, 83]
1546590069997;[171, 0, 17, 255, 161, 72, 70, 212, 114, 0, 0, 111, 1, 0, 70, 1, 0, 219, 1, 79]
1546590070001;[171, 0, 17, 255, 161, 72, 70, 212, 114, 0, 0, 112, 1, 0, 71, 1, 0, 219, 1, 75]
1546590070005;[171, 0, 17, 255, 161, 72, 70, 212, 114, 0, 0, 111, 1, 0, 74, 1, 0, 218, 1, 75]
1546590070009;[171, 0, 17, 255, 161, 72, 70, 212, 115, 0, 0, 109, 1, 0, 74, 1, 0, 219, 1, 87]
1546590070168;[171, 0, 17, 255, 161, 72, 70, 212, 115, 0, 0, 112, 1, 0, 73, 1, 0, 219, 1, 96]
1546590070341;[171, 0, 17, 255, 161, 72, 70, 212, 115, 0, 0, 112, 1, 0, 75, 1, 0, 219, 1, 98]
1546590070345;[171, 0, 17, 255, 161, 72, 70, 212, 115, 0, 0, 111, 1, 0, 76, 1, 0, 218, 1, 104]
1546590070514;[171, 0, 17, 255, 161, 72, 70, 212, 115, 0, 0, 108, 1, 0, 75, 1, 0, 217, 1, 114]
1546590070518;[171, 0, 17, 255, 161, 72, 70, 212, 115, 0, 0, 112, 1, 0, 73, 1, 0, 217, 1, 112]
1546590070686;[171, 0, 4, 255, 132, 128, 84]
1546590070690;[171, 0, 17, 255, 161, 72, 70, 212, 115, 0, 0, 111, 1, 0, 75, 1, 0, 218, 1, 118]
1546590070858;[171, 0, 17, 255, 161, 72, 70, 212, 115, 0, 0, 111, 1, 0, 75, 1, 0, 217, 1, 124]
1546590071205;[171, 0, 17, 255, 161, 72, 70, 212, 115, 0, 0, 111, 1, 0, 73, 1, 0, 219, 1, 138]
1546590071209;[171, 0, 17, 255, 161, 72, 70, 212, 115, 0, 0, 113, 1, 0, 73, 1, 0, 219, 1, 147]
1546590071213;[171, 0, 17, 255, 161, 72, 70, 212, 116, 0, 0, 110, 1, 0, 75, 1, 0, 217, 1, 146]
1546590071220;[171, 0, 17, 255, 161, 72, 70, 212, 116, 0, 0, 114, 1, 0, 75, 1, 0, 218, 1, 156]
1546590071376;[171, 0, 17, 255, 161, 72, 70, 212, 116, 0, 0, 109, 1, 0, 76, 1, 0, 217, 1, 153]
1546590071380;[171, 0, 17, 255, 161, 72, 70, 212, 116, 0, 0, 112, 1, 0, 74, 1, 0, 214, 1, 158]
1546590071547;[171, 0, 17, 255, 161, 72, 70, 212, 116, 0, 0, 114, 1, 0, 72, 1, 0, 219, 1, 154]
1546590071720;[171, 0, 17, 255, 161, 72, 70, 212, 116, 0, 0, 112, 1, 0, 75, 1, 0, 219, 1, 152]
1546590071724;[171, 0, 4, 255, 132, 128, 84]
1546590071894;[171, 0, 17, 255, 161, 72, 70, 212, 116, 0, 0, 111, 1, 0, 73, 1, 0, 219, 1, 176]
1546590071898;[171, 0, 17, 255, 161, 72, 70, 212, 116, 0, 0, 111, 1, 0, 75, 1, 0, 218, 1, 192]
1546590072066;[171, 0, 17, 255, 161, 72, 70, 212, 116, 0, 0, 114, 1, 0, 74, 1, 0, 217, 1, 210]
1546590072586;[171, 0, 17, 255, 161, 72, 70, 212, 116, 0, 0, 114, 1, 0, 73, 1, 0, 218, 1, 217]
1546590072590;[171, 0, 17, 255, 161, 72, 70, 212, 117, 0, 0, 112, 1, 0, 75, 1, 0, 214, 1, 242]
1546590072594;[171, 0, 17, 255, 161, 72, 70, 212, 117, 0, 0, 116, 1, 0, 74, 1, 0, 219, 1, 247]
1546590072598;[171, 0, 17, 255, 161, 72, 70, 212, 117, 0, 0, 112, 1, 0, 76, 1, 0, 216, 1, 247]
1546590072780;[171, 0, 17, 255, 161, 72, 70, 212, 117, 0, 0, 116, 1, 0, 76, 1, 0, 216, 1, 252]
1546590072782;[171, 0, 17, 255, 161, 72, 70, 212, 117, 0, 0, 111, 1, 0, 74, 1, 0, 218, 2, 7]
1546590072784;[171, 0, 17, 255, 161, 72, 70, 212, 117, 0, 0, 112, 1, 0, 75, 1, 0, 217, 2, 21]
1546590072928;[171, 0, 4, 255, 132, 128, 85]
1546590072932;[171, 0, 17, 255, 161, 72, 70, 212, 117, 0, 0, 112, 1, 0, 75, 1, 0, 216, 2, 38]
1546590073101;[171, 0, 17, 255, 161, 72, 70, 212, 117, 0, 0, 112, 1, 0, 75, 1, 0, 216, 2, 49]
1546590073105;[171, 0, 17, 255, 161, 72, 70, 212, 117, 0, 0, 113, 1, 0, 75, 1, 0, 217, 2, 83]
1546590073273;[171, 0, 17, 255, 161, 72, 70, 212, 117, 0, 0, 118, 1, 0, 74, 1, 0, 217, 2, 75]
1546590073277;[171, 0, 17, 255, 161, 72, 70, 212, 118, 0, 0, 114, 1, 0, 76, 1, 0, 218, 2, 66]
1546590073446;[171, 0, 17, 255, 161, 72, 70, 212, 118, 0, 0, 114, 1, 0, 75, 1, 0, 217, 2, 63]
1546590073793;[171, 0, 17, 255, 161, 72, 70, 212, 118, 0, 0, 117, 1, 0, 75, 1, 0, 214, 2, 80]
1546590073798;[171, 0, 17, 255, 161, 72, 70, 212, 118, 0, 0, 114, 1, 0, 75, 1, 0, 217, 2, 97]
1546590073802;[171, 0, 17, 255, 161, 72, 70, 212, 118, 0, 0, 114, 1, 0, 76, 1, 0, 217, 2, 104]
1546590073806;[171, 0, 17, 255, 161, 72, 70, 212, 118, 0, 0, 114, 1, 0, 77, 1, 0, 217, 2, 128]
1546590073962;[171, 0, 4, 255, 132, 128, 85]
1546590074137;[171, 0, 17, 255, 161, 72, 70, 212, 118, 0, 0, 114, 1, 0, 81, 1, 0, 213, 2, 142]
1546590074140;[171, 0, 17, 255, 161, 72, 70, 212, 118, 0, 0, 114, 1, 0, 75, 1, 0, 213, 2, 141]
1546590074308;[171, 0, 17, 255, 161, 72, 70, 212, 118, 0, 0, 112, 1, 0, 77, 1, 0, 216, 2, 161]
1546590074312;[171, 0, 17, 255, 161, 72, 70, 212, 118, 0, 0, 116, 1, 0, 76, 1, 0, 216, 2, 180]
1546590074481;[171, 0, 17, 255, 161, 72, 70, 212, 119, 0, 0, 116, 1, 0, 77, 1, 0, 218, 2, 209]
1546590074485;[171, 0, 17, 255, 161, 72, 70, 212, 119, 0, 0, 116, 1, 0, 80, 1, 0, 212, 2, 225]
1546590074652;[171, 0, 17, 255, 161, 72, 70, 212, 119, 0, 0, 120, 1, 0, 74, 1, 0, 213, 2, 223]
1546590075000;[171, 0, 17, 255, 161, 72, 70, 212, 119, 0, 0, 112, 1, 0, 75, 1, 0, 214, 2, 222]
1546590075004;[171, 0, 17, 255, 161, 72, 70, 212, 119, 0, 0, 117, 1, 0, 76, 1, 0, 213, 2, 227]
1546590075008;[171, 0, 17, 255, 161, 72, 70, 212, 119, 0, 0, 116, 1, 0, 76, 1, 0, 217, 2, 224]
1546590075012;[171, 0, 4, 255, 132, 128, 84]
1546590075171;[171, 0, 17, 255, 161, 72, 70, 212, 119, 0, 0, 114, 1, 0, 76, 1, 0, 214, 2, 221]
1546590075175;[171, 0, 17, 255, 161, 72, 70, 212, 119, 0, 0, 116, 1, 0, 76, 1, 0, 216, 2, 254]
1546590075343;[171, 0, 17, 255, 161, 72, 70, 212, 119, 0, 0, 116, 1, 0, 81, 1, 0, 214, 2, 253]
1546590075516;[171, 0, 17, 255, 161, 72, 70, 212, 119, 0, 0, 116, 1, 0, 77, 1, 0, 212, 3, 18]
1546590075520;[171, 0, 17, 255, 161, 72, 70, 212, 120, 0, 0, 116, 1, 0, 77, 1, 0, 214, 3, 39]
1546590075688;[171, 0, 17, 255, 161, 72, 70, 212, 120, 0, 0, 116, 1, 0, 75, 1, 0, 218, 3, 54]
1546590075692;[171, 0, 17, 255, 161, 72, 70, 212, 120, 0, 0, 116, 1, 0, 76, 1, 0, 213, 3, 62]
1546590075862;[171, 0, 17, 255, 161, 72, 70, 212, 120, 0, 0, 116, 1, 0, 76, 1, 0, 214, 3, 83]
1546590076033;[171, 0, 17, 255, 161, 72, 70, 212, 120, 0, 0, 120, 1, 0, 76, 1, 0, 214, 3, 99]
1546590076037;[171, 0, 17, 255, 161, 72, 70, 212, 120, 0, 0, 114, 1, 0, 81, 1, 0, 211, 3, 142]
1546590076380;[171, 0, 4, 255, 132, 128, 83]
1546590076384;[171, 0, 17, 255, 161, 72, 70, 212, 120, 0, 0, 114, 1, 0, 73, 1, 0, 219, 3, 137]
1546590076388;[171, 0, 17, 255, 161, 72, 70, 212, 120, 0, 0, 114, 1, 0, 75, 1, 0, 217, 3, 139]
1546590076392;[171, 0, 17, 255, 161, 72, 70, 212, 120, 0, 0, 118, 1, 0, 81, 1, 0, 212, 3, 146]
1546590076551;[171, 0, 17, 255, 161, 72, 70, 212, 120, 0, 0, 117, 1, 0, 80, 1, 0, 217, 3, 148]
1546590076724;[171, 0, 17, 255, 161, 72, 70, 212, 121, 0, 0, 117, 1, 0, 75, 1, 0, 218, 3, 157]
1546590076728;[171, 0, 17, 255, 161, 72, 70, 212, 121, 0, 0, 114, 1, 0, 75, 1, 0, 216, 3, 162]
1546590076897;[171, 0, 17, 255, 161, 72, 70, 212, 121, 0, 0, 117, 1, 0, 75, 1, 0, 213, 3, 163]
1546590076901;[171, 0, 17, 255, 161, 72, 70, 212, 121, 0, 0, 117, 1, 0, 76, 1, 0, 217, 3, 185]
1546590077069;[171, 0, 17, 255, 161, 72, 70, 212, 121, 0, 0, 117, 1, 0, 75, 1, 0, 214, 3, 207]
1546590077073;[171, 0, 17, 255, 161, 72, 70, 212, 121, 0, 0, 117, 1, 0, 74, 1, 0, 214, 3, 221]
1546590077239;[171, 0, 4, 255, 132, 128, 82]
1546590077583;[171, 0, 17, 255, 161, 72, 70, 212, 121, 0, 0, 120, 1, 0, 75, 1, 0, 212, 3, 238]
1546590077588;[171, 0, 17, 255, 161, 72, 70, 212, 121, 0, 0, 116, 1, 0, 75, 1, 0, 215, 3, 255]
1546590077592;[171, 0, 17, 255, 161, 72, 70, 212, 121, 0, 0, 120, 1, 0, 76, 1, 0, 214, 4, 2]
1546590077753;[171, 0, 17, 255, 161, 72, 70, 212, 121, 0, 0, 117, 1, 0, 74, 1, 0, 214, 4, 6]
1546590077755;[171, 0, 17, 255, 161, 72, 70, 212, 122, 0, 0, 114, 1, 0, 76, 1, 0, 214, 4, 8]
1546590077930;[171, 0, 17, 255, 161, 72, 70, 212, 122, 0, 0, 120, 1, 0, 75, 1, 0, 212, 4, 21]
1546590077934;[171, 0, 17, 255, 161, 72, 70, 212, 122, 0, 0, 114, 1, 0, 75, 1, 0, 214, 4, 26]
1546590078103;[171, 0, 17, 255, 161, 72, 70, 212, 122, 0, 0, 112, 1, 0, 75, 1, 0, 214, 4, 35]
1546590078107;[171, 0, 17, 255, 161, 72, 70, 212, 122, 0, 0, 114, 1, 0, 75, 1, 0, 214, 4, 39]
1546590078276;[171, 0, 17, 255, 161, 72, 70, 212, 128, 0, 0, 116, 1, 0, 76, 1, 0, 213, 4, 115]
1546590078449;[171, 0, 17, 255, 161, 72, 70, 212, 128, 0, 0, 119, 1, 0, 75, 1, 0, 215, 4, 141]
1546590078621;[171, 0, 17, 255, 161, 72, 70, 212, 128, 0, 0, 114, 1, 0, 76, 1, 0, 214, 4, 143]
1546590078625;[171, 0, 17, 255, 161, 72, 70, 212, 128, 0, 0, 112, 1, 0, 76, 1, 0, 217, 4, 127]
1546590078967;[171, 0, 17, 255, 161, 72, 70, 212, 129, 0, 0, 116, 1, 0, 76, 1, 0, 213, 4, 129]
1546590078971;[171, 0, 17, 255, 161, 72, 70, 212, 129, 0, 0, 114, 1, 0, 75, 1, 0, 216, 4, 123]
1546590079138;[171, 0, 17, 255, 161, 72, 70, 212, 129, 0, 0, 114, 1, 0, 75, 1, 0, 214, 4, 144]
1546590079142;[171, 0, 17, 255, 161, 72, 70, 212, 129, 0, 0, 113, 1, 0, 82, 1, 0, 213, 4, 157]
1546590079310;[171, 0, 17, 255, 161, 72, 70, 212, 129, 0, 0, 117, 1, 0, 75, 1, 0, 213, 4, 158]
1546590079315;[171, 0, 17, 255, 161, 72, 70, 212, 129, 0, 0, 116, 1, 0, 75, 1, 0, 213, 4, 170]
1546590079485;[171, 0, 4, 255, 132, 128, 81]
1546590079490;[171, 0, 17, 255, 161, 72, 70, 212, 129, 0, 0, 116, 1, 0, 76, 1, 0, 214, 4, 167]
1546590079655;[171, 0, 17, 255, 161, 72, 70, 212, 129, 0, 0, 110, 1, 0, 74, 1, 0, 217, 4, 170]
1546590079828;[171, 0, 17, 255, 161, 72, 70, 212, 129, 0, 0, 116, 1, 0, 81, 1, 0, 214, 4, 169]
1546590079832;[171, 0, 17, 255, 161, 72, 70, 212, 129, 0, 0, 116, 1, 0, 81, 1, 0, 212, 4, 181]
1546590080176;[171, 0, 17, 255, 161, 72, 70, 212, 130, 0, 0, 116, 1, 0, 75, 1, 0, 216, 4, 224]
1546590080179;[171, 0, 17, 255, 161, 72, 70, 212, 130, 0, 0, 116, 1, 0, 76, 1, 0, 216, 4, 242]
1546590080184;[171, 0, 17, 255, 161, 72, 70, 212, 130, 0, 0, 114, 1, 0, 75, 1, 0, 213, 4, 246]
1546590080188;[171, 0, 17, 255, 161, 72, 70, 212, 130, 0, 0, 119, 1, 0, 76, 1, 0, 214, 4, 250]
1546590080346;[171, 0, 17, 255, 161, 72, 70, 212, 130, 0, 0, 120, 1, 0, 76, 1, 0, 212, 4, 252]
1546590080518;[171, 0, 17, 255, 161, 72, 70, 212, 130, 0, 0, 116, 1, 0, 76, 1, 0, 212, 4, 252]
1546590080522;[171, 0, 4, 255, 132, 128, 80]
1546590080691;[171, 0, 17, 255, 161, 72, 70, 212, 130, 0, 0, 116, 1, 0, 76, 1, 0, 214, 4, 249]
1546590080695;[171, 0, 17, 255, 161, 72, 70, 212, 130, 0, 0, 117, 1, 0, 76, 1, 0, 213, 5, 1]
1546590080864;[171, 0, 17, 255, 161, 72, 70, 212, 130, 0, 0, 117, 1, 0, 77, 1, 0, 213, 5, 47]
1546590081036;[171, 0, 17, 255, 161, 72, 70, 212, 130, 0, 0, 117, 1, 0, 76, 1, 0, 214, 5, 76]
1546590081040;[171, 0, 17, 255, 161, 72, 70, 212, 131, 0, 0, 116, 1, 0, 74, 1, 0, 216, 5, 104]
1546590081555;[171, 0, 17, 255, 161, 72, 70, 212, 131, 0, 0, 117, 1, 0, 75, 1, 0, 212, 5, 116]
1546590081559;[171, 0, 17, 255, 161, 72, 70, 212, 131, 0, 0, 118, 1, 0, 75, 1, 0, 216, 5, 117]
1546590081563;[171, 0, 17, 255, 161, 72, 70, 212, 131, 0, 0, 119, 1, 0, 75, 1, 0, 213, 5, 122]
1546590081567;[171, 0, 17, 255, 161, 72, 70, 212, 131, 0, 0, 120, 1, 0, 77, 1, 0, 213, 5, 122]
1546590081727;[171, 0, 17, 255, 161, 72, 70, 212, 131, 0, 0, 117, 1, 0, 75, 1, 0, 214, 5, 127]
1546590081733;[171, 0, 4, 255, 132, 128, 80]
1546590081737;[171, 0, 17, 255, 161, 72, 70, 212, 131, 0, 0, 120, 1, 0, 74, 1, 0, 212, 5, 161]
1546590081897;[171, 0, 17, 255, 161, 72, 70, 212, 131, 0, 0, 120, 1, 0, 74, 1, 0, 213, 5, 188]
1546590081901;[171, 0, 17, 255, 161, 72, 70, 212, 131, 0, 0, 121, 1, 0, 70, 1, 0, 216, 5, 187]
1546590082070;[171, 0, 17, 255, 161, 72, 70, 212, 131, 0, 0, 126, 1, 0, 65, 1, 0, 212, 5, 168]
1546590082074;[171, 0, 17, 255, 161, 72, 70, 212, 132, 0, 0, 149, 1, 0, 75, 1, 0, 190, 5, 185]
1546590082243;[171, 0, 17, 255, 161, 72, 70, 212, 132, 0, 0, 172, 1, 0, 60, 1, 0, 171, 5, 232]
1546590082417;[171, 0, 17, 255, 161, 72, 70, 212, 132, 0, 0, 167, 1, 0, 49, 1, 0, 186, 6, 16]
1546590082420;[171, 0, 17, 255, 161, 72, 70, 212, 132, 0, 0, 171, 1, 0, 48, 1, 0, 183, 6, 81]
1546590082761;[171, 0, 17, 255, 161, 72, 70, 212, 132, 0, 0, 166, 1, 0, 39, 1, 0, 196, 6, 146]
1546590082765;[171, 0, 17, 255, 161, 72, 70, 212, 132, 0, 0, 151, 1, 0, 47, 1, 0, 196, 6, 212]
1546590082769;[171, 0, 4, 255, 132, 128, 79]
1546590082933;[171, 0, 17, 255, 161, 72, 70, 212, 132, 0, 0, 160, 1, 0, 46, 1, 0, 198, 7, 44]
1546590082937;[171, 0, 17, 255, 161, 72, 70, 212, 132, 0, 0, 151, 1, 0, 59, 1, 0, 198, 7, 83]
1546590083105;[171, 0, 17, 255, 161, 72, 70, 212, 132, 0, 0, 141, 1, 0, 61, 1, 0, 201, 7, 135]
1546590083109;[171, 0, 17, 255, 161, 72, 70, 212, 132, 0, 0, 141, 1, 0, 59, 1, 0, 206, 7, 175]
1546590083278;[171, 0, 17, 255, 161, 72, 70, 212, 133, 0, 0, 141, 1, 0, 67, 1, 0, 197, 7, 221]
1546590083283;[171, 0, 17, 255, 161, 72, 70, 212, 133, 0, 0, 139, 1, 0, 69, 1, 0, 201, 8, 34]
1546590083455;[171, 0, 17, 255, 161, 72, 70, 212, 133, 0, 0, 201, 1, 0, 45, 1, 0, 221, 8, 63]
1546590083648;[171, 0, 17, 255, 161, 72, 70, 212, 133, 0, 0, 188, 1, 0, 46, 1, 0, 155, 8, 51]
1546590083650;[171, 0, 17, 255, 161, 72, 70, 212, 133, 0, 0, 121, 1, 0, 109, 1, 0, 94, 7, 243]
1546590083970;[171, 0, 17, 255, 161, 72, 70, 212, 133, 0, 0, 64, 1, 0, 154, 1, 0, 140, 7, 183]
1546590083974;[171, 0, 4, 255, 132, 128, 79]
1546590083978;[171, 0, 17, 255, 161, 72, 70, 212, 133, 0, 0, 67, 1, 0, 116, 1, 0, 149, 7, 177]
1546590083982;[171, 0, 17, 255, 161, 72, 70, 212, 133, 0, 0, 131, 1, 0, 83, 1, 0, 197, 7, 172]
1546590084141;[171, 0, 17, 255, 161, 72, 70, 212, 133, 0, 0, 196, 1, 0, 73, 1, 0, 216, 7, 186]
1546590084315;[171, 0, 17, 255, 161, 72, 70, 212, 133, 0, 0, 211, 1, 0, 19, 1, 0, 236, 7, 184]
1546590084319;[171, 0, 17, 255, 161, 72, 70, 212, 134, 0, 0, 199, 0, 0, 63, 1, 0, 197, 8, 22]
1546590084486;[171, 0, 17, 255, 161, 72, 70, 212, 134, 0, 0, 211, 0, 0, 120, 1, 0, 206, 8, 139]
1546590084490;[171, 0, 17, 255, 161, 72, 70, 212, 134, 0, 0, 151, 0, 0, 107, 1, 0, 163, 8, 236]
1546590084660;[171, 0, 17, 255, 161, 72, 70, 212, 134, 0, 0, 175, 0, 0, 97, 1, 0, 184, 9, 98]
1546590084832;[171, 0, 17, 255, 161, 72, 70, 212, 134, 0, 0, 150, 0, 0, 114, 1, 0, 186, 5, 2]
1546590084836;[171, 0, 17, 255, 161, 72, 70, 212, 134, 0, 0, 141, 0, 0, 125, 1, 0, 180, 16, 58]
1546590085002;[171, 0, 4, 255, 132, 128, 79]
1546590085006;[171, 0, 17, 255, 161, 72, 70, 212, 134, 0, 0, 143, 0, 0, 135, 1, 0, 169, 7, 208]
1546590085348;[171, 0, 17, 255, 161, 72, 70, 212, 134, 0, 0, 139, 0, 0, 129, 1, 0, 177, 7, 208]
1546590085352;[171, 0, 17, 255, 161, 72, 70, 212, 134, 0, 0, 121, 0, 0, 145, 1, 0, 181, 2, 230]
1546590085357;[171, 0, 17, 255, 161, 72, 70, 212, 134, 0, 0, 126, 0, 0, 148, 1, 0, 168, 2, 230]
1546590085521;[171, 0, 17, 255, 161, 72, 70, 212, 135, 0, 0, 136, 0, 0, 152, 1, 0, 166, 2, 230]
1546590085524;[171, 0, 17, 255, 161, 72, 70, 212, 135, 0, 0, 120, 0, 0, 157, 1, 0, 166, 2, 89]
1546590085693;[171, 0, 17, 255, 161, 72, 70, 212, 135, 0, 0, 118, 0, 0, 157, 1, 0, 169, 1, 99]
1546590085698;[171, 0, 17, 255, 161, 72, 70, 212, 135, 0, 0, 114, 0, 0, 165, 1, 0, 168, 1, 99]
1546590085865;[171, 0, 17, 255, 161, 72, 70, 212, 135, 0, 0, 114, 0, 0, 169, 1, 0, 167, 1, 99]
1546590086039;[171, 0, 17, 255, 161, 72, 70, 212, 135, 0, 0, 106, 0, 0, 177, 1, 0, 163, 1, 99]
1546590086043;[171, 0, 4, 255, 132, 128, 79]
1546590086211;[171, 0, 17, 255, 161, 72, 70, 212, 135, 0, 0, 113, 0, 0, 178, 1, 0, 158, 1, 99]
1546590086215;[171, 0, 17, 255, 161, 72, 70, 212, 135, 0, 0, 108, 0, 0, 178, 1, 0, 154, 4, 121]
1546590086558;[171, 0, 17, 255, 161, 72, 70, 212, 135, 0, 0, 108, 0, 0, 185, 1, 0, 158, 4, 121]
1546590086562;[171, 0, 17, 255, 161, 72, 70, 212, 135, 0, 0, 106, 0, 0, 192, 1, 0, 171, 4, 121]
1546590086566;[171, 0, 17, 255, 161, 72, 70, 212, 136, 0, 0, 98, 0, 0, 169, 1, 0, 161, 4, 121]
1546590086728;[171, 0, 17, 255, 161, 72, 70, 212, 136, 0, 0, 104, 0, 0, 191, 1, 0, 169, 4, 121]
1546590086732;[171, 0, 17, 255, 161, 72, 70, 212, 136, 0, 0, 84, 0, 0, 163, 1, 0, 158, 5, 113]
1546590086915;[171, 0, 17, 255, 161, 72, 70, 212, 136, 0, 0, 80, 0, 0, 161, 1, 0, 161, 5, 196]
1546590086917;[171, 0, 17, 255, 161, 72, 70, 212, 136, 0, 0, 106, 0, 0, 194, 1, 0, 183, 6, 127]
1546590087074;[171, 0, 17, 255, 161, 72, 70, 212, 136, 0, 0, 101, 0, 0, 195, 1, 0, 172, 6, 254]
1546590087077;[171, 0, 4, 255, 132, 128, 79]
1546590087247;[171, 0, 17, 255, 161, 72, 70, 212, 136, 0, 0, 86, 0, 0, 167, 1, 0, 157, 6, 254]
1546590087419;[171, 0, 17, 255, 161, 72, 70, 212, 136, 0, 0, 104, 0, 0, 187, 1, 0, 168, 7, 115]
1546590087423;[171, 0, 17, 255, 161, 72, 70, 212, 136, 0, 0, 81, 0, 0, 177, 1, 0, 173, 7, 238]
1546590087590;[171, 0, 17, 255, 161, 72, 70, 212, 136, 0, 0, 88, 0, 0, 191, 1, 0, 158, 10, 137]
1546590087594;[171, 0, 17, 255, 161, 72, 70, 212, 137, 0, 0, 142, 0, 0, 239, 1, 0, 232, 13, 101]
1546590087937;[171, 0, 17, 255, 161, 72, 70, 212, 137, 0, 0, 165, 0, 0, 147, 1, 1, 20, 13, 94]
1546590087941;[171, 0, 17, 255, 161, 72, 70, 212, 137, 0, 0, 230, 0, 0, 7, 1, 0, 178, 13, 94]
1546590087945;[171, 0, 17, 255, 161, 72, 70, 212, 137, 0, 0, 209, 1, 0, 91, 1, 0, 114, 13, 94]
1546590088108;[171, 0, 17, 255, 161, 72, 70, 212, 137, 0, 0, 81, 1, 0, 144, 1, 0, 9, 13, 94]
1546590088112;[171, 0, 17, 255, 161, 72, 70, 212, 137, 0, 0, 194, 1, 0, 41, 1, 0, 118, 13, 94]
1546590088280;[171, 0, 4, 255, 132, 128, 78]
1546590088284;[171, 0, 17, 255, 161, 72, 70, 212, 137, 0, 0, 91, 0, 0, 38, 1, 0, 215, 13, 94]
1546590088452;[171, 0, 17, 255, 161, 72, 70, 212, 137, 0, 0, 95, 0, 0, 44, 1, 1, 31, 13, 94]
1546590088627;[171, 0, 17, 255, 161, 72, 70, 212, 137, 0, 0, 114, 1, 0, 19, 1, 1, 4, 13, 94]
1546590088631;[171, 0, 17, 255, 161, 72, 70, 212, 137, 0, 0, 81, 1, 0, 62, 1, 0, 244, 13, 141]
1546590088798;[171, 0, 17, 255, 161, 72, 70, 212, 138, 0, 0, 136, 1, 0, 49, 1, 0, 215, 12, 234]
1546590088802;[171, 0, 17, 255, 161, 72, 70, 212, 138, 0, 0, 143, 1, 0, 64, 1, 0, 219, 12, 192]
1546590089144;[171, 0, 17, 255, 161, 72, 70, 212, 138, 0, 0, 132, 1, 0, 66, 1, 0, 211, 12, 224]
1546590089148;[171, 0, 17, 255, 161, 72, 70, 212, 138, 0, 0, 107, 1, 0, 71, 1, 0, 228, 13, 24]
1546590089152;[171, 0, 17, 255, 161, 72, 70, 212, 138, 0, 0, 70, 1, 0, 53, 1, 0, 227, 12, 231]
1546590089315;[171, 0, 17, 255, 161, 72, 70, 212, 138, 0, 0, 91, 1, 0, 48, 1, 0, 252, 12, 77]
1546590089319;[171, 0, 4, 255, 132, 128, 78]
1546590089487;[171, 0, 17, 255, 161, 72, 70, 212, 138, 0, 0, 80, 1, 0, 68, 1, 0, 224, 11, 176]
1546590089491;[171, 0, 17, 255, 161, 72, 70, 212, 138, 0, 0, 83, 1, 0, 64, 1, 0, 230, 11, 61]
1546590089663;[171, 0, 17, 255, 161, 72, 70, 212, 138, 0, 0, 93, 1, 0, 71, 1, 0, 240, 11, 6]
1546590089833;[171, 0, 17, 255, 161, 72, 70, 212, 138, 0, 0, 82, 1, 0, 75, 1, 0, 232, 10, 210]
1546590089837;[171, 0, 17, 255, 161, 72, 70, 212, 139, 0, 0, 87, 1, 0, 87, 1, 0, 224, 10, 175]
1546590090005;[171, 0, 17, 255, 161, 72, 70, 212, 139, 0, 0, 99, 1, 0, 87, 1, 0, 225, 10, 144]
1546590090008;[171, 0, 17, 255, 161, 72, 70, 212, 139, 0, 0, 86, 1, 0, 93, 1, 0, 219, 10, 126]
1546590090525;[171, 0, 17, 255, 161, 72, 70, 212, 139, 0, 0, 91, 1, 0, 92, 1, 0, 217, 10, 107]
1546590090529;[171, 0, 17, 255, 161, 72, 70, 212, 139, 0, 0, 93, 1, 0, 92, 1, 0, 218, 10, 91]
1546590090533;[171, 0, 17, 255, 161, 72, 70, 212, 139, 0, 0, 93, 1, 0, 95, 1, 0, 218, 10, 71]
1546590090536;[171, 0, 4, 255, 132, 128, 78]
1546590090695;[171, 0, 17, 255, 161, 72, 70, 212, 139, 0, 0, 98, 1, 0, 88, 1, 0, 219, 10, 48]
1546590090699;[171, 0, 17, 255, 161, 72, 70, 212, 139, 0, 0, 99, 1, 0, 95, 1, 0, 219, 10, 37]
1546590090703;[171, 0, 17, 255, 161, 72, 70, 212, 139, 0, 0, 99, 1, 0, 88, 1, 0, 219, 10, 20]
1546590090868;[171, 0, 17, 255, 161, 72, 70, 212, 139, 0, 0, 99, 1, 0, 93, 1, 0, 218, 10, 6]
1546590090871;[171, 0, 17, 255, 161, 72, 70, 212, 140, 0, 0, 87, 1, 0, 87, 1, 0, 220, 9, 241]
1546590091041;[171, 0, 17, 255, 161, 72, 70, 212, 140, 0, 0, 98, 1, 0, 88, 1, 0, 219, 9, 210]
1546590091213;[171, 0, 17, 255, 161, 72, 70, 212, 140, 0, 0, 87, 1, 0, 88, 1, 0, 219, 9, 178]
1546590091217;[171, 0, 17, 255, 161, 72, 70, 212, 140, 0, 0, 99, 1, 0, 94, 1, 0, 219, 9, 153]
1546590091386;[171, 0, 17, 255, 161, 72, 70, 212, 140, 0, 0, 101, 1, 0, 89, 1, 0, 219, 9, 123]
1546590091390;[171, 0, 17, 255, 161, 72, 70, 212, 140, 0, 0, 99, 1, 0, 89, 1, 0, 219, 9, 93]
1546590091731;[171, 0, 4, 255, 132, 128, 78]
1546590091735;[171, 0, 17, 255, 161, 72, 70, 212, 140, 0, 0, 87, 1, 0, 89, 1, 0, 219, 9, 57]
1546590091740;[171, 0, 17, 255, 161, 72, 70, 212, 140, 0, 0, 96, 1, 0, 89, 1, 0, 219, 9, 20]
1546590091904;[171, 0, 17, 255, 161, 72, 70, 212, 140, 0, 0, 101, 1, 0, 91, 1, 0, 219, 8, 246]
1546590091908;[171, 0, 17, 255, 161, 72, 70, 212, 140, 0, 0, 101, 1, 0, 90, 1, 0, 219, 8, 200]
1546590092076;[171, 0, 17, 255, 161, 72, 70, 212, 141, 0, 0, 98, 1, 0, 89, 1, 0, 219, 8, 168]
1546590092080;[171, 0, 17, 255, 161, 72, 70, 212, 141, 0, 0, 101, 1, 0, 88, 1, 0, 217, 8, 137]
1546590092249;[171, 0, 17, 255, 161, 72, 70, 212, 141, 0, 0, 101, 1, 0, 89, 1, 0, 219, 8, 107]
1546590092422;[171, 0, 17, 255, 161, 72, 70, 212, 141, 0, 0, 101, 1, 0, 87, 1, 0, 217, 8, 87]
1546590092425;[171, 0, 17, 255, 161, 72, 70, 212, 141, 0, 0, 104, 1, 0, 91, 1, 0, 219, 8, 62]
1546590092594;[171, 0, 17, 255, 161, 72, 70, 212, 141, 0, 0, 101, 1, 0, 89, 1, 0, 217, 8, 38]
1546590092597;[171, 0, 4, 255, 132, 128, 79]
1546590092939;[171, 0, 17, 255, 161, 72, 70, 212, 141, 0, 0, 103, 1, 0, 89, 1, 0, 219, 8, 10]
1546590092943;[171, 0, 17, 255, 161, 72, 70, 212, 141, 0, 0, 103, 1, 0, 88, 1, 0, 219, 7, 235]
1546590092947;[171, 0, 17, 255, 161, 72, 70, 212, 141, 0, 0, 101, 1, 0, 91, 1, 0, 217, 7, 217]
1546590093112;[171, 0, 17, 255, 161, 72, 70, 212, 141, 0, 0, 101, 1, 0, 91, 1, 0, 219, 7, 179]
1546590093116;[171, 0, 17, 255, 161, 72, 70, 212, 142, 0, 0, 101, 1, 0, 87, 1, 0, 219, 7, 158]
1546590093283;[171, 0, 17, 255, 161, 72, 70, 212, 142, 0, 0, 99, 1, 0, 87, 1, 0, 219, 7, 123]
1546590093287;[171, 0, 17, 255, 161, 72, 70, 212, 142, 0, 0, 101, 1, 0, 88, 1, 0, 219, 7, 94]
1546590093456;[171, 0, 17, 255, 161, 72, 70, 212, 142, 0, 0, 103, 1, 0, 87, 1, 0, 219, 7, 82]
1546590093629;[171, 0, 17, 255, 161, 72, 70, 212, 142, 0, 0, 101, 1, 0, 87, 1, 0, 219, 7, 70]
1546590093633;[171, 0, 17, 255, 161, 72, 70, 212, 142, 0, 0, 101, 1, 0, 88, 1, 0, 219, 7, 65]
1546590093801;[171, 0, 4, 255, 132, 128, 80]
1546590093805;[171, 0, 17, 255, 161, 72, 70, 212, 142, 0, 0, 103, 1, 0, 87, 1, 0, 219, 7, 52]
1546590093975;[171, 0, 17, 255, 161, 72, 70, 212, 142, 0, 0, 99, 1, 0, 89, 1, 0, 219, 7, 41]
1546590093979;[171, 0, 17, 255, 161, 72, 70, 212, 142, 0, 0, 101, 1, 0, 87, 1, 0, 218, 7, 37]
1546590094320;[171, 0, 17, 255, 161, 72, 70, 212, 142, 0, 0, 101, 1, 0, 88, 1, 0, 218, 7, 37]
1546590094324;[171, 0, 17, 255, 161, 72, 70, 212, 143, 0, 0, 101, 1, 0, 88, 1, 0, 219, 7, 41]
1546590094327;[171, 0, 17, 255, 161, 72, 70, 212, 143, 0, 0, 98, 1, 0, 87, 1, 0, 219, 7, 35]
1546590094490;[171, 0, 17, 255, 161, 72, 70, 212, 143, 0, 0, 101, 1, 0, 86, 1, 0, 218, 7, 27]
1546590094494;[171, 0, 17, 255, 161, 72, 70, 212, 143, 0, 0, 104, 1, 0, 87, 1, 0, 219, 7, 32]
1546590094663;[171, 0, 17, 255, 161, 72, 70, 212, 143, 0, 0, 101, 1, 0, 87, 1, 0, 219, 7, 28]
1546590094836;[171, 0, 17, 255, 161, 72, 70, 212, 143, 0, 0, 99, 1, 0, 86, 1, 0, 220, 7, 18]
1546590094839;[171, 0, 4, 255, 132, 128, 80]
1546590095008;[171, 0, 17, 255, 161, 72, 70, 212, 143, 0, 0, 101, 1, 0, 87, 1, 0, 219, 7, 2]
1546590095012;[171, 0, 17, 255, 161, 72, 70, 212, 143, 0, 0, 101, 1, 0, 86, 1, 0, 219, 6, 240]
1546590095181;[171, 0, 17, 255, 161, 72, 70, 212, 143, 0, 0, 101, 1, 0, 87, 1, 0, 220, 6, 242]
1546590095185;[171, 0, 17, 255, 161, 72, 70, 212, 143, 0, 0, 98, 1, 0, 87, 1, 0, 219, 6, 234]
1546590095701;[171, 0, 17, 255, 161, 72, 70, 212, 144, 0, 0, 101, 1, 0, 86, 1, 0, 219, 6, 229]
1546590095704;[171, 0, 17, 255, 161, 72, 70, 212, 144, 0, 0, 101, 1, 0, 86, 1, 0, 219, 6, 221]
1546590095709;[171, 0, 17, 255, 161, 72, 70, 212, 144, 0, 0, 98, 1, 0, 87, 1, 0, 220, 6, 199]
1546590095713;[171, 0, 17, 255, 161, 72, 70, 212, 144, 0, 0, 99, 1, 0, 86, 1, 0, 220, 6, 179]
1546590095871;[171, 0, 17, 255, 161, 72, 70, 212, 144, 0, 0, 99, 1, 0, 86, 1, 0, 219, 6, 170]
1546590095876;[171, 0, 17, 255, 161, 72, 70, 212, 144, 0, 0, 91, 1, 0, 86, 1, 0, 220, 6, 141]
1546590095880;[171, 0, 4, 255, 132, 128, 80]
1546590096043;[171, 0, 17, 255, 161, 72, 70, 212, 144, 0, 0, 107, 1, 0, 86, 1, 0, 220, 6, 103]
1546590096217;[171, 0, 17, 255, 161, 72, 70, 212, 144, 0, 0, 114, 1, 0, 70, 1, 0, 222, 6, 78]
1546590096221;[171, 0, 17, 255, 161, 72, 70, 212, 144, 0, 0, 110, 1, 0, 66, 1, 0, 217, 6, 52]
1546590096388;[171, 0, 17, 255, 161, 72, 70, 212, 144, 0, 0, 128, 1, 0, 61, 1, 0, 207, 6, 37]
1546590096392;[171, 0, 17, 255, 161, 72, 70, 212, 145, 0, 0, 145, 1, 0, 44, 1, 0, 212, 6, 23]
1546590096906;[171, 0, 17, 255, 161, 72, 70, 212, 145, 0, 0, 150, 1, 0, 36, 1, 0, 216, 6, 23]
1546590096911;[171, 0, 17, 255, 161, 72, 70, 212, 145, 0, 0, 159, 1, 0, 37, 1, 0, 206, 6, 31]
1546590096915;[171, 0, 17, 255, 161, 72, 70, 212, 145, 0, 0, 151, 1, 0, 33, 1, 0, 212, 6, 34]
1546590096919;[171, 0, 17, 255, 161, 72, 70, 212, 145, 0, 0, 138, 1, 0, 36, 1, 0, 212, 6, 39]
1546590097079;[171, 0, 17, 255, 161, 72, 70, 212, 145, 0, 0, 138, 1, 0, 33, 1, 0, 214, 6, 63]
1546590097083;[171, 0, 4, 255, 132, 128, 81]
1546590097087;[171, 0, 17, 255, 161, 72, 70, 212, 145, 0, 0, 137, 1, 0, 29, 1, 0, 216, 6, 104]
1546590097248;[171, 0, 17, 255, 161, 72, 70, 212, 145, 0, 0, 129, 1, 0, 34, 1, 0, 220, 6, 135]
1546590097423;[171, 0, 17, 255, 161, 72, 70, 212, 145, 0, 0, 131, 1, 0, 35, 1, 0, 220, 6, 127]
1546590097427;[171, 0, 17, 255, 161, 72, 70, 212, 145, 0, 0, 129, 1, 0, 34, 1, 0, 219, 6, 113]
1546590097597;[171, 0, 17, 255, 161, 72, 70, 212, 146, 0, 0, 124, 1, 0, 34, 1, 0, 220, 6, 84]
1546590097600;[171, 0, 17, 255, 161, 72, 70, 212, 146, 0, 0, 129, 1, 0, 34, 1, 0, 220, 6, 59]
1546590097768;[171, 0, 17, 255, 161, 72, 70, 212, 146, 0, 0, 131, 1, 0, 34, 1, 0, 220, 6, 60]
1546590097772;[171, 0, 17, 255, 161, 72, 70, 212, 146, 0, 0, 123, 1, 0, 30, 1, 0, 220, 6, 66]
1546590098112;[171, 0, 17, 255, 161, 72, 70, 212, 146, 0, 0, 126, 1, 0, 34, 1, 0, 219, 6, 79]
1546590098115;[171, 0, 17, 255, 161, 72, 70, 212, 146, 0, 0, 120, 1, 0, 34, 1, 0, 224, 6, 75]
1546590098116;[171, 0, 4, 255, 132, 128, 81]
1546590098286;[171, 0, 17, 255, 161, 72, 70, 212, 146, 0, 0, 121, 1, 0, 34, 1, 0, 224, 6, 74]
1546590098290;[171, 0, 17, 255, 161, 72, 70, 212, 146, 0, 0, 120, 1, 0, 34, 1, 0, 224, 6, 59]
1546590098458;[171, 0, 17, 255, 161, 72, 70, 212, 146, 0, 0, 120, 1, 0, 33, 1, 0, 222, 6, 38]
1546590098631;[171, 0, 17, 255, 161, 72, 70, 212, 146, 0, 0, 126, 1, 0, 33, 1, 0, 220, 6, 2]
1546590098634;[171, 0, 17, 255, 161, 72, 70, 212, 147, 0, 0, 138, 1, 0, 31, 1, 0, 236, 5, 247]
1546590098804;[171, 0, 17, 255, 161, 72, 70, 212, 147, 0, 0, 134, 1, 0, 56, 1, 0, 206, 6, 0]
1546590098807;[171, 0, 17, 255, 161, 72, 70, 212, 147, 0, 0, 138, 1, 0, 120, 1, 0, 197, 5, 183]
1546590098975;[171, 0, 17, 255, 161, 72, 70, 212, 147, 0, 0, 123, 1, 0, 115, 1, 0, 159, 5, 90]
1546590098979;[171, 0, 17, 255, 161, 72, 70, 212, 147, 0, 0, 75, 1, 0, 110, 1, 0, 195, 5, 141]
1546590099321;[171, 0, 17, 255, 161, 72, 70, 212, 147, 0, 0, 76, 1, 0, 41, 1, 0, 225, 5, 145]
1546590099325;[171, 0, 4, 255, 132, 128, 81]
1546590099329;[171, 0, 17, 255, 161, 72, 70, 212, 147, 0, 0, 99, 1, 0, 30, 1, 0, 221, 5, 125]
1546590099492;[171, 0, 17, 255, 161, 72, 70, 212, 147, 0, 0, 94, 1, 0, 42, 1, 0, 224, 5, 94]
1546590099496;[171, 0, 17, 255, 161, 72, 70, 212, 147, 0, 0, 113, 1, 0, 46, 1, 0, 237, 5, 68]
1546590099665;[171, 0, 17, 255, 161, 72, 70, 212, 147, 0, 0, 108, 1, 0, 52, 1, 0, 229, 5, 58]
1546590099838;[171, 0, 17, 255, 161, 72, 70, 212, 148, 0, 0, 106, 1, 0, 60, 1, 0, 222, 5, 43]
1546590099842;[171, 0, 17, 255, 161, 72, 70, 212, 148, 0, 0, 116, 1, 0, 47, 1, 0, 220, 5, 14]
1546590100011;[171, 0, 17, 255, 161, 72, 70, 212, 148, 0, 0, 104, 1, 0, 49, 1, 0, 228, 5, 1]
1546590100015;[171, 0, 17, 255, 161, 72, 70, 212, 148, 0, 0, 103, 1, 0, 48, 1, 0, 229, 4, 216]
1546590100183;[171, 0, 17, 255, 161, 72, 70, 212, 148, 0, 0, 101, 1, 0, 49, 1, 0, 228, 4, 181]
1546590100354;[171, 0, 17, 255, 161, 72, 70, 212, 150, 0, 0, 87, 1, 0, 46, 1, 0, 232, 4, 77]
1546590100701;[171, 0, 17, 255, 161, 72, 70, 212, 150, 0, 0, 97, 1, 0, 41, 1, 0, 232, 4, 95]
1546590100706;[171, 0, 17, 255, 161, 72, 70, 212, 150, 0, 0, 91, 1, 0, 44, 1, 0, 232, 4, 104]
1546590100710;[171, 0, 17, 255, 161, 72, 70, 212, 150, 0, 0, 87, 1, 0, 44, 1, 0, 232, 4, 110]
1546590100874;[171, 0, 17, 255, 161, 72, 70, 212, 151, 0, 0, 91, 1, 0, 46, 1, 0, 232, 4, 120]
1546590100878;[171, 0, 17, 255, 161, 72, 70, 212, 151, 0, 0, 93, 1, 0, 43, 1, 0, 230, 4, 111]
1546590101046;[171, 0, 17, 255, 161, 72, 70, 212, 151, 0, 0, 93, 1, 0, 43, 1, 0, 233, 4, 104]
1546590101219;[171, 0, 17, 255, 161, 72, 70, 212, 151, 0, 0, 97, 1, 0, 46, 1, 0, 232, 4, 89]
1546590101223;[171, 0, 17, 255, 161, 72, 70, 212, 151, 0, 0, 91, 1, 0, 45, 1, 0, 230, 4, 96]
1546590101561;[171, 0, 17, 255, 161, 72, 70, 212, 151, 0, 0, 93, 1, 0, 46, 1, 0, 232, 4, 110]
1546590101565;[171, 0, 4, 255, 132, 128, 80]
1546590101568;[171, 0, 17, 255, 161, 72, 70, 212, 151, 0, 0, 92, 1, 0, 46, 1, 0, 229, 4, 114]
1546590101910;[171, 0, 17, 255, 161, 72, 70, 212, 151, 0, 0, 87, 1, 0, 46, 1, 0, 232, 4, 115]
1546590101916;[171, 0, 17, 255, 161, 72, 70, 212, 151, 0, 0, 87, 1, 0, 43, 1, 0, 231, 4, 113]
1546590101920;[171, 0, 17, 255, 161, 72, 70, 212, 151, 0, 0, 93, 1, 0, 46, 1, 0, 230, 4, 104]
1546590101924;[171, 0, 17, 255, 161, 72, 70, 212, 152, 0, 0, 86, 1, 0, 43, 1, 0, 234, 4, 83]
1546590102083;[171, 0, 17, 255, 161, 72, 70, 212, 152, 0, 0, 91, 1, 0, 42, 1, 0, 233, 4, 95]
1546590102087;[171, 0, 17, 255, 161, 72, 70, 212, 152, 0, 0, 87, 1, 0, 43, 1, 0, 230, 4, 108]
1546590102253;[171, 0, 17, 255, 161, 72, 70, 212, 152, 0, 0, 97, 1, 0, 43, 1, 0, 232, 4, 112]
1546590102425;[171, 0, 17, 255, 161, 72, 70, 212, 152, 0, 0, 87, 1, 0, 41, 1, 0, 234, 4, 101]
1546590102599;[171, 0, 17, 255, 161, 72, 70, 212, 152, 0, 0, 87, 1, 0, 43, 1, 0, 229, 4, 111]
1546590102603;[171, 0, 4, 255, 132, 128, 81]
1546590102608;[171, 0, 17, 255, 161, 72, 70, 212, 152, 0, 0, 91, 1, 0, 44, 1, 0, 231, 4, 101]
1546590102771;[171, 0, 17, 255, 161, 72, 70, 212, 152, 0, 0, 91, 1, 0, 42, 1, 0, 231, 4, 78]
1546590102775;[171, 0, 17, 255, 161, 72, 70, 212, 152, 0, 0, 98, 1, 0, 46, 1, 0, 229, 4, 89]
1546590102944;[171, 0, 17, 255, 161, 72, 70, 212, 152, 0, 0, 97, 1, 0, 40, 1, 0, 235, 4, 105]
1546590103289;[171, 0, 17, 255, 161, 72, 70, 212, 153, 0, 0, 93, 1, 0, 39, 1, 0, 234, 4, 104]
1546590103293;[171, 0, 17, 255, 161, 72, 70, 212, 153, 0, 0, 87, 1, 0, 40, 1, 0, 230, 4, 106]
1546590103298;[171, 0, 17, 255, 161, 72, 70, 212, 153, 0, 0, 87, 1, 0, 42, 1, 0, 232, 4, 95]
1546590103302;[171, 0, 17, 255, 161, 72, 70, 212, 153, 0, 0, 86, 1, 0, 40, 1, 0, 232, 4, 90]
1546590103462;[171, 0, 17, 255, 161, 72, 70, 212, 153, 0, 0, 91, 1, 0, 40, 1, 0, 230, 4, 57]
1546590103650;[171, 0, 17, 255, 161, 72, 70, 212, 153, 0, 0, 93, 1, 0, 41, 1, 0, 235, 4, 81]
1546590103651;[171, 0, 4, 255, 132, 128, 81]
1546590103807;[171, 0, 17, 255, 161, 72, 70, 212, 153, 0, 0, 87, 1, 0, 40, 1, 0, 234, 4, 82]
1546590103811;[171, 0, 17, 255, 161, 72, 70, 212, 153, 0, 0, 87, 1, 0, 40, 1, 0, 232, 4, 82]
1546590103979;[171, 0, 17, 255, 161, 72, 70, 212, 153, 0, 0, 87, 1, 0, 40, 1, 0, 232, 4, 89]
1546590103983;[171, 0, 17, 255, 161, 72, 70, 212, 153, 0, 0, 87, 1, 0, 39, 1, 0, 233, 4, 73]
1546590104151;[171, 0, 17, 255, 161, 72, 70, 212, 154, 0, 0, 87, 1, 0, 40, 1, 0, 234, 4, 64]
1546590104495;[171, 0, 17, 255, 161, 72, 70, 212, 154, 0, 0, 93, 1, 0, 40, 1, 0, 234, 4, 45]
1546590104499;[171, 0, 17, 255, 161, 72, 70, 212, 154, 0, 0, 91, 1, 0, 40, 1, 0, 233, 4, 48]
1546590104503;[171, 0, 17, 255, 161, 72, 70, 212, 154, 0, 0, 86, 1, 0, 37, 1, 0, 234, 4, 59]
1546590104507;[171, 0, 17, 255, 161, 72, 70, 212, 154, 0, 0, 86, 1, 0, 39, 1, 0, 234, 4, 66]
1546590104842;[171, 0, 17, 255, 161, 72, 70, 212, 154, 0, 0, 87, 1, 0, 43, 1, 0, 232, 4, 63]
1546590104846;[171, 0, 4, 255, 132, 128, 81]
1546590104850;[171, 0, 17, 255, 161, 72, 70, 212, 154, 0, 0, 93, 1, 0, 41, 1, 0, 232, 4, 54]
1546590105015;[171, 0, 17, 255, 161, 72, 70, 212, 154, 0, 0, 86, 1, 0, 40, 1, 0, 232, 4, 39]
1546590105019;[171, 0, 17, 255, 161, 72, 70, 212, 154, 0, 0, 86, 1, 0, 38, 1, 0, 234, 4, 18]
1546590105185;[171, 0, 17, 255, 161, 72, 70, 212, 154, 0, 0, 86, 1, 0, 40, 1, 0, 230, 3, 254]
1546590105190;[171, 0, 17, 255, 161, 72, 70, 212, 155, 0, 0, 91, 1, 0, 47, 1, 0, 224, 3, 235]
1546590105358;[171, 0, 17, 255, 161, 72, 70, 212, 155, 0, 0, 133, 1, 0, 38, 1, 0, 250, 3, 81]
1546590105876;[171, 0, 17, 255, 161, 72, 70, 212, 155, 0, 0, 108, 1, 0, 49, 1, 0, 225, 2, 164]
1546590105881;[171, 0, 17, 255, 161, 72, 70, 212, 155, 0, 0, 31, 1, 0, 71, 1, 0, 233, 2, 86]
1546590105885;[171, 0, 17, 255, 161, 72, 70, 212, 155, 0, 0, 43, 1, 0, 43, 1, 0, 247, 2, 46]
1546590106050;[171, 0, 17, 255, 161, 72, 70, 212, 155, 0, 0, 65, 1, 0, 56, 1, 0, 240, 1, 248]
1546590106054;[171, 0, 4, 255, 132, 128, 81]
1546590106059;[171, 0, 17, 255, 161, 72, 70, 212, 155, 0, 0, 120, 1, 0, 62, 1, 0, 214, 2, 106]
1546590106063;[171, 0, 17, 255, 161, 72, 70, 212, 155, 0, 0, 157, 1, 0, 67, 1, 0, 177, 2, 106]
1546590106221;[171, 0, 17, 255, 161, 72, 70, 212, 155, 0, 0, 178, 1, 0, 75, 1, 0, 151, 2, 106]
1546590106225;[171, 0, 17, 255, 161, 72, 70, 212, 155, 0, 0, 184, 1, 0, 75, 1, 0, 157, 2, 106]
1546590106395;[171, 0, 17, 255, 161, 72, 70, 212, 156, 0, 0, 186, 1, 0, 71, 1, 0, 153, 2, 106]
1546590106398;[171, 0, 17, 255, 161, 72, 70, 212, 156, 0, 0, 199, 1, 0, 68, 1, 0, 148, 2, 106]
1546590106565;[171, 0, 17, 255, 161, 72, 70, 212, 156, 0, 0, 197, 1, 0, 71, 1, 0, 131, 2, 106]
1546590106739;[171, 0, 17, 255, 161, 72, 70, 212, 156, 0, 0, 199, 1, 0, 69, 1, 0, 145, 2, 106]
1546590106743;[171, 0, 17, 255, 161, 72, 70, 212, 156, 0, 0, 196, 1, 0, 67, 1, 0, 145, 2, 106]
1546590107086;[171, 0, 17, 255, 161, 72, 70, 212, 156, 0, 0, 196, 1, 0, 66, 1, 0, 145, 2, 106]
1546590107089;[171, 0, 4, 255, 132, 128, 81]
1546590107094;[171, 0, 17, 255, 161, 72, 70, 212, 156, 0, 0, 197, 1, 0, 74, 1, 0, 134, 2, 128]
1546590107098;[171, 0, 17, 255, 161, 72, 70, 212, 156, 0, 0, 197, 1, 0, 71, 1, 0, 134, 2, 124]
1546590107256;[171, 0, 17, 255, 161, 72, 70, 212, 156, 0, 0, 198, 1, 0, 75, 1, 0, 137, 2, 165]
1546590107428;[171, 0, 17, 255, 161, 72, 70, 212, 156, 0, 0, 197, 1, 0, 74, 1, 0, 136, 2, 88]
1546590107432;[171, 0, 17, 255, 161, 72, 70, 212, 157, 0, 0, 201, 1, 0, 75, 1, 0, 134, 2, 131]
1546590107601;[171, 0, 17, 255, 161, 72, 70, 212, 157, 0, 0, 187, 1, 0, 73, 1, 0, 135, 2, 204]
1546590107604;[171, 0, 17, 255, 161, 72, 70, 212, 157, 0, 0, 197, 1, 0, 76, 1, 0, 136, 2, 170]
1546590107774;[171, 0, 17, 255, 161, 72, 70, 212, 157, 0, 0, 200, 1, 0, 74, 1, 0, 135, 2, 224]
1546590107778;[171, 0, 17, 255, 161, 72, 70, 212, 157, 0, 0, 196, 1, 0, 73, 1, 0, 131, 2, 244]
1546590107947;[171, 0, 17, 255, 161, 72, 70, 212, 157, 0, 0, 196, 1, 0, 73, 1, 0, 135, 3, 22]
1546590108292;[171, 0, 4, 255, 132, 128, 82]
1546590108296;[171, 0, 17, 255, 161, 72, 70, 212, 157, 0, 0, 197, 1, 0, 69, 1, 0, 137, 2, 207]
1546590108300;[171, 0, 17, 255, 161, 72, 70, 212, 157, 0, 0, 199, 1, 0, 75, 1, 0, 136, 2, 246]
1546590108304;[171, 0, 17, 255, 161, 72, 70, 212, 157, 0, 0, 197, 1, 0, 73, 1, 0, 133, 2, 226]
1546590108466;[171, 0, 17, 255, 161, 72, 70, 212, 157, 0, 0, 200, 1, 0, 71, 1, 0, 136, 3, 30]
1546590108636;[171, 0, 17, 255, 161, 72, 70, 212, 158, 0, 0, 198, 1, 0, 71, 1, 0, 136, 2, 250]
1546590108640;[171, 0, 17, 255, 161, 72, 70, 212, 158, 0, 0, 201, 1, 0, 71, 1, 0, 137, 2, 255]
1546590108809;[171, 0, 17, 255, 161, 72, 70, 212, 158, 0, 0, 198, 1, 0, 71, 1, 0, 136, 3, 58]
1546590108813;[171, 0, 17, 255, 161, 72, 70, 212, 158, 0, 0, 199, 1, 0, 74, 1, 0, 136, 3, 193]
1546590108981;[171, 0, 17, 255, 161, 72, 70, 212, 158, 0, 0, 200, 1, 0, 71, 1, 0, 135, 4, 5]
1546590108985;[171, 0, 17, 255, 161, 72, 70, 212, 158, 0, 0, 197, 1, 0, 73, 1, 0, 136, 4, 65]
1546590109153;[171, 0, 4, 255, 132, 128, 84]
1546590109326;[171, 0, 17, 255, 161, 72, 70, 212, 158, 0, 0, 203, 1, 0, 75, 1, 0, 137, 4, 200]
1546590109330;[171, 0, 17, 255, 161, 72, 70, 212, 158, 0, 0, 200, 1, 0, 67, 1, 0, 137, 4, 247]
1546590109673;[171, 0, 17, 255, 161, 72, 70, 212, 158, 0, 0, 200, 1, 0, 71, 1, 0, 136, 4, 196]
1546590109677;[171, 0, 17, 255, 161, 72, 70, 212, 158, 0, 0, 197, 1, 0, 71, 1, 0, 136, 4, 146]
1546590109681;[171, 0, 17, 255, 161, 72, 70, 212, 159, 0, 0, 200, 1, 0, 71, 1, 0, 138, 4, 100]
1546590109688;[171, 0, 17, 255, 161, 72, 70, 212, 159, 0, 0, 196, 1, 0, 75, 1, 0, 137, 4, 52]
1546590109843;[171, 0, 17, 255, 161, 72, 70, 212, 159, 0, 0, 196, 1, 0, 71, 1, 0, 137, 3, 208]
1546590110017;[171, 0, 17, 255, 161, 72, 70, 212, 159, 0, 0, 197, 1, 0, 70, 1, 0, 134, 3, 181]
1546590110020;[171, 0, 17, 255, 161, 72, 70, 212, 159, 0, 0, 198, 1, 0, 69, 1, 0, 140, 3, 148]
1546590110361;[171, 0, 17, 255, 161, 72, 70, 212, 159, 0, 0, 197, 1, 0, 71, 1, 0, 136, 3, 47]
1546590110365;[171, 0, 4, 255, 132, 128, 85]
1546590110369;[171, 0, 17, 255, 161, 72, 70, 212, 159, 0, 0, 197, 1, 0, 71, 1, 0, 137, 2, 234]
1546590110533;[171, 0, 17, 255, 161, 72, 70, 212, 159, 0, 0, 197, 1, 0, 71, 1, 0, 140, 2, 237]
1546590110537;[171, 0, 17, 255, 161, 72, 70, 212, 159, 0, 0, 203, 1, 0, 70, 1, 0, 137, 2, 209]
1546590110880;[171, 0, 17, 255, 161, 72, 70, 212, 159, 0, 0, 200, 1, 0, 71, 1, 0, 135, 2, 82]
1546590110884;[171, 0, 17, 255, 161, 72, 70, 212, 160, 0, 0, 196, 1, 0, 70, 1, 0, 137, 2, 95]
1546590110888;[171, 0, 17, 255, 161, 72, 70, 212, 160, 0, 0, 203, 1, 0, 71, 1, 0, 136, 2, 20]
1546590110892;[171, 0, 17, 255, 161, 72, 70, 212, 160, 0, 0, 200, 1, 0, 71, 1, 0, 135, 1, 196]
1546590111225;[171, 0, 17, 255, 161, 72, 70, 212, 160, 0, 0, 203, 1, 0, 70, 1, 0, 135, 1, 153]
1546590111229;[171, 0, 17, 255, 161, 72, 70, 212, 160, 0, 0, 194, 1, 0, 71, 1, 0, 135, 1, 134]
1546590111233;[171, 0, 17, 255, 161, 72, 70, 212, 160, 0, 0, 201, 1, 0, 69, 1, 0, 134, 1, 165]
1546590111397;[171, 0, 4, 255, 132, 128, 86]
1546590111403;[171, 0, 17, 255, 161, 72, 70, 212, 160, 0, 0, 200, 1, 0, 69, 1, 0, 136, 1, 139]
1546590111567;[171, 0, 17, 255, 161, 72, 70, 212, 160, 0, 0, 202, 1, 0, 69, 1, 0, 136, 1, 94]
1546590111740;[171, 0, 17, 255, 161, 72, 70, 212, 160, 0, 0, 197, 1, 0, 69, 1, 0, 136, 1, 32]
1546590111744;[171, 0, 17, 255, 161, 72, 70, 212, 160, 0, 0, 198, 1, 0, 67, 1, 0, 135, 0, 210]
1546590111913;[171, 0, 17, 255, 161, 72, 70, 212, 161, 0, 0, 203, 1, 0, 66, 1, 0, 136, 0, 206]
1546590111917;[171, 0, 17, 255, 161, 72, 70, 212, 161, 0, 0, 204, 1, 0, 71, 1, 0, 135, 16, 164]
1546590112259;[171, 0, 17, 255, 161, 72, 70, 212, 161, 0, 0, 200, 1, 0, 70, 1, 0, 135, 7, 211]
1546590112263;[171, 0, 17, 255, 161, 72, 70, 212, 161, 0, 0, 201, 1, 0, 71, 1, 0, 135, 7, 227]
1546590112267;[171, 0, 17, 255, 161, 72, 70, 212, 161, 0, 0, 197, 1, 0, 71, 1, 0, 135, 7, 165]
1546590112605;[171, 0, 17, 255, 161, 72, 70, 212, 161, 0, 0, 200, 1, 0, 70, 1, 0, 136, 7, 165]
1546590112609;[171, 0, 4, 255, 132, 128, 86]
1546590112613;[171, 0, 17, 255, 161, 72, 70, 212, 161, 0, 0, 198, 1, 0, 71, 1, 0, 135, 7, 75]
1546590112618;[171, 0, 17, 255, 161, 72, 70, 212, 161, 0, 0, 201, 1, 0, 71, 1, 0, 135, 7, 42]
1546590112783;[171, 0, 17, 255, 161, 72, 70, 212, 161, 0, 0, 201, 1, 0, 70, 1, 0, 136, 6, 232]
1546590112784;[171, 0, 17, 255, 161, 72, 70, 212, 161, 0, 0, 197, 1, 0, 70, 1, 0, 135, 6, 172]
1546590112948;[171, 0, 17, 255, 161, 72, 70, 212, 162, 0, 0, 197, 1, 0, 69, 1, 0, 136, 6, 138]
1546590113121;[171, 0, 17, 255, 161, 72, 70, 212, 162, 0, 0, 201, 1, 0, 67, 1, 0, 134, 6, 121]
1546590113125;[171, 0, 17, 255, 161, 72, 70, 212, 162, 0, 0, 200, 1, 0, 69, 1, 0, 133, 6, 97]
1546590113467;[171, 0, 17, 255, 161, 72, 70, 212, 162, 0, 0, 203, 1, 0, 69, 1, 0, 136, 6, 62]
1546590113640;[171, 0, 17, 255, 161, 72, 70, 212, 162, 0, 0, 197, 1, 0, 65, 1, 0, 135, 5, 248]
1546590113644;[171, 0, 17, 255, 161, 72, 70, 212, 162, 0, 0, 200, 1, 0, 70, 1, 0, 135, 5, 193]
1546590113648;[171, 0, 4, 255, 132, 128, 86]
1546590113653;[171, 0, 17, 255, 161, 72, 70, 212, 162, 0, 0, 203, 1, 0, 71, 1, 0, 135, 5, 115]
1546590113812;[171, 0, 17, 255, 161, 72, 70, 212, 162, 0, 0, 200, 1, 0, 69, 1, 0, 135, 5, 49]
1546590113816;[171, 0, 17, 255, 161, 72, 70, 212, 162, 0, 0, 197, 1, 0, 69, 1, 0, 133, 5, 8]
1546590113983;[171, 0, 17, 255, 161, 72, 70, 212, 162, 0, 0, 201, 1, 0, 70, 1, 0, 135, 5, 4]
1546590113988;[171, 0, 17, 255, 161, 72, 70, 212, 163, 0, 0, 200, 1, 0, 72, 1, 0, 134, 5, 1]
1546590114156;[171, 0, 17, 255, 161, 72, 70, 212, 163, 0, 0, 201, 1, 0, 69, 1, 0, 131, 4, 236]
1546590114328;[171, 0, 17, 255, 161, 72, 70, 212, 163, 0, 0, 200, 1, 0, 71, 1, 0, 131, 4, 226]
1546590114332;[171, 0, 17, 255, 161, 72, 70, 212, 163, 0, 0, 200, 1, 0, 69, 1, 0, 134, 4, 222]
1546590114848;[171, 0, 17, 255, 161, 72, 70, 212, 163, 0, 0, 201, 1, 0, 71, 1, 0, 134, 4, 182]
1546590114852;[171, 0, 17, 255, 161, 72, 70, 212, 163, 0, 0, 197, 1, 0, 69, 1, 0, 133, 4, 155]
1546590114856;[171, 0, 4, 255, 132, 128, 86]
1546590114861;[171, 0, 17, 255, 161, 72, 70, 212, 163, 0, 0, 203, 1, 0, 67, 1, 0, 134, 4, 120]
1546590115017;[171, 0, 17, 255, 161, 72, 70, 212, 163, 0, 0, 200, 1, 0, 65, 1, 0, 134, 4, 91]
1546590115022;[171, 0, 17, 255, 161, 72, 70, 212, 163, 0, 0, 204, 1, 0, 71, 1, 0, 131, 4, 105]
1546590115026;[171, 0, 17, 255, 161, 72, 70, 212, 163, 0, 0, 204, 1, 0, 69, 1, 0, 131, 4, 45]
1546590115191;[171, 0, 17, 255, 161, 72, 70, 212, 164, 0, 0, 203, 1, 0, 70, 1, 0, 131, 3, 193]
1546590115195;[171, 0, 17, 255, 161, 72, 70, 212, 164, 0, 0, 203, 1, 0, 69, 1, 0, 131, 3, 54]
1546590115363;[171, 0, 17, 255, 161, 72, 70, 212, 164, 0, 0, 203, 1, 0, 71, 1, 0, 133, 3, 54]
1546590115536;[171, 0, 17, 255, 161, 72, 70, 212, 164, 0, 0, 200, 1, 0, 69, 1, 0, 132, 3, 54]
1546590115540;[171, 0, 17, 255, 161, 72, 70, 212, 164, 0, 0, 204, 1, 0, 66, 1, 0, 128, 3, 20]
1546590115723;[171, 0, 17, 255, 161, 72, 70, 212, 164, 0, 0, 203, 1, 0, 71, 1, 0, 129, 2, 214]
1546590115724;[171, 0, 4, 255, 132, 128, 86]
1546590116055;[171, 0, 17, 255, 161, 72, 70, 212, 164, 0, 0, 201, 1, 0, 70, 1, 0, 131, 2, 193]
1546590116059;[171, 0, 17, 255, 161, 72, 70, 212, 164, 0, 0, 204, 1, 0, 67, 1, 0, 131, 2, 175]
1546590116064;[171, 0, 17, 255, 161, 72, 70, 212, 164, 0, 0, 206, 1, 0, 69, 1, 0, 129, 2, 154]
1546590116226;[171, 0, 17, 255, 161, 72, 70, 212, 164, 0, 0, 203, 1, 0, 68, 1, 0, 131, 2, 142]
1546590116230;[171, 0, 17, 255, 161, 72, 70, 212, 165, 0, 0, 203, 1, 0, 69, 1, 0, 130, 2, 144]
1546590116398;[171, 0, 17, 255, 161, 72, 70, 212, 165, 0, 0, 201, 1, 0, 70, 1, 0, 129, 2, 106]
1546590116572;[171, 0, 17, 255, 161, 72, 70, 212, 165, 0, 0, 203, 1, 0, 70, 1, 0, 131, 2, 102]
1546590116576;[171, 0, 17, 255, 161, 72, 70, 212, 165, 0, 0, 206, 1, 0, 73, 1, 0, 131, 2, 114]
1546590116580;[171, 0, 17, 255, 161, 72, 70, 212, 165, 0, 0, 206, 1, 0, 69, 1, 0, 131, 2, 191]
1546590116743;[171, 0, 17, 255, 161, 72, 70, 212, 165, 0, 0, 203, 1, 0, 69, 1, 0, 133, 2, 190]
1546590116916;[171, 0, 4, 255, 132, 128, 86]
1546590116920;[171, 0, 17, 255, 161, 72, 70, 212, 165, 0, 0, 200, 1, 0, 69, 1, 0, 131, 2, 166]
1546590117262;[171, 0, 17, 255, 161, 72, 70, 212, 165, 0, 0, 204, 1, 0, 71, 1, 0, 128, 2, 145]
1546590117265;[171, 0, 17, 255, 161, 72, 70, 212, 165, 0, 0, 206, 1, 0, 70, 1, 0, 133, 2, 173]
1546590117270;[171, 0, 17, 255, 161, 72, 70, 212, 165, 0, 0, 203, 1, 0, 70, 1, 0, 130, 2, 238]
1546590117433;[171, 0, 17, 255, 161, 72, 70, 212, 166, 0, 0, 203, 1, 0, 68, 1, 0, 130, 3, 21]
1546590117606;[171, 0, 17, 255, 161, 72, 70, 212, 166, 0, 0, 203, 1, 0, 69, 1, 0, 129, 2, 201]
1546590117610;[171, 0, 17, 255, 161, 72, 70, 212, 166, 0, 0, 206, 1, 0, 69, 1, 0, 131, 2, 111]
1546590117779;[171, 0, 17, 255, 161, 72, 70, 212, 166, 0, 0, 203, 1, 0, 68, 1, 0, 129, 2, 5]
1546590117783;[171, 0, 17, 255, 161, 72, 70, 212, 166, 0, 0, 208, 1, 0, 68, 1, 0, 127, 1, 238]
1546590117787;[171, 0, 17, 255, 161, 72, 70, 212, 166, 0, 0, 204, 1, 0, 66, 1, 0, 125, 1, 177]
1546590118125;[171, 0, 4, 255, 132, 128, 85]
1546590118128;[171, 0, 17, 255, 161, 72, 70, 212, 166, 0, 0, 203, 1, 0, 70, 1, 0, 135, 16, 175]
1546590118133;[171, 0, 17, 255, 161, 72, 70, 212, 166, 0, 0, 206, 1, 0, 65, 1, 0, 129, 7, 77]
1546590118297;[171, 0, 17, 255, 161, 72, 70, 212, 166, 0, 0, 200, 1, 0, 69, 1, 0, 131, 5, 177]
1546590118301;[171, 0, 17, 255, 161, 72, 70, 212, 166, 0, 0, 211, 1, 0, 66, 1, 0, 126, 5, 177]
1546590118642;[171, 0, 17, 255, 161, 72, 70, 212, 167, 0, 0, 207, 1, 0, 68, 1, 0, 118, 5, 177]
1546590118646;[171, 0, 17, 255, 161, 72, 70, 212, 167, 0, 0, 210, 1, 0, 67, 1, 0, 124, 5, 177]
1546590118650;[171, 0, 17, 255, 161, 72, 70, 212, 167, 0, 0, 215, 1, 0, 67, 1, 0, 118, 2, 165]
1546590118814;[171, 0, 17, 255, 161, 72, 70, 212, 167, 0, 0, 219, 1, 0, 71, 1, 0, 109, 2, 165]
1546590118818;[171, 0, 17, 255, 161, 72, 70, 212, 167, 0, 0, 230, 1, 0, 65, 1, 0, 134, 2, 165]
1546590118985;[171, 0, 17, 255, 161, 72, 70, 212, 167, 0, 0, 204, 1, 0, 76, 1, 0, 148, 2, 165]
1546590119157;[171, 0, 4, 255, 132, 128, 85]
1546590119161;[171, 0, 17, 255, 161, 72, 70, 212, 167, 0, 0, 222, 1, 0, 75, 1, 0, 161, 2, 165]
1546590119331;[171, 0, 17, 255, 161, 72, 70, 212, 167, 0, 0, 211, 1, 0, 105, 1, 0, 97, 2, 165]
1546590119335;[171, 0, 17, 255, 161, 72, 70, 212, 167, 0, 0, 136, 1, 0, 142, 1, 0, 131, 2, 165]
1546590119503;[171, 0, 17, 255, 161, 72, 70, 212, 167, 0, 0, 23, 1, 0, 153, 1, 0, 188, 2, 165]
1546590119507;[171, 0, 17, 255, 161, 72, 70, 212, 168, 1, 0, 63, 1, 0, 159, 1, 0, 195, 2, 165]
1546590119872;[171, 0, 17, 255, 161, 72, 70, 212, 168, 1, 0, 17, 1, 0, 141, 1, 0, 211, 2, 165]
1546590119873;[171, 0, 17, 255, 161, 72, 70, 212, 168, 0, 0, 17, 1, 0, 140, 1, 0, 233, 2, 165]
1546590119875;[171, 0, 17, 255, 161, 72, 70, 212, 168, 0, 0, 11, 1, 0, 132, 1, 0, 224, 2, 165]
1546590120021;[171, 0, 17, 255, 161, 72, 70, 212, 168, 0, 0, 11, 1, 0, 125, 1, 0, 229, 2, 165]
1546590120024;[171, 0, 17, 255, 161, 72, 70, 212, 168, 0, 0, 64, 1, 0, 147, 1, 0, 199, 1, 205]
1546590120194;[171, 0, 4, 255, 132, 128, 85]
1546590120198;[171, 0, 17, 255, 161, 72, 70, 212, 168, 0, 0, 83, 1, 0, 136, 1, 0, 191, 1, 77]
1546590120366;[171, 0, 17, 255, 161, 72, 70, 212, 168, 0, 0, 121, 1, 0, 154, 1, 0, 168, 1, 30]
1546590120538;[171, 0, 17, 255, 161, 72, 70, 212, 168, 0, 0, 145, 1, 0, 147, 1, 0, 165, 1, 33]
1546590120542;[171, 0, 17, 255, 161, 72, 70, 212, 168, 0, 0, 148, 1, 0, 131, 1, 0, 153, 0, 247]
1546590120713;[171, 0, 17, 255, 161, 72, 70, 212, 169, 0, 0, 187, 1, 0, 118, 1, 0, 122, 0, 212]
1546590120715;[171, 0, 17, 255, 161, 72, 70, 212, 169, 0, 0, 191, 1, 0, 130, 1, 0, 103, 2, 210]
1546590121403;[171, 0, 17, 255, 161, 72, 70, 212, 169, 0, 0, 196, 1, 0, 127, 1, 0, 105, 16, 0]
1546590121407;[171, 0, 17, 255, 161, 72, 70, 212, 169, 0, 0, 192, 1, 0, 125, 1, 0, 102, 5, 189]
1546590121411;[171, 0, 17, 255, 161, 72, 70, 212, 169, 0, 0, 187, 1, 0, 124, 1, 0, 98, 5, 58]
1546590121416;[171, 0, 17, 255, 161, 72, 70, 212, 169, 0, 0, 189, 1, 0, 131, 1, 0, 102, 5, 2]
1546590121573;[171, 0, 4, 255, 132, 128, 89]
1546590121577;[171, 0, 17, 255, 161, 72, 70, 212, 169, 0, 0, 187, 1, 0, 124, 1, 0, 101, 4, 156]
1546590121582;[171, 0, 17, 255, 161, 72, 70, 212, 169, 0, 0, 189, 1, 0, 125, 1, 0, 103, 4, 180]
1546590121586;[171, 0, 17, 255, 161, 72, 70, 212, 169, 0, 0, 187, 1, 0, 119, 1, 0, 100, 4, 243]
1546590121745;[171, 0, 17, 255, 161, 72, 70, 212, 169, 0, 0, 194, 1, 0, 130, 1, 0, 102, 5, 7]
1546590121750;[171, 0, 17, 255, 161, 72, 70, 212, 170, 0, 0, 212, 1, 0, 121, 1, 0, 92, 5, 46]
1546590121920;[171, 0, 17, 255, 161, 72, 70, 212, 170, 0, 0, 204, 1, 0, 118, 1, 0, 91, 5, 176]
1546590121923;[171, 0, 17, 255, 161, 72, 70, 212, 170, 0, 0, 196, 1, 0, 115, 1, 0, 88, 5, 132]
1546590122091;[171, 0, 17, 255, 161, 72, 70, 212, 170, 0, 0, 212, 1, 0, 115, 1, 0, 79, 5, 125]
1546590122095;[171, 0, 17, 255, 161, 72, 70, 212, 170, 0, 0, 211, 1, 0, 109, 1, 0, 85, 5, 135]
1546590122437;[171, 0, 17, 255, 161, 72, 70, 212, 172, 0, 0, 59, 1, 0, 24, 1, 0, 234, 11, 18]
1546590122442;[171, 0, 17, 255, 161, 72, 70, 212, 172, 0, 0, 58, 1, 0, 58, 1, 0, 241, 11, 9]
1546590122608;[171, 0, 17, 255, 161, 72, 70, 212, 172, 0, 0, 61, 1, 0, 68, 1, 0, 229, 11, 11]
1546590122614;[171, 0, 17, 255, 161, 72, 70, 212, 172, 0, 0, 71, 1, 0, 40, 1, 0, 237, 11, 28]
1546590122781;[171, 0, 17, 255, 161, 72, 70, 212, 173, 0, 0, 37, 1, 0, 38, 1, 0, 254, 11, 71]
1546590122953;[171, 0, 17, 255, 161, 72, 70, 212, 173, 0, 0, 51, 1, 0, 29, 1, 1, 0, 11, 4]
1546590123126;[171, 0, 17, 255, 161, 72, 70, 212, 173, 0, 0, 88, 1, 0, 14, 1, 1, 7, 10, 78]
1546590123129;[171, 0, 17, 255, 161, 72, 70, 212, 173, 0, 0, 97, 1, 0, 37, 1, 0, 246, 9, 192]
1546590123301;[171, 0, 17, 255, 161, 72, 70, 212, 173, 0, 0, 85, 1, 0, 65, 1, 0, 223, 9, 86]
1546590123304;[171, 0, 17, 255, 161, 72, 70, 212, 173, 0, 0, 49, 1, 0, 87, 1, 0, 242, 9, 35]
1546590123651;[171, 0, 4, 255, 132, 128, 89]
1546590123654;[171, 0, 17, 255, 161, 72, 70, 212, 173, 0, 0, 59, 1, 0, 96, 1, 0, 224, 8, 238]
1546590123656;[171, 0, 17, 255, 161, 72, 70, 212, 173, 0, 0, 116, 1, 0, 81, 1, 0, 168, 8, 186]
1546590123817;[171, 0, 17, 255, 161, 72, 70, 212, 173, 0, 0, 101, 1, 0, 48, 1, 0, 165, 8, 171]
1546590123821;[171, 0, 17, 255, 161, 72, 70, 212, 173, 0, 0, 93, 1, 0, 91, 1, 0, 224, 8, 177]
1546590123989;[171, 0, 17, 255, 161, 72, 70, 212, 174, 0, 0, 104, 1, 0, 67, 1, 0, 250, 8, 225]
1546590123993;[171, 0, 17, 255, 161, 72, 70, 212, 174, 0, 0, 62, 1, 0, 57, 1, 0, 208, 8, 245]
1546590124160;[171, 0, 17, 255, 161, 72, 70, 212, 174, 0, 0, 98, 1, 0, 34, 1, 0, 251, 8, 160]
1546590124334;[171, 0, 17, 255, 161, 72, 70, 212, 174, 0, 0, 95, 0, 0, 14, 1, 0, 241, 8, 33]
1546590124338;[171, 0, 17, 255, 161, 72, 70, 212, 174, 0, 0, 112, 0, 0, 0, 1, 0, 252, 7, 170]
1546590124506;[171, 0, 17, 255, 161, 72, 70, 212, 174, 0, 0, 101, 1, 0, 19, 1, 0, 235, 7, 95]
1546590124679;[171, 0, 4, 255, 132, 128, 89]
1546590124683;[171, 0, 17, 255, 161, 72, 70, 212, 174, 0, 0, 104, 1, 0, 29, 1, 0, 228, 7, 38]
1546590124687;[171, 0, 17, 255, 161, 72, 70, 212, 174, 0, 0, 116, 1, 0, 14, 1, 0, 234, 7, 24]
1546590125024;[171, 0, 17, 255, 161, 72, 70, 212, 174, 0, 0, 117, 1, 0, 32, 1, 0, 232, 7, 8]
1546590125028;[171, 0, 17, 255, 161, 72, 70, 212, 174, 0, 0, 109, 1, 0, 36, 1, 0, 229, 6, 241]
1546590125032;[171, 0, 17, 255, 161, 72, 70, 212, 175, 0, 0, 116, 1, 0, 25, 1, 0, 226, 6, 217]
1546590125197;[171, 0, 17, 255, 161, 72, 70, 212, 175, 0, 0, 112, 1, 0, 33, 1, 0, 220, 6, 202]
1546590125201;[171, 0, 17, 255, 161, 72, 70, 212, 175, 0, 0, 117, 1, 0, 24, 1, 0, 228, 6, 230]
1546590125369;[171, 0, 17, 255, 161, 72, 70, 212, 175, 0, 0, 116, 1, 0, 28, 1, 0, 224, 6, 251]
1546590125373;[171, 0, 17, 255, 161, 72, 70, 212, 175, 0, 0, 120, 1, 0, 34, 1, 0, 228, 7, 20]
1546590125540;[171, 0, 17, 255, 161, 72, 70, 212, 175, 0, 0, 116, 1, 0, 24, 1, 0, 228, 7, 45]
1546590125715;[171, 0, 4, 255, 132, 128, 89]
1546590125720;[171, 0, 17, 255, 161, 72, 70, 212, 175, 0, 0, 117, 1, 0, 24, 1, 0, 228, 7, 53]
1546590125887;[171, 0, 17, 255, 161, 72, 70, 212, 175, 0, 0, 118, 1, 0, 34, 1, 0, 219, 7, 47]
1546590125891;[171, 0, 17, 255, 161, 72, 70, 212, 175, 0, 0, 114, 1, 0, 24, 1, 0, 227, 7, 48]
1546590126232;[171, 0, 17, 255, 161, 72, 70, 212, 175, 0, 0, 114, 1, 0, 24, 1, 0, 228, 7, 92]
1546590126236;[171, 0, 17, 255, 161, 72, 70, 212, 176, 0, 0, 118, 1, 0, 24, 1, 0, 222, 7, 129]
1546590126240;[171, 0, 17, 255, 161, 72, 70, 212, 176, 0, 0, 120, 1, 0, 29, 1, 0, 224, 7, 149]
1546590126403;[171, 0, 17, 255, 161, 72, 70, 212, 176, 0, 0, 118, 1, 0, 28, 1, 0, 229, 7, 160]
1546590126407;[171, 0, 17, 255, 161, 72, 70, 212, 176, 0, 0, 126, 1, 0, 29, 1, 0, 219, 7, 168]
1546590126576;[171, 0, 17, 255, 161, 72, 70, 212, 176, 0, 0, 114, 1, 0, 23, 1, 0, 228, 7, 172]
1546590126580;[171, 0, 17, 255, 161, 72, 70, 212, 176, 0, 0, 128, 1, 0, 24, 1, 0, 222, 7, 185]
1546590126921;[171, 0, 4, 255, 132, 128, 90]
1546590126926;[171, 0, 17, 255, 161, 72, 70, 212, 176, 0, 0, 118, 1, 0, 34, 1, 0, 220, 7, 226]
1546590126929;[171, 0, 17, 255, 161, 72, 70, 212, 176, 0, 0, 124, 1, 0, 23, 1, 0, 224, 7, 249]
1546590127268;[171, 0, 17, 255, 161, 72, 70, 212, 176, 0, 0, 123, 1, 0, 29, 1, 0, 220, 8, 18]
1546590127272;[171, 0, 17, 255, 161, 72, 70, 212, 176, 0, 0, 124, 1, 0, 24, 1, 0, 222, 8, 47]
1546590127276;[171, 0, 17, 255, 161, 72, 70, 212, 177, 0, 0, 118, 1, 0, 33, 1, 0, 224, 8, 52]
1546590127280;[171, 0, 17, 255, 161, 72, 70, 212, 177, 0, 0, 126, 1, 0, 24, 1, 0, 222, 8, 60]
1546590127612;[171, 0, 17, 255, 161, 72, 70, 212, 177, 0, 0, 120, 1, 0, 33, 1, 0, 220, 8, 66]
1546590127616;[171, 0, 17, 255, 161, 72, 70, 212, 177, 0, 0, 128, 1, 0, 23, 1, 0, 222, 8, 99]
1546590127620;[171, 0, 17, 255, 161, 72, 70, 212, 177, 0, 0, 126, 1, 0, 28, 1, 0, 224, 8, 137]
1546590127784;[171, 0, 17, 255, 161, 72, 70, 212, 177, 0, 0, 123, 1, 0, 26, 1, 0, 222, 8, 155]
1546590127788;[171, 0, 4, 255, 132, 128, 90]
1546590127956;[171, 0, 17, 255, 161, 72, 70, 212, 177, 0, 0, 121, 1, 0, 28, 1, 0, 220, 8, 163]
1546590128128;[171, 0, 17, 255, 161, 72, 70, 212, 177, 0, 0, 120, 1, 0, 24, 1, 0, 224, 8, 179]
1546590128302;[171, 0, 17, 255, 161, 72, 70, 212, 177, 0, 0, 129, 1, 0, 33, 1, 0, 220, 8, 196]
1546590128308;[171, 0, 17, 255, 161, 72, 70, 212, 177, 0, 0, 122, 1, 0, 30, 1, 0, 220, 8, 199]
1546590128310;[171, 0, 17, 255, 161, 72, 70, 212, 178, 0, 0, 126, 1, 0, 23, 1, 0, 220, 8, 249]
1546590128479;[171, 0, 17, 255, 161, 72, 70, 212, 178, 0, 0, 119, 1, 0, 35, 1, 0, 220, 9, 28]
1546590128484;[171, 0, 17, 255, 161, 72, 70, 212, 178, 0, 0, 123, 1, 0, 35, 1, 0, 220, 9, 54]
1546590128821;[171, 0, 17, 255, 161, 72, 70, 212, 178, 0, 0, 124, 1, 0, 34, 1, 0, 220, 9, 75]
1546590128824;[171, 0, 17, 255, 161, 72, 70, 212, 178, 0, 0, 128, 1, 0, 34, 1, 0, 220, 9, 115]
1546590128828;[171, 0, 17, 255, 161, 72, 70, 212, 178, 0, 0, 116, 1, 0, 42, 1, 0, 223, 9, 128]
1546590129169;[171, 0, 4, 255, 132, 128, 91]
1546590129175;[171, 0, 17, 255, 161, 72, 70, 212, 178, 0, 0, 128, 1, 0, 49, 1, 0, 219, 9, 128]
1546590129180;[171, 0, 17, 255, 161, 72, 70, 212, 178, 0, 0, 121, 1, 0, 44, 1, 0, 214, 9, 133]
1546590129332;[171, 0, 17, 255, 161, 72, 70, 212, 178, 0, 0, 131, 1, 0, 76, 1, 0, 212, 9, 136]
1546590129334;[171, 0, 17, 255, 161, 72, 70, 212, 178, 0, 0, 121, 1, 0, 62, 1, 0, 217, 9, 144]
1546590129507;[171, 0, 17, 255, 161, 72, 70, 212, 179, 0, 0, 124, 1, 0, 66, 1, 0, 213, 9, 153]
1546590129681;[171, 0, 17, 255, 161, 72, 70, 212, 179, 0, 0, 121, 1, 0, 65, 1, 0, 214, 9, 165]
1546590129685;[171, 0, 17, 255, 161, 72, 70, 212, 179, 0, 0, 123, 1, 0, 71, 1, 0, 214, 9, 160]
1546590129689;[171, 0, 17, 255, 161, 72, 70, 212, 179, 0, 0, 128, 1, 0, 77, 1, 0, 207, 9, 166]
1546590130198;[171, 0, 17, 255, 161, 72, 70, 212, 179, 0, 0, 124, 1, 0, 76, 1, 0, 211, 9, 196]
1546590130373;[171, 0, 17, 255, 161, 72, 70, 212, 179, 0, 0, 120, 1, 0, 76, 1, 0, 212, 9, 220]
1546590130377;[171, 0, 4, 255, 132, 128, 91]
1546590130381;[171, 0, 17, 255, 161, 72, 70, 212, 179, 0, 0, 123, 1, 0, 82, 1, 0, 211, 9, 228]
1546590130385;[171, 0, 17, 255, 161, 72, 70, 212, 179, 0, 0, 123, 1, 0, 86, 1, 0, 211, 9, 232]
1546590130544;[171, 0, 17, 255, 161, 72, 70, 212, 179, 0, 0, 124, 1, 0, 87, 1, 0, 211, 9, 230]
1546590130548;[171, 0, 17, 255, 161, 72, 70, 212, 179, 0, 0, 126, 1, 0, 87, 1, 0, 211, 9, 222]
1546590130552;[171, 0, 17, 255, 161, 72, 70, 212, 180, 0, 0, 124, 1, 0, 87, 1, 0, 203, 9, 208]
1546590130716;[171, 0, 17, 255, 161, 72, 70, 212, 180, 0, 0, 128, 1, 0, 87, 1, 0, 207, 9, 227]
1546590130722;[171, 0, 17, 255, 161, 72, 70, 212, 180, 0, 0, 123, 1, 0, 86, 1, 0, 206, 9, 237]
1546590130887;[171, 0, 17, 255, 161, 72, 70, 212, 180, 0, 0, 124, 1, 0, 88, 1, 0, 206, 9, 232]
1546590130891;[171, 0, 17, 255, 161, 72, 70, 212, 180, 0, 0, 127, 1, 0, 86, 1, 0, 203, 9, 236]
1546590131061;[171, 0, 17, 255, 161, 72, 70, 212, 180, 0, 0, 123, 1, 0, 87, 1, 0, 202, 9, 226]
1546590131407;[171, 0, 4, 255, 132, 128, 91]
1546590131411;[171, 0, 17, 255, 161, 72, 70, 212, 180, 0, 0, 124, 1, 0, 87, 1, 0, 202, 9, 200]
1546590131415;[171, 0, 17, 255, 161, 72, 70, 212, 180, 0, 0, 130, 1, 0, 87, 1, 0, 202, 9, 199]
1546590131419;[171, 0, 17, 255, 161, 72, 70, 212, 180, 0, 0, 129, 1, 0, 88, 1, 0, 203, 9, 216]
1546590131578;[171, 0, 17, 255, 161, 72, 70, 212, 180, 0, 0, 129, 1, 0, 87, 1, 0, 203, 9, 216]
1546590131582;[171, 0, 17, 255, 161, 72, 70, 212, 181, 0, 0, 129, 1, 0, 87, 1, 0, 203, 9, 227]
1546590131924;[171, 0, 17, 255, 161, 72, 70, 212, 181, 0, 0, 124, 1, 0, 86, 1, 0, 207, 9, 224]
1546590131928;[171, 0, 17, 255, 161, 72, 70, 212, 181, 0, 0, 124, 1, 0, 86, 1, 0, 203, 9, 223]
1546590131932;[171, 0, 17, 255, 161, 72, 70, 212, 181, 0, 0, 129, 1, 0, 86, 1, 0, 207, 9, 202]
1546590132096;[171, 0, 17, 255, 161, 72, 70, 212, 181, 0, 0, 121, 1, 0, 86, 1, 0, 211, 9, 213]
1546590132100;[171, 0, 17, 255, 161, 72, 70, 212, 181, 0, 0, 126, 1, 0, 88, 1, 0, 201, 9, 216]
1546590132268;[171, 0, 4, 255, 132, 128, 84]
1546590132611;[171, 0, 17, 255, 161, 72, 70, 212, 181, 0, 0, 123, 1, 0, 76, 1, 0, 208, 9, 205]
1546590132615;[171, 0, 17, 255, 161, 72, 70, 212, 181, 0, 0, 117, 1, 0, 81, 1, 0, 207, 9, 197]
1546590132618;[171, 0, 17, 255, 161, 72, 70, 212, 181, 0, 0, 117, 1, 0, 88, 1, 0, 211, 9, 181]
1546590132622;[171, 0, 17, 255, 161, 72, 70, 212, 181, 0, 0, 124, 1, 0, 69, 1, 0, 214, 9, 171]
1546590132785;[171, 0, 17, 255, 161, 72, 70, 212, 182, 0, 0, 121, 1, 0, 67, 1, 0, 217, 9, 172]
1546590132790;[171, 0, 17, 255, 161, 72, 70, 212, 182, 0, 0, 121, 1, 0, 75, 1, 0, 213, 9, 193]
1546590132957;[171, 0, 17, 255, 161, 72, 70, 212, 182, 0, 0, 126, 1, 0, 74, 1, 0, 217, 9, 227]
1546590133131;[171, 0, 17, 255, 161, 72, 70, 212, 182, 0, 0, 117, 1, 0, 69, 1, 0, 214, 9, 255]
1546590133135;[171, 0, 17, 255, 161, 72, 70, 212, 182, 0, 0, 119, 1, 0, 71, 1, 0, 212, 10, 7]
1546590133303;[171, 0, 17, 255, 161, 72, 70, 212, 182, 0, 0, 123, 1, 0, 64, 1, 0, 219, 10, 18]
1546590133307;[171, 0, 4, 255, 132, 128, 84]
1546590133478;[171, 0, 17, 255, 161, 72, 70, 212, 182, 0, 0, 117, 1, 0, 65, 1, 0, 217, 10, 38]
1546590133483;[171, 0, 17, 255, 161, 72, 70, 212, 182, 0, 0, 120, 1, 0, 55, 1, 0, 219, 10, 49]
1546590133648;[171, 0, 17, 255, 161, 72, 70, 212, 182, 0, 0, 131, 1, 0, 53, 1, 0, 219, 10, 63]
1546590133995;[171, 0, 17, 255, 161, 72, 70, 212, 182, 0, 0, 120, 1, 0, 46, 1, 0, 224, 10, 113]
1546590133999;[171, 0, 17, 255, 161, 72, 70, 212, 183, 0, 0, 112, 1, 0, 40, 1, 0, 219, 10, 151]
1546590134003;[171, 0, 17, 255, 161, 72, 70, 212, 183, 0, 0, 120, 1, 0, 55, 1, 0, 219, 10, 131]
1546590134007;[171, 0, 17, 255, 161, 72, 70, 212, 183, 0, 0, 123, 1, 0, 34, 1, 0, 224, 10, 152]
1546590134166;[171, 0, 17, 255, 161, 72, 70, 212, 183, 0, 0, 118, 1, 0, 43, 1, 0, 219, 10, 155]
1546590134171;[171, 0, 17, 255, 161, 72, 70, 212, 183, 0, 0, 124, 1, 0, 35, 1, 0, 219, 10, 164]
1546590134338;[171, 0, 17, 255, 161, 72, 70, 212, 183, 0, 0, 118, 1, 0, 23, 1, 0, 228, 10, 95]
1546590134684;[171, 0, 4, 255, 132, 128, 84]
1546590134688;[171, 0, 17, 255, 161, 72, 70, 212, 183, 0, 0, 128, 1, 0, 34, 1, 0, 220, 9, 230]
1546590134693;[171, 0, 17, 255, 161, 72, 70, 212, 183, 0, 0, 121, 1, 0, 28, 1, 0, 220, 9, 110]
1546590134697;[171, 0, 17, 255, 161, 72, 70, 212, 183, 0, 0, 117, 1, 0, 24, 1, 0, 220, 9, 53]
1546590134856;[171, 0, 17, 255, 161, 72, 70, 212, 183, 0, 0, 124, 1, 0, 28, 1, 0, 219, 9, 44]
1546590135204;[171, 0, 17, 255, 161, 72, 70, 212, 184, 0, 0, 123, 1, 0, 23, 1, 0, 220, 9, 44]
1546590135208;[171, 0, 17, 255, 161, 72, 70, 212, 184, 0, 0, 124, 1, 0, 19, 1, 0, 220, 9, 44]
1546590135212;[171, 0, 17, 255, 161, 72, 70, 212, 184, 0, 0, 120, 1, 0, 17, 1, 0, 224, 9, 43]
1546590135216;[171, 0, 17, 255, 161, 72, 70, 212, 184, 0, 0, 129, 1, 0, 24, 1, 0, 220, 9, 57]
1546590135374;[171, 0, 17, 255, 161, 72, 70, 212, 184, 0, 0, 123, 1, 0, 21, 1, 0, 220, 9, 76]
1546590135378;[171, 0, 17, 255, 161, 72, 70, 212, 184, 0, 0, 131, 1, 0, 17, 1, 0, 222, 9, 99]
1546590135545;[171, 0, 4, 255, 132, 128, 84]
1546590135719;[171, 0, 17, 255, 161, 72, 70, 212, 184, 0, 0, 124, 1, 0, 23, 1, 0, 220, 9, 112]
1546590135723;[171, 0, 17, 255, 161, 72, 70, 212, 184, 0, 0, 130, 1, 0, 23, 1, 0, 220, 9, 121]
1546590135891;[171, 0, 17, 255, 161, 72, 70, 212, 184, 0, 0, 126, 1, 0, 24, 1, 0, 222, 9, 118]
1546590135895;[171, 0, 17, 255, 161, 72, 70, 212, 184, 0, 0, 129, 1, 0, 22, 1, 0, 220, 9, 112]
1546590136063;[171, 0, 17, 255, 161, 72, 70, 212, 185, 0, 0, 128, 1, 0, 28, 1, 0, 219, 9, 104]
1546590136236;[171, 0, 17, 255, 161, 72, 70, 212, 185, 0, 0, 129, 1, 0, 20, 1, 0, 215, 9, 115]
1546590136240;[171, 0, 17, 255, 161, 72, 70, 212, 185, 0, 0, 136, 1, 0, 23, 1, 0, 220, 9, 121]
1546590136582;[171, 0, 17, 255, 161, 72, 70, 212, 185, 0, 0, 129, 1, 0, 23, 1, 0, 220, 9, 123]
1546590136587;[171, 0, 17, 255, 161, 72, 70, 212, 185, 0, 0, 133, 1, 0, 23, 1, 0, 220, 9, 132]
1546590136591;[171, 0, 17, 255, 161, 72, 70, 212, 185, 0, 0, 124, 1, 0, 23, 1, 0, 220, 9, 121]
1546590136595;[171, 0, 4, 255, 132, 128, 85]
1546590136753;[171, 0, 17, 255, 161, 72, 70, 212, 185, 0, 0, 131, 1, 0, 20, 1, 0, 220, 9, 124]
1546590136925;[171, 0, 17, 255, 161, 72, 70, 212, 185, 0, 0, 128, 1, 0, 24, 1, 0, 220, 9, 124]
1546590136929;[171, 0, 17, 255, 161, 72, 70, 212, 185, 0, 0, 128, 1, 0, 20, 1, 0, 220, 9, 118]
1546590137098;[171, 0, 17, 255, 161, 72, 70, 212, 185, 0, 0, 130, 1, 0, 29, 1, 0, 224, 9, 122]
1546590137102;[171, 0, 17, 255, 161, 72, 70, 212, 186, 0, 0, 132, 1, 0, 24, 1, 0, 220, 9, 112]
1546590137445;[171, 0, 17, 255, 161, 72, 70, 212, 186, 0, 0, 151, 1, 0, 24, 1, 0, 225, 9, 116]
1546590137449;[171, 0, 17, 255, 161, 72, 70, 212, 186, 0, 0, 182, 1, 0, 11, 1, 0, 221, 9, 102]
1546590137453;[171, 0, 17, 255, 161, 72, 70, 212, 186, 0, 0, 144, 1, 0, 144, 1, 1, 1, 9, 21]
1546590137788;[171, 0, 17, 255, 161, 72, 70, 212, 186, 0, 0, 73, 1, 0, 110, 1, 0, 195, 9, 72]
1546590137963;[171, 0, 17, 255, 161, 72, 70, 212, 186, 0, 0, 191, 0, 0, 70, 1, 0, 161, 10, 22]
1546590137967;[171, 0, 4, 255, 132, 128, 85]
1546590137971;[171, 0, 17, 255, 161, 72, 70, 212, 186, 0, 0, 13, 0, 0, 26, 1, 0, 125, 9, 153]
1546590137975;[171, 0, 17, 255, 161, 72, 70, 212, 186, 0, 0, 103, 1, 0, 24, 1, 0, 153, 9, 2]
1546590138134;[171, 0, 17, 255, 161, 72, 70, 212, 186, 0, 0, 194, 1, 0, 47, 1, 1, 45, 9, 5]
1546590138138;[171, 0, 17, 255, 161, 72, 70, 212, 186, 0, 0, 41, 1, 0, 10, 1, 1, 34, 9, 140]
1546590138308;[171, 0, 17, 255, 161, 72, 70, 212, 187, 0, 0, 137, 0, 0, 16, 1, 0, 245, 10, 96]
1546590138312;[171, 0, 17, 255, 161, 72, 70, 212, 187, 0, 0, 139, 0, 0, 44, 1, 0, 190, 10, 139]
1546590138477;[171, 0, 17, 255, 161, 72, 70, 212, 187, 0, 0, 255, 0, 0, 105, 1, 0, 189, 10, 166]
1546590138481;[171, 0, 17, 255, 161, 72, 70, 212, 187, 0, 0, 104, 0, 0, 116, 1, 0, 216, 10, 167]
1546590138650;[171, 0, 17, 255, 161, 72, 70, 212, 187, 0, 0, 39, 0, 0, 102, 1, 0, 167, 10, 216]
1546590139171;[171, 0, 17, 255, 161, 72, 70, 212, 187, 0, 0, 69, 0, 0, 101, 1, 0, 207, 10, 189]
1546590139178;[171, 0, 4, 255, 132, 128, 85]
1546590139184;[171, 0, 17, 255, 161, 72, 70, 212, 187, 0, 0, 121, 0, 0, 131, 1, 0, 136, 10, 149]
1546590139186;[171, 0, 17, 255, 161, 72, 70, 212, 187, 0, 0, 68, 0, 0, 101, 1, 0, 209, 10, 78]
1546590139341;[171, 0, 17, 255, 161, 72, 70, 212, 187, 0, 0, 91, 0, 0, 131, 1, 0, 125, 10, 9]
1546590139346;[171, 0, 17, 255, 161, 72, 70, 212, 187, 0, 0, 83, 0, 0, 101, 1, 0, 222, 9, 209]
1546590139350;[171, 0, 17, 255, 161, 72, 70, 212, 192, 0, 0, 139, 0, 0, 145, 1, 0, 151, 9, 182]
1546590139514;[171, 0, 17, 255, 161, 72, 70, 212, 192, 0, 0, 54, 0, 0, 99, 1, 0, 203, 9, 132]
1546590139518;[171, 0, 17, 255, 161, 72, 70, 212, 192, 0, 0, 219, 0, 0, 202, 1, 0, 227, 9, 114]
1546590139686;[171, 0, 17, 255, 161, 72, 70, 212, 192, 0, 0, 68, 0, 0, 101, 1, 0, 205, 9, 91]
