1546589314792;[171, 0, 17, 255, 161, 72, 70, 209, 78, 0, 0, 108, 0, 0, 32, 1, 0, 220, 8, 192]
1546589314807;[171, 0, 17, 255, 161, 72, 70, 209, 78, 0, 0, 119, 0, 0, 22, 1, 0, 220, 8, 246]
1546589314809;[171, 0, 17, 255, 161, 72, 70, 209, 79, 0, 0, 124, 0, 0, 36, 1, 0, 220, 9, 24]
1546589314964;[171, 0, 17, 255, 161, 72, 70, 209, 79, 0, 0, 120, 0, 0, 40, 1, 0, 242, 9, 59]
1546589314968;[171, 0, 17, 255, 161, 72, 70, 209, 79, 0, 0, 106, 0, 0, 35, 1, 0, 236, 9, 90]
1546589315136;[171, 0, 17, 255, 161, 72, 70, 209, 79, 0, 0, 86, 0, 0, 58, 1, 1, 65, 9, 160]
1546589315486;[171, 0, 17, 255, 161, 72, 70, 209, 81, 0, 0, 141, 0, 0, 16, 1, 0, 222, 10, 137]
1546589315491;[171, 0, 17, 255, 161, 72, 70, 209, 81, 0, 0, 124, 0, 0, 8, 1, 0, 222, 10, 166]
1546589315654;[171, 0, 17, 255, 161, 72, 70, 209, 81, 0, 0, 143, 0, 0, 13, 1, 0, 235, 10, 167]
1546589315658;[171, 0, 17, 255, 161, 72, 70, 209, 81, 0, 0, 132, 0, 0, 8, 1, 0, 229, 10, 166]
1546589315999;[171, 0, 17, 255, 161, 72, 70, 209, 81, 0, 0, 132, 0, 0, 1, 1, 0, 219, 10, 192]
1546589316003;[171, 0, 17, 255, 161, 72, 70, 209, 82, 0, 0, 116, 0, 0, 3, 1, 0, 211, 10, 249]
1546589316007;[171, 0, 17, 255, 161, 72, 70, 209, 82, 0, 0, 120, 0, 0, 28, 1, 0, 235, 11, 20]
1546589316171;[171, 0, 17, 255, 161, 72, 70, 209, 82, 0, 0, 114, 0, 0, 19, 1, 0, 226, 11, 23]
1546589316175;[171, 0, 17, 255, 161, 72, 70, 209, 82, 0, 0, 117, 0, 0, 24, 1, 0, 220, 11, 33]
1546589316344;[171, 0, 17, 255, 161, 72, 70, 209, 82, 0, 0, 135, 0, 0, 24, 1, 0, 228, 11, 30]
1546589316348;[171, 0, 4, 255, 132, 128, 93]
1546589316517;[171, 0, 17, 255, 161, 72, 70, 209, 82, 0, 0, 114, 0, 0, 33, 1, 0, 224, 11, 22]
1546589316521;[171, 0, 17, 255, 161, 72, 70, 209, 82, 0, 0, 101, 0, 0, 31, 1, 0, 228, 11, 51]
1546589316689;[171, 0, 17, 255, 161, 72, 70, 209, 82, 0, 0, 141, 0, 0, 3, 1, 0, 223, 11, 53]
1546589316862;[171, 0, 17, 255, 161, 72, 70, 209, 82, 0, 0, 147, 0, 0, 1, 1, 0, 220, 11, 67]
1546589316866;[171, 0, 17, 255, 161, 72, 70, 209, 82, 0, 0, 139, 0, 0, 13, 1, 0, 219, 11, 73]
1546589317386;[171, 0, 17, 255, 161, 72, 70, 209, 83, 0, 0, 130, 0, 0, 24, 1, 0, 217, 11, 55]
1546589317394;[171, 0, 17, 255, 161, 72, 70, 209, 83, 0, 0, 117, 0, 0, 29, 1, 0, 222, 11, 39]
1546589317398;[171, 0, 17, 255, 161, 72, 70, 209, 83, 0, 0, 128, 0, 0, 17, 1, 0, 227, 11, 96]
1546589317403;[171, 0, 17, 255, 161, 72, 70, 209, 83, 0, 0, 132, 0, 0, 23, 1, 0, 220, 11, 108]
1546589317548;[171, 0, 17, 255, 161, 72, 70, 209, 83, 0, 0, 129, 0, 0, 13, 1, 0, 219, 11, 106]
1546589317556;[171, 0, 4, 255, 132, 128, 93]
1546589317559;[171, 0, 17, 255, 161, 72, 70, 209, 83, 0, 0, 138, 0, 0, 8, 1, 0, 226, 11, 107]
1546589317724;[171, 0, 17, 255, 161, 72, 70, 209, 83, 0, 0, 129, 0, 0, 15, 1, 0, 218, 11, 93]
1546589317728;[171, 0, 17, 255, 161, 72, 70, 209, 83, 0, 0, 123, 0, 0, 25, 1, 0, 220, 11, 75]
1546589317895;[171, 0, 17, 255, 161, 72, 70, 209, 83, 0, 0, 126, 0, 0, 25, 1, 0, 224, 11, 118]
1546589318068;[171, 0, 17, 255, 161, 72, 70, 209, 83, 0, 0, 129, 0, 0, 13, 1, 0, 224, 11, 137]
1546589318072;[171, 0, 17, 255, 161, 72, 70, 209, 84, 0, 0, 131, 0, 0, 16, 1, 0, 219, 11, 141]
1546589318241;[171, 0, 17, 255, 161, 72, 70, 209, 84, 0, 0, 132, 0, 0, 24, 1, 0, 220, 11, 139]
1546589318246;[171, 0, 17, 255, 161, 72, 70, 209, 84, 0, 0, 134, 0, 0, 16, 1, 0, 222, 11, 130]
1546589318588;[171, 0, 17, 255, 161, 72, 70, 209, 84, 0, 0, 133, 0, 0, 19, 1, 0, 219, 11, 116]
1546589318592;[171, 0, 17, 255, 161, 72, 70, 209, 84, 0, 0, 131, 0, 0, 22, 1, 0, 219, 11, 150]
1546589318595;[171, 0, 4, 255, 132, 128, 93]
1546589318758;[171, 0, 17, 255, 161, 72, 70, 209, 84, 0, 0, 131, 0, 0, 19, 1, 0, 224, 11, 171]
1546589318763;[171, 0, 17, 255, 161, 72, 70, 209, 84, 0, 0, 137, 0, 0, 12, 1, 0, 219, 11, 179]
1546589318931;[171, 0, 17, 255, 161, 72, 70, 209, 84, 0, 0, 135, 0, 0, 8, 1, 0, 219, 11, 187]
1546589318935;[171, 0, 17, 255, 161, 72, 70, 209, 84, 0, 0, 128, 0, 0, 25, 1, 0, 220, 11, 177]
1546589319103;[171, 0, 17, 255, 161, 72, 70, 209, 84, 0, 0, 130, 0, 0, 19, 1, 0, 220, 11, 169]
1546589319276;[171, 0, 17, 255, 161, 72, 70, 209, 85, 0, 0, 139, 0, 0, 12, 1, 0, 219, 11, 205]
1546589319280;[171, 0, 17, 255, 161, 72, 70, 209, 85, 0, 0, 128, 0, 0, 19, 1, 0, 220, 11, 221]
1546589319450;[171, 0, 17, 255, 161, 72, 70, 209, 85, 0, 0, 131, 0, 0, 17, 1, 0, 220, 11, 236]
1546589319455;[171, 0, 17, 255, 161, 72, 70, 209, 85, 0, 0, 132, 0, 0, 8, 1, 0, 217, 11, 232]
1546589319794;[171, 0, 17, 255, 161, 72, 70, 209, 85, 0, 0, 138, 0, 0, 8, 1, 0, 219, 11, 230]
1546589319798;[171, 0, 4, 255, 132, 128, 93]
1546589319803;[171, 0, 17, 255, 161, 72, 70, 209, 85, 0, 0, 134, 0, 0, 16, 1, 0, 220, 11, 219]
1546589321864;[171, 0, 17, 255, 161, 72, 70, 209, 85, 0, 0, 138, 0, 0, 13, 1, 0, 224, 11, 252]
1546589321867;[171, 0, 17, 255, 161, 72, 70, 209, 85, 0, 0, 129, 0, 0, 12, 1, 0, 223, 12, 20]
1546589321872;[171, 0, 17, 255, 161, 72, 70, 209, 85, 0, 0, 123, 0, 0, 16, 1, 0, 220, 12, 22]
1546589321874;[171, 0, 17, 255, 161, 72, 70, 209, 85, 0, 0, 123, 0, 0, 13, 1, 0, 220, 12, 29]
1546589321875;[171, 0, 17, 255, 161, 72, 70, 209, 86, 0, 0, 127, 0, 0, 17, 1, 0, 220, 12, 21]
1546589321877;[171, 0, 17, 255, 161, 72, 70, 209, 86, 0, 0, 118, 0, 0, 20, 1, 0, 228, 12, 8]
1546589321885;[171, 0, 17, 255, 161, 72, 70, 209, 86, 0, 0, 118, 0, 0, 16, 1, 0, 220, 12, 27]
1546589321887;[171, 0, 17, 255, 161, 72, 70, 209, 86, 0, 0, 132, 0, 0, 22, 1, 0, 220, 12, 52]
1546589321889;[171, 0, 17, 255, 161, 72, 70, 209, 86, 0, 0, 116, 0, 0, 33, 1, 0, 222, 12, 60]
1546589321891;[171, 0, 4, 255, 132, 128, 93]
1546589321893;[171, 0, 17, 255, 161, 72, 70, 209, 86, 0, 0, 110, 0, 0, 32, 1, 0, 228, 12, 58]
1546589321907;[171, 0, 17, 255, 161, 72, 70, 209, 86, 0, 0, 124, 0, 0, 20, 1, 0, 220, 12, 47]
1546589321908;[171, 0, 17, 255, 161, 72, 70, 209, 86, 0, 0, 126, 0, 0, 14, 1, 0, 225, 12, 31]
1546589321910;[171, 0, 17, 255, 161, 72, 70, 209, 86, 0, 0, 123, 0, 0, 14, 1, 0, 227, 12, 45]
1546589321912;[171, 0, 17, 255, 161, 72, 70, 209, 86, 0, 0, 123, 0, 0, 17, 1, 0, 222, 12, 81]
1546589321914;[171, 0, 17, 255, 161, 72, 70, 209, 87, 0, 0, 123, 0, 0, 16, 1, 0, 220, 12, 84]
1546589321922;[171, 0, 17, 255, 161, 72, 70, 209, 87, 0, 0, 129, 0, 0, 13, 1, 0, 223, 12, 81]
1546589321924;[171, 0, 17, 255, 161, 72, 70, 209, 87, 0, 0, 123, 0, 0, 12, 1, 0, 220, 12, 70]
1546589321926;[171, 0, 17, 255, 161, 72, 70, 209, 87, 0, 0, 123, 0, 0, 13, 1, 0, 226, 12, 49]
1546589321933;[171, 0, 17, 255, 161, 72, 70, 209, 87, 0, 0, 120, 0, 0, 13, 1, 0, 220, 12, 52]
1546589321935;[171, 0, 4, 255, 132, 128, 94]
1546589322037;[171, 0, 17, 255, 161, 72, 70, 209, 87, 0, 0, 123, 0, 0, 12, 1, 0, 226, 12, 95]
1546589322040;[171, 0, 17, 255, 161, 72, 70, 209, 87, 0, 0, 123, 0, 0, 8, 1, 0, 224, 12, 90]
1546589322386;[171, 0, 17, 255, 161, 72, 70, 209, 87, 0, 0, 123, 0, 0, 15, 1, 0, 224, 12, 94]
1546589322389;[171, 0, 17, 255, 161, 72, 70, 209, 87, 0, 0, 123, 0, 0, 16, 1, 0, 228, 12, 84]
1546589322393;[171, 0, 17, 255, 161, 72, 70, 209, 87, 0, 0, 118, 0, 0, 12, 1, 0, 228, 12, 65]
1546589322553;[171, 0, 17, 255, 161, 72, 70, 209, 88, 0, 0, 123, 0, 0, 16, 1, 0, 219, 12, 57]
1546589322557;[171, 0, 17, 255, 161, 72, 70, 209, 88, 0, 0, 129, 0, 0, 16, 1, 0, 228, 12, 80]
1546589322727;[171, 0, 17, 255, 161, 72, 70, 209, 88, 0, 0, 123, 0, 0, 12, 1, 0, 228, 12, 92]
1546589322731;[171, 0, 17, 255, 161, 72, 70, 209, 88, 0, 0, 128, 0, 0, 13, 1, 0, 220, 12, 78]
1546589322898;[171, 0, 17, 255, 161, 72, 70, 209, 88, 0, 0, 130, 0, 0, 12, 1, 0, 220, 12, 67]
1546589323072;[171, 0, 4, 255, 132, 128, 95]
1546589323076;[171, 0, 17, 255, 161, 72, 70, 209, 88, 0, 0, 123, 0, 0, 17, 1, 0, 224, 12, 55]
1546589323244;[171, 0, 17, 255, 161, 72, 70, 209, 88, 0, 0, 126, 0, 0, 16, 1, 0, 220, 12, 38]
1546589323248;[171, 0, 17, 255, 161, 72, 70, 209, 88, 0, 0, 132, 0, 0, 8, 1, 0, 220, 12, 47]
1546589323416;[171, 0, 17, 255, 161, 72, 70, 209, 88, 0, 0, 134, 0, 0, 14, 1, 0, 228, 12, 61]
1546589323420;[171, 0, 17, 255, 161, 72, 70, 209, 88, 0, 0, 130, 0, 0, 19, 1, 0, 220, 12, 56]
1546589323761;[171, 0, 17, 255, 161, 72, 70, 209, 89, 0, 0, 132, 0, 0, 19, 1, 0, 220, 12, 44]
1546589323765;[171, 0, 17, 255, 161, 72, 70, 209, 89, 0, 0, 124, 0, 0, 12, 1, 0, 224, 12, 36]
1546589323769;[171, 0, 17, 255, 161, 72, 70, 209, 89, 0, 0, 126, 0, 0, 12, 1, 0, 219, 12, 1]
1546589323934;[171, 0, 17, 255, 161, 72, 70, 209, 89, 0, 0, 124, 0, 0, 15, 1, 0, 226, 11, 250]
1546589323938;[171, 0, 17, 255, 161, 72, 70, 209, 89, 0, 0, 117, 0, 0, 15, 1, 0, 220, 12, 7]
1546589324107;[171, 0, 4, 255, 132, 128, 95]
1546589324278;[171, 0, 17, 255, 161, 72, 70, 209, 89, 0, 0, 124, 0, 0, 16, 1, 0, 228, 12, 5]
1546589324282;[171, 0, 17, 255, 161, 72, 70, 209, 89, 0, 0, 106, 0, 0, 12, 1, 0, 241, 11, 250]
1546589324459;[171, 0, 17, 255, 161, 72, 70, 209, 89, 0, 0, 57, 0, 0, 10, 1, 1, 17, 11, 244]
1546589324465;[171, 0, 17, 255, 161, 72, 70, 209, 89, 0, 0, 91, 0, 0, 19, 1, 1, 16, 11, 224]
1546589324624;[171, 0, 17, 255, 161, 72, 70, 209, 89, 0, 0, 61, 0, 0, 22, 1, 0, 246, 11, 168]
1546589324627;[171, 0, 17, 255, 161, 72, 70, 209, 90, 0, 0, 59, 0, 0, 19, 1, 0, 230, 11, 141]
1546589324973;[171, 0, 17, 255, 161, 72, 70, 209, 90, 0, 0, 18, 0, 0, 4, 1, 0, 235, 11, 109]
1546589324975;[171, 0, 17, 255, 161, 72, 70, 209, 90, 0, 0, 13, 0, 0, 1, 1, 0, 241, 11, 67]
1546589324978;[171, 0, 17, 255, 161, 72, 70, 209, 90, 1, 0, 1, 0, 0, 3, 1, 0, 253, 11, 8]
1546589325140;[171, 0, 17, 255, 161, 72, 70, 209, 90, 1, 0, 26, 0, 0, 7, 1, 1, 4, 10, 253]
1546589325144;[171, 0, 4, 255, 132, 128, 95]
1546589325486;[171, 0, 17, 255, 161, 72, 70, 209, 90, 0, 0, 54, 0, 0, 2, 1, 0, 176, 10, 186]
1546589325492;[171, 0, 17, 255, 161, 72, 70, 209, 90, 0, 1, 110, 0, 0, 30, 1, 0, 90, 8, 36]
1546589325496;[171, 0, 17, 255, 161, 72, 70, 209, 90, 0, 1, 3, 0, 0, 12, 1, 0, 55, 8, 36]
1546589325658;[171, 0, 17, 255, 161, 72, 70, 209, 90, 0, 0, 26, 0, 0, 36, 1, 0, 214, 8, 36]
1546589325662;[171, 0, 17, 255, 161, 72, 70, 209, 90, 0, 0, 73, 0, 0, 56, 1, 0, 227, 7, 243]
1546589325830;[171, 0, 17, 255, 161, 72, 70, 209, 91, 0, 0, 206, 0, 0, 57, 1, 0, 140, 8, 227]
1546589325834;[171, 0, 17, 255, 161, 72, 70, 209, 91, 0, 1, 13, 0, 0, 49, 1, 0, 68, 1, 11]
1546589326350;[171, 0, 17, 255, 161, 72, 70, 209, 91, 0, 0, 238, 0, 0, 39, 1, 0, 56, 1, 11]
1546589326355;[171, 0, 17, 255, 161, 72, 70, 209, 91, 0, 0, 240, 0, 0, 55, 1, 0, 52, 1, 11]
1546589326359;[171, 0, 17, 255, 161, 72, 70, 209, 91, 0, 0, 246, 0, 0, 51, 1, 0, 51, 1, 11]
1546589326363;[171, 0, 4, 255, 132, 128, 96]
1546589326521;[171, 0, 17, 255, 161, 72, 70, 209, 91, 0, 0, 239, 0, 0, 47, 1, 0, 59, 1, 11]
1546589326525;[171, 0, 17, 255, 161, 72, 70, 209, 91, 0, 0, 240, 0, 0, 58, 1, 0, 49, 1, 11]
1546589326529;[171, 0, 17, 255, 161, 72, 70, 209, 91, 0, 0, 247, 0, 0, 58, 1, 0, 63, 1, 11]
1546589326694;[171, 0, 17, 255, 161, 72, 70, 209, 91, 0, 0, 236, 0, 0, 49, 1, 0, 71, 1, 11]
1546589326881;[171, 0, 17, 255, 161, 72, 70, 209, 91, 0, 0, 232, 0, 0, 57, 1, 0, 88, 1, 11]
1546589326883;[171, 0, 17, 255, 161, 72, 70, 209, 92, 0, 0, 153, 0, 0, 64, 1, 0, 136, 1, 11]
1546589327038;[171, 0, 17, 255, 161, 72, 70, 209, 92, 0, 0, 218, 0, 0, 75, 1, 0, 115, 1, 11]
1546589327042;[171, 0, 17, 255, 161, 72, 70, 209, 92, 0, 0, 181, 0, 0, 91, 1, 0, 158, 1, 11]
1546589327211;[171, 0, 17, 255, 161, 72, 70, 209, 92, 0, 0, 143, 0, 0, 112, 1, 0, 219, 1, 11]
1546589327215;[171, 0, 17, 255, 161, 72, 70, 209, 92, 0, 0, 178, 0, 0, 113, 1, 0, 206, 1, 11]
1546589327556;[171, 0, 4, 255, 132, 128, 96]
1546589327560;[171, 0, 17, 255, 161, 72, 70, 209, 92, 0, 0, 166, 0, 0, 96, 1, 0, 186, 1, 1]
1546589327564;[171, 0, 17, 255, 161, 72, 70, 209, 92, 0, 0, 156, 0, 0, 95, 1, 0, 186, 1, 40]
1546589327729;[171, 0, 17, 255, 161, 72, 70, 209, 92, 0, 0, 161, 0, 0, 98, 1, 0, 211, 16, 61]
1546589327733;[171, 0, 17, 255, 161, 72, 70, 209, 92, 0, 0, 132, 0, 0, 93, 1, 0, 207, 6, 210]
1546589327900;[171, 0, 17, 255, 161, 72, 70, 209, 92, 0, 0, 103, 0, 0, 94, 1, 0, 211, 8, 221]
1546589328074;[171, 0, 17, 255, 161, 72, 70, 209, 93, 0, 0, 77, 0, 0, 86, 1, 0, 219, 11, 204]
1546589328078;[171, 0, 17, 255, 161, 72, 70, 209, 93, 0, 0, 39, 0, 0, 76, 1, 0, 232, 11, 66]
1546589328247;[171, 0, 17, 255, 161, 72, 70, 209, 93, 0, 0, 27, 0, 0, 71, 1, 0, 240, 11, 2]
1546589328251;[171, 0, 17, 255, 161, 72, 70, 209, 93, 0, 0, 23, 0, 0, 71, 1, 0, 242, 11, 27]
1546589328419;[171, 0, 17, 255, 161, 72, 70, 209, 93, 0, 0, 21, 0, 0, 70, 1, 0, 252, 11, 45]
1546589328422;[171, 0, 4, 255, 132, 128, 95]
1546589328763;[171, 0, 17, 255, 161, 72, 70, 209, 93, 0, 0, 7, 0, 0, 74, 1, 0, 254, 12, 43]
1546589328767;[171, 0, 17, 255, 161, 72, 70, 209, 93, 0, 0, 0, 0, 0, 70, 1, 0, 242, 13, 239]
1546589328771;[171, 0, 17, 255, 161, 72, 70, 209, 93, 0, 0, 13, 0, 0, 70, 1, 0, 248, 13, 160]
1546589328938;[171, 0, 17, 255, 161, 72, 70, 209, 93, 0, 0, 7, 0, 0, 75, 1, 0, 254, 14, 64]
1546589328942;[171, 0, 17, 255, 161, 72, 70, 209, 93, 0, 0, 0, 0, 0, 71, 1, 0, 249, 14, 204]
1546589329108;[171, 0, 17, 255, 161, 72, 70, 209, 94, 0, 0, 6, 0, 0, 69, 1, 0, 250, 14, 37]
1546589329282;[171, 0, 17, 255, 161, 72, 70, 209, 94, 0, 0, 16, 0, 0, 70, 1, 0, 247, 14, 70]
1546589329286;[171, 0, 17, 255, 161, 72, 70, 209, 94, 0, 0, 13, 0, 0, 71, 1, 0, 249, 14, 125]
1546589329454;[171, 0, 17, 255, 161, 72, 70, 209, 94, 0, 0, 5, 0, 0, 58, 1, 0, 252, 14, 103]
1546589329459;[171, 0, 17, 255, 161, 72, 70, 209, 94, 0, 0, 6, 0, 0, 58, 1, 1, 1, 14, 136]
1546589329625;[171, 0, 4, 255, 132, 128, 95]
1546589329629;[171, 0, 17, 255, 161, 72, 70, 209, 94, 1, 0, 3, 0, 0, 57, 1, 0, 253, 14, 193]
1546589329798;[171, 0, 17, 255, 161, 72, 70, 209, 94, 0, 0, 5, 0, 0, 52, 1, 0, 247, 14, 237]
1546589330144;[171, 0, 17, 255, 161, 72, 70, 209, 94, 0, 0, 5, 0, 0, 38, 1, 0, 252, 31, 169]
1546589330148;[171, 0, 17, 255, 161, 72, 70, 209, 94, 0, 0, 7, 0, 0, 43, 1, 1, 16, 7, 229]
1546589330153;[171, 0, 17, 255, 161, 72, 70, 209, 94, 0, 0, 51, 0, 0, 34, 1, 0, 246, 7, 204]
1546589330157;[171, 0, 17, 255, 161, 72, 70, 209, 95, 0, 0, 132, 0, 0, 13, 1, 0, 187, 6, 31]
1546589330316;[171, 0, 17, 255, 161, 72, 70, 209, 95, 0, 0, 239, 0, 0, 2, 1, 0, 119, 1, 230]
1546589330320;[171, 0, 17, 255, 161, 72, 70, 209, 95, 0, 0, 224, 0, 0, 16, 1, 0, 125, 16, 44]
1546589330488;[171, 0, 17, 255, 161, 72, 70, 209, 95, 0, 0, 204, 0, 0, 4, 1, 0, 133, 7, 202]
1546589330663;[171, 0, 17, 255, 161, 72, 70, 209, 95, 0, 0, 219, 0, 0, 3, 1, 0, 121, 7, 196]
1546589330666;[171, 0, 4, 255, 132, 128, 95]
1546589330834;[171, 0, 17, 255, 161, 72, 70, 209, 95, 0, 0, 218, 0, 0, 3, 1, 0, 126, 7, 192]
1546589330838;[171, 0, 17, 255, 161, 72, 70, 209, 95, 0, 0, 241, 0, 0, 6, 1, 0, 121, 7, 126]
1546589331006;[171, 0, 17, 255, 161, 72, 70, 209, 95, 0, 0, 236, 0, 0, 6, 1, 0, 96, 7, 119]
1546589331354;[171, 0, 17, 255, 161, 72, 70, 209, 95, 0, 0, 231, 0, 0, 21, 1, 0, 91, 7, 121]
1546589331356;[171, 0, 17, 255, 161, 72, 70, 209, 95, 0, 0, 211, 0, 0, 16, 1, 0, 106, 7, 144]
1546589331360;[171, 0, 17, 255, 161, 72, 70, 209, 96, 0, 0, 208, 0, 0, 2, 1, 0, 92, 7, 162]
1546589331364;[171, 0, 17, 255, 161, 72, 70, 209, 96, 0, 0, 228, 0, 0, 34, 1, 0, 96, 7, 221]
1546589331522;[171, 0, 17, 255, 161, 72, 70, 209, 96, 0, 0, 200, 0, 0, 68, 1, 0, 165, 8, 81]
1546589331527;[171, 0, 17, 255, 161, 72, 70, 209, 96, 0, 0, 185, 0, 0, 56, 1, 0, 174, 8, 186]
1546589331697;[171, 0, 17, 255, 161, 72, 70, 209, 96, 0, 0, 212, 0, 0, 58, 1, 0, 161, 8, 223]
1546589331870;[171, 0, 4, 255, 132, 128, 95]
1546589331874;[171, 0, 17, 255, 161, 72, 70, 209, 96, 0, 0, 206, 0, 0, 57, 1, 0, 176, 9, 13]
1546589332043;[171, 0, 17, 255, 161, 72, 70, 209, 96, 0, 0, 191, 0, 0, 67, 1, 0, 188, 9, 52]
1546589332047;[171, 0, 17, 255, 161, 72, 70, 209, 96, 0, 0, 181, 0, 0, 44, 1, 0, 118, 9, 43]
1546589332214;[171, 0, 17, 255, 161, 72, 70, 209, 96, 0, 0, 221, 0, 0, 44, 1, 0, 115, 9, 60]
1546589332218;[171, 0, 17, 255, 161, 72, 70, 209, 96, 0, 0, 203, 0, 0, 56, 1, 0, 173, 9, 118]
1546589332751;[171, 0, 17, 255, 161, 72, 70, 209, 97, 0, 0, 186, 0, 0, 49, 1, 0, 191, 9, 180]
1546589332753;[171, 0, 17, 255, 161, 72, 70, 209, 97, 0, 0, 211, 0, 0, 57, 1, 0, 151, 9, 181]
1546589332754;[171, 0, 17, 255, 161, 72, 70, 209, 97, 0, 0, 167, 0, 0, 57, 1, 0, 161, 9, 182]
1546589332756;[171, 0, 17, 255, 161, 72, 70, 209, 97, 0, 0, 187, 0, 0, 40, 1, 0, 162, 9, 198]
1546589332903;[171, 0, 17, 255, 161, 72, 70, 209, 97, 0, 0, 196, 0, 0, 35, 1, 0, 167, 9, 234]
1546589332907;[171, 0, 4, 255, 132, 128, 95]
1546589333076;[171, 0, 17, 255, 161, 72, 70, 209, 97, 0, 0, 208, 0, 0, 55, 1, 0, 163, 10, 8]
1546589333080;[171, 0, 17, 255, 161, 72, 70, 209, 97, 0, 0, 184, 0, 0, 48, 1, 0, 153, 10, 31]
1546589333248;[171, 0, 17, 255, 161, 72, 70, 209, 97, 0, 0, 197, 0, 0, 56, 1, 0, 163, 10, 73]
1546589333252;[171, 0, 17, 255, 161, 72, 70, 209, 97, 0, 0, 199, 0, 0, 58, 1, 0, 153, 10, 86]
1546589333420;[171, 0, 17, 255, 161, 72, 70, 209, 97, 0, 0, 185, 0, 0, 56, 1, 0, 154, 10, 114]
1546589333425;[171, 0, 17, 255, 161, 72, 70, 209, 98, 0, 0, 197, 0, 0, 55, 1, 0, 162, 10, 158]
1546589333591;[171, 0, 17, 255, 161, 72, 70, 209, 98, 0, 0, 209, 0, 0, 56, 1, 0, 157, 10, 201]
1546589333939;[171, 0, 17, 255, 161, 72, 70, 209, 98, 0, 0, 183, 0, 0, 57, 1, 0, 148, 10, 228]
1546589333943;[171, 0, 17, 255, 161, 72, 70, 209, 98, 0, 0, 197, 0, 0, 52, 1, 0, 151, 11, 13]
1546589333947;[171, 0, 17, 255, 161, 72, 70, 209, 98, 0, 0, 203, 0, 0, 55, 1, 0, 154, 11, 43]
1546589334113;[171, 0, 4, 255, 132, 128, 94]
1546589334117;[171, 0, 17, 255, 161, 72, 70, 209, 98, 0, 0, 211, 0, 0, 66, 1, 0, 157, 11, 75]
1546589334121;[171, 0, 17, 255, 161, 72, 70, 209, 98, 0, 0, 181, 0, 0, 57, 1, 0, 147, 11, 110]
1546589334283;[171, 0, 17, 255, 161, 72, 70, 209, 98, 0, 0, 197, 0, 0, 55, 1, 0, 153, 11, 168]
1546589334460;[171, 0, 17, 255, 161, 72, 70, 209, 98, 0, 0, 201, 0, 0, 52, 1, 0, 153, 11, 211]
1546589334465;[171, 0, 17, 255, 161, 72, 70, 209, 98, 0, 0, 215, 0, 0, 57, 1, 0, 161, 11, 246]
1546589334628;[171, 0, 17, 255, 161, 72, 70, 209, 99, 0, 0, 187, 0, 0, 55, 1, 0, 151, 12, 15]
1546589334631;[171, 0, 17, 255, 161, 72, 70, 209, 99, 0, 0, 187, 0, 0, 50, 1, 0, 154, 12, 50]
1546589334800;[171, 0, 17, 255, 161, 72, 70, 209, 99, 0, 0, 203, 0, 0, 53, 1, 0, 163, 12, 102]
1546589335320;[171, 0, 17, 255, 161, 72, 70, 209, 99, 0, 0, 191, 0, 0, 70, 1, 0, 164, 12, 167]
1546589335324;[171, 0, 17, 255, 161, 72, 70, 209, 99, 0, 0, 187, 0, 0, 32, 1, 0, 154, 12, 194]
1546589335329;[171, 0, 4, 255, 132, 128, 94]
1546589335333;[171, 0, 17, 255, 161, 72, 70, 209, 99, 0, 0, 156, 0, 0, 4, 1, 0, 145, 12, 239]
1546589335490;[171, 0, 17, 255, 161, 72, 70, 209, 99, 0, 0, 219, 0, 0, 0, 1, 0, 129, 13, 36]
1546589335494;[171, 0, 17, 255, 161, 72, 70, 209, 99, 0, 0, 214, 0, 0, 88, 1, 0, 155, 13, 109]
1546589335497;[171, 0, 17, 255, 161, 72, 70, 209, 99, 0, 0, 123, 0, 0, 182, 1, 0, 171, 13, 255]
1546589335664;[171, 0, 17, 255, 161, 72, 70, 209, 99, 0, 0, 99, 0, 0, 250, 1, 0, 169, 14, 201]
1546589335668;[171, 0, 17, 255, 161, 72, 70, 209, 100, 0, 0, 133, 0, 0, 188, 1, 0, 146, 31, 82]
1546589335836;[171, 0, 17, 255, 161, 72, 70, 209, 100, 0, 0, 183, 0, 0, 170, 1, 0, 109, 8, 38]
1546589335841;[171, 0, 17, 255, 161, 72, 70, 209, 100, 0, 0, 171, 0, 0, 161, 1, 0, 143, 8, 93]
1546589336008;[171, 0, 17, 255, 161, 72, 70, 209, 100, 0, 0, 160, 0, 0, 152, 1, 0, 180, 8, 185]
1546589336181;[171, 0, 17, 255, 161, 72, 70, 209, 100, 0, 0, 163, 0, 0, 152, 1, 0, 168, 8, 238]
1546589336185;[171, 0, 4, 255, 132, 128, 94]
1546589336527;[171, 0, 17, 255, 161, 72, 70, 209, 100, 0, 0, 147, 0, 0, 125, 1, 0, 153, 9, 26]
1546589336531;[171, 0, 17, 255, 161, 72, 70, 209, 100, 0, 0, 151, 0, 0, 109, 1, 0, 153, 9, 75]
1546589336535;[171, 0, 17, 255, 161, 72, 70, 209, 100, 0, 0, 165, 0, 0, 101, 1, 0, 168, 9, 129]
1546589336539;[171, 0, 17, 255, 161, 72, 70, 209, 100, 0, 0, 145, 0, 0, 100, 1, 0, 195, 9, 187]
1546589336698;[171, 0, 17, 255, 161, 72, 70, 209, 100, 0, 0, 181, 0, 0, 80, 1, 0, 211, 9, 241]
1546589336871;[171, 0, 17, 255, 161, 72, 70, 209, 101, 0, 0, 161, 0, 0, 68, 1, 0, 192, 10, 63]
1546589336876;[171, 0, 17, 255, 161, 72, 70, 209, 101, 0, 0, 178, 0, 0, 52, 1, 0, 181, 10, 75]
1546589337046;[171, 0, 17, 255, 161, 72, 70, 209, 101, 0, 0, 156, 0, 0, 29, 1, 0, 170, 10, 99]
1546589337048;[171, 0, 17, 255, 161, 72, 70, 209, 101, 0, 0, 159, 1, 0, 6, 1, 0, 184, 10, 143]
1546589337389;[171, 0, 17, 255, 161, 72, 70, 209, 103, 0, 0, 178, 1, 0, 15, 1, 0, 189, 12, 20]
1546589337907;[171, 0, 17, 255, 161, 72, 70, 209, 103, 0, 0, 179, 1, 0, 15, 1, 0, 190, 12, 18]
1546589337912;[171, 0, 17, 255, 161, 72, 70, 209, 103, 0, 0, 178, 1, 0, 16, 1, 0, 187, 12, 21]
1546589337916;[171, 0, 17, 255, 161, 72, 70, 209, 103, 0, 0, 178, 1, 0, 17, 1, 0, 186, 12, 24]
1546589337920;[171, 0, 17, 255, 161, 72, 70, 209, 103, 0, 0, 171, 1, 0, 15, 1, 0, 189, 12, 26]
1546589338079;[171, 0, 17, 255, 161, 72, 70, 209, 104, 0, 0, 179, 1, 0, 14, 1, 0, 187, 12, 44]
1546589338084;[171, 0, 17, 255, 161, 72, 70, 209, 104, 0, 0, 177, 1, 0, 16, 1, 0, 191, 12, 38]
1546589338087;[171, 0, 17, 255, 161, 72, 70, 209, 104, 0, 0, 171, 1, 0, 15, 1, 0, 190, 12, 48]
1546589338251;[171, 0, 17, 255, 161, 72, 70, 209, 104, 0, 0, 173, 1, 0, 15, 1, 0, 194, 12, 50]
1546589338255;[171, 0, 17, 255, 161, 72, 70, 209, 104, 0, 0, 177, 1, 0, 15, 1, 0, 186, 12, 48]
1546589338423;[171, 0, 4, 255, 132, 128, 94]
1546589338428;[171, 0, 17, 255, 161, 72, 70, 209, 104, 0, 0, 171, 1, 0, 10, 1, 0, 187, 12, 48]
1546589338595;[171, 0, 17, 255, 161, 72, 70, 209, 104, 0, 0, 171, 1, 0, 5, 1, 0, 191, 12, 62]
1546589338768;[171, 0, 17, 255, 161, 72, 70, 209, 104, 0, 0, 173, 1, 0, 14, 1, 0, 187, 12, 64]
1546589338772;[171, 0, 17, 255, 161, 72, 70, 209, 104, 0, 0, 171, 1, 0, 14, 1, 0, 194, 12, 69]
1546589339115;[171, 0, 17, 255, 161, 72, 70, 209, 104, 0, 0, 177, 1, 0, 15, 1, 0, 191, 12, 67]
1546589339119;[171, 0, 17, 255, 161, 72, 70, 209, 105, 0, 0, 171, 1, 0, 17, 1, 0, 190, 12, 58]
1546589339123;[171, 0, 17, 255, 161, 72, 70, 209, 105, 0, 0, 171, 1, 0, 17, 1, 0, 189, 12, 58]
1546589339127;[171, 0, 17, 255, 161, 72, 70, 209, 105, 0, 0, 171, 1, 0, 17, 1, 0, 187, 12, 69]
1546589339285;[171, 0, 17, 255, 161, 72, 70, 209, 105, 0, 0, 171, 1, 0, 16, 1, 0, 184, 12, 69]
1546589339463;[171, 0, 17, 255, 161, 72, 70, 209, 105, 0, 0, 167, 1, 0, 22, 1, 0, 178, 12, 67]
1546589339467;[171, 0, 4, 255, 132, 128, 95]
1546589339630;[171, 0, 17, 255, 161, 72, 70, 209, 105, 0, 0, 138, 1, 0, 39, 1, 0, 157, 12, 45]
1546589339634;[171, 0, 17, 255, 161, 72, 70, 209, 105, 0, 0, 186, 1, 0, 22, 1, 0, 163, 12, 22]
1546589339804;[171, 0, 17, 255, 161, 72, 70, 209, 105, 0, 0, 186, 0, 0, 34, 1, 0, 169, 11, 220]
1546589339977;[171, 0, 17, 255, 161, 72, 70, 209, 105, 0, 0, 179, 0, 0, 70, 1, 0, 172, 11, 133]
1546589339981;[171, 0, 17, 255, 161, 72, 70, 209, 105, 0, 0, 191, 0, 0, 101, 1, 0, 138, 11, 15]
1546589340325;[171, 0, 17, 255, 161, 72, 70, 209, 106, 0, 0, 209, 0, 0, 130, 1, 0, 98, 10, 193]
1546589340330;[171, 0, 17, 255, 161, 72, 70, 209, 106, 0, 0, 237, 0, 0, 152, 1, 0, 99, 10, 132]
1546589340334;[171, 0, 17, 255, 161, 72, 70, 209, 106, 0, 0, 213, 0, 0, 160, 1, 0, 75, 10, 28]
1546589340338;[171, 0, 17, 255, 161, 72, 70, 209, 106, 0, 0, 208, 0, 0, 172, 1, 0, 29, 9, 208]
1546589340493;[171, 0, 17, 255, 161, 72, 70, 209, 106, 0, 0, 210, 0, 0, 176, 1, 0, 14, 9, 180]
1546589340666;[171, 0, 4, 255, 132, 128, 95]
1546589340670;[171, 0, 17, 255, 161, 72, 70, 209, 106, 0, 0, 197, 0, 0, 155, 1, 0, 14, 9, 116]
1546589340839;[171, 0, 17, 255, 161, 72, 70, 209, 106, 0, 0, 232, 0, 0, 154, 1, 0, 24, 9, 52]
1546589340843;[171, 0, 17, 255, 161, 72, 70, 209, 106, 0, 0, 204, 0, 0, 160, 0, 0, 3, 8, 204]
1546589341011;[171, 0, 17, 255, 161, 72, 70, 209, 106, 0, 0, 223, 0, 0, 181, 0, 0, 8, 8, 76]
1546589341014;[171, 0, 17, 255, 161, 72, 70, 209, 106, 0, 0, 200, 0, 0, 188, 1, 0, 6, 8, 23]
1546589341183;[171, 0, 17, 255, 161, 72, 70, 209, 107, 0, 0, 174, 0, 0, 217, 0, 0, 14, 8, 58]
1546589341704;[171, 0, 17, 255, 161, 72, 70, 209, 107, 0, 0, 163, 0, 0, 202, 1, 0, 3, 8, 35]
1546589341707;[171, 0, 17, 255, 161, 72, 70, 209, 107, 0, 0, 183, 0, 0, 176, 1, 0, 13, 8, 28]
1546589341712;[171, 0, 17, 255, 161, 72, 70, 209, 107, 0, 0, 183, 0, 0, 166, 1, 0, 22, 8, 13]
1546589341716;[171, 0, 17, 255, 161, 72, 70, 209, 107, 0, 0, 202, 0, 0, 187, 1, 0, 56, 8, 27]
1546589341874;[171, 0, 4, 255, 132, 128, 94]
1546589341879;[171, 0, 17, 255, 161, 72, 70, 209, 107, 0, 0, 203, 0, 0, 182, 1, 0, 74, 8, 26]
1546589341884;[171, 0, 17, 255, 161, 72, 70, 209, 107, 0, 0, 172, 0, 0, 177, 1, 0, 106, 8, 80]
1546589342046;[171, 0, 17, 255, 161, 72, 70, 209, 107, 0, 0, 146, 0, 0, 188, 1, 0, 119, 8, 159]
1546589342050;[171, 0, 17, 255, 161, 72, 70, 209, 107, 0, 0, 143, 0, 0, 181, 1, 0, 119, 8, 212]
1546589342218;[171, 0, 17, 255, 161, 72, 70, 209, 107, 0, 0, 145, 0, 0, 155, 1, 0, 131, 9, 3]
1546589342222;[171, 0, 17, 255, 161, 72, 70, 209, 108, 0, 0, 143, 0, 0, 152, 1, 0, 148, 9, 82]
1546589342391;[171, 0, 17, 255, 161, 72, 70, 209, 108, 0, 0, 143, 0, 0, 156, 1, 0, 158, 9, 161]
1546589342563;[171, 0, 17, 255, 161, 72, 70, 209, 108, 0, 0, 141, 0, 0, 148, 1, 0, 158, 9, 229]
1546589342567;[171, 0, 17, 255, 161, 72, 70, 209, 108, 0, 0, 141, 0, 0, 129, 1, 0, 157, 10, 16]
1546589342909;[171, 0, 17, 255, 161, 72, 70, 209, 108, 0, 0, 147, 0, 0, 120, 1, 0, 161, 10, 56]
1546589342913;[171, 0, 4, 255, 132, 128, 94]
1546589342918;[171, 0, 17, 255, 161, 72, 70, 209, 108, 0, 0, 146, 0, 0, 125, 1, 0, 163, 10, 91]
1546589342922;[171, 0, 17, 255, 161, 72, 70, 209, 108, 0, 0, 149, 0, 0, 121, 1, 0, 169, 10, 115]
1546589343081;[171, 0, 17, 255, 161, 72, 70, 209, 108, 0, 0, 156, 0, 0, 110, 1, 0, 174, 10, 145]
1546589343254;[171, 0, 17, 255, 161, 72, 70, 209, 108, 0, 0, 163, 0, 0, 111, 1, 0, 178, 10, 188]
1546589343258;[171, 0, 17, 255, 161, 72, 70, 209, 108, 0, 0, 152, 0, 0, 116, 1, 0, 169, 10, 216]
1546589343427;[171, 0, 17, 255, 161, 72, 70, 209, 109, 0, 0, 157, 0, 0, 110, 1, 0, 164, 10, 232]
1546589343431;[171, 0, 17, 255, 161, 72, 70, 209, 109, 0, 0, 165, 0, 0, 111, 1, 0, 166, 11, 9]
1546589343618;[171, 0, 17, 255, 161, 72, 70, 209, 109, 0, 0, 157, 0, 0, 116, 1, 0, 166, 11, 34]
1546589343770;[171, 0, 17, 255, 161, 72, 70, 209, 109, 0, 0, 154, 0, 0, 120, 1, 0, 169, 11, 64]
1546589343775;[171, 0, 17, 255, 161, 72, 70, 209, 109, 0, 0, 156, 0, 0, 111, 1, 0, 175, 11, 109]
1546589344117;[171, 0, 4, 255, 132, 128, 94]
1546589344121;[171, 0, 17, 255, 161, 72, 70, 209, 109, 0, 0, 166, 0, 0, 110, 1, 0, 170, 11, 134]
1546589344126;[171, 0, 17, 255, 161, 72, 70, 209, 109, 0, 0, 164, 0, 0, 111, 1, 0, 164, 11, 155]
1546589344130;[171, 0, 17, 255, 161, 72, 70, 209, 109, 0, 0, 157, 0, 0, 109, 1, 0, 163, 11, 179]
1546589344288;[171, 0, 17, 255, 161, 72, 70, 209, 109, 0, 0, 166, 0, 0, 109, 1, 0, 166, 11, 197]
1546589344467;[171, 0, 17, 255, 161, 72, 70, 209, 109, 0, 0, 157, 0, 0, 116, 1, 0, 169, 11, 227]
1546589344475;[171, 0, 17, 255, 161, 72, 70, 209, 110, 0, 0, 163, 0, 0, 111, 1, 0, 168, 12, 2]
1546589344633;[171, 0, 17, 255, 161, 72, 70, 209, 110, 0, 0, 164, 0, 0, 110, 1, 0, 171, 12, 37]
1546589344637;[171, 0, 17, 255, 161, 72, 70, 209, 110, 0, 0, 166, 0, 0, 114, 1, 0, 168, 12, 59]
1546589344806;[171, 0, 17, 255, 161, 72, 70, 209, 110, 0, 0, 164, 0, 0, 109, 1, 0, 162, 12, 77]
1546589344980;[171, 0, 17, 255, 161, 72, 70, 209, 110, 0, 0, 163, 0, 0, 112, 1, 0, 167, 12, 95]
1546589344983;[171, 0, 4, 255, 132, 128, 94]
1546589345151;[171, 0, 17, 255, 161, 72, 70, 209, 110, 0, 0, 157, 0, 0, 120, 1, 0, 168, 12, 123]
1546589345155;[171, 0, 17, 255, 161, 72, 70, 209, 110, 0, 0, 157, 0, 0, 110, 1, 0, 164, 12, 152]
1546589345497;[171, 0, 17, 255, 161, 72, 70, 209, 110, 0, 0, 163, 0, 0, 110, 1, 0, 169, 12, 152]
1546589345500;[171, 0, 17, 255, 161, 72, 70, 209, 110, 0, 0, 164, 0, 0, 105, 1, 0, 170, 12, 152]
1546589345503;[171, 0, 17, 255, 161, 72, 70, 209, 110, 0, 0, 163, 0, 0, 111, 1, 0, 164, 12, 163]
1546589345670;[171, 0, 17, 255, 161, 72, 70, 209, 111, 0, 0, 157, 0, 0, 109, 1, 0, 164, 12, 174]
1546589345674;[171, 0, 17, 255, 161, 72, 70, 209, 111, 0, 0, 164, 0, 0, 110, 1, 0, 172, 12, 189]
1546589345840;[171, 0, 17, 255, 161, 72, 70, 209, 111, 0, 0, 165, 0, 0, 109, 1, 0, 169, 12, 225]
1546589345844;[171, 0, 17, 255, 161, 72, 70, 209, 111, 0, 0, 165, 0, 0, 111, 1, 0, 168, 12, 229]
1546589346015;[171, 0, 17, 255, 161, 72, 70, 209, 111, 0, 0, 163, 0, 0, 107, 1, 0, 172, 12, 249]
1546589346018;[171, 0, 4, 255, 132, 128, 95]
1546589346185;[171, 0, 17, 255, 161, 72, 70, 209, 111, 0, 0, 171, 0, 0, 103, 1, 0, 163, 13, 0]
1546589346359;[171, 0, 17, 255, 161, 72, 70, 209, 111, 0, 0, 166, 0, 0, 112, 1, 0, 163, 13, 9]
1546589346362;[171, 0, 17, 255, 161, 72, 70, 209, 111, 0, 0, 161, 0, 0, 110, 1, 0, 166, 13, 16]
1546589346704;[171, 0, 17, 255, 161, 72, 70, 209, 111, 0, 0, 173, 0, 0, 104, 1, 0, 164, 13, 43]
1546589346708;[171, 0, 17, 255, 161, 72, 70, 209, 111, 0, 0, 167, 0, 0, 109, 1, 0, 168, 13, 61]
1546589346712;[171, 0, 17, 255, 161, 72, 70, 209, 112, 0, 0, 157, 0, 0, 110, 1, 0, 164, 13, 72]
1546589346887;[171, 0, 17, 255, 161, 72, 70, 209, 112, 0, 0, 183, 0, 0, 104, 1, 0, 168, 13, 88]
1546589346889;[171, 0, 17, 255, 161, 72, 70, 209, 112, 0, 0, 161, 0, 0, 106, 1, 0, 167, 13, 106]
1546589347050;[171, 0, 17, 255, 161, 72, 70, 209, 112, 0, 0, 184, 0, 0, 85, 1, 0, 161, 13, 103]
1546589347054;[171, 0, 17, 255, 161, 72, 70, 209, 112, 0, 0, 173, 0, 0, 101, 1, 0, 171, 13, 126]
1546589347221;[171, 0, 4, 255, 132, 128, 96]
1546589347225;[171, 0, 17, 255, 161, 72, 70, 209, 112, 0, 0, 166, 0, 0, 96, 1, 0, 169, 13, 129]
1546589347393;[171, 0, 17, 255, 161, 72, 70, 209, 112, 0, 0, 166, 0, 0, 101, 1, 0, 175, 13, 150]
1546589347566;[171, 0, 17, 255, 161, 72, 70, 209, 112, 0, 0, 173, 0, 0, 93, 1, 0, 168, 13, 145]
1546589347569;[171, 0, 17, 255, 161, 72, 70, 209, 112, 0, 0, 166, 0, 0, 100, 1, 0, 180, 13, 167]
1546589347738;[171, 0, 17, 255, 161, 72, 70, 209, 112, 0, 0, 164, 0, 0, 104, 1, 0, 170, 13, 170]
1546589347743;[171, 0, 17, 255, 161, 72, 70, 209, 113, 0, 0, 164, 0, 0, 99, 1, 0, 163, 13, 172]
1546589348083;[171, 0, 17, 255, 161, 72, 70, 209, 113, 0, 0, 163, 0, 0, 103, 1, 0, 167, 13, 190]
1546589348088;[171, 0, 17, 255, 161, 72, 70, 209, 113, 0, 0, 157, 0, 0, 104, 1, 0, 169, 13, 210]
1546589348092;[171, 0, 17, 255, 161, 72, 70, 209, 113, 0, 0, 143, 0, 0, 107, 1, 0, 195, 13, 221]
1546589348256;[171, 0, 17, 255, 161, 72, 70, 209, 113, 0, 0, 159, 0, 0, 88, 1, 0, 251, 14, 14]
1546589348260;[171, 0, 4, 255, 132, 128, 97]
1546589348429;[171, 0, 17, 255, 161, 72, 70, 209, 113, 0, 0, 165, 0, 0, 82, 1, 0, 229, 14, 20]
1546589348433;[171, 0, 17, 255, 161, 72, 70, 209, 113, 0, 0, 138, 0, 0, 61, 1, 0, 224, 14, 97]
1546589348601;[171, 0, 17, 255, 161, 72, 70, 209, 113, 0, 0, 168, 0, 0, 53, 1, 0, 162, 31, 101]
1546589348773;[171, 0, 17, 255, 161, 72, 70, 209, 113, 0, 0, 131, 0, 0, 35, 1, 0, 130, 7, 196]
1546589348776;[171, 0, 17, 255, 161, 72, 70, 209, 113, 0, 0, 46, 1, 0, 62, 1, 0, 144, 6, 185]
1546589348947;[171, 0, 17, 255, 161, 72, 70, 209, 114, 0, 0, 205, 0, 0, 41, 1, 0, 230, 6, 184]
1546589348951;[171, 0, 17, 255, 161, 72, 70, 209, 114, 0, 0, 131, 0, 0, 29, 1, 1, 24, 6, 248]
1546589349298;[171, 0, 17, 255, 161, 72, 70, 209, 114, 0, 0, 161, 0, 0, 19, 1, 0, 228, 7, 58]
1546589349299;[171, 0, 17, 255, 161, 72, 70, 209, 114, 0, 0, 146, 0, 0, 39, 1, 0, 228, 7, 137]
1546589349301;[171, 0, 17, 255, 161, 72, 70, 209, 114, 0, 0, 146, 0, 0, 54, 1, 0, 197, 7, 153]
1546589349470;[171, 0, 4, 255, 132, 128, 97]
1546589349472;[171, 0, 17, 255, 161, 72, 70, 209, 114, 0, 0, 141, 0, 0, 73, 1, 0, 186, 7, 151]
1546589349637;[171, 0, 17, 255, 161, 72, 70, 209, 114, 0, 0, 138, 0, 0, 70, 1, 0, 186, 7, 144]
1546589349641;[171, 0, 17, 255, 161, 72, 70, 209, 114, 0, 0, 154, 0, 0, 69, 1, 0, 202, 7, 150]
1546589349807;[171, 0, 17, 255, 161, 72, 70, 209, 114, 0, 0, 161, 0, 0, 58, 1, 0, 211, 7, 157]
1546589349981;[171, 0, 17, 255, 161, 72, 70, 209, 114, 0, 0, 171, 0, 0, 71, 1, 0, 203, 7, 148]
1546589349985;[171, 0, 17, 255, 161, 72, 70, 209, 115, 0, 0, 160, 0, 0, 92, 1, 0, 197, 7, 141]
1546589350153;[171, 0, 17, 255, 161, 72, 70, 209, 115, 0, 0, 146, 0, 0, 92, 1, 0, 178, 7, 121]
1546589350157;[171, 0, 17, 255, 161, 72, 70, 209, 115, 0, 0, 141, 0, 0, 89, 1, 0, 169, 7, 116]
1546589350673;[171, 0, 17, 255, 161, 72, 70, 209, 115, 0, 0, 147, 0, 0, 88, 1, 0, 168, 7, 115]
1546589350676;[171, 0, 17, 255, 161, 72, 70, 209, 115, 0, 0, 160, 0, 0, 88, 1, 0, 187, 7, 97]
1546589350680;[171, 0, 4, 255, 132, 128, 97]
1546589350685;[171, 0, 17, 255, 161, 72, 70, 209, 115, 0, 0, 141, 0, 0, 91, 1, 0, 171, 7, 53]
1546589350844;[171, 0, 17, 255, 161, 72, 70, 209, 115, 0, 0, 141, 0, 0, 128, 1, 0, 186, 7, 42]
1546589350848;[171, 0, 17, 255, 161, 72, 70, 209, 115, 0, 0, 141, 0, 0, 167, 1, 0, 203, 7, 71]
1546589350852;[171, 0, 17, 255, 161, 72, 70, 209, 115, 0, 0, 138, 0, 0, 184, 1, 0, 197, 7, 90]
1546589351016;[171, 0, 17, 255, 161, 72, 70, 209, 115, 0, 0, 101, 0, 0, 174, 1, 0, 169, 7, 88]
1546589351021;[171, 0, 17, 255, 161, 72, 70, 209, 116, 0, 0, 114, 0, 0, 140, 1, 0, 137, 6, 206]
1546589351188;[171, 0, 17, 255, 161, 72, 70, 209, 116, 0, 0, 141, 0, 0, 127, 1, 0, 115, 5, 108]
1546589351361;[171, 0, 17, 255, 161, 72, 70, 209, 116, 0, 0, 217, 0, 0, 142, 1, 0, 56, 2, 159]
1546589351366;[171, 0, 17, 255, 161, 72, 70, 209, 116, 0, 0, 206, 0, 0, 191, 1, 0, 17, 16, 0]
1546589351883;[171, 0, 17, 255, 161, 72, 70, 209, 116, 0, 0, 204, 0, 0, 152, 1, 0, 1, 5, 40]
1546589351885;[171, 0, 4, 255, 132, 128, 97]
1546589351889;[171, 0, 17, 255, 161, 72, 70, 209, 116, 0, 0, 208, 0, 0, 177, 0, 0, 14, 4, 75]
1546589351893;[171, 0, 17, 255, 161, 72, 70, 209, 116, 0, 0, 192, 0, 0, 192, 0, 0, 10, 3, 41]
1546589352052;[171, 0, 17, 255, 161, 72, 70, 209, 116, 0, 0, 166, 0, 0, 192, 0, 0, 27, 2, 28]
1546589352056;[171, 0, 17, 255, 161, 72, 70, 209, 116, 0, 0, 106, 0, 0, 218, 0, 0, 19, 2, 28]
1546589352061;[171, 0, 17, 255, 161, 72, 70, 209, 116, 0, 0, 106, 0, 0, 236, 0, 0, 18, 1, 29]
1546589352224;[171, 0, 17, 255, 161, 72, 70, 209, 117, 0, 0, 93, 0, 1, 13, 0, 0, 46, 16, 199]
1546589352228;[171, 0, 17, 255, 161, 72, 70, 209, 117, 0, 0, 91, 0, 0, 255, 1, 0, 9, 9, 13]
1546589352396;[171, 0, 17, 255, 161, 72, 70, 209, 117, 0, 0, 99, 0, 1, 7, 1, 0, 27, 11, 14]
1546589352570;[171, 0, 17, 255, 161, 72, 70, 209, 117, 0, 0, 104, 0, 0, 253, 1, 0, 8, 13, 185]
1546589352573;[171, 0, 17, 255, 161, 72, 70, 209, 117, 0, 0, 128, 0, 1, 19, 0, 0, 80, 13, 185]
1546589352749;[171, 0, 4, 255, 132, 128, 97]
1546589352752;[171, 0, 17, 255, 161, 72, 70, 209, 117, 0, 0, 66, 0, 1, 7, 0, 0, 7, 13, 185]
1546589353087;[171, 0, 17, 255, 161, 72, 70, 209, 117, 0, 0, 34, 0, 1, 3, 1, 0, 19, 13, 220]
1546589353091;[171, 0, 17, 255, 161, 72, 70, 209, 117, 0, 0, 43, 0, 1, 1, 1, 0, 18, 13, 189]
1546589353095;[171, 0, 17, 255, 161, 72, 70, 209, 117, 0, 0, 67, 0, 1, 17, 1, 0, 58, 12, 162]
1546589353260;[171, 0, 17, 255, 161, 72, 70, 209, 117, 0, 0, 21, 0, 1, 52, 1, 0, 68, 12, 111]
1546589353263;[171, 0, 17, 255, 161, 72, 70, 209, 118, 0, 0, 236, 0, 1, 10, 1, 0, 4, 12, 19]
1546589353431;[171, 0, 17, 255, 161, 72, 70, 209, 118, 1, 0, 38, 0, 1, 91, 0, 0, 148, 12, 131]
1546589353435;[171, 0, 17, 255, 161, 72, 70, 209, 118, 1, 0, 62, 0, 1, 106, 0, 0, 100, 10, 164]
1546589353603;[171, 0, 17, 255, 161, 72, 70, 209, 118, 1, 0, 49, 0, 0, 174, 0, 0, 86, 10, 225]
1546589353778;[171, 0, 17, 255, 161, 72, 70, 209, 118, 0, 0, 0, 0, 0, 247, 0, 0, 86, 10, 221]
1546589353782;[171, 0, 4, 255, 132, 128, 95]
1546589353948;[171, 0, 17, 255, 161, 72, 70, 209, 118, 0, 0, 116, 0, 1, 3, 1, 0, 17, 11, 110]
1546589353952;[171, 0, 17, 255, 161, 72, 70, 209, 118, 0, 0, 82, 0, 1, 22, 1, 0, 32, 11, 196]
1546589354122;[171, 0, 17, 255, 161, 72, 70, 209, 118, 0, 0, 120, 0, 0, 222, 1, 0, 14, 10, 247]
1546589354126;[171, 0, 17, 255, 161, 72, 70, 209, 118, 0, 0, 182, 0, 1, 6, 1, 0, 60, 11, 72]
1546589354468;[171, 0, 17, 255, 161, 72, 70, 209, 118, 0, 0, 136, 0, 0, 200, 1, 0, 110, 13, 35]
1546589354472;[171, 0, 17, 255, 161, 72, 70, 209, 119, 0, 0, 113, 0, 0, 129, 1, 0, 154, 31, 255]
1546589354484;[171, 0, 17, 255, 161, 72, 70, 209, 119, 0, 0, 181, 0, 0, 59, 1, 1, 109, 7, 158]
1546589354639;[171, 0, 17, 255, 161, 72, 70, 209, 119, 0, 0, 149, 0, 0, 28, 1, 0, 183, 6, 180]
1546589354644;[171, 0, 17, 255, 161, 72, 70, 209, 119, 0, 0, 205, 0, 0, 66, 1, 0, 172, 5, 213]
1546589354811;[171, 0, 17, 255, 161, 72, 70, 209, 119, 0, 0, 173, 0, 0, 95, 1, 0, 146, 5, 141]
1546589354814;[171, 0, 4, 255, 132, 128, 93]
1546589354983;[171, 0, 17, 255, 161, 72, 70, 209, 119, 0, 0, 138, 0, 0, 102, 1, 0, 199, 5, 35]
1546589355157;[171, 0, 17, 255, 161, 72, 70, 209, 119, 0, 0, 118, 0, 0, 151, 1, 0, 153, 4, 208]
1546589355161;[171, 0, 17, 255, 161, 72, 70, 209, 119, 0, 0, 99, 0, 0, 226, 1, 0, 186, 5, 52]
1546589355328;[171, 0, 17, 255, 161, 72, 70, 209, 119, 0, 0, 108, 0, 0, 164, 1, 0, 253, 5, 6]
1546589355332;[171, 0, 17, 255, 161, 72, 70, 209, 119, 0, 0, 135, 0, 0, 139, 1, 0, 121, 4, 11]
1546589355675;[171, 0, 17, 255, 161, 72, 70, 209, 120, 0, 0, 181, 0, 0, 185, 1, 0, 74, 3, 7]
1546589355679;[171, 0, 17, 255, 161, 72, 70, 209, 120, 0, 0, 191, 0, 0, 197, 1, 0, 101, 2, 228]
1546589355683;[171, 0, 17, 255, 161, 72, 70, 209, 120, 0, 0, 181, 0, 0, 156, 1, 0, 121, 2, 231]
1546589355847;[171, 0, 17, 255, 161, 72, 70, 209, 120, 0, 0, 135, 0, 0, 128, 1, 0, 131, 2, 239]
1546589355851;[171, 0, 17, 255, 161, 72, 70, 209, 120, 0, 0, 165, 0, 0, 115, 1, 0, 151, 2, 243]
1546589356018;[171, 0, 4, 255, 132, 128, 92]
1546589356023;[171, 0, 17, 255, 161, 72, 70, 209, 120, 0, 0, 159, 0, 0, 116, 1, 0, 157, 3, 23]
1546589356191;[171, 0, 17, 255, 161, 72, 70, 209, 120, 0, 0, 173, 0, 0, 128, 1, 0, 140, 3, 73]
1546589356364;[171, 0, 17, 255, 161, 72, 70, 209, 120, 0, 0, 173, 0, 0, 140, 1, 0, 131, 3, 88]
1546589356368;[171, 0, 17, 255, 161, 72, 70, 209, 120, 0, 0, 141, 0, 0, 147, 1, 0, 175, 3, 146]
1546589356535;[171, 0, 17, 255, 161, 72, 70, 209, 120, 0, 0, 131, 0, 0, 139, 1, 0, 176, 3, 184]
1546589356539;[171, 0, 17, 255, 161, 72, 70, 209, 121, 0, 0, 128, 0, 0, 168, 1, 0, 163, 3, 147]
1546589356708;[171, 0, 17, 255, 161, 72, 70, 209, 121, 0, 0, 144, 0, 0, 147, 1, 0, 148, 3, 153]
1546589357056;[171, 0, 17, 255, 161, 72, 70, 209, 121, 0, 0, 143, 0, 0, 154, 1, 0, 146, 3, 196]
1546589357060;[171, 0, 17, 255, 161, 72, 70, 209, 121, 0, 0, 144, 0, 0, 158, 1, 0, 164, 3, 230]
1546589357064;[171, 0, 17, 255, 161, 72, 70, 209, 121, 0, 0, 138, 0, 0, 148, 1, 0, 158, 4, 3]
1546589357068;[171, 0, 4, 255, 132, 128, 93]
1546589357226;[171, 0, 17, 255, 161, 72, 70, 209, 121, 0, 0, 152, 0, 0, 179, 1, 0, 167, 4, 45]
1546589357230;[171, 0, 17, 255, 161, 72, 70, 209, 121, 0, 0, 142, 0, 0, 193, 1, 0, 142, 5, 1]
1546589357398;[171, 0, 17, 255, 161, 72, 70, 209, 121, 0, 0, 141, 0, 0, 119, 1, 0, 150, 5, 217]
1546589357571;[171, 0, 17, 255, 161, 72, 70, 209, 121, 0, 0, 186, 0, 0, 75, 1, 0, 161, 6, 81]
1546589357575;[171, 0, 17, 255, 161, 72, 70, 209, 121, 0, 0, 216, 0, 0, 95, 1, 0, 146, 5, 240]
1546589357743;[171, 0, 17, 255, 161, 72, 70, 209, 122, 0, 0, 110, 0, 0, 101, 1, 0, 157, 5, 205]
1546589357747;[171, 0, 17, 255, 161, 72, 70, 209, 122, 0, 0, 224, 0, 0, 155, 1, 0, 175, 5, 159]
1546589357916;[171, 0, 17, 255, 161, 72, 70, 209, 122, 0, 0, 178, 0, 0, 121, 1, 0, 115, 5, 142]
1546589357920;[171, 0, 17, 255, 161, 72, 70, 209, 122, 0, 0, 177, 0, 0, 132, 1, 0, 132, 5, 141]
1546589358262;[171, 0, 17, 255, 161, 72, 70, 209, 122, 0, 0, 158, 0, 0, 140, 1, 0, 131, 5, 236]
1546589358266;[171, 0, 4, 255, 132, 128, 93]
1546589358270;[171, 0, 17, 255, 161, 72, 70, 209, 122, 0, 0, 160, 0, 0, 140, 1, 0, 153, 6, 66]
1546589358434;[171, 0, 17, 255, 161, 72, 70, 209, 122, 0, 0, 182, 0, 0, 129, 1, 0, 136, 6, 82]
1546589358438;[171, 0, 17, 255, 161, 72, 70, 209, 122, 0, 0, 186, 0, 0, 116, 1, 0, 140, 6, 104]
1546589358605;[171, 0, 17, 255, 161, 72, 70, 209, 122, 0, 0, 208, 0, 0, 123, 1, 0, 140, 6, 149]
1546589358778;[171, 0, 17, 255, 161, 72, 70, 209, 122, 0, 0, 237, 0, 0, 105, 1, 0, 158, 7, 2]
1546589358782;[171, 0, 17, 255, 161, 72, 70, 209, 123, 0, 1, 35, 0, 0, 57, 1, 0, 178, 6, 205]
1546589358950;[171, 0, 17, 255, 161, 72, 70, 209, 123, 0, 1, 38, 1, 0, 25, 1, 0, 111, 5, 19]
1546589358954;[171, 0, 17, 255, 161, 72, 70, 209, 123, 0, 0, 160, 1, 0, 46, 1, 0, 83, 4, 108]
1546589359125;[171, 0, 17, 255, 161, 72, 70, 209, 123, 0, 0, 135, 1, 0, 40, 1, 0, 75, 4, 80]
1546589359475;[171, 0, 17, 255, 161, 72, 70, 209, 129, 0, 0, 163, 0, 0, 31, 1, 0, 192, 9, 40]
1546589359477;[171, 0, 17, 255, 161, 72, 70, 209, 129, 0, 0, 161, 0, 0, 26, 1, 0, 231, 8, 59]
1546589359643;[171, 0, 17, 255, 161, 72, 70, 209, 129, 0, 0, 161, 0, 0, 38, 1, 0, 186, 8, 111]
1546589359647;[171, 0, 17, 255, 161, 72, 70, 209, 129, 0, 0, 152, 0, 0, 44, 1, 0, 195, 8, 217]
1546589359813;[171, 0, 17, 255, 161, 72, 70, 209, 129, 0, 0, 124, 0, 0, 52, 1, 0, 207, 9, 60]
1546589359817;[171, 0, 17, 255, 161, 72, 70, 209, 130, 0, 0, 121, 0, 0, 38, 1, 0, 212, 9, 108]
1546589359986;[171, 0, 17, 255, 161, 72, 70, 209, 130, 0, 0, 135, 0, 0, 73, 1, 0, 229, 9, 170]
1546589360159;[171, 0, 17, 255, 161, 72, 70, 209, 130, 0, 0, 150, 0, 0, 85, 1, 0, 216, 9, 184]
1546589360163;[171, 0, 17, 255, 161, 72, 70, 209, 130, 0, 0, 117, 0, 0, 73, 1, 0, 180, 9, 156]
1546589360331;[171, 0, 17, 255, 161, 72, 70, 209, 130, 0, 0, 117, 0, 0, 104, 1, 0, 196, 9, 152]
1546589360335;[171, 0, 4, 255, 132, 128, 92]
1546589360501;[171, 0, 17, 255, 161, 72, 70, 209, 130, 0, 0, 166, 0, 0, 124, 1, 0, 221, 9, 42]
1546589360852;[171, 0, 17, 255, 161, 72, 70, 209, 130, 0, 0, 138, 0, 0, 86, 1, 0, 178, 8, 240]
1546589360856;[171, 0, 17, 255, 161, 72, 70, 209, 130, 0, 0, 156, 0, 0, 97, 1, 0, 191, 8, 227]
1546589360860;[171, 0, 17, 255, 161, 72, 70, 209, 130, 0, 0, 177, 0, 0, 97, 1, 0, 175, 8, 227]
1546589360864;[171, 0, 17, 255, 161, 72, 70, 209, 130, 0, 0, 165, 0, 0, 93, 1, 0, 169, 8, 240]
1546589361023;[171, 0, 17, 255, 161, 72, 70, 209, 131, 0, 0, 157, 0, 0, 97, 1, 0, 176, 8, 243]
1546589361027;[171, 0, 17, 255, 161, 72, 70, 209, 131, 0, 0, 158, 0, 0, 82, 1, 0, 180, 9, 17]
1546589361192;[171, 0, 17, 255, 161, 72, 70, 209, 131, 0, 0, 166, 0, 0, 111, 1, 0, 172, 9, 68]
1546589361366;[171, 0, 17, 255, 161, 72, 70, 209, 131, 0, 0, 164, 0, 0, 111, 1, 0, 166, 9, 82]
1546589361370;[171, 0, 17, 255, 161, 72, 70, 209, 131, 0, 0, 167, 0, 0, 97, 1, 0, 173, 9, 85]
1546589361538;[171, 0, 4, 255, 132, 128, 92]
1546589361542;[171, 0, 17, 255, 161, 72, 70, 209, 131, 0, 0, 157, 0, 0, 100, 1, 0, 178, 9, 80]
1546589361710;[171, 0, 17, 255, 161, 72, 70, 209, 131, 0, 0, 165, 0, 0, 104, 1, 0, 175, 9, 74]
1546589361714;[171, 0, 17, 255, 161, 72, 70, 209, 131, 0, 0, 165, 0, 0, 101, 1, 0, 171, 9, 79]
1546589362056;[171, 0, 17, 255, 161, 72, 70, 209, 131, 0, 0, 164, 0, 0, 96, 1, 0, 171, 9, 137]
1546589362060;[171, 0, 17, 255, 161, 72, 70, 209, 131, 0, 0, 157, 0, 0, 102, 1, 0, 176, 9, 176]
1546589362065;[171, 0, 17, 255, 161, 72, 70, 209, 132, 0, 0, 164, 0, 0, 98, 1, 0, 177, 9, 195]
1546589362229;[171, 0, 17, 255, 161, 72, 70, 209, 132, 0, 0, 167, 0, 0, 94, 1, 0, 170, 9, 213]
1546589362233;[171, 0, 17, 255, 161, 72, 70, 209, 132, 0, 0, 166, 0, 0, 97, 1, 0, 172, 9, 229]
1546589362401;[171, 0, 17, 255, 161, 72, 70, 209, 132, 0, 0, 173, 0, 0, 98, 1, 0, 169, 9, 229]
1546589362573;[171, 0, 17, 255, 161, 72, 70, 209, 132, 0, 0, 167, 0, 0, 94, 1, 0, 169, 10, 49]
1546589362577;[171, 0, 4, 255, 132, 128, 91]
1546589362745;[171, 0, 17, 255, 161, 72, 70, 209, 132, 0, 0, 167, 0, 0, 98, 1, 0, 169, 10, 102]
1546589362749;[171, 0, 17, 255, 161, 72, 70, 209, 132, 0, 0, 166, 0, 0, 97, 1, 0, 169, 10, 165]
1546589362918;[171, 0, 17, 255, 161, 72, 70, 209, 132, 0, 0, 167, 0, 0, 98, 1, 0, 169, 10, 208]
1546589362922;[171, 0, 17, 255, 161, 72, 70, 209, 132, 0, 0, 166, 0, 0, 94, 1, 0, 169, 10, 229]
1546589363090;[171, 0, 17, 255, 161, 72, 70, 209, 132, 0, 0, 176, 0, 0, 97, 1, 0, 171, 11, 9]
1546589363439;[171, 0, 17, 255, 161, 72, 70, 209, 133, 0, 0, 166, 0, 0, 95, 1, 0, 170, 11, 70]
1546589363444;[171, 0, 17, 255, 161, 72, 70, 209, 133, 0, 0, 171, 0, 0, 95, 1, 0, 169, 11, 160]
1546589363452;[171, 0, 17, 255, 161, 72, 70, 209, 133, 0, 0, 167, 0, 0, 98, 1, 0, 168, 11, 220]
1546589363455;[171, 0, 17, 255, 161, 72, 70, 209, 133, 0, 0, 166, 0, 0, 98, 1, 0, 168, 12, 18]
1546589363619;[171, 0, 17, 255, 161, 72, 70, 209, 133, 0, 0, 166, 0, 0, 97, 1, 0, 168, 12, 53]
1546589363780;[171, 0, 4, 255, 132, 128, 87]
1546589363784;[171, 0, 17, 255, 161, 72, 70, 209, 133, 0, 0, 177, 0, 0, 101, 1, 0, 169, 12, 77]
1546589363953;[171, 0, 17, 255, 161, 72, 70, 209, 133, 0, 0, 167, 0, 0, 103, 1, 0, 171, 12, 119]
1546589363957;[171, 0, 17, 255, 161, 72, 70, 209, 133, 0, 0, 171, 0, 0, 102, 1, 0, 170, 12, 229]
1546589364126;[171, 0, 17, 255, 161, 72, 70, 209, 133, 0, 0, 161, 0, 0, 98, 1, 0, 170, 13, 38]
1546589364130;[171, 0, 17, 255, 161, 72, 70, 209, 133, 0, 0, 164, 0, 0, 104, 1, 0, 173, 13, 105]
1546589364299;[171, 0, 17, 255, 161, 72, 70, 209, 134, 0, 0, 166, 0, 0, 104, 1, 0, 169, 13, 153]
1546589364646;[171, 0, 17, 255, 161, 72, 70, 209, 134, 0, 0, 166, 0, 0, 104, 1, 0, 171, 13, 193]
1546589364650;[171, 0, 17, 255, 161, 72, 70, 209, 134, 0, 0, 166, 0, 0, 104, 1, 0, 172, 13, 233]
1546589364654;[171, 0, 17, 255, 161, 72, 70, 209, 134, 0, 0, 163, 0, 0, 102, 1, 0, 169, 14, 59]
1546589364658;[171, 0, 17, 255, 161, 72, 70, 209, 134, 0, 0, 166, 0, 0, 104, 1, 0, 171, 14, 139]
1546589364816;[171, 0, 4, 255, 132, 128, 85]
1546589364820;[171, 0, 17, 255, 161, 72, 70, 209, 134, 0, 0, 165, 0, 0, 103, 1, 0, 169, 14, 193]
1546589364988;[171, 0, 17, 255, 161, 72, 70, 209, 134, 0, 0, 160, 0, 0, 103, 1, 0, 174, 14, 241]
1546589365161;[171, 0, 17, 255, 161, 72, 70, 209, 134, 0, 0, 158, 0, 0, 104, 1, 0, 170, 14, 241]
1546589365165;[171, 0, 17, 255, 161, 72, 70, 209, 134, 0, 0, 166, 0, 0, 105, 1, 0, 167, 15, 22]
1546589365330;[171, 0, 17, 255, 161, 72, 70, 209, 134, 0, 0, 164, 0, 0, 105, 1, 0, 169, 15, 51]
1546589365336;[171, 0, 17, 255, 161, 72, 70, 209, 135, 0, 0, 164, 0, 0, 104, 1, 0, 170, 31, 147]
1546589365503;[171, 0, 17, 255, 161, 72, 70, 209, 135, 0, 0, 163, 0, 0, 104, 1, 0, 169, 8, 25]
1546589366025;[171, 0, 17, 255, 161, 72, 70, 209, 135, 0, 0, 164, 0, 0, 107, 1, 0, 170, 8, 83]
1546589366029;[171, 0, 17, 255, 161, 72, 70, 209, 135, 0, 0, 161, 0, 0, 107, 1, 0, 171, 8, 134]
1546589366033;[171, 0, 17, 255, 161, 72, 70, 209, 135, 0, 0, 164, 0, 0, 105, 1, 0, 169, 8, 167]
1546589366037;[171, 0, 4, 255, 132, 128, 85]
1546589366199;[171, 0, 17, 255, 161, 72, 70, 209, 135, 0, 0, 166, 0, 0, 105, 1, 0, 169, 8, 198]
1546589366203;[171, 0, 17, 255, 161, 72, 70, 209, 135, 0, 0, 164, 0, 0, 105, 1, 0, 170, 8, 232]
1546589366208;[171, 0, 17, 255, 161, 72, 70, 209, 135, 0, 0, 164, 0, 0, 106, 1, 0, 169, 9, 92]
1546589366368;[171, 0, 17, 255, 161, 72, 70, 209, 135, 0, 0, 164, 0, 0, 105, 1, 0, 169, 9, 164]
1546589366372;[171, 0, 17, 255, 161, 72, 70, 209, 135, 0, 0, 164, 0, 0, 104, 1, 0, 170, 9, 225]
1546589366541;[171, 0, 17, 255, 161, 72, 70, 209, 136, 0, 0, 163, 0, 0, 105, 1, 0, 169, 10, 16]
1546589366544;[171, 0, 17, 255, 161, 72, 70, 209, 136, 0, 0, 166, 0, 0, 106, 1, 0, 171, 10, 47]
1546589366715;[171, 0, 17, 255, 161, 72, 70, 209, 136, 0, 0, 164, 0, 0, 105, 1, 0, 169, 10, 73]
1546589366719;[171, 0, 17, 255, 161, 72, 70, 209, 136, 0, 0, 163, 0, 0, 105, 1, 0, 169, 10, 119]
1546589366886;[171, 0, 17, 255, 161, 72, 70, 209, 136, 0, 0, 164, 0, 0, 107, 1, 0, 169, 10, 208]
1546589367231;[171, 0, 4, 255, 132, 128, 86]
1546589367237;[171, 0, 17, 255, 161, 72, 70, 209, 136, 0, 0, 163, 0, 0, 109, 1, 0, 171, 10, 252]
1546589367240;[171, 0, 17, 255, 161, 72, 70, 209, 136, 0, 0, 163, 0, 0, 105, 1, 0, 169, 11, 45]
1546589367244;[171, 0, 17, 255, 161, 72, 70, 209, 136, 0, 0, 164, 0, 0, 105, 1, 0, 168, 11, 71]
1546589367402;[171, 0, 17, 255, 161, 72, 70, 209, 136, 0, 0, 157, 0, 0, 105, 1, 0, 170, 11, 91]
1546589367576;[171, 0, 17, 255, 161, 72, 70, 209, 136, 0, 0, 164, 0, 0, 104, 1, 0, 169, 11, 101]
1546589367580;[171, 0, 17, 255, 161, 72, 70, 209, 137, 0, 0, 160, 0, 0, 104, 1, 0, 171, 11, 151]
1546589367747;[171, 0, 17, 255, 161, 72, 70, 209, 137, 0, 0, 165, 0, 0, 105, 1, 0, 171, 11, 241]
1546589367751;[171, 0, 17, 255, 161, 72, 70, 209, 137, 0, 0, 161, 0, 0, 109, 1, 0, 171, 12, 21]
1546589367922;[171, 0, 17, 255, 161, 72, 70, 209, 137, 0, 0, 160, 0, 0, 107, 1, 0, 172, 12, 58]
1546589367927;[171, 0, 17, 255, 161, 72, 70, 209, 137, 0, 0, 163, 0, 0, 109, 1, 0, 169, 12, 97]
1546589368093;[171, 0, 4, 255, 132, 128, 87]
1546589368441;[171, 0, 17, 255, 161, 72, 70, 209, 137, 0, 0, 164, 0, 0, 105, 1, 0, 169, 12, 120]
1546589368449;[171, 0, 17, 255, 161, 72, 70, 209, 137, 0, 0, 165, 0, 0, 105, 1, 0, 171, 12, 127]
1546589368452;[171, 0, 17, 255, 161, 72, 70, 209, 137, 0, 0, 164, 0, 0, 104, 1, 0, 169, 12, 170]
1546589368454;[171, 0, 17, 255, 161, 72, 70, 209, 137, 0, 0, 163, 0, 0, 105, 1, 0, 171, 12, 247]
1546589368611;[171, 0, 17, 255, 161, 72, 70, 209, 137, 0, 0, 164, 0, 0, 105, 1, 0, 169, 13, 28]
1546589368615;[171, 0, 17, 255, 161, 72, 70, 209, 138, 0, 0, 163, 0, 0, 104, 1, 0, 174, 13, 56]
1546589368783;[171, 0, 17, 255, 161, 72, 70, 209, 138, 0, 0, 164, 0, 0, 103, 1, 0, 171, 13, 63]
1546589368956;[171, 0, 17, 255, 161, 72, 70, 209, 138, 0, 0, 165, 0, 0, 103, 1, 0, 169, 13, 70]
1546589368960;[171, 0, 17, 255, 161, 72, 70, 209, 138, 0, 0, 166, 0, 0, 104, 1, 0, 169, 13, 75]
1546589369128;[171, 0, 17, 255, 161, 72, 70, 209, 138, 0, 0, 164, 0, 0, 103, 1, 0, 169, 13, 119]
1546589369132;[171, 0, 4, 255, 132, 128, 88]
1546589369301;[171, 0, 17, 255, 161, 72, 70, 209, 138, 0, 0, 166, 0, 0, 100, 1, 0, 170, 13, 162]
1546589369484;[171, 0, 17, 255, 161, 72, 70, 209, 138, 0, 0, 166, 0, 0, 104, 1, 0, 169, 13, 159]
1546589369491;[171, 0, 17, 255, 161, 72, 70, 209, 138, 0, 0, 166, 0, 0, 97, 1, 0, 169, 13, 168]
1546589369992;[171, 0, 17, 255, 161, 72, 70, 209, 138, 0, 0, 167, 0, 0, 104, 1, 0, 169, 13, 186]
1546589369997;[171, 0, 17, 255, 161, 72, 70, 209, 138, 0, 0, 166, 0, 0, 103, 1, 0, 167, 13, 182]
1546589370001;[171, 0, 17, 255, 161, 72, 70, 209, 139, 0, 0, 167, 0, 0, 102, 1, 0, 170, 13, 172]
1546589370005;[171, 0, 17, 255, 161, 72, 70, 209, 139, 0, 0, 166, 0, 0, 104, 1, 0, 171, 13, 204]
1546589370164;[171, 0, 17, 255, 161, 72, 70, 209, 139, 0, 0, 166, 0, 0, 102, 1, 0, 169, 13, 229]
1546589370168;[171, 0, 17, 255, 161, 72, 70, 209, 139, 0, 0, 166, 0, 0, 104, 1, 0, 169, 13, 225]
1546589370172;[171, 0, 17, 255, 161, 72, 70, 209, 139, 0, 0, 167, 0, 0, 100, 1, 0, 169, 13, 247]
1546589370335;[171, 0, 4, 255, 132, 128, 88]
1546589370340;[171, 0, 17, 255, 161, 72, 70, 209, 139, 0, 0, 167, 0, 0, 100, 1, 0, 168, 13, 243]
1546589370509;[171, 0, 17, 255, 161, 72, 70, 209, 139, 0, 0, 167, 0, 0, 101, 1, 0, 167, 13, 243]
1546589370513;[171, 0, 17, 255, 161, 72, 70, 209, 139, 0, 0, 167, 0, 0, 103, 1, 0, 171, 13, 232]
1546589370680;[171, 0, 17, 255, 161, 72, 70, 209, 139, 0, 0, 167, 0, 0, 101, 1, 0, 168, 14, 5]
1546589371029;[171, 0, 17, 255, 161, 72, 70, 209, 139, 0, 0, 167, 0, 0, 101, 1, 0, 168, 14, 10]
1546589371033;[171, 0, 17, 255, 161, 72, 70, 209, 140, 0, 0, 166, 0, 0, 103, 1, 0, 169, 14, 10]
1546589371037;[171, 0, 17, 255, 161, 72, 70, 209, 140, 0, 0, 171, 0, 0, 104, 1, 0, 168, 14, 15]
1546589371041;[171, 0, 17, 255, 161, 72, 70, 209, 140, 0, 0, 167, 0, 0, 98, 1, 0, 166, 14, 4]
1546589371199;[171, 0, 17, 255, 161, 72, 70, 209, 140, 0, 0, 166, 0, 0, 100, 1, 0, 168, 13, 250]
1546589371371;[171, 0, 17, 255, 161, 72, 70, 209, 140, 0, 0, 166, 0, 0, 104, 1, 0, 169, 13, 249]
1546589371374;[171, 0, 4, 255, 132, 128, 88]
1546589371544;[171, 0, 17, 255, 161, 72, 70, 209, 140, 0, 0, 167, 0, 0, 104, 1, 0, 168, 14, 0]
1546589371548;[171, 0, 17, 255, 161, 72, 70, 209, 140, 0, 0, 173, 0, 0, 101, 1, 0, 164, 14, 7]
1546589371716;[171, 0, 17, 255, 161, 72, 70, 209, 140, 0, 0, 167, 0, 0, 100, 1, 0, 168, 13, 250]
1546589371720;[171, 0, 17, 255, 161, 72, 70, 209, 140, 0, 0, 171, 0, 0, 104, 1, 0, 168, 13, 243]
1546589371888;[171, 0, 17, 255, 161, 72, 70, 209, 140, 0, 0, 171, 0, 0, 98, 1, 0, 166, 13, 225]
1546589372061;[171, 0, 17, 255, 161, 72, 70, 209, 141, 0, 0, 173, 0, 0, 100, 1, 0, 167, 13, 201]
1546589372065;[171, 0, 17, 255, 161, 72, 70, 209, 141, 0, 0, 167, 0, 0, 98, 1, 0, 168, 13, 194]
1546589372406;[171, 0, 17, 255, 161, 72, 70, 209, 141, 0, 0, 171, 0, 0, 100, 1, 0, 168, 13, 206]
1546589372410;[171, 0, 17, 255, 161, 72, 70, 209, 141, 0, 0, 171, 0, 0, 98, 1, 0, 166, 13, 193]
1546589372414;[171, 0, 17, 255, 161, 72, 70, 209, 141, 0, 0, 171, 0, 0, 103, 1, 0, 168, 13, 185]
1546589372578;[171, 0, 4, 255, 132, 128, 88]
1546589372582;[171, 0, 17, 255, 161, 72, 70, 209, 141, 0, 0, 167, 0, 0, 103, 1, 0, 168, 13, 187]
1546589372754;[171, 0, 17, 255, 161, 72, 70, 209, 141, 0, 0, 167, 0, 0, 100, 1, 0, 168, 13, 166]
1546589372756;[171, 0, 17, 255, 161, 72, 70, 209, 141, 0, 0, 167, 0, 0, 98, 1, 0, 168, 13, 148]
1546589372923;[171, 0, 17, 255, 161, 72, 70, 209, 141, 0, 0, 166, 0, 0, 99, 1, 0, 166, 13, 137]
1546589372930;[171, 0, 17, 255, 161, 72, 70, 209, 141, 0, 0, 166, 0, 0, 100, 1, 0, 168, 13, 153]
1546589373097;[171, 0, 17, 255, 161, 72, 70, 209, 142, 0, 0, 167, 0, 0, 101, 1, 0, 168, 13, 146]
1546589373268;[171, 0, 17, 255, 161, 72, 70, 209, 142, 0, 0, 167, 0, 0, 103, 1, 0, 167, 13, 142]
1546589373272;[171, 0, 17, 255, 161, 72, 70, 209, 142, 0, 0, 171, 0, 0, 97, 1, 0, 167, 13, 136]
1546589373615;[171, 0, 17, 255, 161, 72, 70, 209, 142, 0, 0, 171, 0, 0, 103, 1, 0, 167, 13, 118]
1546589373619;[171, 0, 17, 255, 161, 72, 70, 209, 142, 0, 0, 167, 0, 0, 98, 1, 0, 166, 13, 99]
1546589373623;[171, 0, 4, 255, 132, 128, 87]
1546589373627;[171, 0, 17, 255, 161, 72, 70, 209, 142, 0, 0, 167, 0, 0, 101, 1, 0, 166, 13, 89]
1546589373785;[171, 0, 17, 255, 161, 72, 70, 209, 142, 0, 0, 173, 0, 0, 98, 1, 0, 168, 13, 80]
1546589373959;[171, 0, 17, 255, 161, 72, 70, 209, 142, 0, 0, 171, 0, 0, 98, 1, 0, 168, 13, 96]
1546589373963;[171, 0, 17, 255, 161, 72, 70, 209, 142, 0, 0, 163, 0, 0, 97, 1, 0, 169, 13, 76]
1546589374131;[171, 0, 17, 255, 161, 72, 70, 209, 142, 0, 0, 167, 0, 0, 99, 1, 0, 166, 13, 35]
1546589374135;[171, 0, 17, 255, 161, 72, 70, 209, 143, 0, 0, 166, 0, 0, 102, 1, 0, 164, 13, 7]
1546589374303;[171, 0, 17, 255, 161, 72, 70, 209, 143, 0, 0, 181, 0, 0, 107, 1, 0, 163, 12, 213]
1546589374481;[171, 0, 17, 255, 161, 72, 70, 209, 143, 0, 0, 157, 0, 0, 102, 1, 0, 175, 12, 138]
1546589374487;[171, 0, 17, 255, 161, 72, 70, 209, 143, 0, 0, 155, 0, 0, 111, 1, 0, 163, 12, 91]
1546589374995;[171, 0, 17, 255, 161, 72, 70, 209, 143, 0, 0, 173, 0, 0, 106, 1, 0, 175, 12, 85]
1546589375000;[171, 0, 4, 255, 132, 128, 87]
1546589375004;[171, 0, 17, 255, 161, 72, 70, 209, 143, 0, 0, 156, 0, 0, 98, 1, 0, 167, 12, 79]
1546589375008;[171, 0, 17, 255, 161, 72, 70, 209, 143, 0, 0, 191, 0, 0, 121, 1, 0, 177, 12, 75]
1546589375166;[171, 0, 17, 255, 161, 72, 70, 209, 143, 0, 0, 145, 0, 0, 92, 1, 0, 166, 12, 86]
1546589375170;[171, 0, 17, 255, 161, 72, 70, 209, 143, 0, 0, 243, 0, 0, 143, 1, 0, 221, 12, 119]
1546589375341;[171, 0, 17, 255, 161, 72, 70, 209, 143, 0, 1, 106, 0, 0, 110, 1, 0, 243, 10, 236]
1546589375345;[171, 0, 17, 255, 161, 72, 70, 209, 144, 0, 1, 227, 1, 0, 76, 0, 0, 84, 7, 250]
1546589375349;[171, 0, 17, 255, 161, 72, 70, 209, 144, 0, 0, 85, 0, 0, 14, 0, 0, 48, 6, 147]
1546589375511;[171, 0, 17, 255, 161, 72, 70, 209, 144, 0, 0, 3, 1, 0, 31, 0, 0, 15, 6, 168]
1546589375516;[171, 0, 17, 255, 161, 72, 70, 209, 144, 0, 0, 25, 1, 0, 2, 1, 0, 133, 6, 68]
1546589375683;[171, 0, 17, 255, 161, 72, 70, 209, 144, 0, 1, 20, 1, 0, 37, 1, 0, 208, 4, 75]
1546589375855;[171, 0, 4, 255, 132, 128, 87]
1546589375859;[171, 0, 17, 255, 161, 72, 70, 209, 144, 0, 1, 45, 1, 0, 9, 1, 0, 227, 2, 42]
1546589376204;[171, 0, 17, 255, 161, 72, 70, 209, 144, 0, 1, 5, 0, 0, 21, 1, 0, 207, 2, 45]
1546589376208;[171, 0, 17, 255, 161, 72, 70, 209, 144, 0, 0, 138, 0, 0, 35, 1, 0, 165, 2, 21]
1546589376213;[171, 0, 17, 255, 161, 72, 70, 209, 144, 0, 1, 38, 0, 0, 91, 1, 0, 197, 2, 68]
1546589376373;[171, 0, 17, 255, 161, 72, 70, 209, 144, 0, 0, 158, 0, 0, 107, 1, 0, 186, 1, 191]
1546589376377;[171, 0, 17, 255, 161, 72, 70, 209, 145, 0, 0, 141, 0, 0, 127, 1, 0, 177, 1, 32]
1546589376546;[171, 0, 17, 255, 161, 72, 70, 209, 145, 0, 0, 157, 0, 0, 116, 1, 0, 187, 1, 32]
1546589376550;[171, 0, 17, 255, 161, 72, 70, 209, 145, 0, 0, 137, 0, 0, 87, 1, 0, 157, 0, 230]
1546589376719;[171, 0, 17, 255, 161, 72, 70, 209, 145, 0, 0, 182, 0, 0, 118, 1, 0, 171, 16, 166]
1546589376723;[171, 0, 17, 255, 161, 72, 70, 209, 145, 0, 0, 189, 0, 0, 114, 1, 0, 191, 7, 198]
1546589376890;[171, 0, 4, 255, 132, 128, 86]
1546589377067;[171, 0, 17, 255, 161, 72, 70, 209, 145, 0, 0, 237, 0, 0, 112, 1, 0, 171, 7, 54]
1546589377069;[171, 0, 17, 255, 161, 72, 70, 209, 145, 0, 0, 214, 1, 0, 2, 1, 0, 111, 7, 5]
1546589377410;[171, 0, 17, 255, 161, 72, 70, 209, 145, 0, 0, 149, 0, 0, 45, 1, 0, 153, 7, 139]
1546589377415;[171, 0, 17, 255, 161, 72, 70, 209, 145, 0, 0, 4, 1, 0, 20, 1, 0, 92, 7, 194]
1546589377419;[171, 0, 17, 255, 161, 72, 70, 209, 145, 0, 0, 9, 0, 0, 29, 1, 0, 122, 7, 222]
1546589377423;[171, 0, 17, 255, 161, 72, 70, 209, 146, 0, 2, 146, 0, 0, 152, 1, 1, 108, 8, 243]
1546589377580;[171, 0, 17, 255, 161, 72, 70, 209, 146, 0, 0, 58, 0, 0, 131, 1, 0, 159, 8, 84]
1546589377753;[171, 0, 17, 255, 161, 72, 70, 209, 146, 0, 0, 59, 0, 0, 105, 1, 0, 199, 7, 243]
1546589377757;[171, 0, 17, 255, 161, 72, 70, 209, 146, 0, 1, 29, 0, 0, 135, 1, 0, 217, 7, 160]
1546589377928;[171, 0, 17, 255, 161, 72, 70, 209, 146, 0, 0, 32, 0, 0, 98, 1, 0, 155, 7, 186]
1546589377929;[171, 0, 4, 255, 132, 128, 86]
1546589378098;[171, 0, 17, 255, 161, 72, 70, 209, 146, 0, 0, 161, 0, 0, 127, 1, 0, 240, 7, 225]
1546589378270;[171, 0, 17, 255, 161, 72, 70, 209, 146, 0, 0, 66, 0, 0, 104, 1, 0, 155, 8, 13]
1546589378274;[171, 0, 17, 255, 161, 72, 70, 209, 146, 0, 0, 111, 0, 0, 106, 1, 0, 229, 8, 37]
1546589378446;[171, 0, 17, 255, 161, 72, 70, 209, 146, 0, 0, 56, 0, 0, 105, 1, 0, 158, 8, 71]
1546589378451;[171, 0, 17, 255, 161, 72, 70, 209, 146, 0, 0, 118, 0, 0, 108, 1, 0, 228, 8, 99]
1546589378789;[171, 0, 17, 255, 161, 72, 70, 209, 147, 0, 0, 130, 0, 0, 116, 1, 0, 153, 8, 111]
1546589378794;[171, 0, 17, 255, 161, 72, 70, 209, 147, 0, 0, 93, 0, 0, 110, 1, 0, 226, 8, 157]
1546589378798;[171, 0, 17, 255, 161, 72, 70, 209, 147, 0, 0, 173, 0, 0, 131, 1, 0, 169, 8, 164]
1546589378960;[171, 0, 17, 255, 161, 72, 70, 209, 147, 0, 0, 108, 0, 0, 107, 1, 0, 219, 8, 202]
1546589378964;[171, 0, 17, 255, 161, 72, 70, 209, 147, 0, 0, 160, 0, 0, 131, 1, 0, 169, 8, 201]
1546589379134;[171, 0, 4, 255, 132, 128, 86]
1546589379138;[171, 0, 17, 255, 161, 72, 70, 209, 147, 0, 0, 73, 0, 0, 104, 1, 0, 216, 8, 223]
1546589379306;[171, 0, 17, 255, 161, 72, 70, 209, 147, 0, 0, 232, 0, 0, 162, 1, 0, 194, 8, 214]
1546589379481;[171, 0, 17, 255, 161, 72, 70, 209, 147, 0, 0, 44, 0, 0, 103, 1, 0, 191, 8, 231]
1546589379485;[171, 0, 17, 255, 161, 72, 70, 209, 147, 0, 0, 171, 0, 0, 163, 1, 0, 213, 8, 216]
1546589379651;[171, 0, 17, 255, 161, 72, 70, 209, 147, 0, 0, 44, 0, 0, 104, 1, 0, 199, 8, 228]
1546589379655;[171, 0, 17, 255, 161, 72, 70, 209, 148, 0, 0, 189, 0, 0, 149, 1, 0, 208, 8, 206]
1546589379997;[171, 0, 17, 255, 161, 72, 70, 209, 148, 0, 0, 54, 0, 0, 110, 1, 0, 174, 8, 200]
1546589380001;[171, 0, 17, 255, 161, 72, 70, 209, 148, 0, 0, 134, 0, 0, 121, 1, 0, 216, 8, 162]
1546589380005;[171, 0, 17, 255, 161, 72, 70, 209, 148, 0, 0, 94, 0, 0, 116, 1, 0, 168, 8, 164]
1546589380169;[171, 0, 17, 255, 161, 72, 70, 209, 148, 0, 0, 167, 0, 0, 143, 1, 0, 211, 8, 121]
1546589380172;[171, 0, 4, 255, 132, 128, 85]
1546589380342;[171, 0, 17, 255, 161, 72, 70, 209, 148, 0, 0, 59, 0, 0, 107, 1, 0, 180, 8, 113]
1546589380345;[171, 0, 17, 255, 161, 72, 70, 209, 148, 0, 0, 118, 0, 0, 110, 1, 0, 207, 8, 78]
1546589380513;[171, 0, 17, 255, 161, 72, 70, 209, 148, 0, 0, 141, 0, 0, 129, 1, 0, 174, 8, 83]
1546589380518;[171, 0, 17, 255, 161, 72, 70, 209, 148, 0, 0, 77, 0, 0, 105, 1, 0, 217, 8, 47]
1546589380685;[171, 0, 17, 255, 161, 72, 70, 209, 148, 0, 0, 121, 0, 0, 119, 1, 0, 163, 8, 32]
1546589380859;[171, 0, 17, 255, 161, 72, 70, 209, 149, 0, 0, 88, 0, 0, 110, 1, 0, 219, 8, 18]
1546589380863;[171, 0, 17, 255, 161, 72, 70, 209, 149, 0, 0, 218, 0, 0, 159, 1, 0, 189, 7, 252]
1546589381377;[171, 0, 17, 255, 161, 72, 70, 209, 149, 0, 0, 43, 0, 0, 102, 1, 0, 204, 7, 255]
1546589381381;[171, 0, 17, 255, 161, 72, 70, 209, 149, 0, 0, 201, 0, 0, 154, 1, 0, 211, 7, 241]
1546589381384;[171, 0, 17, 255, 161, 72, 70, 209, 151, 0, 0, 129, 0, 0, 104, 1, 0, 184, 3, 196]
1546589381548;[171, 0, 17, 255, 161, 72, 70, 209, 151, 0, 0, 139, 0, 0, 110, 1, 0, 230, 3, 152]
1546589381552;[171, 0, 17, 255, 161, 72, 70, 209, 151, 0, 0, 102, 0, 0, 96, 1, 0, 168, 3, 102]
1546589381718;[171, 0, 17, 255, 161, 72, 70, 209, 151, 0, 0, 111, 0, 0, 85, 1, 0, 207, 3, 74]
1546589381720;[171, 0, 17, 255, 161, 72, 70, 209, 151, 0, 0, 166, 0, 0, 146, 1, 0, 221, 3, 48]
1546589381893;[171, 0, 17, 255, 161, 72, 70, 209, 152, 0, 0, 122, 0, 0, 93, 1, 0, 194, 3, 49]
1546589382067;[171, 0, 17, 255, 161, 72, 70, 209, 152, 0, 0, 173, 0, 0, 120, 1, 0, 194, 3, 16]
1546589382071;[171, 0, 17, 255, 161, 72, 70, 209, 152, 0, 0, 98, 0, 0, 91, 1, 0, 192, 2, 248]
1546589382238;[171, 0, 17, 255, 161, 72, 70, 209, 152, 0, 0, 176, 0, 0, 133, 1, 0, 224, 2, 235]
1546589382242;[171, 0, 17, 255, 161, 72, 70, 209, 152, 0, 0, 93, 0, 0, 88, 1, 0, 191, 2, 249]
1546589382584;[171, 0, 4, 255, 132, 128, 85]
1546589382588;[171, 0, 17, 255, 161, 72, 70, 209, 152, 0, 0, 211, 0, 0, 146, 1, 0, 224, 2, 234]
1546589382592;[171, 0, 17, 255, 161, 72, 70, 209, 152, 0, 0, 81, 0, 0, 86, 1, 0, 173, 2, 230]
1546589382756;[171, 0, 17, 255, 161, 72, 70, 209, 152, 0, 0, 161, 0, 0, 109, 1, 0, 219, 2, 246]
1546589382759;[171, 0, 17, 255, 161, 72, 70, 209, 152, 0, 0, 101, 0, 0, 95, 1, 0, 146, 2, 236]
1546589382929;[171, 0, 17, 255, 161, 72, 70, 209, 152, 0, 0, 181, 0, 0, 114, 1, 0, 227, 2, 243]
1546589382936;[171, 0, 17, 255, 161, 72, 70, 209, 153, 0, 0, 101, 0, 0, 97, 1, 0, 140, 2, 248]
1546589383099;[171, 0, 17, 255, 161, 72, 70, 209, 153, 0, 0, 128, 0, 0, 88, 1, 0, 220, 3, 0]
1546589383273;[171, 0, 17, 255, 161, 72, 70, 209, 153, 0, 0, 142, 0, 0, 113, 1, 0, 140, 2, 254]
1546589383277;[171, 0, 17, 255, 161, 72, 70, 209, 153, 0, 0, 108, 0, 0, 85, 1, 0, 208, 3, 4]
1546589383448;[171, 0, 17, 255, 161, 72, 70, 209, 153, 0, 0, 118, 0, 0, 112, 1, 0, 131, 3, 10]
1546589383452;[171, 0, 4, 255, 132, 128, 85]
1546589383792;[171, 0, 17, 255, 161, 72, 70, 209, 153, 0, 0, 116, 0, 0, 85, 1, 0, 217, 3, 2]
1546589383796;[171, 0, 17, 255, 161, 72, 70, 209, 153, 0, 0, 171, 0, 0, 121, 1, 0, 148, 2, 244]
1546589383800;[171, 0, 17, 255, 161, 72, 70, 209, 153, 0, 0, 95, 0, 0, 85, 1, 0, 204, 3, 6]
1546589383963;[171, 0, 17, 255, 161, 72, 70, 209, 153, 0, 0, 253, 0, 0, 160, 1, 0, 195, 3, 9]
1546589383967;[171, 0, 17, 255, 161, 72, 70, 209, 153, 0, 0, 111, 0, 0, 88, 1, 0, 204, 3, 24]
1546589384138;[171, 0, 17, 255, 161, 72, 70, 209, 154, 0, 0, 225, 0, 0, 139, 1, 0, 161, 3, 35]
1546589384142;[171, 0, 17, 255, 161, 72, 70, 209, 154, 0, 0, 109, 0, 0, 91, 1, 0, 188, 3, 43]
1546589384310;[171, 0, 17, 255, 161, 72, 70, 209, 154, 0, 0, 229, 0, 0, 143, 1, 0, 175, 3, 45]
1546589384314;[171, 0, 17, 255, 161, 72, 70, 209, 154, 0, 0, 103, 0, 0, 85, 1, 0, 177, 3, 56]
1546589384481;[171, 0, 17, 255, 161, 72, 70, 209, 154, 0, 0, 246, 0, 0, 160, 1, 0, 199, 3, 71]
1546589384653;[171, 0, 4, 255, 132, 128, 85]
1546589384657;[171, 0, 17, 255, 161, 72, 70, 209, 154, 0, 0, 101, 0, 0, 85, 1, 0, 169, 3, 76]
1546589384825;[171, 0, 17, 255, 161, 72, 70, 209, 154, 0, 0, 199, 0, 0, 117, 1, 0, 199, 3, 92]
1546589384830;[171, 0, 17, 255, 161, 72, 70, 209, 154, 0, 0, 101, 0, 0, 101, 1, 0, 156, 3, 98]
1546589385172;[171, 0, 17, 255, 161, 72, 70, 209, 154, 0, 0, 168, 0, 0, 97, 1, 0, 191, 3, 116]
1546589385177;[171, 0, 17, 255, 161, 72, 70, 209, 154, 0, 0, 117, 0, 0, 105, 1, 0, 180, 3, 111]
1546589385181;[171, 0, 17, 255, 161, 72, 70, 209, 155, 0, 0, 178, 0, 0, 116, 1, 0, 175, 3, 122]
1546589385343;[171, 0, 17, 255, 161, 72, 70, 209, 155, 0, 0, 128, 0, 0, 104, 1, 0, 167, 3, 122]
1546589385347;[171, 0, 17, 255, 161, 72, 70, 209, 155, 0, 0, 147, 0, 0, 107, 1, 0, 177, 3, 118]
1546589385515;[171, 0, 17, 255, 161, 72, 70, 209, 155, 0, 0, 153, 0, 0, 119, 1, 0, 165, 3, 126]
1546589385519;[171, 0, 17, 255, 161, 72, 70, 209, 155, 0, 0, 138, 0, 0, 91, 1, 0, 181, 3, 146]
1546589385688;[171, 0, 4, 255, 132, 128, 86]
1546589385861;[171, 0, 17, 255, 161, 72, 70, 209, 155, 0, 0, 186, 0, 0, 137, 1, 0, 164, 3, 154]
1546589385865;[171, 0, 17, 255, 161, 72, 70, 209, 155, 0, 0, 119, 0, 0, 88, 1, 0, 188, 3, 162]
1546589386033;[171, 0, 17, 255, 161, 72, 70, 209, 155, 0, 0, 241, 0, 0, 152, 1, 0, 203, 3, 173]
1546589386037;[171, 0, 17, 255, 161, 72, 70, 209, 155, 0, 0, 99, 0, 0, 85, 1, 0, 165, 3, 182]
1546589386379;[171, 0, 17, 255, 161, 72, 70, 209, 155, 0, 0, 220, 0, 0, 131, 1, 0, 201, 3, 187]
1546589386383;[171, 0, 17, 255, 161, 72, 70, 209, 156, 0, 0, 103, 0, 0, 85, 1, 0, 169, 3, 208]
1546589386387;[171, 0, 17, 255, 161, 72, 70, 209, 156, 0, 0, 228, 0, 0, 129, 1, 0, 205, 3, 236]
1546589386550;[171, 0, 17, 255, 161, 72, 70, 209, 156, 0, 0, 108, 0, 0, 97, 1, 0, 140, 3, 238]
1546589386554;[171, 0, 17, 255, 161, 72, 70, 209, 156, 0, 0, 177, 0, 0, 109, 1, 0, 209, 3, 254]
1546589386723;[171, 0, 17, 255, 161, 72, 70, 209, 156, 0, 0, 126, 0, 0, 107, 1, 0, 128, 3, 246]
1546589386727;[171, 0, 4, 255, 132, 128, 84]
1546589386895;[171, 0, 17, 255, 161, 72, 70, 209, 156, 0, 0, 181, 0, 0, 113, 1, 0, 203, 4, 16]
1546589387069;[171, 0, 17, 255, 161, 72, 70, 209, 156, 0, 0, 118, 0, 0, 102, 1, 0, 129, 4, 9]
1546589387073;[171, 0, 17, 255, 161, 72, 70, 209, 156, 0, 0, 151, 0, 0, 91, 1, 0, 209, 4, 32]
1546589387241;[171, 0, 17, 255, 161, 72, 70, 209, 156, 0, 0, 155, 0, 0, 108, 1, 0, 124, 4, 35]
1546589387244;[171, 0, 17, 255, 161, 72, 70, 209, 156, 0, 0, 119, 0, 0, 85, 1, 0, 196, 4, 52]
1546589387413;[171, 0, 17, 255, 161, 72, 70, 209, 157, 0, 0, 143, 0, 0, 112, 1, 0, 122, 4, 72]
1546589387416;[171, 0, 17, 255, 161, 72, 70, 209, 157, 0, 0, 131, 0, 0, 86, 1, 0, 198, 4, 83]
1546589387759;[171, 0, 17, 255, 161, 72, 70, 209, 157, 0, 0, 209, 0, 0, 131, 1, 0, 130, 4, 83]
1546589387763;[171, 0, 17, 255, 161, 72, 70, 209, 157, 0, 0, 117, 0, 0, 84, 1, 0, 190, 4, 101]
1546589387767;[171, 0, 17, 255, 161, 72, 70, 209, 157, 0, 1, 5, 0, 0, 158, 1, 0, 181, 4, 110]
1546589387931;[171, 0, 4, 255, 132, 128, 83]
1546589387936;[171, 0, 17, 255, 161, 72, 70, 209, 157, 0, 0, 119, 0, 0, 85, 1, 0, 190, 4, 125]
1546589388103;[171, 0, 17, 255, 161, 72, 70, 209, 157, 0, 0, 239, 0, 0, 139, 1, 0, 148, 4, 136]
1546589388277;[171, 0, 17, 255, 161, 72, 70, 209, 157, 0, 0, 111, 0, 0, 89, 1, 0, 173, 4, 144]
1546589388280;[171, 0, 17, 255, 161, 72, 70, 209, 157, 0, 1, 1, 0, 0, 159, 1, 0, 203, 4, 163]
1546589388450;[171, 0, 17, 255, 161, 72, 70, 209, 157, 0, 0, 108, 0, 0, 92, 1, 0, 136, 4, 165]
1546589388453;[171, 0, 17, 255, 161, 72, 70, 209, 158, 0, 1, 11, 0, 0, 157, 1, 0, 177, 4, 185]
1546589388621;[171, 0, 17, 255, 161, 72, 70, 209, 158, 0, 0, 111, 0, 0, 91, 1, 0, 148, 4, 191]
1546589388625;[171, 0, 17, 255, 161, 72, 70, 209, 158, 0, 0, 241, 0, 0, 142, 1, 0, 208, 4, 204]
1546589388967;[171, 0, 17, 255, 161, 72, 70, 209, 158, 0, 0, 112, 0, 0, 101, 1, 0, 128, 4, 206]
1546589388972;[171, 0, 17, 255, 161, 72, 70, 209, 158, 0, 0, 171, 0, 0, 97, 1, 0, 196, 4, 223]
1546589388976;[171, 0, 4, 255, 132, 128, 83]
1546589389139;[171, 0, 17, 255, 161, 72, 70, 209, 158, 0, 0, 111, 0, 0, 98, 1, 0, 131, 4, 226]
1546589389143;[171, 0, 17, 255, 161, 72, 70, 209, 158, 0, 0, 193, 0, 0, 109, 1, 0, 196, 4, 239]
1546589389310;[171, 0, 17, 255, 161, 72, 70, 209, 158, 0, 0, 119, 0, 0, 114, 1, 0, 118, 4, 239]
1546589389314;[171, 0, 17, 255, 161, 72, 70, 209, 158, 0, 0, 157, 0, 0, 91, 1, 0, 198, 4, 249]
1546589389484;[171, 0, 17, 255, 161, 72, 70, 209, 158, 0, 0, 149, 0, 0, 114, 1, 0, 111, 5, 5]
1546589389657;[171, 0, 17, 255, 161, 72, 70, 209, 159, 0, 0, 163, 0, 0, 98, 1, 0, 196, 5, 24]
1546589389661;[171, 0, 17, 255, 161, 72, 70, 209, 159, 0, 0, 143, 0, 0, 115, 1, 0, 117, 5, 33]
1546589389829;[171, 0, 17, 255, 161, 72, 70, 209, 159, 0, 0, 134, 0, 0, 88, 1, 0, 181, 5, 43]
1546589389832;[171, 0, 17, 255, 161, 72, 70, 209, 159, 0, 0, 241, 0, 0, 143, 1, 0, 120, 5, 43]
1546589390348;[171, 0, 17, 255, 161, 72, 70, 209, 159, 0, 0, 118, 0, 0, 91, 1, 0, 155, 5, 58]
1546589390352;[171, 0, 4, 255, 132, 128, 82]
1546589390356;[171, 0, 17, 255, 161, 72, 70, 209, 159, 0, 0, 228, 0, 0, 134, 1, 0, 114, 5, 46]
1546589390361;[171, 0, 17, 255, 161, 72, 70, 209, 159, 0, 0, 124, 0, 0, 97, 1, 0, 163, 5, 57]
1546589390518;[171, 0, 17, 255, 161, 72, 70, 209, 159, 0, 1, 5, 0, 0, 155, 1, 0, 179, 5, 73]
1546589390522;[171, 0, 17, 255, 161, 72, 70, 209, 159, 0, 0, 114, 0, 0, 111, 1, 0, 137, 5, 77]
1546589390526;[171, 0, 17, 255, 161, 72, 70, 209, 159, 0, 0, 213, 0, 0, 120, 1, 0, 168, 5, 79]
1546589390690;[171, 0, 17, 255, 161, 72, 70, 209, 160, 0, 0, 149, 0, 0, 109, 1, 0, 165, 5, 83]
1546589390864;[171, 0, 17, 255, 161, 72, 70, 209, 160, 0, 0, 185, 0, 0, 124, 1, 0, 148, 5, 97]
1546589390868;[171, 0, 17, 255, 161, 72, 70, 209, 160, 0, 0, 161, 0, 0, 116, 1, 0, 163, 5, 88]
1546589391036;[171, 0, 17, 255, 161, 72, 70, 209, 160, 0, 0, 173, 0, 0, 120, 1, 0, 153, 5, 102]
1546589391040;[171, 0, 17, 255, 161, 72, 70, 209, 160, 0, 0, 178, 0, 0, 116, 1, 0, 157, 5, 114]
1546589391554;[171, 0, 4, 255, 132, 128, 81]
1546589391558;[171, 0, 17, 255, 161, 72, 70, 209, 160, 0, 0, 165, 0, 0, 111, 1, 0, 153, 5, 116]
1546589391562;[171, 0, 17, 255, 161, 72, 70, 209, 160, 0, 0, 171, 0, 0, 124, 1, 0, 157, 5, 121]
1546589391566;[171, 0, 17, 255, 161, 72, 70, 209, 160, 0, 0, 164, 0, 0, 112, 1, 0, 157, 5, 132]
1546589391726;[171, 0, 17, 255, 161, 72, 70, 209, 160, 0, 0, 173, 0, 0, 124, 1, 0, 163, 5, 133]
1546589391731;[171, 0, 17, 255, 161, 72, 70, 209, 160, 0, 0, 153, 0, 0, 113, 1, 0, 140, 5, 136]
1546589391735;[171, 0, 17, 255, 161, 72, 70, 209, 161, 0, 0, 193, 0, 0, 120, 1, 0, 166, 5, 138]
1546589391899;[171, 0, 17, 255, 161, 72, 70, 209, 161, 0, 0, 145, 0, 0, 107, 1, 0, 141, 5, 146]
1546589392070;[171, 0, 17, 255, 161, 72, 70, 209, 161, 0, 0, 173, 0, 0, 104, 1, 0, 162, 5, 143]
1546589392075;[171, 0, 17, 255, 161, 72, 70, 209, 161, 0, 0, 180, 0, 0, 121, 1, 0, 140, 5, 151]
1546589392243;[171, 0, 17, 255, 161, 72, 70, 209, 161, 0, 0, 154, 0, 0, 95, 1, 0, 169, 5, 159]
1546589392247;[171, 0, 4, 255, 132, 128, 81]
1546589392416;[171, 0, 17, 255, 161, 72, 70, 209, 161, 0, 0, 225, 0, 0, 147, 1, 0, 168, 5, 164]
1546589392420;[171, 0, 17, 255, 161, 72, 70, 209, 161, 0, 0, 148, 0, 0, 105, 1, 0, 154, 5, 171]
1546589392760;[171, 0, 17, 255, 161, 72, 70, 209, 161, 0, 0, 182, 0, 0, 116, 1, 0, 137, 5, 175]
1546589392764;[171, 0, 17, 255, 161, 72, 70, 209, 161, 0, 0, 165, 0, 0, 116, 1, 0, 161, 5, 192]
1546589392768;[171, 0, 17, 255, 161, 72, 70, 209, 161, 0, 0, 199, 0, 0, 135, 1, 0, 157, 5, 190]
1546589392934;[171, 0, 17, 255, 161, 72, 70, 209, 162, 0, 0, 165, 0, 0, 101, 1, 0, 151, 5, 200]
1546589392938;[171, 0, 17, 255, 161, 72, 70, 209, 162, 0, 0, 218, 0, 0, 143, 1, 0, 161, 5, 201]
1546589393105;[171, 0, 17, 255, 161, 72, 70, 209, 162, 0, 0, 138, 0, 0, 96, 1, 0, 158, 5, 211]
1546589393279;[171, 0, 17, 255, 161, 72, 70, 209, 162, 0, 0, 239, 0, 0, 153, 1, 0, 193, 5, 218]
1546589393283;[171, 0, 17, 255, 161, 72, 70, 209, 162, 0, 0, 114, 0, 0, 95, 1, 0, 126, 5, 223]
1546589393452;[171, 0, 4, 255, 132, 128, 80]
1546589393459;[171, 0, 17, 255, 161, 72, 70, 209, 162, 0, 0, 171, 0, 0, 88, 1, 0, 169, 5, 233]
1546589393624;[171, 0, 17, 255, 161, 72, 70, 209, 162, 0, 0, 112, 0, 0, 101, 1, 0, 120, 5, 230]
1546589393628;[171, 0, 17, 255, 161, 72, 70, 209, 162, 0, 0, 172, 0, 0, 92, 1, 0, 182, 5, 238]
1546589393798;[171, 0, 17, 255, 161, 72, 70, 209, 162, 0, 0, 159, 0, 0, 116, 1, 0, 109, 5, 244]
1546589394144;[171, 0, 17, 255, 161, 72, 70, 209, 162, 0, 0, 124, 0, 0, 88, 1, 0, 186, 5, 252]
1546589394148;[171, 0, 17, 255, 161, 72, 70, 209, 163, 0, 1, 4, 0, 0, 150, 1, 0, 117, 5, 255]
1546589394152;[171, 0, 17, 255, 161, 72, 70, 209, 163, 0, 0, 148, 0, 0, 87, 1, 0, 190, 6, 7]
1546589394157;[171, 0, 17, 255, 161, 72, 70, 209, 163, 0, 0, 205, 0, 0, 129, 1, 0, 108, 6, 14]
1546589394313;[171, 0, 17, 255, 161, 72, 70, 209, 163, 0, 0, 136, 0, 0, 88, 1, 0, 174, 6, 26]
1546589394316;[171, 0, 17, 255, 161, 72, 70, 209, 163, 0, 1, 28, 0, 0, 156, 1, 0, 147, 6, 31]
1546589394487;[171, 0, 4, 255, 132, 128, 80]
1546589394659;[171, 0, 17, 255, 161, 72, 70, 209, 163, 0, 0, 114, 0, 0, 93, 1, 0, 148, 6, 44]
1546589394663;[171, 0, 17, 255, 161, 72, 70, 209, 163, 0, 0, 252, 0, 0, 139, 1, 0, 127, 6, 55]
1546589394831;[171, 0, 17, 255, 161, 72, 70, 209, 163, 0, 0, 135, 0, 0, 97, 1, 0, 161, 6, 53]
1546589394835;[171, 0, 17, 255, 161, 72, 70, 209, 163, 0, 1, 20, 0, 0, 156, 1, 0, 150, 6, 60]
1546589395003;[171, 0, 17, 255, 161, 72, 70, 209, 163, 0, 0, 121, 0, 0, 91, 1, 0, 148, 6, 80]
1546589395350;[171, 0, 17, 255, 161, 72, 70, 209, 164, 0, 1, 0, 0, 0, 145, 1, 0, 169, 6, 90]
1546589395353;[171, 0, 17, 255, 161, 72, 70, 209, 164, 0, 0, 134, 0, 0, 93, 1, 0, 163, 6, 110]
1546589395358;[171, 0, 17, 255, 161, 72, 70, 209, 164, 0, 1, 21, 0, 0, 163, 1, 0, 174, 6, 124]
1546589395362;[171, 0, 17, 255, 161, 72, 70, 209, 164, 0, 0, 123, 0, 0, 97, 1, 0, 130, 6, 131]
1546589395520;[171, 0, 17, 255, 161, 72, 70, 209, 164, 0, 0, 245, 0, 0, 137, 1, 0, 184, 6, 144]
1546589395524;[171, 0, 4, 255, 132, 128, 80]
1546589395693;[171, 0, 17, 255, 161, 72, 70, 209, 164, 0, 0, 124, 0, 0, 102, 1, 0, 126, 6, 153]
1546589395866;[171, 0, 17, 255, 161, 72, 70, 209, 164, 0, 1, 8, 0, 0, 150, 1, 0, 166, 6, 167]
1546589395869;[171, 0, 17, 255, 161, 72, 70, 209, 164, 0, 0, 123, 0, 0, 101, 1, 0, 140, 6, 178]
1546589396038;[171, 0, 17, 255, 161, 72, 70, 209, 164, 0, 0, 228, 0, 0, 132, 1, 0, 176, 6, 203]
1546589396042;[171, 0, 17, 255, 161, 72, 70, 209, 164, 0, 0, 127, 0, 0, 102, 1, 0, 126, 6, 194]
1546589396211;[171, 0, 17, 255, 161, 72, 70, 209, 165, 0, 0, 181, 0, 0, 104, 1, 0, 180, 6, 218]
1546589396215;[171, 0, 17, 255, 161, 72, 70, 209, 165, 0, 0, 123, 0, 0, 100, 1, 0, 131, 6, 217]
1546589396383;[171, 0, 17, 255, 161, 72, 70, 209, 165, 0, 0, 204, 0, 0, 118, 1, 0, 178, 6, 226]
1546589396731;[171, 0, 17, 255, 161, 72, 70, 209, 165, 0, 0, 133, 0, 0, 107, 1, 0, 115, 6, 233]
1546589396735;[171, 0, 17, 255, 161, 72, 70, 209, 165, 0, 0, 175, 0, 0, 98, 1, 0, 178, 6, 245]
1546589396739;[171, 0, 4, 255, 132, 128, 79]
1546589396745;[171, 0, 17, 255, 161, 72, 70, 209, 165, 0, 0, 161, 0, 0, 123, 1, 0, 118, 6, 250]
