1546498720323;[171, 0, 17, 255, 161, 72, 68, 189, 202, 0, 0, 127, 1, 0, 40, 1, 0, 218, 5, 32]
1546498720497;[171, 0, 17, 255, 161, 72, 68, 189, 202, 0, 0, 120, 1, 0, 38, 1, 0, 220, 5, 62]
1546498720501;[171, 0, 17, 255, 161, 72, 68, 189, 202, 0, 0, 132, 1, 0, 39, 1, 0, 218, 5, 72]
1546498720505;[171, 0, 17, 255, 161, 72, 68, 189, 202, 0, 0, 131, 1, 0, 38, 1, 0, 219, 5, 59]
1546498720668;[171, 0, 17, 255, 161, 72, 68, 189, 202, 0, 0, 126, 1, 0, 35, 1, 0, 219, 5, 37]
1546498720672;[171, 0, 17, 255, 161, 72, 68, 189, 203, 0, 0, 138, 1, 0, 40, 1, 0, 217, 4, 104]
1546498721189;[171, 0, 17, 255, 161, 72, 68, 189, 203, 0, 0, 132, 1, 0, 37, 1, 0, 217, 3, 252]
1546498721193;[171, 0, 17, 255, 161, 72, 68, 189, 203, 0, 0, 124, 1, 0, 38, 1, 0, 219, 3, 123]
1546498721197;[171, 0, 4, 255, 132, 128, 79]
1546498721201;[171, 0, 17, 255, 161, 72, 68, 189, 203, 0, 0, 135, 1, 0, 37, 1, 0, 214, 3, 31]
1546498721360;[171, 0, 17, 255, 161, 72, 68, 189, 203, 0, 0, 128, 1, 0, 38, 1, 0, 220, 2, 180]
1546498721364;[171, 0, 17, 255, 161, 72, 68, 189, 203, 0, 0, 128, 1, 0, 39, 1, 0, 219, 2, 45]
1546498721368;[171, 0, 17, 255, 161, 72, 68, 189, 203, 0, 0, 135, 1, 0, 39, 1, 0, 214, 1, 232]
1546498721529;[171, 0, 17, 255, 161, 72, 68, 189, 203, 0, 0, 135, 1, 0, 35, 1, 0, 219, 1, 99]
1546498721703;[171, 0, 17, 255, 161, 72, 68, 189, 203, 0, 0, 123, 1, 0, 41, 1, 0, 217, 1, 131]
1546498721707;[171, 0, 17, 255, 161, 72, 68, 189, 203, 0, 0, 139, 1, 0, 35, 1, 0, 219, 1, 106]
1546498721876;[171, 0, 17, 255, 161, 72, 68, 189, 204, 0, 0, 133, 1, 0, 39, 1, 0, 217, 1, 32]
1546498721880;[171, 0, 17, 255, 161, 72, 68, 189, 204, 0, 0, 129, 1, 0, 38, 1, 0, 217, 0, 254]
1546498722049;[171, 0, 17, 255, 161, 72, 68, 189, 204, 0, 0, 138, 1, 0, 38, 1, 0, 217, 16, 170]
1546498722396;[171, 0, 4, 255, 132, 128, 78]
1546498722400;[171, 0, 17, 255, 161, 72, 68, 189, 204, 0, 0, 132, 1, 0, 35, 1, 0, 219, 7, 154]
1546498722404;[171, 0, 17, 255, 161, 72, 68, 189, 204, 0, 0, 132, 1, 0, 40, 1, 0, 214, 7, 228]
1546498722408;[171, 0, 17, 255, 161, 72, 68, 189, 204, 0, 0, 137, 1, 0, 39, 1, 0, 219, 8, 108]
1546498722566;[171, 0, 17, 255, 161, 72, 68, 189, 204, 0, 0, 129, 1, 0, 38, 1, 0, 219, 9, 26]
1546498722569;[171, 0, 17, 255, 161, 72, 68, 189, 204, 0, 0, 129, 1, 0, 40, 1, 0, 219, 9, 141]
1546498722738;[171, 0, 17, 255, 161, 72, 68, 189, 204, 0, 0, 129, 1, 0, 40, 1, 0, 219, 9, 242]
1546498722911;[171, 0, 17, 255, 161, 72, 68, 189, 204, 0, 0, 129, 1, 0, 37, 1, 0, 220, 10, 128]
1546498722915;[171, 0, 17, 255, 161, 72, 68, 189, 205, 0, 0, 131, 1, 0, 37, 1, 0, 220, 11, 32]
1546498723082;[171, 0, 17, 255, 161, 72, 68, 189, 205, 0, 0, 132, 1, 0, 40, 1, 0, 219, 11, 15]
1546498723087;[171, 0, 17, 255, 161, 72, 68, 189, 205, 0, 0, 128, 1, 0, 40, 1, 0, 217, 10, 116]
1546498723255;[171, 0, 4, 255, 132, 128, 79]
1546498723259;[171, 0, 17, 255, 161, 72, 68, 189, 205, 0, 0, 123, 1, 0, 39, 1, 0, 220, 10, 244]
1546498723602;[171, 0, 17, 255, 161, 72, 68, 189, 205, 0, 0, 129, 1, 0, 39, 1, 0, 218, 11, 180]
1546498723606;[171, 0, 17, 255, 161, 72, 68, 189, 205, 0, 0, 128, 1, 0, 39, 1, 0, 218, 12, 74]
1546498723610;[171, 0, 17, 255, 161, 72, 68, 189, 205, 0, 0, 126, 1, 0, 40, 1, 0, 216, 12, 224]
1546498723773;[171, 0, 17, 255, 161, 72, 68, 189, 205, 0, 0, 128, 1, 0, 39, 1, 0, 219, 13, 50]
1546498723777;[171, 0, 17, 255, 161, 72, 68, 189, 205, 0, 0, 129, 1, 0, 39, 1, 0, 219, 13, 95]
1546498723945;[171, 0, 17, 255, 161, 72, 68, 189, 205, 0, 0, 129, 1, 0, 40, 1, 0, 217, 13, 109]
1546498724120;[171, 0, 17, 255, 161, 72, 68, 189, 206, 0, 0, 134, 1, 0, 39, 1, 0, 219, 14, 125]
1546498724124;[171, 0, 17, 255, 161, 72, 68, 189, 206, 0, 0, 126, 1, 0, 40, 1, 0, 219, 31, 238]
1546498724288;[171, 0, 17, 255, 161, 72, 68, 189, 206, 0, 0, 127, 1, 0, 40, 1, 0, 218, 8, 170]
1546498724292;[171, 0, 4, 255, 132, 128, 79]
1546498724466;[171, 0, 17, 255, 161, 72, 68, 189, 206, 0, 0, 133, 1, 0, 39, 1, 0, 219, 9, 99]
1546498724471;[171, 0, 17, 255, 161, 72, 68, 189, 206, 0, 0, 117, 1, 0, 41, 1, 0, 219, 9, 208]
1546498724636;[171, 0, 17, 255, 161, 72, 68, 189, 206, 0, 0, 134, 1, 0, 40, 1, 0, 220, 10, 14]
1546498724982;[171, 0, 17, 255, 161, 72, 68, 189, 206, 0, 0, 127, 1, 0, 40, 1, 0, 216, 10, 72]
1546498724987;[171, 0, 17, 255, 161, 72, 68, 189, 206, 0, 0, 128, 1, 0, 39, 1, 0, 219, 10, 178]
1546498724991;[171, 0, 17, 255, 161, 72, 68, 189, 206, 0, 0, 126, 1, 0, 39, 1, 0, 219, 11, 118]
1546498724995;[171, 0, 17, 255, 161, 72, 68, 189, 206, 0, 0, 130, 1, 0, 39, 1, 0, 220, 11, 205]
1546498725153;[171, 0, 17, 255, 161, 72, 68, 189, 207, 0, 0, 120, 1, 0, 43, 1, 0, 219, 11, 236]
1546498725326;[171, 0, 17, 255, 161, 72, 68, 189, 207, 0, 0, 134, 1, 0, 41, 1, 0, 216, 11, 234]
1546498725329;[171, 0, 17, 255, 161, 72, 68, 189, 207, 0, 0, 133, 1, 0, 35, 1, 0, 220, 11, 177]
1546498725498;[171, 0, 4, 255, 132, 128, 80]
1546498725502;[171, 0, 17, 255, 161, 72, 68, 189, 207, 0, 0, 126, 1, 0, 40, 1, 0, 219, 11, 90]
1546498725671;[171, 0, 17, 255, 161, 72, 68, 189, 207, 0, 0, 126, 1, 0, 39, 1, 0, 220, 9, 246]
1546498725675;[171, 0, 17, 255, 161, 72, 68, 189, 207, 0, 0, 141, 1, 0, 41, 1, 0, 219, 8, 197]
1546498725842;[171, 0, 17, 255, 161, 72, 68, 189, 207, 0, 0, 126, 1, 0, 40, 1, 0, 219, 8, 26]
1546498726190;[171, 0, 17, 255, 161, 72, 68, 189, 207, 0, 0, 104, 1, 0, 40, 1, 0, 229, 8, 112]
1546498726194;[171, 0, 17, 255, 161, 72, 68, 189, 207, 0, 0, 99, 1, 0, 35, 1, 0, 231, 8, 64]
1546498726198;[171, 0, 17, 255, 161, 72, 68, 189, 207, 0, 0, 78, 1, 0, 35, 1, 0, 247, 7, 235]
1546498726202;[171, 0, 17, 255, 161, 72, 68, 189, 208, 0, 0, 59, 1, 0, 41, 1, 0, 236, 7, 102]
1546498726361;[171, 0, 17, 255, 161, 72, 68, 189, 208, 0, 0, 61, 1, 0, 43, 1, 0, 247, 7, 19]
1546498726364;[171, 0, 17, 255, 161, 72, 68, 189, 208, 0, 0, 43, 1, 0, 43, 1, 0, 238, 7, 105]
1546498726532;[171, 0, 4, 255, 132, 128, 79]
1546498726705;[171, 0, 17, 255, 161, 72, 68, 189, 208, 0, 0, 55, 1, 0, 35, 1, 1, 0, 7, 252]
1546498726709;[171, 0, 17, 255, 161, 72, 68, 189, 208, 0, 0, 53, 1, 0, 37, 1, 0, 245, 8, 54]
1546498726879;[171, 0, 17, 255, 161, 72, 68, 189, 208, 0, 0, 27, 1, 0, 39, 1, 0, 246, 8, 40]
1546498726883;[171, 0, 17, 255, 161, 72, 68, 189, 208, 0, 0, 27, 1, 0, 39, 1, 0, 250, 7, 228]
1546498727050;[171, 0, 17, 255, 161, 72, 68, 189, 208, 0, 0, 31, 1, 0, 40, 1, 0, 252, 7, 158]
1546498727224;[171, 0, 17, 255, 161, 72, 68, 189, 208, 0, 0, 24, 1, 0, 40, 1, 0, 251, 7, 58]
1546498727228;[171, 0, 17, 255, 161, 72, 68, 189, 208, 0, 0, 27, 1, 0, 41, 1, 0, 251, 7, 27]
1546498727570;[171, 0, 17, 255, 161, 72, 68, 189, 209, 0, 0, 29, 1, 0, 44, 1, 0, 254, 7, 47]
1546498727574;[171, 0, 17, 255, 161, 72, 68, 189, 209, 0, 0, 19, 1, 0, 44, 1, 0, 251, 6, 220]
1546498727579;[171, 0, 17, 255, 161, 72, 68, 189, 209, 0, 0, 26, 1, 0, 41, 1, 0, 251, 6, 144]
1546498727583;[171, 0, 4, 255, 132, 128, 79]
1546498727742;[171, 0, 17, 255, 161, 72, 68, 189, 209, 0, 0, 23, 1, 0, 40, 1, 0, 250, 6, 58]
1546498727914;[171, 0, 17, 255, 161, 72, 68, 189, 209, 0, 0, 24, 1, 0, 43, 1, 0, 247, 5, 197]
1546498727918;[171, 0, 17, 255, 161, 72, 68, 189, 209, 0, 0, 27, 1, 0, 40, 1, 0, 250, 5, 95]
1546498728086;[171, 0, 17, 255, 161, 72, 68, 189, 209, 0, 0, 25, 1, 0, 48, 1, 0, 252, 4, 251]
1546498728090;[171, 0, 17, 255, 161, 72, 68, 189, 209, 0, 0, 23, 1, 0, 44, 1, 0, 253, 5, 1]
1546498728258;[171, 0, 17, 255, 161, 72, 68, 189, 209, 0, 0, 24, 1, 0, 41, 1, 0, 251, 4, 234]
1546498728263;[171, 0, 17, 255, 161, 72, 68, 189, 209, 0, 0, 23, 1, 0, 46, 1, 0, 249, 4, 179]
1546498728430;[171, 0, 17, 255, 161, 72, 68, 189, 210, 0, 0, 18, 1, 0, 49, 1, 0, 250, 4, 112]
1546498728777;[171, 0, 17, 255, 161, 72, 68, 189, 210, 0, 0, 21, 1, 0, 46, 1, 0, 253, 4, 22]
1546498728781;[171, 0, 17, 255, 161, 72, 68, 189, 212, 0, 0, 63, 1, 0, 64, 1, 0, 235, 7, 234]
1546498728785;[171, 0, 17, 255, 161, 72, 68, 189, 212, 0, 0, 64, 1, 0, 65, 1, 0, 235, 8, 17]
1546498729121;[171, 0, 17, 255, 161, 72, 68, 189, 212, 0, 0, 61, 1, 0, 67, 1, 0, 234, 8, 18]
1546498729125;[171, 0, 17, 255, 161, 72, 68, 189, 212, 0, 0, 65, 1, 0, 64, 1, 0, 237, 8, 18]
1546498729293;[171, 0, 17, 255, 161, 72, 68, 189, 212, 0, 0, 59, 1, 0, 64, 1, 0, 237, 8, 48]
1546498729297;[171, 0, 17, 255, 161, 72, 68, 189, 212, 0, 0, 59, 1, 0, 62, 1, 0, 238, 8, 83]
1546498729471;[171, 0, 17, 255, 161, 72, 68, 189, 212, 0, 0, 54, 1, 0, 64, 1, 0, 235, 8, 213]
1546498729474;[171, 0, 17, 255, 161, 72, 68, 189, 213, 0, 0, 56, 1, 0, 62, 1, 0, 244, 8, 230]
1546498729639;[171, 0, 17, 255, 161, 72, 68, 189, 213, 0, 0, 55, 1, 0, 65, 1, 0, 237, 8, 231]
1546498730158;[171, 0, 17, 255, 161, 72, 68, 189, 213, 0, 0, 58, 1, 0, 66, 1, 0, 234, 8, 227]
1546498730162;[171, 0, 4, 255, 132, 128, 78]
1546498730167;[171, 0, 17, 255, 161, 72, 68, 189, 213, 0, 0, 58, 1, 0, 62, 1, 0, 237, 8, 210]
1546498730171;[171, 0, 17, 255, 161, 72, 68, 189, 213, 0, 0, 59, 1, 0, 64, 1, 0, 240, 8, 173]
1546498730330;[171, 0, 17, 255, 161, 72, 68, 189, 213, 0, 0, 55, 1, 0, 64, 1, 0, 235, 8, 146]
1546498730334;[171, 0, 17, 255, 161, 72, 68, 189, 213, 0, 0, 58, 1, 0, 64, 1, 0, 242, 8, 232]
1546498730338;[171, 0, 17, 255, 161, 72, 68, 189, 213, 0, 0, 50, 1, 0, 62, 1, 0, 236, 9, 139]
1546498730502;[171, 0, 17, 255, 161, 72, 68, 189, 213, 0, 0, 57, 1, 0, 64, 1, 0, 241, 9, 196]
1546498730506;[171, 0, 17, 255, 161, 72, 68, 189, 213, 0, 0, 52, 1, 0, 65, 1, 0, 237, 9, 215]
1546498730674;[171, 0, 17, 255, 161, 72, 68, 189, 214, 0, 0, 55, 1, 0, 64, 1, 0, 232, 9, 219]
1546498730678;[171, 0, 17, 255, 161, 72, 68, 189, 214, 0, 0, 58, 1, 0, 60, 1, 0, 240, 9, 190]
1546498730845;[171, 0, 17, 255, 161, 72, 68, 189, 214, 0, 0, 59, 1, 0, 64, 1, 0, 239, 9, 149]
1546498731019;[171, 0, 4, 255, 132, 128, 77]
1546498731023;[171, 0, 17, 255, 161, 72, 68, 189, 214, 0, 0, 63, 1, 0, 64, 1, 0, 238, 9, 80]
1546498731364;[171, 0, 17, 255, 161, 72, 68, 189, 214, 0, 0, 63, 1, 0, 64, 1, 0, 235, 9, 158]
1546498731368;[171, 0, 17, 255, 161, 72, 68, 189, 214, 0, 0, 73, 1, 0, 62, 1, 0, 236, 10, 88]
1546498731372;[171, 0, 17, 255, 161, 72, 68, 189, 214, 0, 0, 63, 1, 0, 65, 1, 0, 234, 10, 185]
1546498731537;[171, 0, 17, 255, 161, 72, 68, 189, 214, 0, 0, 77, 1, 0, 59, 1, 0, 235, 10, 179]
1546498731541;[171, 0, 17, 255, 161, 72, 68, 189, 214, 0, 0, 63, 1, 0, 61, 1, 0, 240, 10, 81]
1546498733739;[171, 0, 17, 255, 161, 72, 68, 189, 214, 0, 0, 61, 1, 0, 62, 1, 0, 237, 10, 10]
1546498733741;[171, 0, 17, 255, 161, 72, 68, 189, 215, 0, 0, 44, 1, 0, 65, 1, 0, 232, 9, 197]
1546498733742;[171, 0, 17, 255, 161, 72, 68, 189, 215, 0, 0, 52, 1, 0, 65, 1, 0, 236, 9, 149]
1546498733744;[171, 0, 17, 255, 161, 72, 68, 189, 215, 0, 0, 64, 1, 0, 60, 1, 0, 240, 10, 48]
1546498733745;[171, 0, 4, 255, 132, 128, 77]
1546498733748;[171, 0, 17, 255, 161, 72, 68, 189, 215, 0, 0, 71, 1, 0, 65, 1, 0, 238, 10, 188]
1546498733749;[171, 0, 17, 255, 161, 72, 68, 189, 215, 0, 0, 76, 1, 0, 65, 1, 0, 237, 10, 201]
1546498733754;[171, 0, 17, 255, 161, 72, 68, 189, 215, 0, 0, 76, 1, 0, 66, 1, 0, 233, 10, 176]
1546498733755;[171, 0, 17, 255, 161, 72, 68, 189, 215, 0, 0, 64, 1, 0, 65, 1, 0, 234, 10, 136]
1546498733757;[171, 0, 17, 255, 161, 72, 68, 189, 215, 0, 0, 76, 1, 0, 65, 1, 0, 234, 10, 88]
1546498733758;[171, 0, 17, 255, 161, 72, 68, 189, 215, 0, 0, 76, 1, 0, 64, 1, 0, 234, 10, 78]
1546498733760;[171, 0, 17, 255, 161, 72, 68, 189, 215, 0, 0, 64, 1, 0, 63, 1, 0, 234, 10, 82]
1546498733761;[171, 0, 17, 255, 161, 72, 68, 189, 216, 0, 0, 67, 1, 0, 66, 1, 0, 234, 10, 245]
1546498733764;[171, 0, 17, 255, 161, 72, 68, 189, 216, 0, 0, 72, 1, 0, 64, 1, 0, 236, 11, 63]
1546498733765;[171, 0, 17, 255, 161, 72, 68, 189, 216, 0, 0, 67, 1, 0, 66, 1, 0, 229, 11, 88]
1546498733767;[171, 0, 4, 255, 132, 128, 77]
1546498733770;[171, 0, 17, 255, 161, 72, 68, 189, 216, 0, 0, 66, 1, 0, 62, 1, 0, 237, 11, 25]
1546498733772;[171, 0, 17, 255, 161, 72, 68, 189, 216, 0, 0, 64, 1, 0, 60, 1, 0, 247, 10, 152]
1546498733776;[171, 0, 17, 255, 161, 72, 68, 189, 216, 0, 0, 55, 1, 0, 61, 1, 0, 239, 10, 20]
1546498733778;[171, 0, 17, 255, 161, 72, 68, 189, 216, 0, 0, 57, 1, 0, 60, 1, 0, 240, 9, 213]
1546498733780;[171, 0, 17, 255, 161, 72, 68, 189, 216, 0, 0, 66, 1, 0, 59, 1, 0, 237, 10, 131]
1546498733953;[171, 0, 17, 255, 161, 72, 68, 189, 216, 0, 0, 59, 1, 0, 62, 1, 0, 234, 11, 24]
1546498733957;[171, 0, 17, 255, 161, 72, 68, 189, 216, 0, 0, 78, 1, 0, 62, 1, 0, 236, 11, 83]
1546498733961;[171, 0, 17, 255, 161, 72, 68, 189, 217, 0, 0, 67, 1, 0, 59, 1, 0, 235, 11, 156]
1546498734124;[171, 0, 17, 255, 161, 72, 68, 189, 217, 0, 0, 71, 1, 0, 60, 1, 0, 232, 11, 194]
1546498734128;[171, 0, 17, 255, 161, 72, 68, 189, 217, 0, 0, 80, 1, 0, 60, 1, 0, 234, 11, 171]
1546498734296;[171, 0, 4, 255, 132, 128, 78]
1546498734300;[171, 0, 17, 255, 161, 72, 68, 189, 217, 0, 0, 83, 1, 0, 60, 1, 0, 235, 11, 13]
1546498734471;[171, 0, 17, 255, 161, 72, 68, 189, 217, 0, 0, 81, 1, 0, 56, 1, 0, 237, 11, 54]
1546498734476;[171, 0, 17, 255, 161, 72, 68, 189, 217, 0, 0, 58, 1, 0, 56, 1, 0, 240, 11, 24]
1546498734641;[171, 0, 17, 255, 161, 72, 68, 189, 217, 0, 0, 64, 1, 0, 59, 1, 0, 240, 11, 9]
1546498734814;[171, 0, 17, 255, 161, 72, 68, 189, 217, 0, 0, 63, 1, 0, 64, 1, 0, 240, 11, 70]
1546498734818;[171, 0, 17, 255, 161, 72, 68, 189, 217, 0, 0, 55, 1, 0, 65, 1, 0, 233, 11, 104]
1546498735161;[171, 0, 17, 255, 161, 72, 68, 189, 217, 0, 0, 77, 1, 0, 62, 1, 0, 240, 11, 142]
1546498735165;[171, 0, 17, 255, 161, 72, 68, 189, 218, 0, 0, 71, 1, 0, 58, 1, 0, 234, 11, 162]
1546498735169;[171, 0, 17, 255, 161, 72, 68, 189, 218, 0, 0, 72, 1, 0, 59, 1, 0, 235, 12, 10]
1546498735173;[171, 0, 17, 255, 161, 72, 68, 189, 218, 0, 0, 84, 1, 0, 57, 1, 0, 237, 12, 234]
1546498735330;[171, 0, 4, 255, 132, 128, 77]
1546498735503;[171, 0, 17, 255, 161, 72, 68, 189, 218, 0, 0, 78, 1, 0, 53, 1, 0, 238, 13, 65]
1546498735507;[171, 0, 17, 255, 161, 72, 68, 189, 218, 0, 0, 72, 1, 0, 60, 1, 0, 229, 13, 30]
1546498735675;[171, 0, 17, 255, 161, 72, 68, 189, 218, 0, 0, 67, 1, 0, 58, 1, 0, 235, 12, 250]
1546498735679;[171, 0, 17, 255, 161, 72, 68, 189, 218, 0, 0, 65, 1, 0, 60, 1, 0, 233, 12, 228]
1546498735848;[171, 0, 17, 255, 161, 72, 68, 189, 218, 0, 0, 67, 1, 0, 56, 1, 0, 235, 12, 194]
1546498736022;[171, 0, 17, 255, 161, 72, 68, 189, 218, 0, 0, 65, 1, 0, 62, 1, 0, 232, 12, 141]
1546498736025;[171, 0, 17, 255, 161, 72, 68, 189, 218, 0, 0, 65, 1, 0, 59, 1, 0, 238, 13, 6]
1546498736193;[171, 0, 17, 255, 161, 72, 68, 189, 219, 0, 0, 76, 1, 0, 59, 1, 0, 236, 13, 91]
1546498736197;[171, 0, 17, 255, 161, 72, 68, 189, 219, 0, 0, 101, 1, 0, 61, 1, 0, 232, 13, 63]
1546498736541;[171, 0, 17, 255, 161, 72, 68, 189, 219, 0, 0, 71, 1, 0, 59, 1, 0, 232, 13, 54]
1546498736545;[171, 0, 4, 255, 132, 128, 77]
1546498736549;[171, 0, 17, 255, 161, 72, 68, 189, 219, 0, 0, 80, 1, 0, 60, 1, 0, 237, 13, 43]
1546498736710;[171, 0, 17, 255, 161, 72, 68, 189, 219, 0, 0, 84, 1, 0, 56, 1, 0, 232, 13, 17]
1546498736714;[171, 0, 17, 255, 161, 72, 68, 189, 219, 0, 0, 83, 1, 0, 60, 1, 0, 230, 12, 247]
1546498736885;[171, 0, 17, 255, 161, 72, 68, 189, 219, 0, 0, 80, 1, 0, 62, 1, 0, 230, 12, 208]
1546498736889;[171, 0, 17, 255, 161, 72, 68, 189, 219, 0, 0, 86, 1, 0, 56, 1, 0, 233, 13, 54]
1546498737056;[171, 0, 17, 255, 161, 72, 68, 189, 219, 0, 0, 63, 1, 0, 62, 1, 0, 230, 13, 64]
1546498737060;[171, 0, 17, 255, 161, 72, 68, 189, 219, 0, 0, 83, 1, 0, 59, 1, 0, 230, 13, 44]
1546498737228;[171, 0, 17, 255, 161, 72, 68, 189, 220, 0, 0, 84, 1, 0, 59, 1, 0, 232, 13, 59]
1546498737401;[171, 0, 17, 255, 161, 72, 68, 189, 220, 0, 0, 87, 1, 0, 58, 1, 0, 234, 13, 24]
1546498737405;[171, 0, 17, 255, 161, 72, 68, 189, 220, 0, 0, 91, 1, 0, 53, 1, 0, 230, 12, 196]
1546498737747;[171, 0, 4, 255, 132, 128, 78]
1546498737751;[171, 0, 17, 255, 161, 72, 68, 189, 220, 0, 0, 101, 1, 0, 58, 1, 0, 228, 12, 111]
1546498737755;[171, 0, 17, 255, 161, 72, 68, 189, 220, 0, 0, 86, 1, 0, 56, 1, 0, 230, 12, 111]
1546498737920;[171, 0, 17, 255, 161, 72, 68, 189, 220, 0, 0, 101, 1, 0, 56, 1, 0, 234, 12, 247]
1546498737926;[171, 0, 17, 255, 161, 72, 68, 189, 220, 0, 0, 83, 1, 0, 60, 1, 0, 228, 12, 251]
1546498738090;[171, 0, 17, 255, 161, 72, 68, 189, 220, 0, 0, 91, 1, 0, 60, 1, 0, 228, 12, 237]
1546498738094;[171, 0, 17, 255, 161, 72, 68, 189, 220, 0, 0, 101, 1, 0, 52, 1, 0, 230, 12, 212]
1546498738263;[171, 0, 17, 255, 161, 72, 68, 189, 220, 0, 0, 101, 1, 0, 59, 1, 0, 232, 12, 160]
1546498738267;[171, 0, 17, 255, 161, 72, 68, 189, 221, 0, 0, 86, 1, 0, 60, 1, 0, 228, 12, 100]
1546498738436;[171, 0, 17, 255, 161, 72, 68, 189, 221, 0, 0, 77, 1, 0, 60, 1, 0, 228, 12, 36]
1546498738609;[171, 0, 17, 255, 161, 72, 68, 189, 221, 0, 0, 91, 1, 0, 58, 1, 0, 229, 12, 180]
1546498738613;[171, 0, 4, 255, 132, 128, 79]
1546498738953;[171, 0, 17, 255, 161, 72, 68, 189, 221, 0, 0, 98, 1, 0, 53, 1, 0, 232, 12, 222]
1546498738958;[171, 0, 17, 255, 161, 72, 68, 189, 221, 0, 0, 83, 1, 0, 53, 1, 0, 229, 12, 158]
1546498738962;[171, 0, 17, 255, 161, 72, 68, 189, 221, 0, 0, 98, 1, 0, 53, 1, 0, 229, 12, 121]
1546498739126;[171, 0, 17, 255, 161, 72, 68, 189, 221, 0, 0, 91, 1, 0, 53, 1, 0, 230, 12, 73]
1546498739131;[171, 0, 17, 255, 161, 72, 68, 189, 221, 0, 0, 99, 1, 0, 55, 1, 0, 228, 12, 40]
1546498739299;[171, 0, 17, 255, 161, 72, 68, 189, 221, 0, 0, 91, 1, 0, 56, 1, 0, 229, 12, 0]
1546498739303;[171, 0, 17, 255, 161, 72, 68, 189, 221, 0, 0, 80, 1, 0, 56, 1, 0, 235, 12, 48]
1546498739470;[171, 0, 17, 255, 161, 72, 68, 189, 222, 0, 0, 77, 1, 0, 59, 1, 0, 229, 12, 159]
1546498739476;[171, 0, 17, 255, 161, 72, 68, 189, 222, 0, 0, 84, 1, 0, 60, 1, 0, 232, 12, 180]
1546498739643;[171, 0, 17, 255, 161, 72, 68, 189, 222, 0, 0, 85, 1, 0, 59, 1, 0, 230, 12, 193]
1546498739815;[171, 0, 4, 255, 132, 128, 79]
1546498739820;[171, 0, 17, 255, 161, 72, 68, 189, 222, 0, 0, 87, 1, 0, 56, 1, 0, 232, 12, 176]
1546498739988;[171, 0, 17, 255, 161, 72, 68, 189, 222, 0, 0, 84, 1, 0, 60, 1, 0, 230, 12, 135]
1546498739992;[171, 0, 17, 255, 161, 72, 68, 189, 222, 0, 0, 87, 1, 0, 59, 1, 0, 230, 12, 63]
1546498740334;[171, 0, 17, 255, 161, 72, 68, 189, 222, 0, 0, 84, 1, 0, 56, 1, 0, 230, 12, 18]
1546498740338;[171, 0, 17, 255, 161, 72, 68, 189, 222, 0, 0, 86, 1, 0, 59, 1, 0, 232, 12, 120]
1546498740342;[171, 0, 17, 255, 161, 72, 68, 189, 222, 0, 0, 84, 1, 0, 64, 1, 0, 229, 12, 136]
1546498740505;[171, 0, 17, 255, 161, 72, 68, 189, 222, 0, 0, 84, 1, 0, 60, 1, 0, 230, 12, 109]
1546498740509;[171, 0, 17, 255, 161, 72, 68, 189, 223, 0, 0, 86, 1, 0, 60, 1, 0, 232, 12, 80]
1546498740679;[171, 0, 17, 255, 161, 72, 68, 189, 223, 0, 0, 86, 1, 0, 59, 1, 0, 230, 12, 6]
1546498740683;[171, 0, 17, 255, 161, 72, 68, 189, 223, 0, 0, 85, 1, 0, 60, 1, 0, 230, 11, 183]
1546498740849;[171, 0, 4, 255, 132, 128, 79]
1546498741024;[171, 0, 17, 255, 161, 72, 68, 189, 223, 0, 0, 91, 1, 0, 56, 1, 0, 230, 11, 62]
1546498741028;[171, 0, 17, 255, 161, 72, 68, 189, 223, 0, 0, 87, 1, 0, 58, 1, 0, 229, 11, 62]
1546498741195;[171, 0, 17, 255, 161, 72, 68, 189, 223, 0, 0, 101, 1, 0, 56, 1, 0, 229, 11, 120]
1546498741199;[171, 0, 17, 255, 161, 72, 68, 189, 223, 0, 0, 103, 1, 0, 56, 1, 0, 227, 11, 70]
1546498741541;[171, 0, 17, 255, 161, 72, 68, 189, 223, 0, 0, 101, 1, 0, 59, 1, 0, 226, 11, 40]
1546498741545;[171, 0, 17, 255, 161, 72, 68, 189, 223, 0, 0, 101, 1, 0, 53, 1, 0, 229, 10, 244]
1546498741550;[171, 0, 17, 255, 161, 72, 68, 189, 223, 0, 0, 101, 1, 0, 56, 1, 0, 229, 10, 140]
1546498741713;[171, 0, 17, 255, 161, 72, 68, 189, 224, 0, 0, 98, 1, 0, 56, 1, 0, 228, 10, 48]
1546498741716;[171, 0, 17, 255, 161, 72, 68, 189, 224, 0, 0, 103, 1, 0, 55, 1, 0, 230, 9, 205]
1546498741887;[171, 0, 17, 255, 161, 72, 68, 189, 224, 0, 0, 99, 1, 0, 60, 1, 0, 228, 9, 243]
1546498741890;[171, 0, 4, 255, 132, 128, 78]
1546498742060;[171, 0, 17, 255, 161, 72, 68, 189, 224, 0, 0, 99, 1, 0, 56, 1, 0, 228, 9, 246]
1546498742064;[171, 0, 17, 255, 161, 72, 68, 189, 224, 0, 0, 99, 1, 0, 59, 1, 0, 228, 9, 187]
1546498742232;[171, 0, 17, 255, 161, 72, 68, 189, 224, 0, 0, 99, 1, 0, 59, 1, 0, 229, 9, 145]
1546498742404;[171, 0, 17, 255, 161, 72, 68, 189, 224, 0, 0, 99, 1, 0, 59, 1, 0, 228, 9, 85]
1546498742408;[171, 0, 17, 255, 161, 72, 68, 189, 224, 0, 0, 101, 1, 0, 60, 1, 0, 228, 9, 25]
1546498742575;[171, 0, 17, 255, 161, 72, 68, 189, 224, 0, 0, 98, 1, 0, 58, 1, 0, 228, 8, 213]
1546498742579;[171, 0, 17, 255, 161, 72, 68, 189, 224, 0, 0, 101, 1, 0, 59, 1, 0, 228, 8, 179]
1546498742922;[171, 0, 17, 255, 161, 72, 68, 189, 225, 0, 0, 101, 1, 0, 60, 1, 0, 228, 9, 25]
1546498742927;[171, 0, 17, 255, 161, 72, 68, 189, 225, 0, 0, 101, 1, 0, 59, 1, 0, 228, 9, 35]
1546498742931;[171, 0, 17, 255, 161, 72, 68, 189, 225, 0, 0, 99, 1, 0, 58, 1, 0, 229, 9, 25]
1546498743093;[171, 0, 4, 255, 132, 128, 78]
1546498743097;[171, 0, 17, 255, 161, 72, 68, 189, 225, 0, 0, 99, 1, 0, 56, 1, 0, 229, 9, 35]
1546498743266;[171, 0, 17, 255, 161, 72, 68, 189, 225, 0, 0, 106, 1, 0, 58, 1, 0, 229, 9, 11]
1546498743270;[171, 0, 17, 255, 161, 72, 68, 189, 225, 0, 0, 106, 1, 0, 55, 1, 0, 228, 8, 234]
1546498743440;[171, 0, 17, 255, 161, 72, 68, 189, 225, 0, 0, 106, 1, 0, 56, 1, 0, 228, 8, 206]
1546498743611;[171, 0, 17, 255, 161, 72, 68, 189, 225, 0, 0, 108, 1, 0, 55, 1, 0, 228, 9, 85]
1546498743615;[171, 0, 17, 255, 161, 72, 68, 189, 225, 0, 0, 106, 1, 0, 55, 1, 0, 224, 9, 143]
1546498743784;[171, 0, 17, 255, 161, 72, 68, 189, 225, 0, 0, 111, 1, 0, 58, 1, 0, 228, 9, 143]
1546498743788;[171, 0, 17, 255, 161, 72, 68, 189, 226, 0, 0, 97, 1, 0, 58, 1, 0, 224, 9, 163]
1546498744129;[171, 0, 17, 255, 161, 72, 68, 189, 226, 0, 0, 108, 1, 0, 56, 1, 0, 228, 9, 125]
1546498744133;[171, 0, 17, 255, 161, 72, 68, 189, 226, 0, 0, 104, 1, 0, 59, 1, 0, 228, 9, 61]
1546498744137;[171, 0, 4, 255, 132, 128, 78]
1546498744301;[171, 0, 17, 255, 161, 72, 68, 189, 226, 0, 0, 109, 1, 0, 56, 1, 0, 226, 9, 0]
1546498744306;[171, 0, 17, 255, 161, 72, 68, 189, 226, 0, 0, 106, 1, 0, 59, 1, 0, 228, 9, 47]
1546498744475;[171, 0, 17, 255, 161, 72, 68, 189, 226, 0, 0, 101, 1, 0, 59, 1, 0, 228, 9, 131]
1546498744479;[171, 0, 17, 255, 161, 72, 68, 189, 226, 0, 0, 101, 1, 0, 59, 1, 0, 228, 9, 127]
1546498744645;[171, 0, 17, 255, 161, 72, 68, 189, 226, 0, 0, 103, 1, 0, 56, 1, 0, 228, 9, 132]
1546498744820;[171, 0, 17, 255, 161, 72, 68, 189, 226, 0, 0, 99, 1, 0, 59, 1, 0, 228, 9, 120]
1546498744824;[171, 0, 17, 255, 161, 72, 68, 189, 226, 0, 0, 93, 1, 0, 59, 1, 0, 228, 9, 86]
1546498744991;[171, 0, 17, 255, 161, 72, 68, 189, 227, 0, 0, 98, 1, 0, 58, 1, 0, 229, 9, 76]
1546498744995;[171, 0, 17, 255, 161, 72, 68, 189, 227, 0, 0, 108, 1, 0, 49, 1, 0, 229, 9, 58]
1546498745510;[171, 0, 17, 255, 161, 72, 68, 189, 227, 0, 0, 103, 1, 0, 53, 1, 0, 229, 9, 180]
1546498745514;[171, 0, 4, 255, 132, 128, 79]
1546498745518;[171, 0, 17, 255, 161, 72, 68, 189, 227, 0, 0, 93, 1, 0, 46, 1, 0, 229, 10, 29]
1546498745522;[171, 0, 17, 255, 161, 72, 68, 189, 227, 0, 0, 97, 1, 0, 51, 1, 0, 229, 9, 152]
1546498745682;[171, 0, 17, 255, 161, 72, 68, 189, 227, 0, 0, 98, 1, 0, 53, 1, 0, 230, 8, 184]
1546498745686;[171, 0, 17, 255, 161, 72, 68, 189, 227, 0, 0, 99, 1, 0, 51, 1, 0, 230, 8, 35]
1546498745690;[171, 0, 17, 255, 161, 72, 68, 189, 227, 0, 0, 86, 1, 0, 53, 1, 0, 230, 7, 253]
1546498745852;[171, 0, 17, 255, 161, 72, 68, 189, 227, 0, 0, 87, 1, 0, 51, 1, 0, 232, 8, 32]
1546498746025;[171, 0, 17, 255, 161, 72, 68, 189, 227, 0, 0, 91, 1, 0, 47, 1, 0, 230, 8, 59]
1546498746029;[171, 0, 17, 255, 161, 72, 68, 189, 228, 0, 0, 98, 1, 0, 55, 1, 0, 229, 8, 234]
1546498746200;[171, 0, 17, 255, 161, 72, 68, 189, 228, 0, 0, 87, 1, 0, 52, 1, 0, 230, 9, 68]
1546498746204;[171, 0, 17, 255, 161, 72, 68, 189, 228, 0, 0, 101, 1, 0, 53, 1, 0, 229, 9, 123]
1546498746371;[171, 0, 4, 255, 132, 128, 79]
1546498746375;[171, 0, 17, 255, 161, 72, 68, 189, 228, 0, 0, 99, 1, 0, 49, 1, 0, 229, 9, 121]
1546498746718;[171, 0, 17, 255, 161, 72, 68, 189, 228, 0, 0, 101, 1, 0, 53, 1, 0, 230, 9, 26]
1546498746722;[171, 0, 17, 255, 161, 72, 68, 189, 228, 0, 0, 91, 1, 0, 56, 1, 0, 228, 7, 255]
1546498746727;[171, 0, 17, 255, 161, 72, 68, 189, 228, 0, 0, 86, 1, 0, 50, 1, 0, 229, 6, 241]
1546498746888;[171, 0, 17, 255, 161, 72, 68, 189, 228, 0, 0, 93, 1, 0, 56, 1, 0, 232, 6, 222]
1546498746892;[171, 0, 17, 255, 161, 72, 68, 189, 228, 0, 0, 87, 1, 0, 56, 1, 0, 232, 7, 107]
1546498747060;[171, 0, 17, 255, 161, 72, 68, 189, 228, 0, 0, 86, 1, 0, 57, 1, 0, 234, 7, 197]
1546498747064;[171, 0, 17, 255, 161, 72, 68, 189, 229, 0, 0, 86, 1, 0, 61, 1, 0, 230, 7, 253]
1546498747234;[171, 0, 17, 255, 161, 72, 68, 189, 229, 0, 0, 77, 1, 0, 64, 1, 0, 233, 7, 248]
1546498747406;[171, 0, 17, 255, 161, 72, 68, 189, 229, 0, 0, 77, 1, 0, 64, 1, 0, 229, 7, 190]
1546498747410;[171, 0, 4, 255, 132, 128, 79]
1546498747579;[171, 0, 17, 255, 161, 72, 68, 189, 229, 0, 0, 86, 1, 0, 67, 1, 0, 230, 7, 152]
1546498747584;[171, 0, 17, 255, 161, 72, 68, 189, 229, 0, 0, 83, 1, 0, 56, 1, 0, 235, 7, 148]
1546498747924;[171, 0, 17, 255, 161, 72, 68, 189, 229, 0, 0, 87, 1, 0, 61, 1, 0, 228, 8, 51]
1546498747928;[171, 0, 17, 255, 161, 72, 68, 189, 229, 0, 0, 93, 1, 0, 56, 1, 0, 235, 8, 185]
1546498747932;[171, 0, 17, 255, 161, 72, 68, 189, 229, 0, 0, 81, 1, 0, 62, 1, 0, 229, 8, 216]
1546498748096;[171, 0, 17, 255, 161, 72, 68, 189, 229, 0, 0, 99, 1, 0, 56, 1, 0, 235, 8, 245]
1546498748100;[171, 0, 17, 255, 161, 72, 68, 189, 229, 0, 0, 71, 1, 0, 60, 1, 0, 228, 8, 21]
1546498748268;[171, 0, 17, 255, 161, 72, 68, 189, 230, 0, 0, 72, 1, 0, 60, 1, 0, 235, 6, 80]
1546498748272;[171, 0, 17, 255, 161, 72, 68, 189, 230, 0, 0, 76, 1, 0, 58, 1, 0, 238, 6, 80]
1546498748442;[171, 0, 17, 255, 161, 72, 68, 189, 230, 0, 0, 69, 1, 0, 66, 1, 0, 228, 5, 159]
1546498748613;[171, 0, 4, 255, 132, 128, 79]
1546498748617;[171, 0, 17, 255, 161, 72, 68, 189, 230, 0, 0, 75, 1, 0, 61, 1, 0, 234, 5, 217]
1546498748787;[171, 0, 17, 255, 161, 72, 68, 189, 230, 0, 0, 72, 1, 0, 62, 1, 0, 238, 6, 27]
1546498748791;[171, 0, 17, 255, 161, 72, 68, 189, 230, 0, 0, 61, 1, 0, 66, 1, 0, 235, 6, 121]
1546498748959;[171, 0, 17, 255, 161, 72, 68, 189, 230, 0, 0, 58, 1, 0, 64, 1, 0, 235, 6, 236]
1546498748963;[171, 0, 17, 255, 161, 72, 68, 189, 230, 0, 0, 4, 1, 0, 53, 1, 0, 224, 6, 159]
1546498749305;[171, 0, 17, 255, 161, 72, 68, 189, 230, 0, 0, 112, 1, 0, 60, 1, 0, 216, 5, 204]
1546498749309;[171, 0, 17, 255, 161, 72, 68, 189, 230, 0, 0, 113, 1, 0, 65, 1, 0, 201, 4, 194]
1546498749314;[171, 0, 17, 255, 161, 72, 68, 189, 231, 0, 0, 98, 1, 0, 59, 1, 0, 217, 3, 41]
1546498749475;[171, 0, 17, 255, 161, 72, 68, 189, 231, 0, 0, 104, 1, 0, 48, 1, 0, 234, 2, 178]
1546498749479;[171, 0, 17, 255, 161, 72, 68, 189, 231, 0, 0, 103, 1, 0, 43, 1, 0, 230, 3, 4]
1546498749647;[171, 0, 4, 255, 132, 128, 79]
1546498749822;[171, 0, 17, 255, 161, 72, 68, 189, 231, 0, 0, 109, 1, 0, 46, 1, 0, 222, 3, 44]
1546498749826;[171, 0, 17, 255, 161, 72, 68, 189, 231, 0, 0, 111, 1, 0, 44, 1, 0, 229, 3, 25]
1546498749994;[171, 0, 17, 255, 161, 72, 68, 189, 231, 0, 0, 114, 1, 0, 45, 1, 0, 224, 2, 152]
1546498749999;[171, 0, 17, 255, 161, 72, 68, 189, 231, 0, 0, 107, 1, 0, 51, 1, 0, 229, 1, 69]
1546498750166;[171, 0, 17, 255, 161, 72, 68, 189, 231, 0, 0, 114, 1, 0, 48, 1, 0, 213, 16, 54]
1546498750170;[171, 0, 17, 255, 161, 72, 68, 189, 231, 0, 0, 96, 1, 0, 34, 1, 0, 234, 7, 190]
1546498750510;[171, 0, 17, 255, 161, 72, 68, 189, 231, 0, 0, 81, 1, 0, 33, 1, 0, 244, 7, 69]
1546498750517;[171, 0, 17, 255, 161, 72, 68, 189, 232, 0, 0, 108, 1, 0, 34, 1, 0, 228, 7, 108]
1546498750525;[171, 0, 17, 255, 161, 72, 68, 189, 232, 0, 0, 136, 1, 0, 28, 1, 0, 219, 7, 249]
1546498750684;[171, 0, 17, 255, 161, 72, 68, 189, 234, 0, 0, 161, 1, 0, 35, 1, 0, 201, 12, 155]
1546498750856;[171, 0, 17, 255, 161, 72, 68, 189, 234, 0, 0, 161, 1, 0, 34, 1, 0, 201, 12, 168]
1546498751029;[171, 0, 17, 255, 161, 72, 68, 189, 234, 0, 0, 135, 1, 0, 37, 1, 0, 211, 11, 106]
1546498751202;[171, 0, 17, 255, 161, 72, 68, 189, 234, 0, 0, 120, 1, 0, 33, 1, 0, 217, 10, 33]
1546498751206;[171, 0, 17, 255, 161, 72, 68, 189, 234, 0, 0, 150, 1, 0, 34, 1, 0, 213, 9, 67]
1546498751373;[171, 0, 17, 255, 161, 72, 68, 189, 234, 0, 0, 126, 1, 0, 34, 1, 0, 212, 9, 155]
1546498751377;[171, 0, 17, 255, 161, 72, 68, 189, 234, 0, 0, 146, 1, 0, 35, 1, 0, 212, 9, 158]
1546498751545;[171, 0, 17, 255, 161, 72, 68, 189, 235, 0, 0, 139, 1, 0, 35, 1, 0, 211, 8, 246]
1546498751892;[171, 0, 17, 255, 161, 72, 68, 189, 235, 0, 0, 139, 1, 0, 34, 1, 0, 216, 8, 144]
1546498751896;[171, 0, 17, 255, 161, 72, 68, 189, 235, 0, 0, 141, 1, 0, 37, 1, 0, 212, 8, 24]
1546498751900;[171, 0, 4, 255, 132, 128, 77]
1546498751904;[171, 0, 17, 255, 161, 72, 68, 189, 235, 0, 0, 142, 1, 0, 30, 1, 0, 213, 8, 49]
1546498752063;[171, 0, 17, 255, 161, 72, 68, 189, 235, 0, 0, 148, 1, 0, 33, 1, 0, 211, 8, 68]
1546498752067;[171, 0, 17, 255, 161, 72, 68, 189, 235, 0, 0, 147, 1, 0, 33, 1, 0, 211, 8, 79]
1546498752236;[171, 0, 17, 255, 161, 72, 68, 189, 235, 0, 0, 146, 1, 0, 34, 1, 0, 211, 8, 138]
1546498752409;[171, 0, 17, 255, 161, 72, 68, 189, 235, 0, 0, 143, 1, 0, 34, 1, 0, 203, 9, 6]
1546498752413;[171, 0, 17, 255, 161, 72, 68, 189, 235, 0, 0, 145, 1, 0, 33, 1, 0, 211, 9, 32]
1546498752581;[171, 0, 17, 255, 161, 72, 68, 189, 235, 0, 0, 147, 1, 0, 35, 1, 0, 211, 9, 24]
1546498752585;[171, 0, 17, 255, 161, 72, 68, 189, 236, 0, 0, 139, 1, 0, 33, 1, 0, 212, 8, 233]
1546498752753;[171, 0, 17, 255, 161, 72, 68, 189, 236, 0, 0, 141, 1, 0, 33, 1, 0, 212, 8, 213]
1546498753101;[171, 0, 17, 255, 161, 72, 68, 189, 236, 0, 0, 144, 1, 0, 34, 1, 0, 212, 9, 29]
1546498753105;[171, 0, 4, 255, 132, 128, 76]
1546498753109;[171, 0, 17, 255, 161, 72, 68, 189, 236, 0, 0, 146, 1, 0, 33, 1, 0, 212, 9, 52]
1546498753114;[171, 0, 17, 255, 161, 72, 68, 189, 236, 0, 0, 141, 1, 0, 33, 1, 0, 213, 9, 113]
1546498753272;[171, 0, 17, 255, 161, 72, 68, 189, 236, 0, 0, 139, 1, 0, 33, 1, 0, 211, 10, 61]
1546498753276;[171, 0, 17, 255, 161, 72, 68, 189, 236, 0, 0, 144, 1, 0, 34, 1, 0, 211, 10, 133]
1546498753443;[171, 0, 17, 255, 161, 72, 68, 189, 236, 0, 0, 141, 1, 0, 36, 1, 0, 212, 10, 91]
1546498753616;[171, 0, 17, 255, 161, 72, 68, 189, 236, 0, 0, 138, 1, 0, 35, 1, 0, 213, 9, 249]
1546498753620;[171, 0, 17, 255, 161, 72, 68, 189, 236, 0, 0, 120, 1, 0, 34, 1, 0, 217, 9, 89]
1546498753788;[171, 0, 17, 255, 161, 72, 68, 189, 237, 0, 0, 144, 1, 0, 35, 1, 0, 214, 9, 69]
1546498753792;[171, 0, 17, 255, 161, 72, 68, 189, 237, 0, 0, 142, 1, 0, 33, 1, 0, 214, 9, 30]
1546498753960;[171, 0, 17, 255, 161, 72, 68, 189, 237, 0, 0, 136, 1, 0, 35, 1, 0, 219, 9, 150]
1546498753967;[171, 0, 4, 255, 132, 128, 76]
1546498754479;[171, 0, 17, 255, 161, 72, 68, 189, 237, 0, 0, 141, 1, 0, 33, 1, 0, 213, 10, 136]
1546498754484;[171, 0, 17, 255, 161, 72, 68, 189, 237, 0, 0, 141, 1, 0, 35, 1, 0, 211, 11, 20]
1546498754488;[171, 0, 17, 255, 161, 72, 68, 189, 237, 0, 0, 151, 1, 0, 35, 1, 0, 211, 11, 170]
1546498754493;[171, 0, 17, 255, 161, 72, 68, 189, 237, 0, 0, 144, 1, 0, 35, 1, 0, 211, 12, 2]
1546498754652;[171, 0, 17, 255, 161, 72, 68, 189, 237, 0, 0, 134, 1, 0, 34, 1, 0, 216, 11, 112]
1546498754656;[171, 0, 17, 255, 161, 72, 68, 189, 237, 0, 0, 141, 1, 0, 35, 1, 0, 216, 10, 240]
1546498754823;[171, 0, 17, 255, 161, 72, 68, 189, 237, 0, 0, 141, 1, 0, 34, 1, 0, 216, 10, 196]
1546498754827;[171, 0, 17, 255, 161, 72, 68, 189, 238, 0, 0, 108, 1, 0, 33, 1, 0, 216, 10, 16]
1546498754997;[171, 0, 17, 255, 161, 72, 68, 189, 238, 0, 0, 160, 1, 0, 34, 1, 0, 217, 10, 148]
1546498755001;[171, 0, 17, 255, 161, 72, 68, 189, 238, 0, 0, 98, 1, 0, 34, 1, 0, 228, 10, 133]
1546498755167;[171, 0, 4, 255, 132, 128, 76]
1546498755171;[171, 0, 17, 255, 161, 72, 68, 189, 238, 0, 0, 129, 1, 0, 31, 1, 0, 231, 10, 208]
1546498755688;[171, 0, 17, 255, 161, 72, 68, 189, 238, 0, 0, 118, 1, 0, 37, 1, 0, 237, 11, 42]
1546498755692;[171, 0, 17, 255, 161, 72, 68, 189, 238, 0, 0, 84, 1, 0, 38, 1, 0, 252, 11, 153]
1546498755697;[171, 0, 17, 255, 161, 72, 68, 189, 238, 0, 0, 46, 1, 0, 47, 1, 0, 239, 12, 2]
1546498755701;[171, 0, 17, 255, 161, 72, 68, 189, 238, 0, 0, 29, 1, 0, 47, 1, 0, 252, 12, 65]
1546498755859;[171, 0, 17, 255, 161, 72, 68, 189, 238, 0, 0, 23, 1, 0, 40, 1, 0, 254, 12, 121]
1546498755863;[171, 0, 17, 255, 161, 72, 68, 189, 238, 0, 0, 52, 1, 0, 59, 1, 0, 243, 12, 158]
1546498755867;[171, 0, 17, 255, 161, 72, 68, 189, 239, 0, 0, 34, 1, 0, 56, 1, 0, 243, 13, 121]
1546498756030;[171, 0, 17, 255, 161, 72, 68, 189, 239, 0, 0, 38, 1, 0, 62, 1, 0, 244, 13, 255]
1546498756202;[171, 0, 17, 255, 161, 72, 68, 189, 239, 0, 0, 26, 1, 0, 54, 1, 0, 251, 14, 86]
1546498756206;[171, 0, 4, 255, 132, 128, 75]
1546498756376;[171, 0, 17, 255, 161, 72, 68, 189, 239, 0, 0, 32, 1, 0, 65, 1, 0, 238, 14, 254]
1546498756380;[171, 0, 17, 255, 161, 72, 68, 189, 239, 0, 0, 46, 1, 0, 66, 1, 0, 235, 31, 133]
1546498756548;[171, 0, 17, 255, 161, 72, 68, 189, 239, 0, 0, 37, 1, 0, 60, 1, 0, 249, 8, 59]
1546498756895;[171, 0, 17, 255, 161, 72, 68, 189, 239, 0, 0, 59, 1, 0, 65, 1, 0, 234, 8, 91]
1546498756899;[171, 0, 17, 255, 161, 72, 68, 189, 239, 0, 0, 63, 1, 0, 64, 1, 0, 240, 8, 63]
1546498756903;[171, 0, 17, 255, 161, 72, 68, 189, 239, 0, 0, 54, 1, 0, 65, 1, 0, 240, 8, 99]
1546498756908;[171, 0, 17, 255, 161, 72, 68, 189, 239, 0, 0, 55, 1, 0, 64, 1, 0, 237, 9, 41]
1546498757066;[171, 0, 17, 255, 161, 72, 68, 189, 240, 0, 0, 59, 1, 0, 66, 1, 0, 236, 9, 112]
1546498757069;[171, 0, 17, 255, 161, 72, 68, 189, 240, 0, 0, 61, 1, 0, 63, 1, 0, 235, 9, 124]
1546498757238;[171, 0, 17, 255, 161, 72, 68, 189, 240, 0, 0, 61, 1, 0, 64, 1, 0, 237, 9, 143]
1546498757411;[171, 0, 4, 255, 132, 128, 74]
1546498757415;[171, 0, 17, 255, 161, 72, 68, 189, 240, 0, 0, 64, 1, 0, 60, 1, 0, 238, 9, 52]
1546498757583;[171, 0, 17, 255, 161, 72, 68, 189, 240, 0, 0, 61, 1, 0, 61, 1, 0, 240, 8, 173]
1546498757587;[171, 0, 17, 255, 161, 72, 68, 189, 240, 0, 0, 61, 1, 0, 64, 1, 0, 235, 8, 104]
1546498757756;[171, 0, 17, 255, 161, 72, 68, 189, 240, 0, 0, 59, 1, 0, 59, 1, 0, 241, 8, 49]
1546498757760;[171, 0, 17, 255, 161, 72, 68, 189, 240, 0, 0, 71, 1, 0, 62, 1, 0, 236, 8, 32]
1546498757929;[171, 0, 17, 255, 161, 72, 68, 189, 240, 0, 0, 66, 1, 0, 56, 1, 0, 245, 8, 15]
1546498758275;[171, 0, 17, 255, 161, 72, 68, 189, 240, 0, 0, 63, 1, 0, 56, 1, 0, 237, 8, 18]
1546498758279;[171, 0, 17, 255, 161, 72, 68, 189, 241, 0, 0, 64, 1, 0, 60, 1, 0, 236, 8, 117]
1546498758283;[171, 0, 17, 255, 161, 72, 68, 189, 241, 0, 0, 63, 1, 0, 61, 1, 0, 240, 8, 214]
1546498758287;[171, 0, 17, 255, 161, 72, 68, 189, 241, 0, 0, 64, 1, 0, 58, 1, 0, 235, 9, 43]
1546498758445;[171, 0, 4, 255, 132, 128, 74]
1546498758619;[171, 0, 17, 255, 161, 72, 68, 189, 241, 0, 0, 63, 1, 0, 59, 1, 0, 235, 9, 83]
1546498758624;[171, 0, 17, 255, 161, 72, 68, 189, 241, 0, 0, 59, 1, 0, 55, 1, 0, 239, 9, 73]
1546498758791;[171, 0, 17, 255, 161, 72, 68, 189, 241, 0, 0, 67, 1, 0, 62, 1, 0, 233, 9, 145]
1546498758795;[171, 0, 17, 255, 161, 72, 68, 189, 241, 0, 0, 63, 1, 0, 59, 1, 0, 238, 10, 6]
1546498758963;[171, 0, 17, 255, 161, 72, 68, 189, 241, 0, 0, 66, 1, 0, 59, 1, 0, 237, 10, 41]
1546498758967;[171, 0, 17, 255, 161, 72, 68, 189, 241, 0, 0, 64, 1, 0, 60, 1, 0, 236, 10, 96]
1546498759137;[171, 0, 17, 255, 161, 72, 68, 189, 241, 0, 0, 66, 1, 0, 60, 1, 0, 238, 10, 130]
1546498759481;[171, 0, 17, 255, 161, 72, 68, 189, 242, 0, 0, 66, 1, 0, 59, 1, 0, 238, 10, 126]
1546498759485;[171, 0, 17, 255, 161, 72, 68, 189, 242, 0, 0, 76, 1, 0, 59, 1, 0, 235, 10, 106]
1546498759489;[171, 0, 17, 255, 161, 72, 68, 189, 242, 0, 0, 63, 1, 0, 60, 1, 0, 234, 10, 72]
1546498759493;[171, 0, 4, 255, 132, 128, 73]
1546498759653;[171, 0, 17, 255, 161, 72, 68, 189, 242, 0, 0, 66, 1, 0, 59, 1, 0, 238, 10, 120]
1546498759827;[171, 0, 17, 255, 161, 72, 68, 189, 242, 0, 0, 66, 1, 0, 60, 1, 0, 234, 11, 10]
1546498759830;[171, 0, 17, 255, 161, 72, 68, 189, 242, 0, 0, 71, 1, 0, 60, 1, 0, 237, 11, 93]
1546498759999;[171, 0, 17, 255, 161, 72, 68, 189, 242, 0, 0, 65, 1, 0, 62, 1, 0, 235, 11, 131]
1546498760003;[171, 0, 17, 255, 161, 72, 68, 189, 242, 0, 0, 65, 1, 0, 60, 1, 0, 237, 11, 102]
1546498760172;[171, 0, 17, 255, 161, 72, 68, 189, 242, 0, 0, 63, 1, 0, 59, 1, 0, 237, 10, 231]
1546498760176;[171, 0, 17, 255, 161, 72, 68, 189, 242, 0, 0, 64, 1, 0, 59, 1, 0, 239, 10, 141]
1546498760344;[171, 0, 17, 255, 161, 72, 68, 189, 243, 0, 0, 66, 1, 0, 61, 1, 0, 235, 10, 58]
1546498760862;[171, 0, 17, 255, 161, 72, 68, 189, 243, 0, 0, 66, 1, 0, 61, 1, 0, 237, 10, 19]
1546498760867;[171, 0, 17, 255, 161, 72, 68, 189, 243, 0, 0, 66, 1, 0, 59, 1, 0, 235, 10, 84]
1546498760870;[171, 0, 4, 255, 132, 128, 73]
1546498760876;[171, 0, 17, 255, 161, 72, 68, 189, 243, 0, 0, 67, 1, 0, 60, 1, 0, 236, 10, 84]
1546498761034;[171, 0, 17, 255, 161, 72, 68, 189, 243, 0, 0, 64, 1, 0, 59, 1, 0, 236, 10, 50]
1546498761039;[171, 0, 17, 255, 161, 72, 68, 189, 243, 0, 0, 67, 1, 0, 59, 1, 0, 237, 9, 231]
1546498761043;[171, 0, 17, 255, 161, 72, 68, 189, 243, 0, 0, 64, 1, 0, 59, 1, 0, 238, 9, 151]
1546498761206;[171, 0, 17, 255, 161, 72, 68, 189, 243, 0, 0, 65, 1, 0, 59, 1, 0, 235, 9, 83]
1546498761210;[171, 0, 17, 255, 161, 72, 68, 189, 243, 0, 0, 66, 1, 0, 60, 1, 0, 234, 9, 7]
1546498761380;[171, 0, 17, 255, 161, 72, 68, 189, 243, 0, 0, 71, 1, 0, 59, 1, 0, 237, 8, 248]
1546498761384;[171, 0, 17, 255, 161, 72, 68, 189, 244, 0, 0, 63, 1, 0, 60, 1, 0, 233, 9, 113]
1546498761551;[171, 0, 17, 255, 161, 72, 68, 189, 244, 0, 0, 66, 1, 0, 60, 1, 0, 235, 9, 181]
1546498761725;[171, 0, 17, 255, 161, 72, 68, 189, 244, 0, 0, 77, 1, 0, 59, 1, 0, 236, 9, 222]
1546498761728;[171, 0, 4, 255, 132, 128, 73]
1546498762071;[171, 0, 17, 255, 161, 72, 68, 189, 244, 0, 0, 63, 1, 0, 60, 1, 0, 236, 9, 247]
1546498762075;[171, 0, 17, 255, 161, 72, 68, 189, 244, 0, 0, 76, 1, 0, 59, 1, 0, 235, 10, 12]
1546498762079;[171, 0, 17, 255, 161, 72, 68, 189, 244, 0, 0, 71, 1, 0, 60, 1, 0, 236, 10, 5]
1546498762083;[171, 0, 17, 255, 161, 72, 68, 189, 244, 0, 0, 63, 1, 0, 61, 1, 0, 235, 9, 236]
1546498762240;[171, 0, 17, 255, 161, 72, 68, 189, 244, 0, 0, 67, 1, 0, 56, 1, 0, 237, 10, 83]
1546498762414;[171, 0, 17, 255, 161, 72, 68, 189, 244, 0, 0, 66, 1, 0, 59, 1, 0, 234, 10, 140]
1546498762418;[171, 0, 17, 255, 161, 72, 68, 189, 244, 0, 0, 66, 1, 0, 60, 1, 0, 236, 10, 81]
1546498762586;[171, 0, 17, 255, 161, 72, 68, 189, 245, 0, 0, 64, 1, 0, 60, 1, 0, 237, 10, 42]
1546498762590;[171, 0, 17, 255, 161, 72, 68, 189, 245, 0, 0, 66, 1, 0, 60, 1, 0, 236, 9, 236]
1546498762760;[171, 0, 17, 255, 161, 72, 68, 189, 245, 0, 0, 64, 1, 0, 61, 1, 0, 235, 9, 146]
1546498762763;[171, 0, 4, 255, 132, 128, 73]
1546498762931;[171, 0, 17, 255, 161, 72, 68, 189, 245, 0, 0, 66, 1, 0, 60, 1, 0, 235, 9, 68]
1546498763451;[171, 0, 17, 255, 161, 72, 68, 189, 245, 0, 0, 65, 1, 0, 62, 1, 0, 237, 9, 56]
1546498763458;[171, 0, 17, 255, 161, 72, 68, 189, 245, 0, 0, 66, 1, 0, 59, 1, 0, 235, 9, 191]
1546498763468;[171, 0, 17, 255, 161, 72, 68, 189, 245, 0, 0, 71, 1, 0, 60, 1, 0, 236, 9, 254]
1546498763472;[171, 0, 17, 255, 161, 72, 68, 189, 245, 0, 0, 71, 1, 0, 59, 1, 0, 236, 10, 14]
1546498763621;[171, 0, 17, 255, 161, 72, 68, 189, 245, 0, 0, 64, 1, 0, 62, 1, 0, 233, 10, 21]
1546498763626;[171, 0, 17, 255, 161, 72, 68, 189, 245, 0, 0, 71, 1, 0, 59, 1, 0, 235, 9, 252]
1546498763630;[171, 0, 17, 255, 161, 72, 68, 189, 246, 0, 0, 64, 1, 0, 62, 1, 0, 234, 9, 214]
1546498763793;[171, 0, 17, 255, 161, 72, 68, 189, 246, 0, 0, 66, 1, 0, 59, 1, 0, 235, 9, 170]
1546498763797;[171, 0, 17, 255, 161, 72, 68, 189, 246, 0, 0, 67, 1, 0, 60, 1, 0, 235, 9, 174]
1546498763965;[171, 0, 4, 255, 132, 128, 74]
1546498763970;[171, 0, 17, 255, 161, 72, 68, 189, 246, 0, 0, 67, 1, 0, 60, 1, 0, 235, 10, 5]
1546498764140;[171, 0, 17, 255, 161, 72, 68, 189, 246, 0, 0, 64, 1, 0, 60, 1, 0, 235, 10, 21]
1546498764311;[171, 0, 17, 255, 161, 72, 68, 189, 246, 0, 0, 67, 1, 0, 60, 1, 0, 235, 10, 25]
1546498764315;[171, 0, 17, 255, 161, 72, 68, 189, 246, 0, 0, 67, 1, 0, 62, 1, 0, 238, 10, 20]
1546498764659;[171, 0, 17, 255, 161, 72, 68, 189, 246, 0, 0, 63, 1, 0, 62, 1, 0, 236, 9, 254]
1546498764663;[171, 0, 17, 255, 161, 72, 68, 189, 246, 0, 0, 67, 1, 0, 59, 1, 0, 237, 9, 222]
1546498764668;[171, 0, 17, 255, 161, 72, 68, 189, 246, 0, 0, 67, 1, 0, 60, 1, 0, 235, 9, 168]
1546498764672;[171, 0, 17, 255, 161, 72, 68, 189, 247, 0, 0, 61, 1, 0, 60, 1, 0, 234, 9, 192]
1546498764828;[171, 0, 17, 255, 161, 72, 68, 189, 247, 0, 0, 71, 1, 0, 60, 1, 0, 237, 10, 4]
1546498765001;[171, 0, 17, 255, 161, 72, 68, 189, 247, 0, 0, 71, 1, 0, 64, 1, 0, 235, 9, 252]
1546498765005;[171, 0, 4, 255, 132, 128, 74]
1546498765173;[171, 0, 17, 255, 161, 72, 68, 189, 247, 0, 0, 66, 1, 0, 60, 1, 0, 234, 9, 247]
1546498765176;[171, 0, 17, 255, 161, 72, 68, 189, 247, 0, 0, 67, 1, 0, 60, 1, 0, 235, 9, 238]
1546498765345;[171, 0, 17, 255, 161, 72, 68, 189, 247, 0, 0, 72, 1, 0, 60, 1, 0, 237, 9, 189]
1546498765519;[171, 0, 17, 255, 161, 72, 68, 189, 247, 0, 0, 67, 1, 0, 62, 1, 0, 235, 9, 132]
1546498765523;[171, 0, 17, 255, 161, 72, 68, 189, 247, 0, 0, 67, 1, 0, 61, 1, 0, 234, 9, 83]
1546498765864;[171, 0, 17, 255, 161, 72, 68, 189, 247, 0, 0, 71, 1, 0, 60, 1, 0, 235, 9, 145]
1546498765868;[171, 0, 17, 255, 161, 72, 68, 189, 247, 0, 0, 65, 1, 0, 61, 1, 0, 235, 9, 160]
1546498765873;[171, 0, 17, 255, 161, 72, 68, 189, 248, 0, 0, 76, 1, 0, 60, 1, 0, 234, 9, 152]
1546498765877;[171, 0, 17, 255, 161, 72, 68, 189, 248, 0, 0, 66, 1, 0, 61, 1, 0, 233, 9, 160]
1546498766036;[171, 0, 17, 255, 161, 72, 68, 189, 248, 0, 0, 67, 1, 0, 60, 1, 0, 234, 9, 132]
1546498766208;[171, 0, 4, 255, 132, 128, 74]
1546498766213;[171, 0, 17, 255, 161, 72, 68, 189, 248, 0, 0, 78, 1, 0, 60, 1, 0, 235, 9, 99]
1546498766380;[171, 0, 17, 255, 161, 72, 68, 189, 248, 0, 0, 76, 1, 0, 59, 1, 0, 235, 9, 81]
1546498766384;[171, 0, 17, 255, 161, 72, 68, 189, 248, 0, 0, 80, 1, 0, 60, 1, 0, 235, 9, 150]
1546498766554;[171, 0, 17, 255, 161, 72, 68, 189, 248, 0, 0, 80, 1, 0, 58, 1, 0, 234, 9, 235]
1546498766558;[171, 0, 17, 255, 161, 72, 68, 189, 248, 0, 0, 77, 1, 0, 60, 1, 0, 234, 9, 252]
1546498766727;[171, 0, 17, 255, 161, 72, 68, 189, 248, 0, 0, 73, 1, 0, 60, 1, 0, 232, 10, 1]
1546498766900;[171, 0, 17, 255, 161, 72, 68, 189, 248, 0, 0, 81, 1, 0, 59, 1, 0, 234, 9, 253]
1546498766903;[171, 0, 17, 255, 161, 72, 68, 189, 249, 0, 0, 81, 1, 0, 59, 1, 0, 230, 9, 218]
1546498767244;[171, 0, 17, 255, 161, 72, 68, 189, 249, 0, 0, 77, 1, 0, 58, 1, 0, 234, 9, 172]
1546498767248;[171, 0, 17, 255, 161, 72, 68, 189, 249, 0, 0, 84, 1, 0, 56, 1, 0, 232, 9, 153]
1546498767252;[171, 0, 4, 255, 132, 128, 75]
1546498767416;[171, 0, 17, 255, 161, 72, 68, 189, 249, 0, 0, 84, 1, 0, 58, 1, 0, 234, 10, 7]
1546498767420;[171, 0, 17, 255, 161, 72, 68, 189, 249, 0, 0, 78, 1, 0, 59, 1, 0, 234, 10, 46]
1546498767589;[171, 0, 17, 255, 161, 72, 68, 189, 249, 0, 0, 84, 1, 0, 60, 1, 0, 233, 10, 42]
1546498767593;[171, 0, 17, 255, 161, 72, 68, 189, 249, 0, 0, 81, 1, 0, 59, 1, 0, 232, 10, 45]
1546498767761;[171, 0, 17, 255, 161, 72, 68, 189, 249, 0, 0, 80, 1, 0, 59, 1, 0, 235, 10, 11]
1546498767765;[171, 0, 17, 255, 161, 72, 68, 189, 249, 0, 0, 80, 1, 0, 59, 1, 0, 234, 9, 217]
1546498767932;[171, 0, 17, 255, 161, 72, 68, 189, 249, 0, 0, 80, 1, 0, 60, 1, 0, 232, 9, 165]
1546498768106;[171, 0, 17, 255, 161, 72, 68, 189, 250, 0, 0, 81, 1, 0, 60, 1, 0, 235, 9, 148]
1546498768110;[171, 0, 17, 255, 161, 72, 68, 189, 250, 0, 0, 81, 1, 0, 59, 1, 0, 234, 9, 230]
1546498768452;[171, 0, 17, 255, 161, 72, 68, 189, 250, 0, 0, 78, 1, 0, 59, 1, 0, 230, 9, 252]
1546498768464;[171, 0, 4, 255, 132, 128, 75]
1546498768467;[171, 0, 17, 255, 161, 72, 68, 189, 250, 0, 0, 78, 1, 0, 60, 1, 0, 234, 9, 240]
1546498768624;[171, 0, 17, 255, 161, 72, 68, 189, 250, 0, 0, 78, 1, 0, 60, 1, 0, 234, 9, 227]
1546498768627;[171, 0, 17, 255, 161, 72, 68, 189, 250, 0, 0, 83, 1, 0, 59, 1, 0, 234, 9, 180]
1546498768796;[171, 0, 17, 255, 161, 72, 68, 189, 250, 0, 0, 77, 1, 0, 60, 1, 0, 235, 9, 121]
1546498768800;[171, 0, 17, 255, 161, 72, 68, 189, 250, 0, 0, 80, 1, 0, 59, 1, 0, 234, 9, 51]
1546498768970;[171, 0, 17, 255, 161, 72, 68, 189, 250, 0, 0, 80, 1, 0, 60, 1, 0, 234, 9, 58]
1546498768974;[171, 0, 17, 255, 161, 72, 68, 189, 250, 0, 0, 77, 1, 0, 59, 1, 0, 233, 9, 109]
1546498769141;[171, 0, 17, 255, 161, 72, 68, 189, 251, 0, 0, 81, 1, 0, 59, 1, 0, 230, 9, 100]
1546498769314;[171, 0, 17, 255, 161, 72, 68, 189, 251, 0, 0, 81, 1, 0, 61, 1, 0, 234, 9, 73]
1546498769318;[171, 0, 17, 255, 161, 72, 68, 189, 251, 0, 0, 72, 1, 0, 60, 1, 0, 232, 9, 40]
1546498769832;[171, 0, 4, 255, 132, 128, 75]
1546498769837;[171, 0, 17, 255, 161, 72, 68, 189, 251, 0, 0, 80, 1, 0, 58, 1, 0, 234, 8, 230]
1546498769845;[171, 0, 17, 255, 161, 72, 68, 189, 251, 0, 0, 77, 1, 0, 60, 1, 0, 229, 8, 179]
1546498769848;[171, 0, 17, 255, 161, 72, 68, 189, 251, 0, 0, 72, 1, 0, 62, 1, 0, 232, 8, 135]
1546498770001;[171, 0, 17, 255, 161, 72, 68, 189, 251, 0, 0, 83, 1, 0, 61, 1, 0, 235, 8, 205]
1546498770004;[171, 0, 17, 255, 161, 72, 68, 189, 251, 0, 0, 79, 1, 0, 60, 1, 0, 235, 8, 207]
1546498770007;[171, 0, 17, 255, 161, 72, 68, 189, 251, 0, 0, 70, 1, 0, 62, 1, 0, 232, 8, 172]
1546498770177;[171, 0, 17, 255, 161, 72, 68, 189, 251, 0, 0, 77, 1, 0, 60, 1, 0, 230, 8, 153]
1546498770181;[171, 0, 17, 255, 161, 72, 68, 190, 0, 0, 0, 76, 1, 0, 60, 1, 0, 232, 8, 101]
1546498770348;[171, 0, 17, 255, 161, 72, 68, 190, 0, 0, 0, 71, 1, 0, 60, 1, 0, 234, 8, 74]
1546498770521;[171, 0, 17, 255, 161, 72, 68, 190, 0, 0, 0, 77, 1, 0, 60, 1, 0, 234, 8, 28]
1546498770525;[171, 0, 4, 255, 132, 128, 76]
1546498770694;[171, 0, 17, 255, 161, 72, 68, 190, 0, 0, 0, 80, 1, 0, 59, 1, 0, 234, 8, 21]
1546498770698;[171, 0, 17, 255, 161, 72, 68, 190, 0, 0, 0, 66, 1, 0, 61, 1, 0, 234, 8, 118]
1546498771040;[171, 0, 17, 255, 161, 72, 68, 190, 0, 0, 0, 80, 1, 0, 59, 1, 0, 234, 8, 132]
1546498771044;[171, 0, 17, 255, 161, 72, 68, 190, 0, 0, 0, 76, 1, 0, 60, 1, 0, 235, 8, 157]
1546498771048;[171, 0, 17, 255, 161, 72, 68, 190, 0, 0, 0, 77, 1, 0, 60, 1, 0, 234, 8, 168]
1546498771210;[171, 0, 17, 255, 161, 72, 68, 190, 0, 0, 0, 80, 1, 0, 59, 1, 0, 233, 8, 144]
1546498771214;[171, 0, 17, 255, 161, 72, 68, 190, 0, 0, 0, 76, 1, 0, 62, 1, 0, 234, 8, 82]
1546498771383;[171, 0, 17, 255, 161, 72, 68, 190, 1, 0, 0, 66, 1, 0, 62, 1, 0, 233, 8, 22]
1546498771387;[171, 0, 17, 255, 161, 72, 68, 190, 1, 0, 0, 83, 1, 0, 61, 1, 0, 232, 8, 67]
1546498771555;[171, 0, 17, 255, 161, 72, 68, 190, 1, 0, 0, 72, 1, 0, 62, 1, 0, 234, 8, 122]
1546498771559;[171, 0, 4, 255, 132, 128, 76]
1546498771728;[171, 0, 17, 255, 161, 72, 68, 190, 1, 0, 0, 77, 1, 0, 59, 1, 0, 234, 8, 117]
1546498771901;[171, 0, 17, 255, 161, 72, 68, 190, 1, 0, 0, 77, 1, 0, 60, 1, 0, 234, 8, 121]
1546498771905;[171, 0, 17, 255, 161, 72, 68, 190, 1, 0, 0, 77, 1, 0, 60, 1, 0, 235, 8, 112]
1546498772247;[171, 0, 17, 255, 161, 72, 68, 190, 1, 0, 0, 76, 1, 0, 61, 1, 0, 235, 8, 84]
1546498772251;[171, 0, 17, 255, 161, 72, 68, 190, 1, 0, 0, 80, 1, 0, 59, 1, 0, 232, 8, 44]
1546498772255;[171, 0, 17, 255, 161, 72, 68, 190, 1, 0, 0, 77, 1, 0, 60, 1, 0, 233, 7, 226]
1546498772419;[171, 0, 17, 255, 161, 72, 68, 190, 1, 0, 0, 81, 1, 0, 62, 1, 0, 235, 8, 24]
1546498772423;[171, 0, 17, 255, 161, 72, 68, 190, 2, 0, 0, 77, 1, 0, 59, 1, 0, 234, 8, 82]
1546498772591;[171, 0, 17, 255, 161, 72, 68, 190, 2, 0, 0, 72, 1, 0, 56, 1, 0, 235, 8, 92]
1546498772764;[171, 0, 17, 255, 161, 72, 68, 190, 4, 0, 0, 44, 1, 0, 49, 1, 0, 243, 6, 154]
1546498772768;[171, 0, 17, 255, 161, 72, 68, 190, 4, 0, 0, 51, 1, 0, 40, 1, 0, 253, 7, 95]
1546498773120;[171, 0, 17, 255, 161, 72, 68, 190, 4, 0, 0, 59, 1, 0, 34, 1, 0, 252, 7, 164]
1546498773124;[171, 0, 17, 255, 161, 72, 68, 190, 4, 0, 0, 59, 1, 0, 39, 1, 0, 244, 7, 192]
1546498773280;[171, 0, 17, 255, 161, 72, 68, 190, 4, 0, 0, 55, 1, 0, 37, 1, 0, 243, 7, 201]
1546498773284;[171, 0, 17, 255, 161, 72, 68, 190, 4, 0, 0, 59, 1, 0, 35, 1, 0, 247, 7, 217]
1546498773627;[171, 0, 17, 255, 161, 72, 68, 190, 4, 0, 0, 59, 1, 0, 38, 1, 0, 244, 7, 226]
1546498773631;[171, 0, 17, 255, 161, 72, 68, 190, 5, 0, 0, 58, 1, 0, 40, 1, 0, 241, 8, 77]
1546498773635;[171, 0, 17, 255, 161, 72, 68, 190, 5, 0, 0, 63, 1, 0, 41, 1, 0, 240, 8, 155]
1546498773800;[171, 0, 17, 255, 161, 72, 68, 190, 5, 0, 0, 63, 1, 0, 49, 1, 0, 240, 8, 79]
1546498773804;[171, 0, 4, 255, 132, 128, 77]
1546498773971;[171, 0, 17, 255, 161, 72, 68, 190, 5, 0, 0, 50, 1, 0, 37, 1, 0, 246, 8, 5]
1546498773975;[171, 0, 17, 255, 161, 72, 68, 190, 5, 0, 0, 55, 1, 0, 39, 1, 0, 246, 7, 240]
1546498774143;[171, 0, 17, 255, 161, 72, 68, 190, 5, 0, 0, 57, 1, 0, 41, 1, 0, 241, 8, 7]
1546498774318;[171, 0, 17, 255, 161, 72, 68, 190, 5, 0, 0, 55, 1, 0, 39, 1, 0, 243, 7, 249]
1546498774322;[171, 0, 17, 255, 161, 72, 68, 190, 5, 0, 0, 64, 1, 0, 40, 1, 0, 246, 8, 52]
1546498774487;[171, 0, 17, 255, 161, 72, 68, 190, 5, 0, 0, 58, 1, 0, 37, 1, 0, 244, 8, 158]
1546498774492;[171, 0, 17, 255, 161, 72, 68, 190, 5, 0, 0, 63, 1, 0, 39, 1, 0, 242, 8, 171]
1546498774833;[171, 0, 17, 255, 161, 72, 68, 190, 6, 0, 0, 55, 1, 0, 43, 1, 0, 243, 8, 167]
1546498774837;[171, 0, 17, 255, 161, 72, 68, 190, 6, 0, 0, 65, 1, 0, 39, 1, 0, 240, 8, 139]
1546498774841;[171, 0, 17, 255, 161, 72, 68, 190, 6, 0, 0, 76, 1, 0, 40, 1, 0, 242, 8, 46]
1546498775006;[171, 0, 4, 255, 132, 128, 77]
1546498775010;[171, 0, 17, 255, 161, 72, 68, 190, 6, 0, 0, 64, 1, 0, 51, 1, 0, 238, 7, 210]
1546498775180;[171, 0, 17, 255, 161, 72, 68, 190, 6, 0, 0, 63, 1, 0, 47, 1, 0, 235, 7, 247]
1546498775183;[171, 0, 17, 255, 161, 72, 68, 190, 6, 0, 0, 72, 1, 0, 46, 1, 0, 240, 8, 160]
1546498775351;[171, 0, 17, 255, 161, 72, 68, 190, 6, 0, 0, 64, 1, 0, 41, 1, 0, 241, 8, 214]
1546498775524;[171, 0, 17, 255, 161, 72, 68, 190, 6, 0, 0, 67, 1, 0, 47, 1, 0, 240, 8, 225]
1546498775528;[171, 0, 17, 255, 161, 72, 68, 190, 6, 0, 0, 66, 1, 0, 44, 1, 0, 240, 8, 248]
1546498775696;[171, 0, 17, 255, 161, 72, 68, 190, 6, 0, 0, 72, 1, 0, 40, 1, 0, 238, 8, 222]
1546498775700;[171, 0, 17, 255, 161, 72, 68, 190, 7, 0, 0, 80, 1, 0, 46, 1, 0, 240, 8, 156]
1546498775868;[171, 0, 17, 255, 161, 72, 68, 190, 7, 0, 0, 64, 1, 0, 58, 1, 0, 236, 8, 121]
1546498775871;[171, 0, 17, 255, 161, 72, 68, 190, 7, 0, 0, 81, 1, 0, 51, 1, 0, 238, 9, 2]
1546498776214;[171, 0, 4, 255, 132, 128, 78]
1546498776218;[171, 0, 17, 255, 161, 72, 68, 190, 7, 0, 0, 63, 1, 0, 46, 1, 0, 237, 9, 100]
1546498776222;[171, 0, 17, 255, 161, 72, 68, 190, 7, 0, 0, 66, 1, 0, 47, 1, 0, 236, 9, 130]
1546498776385;[171, 0, 17, 255, 161, 72, 68, 190, 7, 0, 0, 86, 1, 0, 46, 1, 0, 234, 9, 152]
1546498776389;[171, 0, 17, 255, 161, 72, 68, 190, 7, 0, 0, 71, 1, 0, 47, 1, 0, 236, 9, 112]
1546498776560;[171, 0, 17, 255, 161, 72, 68, 190, 7, 0, 0, 86, 1, 0, 56, 1, 0, 235, 9, 44]
1546498776564;[171, 0, 17, 255, 161, 72, 68, 190, 7, 0, 0, 65, 1, 0, 48, 1, 0, 237, 8, 252]
1546498776732;[171, 0, 17, 255, 161, 72, 68, 190, 7, 0, 0, 80, 1, 0, 43, 1, 0, 235, 9, 25]
1546498776904;[171, 0, 17, 255, 161, 72, 68, 190, 8, 0, 0, 84, 1, 0, 46, 1, 0, 235, 9, 144]
1546498776907;[171, 0, 17, 255, 161, 72, 68, 190, 8, 0, 0, 84, 1, 0, 46, 1, 0, 235, 9, 160]
1546498777076;[171, 0, 17, 255, 161, 72, 68, 190, 8, 0, 0, 80, 1, 0, 48, 1, 0, 236, 9, 128]
1546498777079;[171, 0, 4, 255, 132, 128, 78]
1546498777423;[171, 0, 17, 255, 161, 72, 68, 190, 8, 0, 0, 91, 1, 0, 51, 1, 0, 234, 9, 136]
1546498777427;[171, 0, 17, 255, 161, 72, 68, 190, 8, 0, 0, 78, 1, 0, 48, 1, 0, 235, 9, 132]
1546498777431;[171, 0, 17, 255, 161, 72, 68, 190, 8, 0, 0, 85, 1, 0, 46, 1, 0, 236, 9, 88]
1546498777593;[171, 0, 17, 255, 161, 72, 68, 190, 8, 0, 0, 77, 1, 0, 49, 1, 0, 235, 9, 80]
1546498777597;[171, 0, 17, 255, 161, 72, 68, 190, 8, 0, 0, 86, 1, 0, 48, 1, 0, 235, 9, 201]
1546498777766;[171, 0, 17, 255, 161, 72, 68, 190, 8, 0, 0, 87, 1, 0, 55, 1, 0, 232, 9, 238]
1546498777770;[171, 0, 17, 255, 161, 72, 68, 190, 8, 0, 0, 83, 1, 0, 51, 1, 0, 233, 9, 208]
1546498777938;[171, 0, 17, 255, 161, 72, 68, 190, 9, 0, 0, 79, 1, 0, 43, 1, 0, 235, 9, 176]
1546498778111;[171, 0, 17, 255, 161, 72, 68, 190, 9, 0, 0, 80, 1, 0, 52, 1, 0, 234, 9, 146]
1546498778115;[171, 0, 17, 255, 161, 72, 68, 190, 9, 0, 0, 86, 1, 0, 50, 1, 0, 230, 9, 140]
1546498778283;[171, 0, 4, 255, 132, 128, 78]
1546498778287;[171, 0, 17, 255, 161, 72, 68, 190, 9, 0, 0, 81, 1, 0, 51, 1, 0, 232, 9, 99]
1546498778801;[171, 0, 17, 255, 161, 72, 68, 190, 9, 0, 0, 81, 1, 0, 47, 1, 0, 234, 9, 156]
1546498778805;[171, 0, 17, 255, 161, 72, 68, 190, 9, 0, 0, 92, 1, 0, 53, 1, 0, 235, 9, 207]
1546498778809;[171, 0, 17, 255, 161, 72, 68, 190, 9, 0, 0, 86, 1, 0, 59, 1, 0, 233, 9, 220]
1546498778813;[171, 0, 17, 255, 161, 72, 68, 190, 9, 0, 0, 86, 1, 0, 43, 1, 0, 230, 9, 180]
1546498778974;[171, 0, 17, 255, 161, 72, 68, 190, 9, 0, 0, 77, 1, 0, 53, 1, 0, 236, 9, 124]
1546498778978;[171, 0, 17, 255, 161, 72, 68, 190, 9, 0, 0, 84, 1, 0, 49, 1, 0, 235, 9, 66]
1546498778982;[171, 0, 17, 255, 161, 72, 68, 190, 10, 0, 0, 86, 1, 0, 49, 1, 0, 233, 9, 59]
1546498779145;[171, 0, 17, 255, 161, 72, 68, 190, 10, 0, 0, 99, 1, 0, 60, 1, 0, 231, 9, 127]
1546498779318;[171, 0, 17, 255, 161, 72, 68, 190, 10, 0, 0, 93, 1, 0, 56, 1, 0, 233, 9, 148]
1546498779322;[171, 0, 4, 255, 132, 128, 78]
1546498779490;[171, 0, 17, 255, 161, 72, 68, 190, 10, 0, 0, 71, 1, 0, 48, 1, 0, 235, 9, 105]
1546498779494;[171, 0, 17, 255, 161, 72, 68, 190, 10, 0, 0, 91, 1, 0, 51, 1, 0, 232, 9, 114]
1546498779664;[171, 0, 17, 255, 161, 72, 68, 190, 10, 0, 0, 86, 1, 0, 39, 1, 0, 229, 9, 89]
1546498779668;[171, 0, 17, 255, 161, 72, 68, 190, 10, 0, 0, 72, 1, 0, 59, 1, 0, 237, 9, 23]
1546498780010;[171, 0, 17, 255, 161, 72, 68, 190, 10, 0, 0, 86, 1, 0, 51, 1, 0, 234, 8, 235]
1546498780013;[171, 0, 17, 255, 161, 72, 68, 190, 10, 0, 0, 97, 1, 0, 50, 1, 0, 229, 9, 48]
1546498780018;[171, 0, 17, 255, 161, 72, 68, 190, 10, 0, 0, 80, 1, 0, 52, 1, 0, 236, 9, 133]
1546498780181;[171, 0, 17, 255, 161, 72, 68, 190, 11, 0, 0, 104, 1, 0, 57, 1, 0, 254, 9, 240]
1546498780185;[171, 0, 17, 255, 161, 72, 68, 190, 11, 0, 0, 28, 1, 0, 79, 1, 1, 11, 10, 25]
1546498780353;[171, 0, 17, 255, 161, 72, 68, 190, 11, 0, 0, 29, 1, 0, 74, 1, 1, 16, 9, 126]
1546498780356;[171, 0, 4, 255, 132, 128, 78]
1546498780525;[171, 0, 17, 255, 161, 72, 68, 190, 11, 0, 0, 7, 1, 0, 80, 1, 0, 227, 8, 44]
1546498780700;[171, 0, 17, 255, 161, 72, 68, 190, 11, 1, 0, 18, 1, 0, 71, 1, 0, 214, 6, 218]
1546498780704;[171, 0, 17, 255, 161, 72, 68, 190, 11, 1, 0, 4, 1, 0, 60, 1, 0, 232, 5, 242]
1546498780871;[171, 0, 17, 255, 161, 72, 68, 190, 11, 1, 0, 21, 1, 0, 55, 1, 0, 245, 5, 28]
1546498780875;[171, 0, 17, 255, 161, 72, 68, 190, 11, 1, 0, 32, 1, 0, 62, 1, 0, 235, 3, 115]
1546498781217;[171, 0, 17, 255, 161, 72, 68, 190, 11, 1, 0, 50, 1, 0, 77, 1, 0, 250, 2, 118]
1546498781221;[171, 0, 17, 255, 161, 72, 68, 190, 11, 1, 0, 47, 1, 0, 59, 1, 0, 249, 1, 247]
1546498781225;[171, 0, 17, 255, 161, 72, 68, 190, 12, 1, 0, 59, 1, 0, 74, 1, 0, 228, 1, 122]
1546498781389;[171, 0, 17, 255, 161, 72, 68, 190, 12, 1, 0, 55, 1, 0, 102, 1, 0, 238, 1, 66]
1546498781393;[171, 0, 17, 255, 161, 72, 68, 190, 12, 0, 0, 6, 1, 0, 112, 1, 0, 237, 1, 118]
1546498781560;[171, 0, 4, 255, 132, 128, 79]
1546498781564;[171, 0, 17, 255, 161, 72, 68, 190, 12, 0, 0, 43, 1, 0, 96, 1, 0, 237, 1, 241]
1546498781733;[171, 0, 17, 255, 161, 72, 68, 190, 12, 0, 0, 56, 1, 0, 102, 1, 0, 231, 2, 140]
1546498781905;[171, 0, 17, 255, 161, 72, 68, 190, 12, 0, 0, 36, 1, 0, 88, 1, 0, 235, 3, 15]
1546498781909;[171, 0, 17, 255, 161, 72, 68, 190, 12, 0, 0, 28, 1, 0, 86, 1, 0, 241, 3, 218]
1546498782079;[171, 0, 17, 255, 161, 72, 68, 190, 12, 0, 0, 7, 1, 0, 74, 1, 0, 242, 4, 63]
1546498782083;[171, 0, 17, 255, 161, 72, 68, 190, 12, 0, 0, 32, 1, 0, 71, 1, 0, 236, 3, 252]
1546498782250;[171, 0, 17, 255, 161, 72, 68, 190, 12, 0, 0, 44, 1, 0, 64, 1, 0, 252, 3, 204]
1546498782597;[171, 0, 17, 255, 161, 72, 68, 190, 13, 0, 0, 31, 1, 0, 64, 1, 0, 240, 4, 95]
1546498782602;[171, 0, 17, 255, 161, 72, 68, 190, 13, 0, 0, 37, 1, 0, 65, 1, 0, 243, 5, 99]
1546498782606;[171, 0, 17, 255, 161, 72, 68, 190, 13, 0, 0, 37, 1, 0, 65, 1, 0, 240, 6, 6]
1546498782610;[171, 0, 4, 255, 132, 128, 79]
1546498782769;[171, 0, 17, 255, 161, 72, 68, 190, 13, 0, 0, 48, 1, 0, 65, 1, 0, 243, 6, 104]
1546498782773;[171, 0, 17, 255, 161, 72, 68, 190, 13, 0, 0, 40, 1, 0, 65, 1, 0, 240, 6, 201]
1546498782940;[171, 0, 17, 255, 161, 72, 68, 190, 13, 0, 0, 43, 1, 0, 64, 1, 0, 242, 7, 4]
1546498783114;[171, 0, 17, 255, 161, 72, 68, 190, 13, 0, 0, 47, 1, 0, 64, 1, 0, 242, 7, 17]
1546498783118;[171, 0, 17, 255, 161, 72, 68, 190, 13, 0, 0, 43, 1, 0, 66, 1, 0, 240, 7, 15]
1546498783286;[171, 0, 17, 255, 161, 72, 68, 190, 13, 0, 0, 51, 1, 0, 64, 1, 0, 244, 7, 185]
1546498783290;[171, 0, 17, 255, 161, 72, 68, 190, 13, 0, 0, 46, 1, 0, 64, 1, 0, 240, 8, 38]
1546498783466;[171, 0, 17, 255, 161, 72, 68, 190, 14, 0, 0, 51, 1, 0, 64, 1, 0, 238, 8, 82]
1546498783468;[171, 0, 17, 255, 161, 72, 68, 190, 14, 0, 0, 59, 1, 0, 65, 1, 0, 238, 8, 131]
1546498783804;[171, 0, 17, 255, 161, 72, 68, 190, 14, 0, 0, 47, 1, 0, 65, 1, 0, 235, 8, 127]
1546498783808;[171, 0, 4, 255, 132, 128, 79]
1546498783812;[171, 0, 17, 255, 161, 72, 68, 190, 14, 0, 0, 57, 1, 0, 62, 1, 0, 240, 8, 116]
1546498783978;[171, 0, 17, 255, 161, 72, 68, 190, 14, 0, 0, 58, 1, 0, 64, 1, 0, 240, 8, 109]
1546498783981;[171, 0, 17, 255, 161, 72, 68, 190, 14, 0, 0, 55, 1, 0, 62, 1, 0, 240, 8, 234]
1546498784147;[171, 0, 17, 255, 161, 72, 68, 190, 14, 0, 0, 58, 1, 0, 60, 1, 0, 237, 9, 144]
1546498784319;[171, 0, 17, 255, 161, 72, 68, 190, 14, 0, 0, 54, 1, 0, 64, 1, 0, 240, 9, 185]
1546498784322;[171, 0, 17, 255, 161, 72, 68, 190, 14, 0, 0, 57, 1, 0, 62, 1, 0, 237, 9, 241]
1546498784496;[171, 0, 17, 255, 161, 72, 68, 190, 14, 0, 0, 59, 1, 0, 60, 1, 0, 240, 10, 12]
1546498784500;[171, 0, 17, 255, 161, 72, 68, 190, 15, 0, 0, 57, 1, 0, 61, 1, 0, 238, 9, 249]
1546498784665;[171, 0, 17, 255, 161, 72, 68, 190, 15, 0, 0, 59, 1, 0, 64, 1, 0, 237, 9, 222]
1546498784669;[171, 0, 17, 255, 161, 72, 68, 190, 15, 0, 0, 59, 1, 0, 64, 1, 0, 235, 9, 228]
1546498785184;[171, 0, 4, 255, 132, 128, 79]
1546498785188;[171, 0, 17, 255, 161, 72, 68, 190, 15, 0, 0, 65, 1, 0, 61, 1, 0, 241, 10, 131]
1546498785192;[171, 0, 17, 255, 161, 72, 68, 190, 15, 0, 0, 59, 1, 0, 62, 1, 0, 235, 10, 186]
1546498785196;[171, 0, 17, 255, 161, 72, 68, 190, 15, 0, 0, 59, 1, 0, 60, 1, 0, 246, 10, 188]
1546498785358;[171, 0, 17, 255, 161, 72, 68, 190, 15, 0, 0, 52, 1, 0, 64, 1, 0, 232, 10, 175]
1546498785362;[171, 0, 17, 255, 161, 72, 68, 190, 15, 0, 0, 59, 1, 0, 66, 1, 0, 237, 10, 110]
1546498785369;[171, 0, 17, 255, 161, 72, 68, 190, 15, 0, 0, 57, 1, 0, 63, 1, 0, 237, 10, 50]
1546498785526;[171, 0, 17, 255, 161, 72, 68, 190, 15, 0, 0, 61, 1, 0, 60, 1, 0, 240, 9, 232]
1546498785701;[171, 0, 17, 255, 161, 72, 68, 190, 16, 0, 0, 57, 1, 0, 67, 1, 0, 237, 9, 249]
1546498785705;[171, 0, 17, 255, 161, 72, 68, 190, 16, 0, 0, 61, 1, 0, 65, 1, 0, 238, 10, 72]
1546498785872;[171, 0, 17, 255, 161, 72, 68, 190, 16, 0, 0, 66, 1, 0, 64, 1, 0, 235, 10, 74]
1546498785876;[171, 0, 4, 255, 132, 128, 79]
1546498786045;[171, 0, 17, 255, 161, 72, 68, 190, 16, 0, 0, 59, 1, 0, 64, 1, 0, 235, 10, 46]
1546498786395;[171, 0, 17, 255, 161, 72, 68, 190, 16, 0, 0, 64, 1, 0, 66, 1, 0, 235, 10, 1]
1546498786399;[171, 0, 17, 255, 161, 72, 68, 190, 16, 0, 0, 59, 1, 0, 64, 1, 0, 233, 9, 186]
1546498786403;[171, 0, 17, 255, 161, 72, 68, 190, 16, 0, 0, 67, 1, 0, 64, 1, 0, 235, 9, 125]
1546498786407;[171, 0, 17, 255, 161, 72, 68, 190, 16, 0, 0, 66, 1, 0, 64, 1, 0, 235, 9, 66]
1546498786562;[171, 0, 17, 255, 161, 72, 68, 190, 16, 0, 0, 61, 1, 0, 65, 1, 0, 235, 9, 92]
1546498786566;[171, 0, 17, 255, 161, 72, 68, 190, 16, 0, 0, 66, 1, 0, 62, 1, 0, 234, 9, 120]
1546498786737;[171, 0, 17, 255, 161, 72, 68, 190, 17, 0, 0, 66, 1, 0, 62, 1, 0, 238, 9, 78]
1546498786908;[171, 0, 17, 255, 161, 72, 68, 190, 17, 0, 0, 63, 1, 0, 65, 1, 0, 234, 9, 55]
1546498786912;[171, 0, 17, 255, 161, 72, 68, 190, 17, 0, 0, 72, 1, 0, 61, 1, 0, 235, 9, 10]
1546498787080;[171, 0, 4, 255, 132, 128, 79]
1546498787084;[171, 0, 17, 255, 161, 72, 68, 190, 17, 0, 0, 67, 1, 0, 65, 1, 0, 235, 8, 207]
1546498787254;[171, 0, 17, 255, 161, 72, 68, 190, 17, 0, 0, 71, 1, 0, 62, 1, 0, 235, 8, 149]
1546498787258;[171, 0, 17, 255, 161, 72, 68, 190, 17, 0, 0, 71, 1, 0, 60, 1, 0, 234, 8, 88]
1546498787599;[171, 0, 17, 255, 161, 72, 68, 190, 17, 0, 0, 67, 1, 0, 64, 1, 0, 235, 8, 123]
1546498787603;[171, 0, 17, 255, 161, 72, 68, 190, 17, 0, 0, 66, 1, 0, 64, 1, 0, 235, 8, 97]
1546498787608;[171, 0, 17, 255, 161, 72, 68, 190, 17, 0, 0, 72, 1, 0, 62, 1, 0, 235, 8, 33]
1546498787772;[171, 0, 17, 255, 161, 72, 68, 190, 17, 0, 0, 65, 1, 0, 60, 1, 0, 235, 7, 251]
1546498787776;[171, 0, 17, 255, 161, 72, 68, 190, 18, 0, 0, 77, 1, 0, 62, 1, 0, 233, 7, 189]
1546498787943;[171, 0, 17, 255, 161, 72, 68, 190, 18, 0, 0, 71, 1, 0, 62, 1, 0, 233, 7, 125]
1546498788116;[171, 0, 17, 255, 161, 72, 68, 190, 18, 0, 0, 67, 1, 0, 64, 1, 0, 232, 7, 51]
1546498788120;[171, 0, 4, 255, 132, 128, 79]
1546498788288;[171, 0, 17, 255, 161, 72, 68, 190, 18, 0, 0, 77, 1, 0, 64, 1, 0, 234, 7, 62]
1546498788292;[171, 0, 17, 255, 161, 72, 68, 190, 18, 0, 0, 67, 1, 0, 65, 1, 0, 232, 7, 54]
1546498788463;[171, 0, 17, 255, 161, 72, 68, 190, 18, 0, 0, 76, 1, 0, 64, 1, 0, 235, 7, 10]
1546498788467;[171, 0, 17, 255, 161, 72, 68, 190, 18, 0, 0, 77, 1, 0, 62, 1, 0, 232, 6, 237]
1546498788634;[171, 0, 17, 255, 161, 72, 68, 190, 18, 0, 0, 72, 1, 0, 65, 1, 0, 234, 6, 202]
1546498788982;[171, 0, 17, 255, 161, 72, 68, 190, 18, 0, 0, 77, 1, 0, 61, 1, 0, 233, 6, 144]
1546498788986;[171, 0, 17, 255, 161, 72, 68, 190, 18, 0, 0, 76, 1, 0, 65, 1, 0, 233, 6, 93]
1546498788991;[171, 0, 17, 255, 161, 72, 68, 190, 19, 0, 0, 71, 1, 0, 63, 1, 0, 236, 6, 68]
1546498788995;[171, 0, 17, 255, 161, 72, 68, 190, 19, 0, 0, 71, 1, 0, 62, 1, 0, 234, 6, 128]
1546498789151;[171, 0, 17, 255, 161, 72, 68, 190, 19, 0, 0, 69, 1, 0, 64, 1, 0, 233, 6, 153]
1546498789323;[171, 0, 4, 255, 132, 128, 79]
1546498789496;[171, 0, 17, 255, 161, 72, 68, 190, 19, 0, 0, 71, 1, 0, 66, 1, 0, 234, 6, 174]
1546498789500;[171, 0, 17, 255, 161, 72, 68, 190, 19, 0, 0, 61, 1, 0, 62, 1, 0, 244, 6, 242]
1546498789504;[171, 0, 17, 255, 161, 72, 68, 190, 19, 0, 0, 49, 1, 0, 65, 1, 0, 244, 7, 11]
1546498789668;[171, 0, 17, 255, 161, 72, 68, 190, 19, 0, 0, 41, 1, 0, 64, 1, 0, 242, 6, 255]
1546498789672;[171, 0, 17, 255, 161, 72, 68, 190, 19, 0, 0, 27, 1, 0, 62, 1, 0, 242, 6, 227]
1546498789840;[171, 0, 17, 255, 161, 72, 68, 190, 19, 0, 0, 47, 1, 0, 62, 1, 0, 242, 7, 34]
1546498790187;[171, 0, 17, 255, 161, 72, 68, 190, 19, 0, 0, 51, 1, 0, 64, 1, 0, 241, 7, 81]
1546498790191;[171, 0, 17, 255, 161, 72, 68, 190, 20, 0, 0, 54, 1, 0, 64, 1, 0, 240, 7, 89]
1546498790195;[171, 0, 17, 255, 161, 72, 68, 190, 20, 0, 0, 61, 1, 0, 64, 1, 0, 240, 7, 125]
1546498790199;[171, 0, 17, 255, 161, 72, 68, 190, 20, 0, 0, 58, 1, 0, 64, 1, 0, 240, 7, 139]
1546498790359;[171, 0, 4, 255, 132, 128, 79]
1546498790363;[171, 0, 17, 255, 161, 72, 68, 190, 20, 0, 0, 43, 1, 0, 65, 1, 0, 240, 7, 104]
1546498790529;[171, 0, 17, 255, 161, 72, 68, 190, 20, 0, 0, 43, 1, 0, 59, 1, 0, 238, 6, 218]
1546498790703;[171, 0, 17, 255, 161, 72, 68, 190, 20, 0, 0, 48, 1, 0, 58, 1, 0, 244, 6, 48]
1546498790707;[171, 0, 17, 255, 161, 72, 68, 190, 20, 0, 0, 55, 1, 0, 61, 1, 0, 236, 6, 14]
1546498790876;[171, 0, 17, 255, 161, 72, 68, 190, 20, 0, 0, 54, 1, 0, 57, 1, 0, 242, 5, 224]
1546498790880;[171, 0, 17, 255, 161, 72, 68, 190, 20, 0, 0, 51, 1, 0, 57, 1, 0, 242, 5, 207]
1546498791048;[171, 0, 17, 255, 161, 72, 68, 190, 20, 0, 0, 61, 1, 0, 59, 1, 0, 240, 5, 142]
1546498791222;[171, 0, 17, 255, 161, 72, 68, 190, 21, 0, 0, 59, 1, 0, 59, 1, 0, 236, 5, 133]
1546498791226;[171, 0, 17, 255, 161, 72, 68, 190, 21, 0, 0, 63, 1, 0, 60, 1, 0, 240, 5, 185]
1546498791566;[171, 0, 17, 255, 161, 72, 68, 190, 21, 0, 0, 61, 1, 0, 59, 1, 0, 235, 5, 211]
1546498791570;[171, 0, 4, 255, 132, 128, 79]
1546498791574;[171, 0, 17, 255, 161, 72, 68, 190, 21, 0, 0, 64, 1, 0, 59, 1, 0, 240, 6, 61]
1546498791578;[171, 0, 17, 255, 161, 72, 68, 190, 21, 0, 0, 63, 1, 0, 59, 1, 0, 235, 6, 171]
1546498791738;[171, 0, 17, 255, 161, 72, 68, 190, 21, 0, 0, 64, 1, 0, 61, 1, 0, 237, 6, 181]
1546498791911;[171, 0, 17, 255, 161, 72, 68, 190, 21, 0, 0, 67, 1, 0, 60, 1, 0, 235, 6, 223]
1546498791915;[171, 0, 17, 255, 161, 72, 68, 190, 21, 0, 0, 66, 1, 0, 60, 1, 0, 234, 6, 226]
1546498792083;[171, 0, 17, 255, 161, 72, 68, 190, 21, 0, 0, 66, 1, 0, 60, 1, 0, 235, 6, 211]
1546498792087;[171, 0, 17, 255, 161, 72, 68, 190, 21, 0, 0, 66, 1, 0, 59, 1, 0, 235, 6, 188]
1546498792257;[171, 0, 17, 255, 161, 72, 68, 190, 22, 0, 0, 72, 1, 0, 60, 1, 0, 234, 6, 235]
1546498792261;[171, 0, 17, 255, 161, 72, 68, 190, 22, 0, 0, 67, 1, 0, 59, 1, 0, 235, 7, 60]
1546498792429;[171, 0, 17, 255, 161, 72, 68, 190, 22, 0, 0, 77, 1, 0, 58, 1, 0, 237, 7, 61]
1546498792775;[171, 0, 4, 255, 132, 128, 79]
1546498792779;[171, 0, 17, 255, 161, 72, 68, 190, 22, 0, 0, 66, 1, 0, 59, 1, 0, 232, 7, 69]
1546498792783;[171, 0, 17, 255, 161, 72, 68, 190, 22, 0, 0, 67, 1, 0, 58, 1, 0, 234, 7, 52]
1546498792787;[171, 0, 17, 255, 161, 72, 68, 190, 22, 0, 0, 71, 1, 0, 60, 1, 0, 235, 7, 24]
1546498792946;[171, 0, 17, 255, 161, 72, 68, 190, 22, 0, 0, 67, 1, 0, 60, 1, 0, 235, 6, 230]
1546498793120;[171, 0, 17, 255, 161, 72, 68, 190, 22, 0, 0, 65, 1, 0, 61, 1, 0, 233, 6, 216]
1546498793124;[171, 0, 17, 255, 161, 72, 68, 190, 22, 0, 0, 80, 1, 0, 60, 1, 0, 235, 7, 56]
1546498793292;[171, 0, 17, 255, 161, 72, 68, 190, 22, 0, 0, 75, 1, 0, 60, 1, 0, 234, 7, 67]
1546498793296;[171, 0, 17, 255, 161, 72, 68, 190, 23, 0, 0, 80, 1, 0, 60, 1, 0, 232, 7, 61]
1546498793468;[171, 0, 17, 255, 161, 72, 68, 190, 23, 0, 0, 77, 1, 0, 60, 1, 0, 234, 7, 48]
1546498793472;[171, 0, 17, 255, 161, 72, 68, 190, 23, 0, 0, 80, 1, 0, 60, 1, 0, 235, 7, 7]
1546498793635;[171, 0, 4, 255, 132, 128, 79]
1546498794155;[171, 0, 17, 255, 161, 72, 68, 190, 23, 0, 0, 86, 1, 0, 59, 1, 0, 235, 6, 225]
1546498794159;[171, 0, 17, 255, 161, 72, 68, 190, 23, 0, 0, 67, 1, 0, 60, 1, 0, 232, 6, 189]
1546498794163;[171, 0, 17, 255, 161, 72, 68, 190, 23, 0, 0, 77, 1, 0, 59, 1, 0, 235, 6, 238]
1546498794167;[171, 0, 17, 255, 161, 72, 68, 190, 23, 0, 0, 72, 1, 0, 60, 1, 0, 235, 7, 33]
1546498794327;[171, 0, 17, 255, 161, 72, 68, 190, 23, 0, 0, 78, 1, 0, 59, 1, 0, 234, 7, 14]
1546498794332;[171, 0, 17, 255, 161, 72, 68, 190, 23, 0, 0, 77, 1, 0, 60, 1, 0, 232, 7, 18]
1546498794336;[171, 0, 17, 255, 161, 72, 68, 190, 23, 0, 0, 86, 1, 0, 59, 1, 0, 234, 6, 244]
1546498794499;[171, 0, 17, 255, 161, 72, 68, 190, 24, 0, 0, 76, 1, 0, 60, 1, 0, 230, 6, 202]
1546498794503;[171, 0, 17, 255, 161, 72, 68, 190, 24, 0, 0, 84, 1, 0, 60, 1, 0, 233, 6, 149]
1546498794670;[171, 0, 17, 255, 161, 72, 68, 190, 26, 0, 0, 86, 1, 0, 59, 1, 0, 230, 6, 187]
1546498794843;[171, 0, 17, 255, 161, 72, 68, 190, 26, 0, 0, 86, 1, 0, 61, 1, 0, 232, 7, 24]
1546498795015;[171, 0, 17, 255, 161, 72, 68, 190, 26, 0, 0, 91, 1, 0, 59, 1, 0, 232, 7, 50]
1546498795363;[171, 0, 17, 255, 161, 72, 68, 190, 26, 0, 0, 87, 1, 0, 59, 1, 0, 230, 7, 55]
1546498795367;[171, 0, 17, 255, 161, 72, 68, 190, 26, 0, 0, 86, 1, 0, 58, 1, 0, 230, 7, 41]
1546498795372;[171, 0, 17, 255, 161, 72, 68, 190, 26, 0, 0, 93, 1, 0, 59, 1, 0, 232, 7, 6]
1546498795376;[171, 0, 17, 255, 161, 72, 68, 190, 26, 0, 0, 87, 1, 0, 59, 1, 0, 230, 6, 213]
1546498795533;[171, 0, 17, 255, 161, 72, 68, 190, 27, 0, 0, 85, 1, 0, 59, 1, 0, 230, 6, 184]
1546498795706;[171, 0, 17, 255, 161, 72, 68, 190, 27, 0, 0, 83, 1, 0, 61, 1, 0, 228, 6, 254]
1546498795710;[171, 0, 17, 255, 161, 72, 68, 190, 27, 0, 0, 86, 1, 0, 58, 1, 0, 228, 6, 249]
1546498795878;[171, 0, 4, 255, 132, 128, 79]
1546498795882;[171, 0, 17, 255, 161, 72, 68, 190, 27, 0, 0, 84, 1, 0, 59, 1, 0, 230, 6, 236]
1546498796050;[171, 0, 17, 255, 161, 72, 68, 190, 27, 0, 0, 87, 1, 0, 55, 1, 0, 230, 6, 214]
1546498796224;[171, 0, 17, 255, 161, 72, 68, 190, 27, 0, 0, 86, 1, 0, 59, 1, 0, 229, 6, 160]
1546498796228;[171, 0, 17, 255, 161, 72, 68, 190, 27, 0, 0, 86, 1, 0, 56, 1, 0, 232, 6, 103]
1546498796570;[171, 0, 17, 255, 161, 72, 68, 190, 27, 0, 0, 86, 1, 0, 58, 1, 0, 230, 6, 65]
1546498796574;[171, 0, 17, 255, 161, 72, 68, 190, 27, 0, 0, 98, 1, 0, 59, 1, 0, 229, 6, 138]
1546498796578;[171, 0, 17, 255, 161, 72, 68, 190, 27, 0, 0, 86, 1, 0, 59, 1, 0, 228, 6, 138]
1546498796583;[171, 0, 17, 255, 161, 72, 68, 190, 28, 0, 0, 86, 1, 0, 63, 1, 0, 228, 6, 91]
1546498796740;[171, 0, 17, 255, 161, 72, 68, 190, 28, 0, 0, 101, 1, 0, 60, 1, 0, 229, 6, 58]
1546498796914;[171, 0, 17, 255, 161, 72, 68, 190, 28, 0, 0, 84, 1, 0, 60, 1, 0, 229, 6, 1]
1546498796918;[171, 0, 4, 255, 132, 128, 80]
1546498797087;[171, 0, 17, 255, 161, 72, 68, 190, 28, 0, 0, 101, 1, 0, 59, 1, 0, 233, 5, 157]
1546498797091;[171, 0, 17, 255, 161, 72, 68, 190, 28, 0, 0, 82, 1, 0, 60, 1, 0, 229, 5, 82]
1546498797257;[171, 0, 17, 255, 161, 72, 68, 190, 28, 0, 0, 80, 1, 0, 61, 1, 0, 230, 5, 60]
1546498797262;[171, 0, 17, 255, 161, 72, 68, 190, 28, 0, 0, 86, 1, 0, 61, 1, 0, 232, 5, 31]
1546498797431;[171, 0, 17, 255, 161, 72, 68, 190, 28, 0, 0, 87, 1, 0, 60, 1, 0, 232, 4, 221]
1546498797604;[171, 0, 17, 255, 161, 72, 68, 190, 28, 0, 0, 83, 1, 0, 61, 1, 0, 230, 4, 152]
1546498797608;[171, 0, 17, 255, 161, 72, 68, 190, 28, 0, 0, 91, 1, 0, 60, 1, 0, 232, 4, 74]
1546498797951;[171, 0, 17, 255, 161, 72, 68, 190, 29, 0, 0, 86, 1, 0, 60, 1, 0, 230, 4, 2]
1546498797955;[171, 0, 17, 255, 161, 72, 68, 190, 29, 0, 0, 87, 1, 0, 64, 1, 0, 230, 3, 184]
1546498797959;[171, 0, 17, 255, 161, 72, 68, 190, 29, 0, 0, 86, 1, 0, 60, 1, 0, 229, 3, 146]
1546498798122;[171, 0, 4, 255, 132, 128, 80]
1546498798126;[171, 0, 17, 255, 161, 72, 68, 190, 29, 0, 0, 86, 1, 0, 64, 1, 0, 230, 3, 138]
1546498798293;[171, 0, 17, 255, 161, 72, 68, 190, 29, 0, 0, 84, 1, 0, 64, 1, 0, 229, 3, 83]
1546498798297;[171, 0, 17, 255, 161, 72, 68, 190, 29, 0, 0, 87, 1, 0, 61, 1, 0, 232, 3, 37]
1546498798474;[171, 0, 17, 255, 161, 72, 68, 190, 29, 0, 0, 86, 1, 0, 60, 1, 0, 230, 2, 249]
1546498798477;[171, 0, 17, 255, 161, 72, 68, 190, 29, 0, 0, 84, 1, 0, 61, 1, 0, 230, 2, 186]
1546498798639;[171, 0, 17, 255, 161, 72, 68, 190, 29, 0, 0, 83, 1, 0, 64, 1, 0, 228, 2, 123]
1546498798811;[171, 0, 17, 255, 161, 72, 68, 190, 29, 0, 0, 91, 1, 0, 60, 1, 0, 229, 2, 128]
1546498798815;[171, 0, 17, 255, 161, 72, 68, 190, 30, 0, 0, 84, 1, 0, 60, 1, 0, 229, 2, 147]
1546498799160;[171, 0, 17, 255, 161, 72, 68, 190, 30, 0, 0, 86, 1, 0, 62, 1, 0, 230, 2, 129]
1546498799164;[171, 0, 17, 255, 161, 72, 68, 190, 30, 0, 0, 87, 1, 0, 60, 1, 0, 232, 2, 118]
1546498799168;[171, 0, 4, 255, 132, 128, 80]
1546498799172;[171, 0, 17, 255, 161, 72, 68, 190, 30, 0, 0, 86, 1, 0, 59, 1, 0, 230, 2, 79]
1546498799328;[171, 0, 17, 255, 161, 72, 68, 190, 30, 0, 0, 87, 1, 0, 60, 1, 0, 232, 2, 27]
1546498799500;[171, 0, 17, 255, 161, 72, 68, 190, 30, 0, 0, 83, 1, 0, 64, 1, 0, 231, 1, 225]
1546498799504;[171, 0, 17, 255, 161, 72, 68, 190, 30, 0, 0, 84, 1, 0, 60, 1, 0, 229, 1, 190]
1546498799674;[171, 0, 17, 255, 161, 72, 68, 190, 30, 0, 0, 86, 1, 0, 64, 1, 0, 229, 1, 192]
1546498799678;[171, 0, 17, 255, 161, 72, 68, 190, 30, 0, 0, 86, 1, 0, 64, 1, 0, 229, 1, 170]
1546498799845;[171, 0, 17, 255, 161, 72, 68, 190, 30, 0, 0, 85, 1, 0, 62, 1, 0, 229, 1, 150]
1546498800019;[171, 0, 17, 255, 161, 72, 68, 190, 31, 0, 0, 86, 1, 0, 64, 1, 0, 233, 1, 114]
1546498800023;[171, 0, 17, 255, 161, 72, 68, 190, 31, 0, 0, 84, 1, 0, 64, 1, 0, 229, 1, 81]
1546498800191;[171, 0, 17, 255, 161, 72, 68, 190, 31, 0, 0, 86, 1, 0, 60, 1, 0, 230, 1, 35]
1546498800195;[171, 0, 4, 255, 132, 128, 81]
1546498800537;[171, 0, 17, 255, 161, 72, 68, 190, 31, 0, 0, 84, 1, 0, 61, 1, 0, 234, 1, 33]
1546498800541;[171, 0, 17, 255, 161, 72, 68, 190, 31, 0, 0, 83, 1, 0, 64, 1, 0, 230, 1, 90]
1546498800545;[171, 0, 17, 255, 161, 72, 68, 190, 31, 0, 0, 86, 1, 0, 60, 1, 0, 230, 1, 104]
1546498800710;[171, 0, 17, 255, 161, 72, 68, 190, 31, 0, 0, 85, 1, 0, 62, 1, 0, 232, 1, 127]
1546498800713;[171, 0, 17, 255, 161, 72, 68, 190, 31, 0, 0, 87, 1, 0, 64, 1, 0, 229, 1, 145]
1546498800881;[171, 0, 17, 255, 161, 72, 68, 190, 31, 0, 0, 84, 1, 0, 64, 1, 0, 230, 1, 125]
1546498800885;[171, 0, 17, 255, 161, 72, 68, 190, 31, 0, 0, 87, 1, 0, 62, 1, 0, 234, 1, 111]
1546498801053;[171, 0, 17, 255, 161, 72, 68, 190, 32, 0, 0, 86, 1, 0, 60, 1, 0, 231, 1, 156]
1546498801057;[171, 0, 17, 255, 161, 72, 68, 190, 32, 0, 0, 86, 1, 0, 62, 1, 0, 229, 1, 252]
1546498801225;[171, 0, 17, 255, 161, 72, 68, 190, 32, 0, 0, 86, 1, 0, 64, 1, 0, 230, 2, 20]
1546498801399;[171, 0, 4, 255, 132, 128, 81]
1546498801403;[171, 0, 17, 255, 161, 72, 68, 190, 32, 0, 0, 87, 1, 0, 62, 1, 0, 230, 2, 54]
1546498801744;[171, 0, 17, 255, 161, 72, 68, 190, 32, 0, 0, 84, 1, 0, 64, 1, 0, 230, 2, 66]
1546498801748;[171, 0, 17, 255, 161, 72, 68, 190, 32, 0, 0, 85, 1, 0, 64, 1, 0, 229, 2, 47]
1546498801752;[171, 0, 17, 255, 161, 72, 68, 190, 32, 0, 0, 86, 1, 0, 62, 1, 0, 230, 2, 44]
1546498801916;[171, 0, 17, 255, 161, 72, 68, 190, 32, 0, 0, 86, 1, 0, 63, 1, 0, 230, 2, 139]
1546498801920;[171, 0, 17, 255, 161, 72, 68, 190, 32, 0, 0, 87, 1, 0, 60, 1, 0, 230, 3, 18]
1546498802089;[171, 0, 17, 255, 161, 72, 68, 190, 32, 0, 0, 87, 1, 0, 62, 1, 0, 229, 3, 77]
1546498802093;[171, 0, 17, 255, 161, 72, 68, 190, 33, 0, 0, 92, 1, 0, 64, 1, 0, 228, 3, 136]
1546498802262;[171, 0, 17, 255, 161, 72, 68, 190, 33, 0, 0, 84, 1, 0, 64, 1, 0, 229, 3, 154]
1546498802266;[171, 0, 17, 255, 161, 72, 68, 190, 33, 0, 0, 93, 1, 0, 62, 1, 0, 229, 3, 138]
1546498802431;[171, 0, 4, 255, 132, 128, 81]
1546498802605;[171, 0, 17, 255, 161, 72, 68, 190, 33, 0, 0, 87, 1, 0, 64, 1, 0, 229, 3, 119]
1546498802609;[171, 0, 17, 255, 161, 72, 68, 190, 33, 0, 0, 87, 1, 0, 62, 1, 0, 230, 3, 218]
1546498803127;[171, 0, 17, 255, 161, 72, 68, 190, 33, 0, 0, 87, 1, 0, 62, 1, 0, 228, 4, 107]
1546498803131;[171, 0, 17, 255, 161, 72, 68, 190, 33, 0, 0, 91, 1, 0, 62, 1, 0, 228, 4, 146]
1546498803135;[171, 0, 17, 255, 161, 72, 68, 190, 33, 0, 0, 85, 1, 0, 62, 1, 0, 230, 4, 187]
1546498803140;[171, 0, 17, 255, 161, 72, 68, 190, 33, 0, 0, 87, 1, 0, 62, 1, 0, 230, 4, 177]
1546498803296;[171, 0, 17, 255, 161, 72, 68, 190, 33, 0, 0, 86, 1, 0, 64, 1, 0, 229, 4, 148]
1546498803301;[171, 0, 17, 255, 161, 72, 68, 190, 34, 0, 0, 86, 1, 0, 64, 1, 0, 230, 4, 106]
1546498803305;[171, 0, 17, 255, 161, 72, 68, 190, 34, 0, 0, 86, 1, 0, 62, 1, 0, 230, 4, 86]
1546498803473;[171, 0, 17, 255, 161, 72, 68, 190, 34, 0, 0, 91, 1, 0, 62, 1, 0, 230, 4, 238]
1546498803476;[171, 0, 4, 255, 132, 128, 82]
