1546497140573;[171, 0, 17, 255, 161, 72, 68, 183, 50, 0, 0, 178, 0, 0, 4, 1, 0, 184, 2, 149]
1546497140739;[171, 0, 17, 255, 161, 72, 68, 183, 50, 0, 0, 181, 0, 0, 6, 1, 0, 186, 2, 139]
1546497140914;[171, 0, 17, 255, 161, 72, 68, 183, 50, 0, 0, 167, 0, 0, 8, 1, 0, 191, 2, 131]
1546497140918;[171, 0, 17, 255, 161, 72, 68, 183, 50, 0, 0, 173, 0, 0, 8, 1, 0, 187, 2, 99]
1546497141087;[171, 0, 17, 255, 161, 72, 68, 183, 50, 0, 0, 171, 0, 0, 12, 1, 0, 194, 2, 79]
1546497141091;[171, 0, 17, 255, 161, 72, 68, 183, 50, 0, 0, 173, 0, 0, 12, 1, 0, 192, 2, 39]
1546497141259;[171, 0, 17, 255, 161, 72, 68, 183, 50, 0, 0, 167, 0, 0, 8, 1, 0, 194, 2, 60]
1546497141263;[171, 0, 17, 255, 161, 72, 68, 183, 50, 0, 0, 167, 0, 0, 4, 1, 0, 194, 2, 67]
1546497141604;[171, 0, 17, 255, 161, 72, 68, 183, 51, 0, 0, 171, 0, 0, 8, 1, 0, 194, 2, 39]
1546497141608;[171, 0, 4, 255, 132, 128, 79]
1546497141613;[171, 0, 17, 255, 161, 72, 68, 183, 51, 0, 0, 167, 0, 0, 12, 1, 0, 192, 2, 30]
1546497141775;[171, 0, 17, 255, 161, 72, 68, 183, 51, 0, 0, 173, 0, 0, 4, 1, 0, 194, 1, 255]
1546497141779;[171, 0, 17, 255, 161, 72, 68, 183, 51, 0, 0, 178, 0, 0, 6, 1, 0, 191, 1, 225]
1546497141948;[171, 0, 17, 255, 161, 72, 68, 183, 51, 0, 0, 178, 0, 0, 8, 1, 0, 191, 1, 219]
1546497141952;[171, 0, 17, 255, 161, 72, 68, 183, 51, 0, 0, 178, 0, 0, 4, 1, 0, 190, 1, 233]
1546497142122;[171, 0, 17, 255, 161, 72, 68, 183, 51, 0, 0, 173, 0, 0, 4, 1, 0, 194, 1, 227]
1546497142295;[171, 0, 17, 255, 161, 72, 68, 183, 51, 0, 0, 167, 0, 0, 6, 1, 0, 192, 1, 222]
1546497142299;[171, 0, 17, 255, 161, 72, 68, 183, 51, 0, 0, 171, 0, 0, 8, 1, 0, 194, 1, 200]
1546497142472;[171, 0, 17, 255, 161, 72, 68, 183, 51, 0, 0, 167, 0, 0, 6, 1, 0, 195, 1, 181]
1546497142477;[171, 0, 17, 255, 161, 72, 68, 183, 52, 0, 0, 167, 0, 0, 6, 1, 0, 194, 1, 144]
1546497142811;[171, 0, 4, 255, 132, 128, 80]
1546497142815;[171, 0, 17, 255, 161, 72, 68, 183, 52, 0, 0, 167, 0, 0, 8, 1, 0, 192, 1, 162]
1546497142820;[171, 0, 17, 255, 161, 72, 68, 183, 52, 0, 0, 173, 0, 0, 10, 1, 0, 194, 1, 175]
1546497142983;[171, 0, 17, 255, 161, 72, 68, 183, 52, 0, 0, 167, 0, 0, 12, 1, 0, 194, 1, 183]
1546497142987;[171, 0, 17, 255, 161, 72, 68, 183, 52, 0, 0, 171, 0, 0, 4, 1, 0, 194, 1, 182]
1546497143156;[171, 0, 17, 255, 161, 72, 68, 183, 52, 0, 0, 167, 0, 0, 6, 1, 0, 194, 1, 163]
1546497143160;[171, 0, 17, 255, 161, 72, 68, 183, 52, 0, 0, 173, 0, 0, 8, 1, 0, 192, 1, 136]
1546497143330;[171, 0, 17, 255, 161, 72, 68, 183, 52, 0, 0, 167, 0, 0, 6, 1, 0, 194, 1, 133]
1546497143501;[171, 0, 17, 255, 161, 72, 68, 183, 52, 0, 0, 165, 0, 0, 4, 1, 0, 194, 1, 169]
1546497143504;[171, 0, 17, 255, 161, 72, 68, 183, 52, 0, 0, 167, 0, 0, 8, 1, 0, 192, 1, 190]
1546497143673;[171, 0, 17, 255, 161, 72, 68, 183, 55, 0, 0, 184, 1, 0, 3, 1, 0, 174, 7, 219]
1546497143846;[171, 0, 17, 255, 161, 72, 68, 183, 55, 0, 0, 181, 1, 0, 3, 1, 0, 195, 8, 21]
1546497143851;[171, 0, 17, 255, 161, 72, 68, 183, 55, 0, 1, 48, 0, 0, 8, 1, 0, 200, 8, 68]
1546497144191;[171, 0, 17, 255, 161, 72, 68, 183, 55, 0, 0, 73, 0, 0, 8, 1, 0, 237, 8, 203]
1546497144196;[171, 0, 17, 255, 161, 72, 68, 183, 55, 0, 0, 105, 0, 0, 1, 1, 0, 224, 9, 4]
1546497144364;[171, 0, 17, 255, 161, 72, 68, 183, 55, 0, 0, 99, 0, 0, 3, 1, 0, 234, 9, 108]
1546497144368;[171, 0, 17, 255, 161, 72, 68, 183, 55, 0, 0, 99, 0, 0, 4, 1, 0, 238, 9, 211]
1546497144536;[171, 0, 17, 255, 161, 72, 68, 183, 55, 0, 0, 91, 0, 0, 4, 1, 0, 239, 10, 26]
1546497144708;[171, 0, 17, 255, 161, 72, 68, 183, 55, 0, 0, 85, 0, 0, 2, 1, 0, 237, 10, 92]
1546497144713;[171, 0, 17, 255, 161, 72, 68, 183, 56, 0, 0, 86, 1, 0, 1, 1, 0, 240, 10, 133]
1546497144882;[171, 0, 4, 255, 132, 128, 82]
1546497144886;[171, 0, 17, 255, 161, 72, 68, 183, 56, 0, 0, 86, 1, 0, 2, 1, 0, 238, 10, 171]
1546497145053;[171, 0, 17, 255, 161, 72, 68, 183, 56, 0, 0, 80, 0, 0, 0, 1, 0, 239, 10, 200]
1546497145057;[171, 0, 17, 255, 161, 72, 68, 183, 56, 0, 0, 80, 0, 0, 1, 1, 0, 244, 11, 31]
1546497145400;[171, 0, 17, 255, 161, 72, 68, 183, 56, 0, 0, 79, 0, 0, 1, 1, 0, 246, 11, 136]
1546497145404;[171, 0, 17, 255, 161, 72, 68, 183, 56, 0, 0, 66, 0, 0, 2, 1, 0, 244, 11, 204]
1546497145408;[171, 0, 17, 255, 161, 72, 68, 183, 56, 0, 0, 76, 1, 0, 2, 1, 0, 246, 12, 14]
1546497145571;[171, 0, 17, 255, 161, 72, 68, 183, 56, 0, 0, 71, 0, 0, 1, 1, 0, 242, 12, 53]
1546497145575;[171, 0, 17, 255, 161, 72, 68, 183, 56, 0, 0, 77, 0, 0, 0, 1, 0, 244, 12, 89]
1546497145743;[171, 0, 17, 255, 161, 72, 68, 183, 56, 0, 0, 64, 1, 0, 1, 1, 0, 233, 12, 102]
1546497145915;[171, 0, 17, 255, 161, 72, 68, 183, 57, 0, 0, 77, 0, 0, 2, 1, 0, 253, 12, 131]
1546497145919;[171, 0, 4, 255, 132, 128, 82]
1546497146092;[171, 0, 17, 255, 161, 72, 68, 183, 57, 0, 0, 72, 1, 0, 2, 1, 0, 243, 12, 226]
1546497146094;[171, 0, 17, 255, 161, 72, 68, 183, 57, 0, 0, 67, 0, 0, 1, 1, 0, 249, 13, 57]
1546497146262;[171, 0, 17, 255, 161, 72, 68, 183, 57, 0, 0, 66, 1, 0, 2, 1, 0, 244, 13, 107]
1546497146265;[171, 0, 17, 255, 161, 72, 68, 183, 57, 0, 0, 66, 1, 0, 1, 1, 0, 249, 13, 140]
1546497146782;[171, 0, 17, 255, 161, 72, 68, 183, 57, 0, 0, 58, 1, 0, 2, 1, 0, 244, 13, 156]
1546497146785;[171, 0, 17, 255, 161, 72, 68, 183, 57, 0, 0, 66, 1, 0, 1, 1, 0, 251, 13, 166]
1546497146789;[171, 0, 17, 255, 161, 72, 68, 183, 57, 0, 0, 66, 1, 0, 4, 1, 0, 242, 13, 164]
1546497146794;[171, 0, 17, 255, 161, 72, 68, 183, 57, 0, 0, 58, 1, 0, 2, 1, 0, 247, 13, 173]
1546497146952;[171, 0, 17, 255, 161, 72, 68, 183, 57, 0, 0, 66, 0, 0, 2, 1, 0, 233, 13, 241]
1546497146956;[171, 0, 17, 255, 161, 72, 68, 183, 58, 0, 0, 66, 0, 0, 2, 1, 0, 240, 13, 241]
1546497146960;[171, 0, 4, 255, 132, 128, 83]
1546497147124;[171, 0, 17, 255, 161, 72, 68, 183, 58, 0, 0, 101, 0, 0, 4, 1, 0, 231, 13, 202]
1546497147296;[171, 0, 17, 255, 161, 72, 68, 183, 58, 0, 0, 108, 0, 0, 21, 1, 0, 243, 13, 221]
1546497147300;[171, 0, 17, 255, 161, 72, 68, 183, 58, 0, 0, 118, 0, 0, 16, 1, 0, 241, 13, 223]
1546497147473;[171, 0, 17, 255, 161, 72, 68, 183, 58, 0, 0, 83, 0, 0, 25, 1, 0, 200, 13, 164]
1546497147481;[171, 0, 17, 255, 161, 72, 68, 183, 58, 0, 0, 114, 0, 0, 16, 1, 0, 236, 13, 94]
1546497147641;[171, 0, 17, 255, 161, 72, 68, 183, 58, 0, 0, 139, 0, 0, 56, 1, 0, 204, 13, 36]
1546497147988;[171, 0, 17, 255, 161, 72, 68, 183, 58, 0, 0, 189, 0, 0, 68, 1, 1, 10, 13, 33]
1546497147992;[171, 0, 17, 255, 161, 72, 68, 183, 58, 0, 0, 118, 0, 0, 127, 1, 0, 234, 13, 6]
1546497147997;[171, 0, 17, 255, 161, 72, 68, 183, 58, 0, 0, 77, 0, 0, 112, 1, 0, 240, 12, 211]
1546497148001;[171, 0, 17, 255, 161, 72, 68, 183, 59, 0, 0, 85, 0, 0, 109, 1, 0, 251, 12, 162]
1546497148159;[171, 0, 4, 255, 132, 128, 83]
1546497148163;[171, 0, 17, 255, 161, 72, 68, 183, 59, 0, 0, 142, 0, 0, 78, 1, 0, 241, 11, 228]
1546497148332;[171, 0, 17, 255, 161, 72, 68, 183, 59, 0, 0, 162, 0, 0, 16, 1, 0, 211, 11, 67]
1546497148503;[171, 0, 17, 255, 161, 72, 68, 183, 59, 0, 0, 141, 0, 0, 28, 1, 0, 115, 11, 27]
1546497148508;[171, 0, 17, 255, 161, 72, 68, 183, 59, 0, 0, 128, 0, 0, 62, 1, 0, 105, 11, 30]
1546497148677;[171, 0, 17, 255, 161, 72, 68, 183, 59, 0, 0, 121, 0, 0, 105, 1, 0, 74, 11, 206]
1546497148681;[171, 0, 17, 255, 161, 72, 68, 183, 59, 0, 1, 28, 0, 0, 126, 1, 0, 47, 12, 36]
1546497148849;[171, 0, 17, 255, 161, 72, 68, 183, 59, 0, 0, 203, 0, 0, 162, 1, 0, 80, 12, 38]
1546497148852;[171, 0, 17, 255, 161, 72, 68, 183, 59, 0, 1, 30, 0, 0, 95, 1, 0, 3, 12, 38]
1546497149194;[171, 0, 17, 255, 161, 72, 68, 183, 59, 0, 1, 9, 0, 0, 141, 0, 0, 7, 12, 38]
1546497149199;[171, 0, 17, 255, 161, 72, 68, 183, 64, 0, 0, 207, 0, 0, 104, 1, 0, 101, 12, 165]
1546497149202;[171, 0, 4, 255, 132, 128, 83]
1546497149366;[171, 0, 17, 255, 161, 72, 68, 183, 64, 0, 1, 3, 0, 0, 109, 1, 0, 162, 12, 161]
1546497149537;[171, 0, 17, 255, 161, 72, 68, 183, 64, 0, 0, 129, 0, 0, 75, 1, 0, 186, 12, 83]
1546497149541;[171, 0, 17, 255, 161, 72, 68, 183, 64, 0, 0, 31, 0, 0, 102, 1, 0, 235, 12, 122]
1546497149712;[171, 0, 17, 255, 161, 72, 68, 183, 64, 1, 0, 82, 0, 0, 119, 1, 0, 246, 13, 4]
1546497149716;[171, 0, 17, 255, 161, 72, 68, 183, 64, 1, 0, 23, 0, 0, 135, 1, 0, 239, 12, 12]
1546497149883;[171, 0, 17, 255, 161, 72, 68, 183, 64, 1, 0, 88, 0, 0, 137, 1, 1, 37, 11, 77]
1546497149887;[171, 0, 17, 255, 161, 72, 68, 183, 64, 0, 0, 71, 0, 0, 22, 1, 0, 200, 11, 32]
1546497150056;[171, 0, 17, 255, 161, 72, 68, 183, 64, 0, 0, 255, 0, 0, 25, 1, 0, 220, 10, 45]
1546497150060;[171, 0, 17, 255, 161, 72, 68, 183, 64, 0, 0, 153, 1, 0, 6, 1, 0, 130, 10, 79]
1546497150228;[171, 0, 17, 255, 161, 72, 68, 183, 65, 1, 0, 39, 0, 0, 107, 1, 0, 196, 10, 132]
1546497150575;[171, 0, 4, 255, 132, 128, 82]
1546497150580;[171, 0, 17, 255, 161, 72, 68, 183, 65, 1, 0, 119, 0, 0, 124, 1, 0, 206, 10, 93]
1546497150584;[171, 0, 17, 255, 161, 72, 68, 183, 65, 1, 0, 76, 0, 0, 141, 1, 0, 167, 9, 247]
1546497150588;[171, 0, 17, 255, 161, 72, 68, 183, 65, 1, 0, 109, 0, 0, 207, 1, 0, 213, 9, 117]
1546497150749;[171, 0, 17, 255, 161, 72, 68, 183, 65, 1, 0, 72, 0, 0, 182, 1, 0, 189, 9, 3]
1546497150752;[171, 0, 17, 255, 161, 72, 68, 183, 65, 1, 0, 25, 0, 0, 223, 1, 0, 212, 9, 72]
1546497150918;[171, 0, 17, 255, 161, 72, 68, 183, 65, 1, 0, 121, 0, 0, 221, 1, 0, 206, 9, 121]
1546497151092;[171, 0, 17, 255, 161, 72, 68, 183, 65, 0, 0, 5, 0, 0, 185, 1, 0, 169, 9, 130]
1546497151097;[171, 0, 17, 255, 161, 72, 68, 183, 65, 0, 0, 34, 0, 0, 212, 1, 0, 180, 9, 173]
1546497151264;[171, 0, 17, 255, 161, 72, 68, 183, 65, 0, 0, 63, 0, 0, 173, 1, 0, 157, 9, 191]
1546497151268;[171, 0, 17, 255, 161, 72, 68, 183, 66, 0, 0, 44, 0, 0, 203, 1, 0, 180, 9, 115]
1546497151437;[171, 0, 4, 255, 132, 128, 82]
1546497153661;[171, 0, 17, 255, 161, 72, 68, 183, 66, 0, 0, 24, 0, 0, 206, 1, 0, 120, 8, 199]
1546497153663;[171, 0, 17, 255, 161, 72, 68, 183, 66, 0, 0, 60, 0, 0, 227, 1, 0, 180, 9, 24]
1546497153665;[171, 0, 17, 255, 161, 72, 68, 183, 66, 0, 0, 59, 0, 0, 199, 1, 0, 162, 9, 70]
1546497153667;[171, 0, 17, 255, 161, 72, 68, 183, 66, 0, 0, 81, 0, 0, 224, 1, 0, 133, 9, 143]
1546497153669;[171, 0, 17, 255, 161, 72, 68, 183, 66, 0, 0, 115, 0, 0, 226, 1, 0, 163, 9, 178]
1546497153672;[171, 0, 17, 255, 161, 72, 68, 183, 66, 0, 0, 174, 0, 1, 3, 1, 0, 111, 9, 195]
1546497153679;[171, 0, 17, 255, 161, 72, 68, 183, 66, 0, 0, 151, 0, 0, 236, 1, 0, 121, 9, 188]
1546497153681;[171, 0, 17, 255, 161, 72, 68, 183, 66, 0, 0, 141, 0, 0, 201, 1, 0, 128, 9, 1]
1546497153683;[171, 0, 17, 255, 161, 72, 68, 183, 66, 0, 0, 163, 0, 0, 147, 1, 0, 94, 8, 112]
1546497153686;[171, 0, 17, 255, 161, 72, 68, 183, 67, 0, 0, 105, 0, 0, 82, 1, 0, 196, 7, 201]
1546497153688;[171, 0, 4, 255, 132, 128, 82]
1546497153691;[171, 0, 17, 255, 161, 72, 68, 183, 67, 0, 0, 56, 0, 0, 16, 1, 0, 229, 6, 186]
1546497153692;[171, 0, 17, 255, 161, 72, 68, 183, 67, 0, 0, 114, 1, 0, 47, 1, 0, 215, 5, 72]
1546497153694;[171, 0, 17, 255, 161, 72, 68, 183, 67, 0, 0, 31, 1, 0, 96, 1, 0, 181, 4, 243]
1546497153700;[171, 0, 17, 255, 161, 72, 68, 183, 67, 1, 0, 15, 1, 0, 91, 1, 0, 219, 5, 21]
1546497153702;[171, 0, 17, 255, 161, 72, 68, 183, 67, 1, 0, 9, 1, 0, 47, 1, 0, 239, 4, 225]
1546497153704;[171, 0, 17, 255, 161, 72, 68, 183, 67, 0, 0, 29, 1, 0, 71, 1, 0, 206, 4, 127]
1546497153705;[171, 0, 17, 255, 161, 72, 68, 183, 67, 0, 0, 70, 1, 0, 38, 1, 1, 4, 4, 48]
1546497153708;[171, 0, 17, 255, 161, 72, 68, 183, 67, 0, 0, 72, 1, 0, 16, 1, 0, 224, 4, 48]
1546497153709;[171, 0, 17, 255, 161, 72, 68, 183, 67, 0, 0, 150, 1, 0, 46, 1, 0, 200, 4, 40]
1546497153712;[171, 0, 17, 255, 161, 72, 68, 183, 68, 0, 0, 181, 1, 0, 53, 1, 0, 191, 3, 102]
1546497153713;[171, 0, 4, 255, 132, 128, 82]
1546497153716;[171, 0, 17, 255, 161, 72, 68, 183, 68, 0, 0, 254, 1, 0, 28, 1, 0, 84, 3, 111]
1546497153851;[171, 0, 17, 255, 161, 72, 68, 183, 68, 0, 0, 241, 1, 0, 34, 1, 0, 70, 3, 176]
1546497153855;[171, 0, 17, 255, 161, 72, 68, 183, 68, 0, 1, 8, 1, 0, 42, 1, 0, 48, 3, 189]
1546497154023;[171, 0, 17, 255, 161, 72, 68, 183, 68, 0, 1, 12, 1, 0, 29, 1, 0, 62, 3, 213]
1546497154372;[171, 0, 17, 255, 161, 72, 68, 183, 68, 0, 1, 46, 1, 0, 22, 1, 0, 32, 3, 166]
1546497154376;[171, 0, 17, 255, 161, 72, 68, 183, 68, 0, 0, 238, 0, 0, 46, 1, 0, 125, 4, 108]
1546497154380;[171, 0, 17, 255, 161, 72, 68, 183, 68, 0, 1, 25, 1, 0, 13, 1, 0, 84, 4, 60]
1546497154384;[171, 0, 17, 255, 161, 72, 68, 183, 68, 0, 1, 3, 1, 0, 38, 1, 0, 87, 4, 15]
1546497154541;[171, 0, 17, 255, 161, 72, 68, 183, 68, 0, 0, 234, 1, 0, 30, 1, 0, 91, 4, 27]
1546497154713;[171, 0, 17, 255, 161, 72, 68, 183, 69, 0, 0, 224, 1, 0, 17, 1, 0, 93, 4, 63]
1546497154717;[171, 0, 4, 255, 132, 128, 82]
1546497154885;[171, 0, 17, 255, 161, 72, 68, 183, 69, 0, 0, 244, 1, 0, 26, 1, 0, 105, 4, 93]
1546497154890;[171, 0, 17, 255, 161, 72, 68, 183, 69, 0, 0, 219, 1, 0, 24, 1, 0, 121, 4, 103]
1546497155058;[171, 0, 17, 255, 161, 72, 68, 183, 69, 0, 0, 242, 1, 0, 24, 1, 0, 158, 4, 104]
1546497155062;[171, 0, 17, 255, 161, 72, 68, 183, 69, 0, 0, 214, 1, 0, 35, 1, 0, 119, 4, 122]
1546497155232;[171, 0, 17, 255, 161, 72, 68, 183, 69, 0, 0, 212, 1, 0, 24, 1, 0, 135, 4, 133]
1546497155578;[171, 0, 17, 255, 161, 72, 68, 183, 69, 0, 0, 215, 1, 0, 24, 1, 0, 137, 4, 163]
1546497155582;[171, 0, 17, 255, 161, 72, 68, 183, 69, 0, 0, 219, 1, 0, 24, 1, 0, 136, 4, 191]
1546497155586;[171, 0, 17, 255, 161, 72, 68, 183, 69, 0, 0, 221, 1, 0, 34, 1, 0, 127, 4, 209]
1546497155590;[171, 0, 17, 255, 161, 72, 68, 183, 69, 0, 0, 208, 1, 0, 16, 1, 0, 155, 4, 254]
1546497155750;[171, 0, 17, 255, 161, 72, 68, 183, 70, 0, 0, 203, 1, 0, 24, 1, 0, 119, 4, 241]
1546497155754;[171, 0, 4, 255, 132, 128, 82]
1546497155920;[171, 0, 17, 255, 161, 72, 68, 183, 70, 0, 0, 222, 1, 0, 24, 1, 0, 131, 4, 237]
1546497156094;[171, 0, 17, 255, 161, 72, 68, 183, 70, 0, 0, 217, 1, 0, 23, 1, 0, 145, 5, 4]
1546497156097;[171, 0, 17, 255, 161, 72, 68, 183, 70, 0, 0, 212, 1, 0, 23, 1, 0, 145, 5, 37]
1546497156266;[171, 0, 17, 255, 161, 72, 68, 183, 70, 0, 0, 206, 1, 0, 23, 1, 0, 145, 5, 63]
1546497156270;[171, 0, 17, 255, 161, 72, 68, 183, 70, 0, 0, 209, 1, 0, 23, 1, 0, 146, 5, 85]
1546497156439;[171, 0, 17, 255, 161, 72, 68, 183, 70, 0, 0, 211, 1, 0, 23, 1, 0, 145, 5, 81]
1546497156613;[171, 0, 17, 255, 161, 72, 68, 183, 70, 0, 0, 214, 1, 0, 24, 1, 0, 145, 5, 82]
1546497156617;[171, 0, 17, 255, 161, 72, 68, 183, 70, 0, 0, 206, 1, 0, 23, 1, 0, 145, 5, 82]
1546497156957;[171, 0, 17, 255, 161, 72, 68, 183, 70, 0, 0, 212, 1, 0, 23, 1, 0, 145, 5, 99]
1546497156961;[171, 0, 17, 255, 161, 72, 68, 183, 71, 0, 0, 211, 1, 0, 24, 1, 0, 145, 5, 130]
1546497156965;[171, 0, 4, 255, 132, 128, 82]
1546497156969;[171, 0, 17, 255, 161, 72, 68, 183, 71, 0, 0, 216, 1, 0, 24, 1, 0, 141, 5, 148]
1546497157127;[171, 0, 17, 255, 161, 72, 68, 183, 71, 0, 0, 203, 1, 0, 23, 1, 0, 145, 5, 150]
1546497157300;[171, 0, 17, 255, 161, 72, 68, 183, 71, 0, 0, 214, 1, 0, 23, 1, 0, 141, 5, 159]
1546497157305;[171, 0, 17, 255, 161, 72, 68, 183, 71, 0, 0, 209, 1, 0, 24, 1, 0, 145, 5, 156]
1546497157476;[171, 0, 17, 255, 161, 72, 68, 183, 71, 0, 0, 214, 1, 0, 23, 1, 0, 141, 5, 160]
1546497157480;[171, 0, 17, 255, 161, 72, 68, 183, 71, 0, 0, 211, 1, 0, 24, 1, 0, 141, 5, 194]
1546497157646;[171, 0, 17, 255, 161, 72, 68, 183, 71, 0, 0, 210, 1, 0, 24, 1, 0, 145, 5, 208]
1546497157650;[171, 0, 17, 255, 161, 72, 68, 183, 71, 0, 0, 212, 1, 0, 24, 1, 0, 145, 5, 225]
1546497157818;[171, 0, 17, 255, 161, 72, 68, 183, 71, 0, 0, 214, 1, 0, 23, 1, 0, 145, 5, 218]
1546497158166;[171, 0, 17, 255, 161, 72, 68, 183, 72, 0, 0, 209, 1, 0, 24, 1, 0, 141, 5, 218]
1546497158170;[171, 0, 4, 255, 132, 128, 82]
1546497158174;[171, 0, 17, 255, 161, 72, 68, 183, 72, 0, 0, 212, 1, 0, 24, 1, 0, 138, 5, 216]
1546497158178;[171, 0, 17, 255, 161, 72, 68, 183, 72, 0, 0, 206, 1, 0, 28, 1, 0, 140, 5, 246]
1546497158336;[171, 0, 17, 255, 161, 72, 68, 183, 72, 0, 0, 211, 1, 0, 24, 1, 0, 142, 6, 17]
1546497158509;[171, 0, 17, 255, 161, 72, 68, 183, 72, 0, 0, 215, 1, 0, 24, 1, 0, 145, 6, 32]
1546497158514;[171, 0, 17, 255, 161, 72, 68, 183, 72, 0, 0, 206, 1, 0, 24, 1, 0, 141, 6, 41]
1546497158681;[171, 0, 17, 255, 161, 72, 68, 183, 72, 0, 0, 198, 1, 0, 24, 1, 0, 134, 6, 43]
1546497158686;[171, 0, 17, 255, 161, 72, 68, 183, 72, 0, 0, 210, 1, 0, 24, 1, 0, 137, 6, 41]
1546497158851;[171, 0, 17, 255, 161, 72, 68, 183, 72, 0, 0, 209, 1, 0, 28, 1, 0, 140, 6, 40]
1546497158853;[171, 0, 17, 255, 161, 72, 68, 183, 72, 0, 0, 219, 1, 0, 33, 1, 0, 136, 6, 91]
1546497159025;[171, 0, 17, 255, 161, 72, 68, 183, 73, 0, 0, 211, 1, 0, 24, 1, 0, 146, 6, 91]
1546497159198;[171, 0, 4, 255, 132, 128, 83]
1546497159203;[171, 0, 17, 255, 161, 72, 68, 183, 73, 0, 0, 207, 1, 0, 24, 1, 0, 141, 6, 103]
1546497159546;[171, 0, 17, 255, 161, 72, 68, 183, 73, 0, 0, 211, 1, 0, 24, 1, 0, 141, 6, 123]
1546497159552;[171, 0, 17, 255, 161, 72, 68, 183, 73, 0, 0, 211, 1, 0, 24, 1, 0, 145, 6, 124]
1546497159556;[171, 0, 17, 255, 161, 72, 68, 183, 73, 0, 0, 208, 1, 0, 23, 1, 0, 146, 6, 120]
1546497159560;[171, 0, 17, 255, 161, 72, 68, 183, 73, 0, 0, 210, 1, 0, 20, 1, 0, 146, 6, 140]
1546497159716;[171, 0, 17, 255, 161, 72, 68, 183, 73, 0, 0, 211, 1, 0, 24, 1, 0, 138, 6, 196]
1546497159890;[171, 0, 17, 255, 161, 72, 68, 183, 73, 0, 0, 204, 1, 0, 24, 1, 0, 145, 6, 224]
1546497159894;[171, 0, 17, 255, 161, 72, 68, 183, 73, 0, 0, 208, 1, 0, 23, 1, 0, 145, 6, 240]
1546497160062;[171, 0, 17, 255, 161, 72, 68, 183, 73, 0, 0, 215, 1, 0, 24, 1, 0, 145, 7, 5]
1546497160066;[171, 0, 17, 255, 161, 72, 68, 183, 74, 0, 0, 200, 1, 0, 24, 1, 0, 146, 6, 254]
1546497160233;[171, 0, 4, 255, 132, 128, 83]
1546497160406;[171, 0, 17, 255, 161, 72, 68, 183, 74, 0, 0, 215, 1, 0, 24, 1, 0, 145, 7, 2]
1546497160410;[171, 0, 17, 255, 161, 72, 68, 183, 74, 0, 0, 212, 1, 0, 23, 1, 0, 146, 7, 57]
1546497160752;[171, 0, 17, 255, 161, 72, 68, 183, 74, 0, 0, 211, 1, 0, 24, 1, 0, 145, 7, 100]
1546497160757;[171, 0, 17, 255, 161, 72, 68, 183, 74, 0, 0, 206, 1, 0, 23, 1, 0, 146, 7, 117]
1546497160762;[171, 0, 17, 255, 161, 72, 68, 183, 74, 0, 0, 214, 1, 0, 24, 1, 0, 145, 7, 133]
1546497160765;[171, 0, 17, 255, 161, 72, 68, 183, 74, 0, 0, 208, 1, 0, 24, 1, 0, 145, 7, 143]
1546497160924;[171, 0, 17, 255, 161, 72, 68, 183, 74, 0, 0, 209, 1, 0, 23, 1, 0, 145, 7, 142]
1546497161097;[171, 0, 17, 255, 161, 72, 68, 183, 74, 0, 0, 212, 1, 0, 20, 1, 0, 145, 7, 173]
1546497161101;[171, 0, 17, 255, 161, 72, 68, 183, 74, 0, 0, 213, 1, 0, 23, 1, 0, 147, 7, 247]
1546497161270;[171, 0, 17, 255, 161, 72, 68, 183, 75, 0, 0, 206, 1, 0, 23, 1, 0, 145, 8, 35]
1546497161274;[171, 0, 4, 255, 132, 128, 84]
1546497161440;[171, 0, 17, 255, 161, 72, 68, 183, 75, 0, 0, 208, 1, 0, 23, 1, 0, 145, 8, 50]
1546497161614;[171, 0, 17, 255, 161, 72, 68, 183, 75, 0, 0, 210, 1, 0, 23, 1, 0, 146, 8, 71]
1546497161618;[171, 0, 17, 255, 161, 72, 68, 183, 75, 0, 0, 209, 1, 0, 23, 1, 0, 145, 8, 70]
1546497162133;[171, 0, 17, 255, 161, 72, 68, 183, 75, 0, 0, 210, 1, 0, 21, 1, 0, 146, 8, 55]
1546497162137;[171, 0, 17, 255, 161, 72, 68, 183, 75, 0, 0, 209, 1, 0, 23, 1, 0, 147, 8, 94]
1546497162141;[171, 0, 17, 255, 161, 72, 68, 183, 75, 0, 0, 208, 1, 0, 23, 1, 0, 145, 8, 164]
1546497162146;[171, 0, 17, 255, 161, 72, 68, 183, 75, 0, 0, 214, 1, 0, 22, 1, 0, 145, 8, 201]
1546497162305;[171, 0, 17, 255, 161, 72, 68, 183, 75, 0, 0, 200, 1, 0, 24, 1, 0, 147, 8, 228]
1546497162309;[171, 0, 17, 255, 161, 72, 68, 183, 75, 0, 0, 206, 1, 0, 23, 1, 0, 146, 8, 230]
1546497162313;[171, 0, 17, 255, 161, 72, 68, 183, 76, 0, 0, 206, 1, 0, 23, 1, 0, 146, 8, 231]
1546497162476;[171, 0, 4, 255, 132, 128, 85]
1546497162479;[171, 0, 17, 255, 161, 72, 68, 183, 76, 0, 0, 210, 1, 0, 22, 1, 0, 146, 8, 211]
1546497162649;[171, 0, 17, 255, 161, 72, 68, 183, 76, 0, 0, 208, 1, 0, 23, 1, 0, 145, 8, 225]
1546497162653;[171, 0, 17, 255, 161, 72, 68, 183, 76, 0, 0, 209, 1, 0, 24, 1, 0, 148, 9, 24]
1546497162821;[171, 0, 17, 255, 161, 72, 68, 183, 76, 0, 0, 209, 1, 0, 23, 1, 0, 150, 9, 68]
1546497162994;[171, 0, 17, 255, 161, 72, 68, 183, 76, 0, 0, 200, 1, 0, 24, 1, 0, 148, 9, 75]
1546497162998;[171, 0, 17, 255, 161, 72, 68, 183, 76, 0, 0, 215, 1, 0, 24, 1, 0, 147, 9, 75]
1546497163336;[171, 0, 17, 255, 161, 72, 68, 183, 76, 0, 0, 200, 1, 0, 24, 1, 0, 150, 9, 72]
1546497163338;[171, 0, 17, 255, 161, 72, 68, 183, 76, 0, 0, 206, 1, 0, 23, 1, 0, 151, 9, 51]
1546497163341;[171, 0, 17, 255, 161, 72, 68, 183, 76, 0, 0, 204, 1, 0, 23, 1, 0, 150, 9, 24]
1546497163510;[171, 0, 17, 255, 161, 72, 68, 183, 77, 0, 0, 201, 1, 0, 24, 1, 0, 151, 9, 27]
1546497163514;[171, 0, 4, 255, 132, 128, 86]
1546497163683;[171, 0, 17, 255, 161, 72, 68, 183, 77, 0, 0, 204, 1, 0, 23, 1, 0, 148, 9, 82]
1546497163687;[171, 0, 17, 255, 161, 72, 68, 183, 77, 0, 0, 206, 1, 0, 19, 1, 0, 151, 9, 96]
1546497163856;[171, 0, 17, 255, 161, 72, 68, 183, 77, 0, 0, 207, 1, 0, 22, 1, 0, 152, 9, 102]
1546497163860;[171, 0, 17, 255, 161, 72, 68, 183, 77, 0, 0, 206, 1, 0, 23, 1, 0, 150, 9, 105]
1546497164028;[171, 0, 17, 255, 161, 72, 68, 183, 77, 0, 0, 211, 1, 0, 24, 1, 0, 152, 9, 105]
1546497164202;[171, 0, 17, 255, 161, 72, 68, 183, 77, 0, 0, 200, 1, 0, 24, 1, 0, 153, 9, 82]
1546497164206;[171, 0, 17, 255, 161, 72, 68, 183, 77, 0, 0, 206, 1, 0, 22, 1, 0, 152, 9, 58]
1546497164546;[171, 0, 17, 255, 161, 72, 68, 183, 77, 0, 0, 201, 1, 0, 23, 1, 0, 151, 9, 69]
1546497164550;[171, 0, 17, 255, 161, 72, 68, 183, 77, 0, 0, 206, 1, 0, 20, 1, 0, 148, 9, 107]
1546497164554;[171, 0, 17, 255, 161, 72, 68, 183, 78, 0, 0, 209, 1, 0, 22, 1, 0, 148, 9, 131]
1546497164557;[171, 0, 4, 255, 132, 128, 87]
1546497164719;[171, 0, 17, 255, 161, 72, 68, 183, 78, 0, 0, 208, 1, 0, 23, 1, 0, 147, 9, 146]
1546497164891;[171, 0, 17, 255, 161, 72, 68, 183, 78, 0, 0, 211, 1, 0, 24, 1, 0, 149, 9, 149]
1546497164895;[171, 0, 17, 255, 161, 72, 68, 183, 78, 0, 0, 218, 1, 0, 22, 1, 0, 153, 9, 144]
1546497165063;[171, 0, 17, 255, 161, 72, 68, 183, 78, 0, 0, 208, 1, 0, 24, 1, 0, 147, 9, 72]
1546497165067;[171, 0, 17, 255, 161, 72, 68, 183, 78, 0, 0, 203, 1, 0, 22, 1, 0, 161, 8, 246]
1546497165237;[171, 0, 17, 255, 161, 72, 68, 183, 78, 0, 0, 185, 1, 0, 24, 1, 0, 166, 8, 185]
1546497165409;[171, 0, 17, 255, 161, 72, 68, 183, 78, 0, 0, 186, 1, 0, 16, 1, 0, 175, 8, 161]
1546497165413;[171, 0, 17, 255, 161, 72, 68, 183, 78, 0, 0, 181, 1, 0, 23, 1, 0, 174, 8, 148]
1546497165580;[171, 0, 17, 255, 161, 72, 68, 183, 78, 0, 0, 186, 1, 0, 23, 1, 0, 177, 8, 127]
1546497165927;[171, 0, 17, 255, 161, 72, 68, 183, 81, 0, 0, 197, 1, 0, 14, 1, 0, 154, 6, 11]
1546497165931;[171, 0, 17, 255, 161, 72, 68, 183, 81, 0, 0, 204, 1, 0, 14, 1, 0, 162, 6, 89]
1546497165935;[171, 0, 17, 255, 161, 72, 68, 183, 81, 0, 0, 203, 1, 0, 16, 1, 0, 153, 6, 145]
1546497166098;[171, 0, 17, 255, 161, 72, 68, 183, 81, 0, 0, 204, 1, 0, 15, 1, 0, 161, 6, 177]
1546497166271;[171, 0, 17, 255, 161, 72, 68, 183, 81, 0, 0, 197, 1, 0, 14, 1, 0, 157, 6, 205]
1546497166275;[171, 0, 17, 255, 161, 72, 68, 183, 81, 0, 0, 197, 1, 0, 16, 1, 0, 158, 6, 225]
1546497166447;[171, 0, 17, 255, 161, 72, 68, 183, 81, 0, 0, 201, 1, 0, 14, 1, 0, 157, 6, 217]
1546497166452;[171, 0, 17, 255, 161, 72, 68, 183, 81, 0, 0, 187, 1, 0, 14, 1, 0, 166, 6, 204]
1546497166615;[171, 0, 17, 255, 161, 72, 68, 183, 81, 0, 0, 187, 1, 0, 14, 1, 0, 169, 6, 177]
1546497166789;[171, 0, 17, 255, 161, 72, 68, 183, 82, 0, 0, 194, 1, 0, 10, 1, 0, 172, 6, 217]
1546497166793;[171, 0, 4, 255, 132, 128, 84]
1546497167134;[171, 0, 17, 255, 161, 72, 68, 183, 82, 0, 0, 194, 1, 0, 15, 1, 0, 169, 6, 240]
1546497167138;[171, 0, 17, 255, 161, 72, 68, 183, 82, 0, 0, 187, 1, 0, 10, 1, 0, 171, 7, 0]
1546497167142;[171, 0, 17, 255, 161, 72, 68, 183, 82, 0, 0, 191, 1, 0, 4, 1, 0, 174, 7, 20]
1546497167306;[171, 0, 17, 255, 161, 72, 68, 183, 82, 0, 0, 186, 1, 0, 9, 1, 0, 174, 7, 33]
1546497167309;[171, 0, 17, 255, 161, 72, 68, 183, 82, 0, 0, 184, 1, 0, 5, 1, 0, 175, 7, 30]
1546497167499;[171, 0, 17, 255, 161, 72, 68, 183, 82, 0, 0, 184, 1, 0, 5, 1, 0, 179, 7, 23]
1546497167501;[171, 0, 17, 255, 161, 72, 68, 183, 82, 0, 0, 184, 1, 0, 9, 1, 0, 180, 7, 9]
1546497167651;[171, 0, 17, 255, 161, 72, 68, 183, 82, 0, 0, 182, 1, 0, 5, 1, 0, 178, 7, 48]
1546497167655;[171, 0, 17, 255, 161, 72, 68, 183, 82, 0, 0, 181, 1, 0, 5, 1, 0, 177, 7, 116]
1546497167823;[171, 0, 17, 255, 161, 72, 68, 183, 83, 0, 0, 183, 1, 0, 4, 1, 0, 181, 7, 151]
1546497167997;[171, 0, 4, 255, 132, 128, 83]
1546497168001;[171, 0, 17, 255, 161, 72, 68, 183, 83, 0, 0, 184, 1, 0, 2, 1, 0, 178, 7, 178]
1546497168169;[171, 0, 17, 255, 161, 72, 68, 183, 83, 0, 0, 183, 1, 0, 4, 1, 0, 181, 7, 186]
1546497168173;[171, 0, 17, 255, 161, 72, 68, 183, 83, 0, 0, 183, 1, 0, 10, 1, 0, 181, 7, 182]
1546497168513;[171, 0, 17, 255, 161, 72, 68, 183, 83, 0, 0, 183, 1, 0, 3, 1, 0, 178, 7, 169]
1546497168517;[171, 0, 17, 255, 161, 72, 68, 183, 83, 0, 0, 185, 1, 0, 5, 1, 0, 181, 7, 163]
1546497168521;[171, 0, 17, 255, 161, 72, 68, 183, 83, 0, 0, 185, 1, 0, 9, 1, 0, 181, 7, 171]
1546497168687;[171, 0, 17, 255, 161, 72, 68, 183, 83, 0, 0, 183, 1, 0, 9, 1, 0, 178, 7, 229]
1546497168691;[171, 0, 17, 255, 161, 72, 68, 183, 83, 0, 0, 184, 1, 0, 6, 1, 0, 183, 8, 17]
1546497168858;[171, 0, 17, 255, 161, 72, 68, 183, 83, 0, 0, 181, 1, 0, 5, 1, 0, 178, 8, 50]
1546497168862;[171, 0, 17, 255, 161, 72, 68, 183, 84, 0, 0, 178, 1, 0, 9, 1, 0, 177, 8, 72]
1546497169031;[171, 0, 4, 255, 132, 128, 82]
1546497169205;[171, 0, 17, 255, 161, 72, 68, 183, 84, 0, 0, 184, 1, 0, 4, 1, 0, 177, 8, 78]
1546497169209;[171, 0, 17, 255, 161, 72, 68, 183, 84, 0, 0, 183, 1, 0, 4, 1, 0, 178, 8, 69]
1546497169376;[171, 0, 17, 255, 161, 72, 68, 183, 84, 0, 0, 183, 1, 0, 4, 1, 0, 178, 8, 59]
1546497169379;[171, 0, 17, 255, 161, 72, 68, 183, 84, 0, 0, 184, 1, 0, 4, 1, 0, 177, 8, 99]
1546497169722;[171, 0, 17, 255, 161, 72, 68, 183, 84, 0, 0, 181, 1, 0, 4, 1, 0, 181, 8, 172]
1546497169726;[171, 0, 17, 255, 161, 72, 68, 183, 84, 0, 0, 181, 1, 0, 14, 1, 0, 180, 8, 204]
1546497169730;[171, 0, 17, 255, 161, 72, 68, 183, 84, 0, 0, 182, 1, 0, 10, 1, 0, 180, 8, 235]
1546497169893;[171, 0, 17, 255, 161, 72, 68, 183, 84, 0, 0, 183, 1, 0, 9, 1, 0, 180, 9, 9]
1546497169897;[171, 0, 17, 255, 161, 72, 68, 183, 84, 0, 0, 184, 1, 0, 5, 1, 0, 180, 9, 16]
1546497170067;[171, 0, 17, 255, 161, 72, 68, 183, 85, 0, 0, 185, 1, 0, 5, 1, 0, 181, 9, 3]
1546497170071;[171, 0, 4, 255, 132, 128, 81]
1546497170238;[171, 0, 17, 255, 161, 72, 68, 183, 85, 0, 0, 179, 1, 0, 6, 1, 0, 180, 8, 243]
1546497170411;[171, 0, 17, 255, 161, 72, 68, 183, 85, 0, 0, 181, 1, 0, 14, 1, 0, 179, 9, 35]
1546497170415;[171, 0, 17, 255, 161, 72, 68, 183, 85, 0, 0, 186, 1, 0, 4, 1, 0, 180, 9, 108]
1546497170582;[171, 0, 17, 255, 161, 72, 68, 183, 85, 0, 0, 186, 1, 0, 4, 1, 0, 178, 9, 149]
1546497170587;[171, 0, 17, 255, 161, 72, 68, 183, 85, 0, 0, 181, 1, 0, 9, 1, 0, 178, 9, 169]
1546497171104;[171, 0, 17, 255, 161, 72, 68, 183, 85, 0, 0, 183, 1, 0, 10, 1, 0, 181, 9, 177]
1546497171108;[171, 0, 17, 255, 161, 72, 68, 183, 85, 0, 0, 184, 1, 0, 10, 1, 0, 180, 9, 171]
1546497171112;[171, 0, 17, 255, 161, 72, 68, 183, 85, 0, 0, 185, 1, 0, 5, 1, 0, 180, 9, 159]
1546497171116;[171, 0, 17, 255, 161, 72, 68, 183, 85, 0, 0, 183, 1, 0, 9, 1, 0, 178, 9, 144]
1546497171271;[171, 0, 17, 255, 161, 72, 68, 183, 86, 0, 0, 184, 1, 0, 6, 1, 0, 183, 9, 182]
1546497171274;[171, 0, 4, 255, 132, 128, 81]
1546497171277;[171, 0, 17, 255, 161, 72, 68, 183, 86, 0, 0, 183, 1, 0, 5, 1, 0, 178, 9, 233]
1546497171445;[171, 0, 17, 255, 161, 72, 68, 183, 86, 0, 0, 183, 1, 0, 9, 1, 0, 176, 9, 245]
1546497171449;[171, 0, 17, 255, 161, 72, 68, 183, 86, 0, 0, 179, 1, 0, 10, 1, 0, 184, 9, 249]
1546497171619;[171, 0, 17, 255, 161, 72, 68, 183, 86, 0, 0, 175, 1, 0, 4, 1, 0, 190, 9, 221]
1546497171791;[171, 0, 17, 255, 161, 72, 68, 183, 86, 0, 0, 183, 1, 0, 9, 1, 0, 188, 9, 171]
1546497171795;[171, 0, 17, 255, 161, 72, 68, 183, 86, 0, 0, 187, 1, 0, 10, 1, 0, 177, 9, 177]
1546497171963;[171, 0, 17, 255, 161, 72, 68, 183, 86, 0, 0, 191, 1, 0, 20, 1, 0, 171, 9, 160]
1546497171967;[171, 0, 17, 255, 161, 72, 68, 183, 86, 0, 0, 203, 1, 0, 35, 1, 0, 151, 9, 151]
1546497172309;[171, 0, 17, 255, 161, 72, 68, 183, 86, 0, 0, 191, 1, 0, 29, 1, 0, 158, 9, 128]
1546497172313;[171, 0, 17, 255, 161, 72, 68, 183, 87, 0, 0, 197, 1, 0, 33, 1, 0, 153, 9, 81]
1546497172317;[171, 0, 4, 255, 132, 128, 80]
1546497172482;[171, 0, 17, 255, 161, 72, 68, 183, 87, 0, 0, 198, 1, 0, 24, 1, 0, 164, 9, 33]
1546497172489;[171, 0, 17, 255, 161, 72, 68, 183, 87, 0, 0, 199, 1, 0, 29, 1, 0, 154, 8, 247]
1546497172653;[171, 0, 17, 255, 161, 72, 68, 183, 87, 0, 0, 189, 1, 0, 23, 1, 0, 169, 8, 192]
1546497172657;[171, 0, 17, 255, 161, 72, 68, 183, 87, 0, 0, 208, 1, 0, 24, 1, 0, 162, 8, 104]
1546497172826;[171, 0, 17, 255, 161, 72, 68, 183, 87, 0, 0, 196, 1, 0, 33, 1, 0, 146, 8, 22]
1546497172998;[171, 0, 17, 255, 161, 72, 68, 183, 87, 0, 0, 211, 1, 0, 24, 1, 0, 145, 8, 128]
1546497173002;[171, 0, 17, 255, 161, 72, 68, 183, 87, 0, 0, 232, 1, 0, 24, 1, 0, 125, 8, 241]
1546497173172;[171, 0, 17, 255, 161, 72, 68, 183, 87, 0, 0, 234, 1, 0, 28, 1, 0, 115, 9, 54]
1546497173176;[171, 0, 17, 255, 161, 72, 68, 183, 87, 0, 0, 233, 1, 0, 20, 1, 0, 109, 9, 85]
1546497173516;[171, 0, 17, 255, 161, 72, 68, 183, 88, 0, 0, 239, 1, 0, 29, 1, 0, 85, 9, 96]
1546497173519;[171, 0, 4, 255, 132, 128, 80]
1546497173524;[171, 0, 17, 255, 161, 72, 68, 183, 88, 0, 0, 237, 1, 0, 39, 1, 0, 79, 9, 34]
1546497173689;[171, 0, 17, 255, 161, 72, 68, 183, 88, 0, 0, 237, 1, 0, 39, 1, 0, 88, 8, 227]
1546497173692;[171, 0, 17, 255, 161, 72, 68, 183, 88, 0, 0, 232, 1, 0, 34, 1, 0, 105, 8, 234]
1546497173861;[171, 0, 17, 255, 161, 72, 68, 183, 88, 0, 0, 253, 1, 0, 35, 1, 0, 98, 8, 225]
1546497173865;[171, 0, 17, 255, 161, 72, 68, 183, 88, 0, 0, 232, 1, 0, 38, 1, 0, 96, 8, 182]
1546497174034;[171, 0, 17, 255, 161, 72, 68, 183, 88, 0, 0, 234, 1, 0, 38, 1, 0, 84, 8, 164]
1546497174207;[171, 0, 17, 255, 161, 72, 68, 183, 88, 0, 0, 248, 1, 0, 34, 1, 0, 87, 8, 162]
1546497174211;[171, 0, 17, 255, 161, 72, 68, 183, 88, 0, 1, 5, 1, 0, 30, 1, 0, 52, 8, 162]
1546497174379;[171, 0, 17, 255, 161, 72, 68, 183, 88, 0, 0, 237, 1, 0, 26, 1, 0, 71, 8, 145]
1546497174383;[171, 0, 17, 255, 161, 72, 68, 183, 89, 0, 0, 246, 1, 0, 24, 1, 0, 53, 8, 126]
1546497174551;[171, 0, 4, 255, 132, 128, 79]
1546497174556;[171, 0, 17, 255, 161, 72, 68, 183, 89, 0, 0, 247, 1, 0, 22, 1, 0, 63, 8, 177]
1546497174896;[171, 0, 17, 255, 161, 72, 68, 183, 89, 0, 0, 253, 1, 0, 24, 1, 0, 46, 8, 191]
1546497174901;[171, 0, 17, 255, 161, 72, 68, 183, 89, 0, 0, 247, 1, 0, 24, 1, 0, 53, 8, 185]
1546497174905;[171, 0, 17, 255, 161, 72, 68, 183, 89, 0, 0, 246, 1, 0, 24, 1, 0, 54, 8, 171]
1546497175069;[171, 0, 17, 255, 161, 72, 68, 183, 89, 0, 0, 247, 1, 0, 24, 1, 0, 55, 8, 174]
1546497175073;[171, 0, 17, 255, 161, 72, 68, 183, 89, 0, 0, 241, 1, 0, 37, 1, 0, 54, 8, 181]
1546497175240;[171, 0, 17, 255, 161, 72, 68, 183, 89, 0, 0, 234, 1, 0, 52, 1, 0, 46, 8, 213]
1546497175414;[171, 0, 17, 255, 161, 72, 68, 183, 89, 0, 0, 181, 1, 0, 78, 1, 0, 63, 6, 214]
1546497175418;[171, 0, 17, 255, 161, 72, 68, 183, 89, 0, 0, 244, 1, 0, 61, 1, 0, 30, 6, 105]
1546497175585;[171, 0, 17, 255, 161, 72, 68, 183, 90, 0, 0, 246, 1, 0, 62, 1, 0, 19, 6, 19]
1546497175589;[171, 0, 4, 255, 132, 128, 79]
1546497175760;[171, 0, 17, 255, 161, 72, 68, 183, 90, 0, 0, 243, 1, 0, 71, 1, 0, 18, 5, 99]
1546497175764;[171, 0, 17, 255, 161, 72, 68, 183, 90, 0, 0, 238, 1, 0, 75, 1, 0, 32, 5, 59]
1546497176105;[171, 0, 17, 255, 161, 72, 68, 183, 90, 0, 0, 239, 1, 0, 74, 1, 0, 32, 5, 5]
1546497176109;[171, 0, 17, 255, 161, 72, 68, 183, 90, 0, 0, 240, 1, 0, 69, 1, 0, 37, 4, 218]
1546497176113;[171, 0, 17, 255, 161, 72, 68, 183, 90, 0, 0, 240, 1, 0, 69, 1, 0, 30, 4, 196]
1546497176277;[171, 0, 17, 255, 161, 72, 68, 183, 90, 0, 0, 239, 1, 0, 69, 1, 0, 22, 4, 243]
1546497176281;[171, 0, 17, 255, 161, 72, 68, 183, 90, 0, 0, 240, 1, 0, 65, 1, 0, 28, 5, 58]
1546497176449;[171, 0, 17, 255, 161, 72, 68, 183, 90, 0, 0, 244, 1, 0, 68, 1, 0, 43, 5, 74]
1546497176453;[171, 0, 17, 255, 161, 72, 68, 183, 90, 0, 0, 251, 1, 0, 74, 1, 0, 9, 5, 83]
1546497176620;[171, 0, 17, 255, 161, 72, 68, 183, 91, 0, 0, 240, 1, 0, 66, 1, 0, 39, 5, 11]
1546497176792;[171, 0, 4, 255, 132, 128, 79]
1546497176797;[171, 0, 17, 255, 161, 72, 68, 183, 91, 0, 0, 245, 1, 0, 55, 1, 0, 46, 4, 137]
1546497176967;[171, 0, 17, 255, 161, 72, 68, 183, 91, 0, 0, 251, 1, 0, 51, 1, 0, 38, 4, 59]
1546497176971;[171, 0, 17, 255, 161, 72, 68, 183, 91, 0, 0, 233, 1, 0, 61, 1, 0, 48, 4, 62]
1546497177484;[171, 0, 17, 255, 161, 72, 68, 183, 91, 0, 0, 246, 1, 0, 59, 1, 0, 45, 4, 44]
1546497177489;[171, 0, 17, 255, 161, 72, 68, 183, 91, 0, 0, 236, 1, 0, 59, 1, 0, 62, 4, 10]
1546497177493;[171, 0, 17, 255, 161, 72, 68, 183, 91, 0, 0, 240, 1, 0, 56, 1, 0, 57, 3, 247]
1546497177497;[171, 0, 17, 255, 161, 72, 68, 183, 91, 0, 0, 240, 1, 0, 60, 1, 0, 49, 4, 18]
1546497177658;[171, 0, 17, 255, 161, 72, 68, 183, 91, 0, 0, 240, 1, 0, 62, 1, 0, 54, 4, 44]
1546497177662;[171, 0, 17, 255, 161, 72, 68, 183, 91, 0, 0, 244, 1, 0, 58, 1, 0, 56, 4, 48]
1546497177666;[171, 0, 17, 255, 161, 72, 68, 183, 92, 0, 0, 241, 1, 0, 60, 1, 0, 54, 4, 50]
1546497177829;[171, 0, 4, 255, 132, 128, 78]
1546497178002;[171, 0, 17, 255, 161, 72, 68, 183, 92, 0, 0, 241, 1, 0, 56, 1, 0, 62, 4, 100]
1546497178005;[171, 0, 17, 255, 161, 72, 68, 183, 92, 0, 0, 240, 1, 0, 61, 1, 0, 55, 4, 126]
1546497178175;[171, 0, 17, 255, 161, 72, 68, 183, 92, 0, 0, 243, 1, 0, 59, 1, 0, 54, 4, 131]
1546497178179;[171, 0, 17, 255, 161, 72, 68, 183, 92, 0, 0, 243, 1, 0, 59, 1, 0, 55, 4, 140]
1546497178345;[171, 0, 17, 255, 161, 72, 68, 183, 92, 0, 0, 239, 1, 0, 56, 1, 0, 52, 4, 139]
1546497178349;[171, 0, 17, 255, 161, 72, 68, 183, 92, 0, 0, 240, 1, 0, 59, 1, 0, 62, 4, 134]
1546497178691;[171, 0, 17, 255, 161, 72, 68, 183, 92, 0, 0, 237, 1, 0, 62, 1, 0, 57, 4, 107]
1546497178696;[171, 0, 17, 255, 161, 72, 68, 183, 92, 0, 0, 240, 1, 0, 55, 1, 0, 59, 4, 133]
1546497178700;[171, 0, 17, 255, 161, 72, 68, 183, 92, 0, 0, 251, 1, 0, 61, 1, 0, 58, 4, 145]
1546497178863;[171, 0, 17, 255, 161, 72, 68, 183, 93, 0, 0, 238, 1, 0, 55, 1, 0, 55, 4, 169]
1546497178867;[171, 0, 4, 255, 132, 128, 77]
1546497179036;[171, 0, 17, 255, 161, 72, 68, 183, 93, 0, 0, 243, 1, 0, 59, 1, 0, 55, 4, 172]
1546497179209;[171, 0, 17, 255, 161, 72, 68, 183, 93, 0, 0, 240, 1, 0, 59, 1, 0, 64, 4, 158]
1546497179213;[171, 0, 17, 255, 161, 72, 68, 183, 93, 0, 0, 243, 1, 0, 59, 1, 0, 63, 4, 125]
1546497179381;[171, 0, 17, 255, 161, 72, 68, 183, 93, 0, 0, 240, 1, 0, 59, 1, 0, 63, 4, 95]
1546497179385;[171, 0, 17, 255, 161, 72, 68, 183, 93, 0, 0, 236, 1, 0, 59, 1, 0, 65, 4, 70]
1546497179554;[171, 0, 17, 255, 161, 72, 68, 183, 93, 0, 0, 236, 1, 0, 58, 1, 0, 63, 4, 68]
1546497179558;[171, 0, 17, 255, 161, 72, 68, 183, 93, 0, 0, 244, 1, 0, 56, 1, 0, 62, 4, 57]
1546497179899;[171, 0, 17, 255, 161, 72, 68, 183, 93, 0, 0, 241, 1, 0, 58, 1, 0, 63, 4, 60]
1546497179903;[171, 0, 17, 255, 161, 72, 68, 183, 93, 0, 0, 242, 1, 0, 53, 1, 0, 59, 4, 42]
1546497179908;[171, 0, 17, 255, 161, 72, 68, 183, 94, 0, 0, 240, 1, 0, 55, 1, 0, 62, 4, 11]
1546497180072;[171, 0, 4, 255, 132, 128, 77]
1546497180080;[171, 0, 17, 255, 161, 72, 68, 183, 94, 0, 0, 237, 1, 0, 59, 1, 0, 62, 3, 219]
1546497180245;[171, 0, 17, 255, 161, 72, 68, 183, 94, 0, 0, 240, 1, 0, 59, 1, 0, 55, 3, 219]
1546497180249;[171, 0, 17, 255, 161, 72, 68, 183, 94, 0, 0, 240, 1, 0, 59, 1, 0, 59, 3, 223]
1546497180417;[171, 0, 17, 255, 161, 72, 68, 183, 94, 0, 0, 240, 1, 0, 57, 1, 0, 55, 3, 252]
1546497180588;[171, 0, 17, 255, 161, 72, 68, 183, 94, 0, 0, 244, 1, 0, 56, 1, 0, 59, 3, 230]
1546497180592;[171, 0, 17, 255, 161, 72, 68, 183, 94, 0, 0, 241, 1, 0, 55, 1, 0, 54, 3, 234]
1546497180761;[171, 0, 17, 255, 161, 72, 68, 183, 94, 0, 0, 243, 1, 0, 59, 1, 0, 54, 3, 218]
1546497180765;[171, 0, 17, 255, 161, 72, 68, 183, 94, 0, 0, 240, 1, 0, 56, 1, 0, 52, 3, 201]
1546497180933;[171, 0, 17, 255, 161, 72, 68, 183, 94, 0, 0, 240, 1, 0, 58, 1, 0, 59, 3, 171]
1546497181280;[171, 0, 17, 255, 161, 72, 68, 183, 95, 0, 0, 244, 1, 0, 59, 1, 0, 54, 3, 167]
1546497181284;[171, 0, 4, 255, 132, 128, 77]
1546497181289;[171, 0, 17, 255, 161, 72, 68, 183, 95, 0, 0, 234, 1, 0, 60, 1, 0, 59, 3, 162]
1546497181293;[171, 0, 17, 255, 161, 72, 68, 183, 95, 0, 0, 251, 1, 0, 53, 1, 0, 36, 3, 71]
1546497181452;[171, 0, 17, 255, 161, 72, 68, 183, 95, 0, 1, 2, 1, 0, 47, 1, 0, 15, 2, 243]
1546497181457;[171, 0, 17, 255, 161, 72, 68, 183, 95, 0, 0, 241, 1, 0, 58, 1, 0, 25, 2, 204]
1546497181622;[171, 0, 17, 255, 161, 72, 68, 183, 95, 0, 0, 247, 1, 0, 53, 1, 0, 31, 2, 181]
1546497181797;[171, 0, 17, 255, 161, 72, 68, 183, 95, 0, 0, 244, 1, 0, 53, 1, 0, 13, 2, 203]
1546497181801;[171, 0, 17, 255, 161, 72, 68, 183, 95, 0, 0, 243, 1, 0, 66, 1, 0, 22, 2, 188]
1546497181968;[171, 0, 17, 255, 161, 72, 68, 183, 95, 0, 0, 243, 1, 0, 66, 1, 0, 23, 2, 197]
1546497181972;[171, 0, 17, 255, 161, 72, 68, 183, 95, 0, 0, 245, 1, 0, 57, 1, 0, 23, 2, 185]
1546497182140;[171, 0, 17, 255, 161, 72, 68, 183, 96, 0, 0, 247, 1, 0, 60, 0, 0, 9, 2, 174]
1546497182487;[171, 0, 4, 255, 132, 128, 77]
1546497182491;[171, 0, 17, 255, 161, 72, 68, 183, 96, 0, 0, 246, 1, 0, 59, 1, 0, 17, 2, 138]
1546497182495;[171, 0, 17, 255, 161, 72, 68, 183, 96, 0, 1, 3, 1, 0, 56, 1, 0, 13, 2, 115]
1546497182499;[171, 0, 17, 255, 161, 72, 68, 183, 96, 0, 0, 246, 1, 0, 61, 1, 0, 3, 2, 93]
1546497182660;[171, 0, 17, 255, 161, 72, 68, 183, 96, 0, 0, 241, 1, 0, 62, 1, 0, 5, 2, 67]
1546497182664;[171, 0, 17, 255, 161, 72, 68, 183, 96, 0, 0, 247, 1, 0, 58, 1, 0, 4, 2, 60]
1546497182831;[171, 0, 17, 255, 161, 72, 68, 183, 96, 0, 0, 246, 1, 0, 59, 1, 0, 8, 2, 27]
1546497183003;[171, 0, 17, 255, 161, 72, 68, 183, 96, 0, 0, 241, 1, 0, 56, 1, 0, 24, 2, 27]
1546497183007;[171, 0, 17, 255, 161, 72, 68, 183, 96, 0, 0, 243, 1, 0, 59, 1, 0, 25, 2, 16]
1546497183176;[171, 0, 17, 255, 161, 72, 68, 183, 96, 0, 0, 246, 1, 0, 59, 1, 0, 24, 2, 21]
1546497183180;[171, 0, 17, 255, 161, 72, 68, 183, 97, 0, 0, 253, 1, 0, 59, 1, 0, 18, 2, 13]
1546497183348;[171, 0, 4, 255, 132, 128, 77]
1546497183352;[171, 0, 17, 255, 161, 72, 68, 183, 97, 0, 0, 246, 1, 0, 53, 1, 0, 22, 1, 241]
1546497183521;[171, 0, 17, 255, 161, 72, 68, 183, 97, 0, 0, 241, 1, 0, 57, 1, 0, 19, 2, 2]
1546497183866;[171, 0, 17, 255, 161, 72, 68, 183, 97, 0, 0, 253, 1, 0, 47, 1, 0, 22, 2, 5]
1546497183871;[171, 0, 17, 255, 161, 72, 68, 183, 97, 0, 0, 246, 1, 0, 47, 1, 0, 32, 1, 254]
1546497183876;[171, 0, 17, 255, 161, 72, 68, 183, 97, 0, 0, 236, 1, 0, 44, 1, 0, 31, 1, 250]
1546497183880;[171, 0, 17, 255, 161, 72, 68, 183, 97, 0, 0, 236, 1, 0, 51, 1, 0, 21, 2, 47]
1546497184039;[171, 0, 17, 255, 161, 72, 68, 183, 97, 0, 0, 241, 1, 0, 61, 1, 0, 29, 2, 59]
1546497184212;[171, 0, 17, 255, 161, 72, 68, 183, 97, 0, 1, 2, 1, 0, 64, 1, 0, 14, 2, 74]
1546497184216;[171, 0, 17, 255, 161, 72, 68, 183, 97, 0, 0, 238, 1, 0, 53, 1, 0, 18, 2, 116]
1546497184384;[171, 0, 17, 255, 161, 72, 68, 183, 98, 0, 0, 255, 1, 0, 58, 0, 0, 27, 2, 114]
1546497184388;[171, 0, 4, 255, 132, 128, 77]
1546497184557;[171, 0, 17, 255, 161, 72, 68, 183, 98, 0, 1, 3, 1, 0, 58, 0, 0, 40, 2, 132]
1546497184561;[171, 0, 17, 255, 161, 72, 68, 183, 98, 0, 0, 250, 1, 0, 47, 1, 0, 1, 2, 168]
1546497184729;[171, 0, 17, 255, 161, 72, 68, 183, 98, 0, 0, 212, 1, 0, 83, 0, 0, 23, 2, 201]
1546497185075;[171, 0, 17, 255, 161, 72, 68, 183, 98, 0, 0, 249, 1, 0, 142, 0, 0, 39, 2, 67]
1546497185079;[171, 0, 17, 255, 161, 72, 68, 183, 98, 0, 1, 21, 1, 0, 211, 0, 0, 9, 2, 46]
1546497185083;[171, 0, 17, 255, 161, 72, 68, 183, 98, 0, 0, 183, 1, 0, 205, 0, 0, 8, 2, 7]
1546497185087;[171, 0, 17, 255, 161, 72, 68, 183, 98, 0, 0, 135, 1, 0, 106, 1, 0, 52, 1, 207]
1546497185247;[171, 0, 17, 255, 161, 72, 68, 183, 98, 0, 0, 161, 1, 0, 115, 1, 0, 72, 1, 140]
1546497185250;[171, 0, 17, 255, 161, 72, 68, 183, 98, 0, 0, 179, 1, 0, 160, 1, 0, 64, 1, 116]
1546497185418;[171, 0, 17, 255, 161, 72, 68, 183, 99, 0, 0, 175, 1, 0, 175, 1, 0, 74, 1, 75]
1546497185590;[171, 0, 4, 255, 132, 128, 77]
1546497185595;[171, 0, 17, 255, 161, 72, 68, 183, 99, 0, 0, 176, 1, 0, 165, 1, 0, 88, 1, 22]
1546497185764;[171, 0, 17, 255, 161, 72, 68, 183, 99, 0, 0, 159, 1, 0, 159, 1, 0, 87, 0, 224]
1546497185768;[171, 0, 17, 255, 161, 72, 68, 183, 99, 0, 0, 156, 1, 0, 170, 1, 0, 87, 16, 148]
1546497185935;[171, 0, 17, 255, 161, 72, 68, 183, 99, 0, 0, 164, 1, 0, 169, 1, 0, 85, 7, 194]
1546497186455;[171, 0, 17, 255, 161, 72, 68, 183, 99, 0, 0, 156, 1, 0, 170, 1, 0, 81, 7, 176]
1546497186460;[171, 0, 17, 255, 161, 72, 68, 183, 99, 0, 0, 163, 1, 0, 172, 1, 0, 87, 7, 134]
1546497186465;[171, 0, 17, 255, 161, 72, 68, 183, 99, 0, 0, 161, 1, 0, 175, 1, 0, 92, 7, 110]
1546497186469;[171, 0, 17, 255, 161, 72, 68, 183, 99, 0, 0, 163, 1, 0, 169, 1, 0, 92, 7, 54]
1546497186626;[171, 0, 17, 255, 161, 72, 68, 183, 99, 0, 0, 156, 1, 0, 168, 1, 0, 87, 7, 7]
1546497186631;[171, 0, 17, 255, 161, 72, 68, 183, 100, 0, 0, 157, 1, 0, 172, 1, 0, 95, 6, 201]
1546497186635;[171, 0, 4, 255, 132, 128, 78]
1546497186798;[171, 0, 17, 255, 161, 72, 68, 183, 100, 0, 0, 160, 1, 0, 172, 1, 0, 88, 6, 174]
1546497186802;[171, 0, 17, 255, 161, 72, 68, 183, 100, 0, 0, 158, 1, 0, 179, 1, 0, 85, 6, 138]
1546497186971;[171, 0, 17, 255, 161, 72, 68, 183, 100, 0, 0, 157, 1, 0, 172, 1, 0, 84, 6, 96]
1546497186975;[171, 0, 17, 255, 161, 72, 68, 183, 100, 0, 0, 157, 1, 0, 177, 1, 0, 82, 6, 54]
1546497187144;[171, 0, 17, 255, 161, 72, 68, 183, 100, 0, 0, 157, 1, 0, 181, 1, 0, 84, 6, 10]
1546497187148;[171, 0, 17, 255, 161, 72, 68, 183, 100, 0, 0, 159, 1, 0, 178, 1, 0, 81, 5, 214]
1546497187316;[171, 0, 17, 255, 161, 72, 68, 183, 100, 0, 0, 156, 1, 0, 174, 1, 0, 85, 5, 175]
1546497187663;[171, 0, 17, 255, 161, 72, 68, 183, 100, 0, 0, 158, 1, 0, 177, 1, 0, 81, 5, 162]
1546497187666;[171, 0, 17, 255, 161, 72, 68, 183, 100, 0, 0, 157, 1, 0, 172, 1, 0, 84, 5, 146]
1546497187670;[171, 0, 17, 255, 161, 72, 68, 183, 103, 0, 0, 214, 1, 0, 92, 1, 0, 63, 5, 6]
1546497187835;[171, 0, 17, 255, 161, 72, 68, 183, 103, 0, 0, 236, 1, 0, 91, 1, 0, 74, 4, 237]
1546497188007;[171, 0, 17, 255, 161, 72, 68, 183, 103, 0, 0, 229, 1, 0, 96, 1, 0, 40, 4, 243]
1546497188011;[171, 0, 17, 255, 161, 72, 68, 183, 103, 0, 0, 226, 1, 0, 96, 1, 0, 49, 4, 254]
1546497188178;[171, 0, 17, 255, 161, 72, 68, 183, 103, 0, 0, 228, 1, 0, 97, 1, 0, 54, 4, 243]
1546497188351;[171, 0, 17, 255, 161, 72, 68, 183, 103, 0, 0, 219, 1, 0, 102, 1, 0, 59, 5, 0]
1546497188355;[171, 0, 17, 255, 161, 72, 68, 183, 103, 0, 0, 219, 1, 0, 100, 1, 0, 64, 5, 13]
1546497188524;[171, 0, 17, 255, 161, 72, 68, 183, 103, 0, 0, 219, 1, 0, 107, 1, 0, 67, 5, 60]
1546497188870;[171, 0, 17, 255, 161, 72, 68, 183, 103, 0, 0, 218, 1, 0, 108, 1, 0, 75, 5, 104]
1546497188874;[171, 0, 17, 255, 161, 72, 68, 183, 104, 0, 0, 217, 1, 0, 111, 1, 0, 65, 5, 121]
1546497188879;[171, 0, 4, 255, 132, 128, 81]
1546497188883;[171, 0, 17, 255, 161, 72, 68, 183, 104, 0, 0, 214, 1, 0, 112, 1, 0, 67, 5, 168]
1546497189048;[171, 0, 17, 255, 161, 72, 68, 183, 104, 0, 0, 214, 1, 0, 111, 1, 0, 64, 5, 219]
1546497189050;[171, 0, 17, 255, 161, 72, 68, 183, 104, 0, 0, 218, 1, 0, 107, 1, 0, 67, 5, 228]
1546497189215;[171, 0, 17, 255, 161, 72, 68, 183, 104, 0, 0, 218, 1, 0, 107, 1, 0, 69, 5, 215]
1546497189387;[171, 0, 17, 255, 161, 72, 68, 183, 104, 0, 0, 217, 1, 0, 106, 1, 0, 75, 5, 224]
1546497189390;[171, 0, 17, 255, 161, 72, 68, 183, 104, 0, 0, 215, 1, 0, 106, 1, 0, 75, 6, 1]
1546497189559;[171, 0, 17, 255, 161, 72, 68, 183, 104, 0, 0, 221, 1, 0, 112, 1, 0, 75, 6, 20]
1546497189563;[171, 0, 17, 255, 161, 72, 68, 183, 104, 0, 0, 216, 1, 0, 111, 1, 0, 84, 6, 26]
1546497189731;[171, 0, 17, 255, 161, 72, 68, 183, 104, 0, 0, 215, 1, 0, 111, 1, 0, 73, 6, 13]
1546497189903;[171, 0, 17, 255, 161, 72, 68, 183, 105, 0, 0, 218, 1, 0, 109, 1, 0, 82, 5, 239]
1546497189907;[171, 0, 4, 255, 132, 128, 81]
1546497190251;[171, 0, 17, 255, 161, 72, 68, 183, 105, 0, 0, 214, 1, 0, 107, 1, 0, 68, 5, 207]
1546497190255;[171, 0, 17, 255, 161, 72, 68, 183, 105, 0, 0, 214, 1, 0, 98, 1, 0, 71, 5, 201]
1546497190259;[171, 0, 17, 255, 161, 72, 68, 183, 105, 0, 0, 218, 1, 0, 87, 1, 0, 115, 5, 175]
1546497190263;[171, 0, 17, 255, 161, 72, 68, 183, 105, 0, 0, 218, 1, 0, 82, 1, 0, 87, 5, 181]
1546497190421;[171, 0, 17, 255, 161, 72, 68, 183, 105, 0, 0, 193, 1, 0, 67, 1, 0, 102, 5, 175]
1546497190595;[171, 0, 17, 255, 161, 72, 68, 183, 105, 0, 0, 240, 1, 0, 46, 1, 0, 126, 5, 165]
1546497190599;[171, 0, 17, 255, 161, 72, 68, 183, 105, 0, 0, 228, 1, 0, 31, 1, 0, 149, 5, 201]
1546497190765;[171, 0, 17, 255, 161, 72, 68, 183, 105, 0, 0, 203, 1, 0, 48, 1, 0, 114, 5, 172]
1546497190769;[171, 0, 17, 255, 161, 72, 68, 183, 105, 0, 0, 211, 1, 0, 39, 1, 0, 136, 5, 150]
1546497190938;[171, 0, 17, 255, 161, 72, 68, 183, 106, 0, 0, 218, 1, 0, 38, 1, 0, 138, 5, 120]
1546497191110;[171, 0, 4, 255, 132, 128, 81]
1546497191115;[171, 0, 17, 255, 161, 72, 68, 183, 106, 0, 0, 223, 1, 0, 49, 1, 0, 121, 5, 103]
1546497191461;[171, 0, 17, 255, 161, 72, 68, 183, 106, 0, 0, 213, 1, 0, 43, 1, 0, 129, 5, 122]
1546497191465;[171, 0, 17, 255, 161, 72, 68, 183, 106, 0, 0, 214, 1, 0, 40, 1, 0, 129, 5, 114]
1546497191474;[171, 0, 17, 255, 161, 72, 68, 183, 106, 0, 0, 211, 1, 0, 40, 1, 0, 138, 5, 139]
1546497191477;[171, 0, 17, 255, 161, 72, 68, 183, 106, 0, 0, 223, 1, 0, 44, 1, 0, 129, 5, 198]
1546497191651;[171, 0, 17, 255, 161, 72, 68, 183, 106, 0, 0, 207, 1, 0, 49, 1, 0, 129, 5, 194]
1546497191800;[171, 0, 17, 255, 161, 72, 68, 183, 106, 0, 0, 216, 1, 0, 40, 1, 0, 153, 5, 178]
1546497191804;[171, 0, 17, 255, 161, 72, 68, 183, 106, 0, 0, 221, 1, 0, 60, 1, 0, 103, 5, 148]
1546497191974;[171, 0, 17, 255, 161, 72, 68, 183, 106, 0, 0, 217, 1, 0, 71, 1, 0, 83, 5, 229]
1546497191978;[171, 0, 17, 255, 161, 72, 68, 183, 107, 0, 0, 228, 1, 0, 65, 1, 0, 96, 6, 24]
1546497192146;[171, 0, 4, 255, 132, 128, 82]
1546497192152;[171, 0, 17, 255, 161, 72, 68, 183, 107, 0, 0, 218, 1, 0, 65, 1, 0, 103, 6, 52]
1546497192319;[171, 0, 17, 255, 161, 72, 68, 183, 107, 0, 0, 221, 1, 0, 59, 1, 0, 110, 6, 87]
1546497192490;[171, 0, 17, 255, 161, 72, 68, 183, 107, 0, 0, 223, 1, 0, 59, 1, 0, 115, 6, 105]
1546497192494;[171, 0, 17, 255, 161, 72, 68, 183, 107, 0, 0, 221, 1, 0, 49, 1, 0, 121, 6, 114]
1546497192837;[171, 0, 17, 255, 161, 72, 68, 183, 107, 0, 0, 228, 1, 0, 75, 1, 0, 76, 6, 20]
1546497192841;[171, 0, 17, 255, 161, 72, 68, 183, 107, 0, 0, 227, 1, 0, 70, 1, 0, 83, 6, 23]
1546497192845;[171, 0, 17, 255, 161, 72, 68, 183, 107, 0, 0, 219, 1, 0, 71, 1, 0, 96, 6, 82]
1546497193009;[171, 0, 17, 255, 161, 72, 68, 183, 107, 0, 0, 221, 1, 0, 65, 1, 0, 91, 6, 120]
1546497193013;[171, 0, 17, 255, 161, 72, 68, 183, 107, 0, 0, 236, 1, 0, 59, 1, 0, 101, 6, 130]
1546497193181;[171, 0, 17, 255, 161, 72, 68, 183, 108, 0, 0, 229, 1, 0, 64, 1, 0, 97, 6, 121]
1546497193184;[171, 0, 4, 255, 132, 128, 82]
1546497193354;[171, 0, 17, 255, 161, 72, 68, 183, 108, 0, 0, 223, 1, 0, 71, 1, 0, 92, 6, 108]
1546497193361;[171, 0, 17, 255, 161, 72, 68, 183, 108, 0, 0, 223, 1, 0, 64, 1, 0, 101, 6, 93]
1546497193524;[171, 0, 17, 255, 161, 72, 68, 183, 108, 0, 0, 223, 1, 0, 69, 1, 0, 102, 6, 81]
1546497193699;[171, 0, 17, 255, 161, 72, 68, 183, 108, 0, 0, 228, 1, 0, 71, 1, 0, 102, 6, 102]
1546497193703;[171, 0, 17, 255, 161, 72, 68, 183, 108, 0, 0, 218, 1, 0, 70, 1, 0, 98, 6, 120]
1546497194045;[171, 0, 17, 255, 161, 72, 68, 183, 108, 0, 0, 221, 1, 0, 66, 1, 0, 105, 6, 115]
1546497194050;[171, 0, 17, 255, 161, 72, 68, 183, 108, 0, 0, 221, 1, 0, 62, 1, 0, 97, 6, 94]
1546497194055;[171, 0, 17, 255, 161, 72, 68, 183, 108, 0, 0, 221, 1, 0, 68, 1, 0, 106, 6, 77]
1546497194059;[171, 0, 17, 255, 161, 72, 68, 183, 108, 0, 0, 221, 1, 0, 65, 1, 0, 101, 6, 33]
1546497194216;[171, 0, 17, 255, 161, 72, 68, 183, 109, 0, 0, 215, 1, 0, 64, 1, 0, 114, 6, 3]
1546497194388;[171, 0, 4, 255, 132, 128, 82]
1546497194393;[171, 0, 17, 255, 161, 72, 68, 183, 109, 0, 0, 231, 1, 0, 60, 1, 0, 114, 5, 244]
1546497194560;[171, 0, 17, 255, 161, 72, 68, 183, 109, 0, 0, 221, 1, 0, 71, 1, 0, 110, 5, 252]
1546497194565;[171, 0, 17, 255, 161, 72, 68, 183, 109, 0, 0, 216, 1, 0, 60, 1, 0, 121, 6, 8]
1546497194733;[171, 0, 17, 255, 161, 72, 68, 183, 109, 0, 0, 209, 1, 0, 64, 1, 0, 114, 5, 252]
1546497194905;[171, 0, 17, 255, 161, 72, 68, 183, 109, 0, 0, 217, 1, 0, 62, 1, 0, 119, 5, 232]
1546497194909;[171, 0, 17, 255, 161, 72, 68, 183, 109, 0, 0, 204, 1, 0, 61, 1, 0, 125, 5, 197]
1546497195425;[171, 0, 17, 255, 161, 72, 68, 183, 109, 0, 0, 211, 1, 0, 62, 1, 0, 123, 5, 155]
1546497195429;[171, 0, 17, 255, 161, 72, 68, 183, 109, 0, 0, 206, 1, 0, 61, 1, 0, 129, 5, 161]
1546497195434;[171, 0, 17, 255, 161, 72, 68, 183, 109, 0, 0, 214, 1, 0, 59, 1, 0, 123, 5, 199]
1546497195438;[171, 0, 17, 255, 161, 72, 68, 183, 110, 0, 0, 208, 1, 0, 56, 1, 0, 135, 5, 201]
1546497195597;[171, 0, 4, 255, 132, 128, 82]
1546497195601;[171, 0, 17, 255, 161, 72, 68, 183, 110, 0, 0, 219, 1, 0, 56, 1, 0, 129, 5, 202]
1546497195605;[171, 0, 17, 255, 161, 72, 68, 183, 110, 0, 0, 211, 1, 0, 65, 1, 0, 109, 5, 193]
1546497195769;[171, 0, 17, 255, 161, 72, 68, 183, 110, 0, 0, 208, 1, 0, 65, 1, 0, 123, 5, 183]
1546497195773;[171, 0, 17, 255, 161, 72, 68, 183, 110, 0, 0, 214, 1, 0, 63, 1, 0, 114, 5, 146]
1546497195941;[171, 0, 17, 255, 161, 72, 68, 183, 110, 0, 0, 193, 1, 0, 67, 1, 0, 119, 5, 142]
1546497195945;[171, 0, 17, 255, 161, 72, 68, 183, 110, 0, 0, 215, 1, 0, 59, 1, 0, 131, 5, 170]
1546497196112;[171, 0, 17, 255, 161, 72, 68, 183, 110, 0, 0, 215, 1, 0, 66, 1, 0, 123, 5, 199]
1546497196287;[171, 0, 17, 255, 161, 72, 68, 183, 110, 0, 0, 211, 1, 0, 69, 1, 0, 115, 5, 196]
1546497196291;[171, 0, 17, 255, 161, 72, 68, 183, 110, 0, 0, 204, 1, 0, 76, 1, 0, 115, 5, 195]
1546497196632;[171, 0, 17, 255, 161, 72, 68, 183, 111, 0, 0, 213, 1, 0, 71, 1, 0, 124, 5, 177]
1546497196636;[171, 0, 4, 255, 132, 128, 82]
1546497196640;[171, 0, 17, 255, 161, 72, 68, 183, 111, 0, 0, 203, 1, 0, 64, 1, 0, 125, 5, 156]
1546497196805;[171, 0, 17, 255, 161, 72, 68, 183, 111, 0, 0, 217, 1, 0, 65, 1, 0, 121, 5, 126]
1546497196809;[171, 0, 17, 255, 161, 72, 68, 183, 111, 0, 0, 209, 1, 0, 65, 1, 0, 121, 5, 143]
1546497196977;[171, 0, 17, 255, 161, 72, 68, 183, 111, 0, 0, 213, 1, 0, 66, 1, 0, 121, 5, 166]
1546497196980;[171, 0, 17, 255, 161, 72, 68, 183, 111, 0, 0, 211, 1, 0, 60, 1, 0, 132, 5, 205]
1546497197150;[171, 0, 17, 255, 161, 72, 68, 183, 111, 0, 0, 216, 1, 0, 69, 1, 0, 120, 6, 21]
1546497197154;[171, 0, 17, 255, 161, 72, 68, 183, 111, 0, 0, 209, 1, 0, 75, 1, 0, 109, 5, 233]
1546497197319;[171, 0, 17, 255, 161, 72, 68, 183, 111, 0, 0, 200, 1, 0, 66, 1, 0, 141, 5, 161]
1546497197495;[171, 0, 17, 255, 161, 72, 68, 183, 111, 0, 0, 206, 1, 0, 59, 1, 0, 135, 5, 58]
1546497197499;[171, 0, 17, 255, 161, 72, 68, 183, 112, 0, 0, 201, 1, 0, 60, 1, 0, 129, 4, 169]
1546497197839;[171, 0, 4, 255, 132, 128, 82]
1546497197843;[171, 0, 17, 255, 161, 72, 68, 183, 112, 0, 0, 216, 1, 0, 43, 1, 0, 161, 4, 55]
1546497197847;[171, 0, 17, 255, 161, 72, 68, 183, 112, 0, 0, 216, 1, 0, 44, 1, 0, 140, 4, 29]
1546497198011;[171, 0, 17, 255, 161, 72, 68, 183, 112, 0, 0, 206, 1, 0, 46, 1, 0, 156, 4, 30]
1546497198015;[171, 0, 17, 255, 161, 72, 68, 183, 112, 0, 0, 211, 1, 0, 42, 1, 0, 145, 4, 15]
1546497198184;[171, 0, 17, 255, 161, 72, 68, 183, 112, 0, 0, 203, 1, 0, 51, 1, 0, 154, 3, 236]
1546497198188;[171, 0, 17, 255, 161, 72, 68, 183, 112, 0, 0, 186, 1, 0, 48, 1, 0, 162, 3, 205]
1546497198357;[171, 0, 17, 255, 161, 72, 68, 183, 112, 0, 0, 186, 1, 0, 46, 1, 0, 163, 3, 168]
1546497198361;[171, 0, 17, 255, 161, 72, 68, 183, 112, 0, 0, 181, 1, 0, 56, 1, 0, 163, 3, 113]
1546497198527;[171, 0, 17, 255, 161, 72, 68, 183, 112, 0, 0, 181, 1, 0, 60, 1, 0, 168, 3, 100]
1546497198701;[171, 0, 17, 255, 161, 72, 68, 183, 113, 0, 0, 181, 1, 0, 51, 1, 0, 170, 3, 68]
1546497198704;[171, 0, 4, 255, 132, 128, 82]
1546497198875;[171, 0, 17, 255, 161, 72, 68, 183, 113, 0, 0, 185, 1, 0, 59, 1, 0, 171, 3, 37]
1546497198878;[171, 0, 17, 255, 161, 72, 68, 183, 113, 0, 0, 183, 1, 0, 51, 1, 0, 175, 2, 239]
1546497199219;[171, 0, 17, 255, 161, 72, 68, 183, 113, 0, 0, 167, 1, 0, 64, 1, 0, 168, 2, 73]
1546497199223;[171, 0, 17, 255, 161, 72, 68, 183, 113, 0, 0, 183, 1, 0, 67, 1, 0, 155, 1, 39]
1546497199227;[171, 0, 17, 255, 161, 72, 68, 183, 113, 0, 0, 183, 1, 0, 61, 1, 0, 195, 16, 154]
1546497199392;[171, 0, 17, 255, 161, 72, 68, 183, 113, 0, 0, 113, 1, 0, 62, 1, 0, 221, 7, 155]
1546497199396;[171, 0, 17, 255, 161, 72, 68, 183, 113, 0, 0, 61, 1, 0, 65, 1, 0, 229, 8, 133]
1546497199563;[171, 0, 17, 255, 161, 72, 68, 183, 113, 0, 0, 44, 1, 0, 87, 1, 0, 228, 9, 2]
1546497199568;[171, 0, 17, 255, 161, 72, 68, 183, 113, 0, 0, 23, 1, 0, 81, 1, 0, 234, 9, 72]
1546497199737;[171, 0, 17, 255, 161, 72, 68, 183, 114, 0, 0, 18, 1, 0, 78, 1, 0, 237, 9, 112]
1546497199908;[171, 0, 4, 255, 132, 128, 82]
1546497199912;[171, 0, 17, 255, 161, 72, 68, 183, 114, 0, 0, 32, 1, 0, 76, 1, 0, 235, 9, 145]
1546497200082;[171, 0, 17, 255, 161, 72, 68, 183, 114, 0, 0, 29, 1, 0, 64, 1, 0, 241, 9, 199]
1546497200086;[171, 0, 17, 255, 161, 72, 68, 183, 114, 0, 0, 54, 1, 0, 67, 1, 0, 250, 9, 248]
1546497200428;[171, 0, 17, 255, 161, 72, 68, 183, 114, 0, 0, 46, 1, 0, 78, 1, 0, 230, 10, 10]
1546497200432;[171, 0, 17, 255, 161, 72, 68, 183, 114, 0, 0, 58, 1, 0, 71, 1, 0, 236, 10, 50]
1546497200436;[171, 0, 17, 255, 161, 72, 68, 183, 114, 0, 0, 57, 1, 0, 74, 1, 0, 234, 10, 67]
1546497200598;[171, 0, 17, 255, 161, 72, 68, 183, 114, 0, 0, 54, 1, 0, 71, 1, 0, 237, 10, 68]
1546497200602;[171, 0, 17, 255, 161, 72, 68, 183, 114, 0, 0, 66, 1, 0, 66, 1, 0, 235, 10, 37]
1546497200772;[171, 0, 17, 255, 161, 72, 68, 183, 114, 0, 0, 53, 1, 0, 95, 1, 0, 225, 9, 245]
1546497200775;[171, 0, 17, 255, 161, 72, 68, 183, 115, 0, 0, 23, 1, 0, 88, 1, 0, 227, 9, 237]
1546497200944;[171, 0, 4, 255, 132, 128, 81]
1546497200948;[171, 0, 17, 255, 161, 72, 68, 183, 115, 0, 0, 88, 1, 0, 94, 1, 0, 222, 9, 154]
1546497201118;[171, 0, 17, 255, 161, 72, 68, 183, 115, 0, 0, 63, 1, 0, 74, 1, 0, 228, 9, 153]
1546497201288;[171, 0, 17, 255, 161, 72, 68, 183, 115, 0, 0, 82, 1, 0, 60, 1, 0, 247, 9, 234]
1546497201292;[171, 0, 17, 255, 161, 72, 68, 183, 115, 0, 0, 8, 1, 0, 47, 1, 0, 239, 10, 42]
1546497201807;[171, 0, 17, 255, 161, 72, 68, 183, 115, 1, 0, 44, 1, 0, 34, 1, 1, 11, 10, 101]
1546497201815;[171, 0, 17, 255, 161, 72, 68, 183, 115, 0, 0, 23, 1, 0, 44, 1, 1, 2, 10, 122]
1546497201818;[171, 0, 17, 255, 161, 72, 68, 183, 115, 0, 0, 28, 1, 0, 117, 1, 0, 239, 10, 98]
1546497201823;[171, 0, 17, 255, 161, 72, 68, 183, 115, 0, 0, 13, 1, 0, 47, 1, 1, 1, 10, 100]
1546497201977;[171, 0, 17, 255, 161, 72, 68, 183, 115, 0, 0, 13, 1, 0, 46, 1, 0, 252, 10, 97]
1546497201979;[171, 0, 17, 255, 161, 72, 68, 183, 116, 0, 0, 21, 1, 0, 56, 1, 0, 250, 10, 50]
1546497201982;[171, 0, 4, 255, 132, 128, 81]
1546497202151;[171, 0, 17, 255, 161, 72, 68, 183, 116, 0, 0, 21, 1, 0, 52, 1, 0, 250, 10, 54]
1546497202155;[171, 0, 17, 255, 161, 72, 68, 183, 116, 0, 0, 41, 1, 0, 59, 1, 0, 250, 10, 44]
1546497202323;[171, 0, 17, 255, 161, 72, 68, 183, 116, 0, 0, 30, 1, 0, 60, 1, 0, 249, 10, 60]
1546497202495;[171, 0, 17, 255, 161, 72, 68, 183, 116, 0, 0, 38, 1, 0, 59, 1, 0, 239, 10, 92]
1546497202500;[171, 0, 17, 255, 161, 72, 68, 183, 116, 0, 0, 37, 1, 0, 60, 1, 0, 247, 10, 125]
1546497202670;[171, 0, 17, 255, 161, 72, 68, 183, 116, 0, 0, 43, 1, 0, 58, 1, 0, 244, 10, 122]
1546497202674;[171, 0, 17, 255, 161, 72, 68, 183, 116, 0, 0, 55, 1, 0, 59, 1, 0, 245, 10, 92]
1546497203015;[171, 0, 17, 255, 161, 72, 68, 183, 116, 0, 0, 46, 1, 0, 61, 1, 0, 237, 10, 79]
1546497203019;[171, 0, 17, 255, 161, 72, 68, 183, 116, 0, 0, 27, 1, 0, 64, 1, 0, 244, 10, 105]
1546497203023;[171, 0, 17, 255, 161, 72, 68, 183, 117, 0, 0, 41, 1, 0, 69, 1, 0, 233, 10, 122]
1546497203186;[171, 0, 4, 255, 132, 128, 81]
1546497203190;[171, 0, 17, 255, 161, 72, 68, 183, 117, 0, 0, 48, 1, 0, 71, 1, 0, 240, 10, 122]
1546497203359;[171, 0, 17, 255, 161, 72, 68, 183, 117, 0, 0, 49, 1, 0, 66, 1, 0, 240, 10, 127]
1546497203363;[171, 0, 17, 255, 161, 72, 68, 183, 117, 0, 0, 40, 1, 0, 70, 1, 0, 234, 10, 120]
1546497203530;[171, 0, 17, 255, 161, 72, 68, 183, 117, 0, 0, 46, 1, 0, 73, 1, 0, 240, 10, 102]
1546497203704;[171, 0, 17, 255, 161, 72, 68, 183, 117, 0, 0, 44, 1, 0, 67, 1, 0, 241, 10, 91]
1546497203708;[171, 0, 17, 255, 161, 72, 68, 183, 117, 0, 0, 41, 1, 0, 65, 1, 0, 240, 10, 90]
1546497203876;[171, 0, 17, 255, 161, 72, 68, 183, 117, 0, 0, 36, 1, 0, 67, 1, 0, 241, 10, 82]
1546497203879;[171, 0, 17, 255, 161, 72, 68, 183, 117, 0, 0, 21, 1, 0, 67, 1, 0, 235, 10, 94]
1546497204224;[171, 0, 17, 255, 161, 72, 68, 183, 117, 0, 0, 38, 1, 0, 63, 1, 0, 240, 10, 97]
1546497204228;[171, 0, 17, 255, 161, 72, 68, 183, 118, 0, 0, 38, 1, 0, 64, 1, 0, 242, 10, 98]
1546497204232;[171, 0, 4, 255, 132, 128, 80]
1546497204393;[171, 0, 17, 255, 161, 72, 68, 183, 118, 0, 0, 48, 1, 0, 60, 1, 0, 250, 10, 77]
1546497204397;[171, 0, 17, 255, 161, 72, 68, 183, 118, 0, 0, 40, 1, 0, 62, 1, 0, 242, 10, 63]
1546497204566;[171, 0, 17, 255, 161, 72, 68, 183, 118, 0, 0, 34, 1, 0, 67, 1, 0, 239, 10, 31]
1546497204570;[171, 0, 17, 255, 161, 72, 68, 183, 118, 0, 0, 36, 1, 0, 67, 1, 0, 241, 10, 0]
1546497204738;[171, 0, 17, 255, 161, 72, 68, 183, 118, 0, 0, 31, 1, 0, 64, 1, 0, 239, 10, 8]
1546497204912;[171, 0, 17, 255, 161, 72, 68, 183, 118, 0, 0, 31, 1, 0, 66, 1, 0, 244, 9, 245]
1546497204916;[171, 0, 17, 255, 161, 72, 68, 183, 118, 0, 0, 27, 1, 0, 68, 1, 0, 242, 9, 227]
1546497205083;[171, 0, 17, 255, 161, 72, 68, 183, 118, 0, 0, 32, 1, 0, 76, 1, 0, 241, 9, 172]
1546497205087;[171, 0, 17, 255, 161, 72, 68, 183, 118, 0, 0, 31, 1, 0, 69, 1, 0, 238, 9, 140]
1546497205256;[171, 0, 17, 255, 161, 72, 68, 183, 119, 0, 0, 37, 1, 0, 69, 1, 0, 240, 9, 121]
1546497205260;[171, 0, 4, 255, 132, 128, 80]
1546497205602;[171, 0, 17, 255, 161, 72, 68, 183, 119, 0, 0, 40, 1, 0, 64, 1, 0, 242, 9, 157]
1546497205607;[171, 0, 17, 255, 161, 72, 68, 183, 119, 0, 0, 43, 1, 0, 64, 1, 0, 243, 9, 195]
1546497205610;[171, 0, 17, 255, 161, 72, 68, 183, 119, 0, 0, 31, 1, 0, 66, 1, 0, 238, 9, 218]
1546497205774;[171, 0, 17, 255, 161, 72, 68, 183, 119, 0, 0, 37, 1, 0, 67, 1, 0, 241, 9, 229]
1546497205778;[171, 0, 17, 255, 161, 72, 68, 183, 119, 0, 0, 36, 1, 0, 65, 1, 0, 242, 9, 248]
1546497205947;[171, 0, 17, 255, 161, 72, 68, 183, 119, 0, 0, 34, 1, 0, 70, 1, 0, 237, 10, 3]
1546497205951;[171, 0, 17, 255, 161, 72, 68, 183, 119, 0, 0, 34, 1, 0, 71, 1, 0, 238, 10, 9]
1546497206118;[171, 0, 17, 255, 161, 72, 68, 183, 119, 0, 0, 37, 1, 0, 68, 1, 0, 240, 10, 50]
1546497206292;[171, 0, 17, 255, 161, 72, 68, 183, 119, 0, 0, 36, 1, 0, 71, 1, 0, 241, 10, 85]
1546497206295;[171, 0, 17, 255, 161, 72, 68, 183, 120, 0, 0, 36, 1, 0, 69, 1, 0, 242, 10, 131]
1546497206469;[171, 0, 4, 255, 132, 128, 80]
1546497206476;[171, 0, 17, 255, 161, 72, 68, 183, 120, 0, 0, 37, 1, 0, 66, 1, 0, 242, 10, 178]
1546497206809;[171, 0, 17, 255, 161, 72, 68, 183, 120, 0, 0, 40, 1, 0, 71, 1, 0, 239, 10, 198]
1546497206813;[171, 0, 17, 255, 161, 72, 68, 183, 120, 0, 0, 37, 1, 0, 69, 1, 0, 237, 10, 206]
1546497206817;[171, 0, 17, 255, 161, 72, 68, 183, 120, 0, 0, 36, 1, 0, 71, 1, 0, 241, 10, 206]
1546497206981;[171, 0, 17, 255, 161, 72, 68, 183, 120, 0, 0, 37, 1, 0, 71, 1, 0, 238, 10, 206]
1546497206985;[171, 0, 17, 255, 161, 72, 68, 183, 120, 0, 0, 37, 1, 0, 66, 1, 0, 243, 10, 231]
1546497207153;[171, 0, 17, 255, 161, 72, 68, 183, 120, 0, 0, 39, 1, 0, 69, 1, 0, 242, 11, 9]
1546497207157;[171, 0, 17, 255, 161, 72, 68, 183, 120, 0, 0, 37, 1, 0, 69, 1, 0, 241, 11, 16]
1546497207326;[171, 0, 17, 255, 161, 72, 68, 183, 120, 0, 0, 41, 1, 0, 62, 1, 0, 245, 11, 45]
1546497207499;[171, 0, 17, 255, 161, 72, 68, 183, 121, 0, 0, 40, 1, 0, 71, 1, 0, 240, 11, 56]
1546497207502;[171, 0, 4, 255, 132, 128, 80]
1546497207672;[171, 0, 17, 255, 161, 72, 68, 183, 121, 0, 0, 38, 1, 0, 69, 1, 0, 240, 11, 53]
1546497207676;[171, 0, 17, 255, 161, 72, 68, 183, 121, 0, 0, 38, 1, 0, 65, 1, 0, 241, 11, 24]
1546497207844;[171, 0, 17, 255, 161, 72, 68, 183, 121, 0, 0, 23, 1, 0, 73, 1, 0, 230, 10, 246]
1546497207847;[171, 0, 17, 255, 161, 72, 68, 183, 121, 0, 0, 43, 1, 0, 73, 1, 0, 238, 11, 20]
1546497208189;[171, 0, 17, 255, 161, 72, 68, 183, 121, 0, 0, 46, 1, 0, 71, 1, 0, 243, 11, 51]
1546497208193;[171, 0, 17, 255, 161, 72, 68, 183, 121, 0, 0, 40, 1, 0, 69, 1, 0, 241, 11, 82]
1546497208197;[171, 0, 17, 255, 161, 72, 68, 183, 121, 0, 0, 46, 1, 0, 70, 1, 0, 236, 11, 83]
1546497208361;[171, 0, 17, 255, 161, 72, 68, 183, 121, 0, 0, 37, 1, 0, 69, 1, 0, 240, 11, 84]
1546497208365;[171, 0, 17, 255, 161, 72, 68, 183, 121, 0, 0, 43, 1, 0, 69, 1, 0, 240, 11, 77]
1546497208534;[171, 0, 17, 255, 161, 72, 68, 183, 122, 0, 0, 36, 1, 0, 65, 1, 0, 241, 11, 90]
1546497208707;[171, 0, 4, 255, 132, 128, 79]
1546497208711;[171, 0, 17, 255, 161, 72, 68, 183, 122, 0, 0, 44, 1, 0, 80, 1, 0, 237, 11, 90]
1546497208879;[171, 0, 17, 255, 161, 72, 68, 183, 122, 0, 0, 36, 1, 0, 69, 1, 0, 239, 11, 95]
1546497208883;[171, 0, 17, 255, 161, 72, 68, 183, 122, 0, 0, 43, 1, 0, 74, 1, 0, 238, 11, 95]
1546497209051;[171, 0, 17, 255, 161, 72, 68, 183, 122, 0, 0, 31, 1, 0, 74, 1, 0, 240, 11, 114]
1546497209055;[171, 0, 17, 255, 161, 72, 68, 183, 122, 0, 0, 33, 1, 0, 88, 1, 0, 237, 11, 114]
1546497209397;[171, 0, 17, 255, 161, 72, 68, 183, 122, 0, 0, 40, 1, 0, 75, 1, 0, 238, 11, 95]
1546497209401;[171, 0, 17, 255, 161, 72, 68, 183, 122, 0, 0, 37, 1, 0, 80, 1, 0, 238, 11, 132]
1546497209406;[171, 0, 17, 255, 161, 72, 68, 183, 122, 0, 0, 43, 1, 0, 71, 1, 0, 240, 11, 224]
1546497209568;[171, 0, 17, 255, 161, 72, 68, 183, 122, 0, 0, 42, 1, 0, 70, 1, 0, 238, 12, 6]
1546497209741;[171, 0, 17, 255, 161, 72, 68, 183, 129, 0, 0, 48, 1, 0, 71, 1, 0, 235, 12, 131]
1546497209745;[171, 0, 17, 255, 161, 72, 68, 183, 129, 0, 0, 37, 1, 0, 67, 1, 0, 237, 12, 141]
1546497209915;[171, 0, 17, 255, 161, 72, 68, 183, 129, 0, 0, 31, 1, 0, 64, 1, 0, 251, 12, 128]
1546497210085;[171, 0, 17, 255, 161, 72, 68, 183, 129, 0, 0, 36, 1, 0, 65, 1, 0, 241, 12, 103]
1546497210259;[171, 0, 17, 255, 161, 72, 68, 183, 129, 0, 0, 37, 1, 0, 62, 1, 0, 241, 12, 77]
1546497210263;[171, 0, 17, 255, 161, 72, 68, 183, 129, 0, 0, 32, 1, 0, 62, 1, 0, 242, 12, 46]
1546497210778;[171, 0, 17, 255, 161, 72, 68, 183, 129, 0, 0, 34, 1, 0, 62, 1, 0, 246, 12, 43]
1546497210783;[171, 0, 17, 255, 161, 72, 68, 183, 129, 0, 0, 39, 1, 0, 71, 1, 0, 238, 12, 88]
1546497210787;[171, 0, 17, 255, 161, 72, 68, 183, 129, 0, 0, 36, 1, 0, 66, 1, 0, 242, 12, 69]
1546497210791;[171, 0, 17, 255, 161, 72, 68, 183, 130, 0, 0, 23, 1, 0, 62, 1, 1, 12, 12, 149]
1546497210949;[171, 0, 4, 255, 132, 128, 79]
1546497210954;[171, 0, 17, 255, 161, 72, 68, 183, 130, 0, 0, 62, 1, 0, 61, 1, 0, 255, 13, 99]
1546497210960;[171, 0, 17, 255, 161, 72, 68, 183, 130, 0, 0, 19, 1, 0, 103, 1, 0, 203, 13, 92]
1546497211119;[171, 0, 17, 255, 161, 72, 68, 183, 130, 0, 0, 128, 1, 0, 37, 1, 1, 8, 11, 136]
1546497211293;[171, 0, 17, 255, 161, 72, 68, 183, 130, 0, 0, 56, 1, 0, 34, 1, 1, 20, 10, 176]
1546497211296;[171, 0, 17, 255, 161, 72, 68, 183, 130, 0, 0, 43, 1, 0, 43, 1, 0, 236, 10, 150]
1546497211470;[171, 0, 17, 255, 161, 72, 68, 183, 130, 0, 0, 39, 1, 0, 39, 1, 0, 250, 10, 42]
1546497211475;[171, 0, 17, 255, 161, 72, 68, 183, 130, 0, 0, 59, 1, 0, 51, 1, 0, 241, 9, 221]
1546497211652;[171, 0, 17, 255, 161, 72, 68, 183, 130, 0, 0, 58, 1, 0, 42, 1, 0, 247, 9, 189]
1546497211986;[171, 0, 17, 255, 161, 72, 68, 183, 130, 0, 0, 56, 1, 0, 46, 1, 0, 243, 9, 157]
1546497211989;[171, 0, 17, 255, 161, 72, 68, 183, 131, 0, 0, 63, 1, 0, 44, 1, 0, 242, 9, 107]
1546497211993;[171, 0, 4, 255, 132, 128, 79]
1546497211997;[171, 0, 17, 255, 161, 72, 68, 183, 131, 0, 0, 54, 1, 0, 44, 1, 0, 244, 9, 53]
1546497212156;[171, 0, 17, 255, 161, 72, 68, 183, 131, 0, 0, 51, 1, 0, 47, 1, 0, 243, 9, 15]
1546497212160;[171, 0, 17, 255, 161, 72, 68, 183, 131, 0, 0, 54, 1, 0, 47, 1, 0, 241, 8, 240]
1546497212329;[171, 0, 17, 255, 161, 72, 68, 183, 131, 0, 0, 46, 1, 0, 47, 1, 0, 244, 8, 214]
1546497212501;[171, 0, 17, 255, 161, 72, 68, 183, 131, 0, 0, 52, 1, 0, 48, 1, 0, 247, 8, 158]
1546497212505;[171, 0, 17, 255, 161, 72, 68, 183, 131, 0, 0, 46, 1, 0, 46, 1, 0, 246, 8, 133]
1546497212675;[171, 0, 17, 255, 161, 72, 68, 183, 131, 0, 0, 42, 1, 0, 47, 1, 0, 247, 8, 92]
1546497212679;[171, 0, 17, 255, 161, 72, 68, 183, 131, 0, 0, 43, 1, 0, 46, 1, 0, 247, 8, 60]
1546497212846;[171, 0, 17, 255, 161, 72, 68, 183, 131, 0, 0, 46, 1, 0, 47, 1, 0, 246, 8, 11]
1546497212850;[171, 0, 17, 255, 161, 72, 68, 183, 132, 0, 0, 40, 1, 0, 43, 1, 0, 247, 7, 245]
1546497213191;[171, 0, 4, 255, 132, 128, 79]
1546497213195;[171, 0, 17, 255, 161, 72, 68, 183, 132, 0, 0, 49, 1, 0, 44, 1, 0, 247, 7, 236]
1546497213200;[171, 0, 17, 255, 161, 72, 68, 183, 132, 0, 0, 43, 1, 0, 46, 1, 0, 249, 7, 224]
1546497213364;[171, 0, 17, 255, 161, 72, 68, 183, 132, 0, 0, 52, 1, 0, 51, 1, 0, 247, 7, 201]
1546497213368;[171, 0, 17, 255, 161, 72, 68, 183, 132, 0, 0, 46, 1, 0, 48, 1, 0, 244, 7, 159]
1546497213536;[171, 0, 17, 255, 161, 72, 68, 183, 132, 0, 0, 44, 1, 0, 47, 1, 0, 247, 7, 112]
1546497213710;[171, 0, 17, 255, 161, 72, 68, 183, 132, 0, 0, 46, 1, 0, 48, 1, 0, 243, 7, 71]
1546497213714;[171, 0, 17, 255, 161, 72, 68, 183, 132, 0, 0, 41, 1, 0, 53, 1, 0, 244, 7, 32]
1546497213881;[171, 0, 17, 255, 161, 72, 68, 183, 132, 0, 0, 48, 1, 0, 47, 1, 0, 246, 7, 2]
1546497213886;[171, 0, 17, 255, 161, 72, 68, 183, 132, 0, 0, 43, 1, 0, 49, 1, 0, 247, 7, 2]
1546497214055;[171, 0, 17, 255, 161, 72, 68, 183, 133, 0, 0, 43, 1, 0, 46, 1, 0, 246, 6, 255]
1546497214059;[171, 0, 4, 255, 132, 128, 79]
1546497214226;[171, 0, 17, 255, 161, 72, 68, 183, 133, 0, 0, 45, 1, 0, 43, 1, 0, 247, 6, 240]
1546497214572;[171, 0, 17, 255, 161, 72, 68, 183, 133, 0, 0, 43, 1, 0, 47, 1, 0, 244, 6, 225]
1546497214576;[171, 0, 17, 255, 161, 72, 68, 183, 133, 0, 0, 41, 1, 0, 47, 1, 0, 244, 6, 202]
1546497214580;[171, 0, 17, 255, 161, 72, 68, 183, 133, 0, 0, 43, 1, 0, 48, 1, 0, 242, 6, 178]
1546497214584;[171, 0, 17, 255, 161, 72, 68, 183, 133, 0, 0, 38, 1, 0, 52, 1, 0, 242, 6, 143]
1546497214744;[171, 0, 17, 255, 161, 72, 68, 183, 133, 0, 0, 48, 1, 0, 49, 1, 0, 244, 6, 106]
1546497214749;[171, 0, 17, 255, 161, 72, 68, 183, 133, 0, 0, 44, 1, 0, 51, 1, 0, 242, 6, 80]
1546497214916;[171, 0, 17, 255, 161, 72, 68, 183, 133, 0, 0, 46, 1, 0, 53, 1, 0, 244, 6, 53]
1546497215090;[171, 0, 17, 255, 161, 72, 68, 183, 133, 0, 0, 49, 1, 0, 47, 1, 0, 241, 6, 53]
1546497215096;[171, 0, 17, 255, 161, 72, 68, 183, 134, 0, 0, 46, 1, 0, 44, 1, 0, 244, 6, 53]
1546497215260;[171, 0, 4, 255, 132, 128, 79]
1546497215263;[171, 0, 17, 255, 161, 72, 68, 183, 134, 0, 0, 44, 1, 0, 47, 1, 0, 246, 6, 29]
1546497215433;[171, 0, 17, 255, 161, 72, 68, 183, 134, 0, 0, 40, 1, 0, 47, 1, 0, 244, 6, 7]
1546497215780;[171, 0, 17, 255, 161, 72, 68, 183, 134, 0, 0, 44, 1, 0, 43, 1, 0, 244, 5, 238]
1546497215784;[171, 0, 17, 255, 161, 72, 68, 183, 134, 0, 0, 46, 1, 0, 48, 1, 0, 247, 5, 208]
1546497215789;[171, 0, 17, 255, 161, 72, 68, 183, 134, 0, 0, 43, 1, 0, 48, 1, 0, 246, 5, 192]
1546497215793;[171, 0, 17, 255, 161, 72, 68, 183, 134, 0, 0, 46, 1, 0, 49, 1, 0, 246, 5, 164]
1546497215951;[171, 0, 17, 255, 161, 72, 68, 183, 134, 0, 0, 40, 1, 0, 52, 1, 0, 244, 5, 133]
1546497215955;[171, 0, 17, 255, 161, 72, 68, 183, 134, 0, 0, 40, 1, 0, 48, 1, 0, 248, 5, 97]
1546497216124;[171, 0, 17, 255, 161, 72, 68, 183, 134, 0, 0, 40, 1, 0, 51, 1, 0, 244, 5, 79]
1546497216296;[171, 0, 17, 255, 161, 72, 68, 183, 135, 0, 0, 41, 1, 0, 51, 1, 0, 245, 5, 44]
1546497216300;[171, 0, 4, 255, 132, 128, 79]
1546497216472;[171, 0, 17, 255, 161, 72, 68, 183, 135, 0, 0, 44, 1, 0, 53, 1, 0, 241, 5, 11]
1546497216476;[171, 0, 17, 255, 161, 72, 68, 183, 135, 0, 0, 43, 1, 0, 56, 1, 0, 246, 4, 235]
1546497216640;[171, 0, 17, 255, 161, 72, 68, 183, 135, 0, 0, 49, 1, 0, 55, 1, 0, 246, 4, 224]
1546497216644;[171, 0, 17, 255, 161, 72, 68, 183, 135, 0, 0, 40, 1, 0, 53, 1, 0, 249, 4, 208]
1546497217161;[171, 0, 17, 255, 161, 72, 68, 183, 135, 0, 0, 57, 1, 0, 15, 1, 0, 234, 5, 53]
1546497217166;[171, 0, 17, 255, 161, 72, 68, 183, 135, 0, 0, 58, 1, 0, 39, 1, 0, 250, 5, 104]
1546497217170;[171, 0, 17, 255, 161, 72, 68, 183, 135, 0, 0, 59, 1, 0, 51, 1, 0, 238, 5, 108]
1546497217173;[171, 0, 17, 255, 161, 72, 68, 183, 135, 0, 0, 52, 1, 0, 43, 1, 0, 243, 5, 107]
1546497217331;[171, 0, 17, 255, 161, 72, 68, 183, 135, 0, 0, 61, 1, 0, 48, 1, 0, 242, 5, 80]
1546497217335;[171, 0, 17, 255, 161, 72, 68, 183, 136, 0, 0, 52, 1, 0, 44, 1, 0, 242, 5, 58]
1546497217503;[171, 0, 4, 255, 132, 128, 79]
1546497217507;[171, 0, 17, 255, 161, 72, 68, 183, 136, 0, 0, 57, 1, 0, 48, 1, 0, 242, 5, 42]
1546497217675;[171, 0, 17, 255, 161, 72, 68, 183, 136, 0, 0, 57, 1, 0, 48, 1, 0, 242, 5, 25]
1546497217679;[171, 0, 17, 255, 161, 72, 68, 183, 136, 0, 0, 58, 1, 0, 47, 1, 0, 242, 5, 0]
1546497217848;[171, 0, 17, 255, 161, 72, 68, 183, 136, 0, 0, 55, 1, 0, 47, 1, 0, 241, 4, 235]
1546497217852;[171, 0, 17, 255, 161, 72, 68, 183, 136, 0, 0, 55, 1, 0, 46, 1, 0, 235, 5, 34]
1546497218020;[171, 0, 17, 255, 161, 72, 68, 183, 136, 0, 0, 51, 1, 0, 41, 1, 0, 252, 5, 96]
1546497218369;[171, 0, 17, 255, 161, 72, 68, 183, 136, 0, 0, 49, 1, 0, 49, 1, 0, 252, 5, 183]
1546497218373;[171, 0, 17, 255, 161, 72, 68, 183, 136, 0, 0, 71, 1, 0, 61, 1, 0, 234, 5, 173]
1546497218377;[171, 0, 17, 255, 161, 72, 68, 183, 136, 0, 0, 77, 1, 0, 70, 1, 0, 224, 5, 140]
1546497218381;[171, 0, 17, 255, 161, 72, 68, 183, 137, 0, 0, 61, 1, 0, 66, 1, 0, 235, 5, 137]
1546497218538;[171, 0, 4, 255, 132, 128, 78]
1546497218711;[171, 0, 17, 255, 161, 72, 68, 183, 137, 0, 0, 59, 1, 0, 75, 1, 0, 232, 5, 85]
1546497218715;[171, 0, 17, 255, 161, 72, 68, 183, 137, 0, 0, 80, 1, 0, 71, 1, 0, 232, 5, 48]
1546497218883;[171, 0, 17, 255, 161, 72, 68, 183, 137, 0, 0, 72, 1, 0, 74, 1, 0, 230, 4, 245]
1546497218887;[171, 0, 17, 255, 161, 72, 68, 183, 137, 0, 0, 64, 1, 0, 73, 1, 0, 234, 4, 193]
1546497219056;[171, 0, 17, 255, 161, 72, 68, 183, 137, 0, 0, 65, 1, 0, 73, 1, 0, 232, 4, 179]
1546497219060;[171, 0, 17, 255, 161, 72, 68, 183, 137, 0, 0, 61, 1, 0, 79, 1, 0, 234, 4, 134]
1546497219228;[171, 0, 17, 255, 161, 72, 68, 183, 137, 0, 0, 55, 1, 0, 74, 1, 0, 234, 4, 125]
1546497219747;[171, 0, 17, 255, 161, 72, 68, 183, 137, 0, 0, 63, 1, 0, 69, 1, 0, 240, 4, 119]
1546497219751;[171, 0, 17, 255, 161, 72, 68, 183, 137, 0, 0, 58, 1, 0, 87, 1, 0, 241, 4, 16]
1546497219756;[171, 0, 17, 255, 161, 72, 68, 183, 138, 0, 0, 96, 1, 0, 111, 1, 0, 201, 3, 135]
1546497219760;[171, 0, 4, 255, 132, 128, 77]
1546497219919;[171, 0, 17, 255, 161, 72, 68, 183, 138, 0, 0, 139, 1, 0, 122, 1, 0, 166, 3, 15]
1546497219926;[171, 0, 17, 255, 161, 72, 68, 183, 138, 0, 0, 113, 1, 0, 118, 1, 0, 198, 2, 179]
1546497219930;[171, 0, 17, 255, 161, 72, 68, 183, 138, 0, 0, 91, 1, 0, 109, 1, 0, 211, 2, 130]
1546497220088;[171, 0, 17, 255, 161, 72, 68, 183, 138, 0, 0, 99, 1, 0, 104, 1, 0, 217, 2, 122]
1546497220091;[171, 0, 17, 255, 161, 72, 68, 183, 138, 0, 0, 99, 1, 0, 112, 1, 0, 206, 2, 85]
1546497220264;[171, 0, 17, 255, 161, 72, 68, 183, 138, 0, 0, 99, 1, 0, 114, 1, 0, 213, 2, 28]
1546497220268;[171, 0, 17, 255, 161, 72, 68, 183, 138, 0, 0, 104, 1, 0, 111, 1, 0, 202, 1, 208]
1546497220437;[171, 0, 17, 255, 161, 72, 68, 183, 138, 0, 0, 101, 1, 0, 110, 1, 0, 211, 1, 143]
1546497220608;[171, 0, 17, 255, 161, 72, 68, 183, 138, 0, 0, 99, 1, 0, 109, 1, 0, 211, 1, 77]
1546497220612;[171, 0, 17, 255, 161, 72, 68, 183, 139, 0, 0, 111, 1, 0, 111, 1, 0, 202, 0, 255]
1546497220955;[171, 0, 4, 255, 132, 128, 77]
1546497220959;[171, 0, 17, 255, 161, 72, 68, 183, 139, 0, 0, 103, 1, 0, 104, 1, 0, 211, 16, 194]
1546497220964;[171, 0, 17, 255, 161, 72, 68, 183, 139, 0, 0, 98, 1, 0, 98, 1, 0, 213, 7, 151]
1546497220968;[171, 0, 17, 255, 161, 72, 68, 183, 139, 0, 0, 98, 1, 0, 98, 1, 0, 217, 7, 115]
1546497221127;[171, 0, 17, 255, 161, 72, 68, 183, 139, 0, 0, 101, 1, 0, 102, 1, 0, 211, 7, 92]
1546497221299;[171, 0, 17, 255, 161, 72, 68, 183, 139, 0, 0, 101, 1, 0, 98, 1, 0, 217, 7, 68]
1546497221303;[171, 0, 17, 255, 161, 72, 68, 183, 139, 0, 0, 101, 1, 0, 96, 1, 0, 214, 7, 38]
1546497221477;[171, 0, 17, 255, 161, 72, 68, 183, 139, 0, 0, 103, 1, 0, 95, 1, 0, 218, 7, 11]
1546497221480;[171, 0, 17, 255, 161, 72, 68, 183, 139, 0, 0, 98, 1, 0, 95, 1, 0, 218, 6, 245]
1546497221643;[171, 0, 17, 255, 161, 72, 68, 183, 139, 0, 0, 98, 1, 0, 95, 1, 0, 213, 6, 211]
1546497221647;[171, 0, 17, 255, 161, 72, 68, 183, 140, 0, 0, 98, 1, 0, 96, 1, 0, 217, 6, 179]
1546497221815;[171, 0, 4, 255, 132, 128, 77]
1546497222163;[171, 0, 17, 255, 161, 72, 68, 183, 140, 0, 0, 101, 1, 0, 95, 1, 0, 217, 6, 162]
1546497222167;[171, 0, 17, 255, 161, 72, 68, 183, 140, 0, 0, 99, 1, 0, 96, 1, 0, 214, 6, 136]
1546497222172;[171, 0, 17, 255, 161, 72, 68, 183, 140, 0, 0, 97, 1, 0, 95, 1, 0, 214, 6, 106]
1546497222176;[171, 0, 17, 255, 161, 72, 68, 183, 140, 0, 0, 99, 1, 0, 96, 1, 0, 218, 6, 86]
1546497222333;[171, 0, 17, 255, 161, 72, 68, 183, 140, 0, 0, 98, 1, 0, 92, 1, 0, 217, 6, 56]
1546497222506;[171, 0, 17, 255, 161, 72, 68, 183, 140, 0, 0, 98, 1, 0, 95, 1, 0, 217, 6, 39]
1546497222510;[171, 0, 17, 255, 161, 72, 68, 183, 140, 0, 0, 87, 1, 0, 89, 1, 0, 220, 5, 234]
1546497222678;[171, 0, 17, 255, 161, 72, 68, 183, 140, 0, 0, 97, 1, 0, 89, 1, 0, 220, 5, 175]
1546497222683;[171, 0, 17, 255, 161, 72, 68, 183, 140, 0, 0, 74, 1, 0, 77, 1, 0, 231, 5, 213]
1546497222851;[171, 0, 17, 255, 161, 72, 68, 183, 141, 0, 0, 78, 1, 0, 74, 1, 0, 230, 5, 252]
1546497222855;[171, 0, 4, 255, 132, 128, 77]
1546497223023;[171, 0, 17, 255, 161, 72, 68, 183, 141, 0, 0, 58, 1, 0, 66, 1, 0, 240, 6, 49]
1546497223196;[171, 0, 17, 255, 161, 72, 68, 183, 141, 0, 0, 57, 1, 0, 64, 1, 0, 237, 6, 99]
1546497223200;[171, 0, 17, 255, 161, 72, 68, 183, 141, 0, 0, 68, 1, 0, 60, 1, 0, 240, 6, 152]
1546497223541;[171, 0, 17, 255, 161, 72, 68, 183, 141, 0, 0, 61, 1, 0, 66, 1, 0, 234, 6, 206]
1546497223545;[171, 0, 17, 255, 161, 72, 68, 183, 141, 0, 0, 65, 1, 0, 62, 1, 0, 235, 7, 94]
1546497223550;[171, 0, 17, 255, 161, 72, 68, 183, 141, 0, 0, 67, 1, 0, 62, 1, 0, 233, 8, 4]
1546497223554;[171, 0, 17, 255, 161, 72, 68, 183, 141, 0, 0, 66, 1, 0, 62, 1, 0, 234, 8, 159]
1546497223715;[171, 0, 17, 255, 161, 72, 68, 183, 141, 0, 0, 67, 1, 0, 64, 1, 0, 232, 9, 52]
1546497223886;[171, 0, 17, 255, 161, 72, 68, 183, 141, 0, 0, 78, 1, 0, 69, 1, 0, 232, 9, 173]
1546497223890;[171, 0, 17, 255, 161, 72, 68, 183, 142, 0, 0, 81, 1, 0, 67, 1, 0, 232, 10, 31]
