1546497056560;[171, 0, 17, 255, 161, 72, 68, 182, 219, 0, 0, 44, 1, 0, 35, 1, 0, 250, 9, 184]
1546497056577;[171, 0, 17, 255, 161, 72, 68, 182, 219, 0, 0, 50, 1, 0, 35, 1, 0, 247, 9, 146]
1546497056731;[171, 0, 17, 255, 161, 72, 68, 182, 219, 0, 0, 46, 1, 0, 37, 1, 0, 248, 9, 105]
1546497057080;[171, 0, 4, 255, 132, 128, 84]
1546497057085;[171, 0, 17, 255, 161, 72, 68, 182, 220, 0, 0, 46, 1, 0, 35, 1, 0, 247, 9, 92]
1546497057089;[171, 0, 17, 255, 161, 72, 68, 182, 220, 0, 0, 43, 1, 0, 39, 1, 0, 250, 9, 141]
1546497057093;[171, 0, 17, 255, 161, 72, 68, 182, 220, 0, 0, 46, 1, 0, 39, 1, 0, 248, 9, 165]
1546497057252;[171, 0, 17, 255, 161, 72, 68, 182, 220, 0, 0, 40, 1, 0, 37, 1, 0, 251, 9, 152]
1546497057256;[171, 0, 17, 255, 161, 72, 68, 182, 220, 0, 0, 43, 1, 0, 37, 1, 0, 250, 9, 135]
1546497057423;[171, 0, 17, 255, 161, 72, 68, 182, 220, 0, 0, 46, 1, 0, 39, 1, 0, 246, 9, 101]
1546497057596;[171, 0, 17, 255, 161, 72, 68, 182, 220, 0, 0, 44, 1, 0, 35, 1, 0, 247, 9, 73]
1546497057600;[171, 0, 17, 255, 161, 72, 68, 182, 220, 0, 0, 36, 1, 0, 39, 1, 0, 251, 9, 35]
1546497057769;[171, 0, 17, 255, 161, 72, 68, 182, 220, 0, 0, 43, 1, 0, 37, 1, 0, 247, 8, 248]
1546497057773;[171, 0, 17, 255, 161, 72, 68, 182, 220, 0, 0, 47, 1, 0, 35, 1, 0, 246, 9, 44]
1546497057940;[171, 0, 4, 255, 132, 128, 83]
1546497058461;[171, 0, 17, 255, 161, 72, 68, 182, 221, 0, 0, 43, 1, 0, 37, 1, 0, 247, 9, 68]
1546497058473;[171, 0, 17, 255, 161, 72, 68, 182, 221, 0, 0, 44, 1, 0, 37, 1, 0, 247, 9, 63]
1546497058475;[171, 0, 17, 255, 161, 72, 68, 182, 221, 0, 0, 43, 1, 0, 35, 1, 0, 252, 9, 72]
1546497058477;[171, 0, 17, 255, 161, 72, 68, 182, 221, 0, 0, 43, 1, 0, 35, 1, 0, 252, 9, 47]
1546497058632;[171, 0, 17, 255, 161, 72, 68, 182, 221, 0, 0, 40, 1, 0, 39, 1, 0, 247, 9, 16]
1546497058636;[171, 0, 17, 255, 161, 72, 68, 182, 221, 0, 0, 41, 1, 0, 39, 1, 0, 250, 8, 237]
1546497058640;[171, 0, 17, 255, 161, 72, 68, 182, 221, 0, 0, 40, 1, 0, 39, 1, 0, 247, 8, 239]
1546497058805;[171, 0, 17, 255, 161, 72, 68, 182, 221, 0, 0, 37, 1, 0, 39, 1, 0, 250, 9, 55]
1546497058809;[171, 0, 17, 255, 161, 72, 68, 182, 221, 0, 0, 37, 1, 0, 43, 1, 0, 252, 9, 73]
1546497058975;[171, 0, 17, 255, 161, 72, 68, 182, 221, 0, 0, 43, 1, 0, 41, 1, 0, 249, 9, 83]
1546497058979;[171, 0, 4, 255, 132, 128, 83]
1546497059148;[171, 0, 17, 255, 161, 72, 68, 182, 222, 0, 0, 36, 1, 0, 40, 1, 0, 247, 9, 95]
1546497059152;[171, 0, 17, 255, 161, 72, 68, 182, 222, 0, 0, 40, 1, 0, 37, 1, 0, 252, 9, 126]
1546497059320;[171, 0, 17, 255, 161, 72, 68, 182, 222, 0, 0, 43, 1, 0, 43, 1, 0, 249, 9, 211]
1546497059667;[171, 0, 17, 255, 161, 72, 68, 182, 222, 0, 0, 47, 1, 0, 46, 1, 0, 252, 9, 145]
1546497059672;[171, 0, 17, 255, 161, 72, 68, 182, 222, 0, 0, 46, 1, 0, 47, 1, 0, 242, 9, 160]
1546497059676;[171, 0, 17, 255, 161, 72, 68, 182, 222, 0, 0, 44, 1, 0, 47, 1, 0, 247, 9, 209]
1546497059680;[171, 0, 17, 255, 161, 72, 68, 182, 222, 0, 0, 43, 1, 0, 46, 1, 0, 249, 9, 206]
1546497059838;[171, 0, 17, 255, 161, 72, 68, 182, 222, 0, 0, 47, 1, 0, 46, 1, 0, 247, 9, 187]
1546497060011;[171, 0, 17, 255, 161, 72, 68, 182, 222, 0, 0, 43, 1, 0, 46, 1, 0, 242, 9, 172]
1546497060015;[171, 0, 17, 255, 161, 72, 68, 182, 222, 0, 0, 50, 1, 0, 48, 1, 0, 242, 9, 123]
1546497060183;[171, 0, 4, 255, 132, 128, 82]
1546497060187;[171, 0, 17, 255, 161, 72, 68, 182, 223, 0, 0, 44, 1, 0, 43, 1, 0, 245, 9, 90]
1546497060356;[171, 0, 17, 255, 161, 72, 68, 182, 223, 0, 0, 51, 1, 0, 46, 1, 0, 242, 9, 65]
1546497060360;[171, 0, 17, 255, 161, 72, 68, 182, 223, 0, 0, 51, 1, 0, 47, 1, 0, 247, 9, 127]
1546497060874;[171, 0, 17, 255, 161, 72, 68, 182, 223, 0, 0, 51, 1, 0, 49, 1, 0, 243, 9, 152]
1546497060878;[171, 0, 17, 255, 161, 72, 68, 182, 223, 0, 0, 46, 1, 0, 41, 1, 0, 244, 9, 145]
1546497060884;[171, 0, 17, 255, 161, 72, 68, 182, 223, 0, 0, 43, 1, 0, 49, 1, 0, 241, 9, 52]
1546497060889;[171, 0, 17, 255, 161, 72, 68, 182, 223, 0, 0, 43, 1, 0, 41, 1, 0, 247, 8, 239]
1546497061044;[171, 0, 17, 255, 161, 72, 68, 182, 223, 0, 0, 47, 1, 0, 35, 1, 0, 247, 8, 195]
1546497061047;[171, 0, 17, 255, 161, 72, 68, 182, 223, 0, 0, 49, 1, 0, 37, 1, 0, 250, 8, 150]
1546497061219;[171, 0, 17, 255, 161, 72, 68, 182, 223, 0, 0, 49, 1, 0, 34, 1, 0, 249, 8, 159]
1546497061223;[171, 0, 4, 255, 132, 128, 82]
1546497061392;[171, 0, 17, 255, 161, 72, 68, 182, 224, 0, 0, 48, 1, 0, 35, 1, 0, 247, 8, 218]
1546497061397;[171, 0, 17, 255, 161, 72, 68, 182, 224, 0, 0, 52, 1, 0, 35, 1, 0, 247, 8, 236]
1546497061563;[171, 0, 17, 255, 161, 72, 68, 182, 224, 0, 0, 51, 1, 0, 34, 1, 0, 249, 9, 0]
1546497061567;[171, 0, 17, 255, 161, 72, 68, 182, 224, 0, 0, 49, 1, 0, 35, 1, 0, 247, 9, 5]
1546497061737;[171, 0, 17, 255, 161, 72, 68, 182, 224, 0, 0, 51, 1, 0, 34, 1, 0, 246, 8, 241]
1546497061909;[171, 0, 17, 255, 161, 72, 68, 182, 224, 0, 0, 53, 1, 0, 35, 1, 0, 250, 8, 210]
1546497061913;[171, 0, 17, 255, 161, 72, 68, 182, 224, 0, 0, 46, 1, 0, 35, 1, 0, 247, 8, 207]
1546497062257;[171, 0, 17, 255, 161, 72, 68, 182, 224, 0, 0, 55, 1, 0, 37, 1, 0, 242, 9, 27]
1546497062261;[171, 0, 17, 255, 161, 72, 68, 182, 224, 0, 0, 44, 1, 0, 37, 1, 0, 243, 9, 62]
1546497062265;[171, 0, 17, 255, 161, 72, 68, 182, 224, 0, 0, 43, 1, 0, 35, 1, 0, 250, 9, 66]
1546497062269;[171, 0, 4, 255, 132, 128, 81]
1546497062425;[171, 0, 17, 255, 161, 72, 68, 182, 225, 0, 0, 47, 1, 0, 35, 1, 0, 250, 9, 69]
1546497062598;[171, 0, 17, 255, 161, 72, 68, 182, 225, 0, 0, 49, 1, 0, 35, 1, 0, 248, 9, 48]
1546497062602;[171, 0, 17, 255, 161, 72, 68, 182, 225, 0, 0, 44, 1, 0, 35, 1, 0, 249, 9, 15]
1546497062771;[171, 0, 17, 255, 161, 72, 68, 182, 225, 0, 0, 46, 1, 0, 35, 1, 0, 251, 8, 236]
1546497062775;[171, 0, 17, 255, 161, 72, 68, 182, 225, 0, 0, 49, 1, 0, 35, 1, 0, 250, 9, 40]
1546497062943;[171, 0, 17, 255, 161, 72, 68, 182, 225, 0, 0, 51, 1, 0, 36, 1, 0, 249, 9, 91]
1546497063117;[171, 0, 17, 255, 161, 72, 68, 182, 225, 0, 0, 32, 1, 0, 35, 1, 1, 1, 9, 91]
1546497063121;[171, 0, 17, 255, 161, 72, 68, 182, 225, 0, 0, 33, 1, 0, 41, 1, 1, 26, 9, 94]
1546497063466;[171, 0, 17, 255, 161, 72, 68, 182, 225, 0, 0, 111, 1, 0, 60, 1, 0, 241, 9, 43]
1546497063473;[171, 0, 17, 255, 161, 72, 68, 182, 225, 0, 0, 151, 1, 0, 45, 1, 0, 223, 9, 19]
1546497063478;[171, 0, 4, 255, 132, 128, 81]
1546497063482;[171, 0, 17, 255, 161, 72, 68, 182, 226, 0, 0, 170, 0, 0, 17, 1, 0, 159, 8, 254]
1546497063633;[171, 0, 17, 255, 161, 72, 68, 182, 226, 0, 0, 214, 0, 0, 38, 1, 0, 105, 9, 156]
1546497063805;[171, 0, 17, 255, 161, 72, 68, 182, 226, 0, 1, 4, 0, 0, 3, 1, 0, 80, 10, 49]
1546497063809;[171, 0, 17, 255, 161, 72, 68, 182, 226, 0, 0, 251, 1, 0, 29, 1, 0, 76, 10, 154]
1546497063978;[171, 0, 17, 255, 161, 72, 68, 182, 226, 0, 0, 227, 1, 0, 35, 1, 0, 67, 10, 208]
1546497063982;[171, 0, 17, 255, 161, 72, 68, 182, 226, 0, 0, 221, 1, 0, 24, 1, 0, 99, 10, 251]
1546497064152;[171, 0, 17, 255, 161, 72, 68, 182, 226, 0, 0, 221, 1, 0, 21, 1, 0, 122, 10, 244]
1546497064156;[171, 0, 17, 255, 161, 72, 68, 182, 226, 0, 0, 206, 1, 0, 20, 1, 0, 136, 10, 201]
1546497064324;[171, 0, 17, 255, 161, 72, 68, 182, 226, 0, 0, 196, 1, 0, 8, 1, 0, 167, 10, 137]
1546497064496;[171, 0, 17, 255, 161, 72, 68, 182, 226, 0, 0, 181, 1, 0, 10, 1, 0, 194, 10, 134]
1546497064500;[171, 0, 4, 255, 132, 128, 80]
1546497064842;[171, 0, 17, 255, 161, 72, 68, 182, 227, 0, 0, 164, 1, 0, 2, 1, 0, 198, 10, 126]
1546497064846;[171, 0, 17, 255, 161, 72, 68, 182, 227, 0, 0, 143, 0, 0, 1, 1, 0, 194, 10, 98]
1546497064850;[171, 0, 17, 255, 161, 72, 68, 182, 227, 0, 0, 156, 0, 0, 12, 1, 0, 198, 10, 82]
1546497065015;[171, 0, 17, 255, 161, 72, 68, 182, 227, 0, 0, 163, 0, 0, 4, 1, 0, 206, 10, 49]
1546497065019;[171, 0, 17, 255, 161, 72, 68, 182, 227, 0, 0, 163, 0, 0, 6, 1, 0, 194, 10, 15]
1546497065186;[171, 0, 17, 255, 161, 72, 68, 182, 227, 0, 0, 163, 0, 0, 18, 1, 0, 207, 9, 249]
1546497065190;[171, 0, 17, 255, 161, 72, 68, 182, 227, 0, 0, 178, 0, 0, 8, 1, 0, 202, 10, 0]
1546497065359;[171, 0, 17, 255, 161, 72, 68, 182, 227, 0, 0, 171, 0, 0, 23, 1, 0, 200, 10, 39]
1546497065363;[171, 0, 17, 255, 161, 72, 68, 182, 227, 0, 0, 156, 0, 0, 24, 1, 0, 198, 10, 56]
1546497065531;[171, 0, 17, 255, 161, 72, 68, 182, 227, 0, 0, 152, 0, 0, 16, 1, 0, 197, 10, 37]
1546497065703;[171, 0, 4, 255, 132, 128, 80]
1546497065707;[171, 0, 17, 255, 161, 72, 68, 182, 228, 0, 0, 166, 0, 0, 16, 1, 0, 196, 10, 19]
1546497066051;[171, 0, 17, 255, 161, 72, 68, 182, 228, 0, 0, 167, 0, 0, 13, 1, 0, 192, 9, 239]
1546497066055;[171, 0, 17, 255, 161, 72, 68, 182, 228, 0, 0, 166, 0, 0, 16, 1, 0, 196, 9, 196]
1546497066059;[171, 0, 17, 255, 161, 72, 68, 182, 228, 0, 0, 173, 0, 0, 24, 1, 0, 220, 9, 166]
1546497066064;[171, 0, 17, 255, 161, 72, 68, 182, 228, 0, 0, 147, 0, 0, 21, 1, 0, 196, 9, 233]
1546497066222;[171, 0, 17, 255, 161, 72, 68, 182, 228, 0, 0, 164, 0, 0, 14, 1, 0, 195, 10, 45]
1546497066394;[171, 0, 17, 255, 161, 72, 68, 182, 228, 0, 0, 160, 0, 0, 34, 1, 0, 211, 10, 58]
1546497066398;[171, 0, 17, 255, 161, 72, 68, 182, 228, 0, 0, 151, 0, 0, 28, 1, 0, 211, 10, 39]
1546497066566;[171, 0, 17, 255, 161, 72, 68, 182, 228, 0, 0, 141, 0, 0, 17, 1, 0, 187, 10, 8]
1546497066570;[171, 0, 17, 255, 161, 72, 68, 182, 228, 0, 0, 141, 0, 0, 4, 1, 0, 197, 9, 234]
1546497066738;[171, 0, 4, 255, 132, 128, 80]
1546497066911;[171, 0, 17, 255, 161, 72, 68, 182, 229, 0, 0, 131, 0, 0, 44, 1, 0, 224, 9, 153]
1546497066915;[171, 0, 17, 255, 161, 72, 68, 182, 229, 0, 0, 131, 0, 0, 39, 1, 0, 225, 9, 106]
1546497067259;[171, 0, 17, 255, 161, 72, 68, 182, 229, 0, 0, 63, 0, 0, 61, 1, 0, 244, 9, 98]
1546497067263;[171, 0, 17, 255, 161, 72, 68, 182, 229, 0, 0, 36, 0, 0, 70, 1, 1, 4, 9, 92]
1546497067267;[171, 0, 17, 255, 161, 72, 68, 182, 229, 0, 0, 57, 0, 0, 73, 1, 0, 235, 9, 81]
1546497067271;[171, 0, 17, 255, 161, 72, 68, 182, 229, 0, 0, 59, 0, 0, 77, 1, 0, 252, 9, 76]
1546497067428;[171, 0, 17, 255, 161, 72, 68, 182, 229, 0, 0, 23, 0, 0, 55, 1, 1, 22, 9, 14]
1546497067600;[171, 0, 17, 255, 161, 72, 68, 182, 229, 0, 0, 71, 0, 0, 44, 1, 1, 11, 8, 200]
1546497067604;[171, 0, 17, 255, 161, 72, 68, 182, 229, 0, 0, 157, 0, 0, 15, 1, 0, 212, 9, 18]
1546497067774;[171, 0, 17, 255, 161, 72, 68, 182, 229, 0, 0, 219, 1, 0, 14, 1, 0, 111, 10, 19]
1546497067777;[171, 0, 4, 255, 132, 128, 80]
1546497067946;[171, 0, 17, 255, 161, 72, 68, 182, 230, 0, 0, 226, 1, 0, 40, 1, 0, 79, 10, 201]
1546497068118;[171, 0, 17, 255, 161, 72, 68, 182, 230, 0, 0, 233, 1, 0, 114, 1, 0, 52, 10, 226]
1546497068122;[171, 0, 17, 255, 161, 72, 68, 182, 230, 0, 0, 190, 1, 0, 130, 1, 0, 19, 10, 224]
1546497068291;[171, 0, 17, 255, 161, 72, 68, 182, 230, 0, 0, 187, 1, 0, 118, 1, 0, 64, 10, 202]
1546497068295;[171, 0, 17, 255, 161, 72, 68, 182, 230, 0, 0, 197, 1, 0, 97, 1, 0, 88, 10, 179]
1546497068637;[171, 0, 17, 255, 161, 72, 68, 182, 230, 0, 0, 224, 1, 0, 92, 1, 0, 112, 10, 180]
1546497068641;[171, 0, 17, 255, 161, 72, 68, 182, 230, 0, 0, 196, 1, 0, 100, 1, 0, 118, 10, 234]
1546497068645;[171, 0, 17, 255, 161, 72, 68, 182, 230, 0, 0, 184, 1, 0, 94, 1, 0, 140, 11, 15]
1546497068809;[171, 0, 17, 255, 161, 72, 68, 182, 230, 0, 0, 187, 1, 0, 94, 1, 0, 122, 11, 2]
1546497068813;[171, 0, 17, 255, 161, 72, 68, 182, 230, 0, 0, 189, 1, 0, 78, 1, 0, 141, 11, 8]
1546497068981;[171, 0, 4, 255, 132, 128, 79]
1546497068985;[171, 0, 17, 255, 161, 72, 68, 182, 231, 0, 0, 204, 1, 0, 93, 1, 0, 148, 10, 221]
1546497069153;[171, 0, 17, 255, 161, 72, 68, 182, 231, 0, 0, 191, 1, 0, 89, 1, 0, 145, 10, 167]
1546497069157;[171, 0, 17, 255, 161, 72, 68, 182, 231, 0, 0, 172, 1, 0, 103, 1, 0, 133, 10, 109]
1546497069327;[171, 0, 17, 255, 161, 72, 68, 182, 231, 0, 0, 161, 1, 0, 112, 1, 0, 110, 10, 147]
1546497069498;[171, 0, 17, 255, 161, 72, 68, 182, 231, 0, 0, 176, 1, 0, 82, 1, 0, 106, 10, 176]
1546497069503;[171, 0, 17, 255, 161, 72, 68, 182, 231, 0, 0, 218, 1, 0, 51, 1, 0, 121, 10, 142]
1546497069844;[171, 0, 17, 255, 161, 72, 68, 182, 231, 0, 0, 204, 1, 0, 33, 1, 0, 133, 10, 90]
1546497069855;[171, 0, 17, 255, 161, 72, 68, 182, 231, 0, 0, 239, 1, 0, 35, 1, 0, 150, 10, 17]
1546497069857;[171, 0, 17, 255, 161, 72, 68, 182, 231, 0, 0, 243, 1, 0, 30, 1, 0, 159, 9, 223]
1546497070016;[171, 0, 17, 255, 161, 72, 68, 182, 231, 0, 0, 240, 1, 0, 38, 1, 0, 151, 9, 183]
1546497070019;[171, 0, 4, 255, 132, 128, 79]
1546497070189;[171, 0, 17, 255, 161, 72, 68, 182, 232, 0, 0, 127, 1, 0, 65, 1, 0, 146, 9, 222]
1546497070193;[171, 0, 17, 255, 161, 72, 68, 182, 232, 0, 0, 226, 1, 0, 52, 1, 0, 144, 9, 168]
1546497070362;[171, 0, 17, 255, 161, 72, 68, 182, 232, 0, 0, 218, 1, 0, 23, 1, 0, 148, 9, 90]
1546497070366;[171, 0, 17, 255, 161, 72, 68, 182, 232, 0, 0, 196, 0, 0, 29, 1, 0, 156, 9, 79]
1546497070533;[171, 0, 17, 255, 161, 72, 68, 182, 232, 0, 0, 195, 0, 0, 12, 1, 0, 159, 9, 146]
1546497070706;[171, 0, 17, 255, 161, 72, 68, 182, 232, 0, 0, 214, 1, 0, 8, 1, 0, 154, 9, 77]
1546497070710;[171, 0, 17, 255, 161, 72, 68, 182, 232, 0, 0, 176, 1, 0, 3, 1, 0, 172, 9, 49]
1546497070879;[171, 0, 17, 255, 161, 72, 68, 182, 232, 0, 0, 181, 1, 0, 5, 1, 0, 192, 8, 255]
1546497070883;[171, 0, 17, 255, 161, 72, 68, 182, 232, 0, 0, 155, 1, 0, 24, 1, 0, 200, 8, 254]
1546497071225;[171, 0, 17, 255, 161, 72, 68, 182, 232, 0, 0, 135, 1, 0, 29, 1, 0, 219, 8, 225]
1546497071229;[171, 0, 4, 255, 132, 128, 80]
1546497071233;[171, 0, 17, 255, 161, 72, 68, 182, 233, 0, 0, 151, 1, 0, 37, 1, 0, 220, 8, 201]
1546497071396;[171, 0, 17, 255, 161, 72, 68, 182, 233, 0, 0, 124, 1, 0, 53, 1, 0, 201, 8, 193]
1546497071401;[171, 0, 17, 255, 161, 72, 68, 182, 233, 0, 0, 116, 1, 0, 66, 1, 0, 212, 8, 142]
1546497071569;[171, 0, 17, 255, 161, 72, 68, 182, 233, 0, 0, 116, 1, 0, 53, 1, 0, 219, 8, 67]
1546497071573;[171, 0, 17, 255, 161, 72, 68, 182, 233, 0, 0, 117, 1, 0, 56, 1, 0, 213, 7, 242]
1546497073659;[171, 0, 17, 255, 161, 72, 68, 182, 233, 0, 0, 91, 1, 0, 65, 1, 0, 224, 7, 136]
1546497073661;[171, 0, 17, 255, 161, 72, 68, 182, 233, 0, 0, 98, 1, 0, 64, 1, 0, 222, 7, 15]
1546497073663;[171, 0, 17, 255, 161, 72, 68, 182, 233, 0, 0, 83, 1, 0, 64, 1, 0, 229, 6, 179]
1546497073667;[171, 0, 17, 255, 161, 72, 68, 182, 233, 0, 0, 58, 1, 0, 43, 1, 0, 250, 6, 108]
1546497073669;[171, 0, 17, 255, 161, 72, 68, 182, 234, 0, 0, 71, 1, 0, 48, 1, 0, 241, 6, 108]
1546497073671;[171, 0, 4, 255, 132, 128, 80]
1546497073673;[171, 0, 17, 255, 161, 72, 68, 182, 234, 0, 0, 48, 1, 0, 49, 1, 0, 244, 6, 24]
1546497073675;[171, 0, 17, 255, 161, 72, 68, 182, 234, 0, 0, 27, 1, 0, 38, 1, 0, 247, 5, 213]
1546497073677;[171, 0, 17, 255, 161, 72, 68, 182, 234, 0, 0, 13, 1, 0, 34, 1, 0, 252, 5, 164]
1546497073679;[171, 0, 17, 255, 161, 72, 68, 182, 234, 0, 0, 1, 1, 0, 39, 1, 1, 21, 5, 120]
1546497073681;[171, 0, 17, 255, 161, 72, 68, 182, 234, 0, 0, 12, 1, 0, 34, 1, 1, 4, 5, 153]
1546497073683;[171, 0, 17, 255, 161, 72, 68, 182, 234, 1, 0, 24, 1, 0, 35, 1, 0, 252, 6, 239]
1546497073684;[171, 0, 17, 255, 161, 72, 68, 182, 234, 1, 0, 32, 1, 0, 40, 1, 0, 252, 6, 239]
1546497073686;[171, 0, 17, 255, 161, 72, 68, 182, 234, 1, 0, 39, 1, 0, 38, 1, 0, 243, 6, 239]
1546497073691;[171, 0, 17, 255, 161, 72, 68, 182, 234, 1, 0, 28, 1, 0, 28, 1, 1, 11, 6, 239]
1546497073693;[171, 0, 17, 255, 161, 72, 68, 182, 235, 1, 0, 24, 1, 0, 10, 1, 0, 250, 6, 239]
1546497073694;[171, 0, 4, 255, 132, 128, 80]
1546497073814;[171, 0, 17, 255, 161, 72, 68, 182, 235, 1, 0, 21, 1, 0, 23, 1, 0, 252, 6, 239]
1546497073817;[171, 0, 17, 255, 161, 72, 68, 182, 235, 1, 0, 16, 0, 0, 2, 1, 1, 5, 8, 165]
1546497073821;[171, 0, 17, 255, 161, 72, 68, 182, 235, 1, 0, 23, 1, 0, 5, 1, 1, 1, 8, 89]
1546497073825;[171, 0, 17, 255, 161, 72, 68, 182, 235, 1, 0, 25, 1, 0, 8, 1, 0, 244, 7, 248]
1546497073981;[171, 0, 17, 255, 161, 72, 68, 182, 235, 1, 0, 15, 1, 0, 9, 1, 1, 6, 8, 190]
1546497073986;[171, 0, 17, 255, 161, 72, 68, 182, 235, 1, 0, 11, 1, 0, 21, 1, 1, 26, 10, 82]
1546497073987;[171, 0, 17, 255, 161, 72, 68, 182, 235, 1, 0, 12, 1, 0, 15, 1, 1, 2, 10, 119]
1546497074155;[171, 0, 17, 255, 161, 72, 68, 182, 235, 1, 0, 8, 1, 0, 34, 1, 0, 255, 10, 162]
1546497074158;[171, 0, 17, 255, 161, 72, 68, 182, 235, 1, 0, 4, 1, 0, 33, 1, 0, 255, 10, 177]
1546497074328;[171, 0, 17, 255, 161, 72, 68, 182, 236, 1, 0, 4, 1, 0, 28, 1, 0, 252, 10, 175]
1546497074499;[171, 0, 4, 255, 132, 128, 80]
1546497074504;[171, 0, 17, 255, 161, 72, 68, 182, 236, 0, 0, 1, 1, 0, 30, 1, 1, 4, 10, 206]
1546497074675;[171, 0, 17, 255, 161, 72, 68, 182, 236, 0, 0, 6, 1, 0, 28, 1, 0, 254, 10, 204]
1546497074678;[171, 0, 17, 255, 161, 72, 68, 182, 236, 1, 0, 10, 1, 0, 28, 1, 0, 252, 10, 215]
1546497075019;[171, 0, 17, 255, 161, 72, 68, 182, 236, 1, 0, 9, 1, 0, 24, 1, 1, 5, 10, 243]
1546497075023;[171, 0, 17, 255, 161, 72, 68, 182, 236, 1, 0, 14, 1, 0, 22, 1, 1, 1, 11, 46]
1546497075027;[171, 0, 17, 255, 161, 72, 68, 182, 236, 1, 0, 4, 1, 0, 15, 1, 1, 10, 11, 175]
1546497075192;[171, 0, 17, 255, 161, 72, 68, 182, 236, 1, 0, 7, 0, 0, 7, 1, 0, 237, 11, 175]
1546497075196;[171, 0, 17, 255, 161, 72, 68, 182, 236, 0, 0, 1, 1, 0, 1, 1, 0, 250, 11, 175]
1546497075364;[171, 0, 17, 255, 161, 72, 68, 182, 236, 1, 0, 3, 0, 0, 19, 1, 1, 11, 11, 175]
1546497075368;[171, 0, 17, 255, 161, 72, 68, 182, 237, 0, 0, 0, 0, 0, 33, 1, 1, 10, 11, 175]
1546497075535;[171, 0, 4, 255, 132, 128, 80]
1546497075709;[171, 0, 17, 255, 161, 72, 68, 182, 237, 0, 0, 3, 0, 0, 29, 1, 0, 255, 11, 175]
1546497075713;[171, 0, 17, 255, 161, 72, 68, 182, 237, 0, 0, 3, 0, 0, 28, 1, 1, 0, 11, 175]
1546497075881;[171, 0, 17, 255, 161, 72, 68, 182, 237, 0, 0, 21, 0, 0, 25, 1, 0, 251, 11, 175]
1546497075885;[171, 0, 17, 255, 161, 72, 68, 182, 237, 1, 0, 15, 1, 0, 6, 1, 1, 16, 11, 175]
1546497076228;[171, 0, 17, 255, 161, 72, 68, 182, 237, 1, 0, 16, 1, 0, 2, 1, 1, 7, 11, 175]
1546497076232;[171, 0, 17, 255, 161, 72, 68, 182, 237, 1, 0, 31, 1, 0, 10, 1, 1, 7, 11, 175]
1546497076236;[171, 0, 17, 255, 161, 72, 68, 182, 237, 1, 0, 30, 1, 0, 25, 1, 0, 250, 11, 175]
1546497076398;[171, 0, 17, 255, 161, 72, 68, 182, 237, 1, 0, 22, 1, 0, 29, 1, 1, 0, 11, 175]
1546497076402;[171, 0, 17, 255, 161, 72, 68, 182, 237, 1, 0, 14, 1, 0, 15, 1, 0, 255, 11, 175]
1546497076571;[171, 0, 17, 255, 161, 72, 68, 182, 238, 1, 0, 16, 1, 0, 16, 1, 0, 255, 11, 175]
1546497076574;[171, 0, 4, 255, 132, 128, 79]
1546497076744;[171, 0, 17, 255, 161, 72, 68, 182, 238, 1, 0, 14, 1, 0, 19, 1, 1, 2, 11, 145]
1546497076917;[171, 0, 17, 255, 161, 72, 68, 182, 238, 1, 0, 16, 1, 0, 14, 1, 1, 1, 11, 182]
1546497076921;[171, 0, 17, 255, 161, 72, 68, 182, 238, 1, 0, 14, 1, 0, 21, 1, 0, 252, 12, 2]
1546497077096;[171, 0, 17, 255, 161, 72, 68, 182, 238, 1, 0, 3, 1, 0, 24, 1, 1, 1, 12, 63]
1546497077099;[171, 0, 17, 255, 161, 72, 68, 182, 238, 1, 0, 9, 1, 0, 26, 1, 1, 6, 12, 83]
1546497077261;[171, 0, 17, 255, 161, 72, 68, 182, 238, 1, 0, 9, 1, 0, 26, 1, 1, 6, 12, 89]
1546497077265;[171, 0, 17, 255, 161, 72, 68, 182, 238, 1, 0, 16, 1, 0, 33, 1, 1, 1, 12, 77]
1546497077605;[171, 0, 17, 255, 161, 72, 68, 182, 238, 1, 0, 29, 1, 0, 7, 1, 0, 253, 12, 117]
1546497077609;[171, 0, 17, 255, 161, 72, 68, 182, 238, 1, 0, 16, 1, 0, 40, 1, 0, 234, 12, 87]
1546497077779;[171, 0, 17, 255, 161, 72, 68, 182, 241, 1, 0, 49, 0, 0, 2, 1, 1, 0, 12, 244]
1546497077783;[171, 0, 17, 255, 161, 72, 68, 182, 241, 1, 0, 57, 0, 0, 0, 1, 0, 254, 13, 1]
1546497077953;[171, 0, 17, 255, 161, 72, 68, 182, 241, 1, 0, 66, 1, 0, 6, 1, 0, 250, 12, 103]
1546497077956;[171, 0, 17, 255, 161, 72, 68, 182, 241, 1, 0, 75, 1, 0, 16, 1, 0, 244, 11, 75]
1546497078297;[171, 0, 17, 255, 161, 72, 68, 182, 241, 1, 0, 51, 1, 0, 14, 1, 0, 252, 10, 103]
1546497078301;[171, 0, 17, 255, 161, 72, 68, 182, 241, 1, 0, 47, 1, 0, 10, 1, 0, 249, 9, 143]
1546497078476;[171, 0, 17, 255, 161, 72, 68, 182, 241, 1, 0, 29, 1, 0, 4, 1, 0, 253, 9, 3]
1546497078478;[171, 0, 17, 255, 161, 72, 68, 182, 241, 1, 0, 34, 1, 0, 15, 1, 1, 10, 8, 84]
1546497078816;[171, 0, 17, 255, 161, 72, 68, 182, 241, 1, 0, 41, 1, 0, 23, 1, 1, 0, 8, 13]
1546497078820;[171, 0, 17, 255, 161, 72, 68, 182, 242, 1, 0, 46, 1, 0, 19, 1, 0, 253, 7, 214]
1546497078824;[171, 0, 4, 255, 132, 128, 77]
1546497078987;[171, 0, 17, 255, 161, 72, 68, 182, 242, 1, 0, 48, 1, 0, 30, 1, 0, 247, 7, 182]
1546497078990;[171, 0, 17, 255, 161, 72, 68, 182, 242, 1, 0, 40, 1, 0, 17, 1, 1, 15, 7, 114]
1546497079159;[171, 0, 17, 255, 161, 72, 68, 182, 242, 1, 0, 41, 1, 0, 17, 1, 0, 252, 7, 84]
1546497079163;[171, 0, 17, 255, 161, 72, 68, 182, 242, 1, 0, 59, 1, 0, 14, 1, 1, 23, 7, 77]
1546497079331;[171, 0, 17, 255, 161, 72, 68, 182, 242, 1, 0, 56, 1, 0, 33, 1, 0, 237, 7, 63]
1546497079504;[171, 0, 17, 255, 161, 72, 68, 182, 242, 1, 0, 14, 1, 0, 34, 1, 0, 243, 7, 51]
1546497079508;[171, 0, 17, 255, 161, 72, 68, 182, 242, 1, 0, 17, 1, 0, 34, 1, 0, 241, 7, 42]
1546497079677;[171, 0, 17, 255, 161, 72, 68, 182, 242, 1, 0, 26, 1, 0, 24, 1, 0, 255, 7, 27]
1546497079680;[171, 0, 17, 255, 161, 72, 68, 182, 242, 1, 0, 21, 1, 0, 2, 1, 1, 1, 7, 7]
1546497079848;[171, 0, 17, 255, 161, 72, 68, 182, 243, 1, 0, 11, 1, 0, 16, 1, 0, 250, 6, 254]
1546497079852;[171, 0, 4, 255, 132, 128, 77]
1546497080195;[171, 0, 17, 255, 161, 72, 68, 182, 243, 1, 0, 9, 1, 0, 4, 1, 1, 8, 6, 249]
1546497080199;[171, 0, 17, 255, 161, 72, 68, 182, 243, 1, 0, 9, 1, 0, 4, 1, 1, 5, 6, 254]
1546497080203;[171, 0, 17, 255, 161, 72, 68, 182, 243, 1, 0, 2, 1, 0, 9, 1, 1, 2, 6, 239]
1546497080366;[171, 0, 17, 255, 161, 72, 68, 182, 243, 1, 0, 3, 1, 0, 5, 1, 1, 2, 6, 217]
1546497080370;[171, 0, 17, 255, 161, 72, 68, 182, 243, 1, 0, 4, 1, 0, 9, 1, 1, 1, 6, 209]
1546497080539;[171, 0, 17, 255, 161, 72, 68, 182, 243, 1, 0, 4, 1, 0, 10, 1, 1, 0, 6, 187]
1546497080712;[171, 0, 17, 255, 161, 72, 68, 182, 243, 1, 0, 4, 1, 0, 10, 1, 1, 1, 6, 174]
1546497080715;[171, 0, 17, 255, 161, 72, 68, 182, 243, 1, 0, 9, 1, 0, 14, 1, 1, 1, 6, 151]
1546497080884;[171, 0, 17, 255, 161, 72, 68, 182, 243, 1, 0, 6, 1, 0, 5, 1, 1, 2, 6, 154]
1546497080888;[171, 0, 17, 255, 161, 72, 68, 182, 244, 1, 0, 4, 1, 0, 9, 1, 1, 1, 6, 149]
1546497081056;[171, 0, 4, 255, 132, 128, 76]
1546497081060;[171, 0, 17, 255, 161, 72, 68, 182, 244, 1, 0, 3, 1, 0, 6, 1, 1, 4, 6, 147]
1546497081402;[171, 0, 17, 255, 161, 72, 68, 182, 244, 1, 0, 9, 1, 0, 14, 1, 1, 0, 6, 129]
1546497081406;[171, 0, 17, 255, 161, 72, 68, 182, 244, 1, 0, 4, 1, 0, 4, 1, 1, 2, 6, 114]
1546497081410;[171, 0, 17, 255, 161, 72, 68, 182, 244, 1, 0, 4, 1, 0, 14, 1, 1, 1, 6, 103]
1546497081575;[171, 0, 17, 255, 161, 72, 68, 182, 244, 1, 0, 3, 1, 0, 14, 1, 1, 2, 6, 89]
1546497081579;[171, 0, 17, 255, 161, 72, 68, 182, 244, 1, 0, 4, 1, 0, 14, 1, 1, 0, 6, 92]
1546497081745;[171, 0, 17, 255, 161, 72, 68, 182, 244, 1, 0, 6, 1, 0, 14, 1, 1, 1, 6, 97]
1546497081920;[171, 0, 17, 255, 161, 72, 68, 182, 244, 1, 0, 4, 1, 0, 15, 1, 1, 1, 6, 98]
1546497081924;[171, 0, 17, 255, 161, 72, 68, 182, 244, 1, 0, 4, 1, 0, 14, 1, 1, 1, 6, 99]
1546497082103;[171, 0, 17, 255, 161, 72, 68, 182, 245, 1, 0, 3, 1, 0, 14, 1, 1, 3, 6, 111]
1546497082106;[171, 0, 4, 255, 132, 128, 76]
1546497082264;[171, 0, 17, 255, 161, 72, 68, 182, 245, 1, 0, 4, 1, 0, 10, 1, 1, 0, 6, 93]
1546497082268;[171, 0, 17, 255, 161, 72, 68, 182, 245, 1, 0, 4, 1, 0, 9, 1, 1, 2, 6, 86]
1546497082783;[171, 0, 17, 255, 161, 72, 68, 182, 245, 1, 0, 4, 1, 0, 10, 1, 1, 2, 6, 69]
1546497082787;[171, 0, 17, 255, 161, 72, 68, 182, 245, 1, 0, 4, 1, 0, 14, 1, 1, 0, 6, 66]
1546497082791;[171, 0, 17, 255, 161, 72, 68, 182, 245, 1, 0, 3, 1, 0, 14, 1, 1, 1, 6, 70]
1546497082795;[171, 0, 17, 255, 161, 72, 68, 182, 245, 1, 0, 4, 1, 0, 14, 1, 0, 255, 6, 62]
1546497082954;[171, 0, 17, 255, 161, 72, 68, 182, 245, 1, 0, 4, 1, 0, 6, 1, 1, 5, 6, 64]
1546497082958;[171, 0, 17, 255, 161, 72, 68, 182, 245, 1, 0, 4, 1, 0, 15, 1, 0, 254, 6, 48]
1546497082962;[171, 0, 17, 255, 161, 72, 68, 182, 245, 1, 0, 4, 1, 0, 15, 1, 1, 1, 6, 39]
1546497083127;[171, 0, 17, 255, 161, 72, 68, 182, 246, 1, 0, 4, 1, 0, 14, 1, 1, 1, 6, 32]
1546497083298;[171, 0, 4, 255, 132, 128, 75]
1546497083302;[171, 0, 17, 255, 161, 72, 68, 182, 246, 1, 0, 4, 1, 0, 14, 1, 1, 0, 6, 21]
1546497083473;[171, 0, 17, 255, 161, 72, 68, 182, 246, 1, 0, 4, 1, 0, 15, 1, 1, 3, 6, 38]
1546497083479;[171, 0, 17, 255, 161, 72, 68, 182, 246, 1, 0, 3, 1, 0, 14, 1, 1, 3, 6, 40]
1546497083643;[171, 0, 17, 255, 161, 72, 68, 182, 246, 1, 0, 4, 1, 0, 14, 1, 1, 0, 6, 45]
1546497083992;[171, 0, 17, 255, 161, 72, 68, 182, 246, 1, 0, 4, 1, 0, 15, 1, 1, 1, 6, 31]
1546497083997;[171, 0, 17, 255, 161, 72, 68, 182, 246, 1, 0, 3, 1, 0, 14, 1, 0, 255, 6, 31]
1546497084003;[171, 0, 17, 255, 161, 72, 68, 182, 246, 1, 0, 3, 1, 0, 14, 1, 1, 2, 6, 29]
1546497084006;[171, 0, 17, 255, 161, 72, 68, 182, 246, 1, 0, 3, 1, 0, 11, 1, 1, 0, 6, 21]
1546497084161;[171, 0, 17, 255, 161, 72, 68, 182, 246, 1, 0, 4, 1, 0, 14, 1, 1, 1, 6, 24]
1546497084165;[171, 0, 17, 255, 161, 72, 68, 182, 247, 1, 0, 3, 1, 0, 14, 1, 1, 2, 6, 43]
1546497084332;[171, 0, 4, 255, 132, 128, 75]
1546497084505;[171, 0, 17, 255, 161, 72, 68, 182, 247, 1, 0, 3, 1, 0, 14, 1, 1, 2, 6, 43]
1546497084509;[171, 0, 17, 255, 161, 72, 68, 182, 247, 1, 0, 3, 1, 0, 9, 1, 1, 0, 6, 37]
1546497084679;[171, 0, 17, 255, 161, 72, 68, 182, 247, 1, 0, 1, 1, 0, 4, 1, 1, 3, 6, 47]
1546497084683;[171, 0, 17, 255, 161, 72, 68, 182, 247, 1, 0, 3, 1, 0, 4, 1, 1, 1, 6, 32]
1546497084851;[171, 0, 17, 255, 161, 72, 68, 182, 247, 1, 0, 2, 1, 0, 14, 1, 1, 1, 6, 26]
1546497084854;[171, 0, 17, 255, 161, 72, 68, 182, 247, 1, 0, 3, 1, 0, 4, 1, 1, 0, 6, 18]
1546497085196;[171, 0, 17, 255, 161, 72, 68, 182, 247, 0, 0, 0, 1, 0, 14, 1, 1, 4, 6, 17]
1546497085200;[171, 0, 17, 255, 161, 72, 68, 182, 247, 0, 0, 4, 1, 0, 4, 1, 1, 1, 6, 36]
1546497085204;[171, 0, 17, 255, 161, 72, 68, 182, 247, 0, 0, 2, 1, 0, 10, 1, 1, 3, 6, 39]
1546497085368;[171, 0, 17, 255, 161, 72, 68, 182, 248, 1, 0, 3, 1, 0, 3, 1, 1, 1, 6, 29]
1546497085372;[171, 0, 4, 255, 132, 128, 75]
1546497085540;[171, 0, 17, 255, 161, 72, 68, 182, 248, 0, 0, 2, 1, 0, 4, 1, 1, 5, 6, 32]
1546497085713;[171, 0, 17, 255, 161, 72, 68, 182, 248, 0, 0, 4, 1, 0, 5, 1, 1, 1, 6, 23]
1546497085717;[171, 0, 17, 255, 161, 72, 68, 182, 248, 0, 0, 0, 1, 0, 4, 1, 1, 0, 6, 16]
1546497085886;[171, 0, 17, 255, 161, 72, 68, 182, 248, 0, 0, 4, 1, 0, 4, 1, 1, 5, 5, 233]
1546497085889;[171, 0, 17, 255, 161, 72, 68, 182, 248, 0, 0, 0, 1, 0, 5, 1, 1, 0, 5, 222]
1546497086059;[171, 0, 17, 255, 161, 72, 68, 182, 248, 0, 0, 0, 1, 0, 3, 1, 1, 0, 5, 234]
1546497086063;[171, 0, 17, 255, 161, 72, 68, 182, 248, 1, 0, 4, 0, 0, 1, 1, 1, 4, 5, 230]
1546497086231;[171, 0, 17, 255, 161, 72, 68, 182, 248, 1, 0, 3, 1, 0, 4, 1, 1, 0, 5, 209]
1546497086576;[171, 0, 17, 255, 161, 72, 68, 182, 248, 0, 0, 3, 1, 0, 4, 1, 1, 0, 5, 208]
1546497086581;[171, 0, 17, 255, 161, 72, 68, 182, 249, 0, 0, 0, 1, 0, 3, 1, 0, 255, 5, 203]
1546497086585;[171, 0, 4, 255, 132, 128, 75]
1546497086589;[171, 0, 17, 255, 161, 72, 68, 182, 249, 0, 0, 3, 1, 0, 5, 1, 1, 1, 5, 186]
1546497086749;[171, 0, 17, 255, 161, 72, 68, 182, 249, 0, 0, 4, 1, 0, 4, 1, 0, 253, 5, 177]
1546497086753;[171, 0, 17, 255, 161, 72, 68, 182, 249, 0, 0, 0, 1, 0, 3, 1, 1, 0, 5, 186]
1546497086921;[171, 0, 17, 255, 161, 72, 68, 182, 249, 0, 0, 3, 1, 0, 6, 1, 1, 1, 5, 179]
1546497087109;[171, 0, 17, 255, 161, 72, 68, 182, 249, 0, 0, 3, 1, 0, 4, 1, 1, 2, 5, 167]
1546497087113;[171, 0, 17, 255, 161, 72, 68, 182, 249, 1, 0, 3, 1, 0, 5, 1, 1, 1, 5, 167]
1546497087265;[171, 0, 17, 255, 161, 72, 68, 182, 249, 1, 0, 3, 1, 0, 4, 1, 1, 3, 5, 161]
1546497087269;[171, 0, 17, 255, 161, 72, 68, 182, 249, 1, 0, 3, 1, 0, 4, 1, 1, 4, 5, 148]
1546497087439;[171, 0, 17, 255, 161, 72, 68, 182, 249, 1, 0, 3, 1, 0, 5, 1, 1, 2, 5, 135]
1546497087785;[171, 0, 17, 255, 161, 72, 68, 182, 250, 1, 0, 3, 1, 0, 5, 1, 1, 2, 5, 154]
1546497087789;[171, 0, 4, 255, 132, 128, 75]
1546497087793;[171, 0, 17, 255, 161, 72, 68, 182, 250, 0, 0, 0, 1, 0, 10, 1, 1, 1, 5, 161]
1546497087797;[171, 0, 17, 255, 161, 72, 68, 182, 250, 1, 0, 3, 1, 0, 7, 1, 1, 1, 5, 166]
1546497087957;[171, 0, 17, 255, 161, 72, 68, 182, 250, 1, 0, 3, 1, 0, 14, 1, 0, 255, 5, 164]
1546497087961;[171, 0, 17, 255, 161, 72, 68, 182, 250, 1, 0, 3, 1, 0, 5, 1, 1, 2, 5, 157]
1546497088128;[171, 0, 17, 255, 161, 72, 68, 182, 250, 1, 0, 3, 1, 0, 14, 1, 1, 0, 5, 152]
1546497088301;[171, 0, 17, 255, 161, 72, 68, 182, 250, 1, 0, 3, 1, 0, 5, 1, 1, 4, 5, 141]
1546497088304;[171, 0, 17, 255, 161, 72, 68, 182, 250, 1, 0, 4, 1, 0, 4, 1, 1, 2, 5, 133]
1546497088473;[171, 0, 17, 255, 161, 72, 68, 182, 250, 1, 0, 9, 1, 0, 5, 1, 1, 1, 5, 154]
1546497088479;[171, 0, 17, 255, 161, 72, 68, 182, 250, 1, 0, 4, 1, 0, 5, 1, 1, 1, 5, 170]
1546497088646;[171, 0, 17, 255, 161, 72, 68, 182, 251, 1, 0, 4, 1, 0, 5, 1, 1, 3, 5, 175]
1546497089166;[171, 0, 4, 255, 132, 128, 75]
1546497089170;[171, 0, 17, 255, 161, 72, 68, 182, 251, 1, 0, 4, 1, 0, 14, 1, 1, 3, 5, 172]
1546497089174;[171, 0, 17, 255, 161, 72, 68, 182, 251, 1, 0, 4, 1, 0, 9, 1, 1, 0, 5, 157]
1546497089178;[171, 0, 17, 255, 161, 72, 68, 182, 251, 1, 0, 4, 1, 0, 14, 1, 1, 5, 5, 144]
1546497089337;[171, 0, 17, 255, 161, 72, 68, 182, 251, 1, 0, 3, 1, 0, 5, 1, 1, 2, 5, 132]
1546497089342;[171, 0, 17, 255, 161, 72, 68, 182, 251, 1, 0, 4, 1, 0, 9, 1, 1, 4, 5, 138]
1546497089346;[171, 0, 17, 255, 161, 72, 68, 182, 251, 1, 0, 4, 1, 0, 14, 1, 0, 255, 5, 163]
1546497089508;[171, 0, 17, 255, 161, 72, 68, 182, 251, 1, 0, 4, 1, 0, 14, 1, 1, 1, 5, 175]
1546497089512;[171, 0, 17, 255, 161, 72, 68, 182, 251, 1, 0, 4, 1, 0, 15, 1, 1, 0, 5, 171]
1546497089681;[171, 0, 17, 255, 161, 72, 68, 182, 251, 1, 0, 6, 1, 0, 14, 1, 1, 1, 5, 183]
1546497089685;[171, 0, 17, 255, 161, 72, 68, 183, 0, 1, 0, 4, 1, 0, 14, 1, 0, 255, 5, 186]
1546497089854;[171, 0, 4, 255, 132, 128, 76]
1546497089858;[171, 0, 17, 255, 161, 72, 68, 183, 0, 1, 0, 8, 1, 0, 5, 1, 1, 2, 5, 188]
1546497090025;[171, 0, 17, 255, 161, 72, 68, 183, 0, 1, 0, 4, 1, 0, 9, 1, 1, 1, 5, 212]
1546497090373;[171, 0, 17, 255, 161, 72, 68, 183, 0, 1, 0, 4, 1, 0, 4, 1, 1, 2, 5, 249]
1546497090377;[171, 0, 17, 255, 161, 72, 68, 183, 0, 1, 0, 4, 1, 0, 10, 1, 0, 253, 6, 33]
1546497090381;[171, 0, 17, 255, 161, 72, 68, 183, 0, 1, 0, 9, 1, 0, 4, 1, 1, 5, 6, 81]
1546497090386;[171, 0, 17, 255, 161, 72, 68, 183, 0, 1, 0, 9, 1, 0, 14, 1, 0, 253, 6, 109]
1546497090543;[171, 0, 17, 255, 161, 72, 68, 183, 0, 1, 0, 19, 1, 0, 10, 1, 1, 1, 6, 139]
1546497090717;[171, 0, 17, 255, 161, 72, 68, 183, 0, 1, 0, 14, 1, 0, 14, 1, 0, 255, 6, 140]
1546497090722;[171, 0, 17, 255, 161, 72, 68, 183, 0, 1, 0, 16, 1, 0, 14, 1, 1, 1, 6, 152]
1546497090889;[171, 0, 17, 255, 161, 72, 68, 183, 1, 1, 0, 14, 1, 0, 14, 1, 0, 254, 6, 186]
1546497090893;[171, 0, 4, 255, 132, 128, 76]
1546497091060;[171, 0, 17, 255, 161, 72, 68, 183, 1, 1, 0, 14, 1, 0, 9, 1, 1, 0, 6, 218]
1546497091064;[171, 0, 17, 255, 161, 72, 68, 183, 1, 1, 0, 14, 1, 0, 9, 1, 1, 1, 6, 240]
1546497091234;[171, 0, 17, 255, 161, 72, 68, 183, 1, 1, 0, 14, 1, 0, 16, 1, 1, 0, 7, 0]
1546497091580;[171, 0, 17, 255, 161, 72, 68, 183, 1, 1, 0, 16, 1, 0, 14, 1, 1, 3, 6, 252]
1546497091584;[171, 0, 17, 255, 161, 72, 68, 183, 1, 1, 0, 15, 1, 0, 15, 1, 1, 0, 6, 246]
1546497091589;[171, 0, 17, 255, 161, 72, 68, 183, 1, 1, 0, 14, 1, 0, 9, 1, 1, 3, 6, 223]
1546497091593;[171, 0, 17, 255, 161, 72, 68, 183, 1, 1, 0, 11, 1, 0, 9, 1, 0, 253, 6, 244]
1546497091751;[171, 0, 17, 255, 161, 72, 68, 183, 1, 1, 0, 14, 1, 0, 10, 1, 1, 6, 7, 34]
1546497091753;[171, 0, 17, 255, 161, 72, 68, 183, 1, 1, 0, 14, 1, 0, 10, 1, 1, 0, 7, 45]
1546497091924;[171, 0, 17, 255, 161, 72, 68, 183, 2, 1, 0, 14, 1, 0, 14, 1, 1, 0, 7, 68]
1546497092096;[171, 0, 4, 255, 132, 128, 76]
1546497092100;[171, 0, 17, 255, 161, 72, 68, 183, 2, 1, 0, 14, 1, 0, 14, 1, 1, 0, 7, 73]
1546497092268;[171, 0, 17, 255, 161, 72, 68, 183, 2, 1, 0, 11, 1, 0, 4, 1, 1, 2, 7, 77]
1546497092272;[171, 0, 17, 255, 161, 72, 68, 183, 2, 1, 0, 15, 1, 0, 4, 1, 1, 0, 7, 83]
1546497092443;[171, 0, 17, 255, 161, 72, 68, 183, 2, 1, 0, 6, 1, 0, 4, 1, 1, 5, 7, 119]
1546497092612;[171, 0, 17, 255, 161, 72, 68, 183, 2, 1, 0, 9, 1, 0, 4, 1, 1, 1, 7, 178]
1546497092617;[171, 0, 17, 255, 161, 72, 68, 183, 2, 1, 0, 9, 1, 0, 4, 1, 0, 255, 7, 215]
1546497092960;[171, 0, 17, 255, 161, 72, 68, 183, 2, 1, 0, 11, 1, 0, 5, 1, 1, 2, 7, 232]
1546497092964;[171, 0, 17, 255, 161, 72, 68, 183, 2, 1, 0, 14, 1, 0, 10, 1, 1, 1, 8, 22]
1546497092969;[171, 0, 17, 255, 161, 72, 68, 183, 2, 1, 0, 14, 1, 0, 5, 1, 1, 4, 8, 31]
1546497092973;[171, 0, 17, 255, 161, 72, 68, 183, 3, 1, 0, 14, 1, 0, 10, 1, 1, 0, 8, 46]
1546497093130;[171, 0, 4, 255, 132, 128, 77]
1546497093304;[171, 0, 17, 255, 161, 72, 68, 183, 3, 1, 0, 14, 1, 0, 14, 1, 0, 255, 8, 36]
1546497093308;[171, 0, 17, 255, 161, 72, 68, 183, 3, 1, 0, 16, 1, 0, 10, 1, 0, 255, 8, 84]
1546497093476;[171, 0, 17, 255, 161, 72, 68, 183, 3, 1, 0, 15, 1, 0, 10, 1, 1, 2, 8, 113]
1546497093481;[171, 0, 17, 255, 161, 72, 68, 183, 3, 1, 0, 14, 1, 0, 14, 1, 1, 1, 8, 133]
1546497093647;[171, 0, 17, 255, 161, 72, 68, 183, 3, 1, 0, 15, 1, 0, 9, 1, 1, 2, 8, 143]
1546497093654;[171, 0, 17, 255, 161, 72, 68, 183, 3, 1, 0, 14, 1, 0, 14, 1, 1, 1, 8, 154]
1546497093821;[171, 0, 17, 255, 161, 72, 68, 183, 3, 1, 0, 14, 1, 0, 5, 1, 1, 3, 8, 144]
1546497094168;[171, 0, 17, 255, 161, 72, 68, 183, 3, 1, 0, 14, 1, 0, 9, 1, 0, 255, 8, 138]
1546497094172;[171, 0, 17, 255, 161, 72, 68, 183, 3, 1, 0, 14, 1, 0, 4, 1, 1, 1, 8, 168]
1546497094177;[171, 0, 17, 255, 161, 72, 68, 183, 4, 1, 0, 15, 1, 0, 9, 1, 1, 0, 8, 210]
1546497094180;[171, 0, 4, 255, 132, 128, 77]
1546497094338;[171, 0, 17, 255, 161, 72, 68, 183, 4, 1, 0, 14, 1, 0, 5, 1, 1, 1, 8, 232]
1546497094512;[171, 0, 17, 255, 161, 72, 68, 183, 4, 1, 0, 15, 1, 0, 5, 1, 1, 1, 8, 254]
1546497094516;[171, 0, 17, 255, 161, 72, 68, 183, 4, 1, 0, 14, 1, 0, 14, 1, 1, 1, 8, 251]
1546497094684;[171, 0, 17, 255, 161, 72, 68, 183, 4, 1, 0, 14, 1, 0, 14, 1, 1, 0, 8, 232]
1546497094688;[171, 0, 17, 255, 161, 72, 68, 183, 4, 1, 0, 11, 1, 0, 14, 1, 1, 1, 8, 220]
1546497094857;[171, 0, 17, 255, 161, 72, 68, 183, 4, 1, 0, 14, 1, 0, 15, 1, 0, 255, 8, 198]
1546497094861;[171, 0, 17, 255, 161, 72, 68, 183, 4, 1, 0, 14, 1, 0, 10, 1, 0, 255, 8, 216]
1546497095028;[171, 0, 17, 255, 161, 72, 68, 183, 4, 1, 0, 14, 1, 0, 14, 1, 1, 1, 8, 238]
1546497095202;[171, 0, 17, 255, 161, 72, 68, 183, 4, 1, 0, 16, 1, 0, 14, 1, 0, 255, 8, 247]
1546497095206;[171, 0, 17, 255, 161, 72, 68, 183, 5, 1, 0, 11, 1, 0, 10, 1, 1, 2, 8, 254]
1546497095548;[171, 0, 4, 255, 132, 128, 78]
1546497095553;[171, 0, 17, 255, 161, 72, 68, 183, 5, 1, 0, 14, 1, 0, 10, 1, 1, 1, 8, 241]
1546497095557;[171, 0, 17, 255, 161, 72, 68, 183, 5, 1, 0, 14, 1, 0, 14, 1, 1, 3, 8, 230]
1546497095562;[171, 0, 17, 255, 161, 72, 68, 183, 5, 1, 0, 14, 1, 0, 9, 1, 1, 0, 8, 213]
1546497095718;[171, 0, 17, 255, 161, 72, 68, 183, 5, 1, 0, 14, 1, 0, 10, 1, 1, 3, 8, 205]
1546497095891;[171, 0, 17, 255, 161, 72, 68, 183, 5, 1, 0, 15, 1, 0, 15, 1, 1, 0, 8, 236]
1546497095894;[171, 0, 17, 255, 161, 72, 68, 183, 5, 1, 0, 9, 1, 0, 10, 1, 1, 1, 8, 247]
1546497096064;[171, 0, 17, 255, 161, 72, 68, 183, 5, 1, 0, 14, 1, 0, 14, 1, 1, 1, 8, 245]
1546497096068;[171, 0, 17, 255, 161, 72, 68, 183, 5, 1, 0, 14, 1, 0, 14, 1, 1, 0, 8, 247]
1546497096237;[171, 0, 17, 255, 161, 72, 68, 183, 5, 1, 0, 14, 1, 0, 10, 1, 1, 0, 8, 225]
1546497096408;[171, 0, 17, 255, 161, 72, 68, 183, 6, 1, 0, 14, 1, 0, 15, 1, 1, 0, 8, 210]
1546497096412;[171, 0, 4, 255, 132, 128, 78]
1546497096755;[171, 0, 17, 255, 161, 72, 68, 183, 6, 1, 0, 14, 1, 0, 9, 1, 1, 0, 8, 187]
1546497096759;[171, 0, 17, 255, 161, 72, 68, 183, 6, 1, 0, 14, 1, 0, 14, 1, 1, 0, 8, 185]
1546497096763;[171, 0, 17, 255, 161, 72, 68, 183, 6, 1, 0, 14, 1, 0, 14, 1, 1, 3, 8, 217]
1546497096768;[171, 0, 17, 255, 161, 72, 68, 183, 6, 1, 0, 16, 1, 0, 14, 1, 0, 254, 8, 226]
1546497096925;[171, 0, 17, 255, 161, 72, 68, 183, 6, 1, 0, 14, 1, 0, 14, 1, 1, 2, 8, 232]
1546497097099;[171, 0, 17, 255, 161, 72, 68, 183, 6, 1, 0, 14, 1, 0, 14, 1, 1, 1, 8, 231]
1546497097103;[171, 0, 17, 255, 161, 72, 68, 183, 6, 1, 0, 14, 1, 0, 14, 1, 1, 2, 8, 220]
1546497097272;[171, 0, 17, 255, 161, 72, 68, 183, 6, 1, 0, 14, 1, 0, 15, 1, 1, 0, 8, 198]
1546497097276;[171, 0, 17, 255, 161, 72, 68, 183, 6, 1, 0, 15, 1, 0, 14, 1, 1, 0, 8, 172]
1546497097442;[171, 0, 17, 255, 161, 72, 68, 183, 7, 1, 0, 14, 1, 0, 14, 1, 0, 255, 8, 185]
1546497097616;[171, 0, 4, 255, 132, 128, 78]
1546497097621;[171, 0, 17, 255, 161, 72, 68, 183, 7, 1, 0, 14, 1, 0, 14, 1, 1, 0, 8, 213]
1546497098136;[171, 0, 17, 255, 161, 72, 68, 183, 7, 1, 0, 14, 1, 0, 14, 1, 1, 1, 8, 221]
1546497098140;[171, 0, 17, 255, 161, 72, 68, 183, 7, 1, 0, 14, 1, 0, 15, 1, 1, 0, 8, 208]
1546497098144;[171, 0, 17, 255, 161, 72, 68, 183, 7, 1, 0, 14, 1, 0, 14, 1, 1, 2, 8, 203]
1546497098148;[171, 0, 17, 255, 161, 72, 68, 183, 7, 1, 0, 14, 1, 0, 14, 1, 1, 0, 8, 184]
1546497098307;[171, 0, 17, 255, 161, 72, 68, 183, 7, 1, 0, 14, 1, 0, 14, 1, 1, 0, 8, 158]
1546497098311;[171, 0, 17, 255, 161, 72, 68, 183, 7, 1, 0, 14, 1, 0, 14, 1, 1, 1, 8, 131]
1546497098315;[171, 0, 17, 255, 161, 72, 68, 183, 7, 1, 0, 11, 1, 0, 10, 1, 1, 1, 8, 139]
1546497098479;[171, 0, 17, 255, 161, 72, 68, 183, 7, 1, 0, 15, 1, 0, 14, 1, 1, 1, 8, 166]
1546497098483;[171, 0, 17, 255, 161, 72, 68, 183, 8, 1, 0, 14, 1, 0, 10, 1, 1, 3, 8, 172]
1546497098651;[171, 0, 4, 255, 132, 128, 79]
1546497098655;[171, 0, 17, 255, 161, 72, 68, 183, 8, 1, 0, 15, 1, 0, 14, 1, 1, 1, 8, 176]
1546497098824;[171, 0, 17, 255, 161, 72, 68, 183, 8, 1, 0, 15, 1, 0, 14, 1, 1, 1, 8, 164]
1546497098997;[171, 0, 17, 255, 161, 72, 68, 183, 8, 1, 0, 14, 1, 0, 14, 1, 1, 0, 8, 142]
1546497099000;[171, 0, 17, 255, 161, 72, 68, 183, 8, 1, 0, 14, 1, 0, 10, 1, 1, 2, 8, 108]
1546497099344;[171, 0, 17, 255, 161, 72, 68, 183, 8, 1, 0, 14, 1, 0, 14, 1, 0, 255, 8, 95]
1546497099347;[171, 0, 17, 255, 161, 72, 68, 183, 8, 1, 0, 9, 1, 0, 15, 1, 1, 2, 8, 115]
1546497099351;[171, 0, 17, 255, 161, 72, 68, 183, 8, 1, 0, 14, 1, 0, 14, 1, 1, 1, 8, 131]
1546497099515;[171, 0, 17, 255, 161, 72, 68, 183, 8, 1, 0, 14, 1, 0, 15, 1, 0, 255, 8, 127]
1546497099519;[171, 0, 17, 255, 161, 72, 68, 183, 8, 1, 0, 14, 1, 0, 14, 1, 1, 1, 8, 111]
1546497099685;[171, 0, 17, 255, 161, 72, 68, 183, 11, 0, 0, 151, 1, 0, 10, 1, 0, 201, 8, 164]
1546497099858;[171, 0, 17, 255, 161, 72, 68, 183, 11, 0, 0, 196, 1, 0, 9, 1, 0, 181, 8, 117]
1546497099862;[171, 0, 17, 255, 161, 72, 68, 183, 11, 0, 0, 215, 1, 0, 15, 1, 0, 167, 8, 30]
1546497100031;[171, 0, 17, 255, 161, 72, 68, 183, 11, 0, 0, 200, 1, 0, 19, 1, 0, 147, 7, 242]
1546497100204;[171, 0, 17, 255, 161, 72, 68, 183, 11, 0, 0, 189, 1, 0, 15, 1, 0, 181, 7, 219]
1546497100550;[171, 0, 17, 255, 161, 72, 68, 183, 11, 0, 0, 194, 1, 0, 12, 1, 0, 185, 7, 172]
1546497100553;[171, 0, 17, 255, 161, 72, 68, 183, 11, 0, 0, 191, 1, 0, 24, 1, 0, 184, 7, 44]
1546497100558;[171, 0, 17, 255, 161, 72, 68, 183, 11, 0, 0, 149, 1, 0, 30, 1, 0, 195, 6, 50]
1546497100562;[171, 0, 17, 255, 161, 72, 68, 183, 11, 0, 0, 176, 1, 0, 33, 1, 0, 188, 4, 148]
1546497100720;[171, 0, 17, 255, 161, 72, 68, 183, 12, 0, 0, 188, 1, 0, 33, 1, 0, 148, 3, 146]
1546497100893;[171, 0, 4, 255, 132, 128, 79]
1546497100898;[171, 0, 17, 255, 161, 72, 68, 183, 12, 0, 0, 228, 1, 0, 33, 1, 0, 122, 2, 209]
1546497101067;[171, 0, 17, 255, 161, 72, 68, 183, 12, 0, 0, 214, 1, 0, 33, 1, 0, 125, 1, 249]
1546497101071;[171, 0, 17, 255, 161, 72, 68, 183, 12, 0, 0, 234, 1, 0, 28, 1, 0, 109, 1, 183]
1546497101238;[171, 0, 17, 255, 161, 72, 68, 183, 12, 0, 0, 247, 1, 0, 33, 1, 0, 80, 1, 214]
1546497101457;[171, 0, 17, 255, 161, 72, 68, 183, 12, 0, 0, 247, 1, 0, 33, 1, 0, 69, 1, 212]
1546497101459;[171, 0, 17, 255, 161, 72, 68, 183, 12, 0, 0, 234, 1, 0, 33, 1, 0, 88, 1, 210]
1546497101581;[171, 0, 17, 255, 161, 72, 68, 183, 12, 0, 0, 240, 1, 0, 26, 1, 0, 101, 1, 157]
1546497101584;[171, 0, 17, 255, 161, 72, 68, 183, 12, 0, 0, 226, 1, 0, 33, 1, 0, 99, 1, 72]
1546497101931;[171, 0, 17, 255, 161, 72, 68, 183, 12, 0, 0, 234, 1, 0, 33, 1, 0, 101, 1, 5]
1546497101935;[171, 0, 17, 255, 161, 72, 68, 183, 13, 0, 0, 231, 1, 0, 33, 1, 0, 103, 1, 0]
1546497101939;[171, 0, 4, 255, 132, 128, 79]
1546497102102;[171, 0, 17, 255, 161, 72, 68, 183, 13, 0, 0, 238, 1, 0, 24, 1, 0, 112, 1, 53]
1546497102106;[171, 0, 17, 255, 161, 72, 68, 183, 13, 0, 0, 221, 1, 0, 33, 1, 0, 124, 1, 99]
1546497102273;[171, 0, 17, 255, 161, 72, 68, 183, 13, 0, 0, 204, 1, 0, 28, 1, 0, 136, 1, 142]
1546497102277;[171, 0, 17, 255, 161, 72, 68, 183, 13, 0, 0, 211, 1, 0, 29, 1, 0, 142, 1, 156]
1546497102445;[171, 0, 17, 255, 161, 72, 68, 183, 13, 0, 0, 212, 1, 0, 24, 1, 0, 141, 1, 159]
1546497102449;[171, 0, 17, 255, 161, 72, 68, 183, 13, 0, 0, 194, 1, 0, 33, 1, 0, 150, 1, 143]
1546497102619;[171, 0, 17, 255, 161, 72, 68, 183, 13, 0, 0, 211, 1, 0, 24, 1, 0, 145, 1, 121]
1546497102791;[171, 0, 17, 255, 161, 72, 68, 183, 13, 0, 0, 211, 1, 0, 21, 1, 0, 136, 1, 111]
1546497102795;[171, 0, 17, 255, 161, 72, 68, 183, 13, 0, 0, 225, 1, 0, 24, 1, 0, 126, 1, 133]
1546497103137;[171, 0, 17, 255, 161, 72, 68, 183, 14, 0, 0, 216, 1, 0, 23, 1, 0, 121, 1, 178]
1546497103141;[171, 0, 4, 255, 132, 128, 78]
1546497103145;[171, 0, 17, 255, 161, 72, 68, 183, 14, 0, 0, 231, 1, 0, 24, 1, 0, 124, 1, 216]
1546497103308;[171, 0, 17, 255, 161, 72, 68, 183, 14, 0, 0, 221, 1, 0, 23, 1, 0, 121, 1, 221]
1546497103312;[171, 0, 17, 255, 161, 72, 68, 183, 14, 0, 0, 221, 1, 0, 22, 1, 0, 123, 1, 210]
1546497103481;[171, 0, 17, 255, 161, 72, 68, 183, 14, 0, 0, 225, 1, 0, 22, 1, 0, 131, 1, 183]
1546497103485;[171, 0, 17, 255, 161, 72, 68, 183, 14, 0, 0, 186, 1, 0, 16, 1, 0, 163, 1, 202]
1546497103653;[171, 0, 17, 255, 161, 72, 68, 183, 14, 0, 0, 196, 1, 0, 15, 1, 0, 164, 1, 218]
1546497103657;[171, 0, 17, 255, 161, 72, 68, 183, 14, 0, 0, 184, 1, 0, 16, 1, 0, 168, 1, 201]
1546497103825;[171, 0, 17, 255, 161, 72, 68, 183, 14, 0, 0, 187, 1, 0, 15, 1, 0, 176, 1, 189]
1546497103999;[171, 0, 17, 255, 161, 72, 68, 183, 14, 0, 0, 186, 1, 0, 20, 1, 0, 169, 1, 158]
1546497104004;[171, 0, 17, 255, 161, 72, 68, 183, 15, 0, 0, 187, 1, 0, 17, 1, 0, 171, 1, 121]
1546497104172;[171, 0, 4, 255, 132, 128, 78]
1546497104176;[171, 0, 17, 255, 161, 72, 68, 183, 15, 0, 0, 200, 1, 0, 19, 1, 0, 153, 1, 60]
1546497104516;[171, 0, 17, 255, 161, 72, 68, 183, 15, 0, 0, 212, 1, 0, 19, 1, 0, 154, 1, 15]
1546497104521;[171, 0, 17, 255, 161, 72, 68, 183, 15, 0, 0, 215, 1, 0, 24, 1, 0, 123, 1, 92]
1546497104525;[171, 0, 17, 255, 161, 72, 68, 183, 15, 0, 0, 234, 1, 0, 20, 1, 0, 117, 1, 170]
1546497104689;[171, 0, 17, 255, 161, 72, 68, 183, 15, 0, 0, 234, 1, 0, 23, 1, 0, 103, 1, 223]
1546497104693;[171, 0, 17, 255, 161, 72, 68, 183, 15, 0, 0, 221, 1, 0, 24, 1, 0, 123, 2, 6]
1546497104861;[171, 0, 17, 255, 161, 72, 68, 183, 15, 0, 0, 223, 1, 0, 23, 1, 0, 127, 1, 249]
1546497104865;[171, 0, 17, 255, 161, 72, 68, 183, 15, 0, 0, 208, 1, 0, 20, 1, 0, 141, 1, 206]
1546497105034;[171, 0, 17, 255, 161, 72, 68, 183, 15, 0, 0, 200, 1, 0, 20, 1, 0, 154, 1, 146]
1546497105205;[171, 0, 17, 255, 161, 72, 68, 183, 16, 0, 0, 197, 1, 0, 22, 1, 0, 141, 1, 108]
1546497105209;[171, 0, 4, 255, 132, 128, 77]
1546497105380;[171, 0, 17, 255, 161, 72, 68, 183, 16, 0, 0, 221, 1, 0, 23, 1, 0, 135, 1, 237]
1546497105384;[171, 0, 17, 255, 161, 72, 68, 183, 16, 0, 0, 218, 1, 0, 23, 1, 0, 134, 2, 73]
1546497105725;[171, 0, 17, 255, 161, 72, 68, 183, 16, 0, 0, 206, 1, 0, 23, 1, 0, 151, 2, 122]
1546497105729;[171, 0, 17, 255, 161, 72, 68, 183, 16, 0, 0, 211, 1, 0, 23, 1, 0, 145, 2, 105]
1546497105733;[171, 0, 17, 255, 161, 72, 68, 183, 16, 0, 0, 203, 1, 0, 23, 1, 0, 140, 2, 78]
1546497105896;[171, 0, 17, 255, 161, 72, 68, 183, 16, 0, 0, 221, 1, 0, 23, 1, 0, 126, 2, 47]
1546497105900;[171, 0, 17, 255, 161, 72, 68, 183, 16, 0, 0, 221, 1, 0, 17, 1, 0, 121, 2, 46]
1546497106069;[171, 0, 17, 255, 161, 72, 68, 183, 16, 0, 0, 221, 1, 0, 20, 1, 0, 103, 2, 106]
1546497106073;[171, 0, 17, 255, 161, 72, 68, 183, 16, 0, 0, 237, 1, 0, 23, 1, 0, 95, 2, 221]
1546497106240;[171, 0, 17, 255, 161, 72, 68, 183, 17, 0, 0, 232, 1, 0, 24, 1, 0, 97, 3, 30]
1546497106413;[171, 0, 4, 255, 132, 128, 77]
1546497106417;[171, 0, 17, 255, 161, 72, 68, 183, 17, 0, 0, 237, 1, 0, 24, 1, 0, 95, 3, 81]
1546497106586;[171, 0, 17, 255, 161, 72, 68, 183, 17, 0, 0, 236, 1, 0, 24, 1, 0, 95, 3, 115]
1546497106590;[171, 0, 17, 255, 161, 72, 68, 183, 17, 0, 0, 234, 1, 0, 23, 1, 0, 98, 3, 98]
1546497107107;[171, 0, 17, 255, 161, 72, 68, 183, 17, 0, 0, 234, 1, 0, 23, 1, 0, 102, 3, 66]
1546497107110;[171, 0, 17, 255, 161, 72, 68, 183, 17, 0, 0, 223, 1, 0, 23, 1, 0, 105, 3, 18]
1546497107114;[171, 0, 17, 255, 161, 72, 68, 183, 17, 0, 0, 236, 1, 0, 17, 1, 0, 109, 3, 76]
1546497107118;[171, 0, 17, 255, 161, 72, 68, 183, 17, 0, 0, 223, 1, 0, 15, 1, 0, 120, 3, 78]
1546497107277;[171, 0, 17, 255, 161, 72, 68, 183, 17, 0, 0, 224, 1, 0, 16, 1, 0, 118, 3, 28]
1546497107281;[171, 0, 17, 255, 161, 72, 68, 183, 17, 0, 0, 223, 1, 0, 15, 1, 0, 124, 2, 238]
1546497107285;[171, 0, 17, 255, 161, 72, 68, 183, 18, 0, 0, 222, 1, 0, 15, 1, 0, 129, 2, 183]
1546497107448;[171, 0, 4, 255, 132, 128, 77]
1546497107453;[171, 0, 17, 255, 161, 72, 68, 183, 18, 0, 0, 203, 1, 0, 14, 1, 0, 137, 2, 117]
1546497107621;[171, 0, 17, 255, 161, 72, 68, 183, 18, 0, 0, 215, 1, 0, 17, 1, 0, 130, 2, 61]
1546497107793;[171, 0, 17, 255, 161, 72, 68, 183, 18, 0, 0, 226, 1, 0, 22, 1, 0, 120, 2, 61]
1546497107797;[171, 0, 17, 255, 161, 72, 68, 183, 18, 0, 0, 237, 1, 0, 24, 1, 0, 97, 2, 135]
1546497107967;[171, 0, 17, 255, 161, 72, 68, 183, 18, 0, 0, 243, 1, 0, 24, 1, 0, 79, 2, 215]
1546497107970;[171, 0, 17, 255, 161, 72, 68, 183, 18, 0, 0, 240, 1, 0, 24, 1, 0, 85, 3, 4]
1546497108313;[171, 0, 17, 255, 161, 72, 68, 183, 18, 0, 0, 243, 1, 0, 22, 1, 0, 80, 3, 5]
1546497108317;[171, 0, 17, 255, 161, 72, 68, 183, 18, 0, 0, 237, 1, 0, 23, 1, 0, 79, 2, 223]
1546497108321;[171, 0, 17, 255, 161, 72, 68, 183, 18, 0, 0, 239, 1, 0, 16, 1, 0, 97, 2, 191]
1546497108483;[171, 0, 17, 255, 161, 72, 68, 183, 19, 0, 0, 236, 1, 0, 20, 1, 0, 92, 2, 160]
1546497108487;[171, 0, 4, 255, 132, 128, 77]
1546497108655;[171, 0, 17, 255, 161, 72, 68, 183, 19, 0, 0, 223, 1, 0, 23, 1, 0, 108, 2, 174]
1546497108660;[171, 0, 17, 255, 161, 72, 68, 183, 19, 0, 0, 229, 1, 0, 23, 1, 0, 112, 2, 180]
1546497108830;[171, 0, 17, 255, 161, 72, 68, 183, 19, 0, 0, 237, 1, 0, 24, 1, 0, 90, 2, 192]
1546497109001;[171, 0, 17, 255, 161, 72, 68, 183, 19, 0, 0, 229, 1, 0, 23, 1, 0, 106, 2, 191]
1546497109005;[171, 0, 17, 255, 161, 72, 68, 183, 19, 0, 0, 234, 1, 0, 22, 1, 0, 98, 2, 164]
1546497109174;[171, 0, 17, 255, 161, 72, 68, 183, 19, 0, 0, 232, 1, 0, 23, 1, 0, 96, 2, 159]
1546497109177;[171, 0, 17, 255, 161, 72, 68, 183, 19, 0, 0, 231, 1, 0, 24, 1, 0, 87, 2, 172]
1546497109521;[171, 0, 17, 255, 161, 72, 68, 183, 19, 0, 0, 243, 1, 0, 23, 1, 0, 80, 3, 18]
1546497109526;[171, 0, 17, 255, 161, 72, 68, 183, 19, 0, 0, 246, 1, 0, 24, 1, 0, 82, 3, 130]
1546497109531;[171, 0, 17, 255, 161, 72, 68, 183, 20, 0, 0, 231, 1, 0, 24, 1, 0, 81, 3, 152]
1546497109691;[171, 0, 4, 255, 132, 128, 77]
1546497109695;[171, 0, 17, 255, 161, 72, 68, 183, 20, 0, 0, 229, 1, 0, 24, 1, 0, 87, 3, 120]
1546497109863;[171, 0, 17, 255, 161, 72, 68, 183, 20, 0, 1, 3, 1, 0, 15, 1, 0, 91, 3, 66]
1546497109867;[171, 0, 17, 255, 161, 72, 68, 183, 20, 0, 0, 227, 1, 0, 18, 1, 0, 96, 3, 27]
1546497110035;[171, 0, 17, 255, 161, 72, 68, 183, 20, 0, 0, 246, 1, 0, 22, 1, 0, 88, 2, 236]
1546497110209;[171, 0, 17, 255, 161, 72, 68, 183, 20, 0, 0, 226, 1, 0, 23, 1, 0, 102, 2, 213]
1546497110213;[171, 0, 17, 255, 161, 72, 68, 183, 20, 0, 0, 243, 1, 0, 24, 1, 0, 97, 3, 4]
1546497110381;[171, 0, 17, 255, 161, 72, 68, 183, 20, 0, 0, 239, 1, 0, 24, 1, 0, 79, 3, 65]
1546497110385;[171, 0, 17, 255, 161, 72, 68, 183, 20, 0, 0, 240, 1, 0, 24, 1, 0, 87, 3, 82]
1546497110553;[171, 0, 17, 255, 161, 72, 68, 183, 20, 0, 0, 236, 1, 0, 24, 1, 0, 82, 3, 97]
1546497110557;[171, 0, 17, 255, 161, 72, 68, 183, 21, 0, 0, 236, 1, 0, 24, 1, 0, 87, 3, 87]
1546497110899;[171, 0, 4, 255, 132, 128, 78]
1546497110904;[171, 0, 17, 255, 161, 72, 68, 183, 21, 0, 0, 234, 1, 0, 24, 1, 0, 87, 3, 42]
1546497110908;[171, 0, 17, 255, 161, 72, 68, 183, 21, 0, 0, 237, 1, 0, 23, 1, 0, 84, 2, 243]
1546497111073;[171, 0, 17, 255, 161, 72, 68, 183, 21, 0, 0, 247, 1, 0, 15, 1, 0, 96, 2, 232]
1546497111077;[171, 0, 17, 255, 161, 72, 68, 183, 21, 0, 0, 236, 1, 0, 19, 1, 0, 83, 3, 10]
1546497111244;[171, 0, 17, 255, 161, 72, 68, 183, 21, 0, 0, 238, 1, 0, 17, 1, 0, 82, 2, 255]
1546497111415;[171, 0, 17, 255, 161, 72, 68, 183, 21, 0, 0, 241, 1, 0, 21, 1, 0, 88, 3, 18]
1546497111420;[171, 0, 17, 255, 161, 72, 68, 183, 21, 0, 0, 236, 1, 0, 19, 1, 0, 85, 3, 26]
1546497111591;[171, 0, 17, 255, 161, 72, 68, 183, 21, 0, 0, 241, 1, 0, 23, 1, 0, 79, 3, 58]
1546497111595;[171, 0, 17, 255, 161, 72, 68, 183, 21, 0, 0, 240, 1, 0, 33, 1, 0, 59, 3, 99]
1546497111762;[171, 0, 17, 255, 161, 72, 68, 183, 22, 0, 0, 240, 1, 0, 26, 1, 0, 84, 3, 128]
1546497111766;[171, 0, 4, 255, 132, 128, 78]
1546497112108;[171, 0, 17, 255, 161, 72, 68, 183, 22, 0, 0, 240, 1, 0, 24, 1, 0, 81, 3, 187]
1546497112111;[171, 0, 17, 255, 161, 72, 68, 183, 22, 0, 0, 237, 1, 0, 26, 1, 0, 79, 3, 212]
1546497112116;[171, 0, 17, 255, 161, 72, 68, 183, 22, 0, 0, 236, 1, 0, 28, 1, 0, 85, 3, 225]
1546497112278;[171, 0, 17, 255, 161, 72, 68, 183, 22, 0, 0, 244, 1, 0, 24, 1, 0, 85, 3, 212]
1546497112282;[171, 0, 17, 255, 161, 72, 68, 183, 22, 0, 0, 243, 1, 0, 23, 1, 0, 85, 3, 188]
1546497112452;[171, 0, 17, 255, 161, 72, 68, 183, 22, 0, 0, 243, 1, 0, 24, 1, 0, 85, 3, 181]
1546497112459;[171, 0, 17, 255, 161, 72, 68, 183, 22, 0, 0, 243, 1, 0, 23, 1, 0, 87, 3, 159]
1546497112623;[171, 0, 17, 255, 161, 72, 68, 183, 22, 0, 0, 237, 1, 0, 24, 1, 0, 92, 3, 194]
1546497112797;[171, 0, 17, 255, 161, 72, 68, 183, 22, 0, 0, 237, 1, 0, 24, 1, 0, 92, 3, 217]
1546497112801;[171, 0, 17, 255, 161, 72, 68, 183, 23, 0, 0, 238, 1, 0, 24, 1, 0, 92, 3, 214]
1546497112970;[171, 0, 4, 255, 132, 128, 78]
1546497112974;[171, 0, 17, 255, 161, 72, 68, 183, 23, 0, 0, 234, 1, 0, 24, 1, 0, 92, 3, 176]
1546497113489;[171, 0, 17, 255, 161, 72, 68, 183, 23, 0, 0, 237, 1, 0, 23, 1, 0, 96, 3, 115]
1546497113494;[171, 0, 17, 255, 161, 72, 68, 183, 23, 0, 0, 236, 1, 0, 24, 1, 0, 88, 3, 87]
1546497113498;[171, 0, 17, 255, 161, 72, 68, 183, 23, 0, 0, 237, 1, 0, 24, 1, 0, 95, 3, 51]
1546497113502;[171, 0, 17, 255, 161, 72, 68, 183, 23, 0, 0, 237, 1, 0, 24, 1, 0, 88, 3, 39]
1546497113660;[171, 0, 17, 255, 161, 72, 68, 183, 23, 0, 0, 237, 1, 0, 23, 1, 0, 95, 3, 78]
1546497113664;[171, 0, 17, 255, 161, 72, 68, 183, 23, 0, 0, 236, 1, 0, 23, 1, 0, 95, 3, 97]
1546497113668;[171, 0, 17, 255, 161, 72, 68, 183, 23, 0, 0, 237, 1, 0, 23, 1, 0, 88, 3, 94]
1546497113831;[171, 0, 17, 255, 161, 72, 68, 183, 23, 0, 0, 237, 1, 0, 24, 1, 0, 88, 3, 95]
1546497114004;[171, 0, 17, 255, 161, 72, 68, 183, 24, 0, 0, 240, 1, 0, 23, 1, 0, 92, 3, 62]
1546497114008;[171, 0, 4, 255, 132, 128, 78]
1546497114174;[171, 0, 17, 255, 161, 72, 68, 183, 24, 0, 0, 242, 1, 0, 25, 1, 0, 88, 3, 15]
1546497114177;[171, 0, 17, 255, 161, 72, 68, 183, 24, 0, 0, 237, 1, 0, 19, 1, 0, 92, 2, 214]
1546497114350;[171, 0, 17, 255, 161, 72, 68, 183, 24, 0, 0, 236, 1, 0, 23, 1, 0, 95, 2, 176]
1546497114354;[171, 0, 17, 255, 161, 72, 68, 183, 24, 0, 0, 234, 1, 0, 20, 1, 0, 95, 2, 167]
1546497114695;[171, 0, 17, 255, 161, 72, 68, 183, 24, 0, 0, 237, 1, 0, 22, 1, 0, 96, 2, 128]
1546497114698;[171, 0, 17, 255, 161, 72, 68, 183, 24, 0, 0, 240, 1, 0, 20, 1, 0, 96, 2, 103]
1546497114703;[171, 0, 17, 255, 161, 72, 68, 183, 24, 0, 0, 239, 1, 0, 22, 1, 0, 97, 2, 71]
1546497114866;[171, 0, 17, 255, 161, 72, 68, 183, 24, 0, 0, 236, 1, 0, 23, 1, 0, 97, 2, 31]
1546497114870;[171, 0, 17, 255, 161, 72, 68, 183, 24, 0, 0, 236, 1, 0, 23, 1, 0, 95, 1, 254]
1546497115039;[171, 0, 17, 255, 161, 72, 68, 183, 25, 0, 0, 237, 1, 0, 20, 1, 0, 100, 1, 216]
1546497115212;[171, 0, 4, 255, 132, 128, 79]
1546497115216;[171, 0, 17, 255, 161, 72, 68, 183, 25, 0, 0, 236, 1, 0, 17, 1, 0, 97, 1, 238]
1546497115384;[171, 0, 17, 255, 161, 72, 68, 183, 25, 0, 0, 236, 1, 0, 20, 1, 0, 96, 2, 16]
1546497115388;[171, 0, 17, 255, 161, 72, 68, 183, 25, 0, 0, 236, 1, 0, 19, 1, 0, 96, 2, 6]
1546497115557;[171, 0, 17, 255, 161, 72, 68, 183, 25, 0, 0, 232, 1, 0, 20, 1, 0, 95, 2, 0]
1546497115561;[171, 0, 17, 255, 161, 72, 68, 183, 25, 0, 0, 237, 1, 0, 23, 1, 0, 92, 2, 2]
1546497115902;[171, 0, 17, 255, 161, 72, 68, 183, 25, 0, 0, 240, 1, 0, 20, 1, 0, 92, 1, 235]
1546497115906;[171, 0, 17, 255, 161, 72, 68, 183, 25, 0, 0, 243, 1, 0, 16, 1, 0, 97, 1, 187]
1546497115910;[171, 0, 17, 255, 161, 72, 68, 183, 25, 0, 0, 240, 1, 0, 16, 1, 0, 91, 1, 133]
1546497116073;[171, 0, 17, 255, 161, 72, 68, 183, 25, 0, 0, 237, 1, 0, 17, 1, 0, 97, 1, 63]
1546497116077;[171, 0, 17, 255, 161, 72, 68, 183, 26, 0, 0, 214, 1, 0, 10, 1, 0, 131, 0, 231]
1546497116245;[171, 0, 4, 255, 132, 128, 78]
1546497116249;[171, 0, 17, 255, 161, 72, 68, 183, 26, 0, 0, 191, 1, 0, 9, 1, 0, 162, 16, 143]
1546497116418;[171, 0, 17, 255, 161, 72, 68, 183, 26, 0, 0, 200, 1, 0, 9, 1, 0, 162, 7, 208]
1546497116592;[171, 0, 17, 255, 161, 72, 68, 183, 26, 0, 0, 216, 1, 0, 9, 1, 0, 153, 7, 151]
1546497116596;[171, 0, 17, 255, 161, 72, 68, 183, 26, 0, 0, 212, 1, 0, 15, 1, 0, 140, 7, 120]
1546497116763;[171, 0, 17, 255, 161, 72, 68, 183, 26, 0, 0, 215, 1, 0, 17, 1, 0, 131, 7, 106]
1546497116767;[171, 0, 17, 255, 161, 72, 68, 183, 26, 0, 0, 218, 1, 0, 16, 1, 0, 135, 7, 89]
1546497116936;[171, 0, 17, 255, 161, 72, 68, 183, 26, 0, 0, 215, 1, 0, 16, 1, 0, 137, 7, 109]
1546497117283;[171, 0, 17, 255, 161, 72, 68, 183, 26, 0, 0, 212, 1, 0, 15, 1, 0, 136, 7, 120]
1546497117287;[171, 0, 17, 255, 161, 72, 68, 183, 26, 0, 0, 218, 1, 0, 15, 1, 0, 137, 7, 114]
1546497117291;[171, 0, 17, 255, 161, 72, 68, 183, 27, 0, 0, 215, 1, 0, 15, 1, 0, 135, 7, 117]
1546497117295;[171, 0, 4, 255, 132, 128, 78]
1546497117454;[171, 0, 17, 255, 161, 72, 68, 183, 27, 0, 0, 217, 1, 0, 15, 1, 0, 135, 7, 104]
1546497117462;[171, 0, 17, 255, 161, 72, 68, 183, 27, 0, 0, 217, 1, 0, 16, 1, 0, 131, 7, 70]
1546497117626;[171, 0, 17, 255, 161, 72, 68, 183, 27, 0, 0, 221, 1, 0, 14, 1, 0, 131, 7, 34]
1546497117794;[171, 0, 17, 255, 161, 72, 68, 183, 27, 0, 0, 214, 1, 0, 15, 1, 0, 134, 7, 4]
1546497117799;[171, 0, 17, 255, 161, 72, 68, 183, 27, 0, 0, 218, 1, 0, 15, 1, 0, 127, 7, 28]
1546497117966;[171, 0, 17, 255, 161, 72, 68, 183, 27, 0, 0, 224, 1, 0, 14, 1, 0, 129, 7, 54]
1546497117968;[171, 0, 17, 255, 161, 72, 68, 183, 27, 0, 0, 216, 1, 0, 15, 1, 0, 131, 7, 68]
1546497118144;[171, 0, 17, 255, 161, 72, 68, 183, 27, 0, 0, 218, 1, 0, 16, 1, 0, 128, 7, 97]
1546497118489;[171, 0, 17, 255, 161, 72, 68, 183, 27, 0, 0, 219, 1, 0, 17, 1, 0, 124, 7, 123]
1546497118494;[171, 0, 17, 255, 161, 72, 68, 183, 28, 0, 0, 224, 1, 0, 17, 1, 0, 120, 7, 128]
1546497118499;[171, 0, 4, 255, 132, 128, 78]
1546497118503;[171, 0, 17, 255, 161, 72, 68, 183, 28, 0, 0, 223, 1, 0, 16, 1, 0, 118, 7, 135]
1546497118664;[171, 0, 17, 255, 161, 72, 68, 183, 28, 0, 0, 229, 1, 0, 17, 1, 0, 111, 7, 165]
1546497118669;[171, 0, 17, 255, 161, 72, 68, 183, 28, 0, 0, 236, 1, 0, 16, 1, 0, 108, 7, 212]
1546497118833;[171, 0, 17, 255, 161, 72, 68, 183, 28, 0, 0, 228, 1, 0, 17, 1, 0, 105, 7, 216]
1546497119006;[171, 0, 17, 255, 161, 72, 68, 183, 28, 0, 0, 229, 1, 0, 15, 1, 0, 111, 7, 226]
1546497119010;[171, 0, 17, 255, 161, 72, 68, 183, 28, 0, 0, 231, 1, 0, 15, 1, 0, 108, 7, 230]
1546497119178;[171, 0, 17, 255, 161, 72, 68, 183, 28, 0, 0, 231, 1, 0, 17, 1, 0, 109, 7, 235]
1546497119182;[171, 0, 17, 255, 161, 72, 68, 183, 28, 0, 0, 228, 1, 0, 17, 1, 0, 112, 7, 221]
1546497119351;[171, 0, 17, 255, 161, 72, 68, 183, 28, 0, 0, 231, 1, 0, 15, 1, 0, 111, 7, 226]
1546497119355;[171, 0, 17, 255, 161, 72, 68, 183, 29, 0, 0, 234, 1, 0, 16, 1, 0, 111, 8, 20]
1546497119522;[171, 0, 4, 255, 132, 128, 78]
1546497119869;[171, 0, 17, 255, 161, 72, 68, 183, 29, 0, 0, 232, 1, 0, 20, 1, 0, 105, 8, 65]
1546497119873;[171, 0, 17, 255, 161, 72, 68, 183, 29, 0, 0, 229, 1, 0, 19, 1, 0, 112, 8, 106]
1546497119877;[171, 0, 17, 255, 161, 72, 68, 183, 29, 0, 0, 231, 1, 0, 19, 1, 0, 110, 8, 127]
1546497119881;[171, 0, 17, 255, 161, 72, 68, 183, 29, 0, 0, 231, 1, 0, 19, 1, 0, 109, 8, 146]
1546497120042;[171, 0, 17, 255, 161, 72, 68, 183, 29, 0, 0, 234, 1, 0, 18, 1, 0, 108, 8, 142]
1546497120214;[171, 0, 17, 255, 161, 72, 68, 183, 29, 0, 0, 232, 1, 0, 17, 1, 0, 108, 8, 128]
1546497120218;[171, 0, 17, 255, 161, 72, 68, 183, 29, 0, 0, 229, 1, 0, 16, 1, 0, 104, 8, 137]
1546497120387;[171, 0, 17, 255, 161, 72, 68, 183, 29, 0, 0, 231, 1, 0, 16, 1, 0, 105, 8, 163]
1546497120391;[171, 0, 17, 255, 161, 72, 68, 183, 29, 0, 0, 228, 1, 0, 15, 1, 0, 107, 8, 156]
1546497120559;[171, 0, 17, 255, 161, 72, 68, 183, 30, 0, 0, 226, 1, 0, 15, 1, 0, 115, 8, 145]
1546497120563;[171, 0, 4, 255, 132, 128, 79]
1546497120731;[171, 0, 17, 255, 161, 72, 68, 183, 30, 0, 0, 226, 1, 0, 14, 1, 0, 111, 8, 135]
1546497121078;[171, 0, 17, 255, 161, 72, 68, 183, 30, 0, 0, 229, 1, 0, 15, 1, 0, 117, 8, 117]
1546497121083;[171, 0, 17, 255, 161, 72, 68, 183, 30, 0, 0, 232, 1, 0, 16, 1, 0, 111, 8, 84]
1546497121087;[171, 0, 17, 255, 161, 72, 68, 183, 30, 0, 0, 232, 1, 0, 14, 1, 0, 118, 8, 43]
1546497121091;[171, 0, 17, 255, 161, 72, 68, 183, 30, 0, 0, 229, 1, 0, 15, 1, 0, 112, 8, 54]
1546497121250;[171, 0, 17, 255, 161, 72, 68, 183, 30, 0, 0, 230, 1, 0, 14, 1, 0, 110, 8, 90]
1546497121254;[171, 0, 17, 255, 161, 72, 68, 183, 30, 0, 0, 228, 1, 0, 15, 1, 0, 109, 8, 96]
1546497121422;[171, 0, 17, 255, 161, 72, 68, 183, 30, 0, 0, 231, 1, 0, 15, 1, 0, 109, 8, 123]
1546497121593;[171, 0, 17, 255, 161, 72, 68, 183, 30, 0, 0, 229, 1, 0, 15, 1, 0, 112, 8, 125]
1546497121766;[171, 0, 17, 255, 161, 72, 68, 183, 33, 0, 0, 218, 1, 0, 15, 1, 0, 128, 7, 250]
1546497121770;[171, 0, 17, 255, 161, 72, 68, 183, 33, 0, 0, 221, 1, 0, 15, 1, 0, 129, 7, 240]
1546497121938;[171, 0, 17, 255, 161, 72, 68, 183, 33, 0, 0, 219, 1, 0, 14, 1, 0, 131, 7, 221]
1546497122459;[171, 0, 17, 255, 161, 72, 68, 183, 33, 0, 0, 219, 1, 0, 15, 1, 0, 127, 7, 205]
1546497122464;[171, 0, 17, 255, 161, 72, 68, 183, 33, 0, 0, 221, 1, 0, 15, 1, 0, 123, 7, 184]
1546497122469;[171, 0, 17, 255, 161, 72, 68, 183, 33, 0, 0, 218, 1, 0, 14, 1, 0, 126, 7, 170]
1546497122476;[171, 0, 17, 255, 161, 72, 68, 183, 33, 0, 0, 218, 1, 0, 14, 1, 0, 130, 7, 191]
1546497122629;[171, 0, 17, 255, 161, 72, 68, 183, 33, 0, 0, 221, 1, 0, 15, 1, 0, 121, 7, 203]
1546497122633;[171, 0, 17, 255, 161, 72, 68, 183, 33, 0, 0, 218, 1, 0, 16, 1, 0, 124, 7, 204]
1546497122800;[171, 0, 17, 255, 161, 72, 68, 183, 34, 0, 0, 221, 1, 0, 16, 1, 0, 120, 7, 215]
1546497122804;[171, 0, 4, 255, 132, 128, 78]
1546497122973;[171, 0, 17, 255, 161, 72, 68, 183, 34, 0, 0, 223, 1, 0, 15, 1, 0, 123, 7, 191]
1546497122977;[171, 0, 17, 255, 161, 72, 68, 183, 34, 0, 0, 221, 1, 0, 14, 1, 0, 124, 7, 166]
1546497123161;[171, 0, 17, 255, 161, 72, 68, 183, 34, 0, 0, 218, 1, 0, 15, 1, 0, 123, 7, 143]
1546497123164;[171, 0, 17, 255, 161, 72, 68, 183, 34, 0, 0, 222, 1, 0, 15, 1, 0, 121, 7, 128]
1546497123318;[171, 0, 17, 255, 161, 72, 68, 183, 34, 0, 0, 223, 1, 0, 16, 1, 0, 121, 7, 177]
1546497123665;[171, 0, 17, 255, 161, 72, 68, 183, 34, 0, 0, 228, 1, 0, 16, 1, 0, 120, 7, 237]
1546497123670;[171, 0, 17, 255, 161, 72, 68, 183, 34, 0, 0, 221, 1, 0, 14, 1, 0, 129, 7, 183]
1546497123674;[171, 0, 17, 255, 161, 72, 68, 183, 34, 0, 0, 200, 1, 0, 5, 1, 0, 148, 7, 136]
1546497123678;[171, 0, 17, 255, 161, 72, 68, 183, 34, 0, 0, 219, 1, 0, 14, 1, 0, 138, 7, 94]
1546497123836;[171, 0, 17, 255, 161, 72, 68, 183, 35, 0, 0, 214, 1, 0, 9, 1, 0, 145, 7, 30]
1546497124010;[171, 0, 4, 255, 132, 128, 77]
1546497124014;[171, 0, 17, 255, 161, 72, 68, 183, 35, 0, 0, 196, 1, 0, 9, 1, 0, 153, 6, 218]
1546497124181;[171, 0, 17, 255, 161, 72, 68, 183, 35, 0, 0, 207, 1, 0, 16, 1, 0, 136, 6, 196]
1546497124185;[171, 0, 17, 255, 161, 72, 68, 183, 35, 0, 0, 226, 1, 0, 16, 1, 0, 123, 6, 241]
1546497124353;[171, 0, 17, 255, 161, 72, 68, 183, 35, 0, 0, 224, 1, 0, 19, 1, 0, 118, 7, 40]
1546497124357;[171, 0, 17, 255, 161, 72, 68, 183, 35, 0, 0, 228, 1, 0, 20, 1, 0, 108, 7, 76]
1546497124525;[171, 0, 17, 255, 161, 72, 68, 183, 35, 0, 0, 234, 1, 0, 15, 1, 0, 111, 7, 46]
1546497124873;[171, 0, 17, 255, 161, 72, 68, 183, 35, 0, 0, 221, 1, 0, 15, 1, 0, 109, 6, 234]
1546497124877;[171, 0, 17, 255, 161, 72, 68, 183, 35, 0, 0, 223, 1, 0, 14, 1, 0, 121, 6, 183]
1546497124881;[171, 0, 17, 255, 161, 72, 68, 183, 35, 0, 0, 232, 1, 0, 15, 1, 0, 128, 6, 94]
1546497124885;[171, 0, 17, 255, 161, 72, 68, 183, 36, 0, 0, 200, 1, 0, 9, 1, 0, 146, 6, 59]
1546497125044;[171, 0, 4, 255, 132, 128, 77]
1546497125216;[171, 0, 17, 255, 161, 72, 68, 183, 36, 0, 0, 227, 1, 0, 15, 1, 0, 136, 6, 68]
1546497125219;[171, 0, 17, 255, 161, 72, 68, 183, 36, 0, 0, 218, 1, 0, 16, 1, 0, 124, 6, 97]
1546497125388;[171, 0, 17, 255, 161, 72, 68, 183, 36, 0, 0, 231, 1, 0, 20, 1, 0, 121, 6, 121]
1546497125392;[171, 0, 17, 255, 161, 72, 68, 183, 36, 0, 0, 226, 1, 0, 19, 1, 0, 121, 6, 123]
1546497125560;[171, 0, 17, 255, 161, 72, 68, 183, 36, 0, 0, 223, 1, 0, 20, 1, 0, 121, 6, 119]
1546497125565;[171, 0, 17, 255, 161, 72, 68, 183, 36, 0, 0, 221, 1, 0, 17, 1, 0, 118, 6, 107]
1546497125734;[171, 0, 17, 255, 161, 72, 68, 183, 36, 0, 0, 224, 1, 0, 23, 1, 0, 119, 6, 88]
1546497125906;[171, 0, 17, 255, 161, 72, 68, 183, 36, 0, 0, 226, 1, 0, 23, 1, 0, 118, 6, 97]
1546497125910;[171, 0, 17, 255, 161, 72, 68, 183, 36, 0, 0, 230, 1, 0, 17, 1, 0, 115, 6, 133]
1546497126253;[171, 0, 17, 255, 161, 72, 68, 183, 37, 0, 0, 231, 1, 0, 16, 1, 0, 112, 6, 160]
1546497126257;[171, 0, 4, 255, 132, 128, 77]
1546497126262;[171, 0, 17, 255, 161, 72, 68, 183, 37, 0, 0, 232, 1, 0, 20, 1, 0, 106, 6, 183]
1546497126266;[171, 0, 17, 255, 161, 72, 68, 183, 37, 0, 0, 228, 1, 0, 17, 1, 0, 100, 6, 209]
1546497126422;[171, 0, 17, 255, 161, 72, 68, 183, 37, 0, 0, 238, 1, 0, 19, 1, 0, 91, 6, 248]
1546497126595;[171, 0, 17, 255, 161, 72, 68, 183, 37, 0, 0, 234, 1, 0, 20, 1, 0, 88, 7, 25]
1546497126599;[171, 0, 17, 255, 161, 72, 68, 183, 37, 0, 0, 240, 1, 0, 22, 1, 0, 92, 7, 45]
1546497126770;[171, 0, 17, 255, 161, 72, 68, 183, 37, 0, 0, 237, 1, 0, 24, 1, 0, 87, 7, 116]
1546497126774;[171, 0, 17, 255, 161, 72, 68, 183, 37, 0, 0, 238, 1, 0, 23, 1, 0, 89, 7, 201]
1546497126941;[171, 0, 17, 255, 161, 72, 68, 183, 37, 0, 0, 236, 1, 0, 23, 1, 0, 86, 7, 255]
1546497127113;[171, 0, 17, 255, 161, 72, 68, 183, 37, 0, 0, 246, 1, 0, 20, 1, 0, 81, 8, 37]
1546497127117;[171, 0, 17, 255, 161, 72, 68, 183, 38, 0, 0, 236, 1, 0, 23, 1, 0, 79, 8, 60]
1546497127460;[171, 0, 4, 255, 132, 128, 77]
1546497127465;[171, 0, 17, 255, 161, 72, 68, 183, 38, 0, 0, 233, 1, 0, 19, 1, 0, 80, 8, 63]
1546497127475;[171, 0, 17, 255, 161, 72, 68, 183, 38, 0, 0, 237, 1, 0, 19, 1, 0, 80, 8, 43]
1546497127480;[171, 0, 17, 255, 161, 72, 68, 183, 38, 0, 0, 243, 1, 0, 16, 1, 0, 79, 8, 41]
1546497127631;[171, 0, 17, 255, 161, 72, 68, 183, 38, 0, 0, 246, 1, 0, 20, 1, 0, 69, 8, 117]
1546497127803;[171, 0, 17, 255, 161, 72, 68, 183, 38, 0, 0, 236, 1, 0, 20, 1, 0, 79, 8, 155]
1546497127811;[171, 0, 17, 255, 161, 72, 68, 183, 38, 0, 0, 237, 1, 0, 20, 1, 0, 88, 8, 159]
1546497127975;[171, 0, 17, 255, 161, 72, 68, 183, 38, 0, 0, 243, 1, 0, 23, 1, 0, 81, 8, 155]
1546497127978;[171, 0, 17, 255, 161, 72, 68, 183, 38, 0, 0, 236, 1, 0, 23, 1, 0, 87, 8, 151]
1546497128148;[171, 0, 17, 255, 161, 72, 68, 183, 38, 0, 0, 240, 1, 0, 17, 1, 0, 85, 8, 135]
1546497128152;[171, 0, 17, 255, 161, 72, 68, 183, 39, 0, 0, 232, 1, 0, 22, 1, 0, 85, 8, 98]
1546497128320;[171, 0, 4, 255, 132, 128, 77]
1546497128839;[171, 0, 17, 255, 161, 72, 68, 183, 39, 0, 0, 247, 1, 0, 15, 1, 0, 85, 8, 86]
1546497128844;[171, 0, 17, 255, 161, 72, 68, 183, 39, 0, 0, 237, 1, 0, 15, 1, 0, 85, 8, 111]
1546497128848;[171, 0, 17, 255, 161, 72, 68, 183, 39, 0, 0, 234, 1, 0, 15, 1, 0, 87, 8, 116]
1546497128852;[171, 0, 17, 255, 161, 72, 68, 183, 39, 0, 0, 236, 1, 0, 16, 1, 0, 87, 8, 117]
1546497129012;[171, 0, 17, 255, 161, 72, 68, 183, 39, 0, 0, 244, 1, 0, 17, 1, 0, 85, 8, 111]
1546497129017;[171, 0, 17, 255, 161, 72, 68, 183, 39, 0, 0, 232, 1, 0, 17, 1, 0, 97, 8, 96]
1546497129021;[171, 0, 17, 255, 161, 72, 68, 183, 39, 0, 0, 241, 1, 0, 20, 1, 0, 95, 8, 70]
1546497129184;[171, 0, 17, 255, 161, 72, 68, 183, 39, 0, 0, 234, 1, 0, 14, 1, 0, 103, 8, 52]
1546497129189;[171, 0, 17, 255, 161, 72, 68, 183, 39, 0, 0, 237, 1, 0, 16, 1, 0, 103, 8, 87]
1546497129357;[171, 0, 17, 255, 161, 72, 68, 183, 40, 0, 0, 239, 1, 0, 15, 1, 0, 90, 8, 122]
1546497129360;[171, 0, 4, 255, 132, 128, 76]
1546497129528;[171, 0, 17, 255, 161, 72, 68, 183, 40, 0, 0, 224, 1, 0, 15, 1, 0, 111, 8, 115]
1546497129701;[171, 0, 17, 255, 161, 72, 68, 183, 40, 0, 0, 234, 1, 0, 14, 1, 0, 110, 8, 89]
1546497129705;[171, 0, 17, 255, 161, 72, 68, 183, 40, 0, 0, 224, 1, 0, 5, 1, 0, 122, 8, 44]
1546497130048;[171, 0, 17, 255, 161, 72, 68, 183, 40, 0, 0, 224, 1, 0, 5, 1, 0, 121, 7, 242]
1546497130052;[171, 0, 17, 255, 161, 72, 68, 183, 40, 0, 0, 223, 1, 0, 3, 1, 0, 124, 7, 192]
1546497130056;[171, 0, 17, 255, 161, 72, 68, 183, 40, 0, 0, 224, 1, 0, 3, 1, 0, 127, 7, 183]
1546497130061;[171, 0, 17, 255, 161, 72, 68, 183, 40, 0, 0, 223, 1, 0, 2, 1, 0, 127, 7, 199]
1546497130218;[171, 0, 17, 255, 161, 72, 68, 183, 40, 0, 0, 217, 1, 0, 4, 1, 0, 129, 7, 199]
1546497130392;[171, 0, 17, 255, 161, 72, 68, 183, 40, 0, 0, 216, 1, 0, 4, 1, 0, 129, 7, 174]
1546497130396;[171, 0, 17, 255, 161, 72, 68, 183, 41, 0, 0, 216, 1, 0, 5, 1, 0, 133, 7, 152]
1546497130563;[171, 0, 4, 255, 132, 128, 76]
1546497130567;[171, 0, 17, 255, 161, 72, 68, 183, 41, 0, 0, 219, 1, 0, 3, 1, 0, 128, 7, 111]
1546497130736;[171, 0, 17, 255, 161, 72, 68, 183, 41, 0, 0, 218, 1, 0, 3, 1, 0, 129, 7, 61]
1546497130911;[171, 0, 17, 255, 161, 72, 68, 183, 41, 0, 0, 215, 1, 0, 3, 1, 0, 134, 7, 41]
1546497130921;[171, 0, 17, 255, 161, 72, 68, 183, 41, 0, 0, 218, 1, 0, 4, 1, 0, 134, 7, 49]
1546497131421;[171, 0, 17, 255, 161, 72, 68, 183, 41, 0, 0, 212, 1, 0, 4, 1, 0, 135, 7, 45]
1546497131424;[171, 0, 17, 255, 161, 72, 68, 183, 41, 0, 0, 211, 1, 0, 10, 1, 0, 135, 7, 35]
1546497131426;[171, 0, 17, 255, 161, 72, 68, 183, 41, 0, 0, 217, 1, 0, 4, 1, 0, 135, 7, 16]
1546497131428;[171, 0, 17, 255, 161, 72, 68, 183, 41, 0, 0, 215, 1, 0, 5, 1, 0, 145, 6, 233]
1546497131599;[171, 0, 17, 255, 161, 72, 68, 183, 41, 0, 0, 208, 1, 0, 5, 1, 0, 145, 6, 176]
1546497131603;[171, 0, 17, 255, 161, 72, 68, 183, 42, 0, 0, 206, 1, 0, 2, 1, 0, 146, 6, 141]
1546497131607;[171, 0, 4, 255, 132, 128, 77]
1546497131771;[171, 0, 17, 255, 161, 72, 68, 183, 42, 0, 0, 203, 0, 0, 0, 1, 0, 151, 6, 143]
1546497131775;[171, 0, 17, 255, 161, 72, 68, 183, 42, 0, 0, 204, 0, 0, 2, 1, 0, 163, 6, 123]
1546497131944;[171, 0, 17, 255, 161, 72, 68, 183, 42, 0, 0, 197, 0, 0, 4, 1, 0, 163, 6, 82]
1546497132117;[171, 0, 17, 255, 161, 72, 68, 183, 42, 0, 0, 197, 0, 0, 4, 1, 0, 154, 6, 27]
1546497132120;[171, 0, 17, 255, 161, 72, 68, 183, 42, 0, 0, 198, 0, 0, 6, 1, 0, 164, 5, 247]
1546497132289;[171, 0, 17, 255, 161, 72, 68, 183, 42, 0, 0, 197, 0, 0, 3, 1, 0, 163, 5, 233]
1546497132294;[171, 0, 17, 255, 161, 72, 68, 183, 42, 0, 0, 200, 0, 0, 2, 1, 0, 158, 5, 229]
1546497132634;[171, 0, 17, 255, 161, 72, 68, 183, 42, 0, 0, 196, 0, 0, 1, 1, 0, 161, 6, 16]
1546497132640;[171, 0, 17, 255, 161, 72, 68, 183, 42, 0, 0, 197, 0, 0, 4, 1, 0, 166, 6, 60]
1546497132643;[171, 0, 17, 255, 161, 72, 68, 183, 43, 0, 0, 203, 0, 0, 3, 1, 0, 162, 6, 90]
1546497132805;[171, 0, 4, 255, 132, 128, 77]
1546497132809;[171, 0, 17, 255, 161, 72, 68, 183, 43, 0, 0, 197, 0, 0, 2, 1, 0, 161, 6, 80]
1546497132978;[171, 0, 17, 255, 161, 72, 68, 183, 43, 0, 0, 204, 1, 0, 1, 1, 0, 162, 6, 57]
1546497132982;[171, 0, 17, 255, 161, 72, 68, 183, 43, 0, 0, 196, 0, 0, 2, 1, 0, 163, 6, 40]
1546497133152;[171, 0, 17, 255, 161, 72, 68, 183, 43, 0, 0, 191, 0, 0, 2, 1, 0, 170, 6, 7]
1546497133156;[171, 0, 17, 255, 161, 72, 68, 183, 43, 0, 0, 200, 0, 0, 1, 1, 0, 162, 6, 21]
1546497133324;[171, 0, 17, 255, 161, 72, 68, 183, 43, 0, 0, 196, 0, 0, 1, 1, 0, 168, 6, 38]
1546497133496;[171, 0, 17, 255, 161, 72, 68, 183, 43, 0, 0, 196, 0, 0, 1, 1, 0, 166, 6, 36]
1546497133500;[171, 0, 17, 255, 161, 72, 68, 183, 43, 0, 0, 197, 0, 0, 1, 1, 0, 164, 6, 29]
1546497133843;[171, 0, 17, 255, 161, 72, 68, 183, 43, 0, 0, 196, 0, 0, 2, 1, 0, 163, 6, 11]
1546497133847;[171, 0, 17, 255, 161, 72, 68, 183, 44, 0, 0, 196, 1, 0, 3, 1, 0, 164, 5, 249]
1546497133851;[171, 0, 4, 255, 132, 128, 77]
1546497134013;[171, 0, 17, 255, 161, 72, 68, 183, 44, 0, 0, 197, 0, 0, 3, 1, 0, 163, 5, 217]
1546497134017;[171, 0, 17, 255, 161, 72, 68, 183, 44, 0, 0, 197, 0, 0, 1, 1, 0, 164, 5, 192]
1546497134187;[171, 0, 17, 255, 161, 72, 68, 183, 44, 0, 0, 197, 0, 0, 2, 1, 0, 163, 5, 221]
1546497134192;[171, 0, 17, 255, 161, 72, 68, 183, 44, 0, 0, 197, 0, 0, 1, 1, 0, 163, 5, 239]
1546497134359;[171, 0, 17, 255, 161, 72, 68, 183, 44, 0, 0, 197, 0, 0, 0, 1, 0, 164, 5, 239]
1546497134363;[171, 0, 17, 255, 161, 72, 68, 183, 44, 0, 0, 196, 0, 0, 1, 1, 0, 161, 5, 216]
1546497134531;[171, 0, 17, 255, 161, 72, 68, 183, 44, 0, 0, 197, 0, 0, 1, 1, 0, 162, 5, 194]
1546497134703;[171, 0, 17, 255, 161, 72, 68, 183, 44, 0, 0, 197, 0, 0, 2, 1, 0, 163, 5, 173]
1546497134707;[171, 0, 17, 255, 161, 72, 68, 183, 44, 0, 0, 198, 0, 0, 1, 1, 0, 166, 5, 127]
1546497134877;[171, 0, 17, 255, 161, 72, 68, 183, 45, 0, 0, 196, 0, 0, 2, 1, 0, 164, 5, 100]
1546497134881;[171, 0, 4, 255, 132, 128, 78]
1546497135223;[171, 0, 17, 255, 161, 72, 68, 183, 45, 0, 0, 196, 0, 0, 1, 1, 0, 168, 5, 101]
1546497135227;[171, 0, 17, 255, 161, 72, 68, 183, 45, 0, 0, 197, 0, 0, 1, 1, 0, 158, 5, 75]
1546497135231;[171, 0, 17, 255, 161, 72, 68, 183, 45, 0, 0, 198, 1, 0, 3, 1, 0, 163, 5, 24]
1546497135394;[171, 0, 17, 255, 161, 72, 68, 183, 45, 0, 0, 197, 0, 0, 1, 1, 0, 164, 5, 7]
1546497135397;[171, 0, 17, 255, 161, 72, 68, 183, 45, 0, 0, 189, 0, 0, 2, 1, 0, 166, 4, 215]
1546497135565;[171, 0, 17, 255, 161, 72, 68, 183, 45, 0, 0, 187, 0, 0, 3, 1, 0, 169, 4, 179]
1546497135569;[171, 0, 17, 255, 161, 72, 68, 183, 45, 0, 0, 196, 0, 0, 3, 1, 0, 169, 4, 129]
1546497135739;[171, 0, 17, 255, 161, 72, 68, 183, 45, 0, 0, 196, 0, 0, 3, 1, 0, 164, 4, 131]
1546497135912;[171, 0, 17, 255, 161, 72, 68, 183, 45, 0, 0, 197, 0, 0, 2, 1, 0, 167, 4, 134]
1546497135916;[171, 0, 17, 255, 161, 72, 68, 183, 46, 0, 0, 189, 0, 0, 1, 1, 0, 167, 4, 118]
1546497136084;[171, 0, 4, 255, 132, 128, 78]
1546497136089;[171, 0, 17, 255, 161, 72, 68, 183, 46, 0, 0, 191, 0, 0, 2, 1, 0, 167, 4, 109]
1546497136429;[171, 0, 17, 255, 161, 72, 68, 183, 46, 0, 0, 194, 0, 0, 2, 1, 0, 163, 4, 94]
1546497136434;[171, 0, 17, 255, 161, 72, 68, 183, 46, 0, 0, 187, 0, 0, 2, 1, 0, 169, 4, 47]
1546497136439;[171, 0, 17, 255, 161, 72, 68, 183, 46, 0, 0, 191, 0, 0, 2, 1, 0, 169, 4, 5]
1546497136602;[171, 0, 17, 255, 161, 72, 68, 183, 46, 0, 0, 194, 0, 0, 3, 1, 0, 166, 3, 233]
1546497136606;[171, 0, 17, 255, 161, 72, 68, 183, 46, 0, 0, 187, 0, 0, 1, 1, 0, 168, 3, 222]
1546497136773;[171, 0, 17, 255, 161, 72, 68, 183, 46, 0, 0, 192, 0, 0, 1, 1, 0, 166, 3, 192]
1546497136778;[171, 0, 17, 255, 161, 72, 68, 183, 46, 0, 0, 196, 0, 0, 2, 1, 0, 167, 3, 160]
1546497136946;[171, 0, 17, 255, 161, 72, 68, 183, 46, 0, 0, 192, 0, 0, 1, 1, 0, 168, 3, 113]
1546497136950;[171, 0, 17, 255, 161, 72, 68, 183, 47, 0, 0, 196, 0, 0, 2, 1, 0, 167, 3, 75]
1546497137118;[171, 0, 4, 255, 132, 128, 78]
1546497137292;[171, 0, 17, 255, 161, 72, 68, 183, 47, 0, 0, 191, 0, 0, 1, 1, 0, 166, 3, 19]
1546497137296;[171, 0, 17, 255, 161, 72, 68, 183, 47, 0, 0, 191, 0, 0, 3, 1, 0, 166, 3, 0]
1546497137812;[171, 0, 17, 255, 161, 72, 68, 183, 47, 0, 0, 192, 0, 0, 2, 1, 0, 164, 3, 14]
1546497137816;[171, 0, 17, 255, 161, 72, 68, 183, 47, 0, 0, 196, 0, 0, 2, 1, 0, 168, 3, 5]
1546497137820;[171, 0, 17, 255, 161, 72, 68, 183, 47, 0, 0, 198, 0, 0, 1, 1, 0, 164, 2, 253]
1546497137824;[171, 0, 17, 255, 161, 72, 68, 183, 47, 0, 0, 196, 1, 0, 1, 1, 0, 168, 2, 222]
1546497137981;[171, 0, 17, 255, 161, 72, 68, 183, 47, 0, 0, 196, 1, 0, 1, 1, 0, 167, 2, 207]
1546497137985;[171, 0, 17, 255, 161, 72, 68, 183, 47, 0, 0, 191, 0, 0, 2, 1, 0, 168, 2, 193]
1546497137989;[171, 0, 17, 255, 161, 72, 68, 183, 47, 0, 0, 197, 0, 0, 2, 1, 0, 169, 2, 183]
1546497138153;[171, 0, 17, 255, 161, 72, 68, 183, 48, 0, 0, 194, 1, 0, 2, 1, 0, 161, 2, 201]
1546497138157;[171, 0, 4, 255, 132, 128, 78]
1546497138326;[171, 0, 17, 255, 161, 72, 68, 183, 48, 0, 0, 198, 0, 0, 0, 1, 0, 157, 2, 198]
1546497138498;[171, 0, 17, 255, 161, 72, 68, 183, 48, 0, 0, 200, 1, 0, 4, 1, 0, 166, 2, 210]
1546497138502;[171, 0, 17, 255, 161, 72, 68, 183, 48, 0, 0, 197, 1, 0, 3, 1, 0, 162, 2, 207]
1546497138672;[171, 0, 17, 255, 161, 72, 68, 183, 48, 0, 0, 196, 1, 0, 1, 1, 0, 163, 2, 207]
1546497138675;[171, 0, 17, 255, 161, 72, 68, 183, 48, 0, 0, 196, 1, 0, 2, 1, 0, 164, 2, 186]
1546497139017;[171, 0, 17, 255, 161, 72, 68, 183, 48, 0, 0, 197, 1, 0, 2, 1, 0, 162, 2, 181]
1546497139021;[171, 0, 17, 255, 161, 72, 68, 183, 48, 0, 0, 196, 1, 0, 2, 1, 0, 164, 2, 211]
1546497139026;[171, 0, 17, 255, 161, 72, 68, 183, 48, 0, 0, 196, 1, 0, 5, 1, 0, 163, 2, 216]
1546497139189;[171, 0, 17, 255, 161, 72, 68, 183, 48, 0, 0, 197, 1, 0, 3, 1, 0, 163, 2, 213]
1546497139193;[171, 0, 17, 255, 161, 72, 68, 183, 49, 0, 0, 196, 1, 0, 3, 1, 0, 163, 2, 208]
1546497139360;[171, 0, 4, 255, 132, 128, 78]
1546497139364;[171, 0, 17, 255, 161, 72, 68, 183, 49, 0, 0, 194, 0, 0, 3, 1, 0, 164, 2, 198]
1546497139533;[171, 0, 17, 255, 161, 72, 68, 183, 49, 0, 0, 194, 1, 0, 1, 1, 0, 166, 2, 177]
1546497139706;[171, 0, 17, 255, 161, 72, 68, 183, 49, 0, 0, 196, 0, 0, 1, 1, 0, 164, 2, 146]
1546497139711;[171, 0, 17, 255, 161, 72, 68, 183, 49, 0, 0, 197, 0, 0, 2, 1, 0, 168, 2, 177]
1546497139878;[171, 0, 17, 255, 161, 72, 68, 183, 49, 0, 0, 184, 0, 0, 6, 1, 0, 177, 2, 196]
1546497139883;[171, 0, 17, 255, 161, 72, 68, 183, 49, 0, 0, 173, 0, 0, 8, 1, 0, 187, 2, 192]
1546497140226;[171, 0, 17, 255, 161, 72, 68, 183, 49, 0, 0, 185, 0, 0, 4, 1, 0, 178, 2, 177]
1546497140230;[171, 0, 17, 255, 161, 72, 68, 183, 49, 0, 0, 183, 0, 0, 8, 1, 0, 183, 2, 158]
1546497140234;[171, 0, 17, 255, 161, 72, 68, 183, 49, 0, 0, 183, 0, 0, 4, 1, 0, 180, 2, 137]
1546497140396;[171, 0, 17, 255, 161, 72, 68, 183, 50, 0, 0, 181, 0, 0, 10, 1, 0, 184, 2, 114]
1546497140400;[171, 0, 4, 255, 132, 128, 79]
1546497140569;[171, 0, 17, 255, 161, 72, 68, 183, 50, 0, 0, 181, 0, 0, 3, 1, 0, 184, 2, 132]
