1546498305127;[171, 0, 17, 255, 161, 72, 68, 188, 15, 0, 0, 99, 1, 0, 35, 1, 0, 233, 10, 79]
1546498305141;[171, 0, 17, 255, 161, 72, 68, 188, 15, 0, 0, 101, 1, 0, 34, 1, 0, 230, 10, 72]
1546498305288;[171, 0, 4, 255, 132, 128, 85]
1546498305292;[171, 0, 17, 255, 161, 72, 68, 188, 15, 0, 0, 101, 1, 0, 33, 1, 0, 232, 10, 148]
1546498305464;[171, 0, 17, 255, 161, 72, 68, 188, 15, 0, 0, 99, 1, 0, 33, 1, 0, 230, 10, 220]
1546498305634;[171, 0, 17, 255, 161, 72, 68, 188, 15, 0, 0, 103, 1, 0, 34, 1, 0, 234, 11, 14]
1546498305638;[171, 0, 17, 255, 161, 72, 68, 188, 15, 0, 0, 101, 1, 0, 34, 1, 0, 232, 11, 49]
1546498305805;[171, 0, 17, 255, 161, 72, 68, 188, 15, 0, 0, 103, 1, 0, 34, 1, 0, 232, 11, 64]
1546498305809;[171, 0, 17, 255, 161, 72, 68, 188, 15, 0, 0, 93, 1, 0, 34, 1, 0, 230, 11, 61]
1546498305979;[171, 0, 17, 255, 161, 72, 68, 188, 15, 0, 0, 99, 1, 0, 33, 1, 0, 230, 11, 52]
1546498306326;[171, 0, 17, 255, 161, 72, 68, 188, 15, 0, 0, 99, 1, 0, 33, 1, 0, 234, 11, 87]
1546498306330;[171, 0, 17, 255, 161, 72, 68, 188, 16, 0, 0, 99, 1, 0, 34, 1, 0, 230, 11, 190]
1546498306334;[171, 0, 17, 255, 161, 72, 68, 188, 16, 0, 0, 101, 1, 0, 33, 1, 0, 230, 11, 239]
1546498306338;[171, 0, 4, 255, 132, 128, 85]
1546498306498;[171, 0, 17, 255, 161, 72, 68, 188, 16, 0, 0, 99, 1, 0, 34, 1, 0, 232, 12, 6]
1546498306502;[171, 0, 17, 255, 161, 72, 68, 188, 16, 0, 0, 98, 1, 0, 34, 1, 0, 232, 12, 20]
1546498306668;[171, 0, 17, 255, 161, 72, 68, 188, 16, 0, 0, 98, 1, 0, 33, 1, 0, 232, 12, 6]
1546498306841;[171, 0, 17, 255, 161, 72, 68, 188, 16, 0, 0, 99, 1, 0, 33, 1, 0, 233, 11, 243]
1546498306846;[171, 0, 17, 255, 161, 72, 68, 188, 16, 0, 0, 101, 1, 0, 34, 1, 0, 230, 11, 218]
1546498307013;[171, 0, 17, 255, 161, 72, 68, 188, 16, 0, 0, 97, 1, 0, 33, 1, 0, 230, 12, 8]
1546498307017;[171, 0, 17, 255, 161, 72, 68, 188, 16, 0, 0, 99, 1, 0, 33, 1, 0, 230, 12, 73]
1546498307185;[171, 0, 17, 255, 161, 72, 68, 188, 16, 0, 0, 103, 1, 0, 33, 1, 0, 230, 12, 92]
1546498307189;[171, 0, 17, 255, 161, 72, 68, 188, 17, 0, 0, 103, 1, 0, 34, 1, 0, 232, 12, 98]
1546498307358;[171, 0, 17, 255, 161, 72, 68, 188, 17, 0, 0, 99, 1, 0, 33, 1, 0, 235, 12, 80]
1546498307703;[171, 0, 4, 255, 132, 128, 85]
1546498307707;[171, 0, 17, 255, 161, 72, 68, 188, 17, 0, 0, 104, 1, 0, 30, 1, 0, 232, 12, 48]
1546498307712;[171, 0, 17, 255, 161, 72, 68, 188, 17, 0, 0, 101, 1, 0, 33, 1, 0, 230, 12, 5]
1546498307716;[171, 0, 17, 255, 161, 72, 68, 188, 17, 0, 0, 103, 1, 0, 33, 1, 0, 232, 11, 218]
1546498307877;[171, 0, 17, 255, 161, 72, 68, 188, 17, 0, 0, 103, 1, 0, 33, 1, 0, 230, 11, 184]
1546498308049;[171, 0, 17, 255, 161, 72, 68, 188, 17, 0, 0, 101, 1, 0, 33, 1, 0, 230, 11, 230]
1546498308053;[171, 0, 17, 255, 161, 72, 68, 188, 17, 0, 0, 101, 1, 0, 34, 1, 0, 230, 11, 255]
1546498308220;[171, 0, 17, 255, 161, 72, 68, 188, 17, 0, 0, 104, 1, 0, 33, 1, 0, 232, 11, 237]
1546498308224;[171, 0, 17, 255, 161, 72, 68, 188, 17, 0, 0, 103, 1, 0, 33, 1, 0, 230, 11, 231]
1546498308394;[171, 0, 17, 255, 161, 72, 68, 188, 18, 0, 0, 104, 1, 0, 33, 1, 0, 230, 11, 203]
1546498308398;[171, 0, 17, 255, 161, 72, 68, 188, 18, 0, 0, 98, 1, 0, 33, 1, 0, 230, 11, 159]
1546498308564;[171, 0, 4, 255, 132, 128, 84]
1546498308912;[171, 0, 17, 255, 161, 72, 68, 188, 18, 0, 0, 101, 1, 0, 33, 1, 0, 232, 11, 122]
1546498308917;[171, 0, 17, 255, 161, 72, 68, 188, 18, 0, 0, 101, 1, 0, 33, 1, 0, 230, 11, 78]
1546498308922;[171, 0, 17, 255, 161, 72, 68, 188, 18, 0, 0, 99, 1, 0, 33, 1, 0, 232, 11, 107]
1546498308925;[171, 0, 17, 255, 161, 72, 68, 188, 18, 0, 0, 101, 1, 0, 34, 1, 0, 234, 11, 133]
1546498309085;[171, 0, 17, 255, 161, 72, 68, 188, 18, 0, 0, 99, 1, 0, 34, 1, 0, 232, 11, 127]
1546498309089;[171, 0, 17, 255, 161, 72, 68, 188, 18, 0, 0, 99, 1, 0, 33, 1, 0, 232, 11, 120]
1546498309255;[171, 0, 17, 255, 161, 72, 68, 188, 18, 0, 0, 101, 1, 0, 33, 1, 0, 232, 11, 97]
1546498309428;[171, 0, 17, 255, 161, 72, 68, 188, 18, 0, 0, 104, 1, 0, 33, 1, 0, 232, 11, 56]
1546498309432;[171, 0, 17, 255, 161, 72, 68, 188, 19, 0, 0, 101, 1, 0, 33, 1, 0, 233, 11, 12]
1546498309601;[171, 0, 17, 255, 161, 72, 68, 188, 21, 0, 0, 101, 1, 0, 33, 1, 0, 232, 9, 236]
1546498309773;[171, 0, 17, 255, 161, 72, 68, 188, 21, 0, 0, 99, 1, 0, 33, 1, 0, 232, 9, 242]
1546498309945;[171, 0, 17, 255, 161, 72, 68, 188, 21, 0, 0, 99, 1, 0, 34, 1, 0, 230, 9, 248]
1546498310292;[171, 0, 17, 255, 161, 72, 68, 188, 21, 0, 0, 101, 1, 0, 33, 1, 0, 232, 9, 236]
1546498310296;[171, 0, 17, 255, 161, 72, 68, 188, 21, 0, 0, 101, 1, 0, 33, 1, 0, 232, 9, 215]
1546498310300;[171, 0, 17, 255, 161, 72, 68, 188, 21, 0, 0, 101, 1, 0, 33, 1, 0, 233, 9, 176]
1546498310305;[171, 0, 17, 255, 161, 72, 68, 188, 21, 0, 0, 99, 1, 0, 34, 1, 0, 232, 9, 146]
1546498310468;[171, 0, 17, 255, 161, 72, 68, 188, 21, 0, 0, 104, 1, 0, 34, 1, 0, 232, 9, 117]
1546498310636;[171, 0, 17, 255, 161, 72, 68, 188, 22, 0, 0, 104, 1, 0, 33, 1, 0, 232, 9, 125]
1546498310640;[171, 0, 17, 255, 161, 72, 68, 188, 22, 0, 0, 106, 1, 0, 33, 1, 0, 232, 9, 173]
1546498310807;[171, 0, 4, 255, 132, 128, 81]
1546498310812;[171, 0, 17, 255, 161, 72, 68, 188, 22, 0, 0, 109, 1, 0, 33, 1, 0, 230, 9, 176]
1546498310981;[171, 0, 17, 255, 161, 72, 68, 188, 22, 0, 0, 107, 1, 0, 33, 1, 0, 230, 9, 195]
1546498310985;[171, 0, 17, 255, 161, 72, 68, 188, 22, 0, 0, 108, 1, 0, 33, 1, 0, 230, 9, 197]
1546498311154;[171, 0, 17, 255, 161, 72, 68, 188, 22, 0, 0, 99, 1, 0, 33, 1, 0, 230, 9, 181]
1546498311499;[171, 0, 17, 255, 161, 72, 68, 188, 22, 0, 0, 101, 1, 0, 33, 1, 0, 230, 9, 156]
1546498311503;[171, 0, 17, 255, 161, 72, 68, 188, 22, 0, 0, 101, 1, 0, 33, 1, 0, 230, 9, 120]
1546498311508;[171, 0, 17, 255, 161, 72, 68, 188, 22, 0, 0, 101, 1, 0, 33, 1, 0, 230, 9, 101]
1546498311512;[171, 0, 17, 255, 161, 72, 68, 188, 22, 0, 0, 103, 1, 0, 33, 1, 0, 230, 9, 166]
1546498311671;[171, 0, 17, 255, 161, 72, 68, 188, 23, 0, 0, 103, 1, 0, 33, 1, 0, 230, 9, 208]
1546498313717;[171, 0, 17, 255, 161, 72, 68, 188, 23, 0, 0, 103, 1, 0, 33, 1, 0, 230, 9, 216]
1546498313718;[171, 0, 4, 255, 132, 128, 80]
1546498313721;[171, 0, 17, 255, 161, 72, 68, 188, 23, 0, 0, 104, 1, 0, 33, 1, 0, 229, 9, 237]
1546498313722;[171, 0, 17, 255, 161, 72, 68, 188, 23, 0, 0, 103, 1, 0, 33, 1, 0, 230, 9, 236]
1546498313724;[171, 0, 17, 255, 161, 72, 68, 188, 23, 0, 0, 102, 1, 0, 35, 1, 0, 232, 9, 227]
1546498313725;[171, 0, 17, 255, 161, 72, 68, 188, 23, 0, 0, 103, 1, 0, 33, 1, 0, 230, 9, 198]
1546498313727;[171, 0, 17, 255, 161, 72, 68, 188, 23, 0, 0, 99, 1, 0, 34, 1, 0, 232, 9, 174]
1546498313732;[171, 0, 17, 255, 161, 72, 68, 188, 23, 0, 0, 99, 1, 0, 34, 1, 0, 229, 9, 152]
1546498313735;[171, 0, 17, 255, 161, 72, 68, 188, 23, 0, 0, 101, 1, 0, 34, 1, 0, 234, 9, 234]
1546498313737;[171, 0, 17, 255, 161, 72, 68, 188, 23, 0, 0, 101, 1, 0, 34, 1, 0, 230, 10, 30]
1546498313739;[171, 0, 17, 255, 161, 72, 68, 188, 24, 0, 0, 103, 1, 0, 33, 1, 0, 230, 10, 48]
1546498313741;[171, 0, 17, 255, 161, 72, 68, 188, 24, 0, 0, 98, 1, 0, 33, 1, 0, 235, 10, 64]
1546498313743;[171, 0, 4, 255, 132, 128, 79]
1546498313745;[171, 0, 17, 255, 161, 72, 68, 188, 24, 0, 0, 99, 1, 0, 34, 1, 0, 233, 10, 71]
1546498313747;[171, 0, 17, 255, 161, 72, 68, 188, 24, 0, 0, 103, 1, 0, 34, 1, 0, 232, 10, 50]
1546498313749;[171, 0, 17, 255, 161, 72, 68, 188, 24, 0, 0, 101, 1, 0, 35, 1, 0, 230, 10, 37]
1546498313751;[171, 0, 17, 255, 161, 72, 68, 188, 24, 0, 0, 101, 1, 0, 34, 1, 0, 232, 10, 14]
1546498313753;[171, 0, 17, 255, 161, 72, 68, 188, 24, 0, 0, 103, 1, 0, 34, 1, 0, 229, 10, 5]
1546498313754;[171, 0, 17, 255, 161, 72, 68, 188, 24, 0, 0, 99, 1, 0, 34, 1, 0, 232, 10, 93]
1546498313756;[171, 0, 17, 255, 161, 72, 68, 188, 24, 0, 0, 101, 1, 0, 34, 1, 0, 232, 10, 135]
1546498313758;[171, 0, 17, 255, 161, 72, 68, 188, 24, 0, 0, 98, 1, 0, 34, 1, 0, 230, 10, 158]
1546498314088;[171, 0, 17, 255, 161, 72, 68, 188, 25, 0, 0, 98, 1, 0, 34, 1, 0, 234, 10, 183]
1546498314092;[171, 0, 17, 255, 161, 72, 68, 188, 25, 0, 0, 103, 1, 0, 34, 1, 0, 230, 10, 171]
1546498314096;[171, 0, 4, 255, 132, 128, 78]
1546498314100;[171, 0, 17, 255, 161, 72, 68, 188, 25, 0, 0, 101, 1, 0, 34, 1, 0, 230, 10, 151]
1546498314260;[171, 0, 17, 255, 161, 72, 68, 188, 25, 0, 0, 93, 1, 0, 34, 1, 0, 233, 10, 127]
1546498314431;[171, 0, 17, 255, 161, 72, 68, 188, 25, 0, 0, 101, 1, 0, 33, 1, 0, 230, 10, 97]
1546498314435;[171, 0, 17, 255, 161, 72, 68, 188, 25, 0, 0, 101, 1, 0, 34, 1, 0, 233, 10, 138]
1546498314605;[171, 0, 17, 255, 161, 72, 68, 188, 25, 0, 0, 108, 1, 0, 34, 1, 0, 230, 10, 204]
1546498314609;[171, 0, 17, 255, 161, 72, 68, 188, 25, 0, 0, 101, 1, 0, 33, 1, 0, 232, 10, 218]
1546498314775;[171, 0, 17, 255, 161, 72, 68, 188, 25, 0, 0, 103, 1, 0, 34, 1, 0, 234, 10, 237]
1546498314949;[171, 0, 17, 255, 161, 72, 68, 188, 25, 0, 0, 103, 1, 0, 34, 1, 0, 232, 10, 238]
1546498314953;[171, 0, 17, 255, 161, 72, 68, 188, 26, 0, 0, 98, 1, 0, 34, 1, 0, 233, 10, 221]
1546498315295;[171, 0, 17, 255, 161, 72, 68, 188, 26, 0, 0, 93, 1, 0, 34, 1, 0, 234, 10, 202]
1546498315299;[171, 0, 4, 255, 132, 128, 76]
1546498315304;[171, 0, 17, 255, 161, 72, 68, 188, 26, 0, 0, 98, 1, 0, 33, 1, 0, 232, 10, 163]
1546498315308;[171, 0, 17, 255, 161, 72, 68, 188, 26, 0, 0, 98, 1, 0, 35, 1, 0, 232, 10, 210]
1546498315468;[171, 0, 17, 255, 161, 72, 68, 188, 26, 0, 0, 101, 1, 0, 34, 1, 0, 231, 11, 0]
1546498315639;[171, 0, 17, 255, 161, 72, 68, 188, 26, 0, 0, 84, 1, 0, 35, 1, 0, 234, 11, 9]
1546498315643;[171, 0, 17, 255, 161, 72, 68, 188, 26, 0, 0, 103, 1, 0, 34, 1, 0, 230, 11, 12]
1546498315811;[171, 0, 17, 255, 161, 72, 68, 188, 26, 0, 0, 98, 1, 0, 33, 1, 0, 232, 11, 14]
1546498315815;[171, 0, 17, 255, 161, 72, 68, 188, 26, 0, 0, 108, 1, 0, 32, 1, 0, 230, 10, 244]
1546498315983;[171, 0, 17, 255, 161, 72, 68, 188, 26, 0, 0, 95, 1, 0, 34, 1, 0, 230, 10, 217]
1546498315987;[171, 0, 17, 255, 161, 72, 68, 188, 27, 0, 0, 91, 1, 0, 35, 1, 0, 234, 10, 188]
1546498316155;[171, 0, 17, 255, 161, 72, 68, 188, 27, 0, 0, 101, 1, 0, 33, 1, 0, 232, 10, 222]
1546498316329;[171, 0, 4, 255, 132, 128, 75]
1546498316333;[171, 0, 17, 255, 161, 72, 68, 188, 27, 0, 0, 91, 1, 0, 35, 1, 0, 234, 11, 27]
1546498316674;[171, 0, 17, 255, 161, 72, 68, 188, 27, 0, 0, 97, 1, 0, 33, 1, 0, 232, 11, 47]
1546498316678;[171, 0, 17, 255, 161, 72, 68, 188, 27, 0, 0, 99, 1, 0, 34, 1, 0, 230, 11, 66]
1546498316682;[171, 0, 17, 255, 161, 72, 68, 188, 27, 0, 0, 93, 1, 0, 35, 1, 0, 233, 11, 66]
1546498316846;[171, 0, 17, 255, 161, 72, 68, 188, 27, 0, 0, 99, 1, 0, 35, 1, 0, 234, 11, 42]
1546498316850;[171, 0, 17, 255, 161, 72, 68, 188, 27, 0, 0, 99, 1, 0, 33, 1, 0, 234, 11, 8]
1546498317018;[171, 0, 17, 255, 161, 72, 68, 188, 27, 0, 0, 101, 1, 0, 35, 1, 0, 233, 10, 227]
1546498317022;[171, 0, 17, 255, 161, 72, 68, 188, 27, 0, 0, 99, 1, 0, 34, 1, 0, 233, 10, 231]
1546498317191;[171, 0, 17, 255, 161, 72, 68, 188, 28, 0, 0, 93, 1, 0, 34, 1, 0, 234, 11, 43]
1546498317195;[171, 0, 17, 255, 161, 72, 68, 188, 28, 0, 0, 101, 1, 0, 34, 1, 0, 230, 11, 54]
1546498317363;[171, 0, 4, 255, 132, 128, 74]
1546498317536;[171, 0, 17, 255, 161, 72, 68, 188, 28, 0, 0, 97, 1, 0, 33, 1, 0, 232, 11, 55]
1546498317540;[171, 0, 17, 255, 161, 72, 68, 188, 28, 0, 0, 96, 1, 0, 35, 1, 0, 232, 11, 53]
1546498317882;[171, 0, 17, 255, 161, 72, 68, 188, 28, 0, 0, 99, 1, 0, 33, 1, 0, 232, 11, 28]
1546498317887;[171, 0, 17, 255, 161, 72, 68, 188, 28, 0, 0, 96, 1, 0, 33, 1, 0, 232, 10, 246]
1546498317891;[171, 0, 17, 255, 161, 72, 68, 188, 28, 0, 0, 98, 1, 0, 33, 1, 0, 234, 10, 212]
1546498317895;[171, 0, 17, 255, 161, 72, 68, 188, 28, 0, 0, 98, 1, 0, 34, 1, 0, 230, 10, 196]
1546498318053;[171, 0, 17, 255, 161, 72, 68, 188, 28, 0, 0, 101, 1, 0, 33, 1, 0, 232, 11, 18]
1546498318226;[171, 0, 17, 255, 161, 72, 68, 188, 28, 0, 0, 98, 1, 0, 34, 1, 0, 230, 11, 49]
1546498318230;[171, 0, 17, 255, 161, 72, 68, 188, 29, 0, 0, 106, 1, 0, 33, 1, 0, 229, 11, 62]
1546498318398;[171, 0, 17, 255, 161, 72, 68, 188, 29, 0, 0, 101, 1, 0, 34, 1, 0, 232, 11, 77]
1546498318402;[171, 0, 4, 255, 132, 128, 74]
1546498318571;[171, 0, 17, 255, 161, 72, 68, 188, 29, 0, 0, 99, 1, 0, 35, 1, 0, 234, 11, 49]
1546498318744;[171, 0, 17, 255, 161, 72, 68, 188, 29, 0, 0, 99, 1, 0, 34, 1, 0, 231, 11, 23]
1546498318748;[171, 0, 17, 255, 161, 72, 68, 188, 29, 0, 0, 97, 1, 0, 34, 1, 0, 232, 11, 0]
1546498319263;[171, 0, 17, 255, 161, 72, 68, 188, 29, 0, 0, 98, 1, 0, 34, 1, 0, 232, 10, 248]
1546498319266;[171, 0, 17, 255, 161, 72, 68, 188, 29, 0, 0, 101, 1, 0, 34, 1, 0, 230, 11, 66]
1546498319270;[171, 0, 17, 255, 161, 72, 68, 188, 29, 0, 0, 101, 1, 0, 33, 1, 0, 230, 11, 75]
1546498319275;[171, 0, 17, 255, 161, 72, 68, 188, 29, 0, 0, 98, 1, 0, 33, 1, 0, 230, 11, 77]
1546498319437;[171, 0, 17, 255, 161, 72, 68, 188, 29, 0, 0, 99, 1, 0, 33, 1, 0, 232, 11, 77]
1546498319441;[171, 0, 17, 255, 161, 72, 68, 188, 30, 0, 0, 99, 1, 0, 35, 1, 0, 232, 11, 47]
1546498319446;[171, 0, 17, 255, 161, 72, 68, 188, 30, 0, 0, 101, 1, 0, 34, 1, 0, 233, 11, 11]
1546498319606;[171, 0, 4, 255, 132, 128, 73]
1546498319611;[171, 0, 17, 255, 161, 72, 68, 188, 30, 0, 0, 98, 1, 0, 35, 1, 0, 233, 10, 229]
1546498319777;[171, 0, 17, 255, 161, 72, 68, 188, 30, 0, 0, 101, 1, 0, 34, 1, 0, 232, 10, 208]
1546498319781;[171, 0, 17, 255, 161, 72, 68, 188, 30, 0, 0, 99, 1, 0, 34, 1, 0, 232, 11, 17]
1546498319950;[171, 0, 17, 255, 161, 72, 68, 188, 30, 0, 0, 98, 1, 0, 34, 1, 0, 229, 11, 31]
1546498320124;[171, 0, 17, 255, 161, 72, 68, 188, 30, 0, 0, 97, 1, 0, 34, 1, 0, 229, 11, 30]
1546498320128;[171, 0, 17, 255, 161, 72, 68, 188, 30, 0, 0, 98, 1, 0, 35, 1, 0, 230, 11, 28]
1546498320470;[171, 0, 17, 255, 161, 72, 68, 188, 30, 0, 0, 99, 1, 0, 35, 1, 0, 230, 11, 11]
1546498320478;[171, 0, 17, 255, 161, 72, 68, 188, 30, 0, 0, 93, 1, 0, 34, 1, 0, 232, 10, 232]
1546498320481;[171, 0, 17, 255, 161, 72, 68, 188, 31, 0, 0, 101, 1, 0, 33, 1, 0, 230, 10, 197]
1546498320641;[171, 0, 17, 255, 161, 72, 68, 188, 31, 0, 0, 104, 1, 0, 33, 1, 0, 231, 10, 253]
1546498320645;[171, 0, 4, 255, 132, 128, 73]
1546498320813;[171, 0, 17, 255, 161, 72, 68, 188, 31, 0, 0, 101, 1, 0, 34, 1, 0, 232, 11, 25]
1546498320818;[171, 0, 17, 255, 161, 72, 68, 188, 31, 0, 0, 101, 1, 0, 34, 1, 0, 231, 11, 26]
1546498320986;[171, 0, 17, 255, 161, 72, 68, 188, 31, 0, 0, 97, 1, 0, 35, 1, 0, 233, 11, 34]
1546498320990;[171, 0, 17, 255, 161, 72, 68, 188, 31, 0, 0, 104, 1, 0, 33, 1, 0, 230, 11, 4]
1546498321157;[171, 0, 17, 255, 161, 72, 68, 188, 31, 0, 0, 98, 1, 0, 34, 1, 0, 232, 10, 223]
1546498321330;[171, 0, 17, 255, 161, 72, 68, 188, 31, 0, 0, 99, 1, 0, 34, 1, 0, 233, 10, 183]
1546498321334;[171, 0, 17, 255, 161, 72, 68, 188, 31, 0, 0, 99, 1, 0, 34, 1, 0, 232, 10, 222]
1546498321676;[171, 0, 17, 255, 161, 72, 68, 188, 31, 0, 0, 98, 1, 0, 34, 1, 0, 230, 11, 22]
1546498321680;[171, 0, 17, 255, 161, 72, 68, 188, 32, 0, 0, 103, 1, 0, 33, 1, 0, 230, 11, 34]
1546498321684;[171, 0, 17, 255, 161, 72, 68, 188, 32, 0, 0, 101, 1, 0, 35, 1, 0, 229, 11, 41]
1546498321848;[171, 0, 4, 255, 132, 128, 73]
1546498321852;[171, 0, 17, 255, 161, 72, 68, 188, 32, 0, 0, 99, 1, 0, 34, 1, 0, 234, 11, 27]
1546498322021;[171, 0, 17, 255, 161, 72, 68, 188, 32, 0, 0, 99, 1, 0, 33, 1, 0, 232, 10, 249]
1546498322025;[171, 0, 17, 255, 161, 72, 68, 188, 32, 0, 0, 108, 1, 0, 34, 1, 0, 234, 10, 194]
1546498322194;[171, 0, 17, 255, 161, 72, 68, 188, 32, 0, 0, 112, 1, 0, 29, 1, 0, 245, 10, 137]
1546498322198;[171, 0, 17, 255, 161, 72, 68, 188, 32, 0, 0, 65, 1, 0, 23, 1, 1, 43, 9, 188]
1546498322366;[171, 0, 17, 255, 161, 72, 68, 188, 32, 0, 0, 180, 1, 0, 65, 1, 1, 21, 8, 190]
1546498322538;[171, 0, 17, 255, 161, 72, 68, 188, 32, 0, 0, 127, 1, 0, 81, 1, 0, 162, 8, 104]
1546498322542;[171, 0, 17, 255, 161, 72, 68, 188, 32, 1, 0, 15, 1, 0, 160, 1, 0, 76, 8, 188]
1546498322711;[171, 0, 17, 255, 161, 72, 68, 188, 33, 1, 0, 39, 1, 0, 209, 1, 0, 64, 8, 171]
1546498322715;[171, 0, 17, 255, 161, 72, 68, 188, 33, 1, 0, 99, 1, 0, 233, 1, 0, 8, 8, 115]
1546498323057;[171, 0, 4, 255, 132, 128, 73]
1546498323062;[171, 0, 17, 255, 161, 72, 68, 188, 33, 1, 0, 129, 1, 0, 212, 1, 0, 60, 8, 25]
1546498323066;[171, 0, 17, 255, 161, 72, 68, 188, 33, 1, 0, 56, 1, 0, 217, 1, 0, 111, 7, 118]
1546498323228;[171, 0, 17, 255, 161, 72, 68, 188, 33, 1, 0, 63, 1, 0, 208, 1, 0, 115, 6, 181]
1546498323233;[171, 0, 17, 255, 161, 72, 68, 188, 33, 1, 0, 92, 1, 0, 210, 1, 0, 113, 6, 88]
1546498323402;[171, 0, 17, 255, 161, 72, 68, 188, 33, 1, 0, 75, 1, 0, 209, 1, 0, 118, 6, 78]
1546498323405;[171, 0, 17, 255, 161, 72, 68, 188, 33, 1, 0, 9, 1, 0, 219, 1, 0, 79, 6, 151]
1546498323572;[171, 0, 17, 255, 161, 72, 68, 188, 33, 1, 0, 74, 1, 0, 194, 1, 0, 165, 6, 22]
1546498323746;[171, 0, 17, 255, 161, 72, 68, 188, 33, 1, 0, 30, 1, 0, 200, 1, 0, 157, 5, 173]
1546498323750;[171, 0, 17, 255, 161, 72, 68, 188, 34, 1, 0, 72, 1, 0, 181, 1, 0, 214, 5, 156]
1546498323918;[171, 0, 17, 255, 161, 72, 68, 188, 34, 1, 0, 62, 1, 0, 214, 1, 0, 105, 6, 6]
1546498323922;[171, 0, 4, 255, 132, 128, 73]
1546498324264;[171, 0, 17, 255, 161, 72, 68, 188, 34, 1, 0, 35, 1, 0, 215, 1, 0, 112, 6, 152]
1546498324268;[171, 0, 17, 255, 161, 72, 68, 188, 34, 1, 0, 9, 1, 0, 224, 1, 0, 136, 7, 5]
1546498324272;[171, 0, 17, 255, 161, 72, 68, 188, 34, 0, 0, 6, 1, 0, 225, 1, 0, 130, 7, 100]
1546498324437;[171, 0, 17, 255, 161, 72, 68, 188, 34, 1, 0, 2, 1, 0, 219, 1, 0, 122, 7, 238]
1546498324441;[171, 0, 17, 255, 161, 72, 68, 188, 34, 0, 0, 37, 1, 0, 219, 1, 0, 121, 8, 194]
1546498324608;[171, 0, 17, 255, 161, 72, 68, 188, 34, 0, 0, 44, 1, 0, 220, 1, 0, 104, 9, 16]
1546498324613;[171, 0, 17, 255, 161, 72, 68, 188, 34, 0, 0, 48, 1, 0, 232, 1, 0, 85, 8, 230]
1546498324782;[171, 0, 17, 255, 161, 72, 68, 188, 34, 0, 0, 19, 1, 0, 217, 1, 0, 123, 8, 245]
1546498324786;[171, 0, 17, 255, 161, 72, 68, 188, 35, 0, 0, 21, 1, 0, 213, 1, 0, 125, 9, 81]
1546498324953;[171, 0, 17, 255, 161, 72, 68, 188, 35, 0, 0, 26, 1, 0, 239, 1, 0, 76, 9, 86]
1546498325126;[171, 0, 4, 255, 132, 128, 74]
1546498325130;[171, 0, 17, 255, 161, 72, 68, 188, 35, 0, 0, 49, 1, 0, 217, 1, 0, 131, 9, 221]
1546498325299;[171, 0, 17, 255, 161, 72, 68, 188, 35, 0, 0, 36, 1, 0, 233, 1, 0, 81, 10, 29]
1546498325303;[171, 0, 17, 255, 161, 72, 68, 188, 35, 0, 0, 21, 1, 0, 231, 1, 0, 87, 9, 236]
1546498325645;[171, 0, 17, 255, 161, 72, 68, 188, 35, 0, 0, 36, 1, 0, 231, 1, 0, 92, 9, 227]
1546498325649;[171, 0, 17, 255, 161, 72, 68, 188, 35, 0, 0, 36, 1, 0, 232, 1, 0, 92, 9, 195]
1546498325653;[171, 0, 17, 255, 161, 72, 68, 188, 35, 0, 0, 37, 1, 0, 233, 1, 0, 87, 9, 170]
1546498325816;[171, 0, 17, 255, 161, 72, 68, 188, 35, 0, 0, 51, 1, 0, 230, 1, 0, 97, 9, 226]
1546498325820;[171, 0, 17, 255, 161, 72, 68, 188, 35, 0, 0, 43, 1, 0, 231, 1, 0, 96, 9, 253]
1546498325989;[171, 0, 17, 255, 161, 72, 68, 188, 36, 0, 0, 53, 1, 0, 231, 1, 0, 95, 10, 13]
1546498325993;[171, 0, 17, 255, 161, 72, 68, 188, 36, 0, 0, 40, 1, 0, 230, 1, 0, 92, 10, 18]
1546498326161;[171, 0, 4, 255, 132, 128, 73]
1546498326333;[171, 0, 17, 255, 161, 72, 68, 188, 36, 0, 0, 51, 1, 0, 232, 1, 0, 93, 10, 14]
1546498326337;[171, 0, 17, 255, 161, 72, 68, 188, 36, 0, 0, 43, 1, 0, 231, 1, 0, 91, 9, 239]
1546498326505;[171, 0, 17, 255, 161, 72, 68, 188, 36, 0, 0, 50, 1, 0, 230, 1, 0, 92, 9, 199]
1546498326509;[171, 0, 17, 255, 161, 72, 68, 188, 36, 0, 0, 51, 1, 0, 230, 1, 0, 90, 9, 174]
1546498326851;[171, 0, 17, 255, 161, 72, 68, 188, 36, 0, 0, 44, 1, 0, 227, 1, 0, 91, 9, 169]
1546498326855;[171, 0, 17, 255, 161, 72, 68, 188, 36, 0, 0, 61, 1, 0, 230, 1, 0, 86, 9, 228]
1546498326859;[171, 0, 17, 255, 161, 72, 68, 188, 36, 0, 0, 55, 1, 0, 221, 1, 0, 100, 9, 229]
1546498327024;[171, 0, 17, 255, 161, 72, 68, 188, 36, 0, 0, 36, 1, 0, 231, 1, 0, 88, 9, 206]
1546498327028;[171, 0, 17, 255, 161, 72, 68, 188, 37, 0, 0, 65, 1, 0, 226, 1, 0, 85, 9, 208]
1546498327197;[171, 0, 17, 255, 161, 72, 68, 188, 37, 0, 0, 66, 1, 0, 230, 1, 0, 81, 9, 242]
1546498327200;[171, 0, 4, 255, 132, 128, 73]
1546498327369;[171, 0, 17, 255, 161, 72, 68, 188, 37, 0, 0, 26, 1, 0, 244, 1, 0, 64, 9, 196]
1546498327540;[171, 0, 17, 255, 161, 72, 68, 188, 37, 0, 0, 63, 1, 0, 231, 1, 0, 79, 9, 165]
1546498327544;[171, 0, 17, 255, 161, 72, 68, 188, 37, 0, 0, 48, 1, 0, 232, 1, 0, 80, 9, 185]
1546498327713;[171, 0, 17, 255, 161, 72, 68, 188, 37, 0, 0, 55, 1, 0, 231, 1, 0, 85, 9, 245]
1546498327717;[171, 0, 17, 255, 161, 72, 68, 188, 37, 0, 0, 58, 1, 0, 231, 1, 0, 56, 9, 215]
1546498328233;[171, 0, 17, 255, 161, 72, 68, 188, 37, 0, 0, 86, 1, 0, 225, 1, 0, 79, 9, 195]
1546498328237;[171, 0, 17, 255, 161, 72, 68, 188, 37, 0, 0, 83, 1, 0, 213, 1, 0, 93, 9, 136]
1546498328241;[171, 0, 17, 255, 161, 72, 68, 188, 37, 0, 0, 123, 1, 0, 232, 1, 0, 58, 9, 23]
1546498328245;[171, 0, 17, 255, 161, 72, 68, 188, 38, 0, 0, 146, 1, 0, 230, 0, 0, 9, 9, 14]
1546498328405;[171, 0, 17, 255, 161, 72, 68, 188, 38, 0, 0, 136, 1, 0, 215, 1, 0, 38, 8, 196]
1546498328409;[171, 0, 4, 255, 132, 128, 73]
1546498328413;[171, 0, 17, 255, 161, 72, 68, 188, 38, 0, 0, 71, 1, 0, 221, 1, 0, 95, 8, 158]
1546498328575;[171, 0, 17, 255, 161, 72, 68, 188, 38, 0, 0, 65, 1, 0, 220, 1, 0, 81, 8, 169]
1546498328748;[171, 0, 17, 255, 161, 72, 68, 188, 38, 0, 0, 96, 1, 0, 220, 1, 0, 75, 8, 167]
1546498328752;[171, 0, 17, 255, 161, 72, 68, 188, 38, 0, 0, 85, 1, 0, 215, 1, 0, 99, 8, 183]
1546498328926;[171, 0, 17, 255, 161, 72, 68, 188, 38, 0, 0, 65, 1, 0, 221, 1, 0, 95, 8, 162]
1546498328928;[171, 0, 17, 255, 161, 72, 68, 188, 38, 0, 0, 71, 1, 0, 224, 1, 0, 92, 8, 171]
1546498329092;[171, 0, 17, 255, 161, 72, 68, 188, 38, 0, 0, 95, 1, 0, 221, 1, 0, 75, 8, 188]
1546498329096;[171, 0, 17, 255, 161, 72, 68, 188, 38, 0, 0, 86, 1, 0, 221, 1, 0, 75, 8, 160]
1546498329440;[171, 0, 17, 255, 161, 72, 68, 188, 39, 0, 0, 97, 1, 0, 219, 1, 0, 55, 8, 176]
1546498329444;[171, 0, 17, 255, 161, 72, 68, 188, 39, 0, 0, 104, 1, 0, 219, 1, 0, 59, 8, 158]
1546498329448;[171, 0, 4, 255, 132, 128, 73]
1546498329612;[171, 0, 17, 255, 161, 72, 68, 188, 39, 0, 0, 103, 1, 0, 220, 1, 0, 76, 8, 181]
1546498329615;[171, 0, 17, 255, 161, 72, 68, 188, 39, 0, 0, 80, 1, 0, 220, 1, 0, 79, 8, 222]
1546498329785;[171, 0, 17, 255, 161, 72, 68, 188, 39, 0, 0, 54, 1, 0, 230, 1, 0, 86, 8, 198]
1546498329787;[171, 0, 17, 255, 161, 72, 68, 188, 39, 0, 0, 48, 1, 0, 230, 1, 0, 81, 8, 181]
1546498329956;[171, 0, 17, 255, 161, 72, 68, 188, 39, 0, 0, 40, 1, 0, 230, 1, 0, 85, 8, 149]
1546498330128;[171, 0, 17, 255, 161, 72, 68, 188, 39, 0, 0, 71, 1, 0, 230, 1, 0, 74, 8, 239]
1546498330133;[171, 0, 17, 255, 161, 72, 68, 188, 39, 0, 0, 77, 1, 0, 230, 1, 0, 82, 9, 18]
1546498330301;[171, 0, 17, 255, 161, 72, 68, 188, 39, 0, 0, 72, 1, 0, 225, 1, 0, 71, 8, 255]
1546498330305;[171, 0, 17, 255, 161, 72, 68, 188, 40, 0, 0, 86, 1, 0, 225, 1, 0, 81, 8, 213]
1546498330646;[171, 0, 17, 255, 161, 72, 68, 188, 40, 0, 0, 82, 1, 0, 220, 1, 0, 85, 8, 172]
1546498330650;[171, 0, 4, 255, 132, 128, 73]
1546498330655;[171, 0, 17, 255, 161, 72, 68, 188, 40, 0, 0, 61, 1, 0, 230, 1, 0, 68, 8, 177]
1546498330819;[171, 0, 17, 255, 161, 72, 68, 188, 40, 0, 0, 67, 1, 0, 221, 1, 0, 88, 8, 199]
1546498330823;[171, 0, 17, 255, 161, 72, 68, 188, 40, 0, 0, 77, 1, 0, 225, 1, 0, 81, 9, 15]
1546498330991;[171, 0, 17, 255, 161, 72, 68, 188, 40, 0, 0, 71, 1, 0, 230, 1, 0, 82, 9, 34]
1546498330995;[171, 0, 17, 255, 161, 72, 68, 188, 40, 0, 0, 67, 1, 0, 225, 1, 0, 88, 9, 23]
1546498331164;[171, 0, 17, 255, 161, 72, 68, 188, 40, 0, 0, 83, 1, 0, 231, 1, 0, 66, 9, 26]
1546498331337;[171, 0, 17, 255, 161, 72, 68, 188, 40, 0, 0, 65, 1, 0, 226, 1, 0, 84, 9, 28]
1546498331340;[171, 0, 17, 255, 161, 72, 68, 188, 40, 0, 0, 67, 1, 0, 230, 1, 0, 80, 9, 34]
1546498331508;[171, 0, 17, 255, 161, 72, 68, 188, 41, 0, 0, 91, 1, 0, 218, 1, 0, 90, 9, 93]
1546498331704;[171, 0, 17, 255, 161, 72, 68, 188, 43, 0, 0, 65, 1, 0, 222, 1, 0, 87, 8, 235]
1546498331706;[171, 0, 17, 255, 161, 72, 68, 188, 43, 0, 0, 71, 1, 0, 225, 1, 0, 88, 8, 193]
1546498332025;[171, 0, 17, 255, 161, 72, 68, 188, 43, 0, 0, 64, 1, 0, 222, 1, 0, 97, 8, 198]
1546498332029;[171, 0, 17, 255, 161, 72, 68, 188, 43, 0, 0, 77, 1, 0, 225, 1, 0, 87, 8, 181]
1546498332199;[171, 0, 17, 255, 161, 72, 68, 188, 43, 0, 0, 61, 1, 0, 225, 1, 0, 95, 8, 129]
1546498332203;[171, 0, 17, 255, 161, 72, 68, 188, 43, 0, 0, 59, 1, 0, 221, 1, 0, 97, 8, 83]
1546498332370;[171, 0, 17, 255, 161, 72, 68, 188, 43, 0, 0, 78, 1, 0, 220, 1, 0, 86, 8, 44]
1546498332549;[171, 0, 17, 255, 161, 72, 68, 188, 43, 0, 0, 61, 1, 0, 223, 1, 0, 96, 7, 250]
1546498332556;[171, 0, 17, 255, 161, 72, 68, 188, 44, 0, 0, 76, 1, 0, 220, 1, 0, 96, 7, 198]
1546498332711;[171, 0, 17, 255, 161, 72, 68, 188, 44, 0, 0, 63, 1, 0, 221, 1, 0, 96, 7, 161]
1546498332713;[171, 0, 4, 255, 132, 128, 75]
1546498332884;[171, 0, 17, 255, 161, 72, 68, 188, 44, 0, 0, 66, 1, 0, 221, 1, 0, 95, 7, 174]
1546498332887;[171, 0, 17, 255, 161, 72, 68, 188, 44, 0, 0, 77, 1, 0, 221, 1, 0, 88, 7, 155]
1546498333234;[171, 0, 17, 255, 161, 72, 68, 188, 44, 0, 0, 63, 1, 0, 219, 1, 0, 97, 7, 120]
1546498333238;[171, 0, 17, 255, 161, 72, 68, 188, 44, 0, 0, 64, 1, 0, 221, 1, 0, 96, 7, 91]
1546498333242;[171, 0, 17, 255, 161, 72, 68, 188, 44, 0, 0, 72, 1, 0, 220, 1, 0, 96, 7, 47]
1546498333406;[171, 0, 17, 255, 161, 72, 68, 188, 44, 0, 0, 61, 1, 0, 221, 1, 0, 95, 6, 254]
1546498333410;[171, 0, 17, 255, 161, 72, 68, 188, 44, 0, 0, 71, 1, 0, 219, 1, 0, 92, 6, 213]
1546498333578;[171, 0, 17, 255, 161, 72, 68, 188, 44, 0, 0, 76, 1, 0, 220, 1, 0, 97, 6, 164]
1546498333582;[171, 0, 17, 255, 161, 72, 68, 188, 45, 0, 0, 55, 1, 0, 220, 1, 0, 97, 6, 154]
1546498333751;[171, 0, 17, 255, 161, 72, 68, 188, 45, 0, 0, 83, 1, 0, 217, 1, 0, 98, 6, 160]
1546498333924;[171, 0, 4, 255, 132, 128, 76]
1546498333928;[171, 0, 17, 255, 161, 72, 68, 188, 45, 0, 0, 65, 1, 0, 219, 1, 0, 96, 6, 142]
1546498334097;[171, 0, 17, 255, 161, 72, 68, 188, 45, 0, 0, 65, 1, 0, 220, 1, 0, 98, 6, 120]
1546498334101;[171, 0, 17, 255, 161, 72, 68, 188, 45, 0, 0, 71, 1, 0, 220, 1, 0, 101, 6, 95]
1546498334614;[171, 0, 17, 255, 161, 72, 68, 188, 45, 0, 0, 65, 1, 0, 219, 1, 0, 97, 6, 64]
1546498334619;[171, 0, 17, 255, 161, 72, 68, 188, 45, 0, 0, 72, 1, 0, 219, 1, 0, 102, 6, 27]
1546498334623;[171, 0, 17, 255, 161, 72, 68, 188, 45, 0, 0, 67, 1, 0, 221, 1, 0, 96, 5, 236]
1546498334627;[171, 0, 17, 255, 161, 72, 68, 188, 45, 0, 0, 61, 1, 0, 220, 1, 0, 97, 5, 196]
1546498334791;[171, 0, 17, 255, 161, 72, 68, 188, 45, 0, 0, 65, 1, 0, 219, 1, 0, 100, 5, 181]
1546498334792;[171, 0, 17, 255, 161, 72, 68, 188, 46, 0, 0, 67, 1, 0, 221, 1, 0, 97, 5, 213]
1546498334796;[171, 0, 17, 255, 161, 72, 68, 188, 46, 0, 0, 66, 1, 0, 219, 1, 0, 100, 5, 203]
1546498334958;[171, 0, 4, 255, 132, 128, 76]
1546498335132;[171, 0, 17, 255, 161, 72, 68, 188, 46, 0, 0, 66, 1, 0, 220, 1, 0, 98, 5, 209]
1546498335135;[171, 0, 17, 255, 161, 72, 68, 188, 46, 0, 0, 67, 1, 0, 219, 1, 0, 96, 5, 200]
1546498335303;[171, 0, 17, 255, 161, 72, 68, 188, 46, 0, 0, 65, 1, 0, 220, 1, 0, 97, 5, 186]
1546498335307;[171, 0, 17, 255, 161, 72, 68, 188, 46, 0, 0, 72, 1, 0, 220, 1, 0, 98, 5, 154]
1546498335476;[171, 0, 17, 255, 161, 72, 68, 188, 46, 0, 0, 66, 1, 0, 219, 1, 0, 96, 5, 131]
1546498335822;[171, 0, 17, 255, 161, 72, 68, 188, 46, 0, 0, 65, 1, 0, 223, 1, 0, 100, 5, 95]
1546498335827;[171, 0, 17, 255, 161, 72, 68, 188, 46, 0, 0, 67, 1, 0, 220, 1, 0, 99, 5, 66]
1546498335831;[171, 0, 17, 255, 161, 72, 68, 188, 46, 0, 0, 66, 1, 0, 219, 1, 0, 96, 5, 110]
1546498335835;[171, 0, 17, 255, 161, 72, 68, 188, 47, 0, 0, 67, 1, 0, 219, 1, 0, 100, 5, 138]
1546498335993;[171, 0, 17, 255, 161, 72, 68, 188, 47, 0, 0, 63, 1, 0, 221, 1, 0, 96, 5, 121]
1546498335998;[171, 0, 4, 255, 132, 128, 76]
1546498336165;[171, 0, 17, 255, 161, 72, 68, 188, 47, 0, 0, 65, 1, 0, 221, 1, 0, 97, 5, 129]
1546498336339;[171, 0, 17, 255, 161, 72, 68, 188, 47, 0, 0, 71, 1, 0, 217, 1, 0, 105, 5, 123]
1546498336343;[171, 0, 17, 255, 161, 72, 68, 188, 47, 0, 0, 87, 1, 0, 215, 1, 0, 103, 5, 104]
1546498336509;[171, 0, 17, 255, 161, 72, 68, 188, 47, 0, 0, 61, 1, 0, 220, 1, 0, 97, 5, 74]
1546498336514;[171, 0, 17, 255, 161, 72, 68, 188, 47, 0, 0, 64, 1, 0, 218, 1, 0, 105, 5, 23]
1546498336684;[171, 0, 17, 255, 161, 72, 68, 188, 47, 0, 0, 66, 1, 0, 220, 1, 0, 103, 4, 238]
1546498336688;[171, 0, 17, 255, 161, 72, 68, 188, 47, 0, 0, 58, 1, 0, 220, 1, 0, 101, 4, 237]
1546498337202;[171, 0, 17, 255, 161, 72, 68, 188, 47, 0, 0, 64, 1, 0, 220, 1, 0, 105, 5, 53]
1546498337206;[171, 0, 17, 255, 161, 72, 68, 188, 48, 0, 0, 66, 1, 0, 220, 1, 0, 103, 5, 122]
1546498337210;[171, 0, 17, 255, 161, 72, 68, 188, 48, 0, 0, 61, 1, 0, 219, 1, 0, 102, 5, 156]
1546498337214;[171, 0, 4, 255, 132, 128, 76]
1546498337374;[171, 0, 17, 255, 161, 72, 68, 188, 48, 0, 0, 66, 1, 0, 220, 1, 0, 102, 5, 185]
1546498337378;[171, 0, 17, 255, 161, 72, 68, 188, 48, 0, 0, 61, 1, 0, 219, 1, 0, 105, 5, 202]
1546498337545;[171, 0, 17, 255, 161, 72, 68, 188, 48, 0, 0, 59, 1, 0, 219, 1, 0, 102, 5, 192]
1546498337549;[171, 0, 17, 255, 161, 72, 68, 188, 48, 0, 0, 72, 1, 0, 219, 1, 0, 105, 5, 183]
1546498337719;[171, 0, 17, 255, 161, 72, 68, 188, 48, 0, 0, 58, 1, 0, 220, 1, 0, 103, 5, 173]
1546498337723;[171, 0, 17, 255, 161, 72, 68, 188, 48, 0, 0, 63, 1, 0, 219, 1, 0, 103, 5, 183]
1546498337890;[171, 0, 17, 255, 161, 72, 68, 188, 48, 0, 0, 67, 1, 0, 218, 1, 0, 103, 6, 41]
1546498337894;[171, 0, 17, 255, 161, 72, 68, 188, 48, 0, 0, 66, 1, 0, 218, 1, 0, 104, 6, 73]
1546498338063;[171, 0, 17, 255, 161, 72, 68, 188, 49, 0, 0, 58, 1, 0, 225, 1, 0, 103, 6, 62]
1546498338410;[171, 0, 17, 255, 161, 72, 68, 188, 49, 0, 0, 16, 1, 0, 226, 1, 0, 101, 6, 39]
1546498338414;[171, 0, 4, 255, 132, 128, 75]
1546498338418;[171, 0, 17, 255, 161, 72, 68, 188, 49, 0, 0, 4, 1, 0, 231, 1, 0, 102, 5, 251]
1546498338423;[171, 0, 17, 255, 161, 72, 68, 188, 49, 0, 0, 4, 1, 0, 230, 1, 0, 112, 6, 1]
1546498338580;[171, 0, 17, 255, 161, 72, 68, 188, 49, 0, 0, 4, 1, 0, 232, 1, 0, 99, 5, 255]
1546498338584;[171, 0, 17, 255, 161, 72, 68, 188, 49, 0, 0, 19, 1, 0, 231, 1, 0, 98, 5, 207]
1546498338753;[171, 0, 17, 255, 161, 72, 68, 188, 49, 0, 0, 23, 1, 0, 231, 1, 0, 101, 5, 248]
1546498338927;[171, 0, 17, 255, 161, 72, 68, 188, 49, 0, 0, 26, 1, 0, 226, 1, 0, 117, 6, 47]
1546498338931;[171, 0, 17, 255, 161, 72, 68, 188, 49, 1, 0, 4, 1, 0, 236, 1, 0, 87, 6, 39]
1546498339098;[171, 0, 17, 255, 161, 72, 68, 188, 49, 0, 0, 5, 1, 0, 233, 1, 0, 103, 6, 94]
1546498339102;[171, 0, 17, 255, 161, 72, 68, 188, 50, 0, 0, 5, 1, 0, 232, 1, 0, 103, 6, 127]
1546498339271;[171, 0, 17, 255, 161, 72, 68, 188, 50, 0, 0, 5, 1, 0, 232, 1, 0, 103, 6, 132]
1546498339617;[171, 0, 4, 255, 132, 128, 75]
1546498339621;[171, 0, 17, 255, 161, 72, 68, 188, 50, 0, 0, 3, 1, 0, 235, 1, 0, 97, 6, 127]
1546498339625;[171, 0, 17, 255, 161, 72, 68, 188, 50, 1, 0, 3, 1, 0, 232, 1, 0, 102, 6, 133]
1546498339629;[171, 0, 17, 255, 161, 72, 68, 188, 50, 0, 0, 7, 1, 0, 235, 1, 0, 95, 6, 116]
1546498339789;[171, 0, 17, 255, 161, 72, 68, 188, 50, 1, 0, 4, 1, 0, 232, 1, 0, 98, 6, 202]
1546498339796;[171, 0, 17, 255, 161, 72, 68, 188, 50, 0, 0, 6, 1, 0, 231, 1, 0, 105, 7, 35]
1546498339960;[171, 0, 17, 255, 161, 72, 68, 188, 50, 1, 0, 1, 1, 0, 232, 1, 0, 102, 7, 82]
1546498340133;[171, 0, 17, 255, 161, 72, 68, 188, 50, 1, 0, 3, 1, 0, 233, 1, 0, 96, 7, 121]
1546498340137;[171, 0, 17, 255, 161, 72, 68, 188, 50, 0, 0, 4, 1, 0, 234, 1, 0, 102, 7, 135]
1546498340306;[171, 0, 17, 255, 161, 72, 68, 188, 51, 0, 0, 1, 1, 0, 231, 1, 0, 100, 7, 132]
1546498340310;[171, 0, 17, 255, 161, 72, 68, 188, 51, 0, 0, 1, 1, 0, 231, 1, 0, 103, 7, 119]
1546498340478;[171, 0, 4, 255, 132, 128, 74]
1546498340482;[171, 0, 17, 255, 161, 72, 68, 188, 51, 0, 0, 11, 1, 0, 232, 1, 0, 101, 7, 84]
1546498340652;[171, 0, 17, 255, 161, 72, 68, 188, 51, 1, 0, 3, 1, 0, 231, 1, 0, 106, 7, 75]
1546498340998;[171, 0, 17, 255, 161, 72, 68, 188, 51, 0, 0, 7, 1, 0, 232, 1, 0, 101, 7, 182]
1546498341002;[171, 0, 17, 255, 161, 72, 68, 188, 51, 0, 0, 3, 1, 0, 231, 1, 0, 102, 7, 233]
1546498341007;[171, 0, 17, 255, 161, 72, 68, 188, 51, 0, 0, 4, 1, 0, 231, 1, 0, 104, 7, 243]
1546498341011;[171, 0, 17, 255, 161, 72, 68, 188, 51, 0, 0, 3, 1, 0, 230, 1, 0, 102, 8, 18]
1546498341168;[171, 0, 17, 255, 161, 72, 68, 188, 51, 1, 0, 2, 1, 0, 230, 1, 0, 106, 8, 23]
1546498341341;[171, 0, 17, 255, 161, 72, 68, 188, 51, 0, 0, 4, 1, 0, 232, 1, 0, 100, 8, 10]
1546498341346;[171, 0, 17, 255, 161, 72, 68, 188, 52, 0, 0, 4, 1, 0, 231, 1, 0, 105, 7, 248]
1546498341513;[171, 0, 17, 255, 161, 72, 68, 188, 52, 0, 0, 4, 1, 0, 231, 1, 0, 108, 7, 252]
1546498341516;[171, 0, 4, 255, 132, 128, 73]
1546498341686;[171, 0, 17, 255, 161, 72, 68, 188, 52, 0, 0, 7, 1, 0, 232, 1, 0, 102, 8, 84]
1546498341690;[171, 0, 17, 255, 161, 72, 68, 188, 52, 1, 0, 3, 1, 0, 230, 1, 0, 108, 8, 79]
1546498341858;[171, 0, 17, 255, 161, 72, 68, 188, 52, 0, 0, 13, 1, 0, 233, 1, 0, 96, 8, 55]
1546498342207;[171, 0, 17, 255, 161, 72, 68, 188, 52, 0, 0, 3, 1, 0, 232, 1, 0, 103, 8, 51]
1546498342211;[171, 0, 17, 255, 161, 72, 68, 188, 52, 0, 0, 18, 1, 0, 231, 1, 0, 103, 8, 17]
1546498342215;[171, 0, 17, 255, 161, 72, 68, 188, 52, 0, 0, 4, 1, 0, 232, 1, 0, 97, 7, 241]
1546498342220;[171, 0, 17, 255, 161, 72, 68, 188, 52, 1, 0, 3, 1, 0, 232, 1, 0, 101, 7, 202]
1546498342375;[171, 0, 17, 255, 161, 72, 68, 188, 52, 0, 0, 11, 1, 0, 232, 1, 0, 100, 7, 212]
1546498342547;[171, 0, 17, 255, 161, 72, 68, 188, 53, 1, 0, 3, 1, 0, 232, 1, 0, 102, 8, 59]
1546498342551;[171, 0, 17, 255, 161, 72, 68, 188, 53, 0, 0, 4, 1, 0, 233, 1, 0, 98, 8, 106]
1546498342721;[171, 0, 4, 255, 132, 128, 72]
1546498342725;[171, 0, 17, 255, 161, 72, 68, 188, 53, 0, 0, 3, 1, 0, 231, 1, 0, 100, 8, 124]
1546498342893;[171, 0, 17, 255, 161, 72, 68, 188, 53, 0, 0, 3, 1, 0, 232, 1, 0, 98, 8, 129]
1546498342896;[171, 0, 17, 255, 161, 72, 68, 188, 53, 0, 0, 6, 1, 0, 235, 1, 0, 98, 8, 124]
1546498343066;[171, 0, 17, 255, 161, 72, 68, 188, 53, 0, 0, 3, 1, 0, 233, 1, 0, 102, 8, 94]
1546498343583;[171, 0, 17, 255, 161, 72, 68, 188, 53, 0, 0, 5, 1, 0, 232, 1, 0, 102, 8, 49]
1546498343588;[171, 0, 17, 255, 161, 72, 68, 188, 53, 0, 0, 4, 1, 0, 231, 1, 0, 98, 8, 17]
1546498343592;[171, 0, 17, 255, 161, 72, 68, 188, 53, 1, 0, 3, 1, 0, 232, 1, 0, 100, 8, 91]
1546498343596;[171, 0, 17, 255, 161, 72, 68, 188, 53, 0, 0, 6, 1, 0, 233, 1, 0, 103, 8, 130]
1546498343757;[171, 0, 17, 255, 161, 72, 68, 188, 54, 0, 0, 4, 1, 0, 233, 1, 0, 97, 8, 139]
1546498343761;[171, 0, 17, 255, 161, 72, 68, 188, 54, 0, 0, 4, 1, 0, 232, 1, 0, 98, 8, 138]
1546498343765;[171, 0, 4, 255, 132, 128, 72]
1546498343929;[171, 0, 17, 255, 161, 72, 68, 188, 54, 0, 0, 7, 1, 0, 231, 1, 0, 101, 8, 124]
1546498343932;[171, 0, 17, 255, 161, 72, 68, 188, 54, 1, 0, 2, 1, 0, 232, 1, 0, 103, 8, 80]
1546498344102;[171, 0, 17, 255, 161, 72, 68, 188, 54, 0, 0, 0, 1, 0, 232, 1, 0, 103, 8, 33]
1546498344106;[171, 0, 17, 255, 161, 72, 68, 188, 54, 0, 0, 5, 1, 0, 230, 1, 0, 102, 7, 254]
1546498344273;[171, 0, 17, 255, 161, 72, 68, 188, 54, 0, 0, 0, 1, 0, 231, 1, 0, 100, 8, 47]
1546498344446;[171, 0, 17, 255, 161, 72, 68, 188, 54, 0, 0, 6, 1, 0, 231, 1, 0, 102, 8, 75]
1546498344450;[171, 0, 17, 255, 161, 72, 68, 188, 54, 0, 0, 4, 1, 0, 232, 1, 0, 102, 8, 66]
1546498344791;[171, 0, 17, 255, 161, 72, 68, 188, 54, 1, 0, 3, 1, 0, 232, 1, 0, 100, 8, 63]
1546498344795;[171, 0, 17, 255, 161, 72, 68, 188, 55, 0, 0, 6, 1, 0, 233, 1, 0, 101, 8, 42]
1546498344800;[171, 0, 17, 255, 161, 72, 68, 188, 55, 0, 0, 3, 1, 0, 230, 1, 0, 102, 8, 4]
1546498344807;[171, 0, 4, 255, 132, 128, 71]
1546498344960;[171, 0, 17, 255, 161, 72, 68, 188, 55, 0, 0, 4, 1, 0, 232, 1, 0, 102, 7, 218]
1546498345136;[171, 0, 17, 255, 161, 72, 68, 188, 55, 0, 0, 7, 1, 0, 231, 1, 0, 102, 7, 209]
1546498345140;[171, 0, 17, 255, 161, 72, 68, 188, 55, 0, 0, 4, 1, 0, 233, 1, 0, 100, 8, 25]
1546498345309;[171, 0, 17, 255, 161, 72, 68, 188, 55, 0, 0, 0, 1, 0, 233, 1, 0, 100, 8, 46]
1546498345313;[171, 0, 17, 255, 161, 72, 68, 188, 55, 0, 0, 5, 1, 0, 231, 1, 0, 100, 8, 49]
1546498345480;[171, 0, 17, 255, 161, 72, 68, 188, 55, 1, 0, 4, 1, 0, 231, 1, 0, 102, 8, 46]
1546498345484;[171, 0, 17, 255, 161, 72, 68, 188, 55, 0, 0, 7, 1, 0, 232, 1, 0, 100, 8, 23]
1546498345654;[171, 0, 17, 255, 161, 72, 68, 188, 55, 0, 0, 7, 1, 0, 231, 1, 0, 103, 7, 247]
1546498345999;[171, 0, 17, 255, 161, 72, 68, 188, 56, 0, 0, 3, 1, 0, 233, 1, 0, 102, 7, 207]
1546498346004;[171, 0, 17, 255, 161, 72, 68, 188, 56, 0, 0, 5, 1, 0, 231, 1, 0, 99, 7, 226]
1546498346008;[171, 0, 4, 255, 132, 128, 72]
1546498346013;[171, 0, 17, 255, 161, 72, 68, 188, 56, 0, 0, 4, 1, 0, 231, 1, 0, 103, 8, 37]
1546498346171;[171, 0, 17, 255, 161, 72, 68, 188, 56, 0, 0, 5, 1, 0, 231, 1, 0, 109, 8, 56]
1546498346344;[171, 0, 17, 255, 161, 72, 68, 188, 56, 0, 0, 24, 1, 0, 232, 1, 0, 114, 8, 71]
1546498346348;[171, 0, 17, 255, 161, 72, 68, 188, 56, 0, 0, 40, 1, 0, 232, 1, 0, 108, 8, 107]
1546498346516;[171, 0, 17, 255, 161, 72, 68, 188, 56, 0, 0, 80, 1, 0, 193, 1, 0, 120, 8, 159]
1546498346520;[171, 0, 17, 255, 161, 72, 68, 188, 56, 0, 0, 71, 1, 0, 169, 1, 0, 135, 8, 151]
1546498346688;[171, 0, 17, 255, 161, 72, 68, 188, 56, 0, 0, 91, 1, 0, 136, 1, 0, 128, 8, 108]
1546498346692;[171, 0, 17, 255, 161, 72, 68, 188, 56, 0, 0, 149, 1, 0, 111, 1, 0, 122, 8, 54]
1546498346861;[171, 0, 17, 255, 161, 72, 68, 188, 57, 0, 0, 157, 1, 0, 109, 1, 0, 173, 7, 106]
1546498347034;[171, 0, 17, 255, 161, 72, 68, 188, 57, 0, 0, 138, 1, 0, 61, 1, 0, 238, 6, 104]
1546498347037;[171, 0, 4, 255, 132, 128, 72]
1546498347380;[171, 0, 17, 255, 161, 72, 68, 188, 57, 0, 0, 163, 1, 0, 62, 1, 0, 166, 6, 153]
1546498347385;[171, 0, 17, 255, 161, 72, 68, 188, 57, 0, 0, 130, 1, 0, 37, 1, 0, 192, 6, 98]
1546498347389;[171, 0, 17, 255, 161, 72, 68, 188, 57, 0, 0, 145, 0, 0, 4, 1, 0, 225, 5, 220]
1546498347393;[171, 0, 17, 255, 161, 72, 68, 188, 57, 0, 0, 148, 0, 0, 2, 1, 0, 243, 5, 108]
1546498347550;[171, 0, 17, 255, 161, 72, 68, 188, 57, 0, 0, 121, 0, 0, 78, 1, 0, 228, 5, 36]
1546498347724;[171, 0, 17, 255, 161, 72, 68, 188, 57, 0, 0, 120, 0, 0, 104, 1, 0, 247, 5, 38]
1546498347728;[171, 0, 17, 255, 161, 72, 68, 188, 57, 0, 0, 104, 0, 0, 119, 1, 0, 245, 6, 53]
1546498347895;[171, 0, 17, 255, 161, 72, 68, 188, 57, 0, 0, 91, 0, 0, 192, 1, 0, 229, 7, 40]
1546498347899;[171, 0, 17, 255, 161, 72, 68, 188, 58, 0, 0, 110, 0, 0, 196, 1, 0, 231, 7, 157]
1546498348068;[171, 0, 17, 255, 161, 72, 68, 188, 58, 0, 0, 118, 0, 0, 114, 1, 0, 250, 7, 71]
1546498348241;[171, 0, 4, 255, 132, 128, 72]
1546498348245;[171, 0, 17, 255, 161, 72, 68, 188, 58, 0, 0, 104, 0, 0, 77, 1, 1, 38, 6, 132]
1546498348588;[171, 0, 17, 255, 161, 72, 68, 188, 58, 0, 0, 109, 0, 0, 48, 1, 1, 37, 5, 104]
1546498348592;[171, 0, 17, 255, 161, 72, 68, 188, 58, 0, 0, 82, 0, 0, 1, 1, 0, 238, 4, 138]
1546498348597;[171, 0, 17, 255, 161, 72, 68, 188, 58, 0, 0, 126, 0, 0, 38, 1, 0, 201, 4, 24]
1546498348601;[171, 0, 17, 255, 161, 72, 68, 188, 58, 1, 0, 32, 0, 0, 78, 1, 0, 113, 4, 1]
1546498348757;[171, 0, 17, 255, 161, 72, 68, 188, 58, 1, 0, 19, 0, 0, 19, 1, 0, 67, 4, 119]
1546498348930;[171, 0, 17, 255, 161, 72, 68, 188, 58, 0, 0, 165, 0, 0, 3, 1, 0, 207, 3, 221]
1546498348934;[171, 0, 17, 255, 161, 72, 68, 188, 58, 0, 0, 171, 1, 0, 1, 1, 0, 242, 3, 104]
1546498349103;[171, 0, 17, 255, 161, 72, 68, 188, 59, 0, 0, 214, 0, 0, 70, 1, 1, 12, 3, 171]
1546498349107;[171, 0, 17, 255, 161, 72, 68, 188, 59, 0, 0, 162, 0, 0, 145, 1, 1, 7, 3, 196]
1546498349275;[171, 0, 4, 255, 132, 128, 72]
1546498349449;[171, 0, 17, 255, 161, 72, 68, 188, 59, 0, 0, 161, 0, 0, 222, 1, 0, 215, 4, 30]
1546498349455;[171, 0, 17, 255, 161, 72, 68, 188, 59, 0, 0, 119, 0, 0, 235, 1, 0, 212, 4, 167]
1546498349622;[171, 0, 17, 255, 161, 72, 68, 188, 59, 0, 0, 137, 0, 0, 119, 1, 0, 244, 4, 240]
1546498349626;[171, 0, 17, 255, 161, 72, 68, 188, 59, 0, 0, 130, 0, 0, 10, 1, 0, 240, 4, 130]
1546498349967;[171, 0, 17, 255, 161, 72, 68, 188, 59, 0, 0, 163, 1, 0, 40, 1, 0, 189, 4, 58]
1546498349971;[171, 0, 17, 255, 161, 72, 68, 188, 59, 1, 0, 89, 0, 0, 0, 1, 0, 92, 2, 234]
1546498349975;[171, 0, 17, 255, 161, 72, 68, 188, 59, 1, 0, 21, 1, 0, 19, 1, 0, 85, 2, 248]
1546498350139;[171, 0, 17, 255, 161, 72, 68, 188, 59, 0, 0, 147, 1, 0, 30, 1, 0, 186, 2, 197]
1546498350143;[171, 0, 17, 255, 161, 72, 68, 188, 64, 0, 0, 54, 0, 0, 1, 1, 0, 220, 2, 197]
1546498350311;[171, 0, 17, 255, 161, 72, 68, 188, 64, 0, 0, 234, 0, 0, 78, 1, 0, 254, 3, 1]
1546498350315;[171, 0, 4, 255, 132, 128, 72]
1546498350482;[171, 0, 17, 255, 161, 72, 68, 188, 64, 0, 0, 138, 0, 0, 232, 1, 1, 29, 3, 117]
1546498350487;[171, 0, 17, 255, 161, 72, 68, 188, 64, 0, 0, 143, 0, 0, 196, 1, 1, 16, 4, 13]
1546498350656;[171, 0, 17, 255, 161, 72, 68, 188, 64, 0, 0, 162, 0, 0, 133, 1, 0, 255, 4, 70]
1546498350828;[171, 0, 17, 255, 161, 72, 68, 188, 64, 0, 0, 148, 0, 0, 11, 1, 0, 246, 4, 38]
1546498350831;[171, 0, 17, 255, 161, 72, 68, 188, 64, 1, 0, 18, 1, 0, 28, 1, 0, 160, 4, 26]
1546498351174;[171, 0, 17, 255, 161, 72, 68, 188, 64, 1, 0, 62, 0, 0, 2, 1, 0, 131, 3, 152]
1546498351179;[171, 0, 17, 255, 161, 72, 68, 188, 64, 0, 0, 61, 1, 0, 47, 1, 0, 145, 3, 45]
1546498351183;[171, 0, 17, 255, 161, 72, 68, 188, 64, 0, 0, 55, 1, 0, 34, 1, 0, 176, 3, 8]
1546498351347;[171, 0, 17, 255, 161, 72, 68, 188, 65, 0, 0, 201, 1, 0, 16, 1, 0, 236, 3, 136]
1546498351351;[171, 0, 17, 255, 161, 72, 68, 188, 65, 0, 1, 24, 0, 0, 125, 1, 1, 29, 3, 122]
1546498351517;[171, 0, 4, 255, 132, 128, 72]
1546498351521;[171, 0, 17, 255, 161, 72, 68, 188, 65, 0, 0, 204, 0, 0, 53, 1, 0, 251, 2, 207]
1546498351704;[171, 0, 17, 255, 161, 72, 68, 188, 65, 0, 0, 183, 1, 0, 9, 1, 0, 234, 2, 207]
1546498351706;[171, 0, 17, 255, 161, 72, 68, 188, 65, 0, 0, 126, 1, 0, 52, 1, 0, 196, 2, 187]
1546498351862;[171, 0, 17, 255, 161, 72, 68, 188, 65, 0, 0, 21, 1, 0, 28, 1, 0, 204, 2, 206]
1546498352035;[171, 0, 17, 255, 161, 72, 68, 188, 65, 0, 0, 156, 1, 0, 22, 1, 0, 207, 3, 1]
1546498352039;[171, 0, 17, 255, 161, 72, 68, 188, 65, 0, 0, 143, 1, 0, 49, 1, 1, 21, 3, 123]
1546498352555;[171, 0, 17, 255, 161, 72, 68, 188, 65, 0, 0, 108, 1, 0, 46, 1, 0, 238, 4, 48]
1546498352559;[171, 0, 17, 255, 161, 72, 68, 188, 65, 0, 0, 124, 1, 0, 64, 1, 0, 218, 4, 151]
1546498352563;[171, 0, 17, 255, 161, 72, 68, 188, 66, 0, 0, 126, 1, 0, 71, 1, 0, 203, 3, 230]
1546498352567;[171, 0, 17, 255, 161, 72, 68, 188, 66, 0, 0, 19, 1, 0, 46, 1, 0, 219, 3, 145]
1546498352727;[171, 0, 4, 255, 132, 128, 72]
1546498352731;[171, 0, 17, 255, 161, 72, 68, 188, 66, 0, 0, 123, 1, 0, 67, 1, 0, 156, 4, 22]
1546498352735;[171, 0, 17, 255, 161, 72, 68, 188, 66, 0, 0, 121, 1, 0, 47, 1, 0, 225, 3, 244]
1546498352899;[171, 0, 17, 255, 161, 72, 68, 188, 66, 0, 0, 68, 1, 0, 56, 1, 0, 229, 3, 34]
1546498352903;[171, 0, 17, 255, 161, 72, 68, 188, 66, 0, 0, 82, 1, 0, 85, 1, 0, 225, 3, 51]
1546498353071;[171, 0, 17, 255, 161, 72, 68, 188, 66, 0, 0, 145, 1, 0, 61, 1, 0, 216, 3, 222]
1546498353244;[171, 0, 17, 255, 161, 72, 68, 188, 66, 0, 0, 93, 1, 0, 53, 1, 0, 234, 2, 135]
1546498353248;[171, 0, 17, 255, 161, 72, 68, 188, 66, 0, 0, 61, 1, 0, 35, 1, 0, 221, 1, 106]
1546498353417;[171, 0, 17, 255, 161, 72, 68, 188, 66, 0, 0, 87, 1, 0, 47, 1, 0, 224, 1, 38]
1546498353421;[171, 0, 17, 255, 161, 72, 68, 188, 67, 0, 0, 77, 1, 0, 88, 1, 0, 230, 1, 89]
1546498353760;[171, 0, 17, 255, 161, 72, 68, 188, 69, 0, 0, 19, 1, 0, 53, 1, 1, 2, 8, 253]
1546498353764;[171, 0, 17, 255, 161, 72, 68, 188, 69, 1, 0, 2, 1, 0, 59, 1, 0, 247, 9, 88]
1546498353933;[171, 0, 17, 255, 161, 72, 68, 188, 69, 0, 0, 21, 1, 0, 49, 1, 0, 252, 10, 80]
1546498354107;[171, 0, 17, 255, 161, 72, 68, 188, 69, 0, 0, 40, 1, 0, 56, 1, 0, 252, 11, 57]
1546498354111;[171, 0, 17, 255, 161, 72, 68, 188, 69, 0, 0, 25, 1, 0, 48, 1, 0, 244, 11, 230]
1546498354278;[171, 0, 17, 255, 161, 72, 68, 188, 69, 0, 0, 27, 1, 0, 44, 1, 0, 250, 12, 150]
1546498354283;[171, 0, 17, 255, 161, 72, 68, 188, 69, 0, 0, 37, 1, 0, 39, 1, 0, 252, 13, 18]
1546498354450;[171, 0, 17, 255, 161, 72, 68, 188, 69, 0, 0, 39, 1, 0, 34, 1, 1, 1, 13, 103]
1546498354623;[171, 0, 17, 255, 161, 72, 68, 188, 70, 0, 0, 36, 1, 0, 37, 1, 0, 250, 13, 184]
1546498354627;[171, 0, 17, 255, 161, 72, 68, 188, 70, 0, 0, 37, 1, 0, 39, 1, 0, 253, 14, 75]
1546498354968;[171, 0, 4, 255, 132, 128, 74]
1546498354972;[171, 0, 17, 255, 161, 72, 68, 188, 70, 0, 0, 37, 1, 0, 35, 1, 0, 250, 31, 61]
1546498354977;[171, 0, 17, 255, 161, 72, 68, 188, 70, 0, 0, 37, 1, 0, 34, 1, 0, 254, 7, 208]
1546498355141;[171, 0, 17, 255, 161, 72, 68, 188, 70, 0, 0, 37, 1, 0, 37, 1, 0, 251, 8, 123]
1546498355145;[171, 0, 17, 255, 161, 72, 68, 188, 70, 0, 0, 36, 1, 0, 34, 1, 0, 252, 8, 250]
1546498355314;[171, 0, 17, 255, 161, 72, 68, 188, 70, 0, 0, 36, 1, 0, 35, 1, 0, 252, 9, 74]
1546498355318;[171, 0, 17, 255, 161, 72, 68, 188, 70, 0, 0, 34, 1, 0, 37, 1, 0, 253, 9, 122]
1546498355485;[171, 0, 17, 255, 161, 72, 68, 188, 70, 0, 0, 41, 1, 0, 35, 1, 0, 252, 9, 200]
1546498355489;[171, 0, 17, 255, 161, 72, 68, 188, 70, 0, 0, 34, 1, 0, 35, 1, 0, 251, 10, 127]
1546498355660;[171, 0, 17, 255, 161, 72, 68, 188, 71, 0, 0, 40, 1, 0, 35, 1, 0, 252, 10, 230]
1546498355831;[171, 0, 17, 255, 161, 72, 68, 188, 71, 0, 0, 37, 1, 0, 35, 1, 0, 250, 11, 39]
1546498355834;[171, 0, 4, 255, 132, 128, 75]
1546498356004;[171, 0, 17, 255, 161, 72, 68, 188, 71, 0, 0, 40, 1, 0, 34, 1, 0, 250, 11, 90]
1546498356008;[171, 0, 17, 255, 161, 72, 68, 188, 71, 0, 0, 40, 1, 0, 39, 1, 0, 250, 11, 83]
1546498356349;[171, 0, 17, 255, 161, 72, 68, 188, 71, 0, 0, 40, 1, 0, 35, 1, 0, 253, 11, 71]
1546498356353;[171, 0, 17, 255, 161, 72, 68, 188, 71, 0, 0, 38, 1, 0, 40, 1, 0, 250, 11, 57]
1546498356357;[171, 0, 17, 255, 161, 72, 68, 188, 71, 0, 0, 41, 1, 0, 35, 1, 0, 252, 11, 179]
1546498356521;[171, 0, 17, 255, 161, 72, 68, 188, 71, 0, 0, 36, 1, 0, 37, 1, 0, 251, 11, 240]
1546498356524;[171, 0, 17, 255, 161, 72, 68, 188, 71, 0, 0, 36, 1, 0, 35, 1, 0, 252, 12, 0]
1546498356695;[171, 0, 17, 255, 161, 72, 68, 188, 71, 0, 0, 37, 1, 0, 43, 1, 0, 244, 12, 12]
1546498356698;[171, 0, 17, 255, 161, 72, 68, 188, 72, 0, 0, 33, 1, 0, 35, 1, 0, 250, 11, 245]
1546498356865;[171, 0, 17, 255, 161, 72, 68, 188, 72, 0, 0, 40, 1, 0, 37, 1, 0, 249, 11, 202]
1546498357038;[171, 0, 4, 255, 132, 128, 75]
1546498357042;[171, 0, 17, 255, 161, 72, 68, 188, 72, 0, 0, 34, 1, 0, 35, 1, 0, 251, 11, 154]
1546498357212;[171, 0, 17, 255, 161, 72, 68, 188, 72, 0, 0, 40, 1, 0, 37, 1, 0, 251, 11, 173]
1546498357215;[171, 0, 17, 255, 161, 72, 68, 188, 72, 0, 0, 34, 1, 0, 39, 1, 0, 250, 11, 245]
1546498357557;[171, 0, 17, 255, 161, 72, 68, 188, 72, 0, 0, 41, 1, 0, 35, 1, 0, 254, 12, 1]
1546498357561;[171, 0, 17, 255, 161, 72, 68, 188, 72, 0, 0, 36, 1, 0, 39, 1, 0, 250, 12, 20]
1546498357565;[171, 0, 17, 255, 161, 72, 68, 188, 72, 0, 0, 38, 1, 0, 34, 1, 0, 250, 11, 243]
1546498357729;[171, 0, 17, 255, 161, 72, 68, 188, 72, 0, 0, 36, 1, 0, 39, 1, 0, 251, 11, 205]
1546498357733;[171, 0, 17, 255, 161, 72, 68, 188, 72, 0, 0, 34, 1, 0, 35, 1, 0, 250, 11, 159]
1546498357901;[171, 0, 17, 255, 161, 72, 68, 188, 73, 0, 0, 37, 1, 0, 35, 1, 0, 252, 11, 139]
1546498357905;[171, 0, 17, 255, 161, 72, 68, 188, 73, 0, 0, 34, 1, 0, 37, 1, 0, 252, 11, 193]
1546498358073;[171, 0, 4, 255, 132, 128, 76]
1546498358247;[171, 0, 17, 255, 161, 72, 68, 188, 73, 0, 0, 36, 1, 0, 39, 1, 0, 252, 11, 215]
1546498358251;[171, 0, 17, 255, 161, 72, 68, 188, 73, 0, 0, 32, 1, 0, 37, 1, 0, 250, 11, 202]
1546498358419;[171, 0, 17, 255, 161, 72, 68, 188, 73, 0, 0, 40, 1, 0, 35, 1, 0, 252, 11, 205]
1546498358423;[171, 0, 17, 255, 161, 72, 68, 188, 73, 0, 0, 37, 1, 0, 37, 1, 0, 251, 11, 182]
1546498358936;[171, 0, 17, 255, 161, 72, 68, 188, 73, 0, 0, 37, 1, 0, 34, 1, 0, 252, 11, 141]
1546498358940;[171, 0, 17, 255, 161, 72, 68, 188, 73, 0, 0, 36, 1, 0, 35, 1, 0, 252, 11, 109]
1546498358944;[171, 0, 17, 255, 161, 72, 68, 188, 73, 0, 0, 31, 1, 0, 37, 1, 0, 253, 11, 87]
1546498358949;[171, 0, 17, 255, 161, 72, 68, 188, 73, 0, 0, 34, 1, 0, 35, 1, 0, 253, 11, 134]
1546498359109;[171, 0, 17, 255, 161, 72, 68, 188, 74, 0, 0, 27, 1, 0, 37, 1, 0, 252, 11, 139]
1546498359113;[171, 0, 17, 255, 161, 72, 68, 188, 74, 0, 0, 37, 1, 0, 34, 1, 0, 252, 11, 125]
1546498359117;[171, 0, 4, 255, 132, 128, 76]
1546498359281;[171, 0, 17, 255, 161, 72, 68, 188, 74, 0, 0, 31, 1, 0, 33, 1, 0, 254, 11, 102]
1546498359285;[171, 0, 17, 255, 161, 72, 68, 188, 74, 0, 0, 37, 1, 0, 33, 1, 0, 252, 11, 69]
1546498359453;[171, 0, 17, 255, 161, 72, 68, 188, 74, 0, 0, 37, 1, 0, 28, 1, 0, 253, 11, 36]
1546498359627;[171, 0, 17, 255, 161, 72, 68, 188, 74, 0, 0, 31, 1, 0, 33, 1, 0, 252, 11, 6]
1546498359631;[171, 0, 17, 255, 161, 72, 68, 188, 74, 0, 0, 36, 1, 0, 30, 1, 0, 251, 10, 255]
1546498359799;[171, 0, 17, 255, 161, 72, 68, 188, 74, 0, 0, 36, 1, 0, 29, 1, 0, 252, 11, 49]
1546498359803;[171, 0, 17, 255, 161, 72, 68, 188, 74, 0, 0, 31, 1, 0, 33, 1, 0, 252, 11, 61]
1546498360144;[171, 0, 17, 255, 161, 72, 68, 188, 74, 0, 0, 38, 1, 0, 33, 1, 0, 252, 11, 63]
1546498360148;[171, 0, 17, 255, 161, 72, 68, 188, 75, 0, 0, 27, 1, 0, 34, 1, 0, 252, 11, 57]
1546498360152;[171, 0, 17, 255, 161, 72, 68, 188, 75, 0, 0, 37, 1, 0, 33, 1, 0, 253, 11, 28]
1546498360316;[171, 0, 4, 255, 132, 128, 77]
1546498360321;[171, 0, 17, 255, 161, 72, 68, 188, 75, 0, 0, 32, 1, 0, 28, 1, 0, 253, 10, 246]
1546498360488;[171, 0, 17, 255, 161, 72, 68, 188, 75, 0, 0, 39, 1, 0, 29, 1, 0, 252, 10, 218]
1546498360492;[171, 0, 17, 255, 161, 72, 68, 188, 75, 0, 0, 37, 1, 0, 33, 1, 0, 249, 10, 218]
1546498360661;[171, 0, 17, 255, 161, 72, 68, 188, 75, 0, 0, 43, 1, 0, 24, 1, 0, 252, 10, 253]
1546498360833;[171, 0, 17, 255, 161, 72, 68, 188, 75, 0, 0, 37, 1, 0, 34, 1, 0, 246, 10, 236]
1546498360837;[171, 0, 17, 255, 161, 72, 68, 188, 75, 0, 0, 38, 1, 0, 34, 1, 0, 251, 10, 232]
1546498361007;[171, 0, 17, 255, 161, 72, 68, 188, 75, 0, 0, 38, 1, 0, 28, 1, 0, 250, 10, 190]
1546498361013;[171, 0, 17, 255, 161, 72, 68, 188, 75, 0, 0, 46, 1, 0, 24, 1, 0, 253, 10, 152]
1546498361353;[171, 0, 17, 255, 161, 72, 68, 188, 76, 0, 0, 40, 1, 0, 33, 1, 0, 252, 10, 115]
1546498361357;[171, 0, 17, 255, 161, 72, 68, 188, 76, 0, 0, 46, 1, 0, 23, 1, 0, 252, 10, 78]
1546498361361;[171, 0, 4, 255, 132, 128, 77]
1546498361524;[171, 0, 17, 255, 161, 72, 68, 188, 76, 0, 0, 43, 1, 0, 34, 1, 0, 252, 10, 133]
1546498361528;[171, 0, 17, 255, 161, 72, 68, 188, 76, 0, 0, 46, 1, 0, 29, 1, 0, 252, 10, 141]
1546498361697;[171, 0, 17, 255, 161, 72, 68, 188, 76, 0, 0, 39, 1, 0, 20, 1, 0, 255, 10, 114]
1546498361701;[171, 0, 17, 255, 161, 72, 68, 188, 76, 0, 0, 58, 1, 0, 37, 1, 0, 242, 10, 126]
1546498361867;[171, 0, 17, 255, 161, 72, 68, 188, 76, 0, 0, 57, 1, 0, 41, 1, 0, 233, 10, 120]
1546498362041;[171, 0, 17, 255, 161, 72, 68, 188, 76, 0, 0, 81, 0, 0, 16, 1, 0, 246, 9, 199]
1546498362045;[171, 0, 17, 255, 161, 72, 68, 188, 76, 0, 0, 42, 0, 0, 75, 1, 0, 253, 9, 135]
1546498362213;[171, 0, 17, 255, 161, 72, 68, 188, 76, 0, 0, 5, 0, 0, 21, 1, 0, 212, 7, 71]
1546498362217;[171, 0, 17, 255, 161, 72, 68, 188, 77, 0, 0, 105, 1, 0, 11, 1, 0, 232, 5, 202]
1546498362387;[171, 0, 17, 255, 161, 72, 68, 188, 77, 0, 0, 72, 0, 0, 22, 1, 0, 247, 5, 109]
1546498362391;[171, 0, 4, 255, 132, 128, 78]
1546498362732;[171, 0, 17, 255, 161, 72, 68, 188, 77, 0, 0, 97, 0, 0, 11, 1, 0, 236, 5, 34]
1546498362736;[171, 0, 17, 255, 161, 72, 68, 188, 77, 0, 0, 87, 0, 0, 12, 1, 0, 238, 4, 227]
1546498362740;[171, 0, 17, 255, 161, 72, 68, 188, 77, 0, 0, 86, 0, 0, 6, 1, 0, 236, 4, 166]
1546498362904;[171, 0, 17, 255, 161, 72, 68, 188, 77, 0, 0, 87, 0, 0, 12, 1, 0, 237, 4, 114]
1546498362908;[171, 0, 17, 255, 161, 72, 68, 188, 77, 0, 0, 99, 0, 0, 12, 1, 0, 238, 4, 74]
1546498363076;[171, 0, 17, 255, 161, 72, 68, 188, 77, 0, 0, 96, 0, 0, 10, 1, 0, 235, 4, 101]
1546498363080;[171, 0, 17, 255, 161, 72, 68, 188, 77, 0, 0, 97, 0, 0, 8, 1, 0, 236, 4, 156]
1546498363248;[171, 0, 17, 255, 161, 72, 68, 188, 77, 0, 0, 98, 0, 0, 8, 1, 0, 237, 4, 185]
1546498363420;[171, 0, 17, 255, 161, 72, 68, 188, 78, 0, 0, 98, 0, 0, 10, 1, 0, 237, 4, 214]
1546498363426;[171, 0, 17, 255, 161, 72, 68, 188, 78, 0, 0, 101, 0, 0, 6, 1, 0, 234, 4, 224]
1546498363594;[171, 0, 4, 255, 132, 128, 78]
1546498363598;[171, 0, 17, 255, 161, 72, 68, 188, 78, 0, 0, 99, 0, 0, 10, 1, 0, 234, 4, 236]
1546498363939;[171, 0, 17, 255, 161, 72, 68, 188, 78, 0, 0, 99, 0, 0, 3, 1, 0, 234, 4, 240]
1546498363943;[171, 0, 17, 255, 161, 72, 68, 188, 78, 0, 0, 101, 0, 0, 4, 1, 0, 235, 5, 43]
1546498363947;[171, 0, 17, 255, 161, 72, 68, 188, 78, 0, 0, 99, 0, 0, 8, 1, 0, 235, 5, 158]
1546498364111;[171, 0, 17, 255, 161, 72, 68, 188, 78, 0, 0, 98, 0, 0, 12, 1, 0, 235, 5, 233]
1546498364115;[171, 0, 17, 255, 161, 72, 68, 188, 78, 0, 0, 99, 0, 0, 4, 1, 0, 234, 6, 34]
1546498364283;[171, 0, 17, 255, 161, 72, 68, 188, 78, 0, 0, 101, 0, 0, 4, 1, 0, 235, 6, 81]
1546498364287;[171, 0, 17, 255, 161, 72, 68, 188, 78, 0, 0, 97, 0, 0, 8, 1, 0, 235, 6, 108]
1546498364457;[171, 0, 17, 255, 161, 72, 68, 188, 79, 0, 0, 99, 0, 0, 6, 1, 0, 235, 6, 130]
1546498364628;[171, 0, 17, 255, 161, 72, 68, 188, 79, 0, 0, 99, 0, 0, 6, 1, 0, 235, 6, 148]
1546498364632;[171, 0, 4, 255, 132, 128, 78]
1546498364801;[171, 0, 17, 255, 161, 72, 68, 188, 79, 0, 0, 104, 0, 0, 2, 1, 0, 230, 7, 28]
1546498364805;[171, 0, 17, 255, 161, 72, 68, 188, 79, 0, 0, 101, 0, 0, 6, 1, 0, 235, 7, 114]
1546498364973;[171, 0, 17, 255, 161, 72, 68, 188, 79, 0, 0, 103, 0, 0, 14, 1, 0, 235, 7, 181]
1546498365321;[171, 0, 17, 255, 161, 72, 68, 188, 79, 0, 0, 101, 0, 0, 12, 1, 0, 235, 7, 235]
1546498365325;[171, 0, 17, 255, 161, 72, 68, 188, 79, 0, 0, 101, 0, 0, 8, 1, 0, 235, 8, 4]
1546498365329;[171, 0, 17, 255, 161, 72, 68, 188, 79, 0, 0, 99, 0, 0, 6, 1, 0, 234, 8, 17]
1546498365333;[171, 0, 17, 255, 161, 72, 68, 188, 79, 0, 0, 101, 0, 0, 4, 1, 0, 232, 8, 23]
1546498365491;[171, 0, 17, 255, 161, 72, 68, 188, 79, 0, 0, 99, 0, 0, 12, 1, 0, 234, 8, 107]
1546498365495;[171, 0, 17, 255, 161, 72, 68, 188, 80, 0, 0, 108, 0, 0, 4, 1, 0, 233, 8, 222]
1546498365664;[171, 0, 17, 255, 161, 72, 68, 188, 80, 0, 0, 109, 0, 0, 8, 1, 0, 230, 9, 3]
1546498365835;[171, 0, 4, 255, 132, 128, 78]
1546498365839;[171, 0, 17, 255, 161, 72, 68, 188, 80, 0, 0, 109, 0, 0, 4, 1, 0, 232, 9, 29]
1546498366010;[171, 0, 17, 255, 161, 72, 68, 188, 80, 0, 0, 104, 0, 0, 4, 1, 0, 232, 9, 38]
1546498366014;[171, 0, 17, 255, 161, 72, 68, 188, 80, 0, 0, 103, 0, 0, 8, 1, 0, 232, 9, 30]
1546498366181;[171, 0, 17, 255, 161, 72, 68, 188, 80, 0, 0, 103, 0, 0, 4, 1, 0, 230, 9, 15]
1546498366185;[171, 0, 17, 255, 161, 72, 68, 188, 80, 0, 0, 101, 0, 0, 4, 1, 0, 234, 9, 3]
1546498366525;[171, 0, 17, 255, 161, 72, 68, 188, 80, 0, 0, 106, 0, 0, 4, 1, 0, 232, 9, 89]
1546498366529;[171, 0, 17, 255, 161, 72, 68, 188, 80, 0, 0, 104, 0, 0, 4, 1, 0, 232, 9, 141]
1546498366533;[171, 0, 17, 255, 161, 72, 68, 188, 80, 0, 0, 104, 0, 0, 4, 1, 0, 230, 9, 139]
1546498366698;[171, 0, 17, 255, 161, 72, 68, 188, 81, 0, 0, 121, 0, 0, 40, 1, 1, 18, 9, 34]
1546498366702;[171, 0, 17, 255, 161, 72, 68, 188, 81, 0, 0, 25, 0, 0, 32, 1, 1, 10, 5, 185]
1546498366870;[171, 0, 4, 255, 132, 128, 77]
1546498367045;[171, 0, 17, 255, 161, 72, 68, 188, 81, 0, 0, 65, 1, 0, 19, 1, 0, 196, 3, 160]
1546498367049;[171, 0, 17, 255, 161, 72, 68, 188, 81, 0, 0, 141, 1, 0, 51, 1, 0, 159, 2, 22]
1546498367217;[171, 0, 17, 255, 161, 72, 68, 188, 81, 0, 0, 136, 1, 0, 87, 1, 0, 224, 2, 22]
1546498367221;[171, 0, 17, 255, 161, 72, 68, 188, 81, 0, 0, 128, 1, 0, 32, 1, 0, 235, 2, 22]
1546498367389;[171, 0, 17, 255, 161, 72, 68, 188, 81, 0, 0, 148, 1, 0, 24, 1, 0, 198, 1, 145]
1546498367393;[171, 0, 17, 255, 161, 72, 68, 188, 81, 0, 0, 165, 1, 0, 19, 1, 0, 207, 1, 180]
1546498367907;[171, 0, 17, 255, 161, 72, 68, 188, 81, 0, 0, 192, 1, 0, 19, 1, 0, 180, 1, 161]
1546498367912;[171, 0, 17, 255, 161, 72, 68, 188, 81, 0, 0, 181, 1, 0, 19, 1, 0, 186, 1, 117]
1546498367916;[171, 0, 17, 255, 161, 72, 68, 188, 82, 0, 0, 181, 1, 0, 23, 1, 0, 181, 0, 200]
1546498367920;[171, 0, 17, 255, 161, 72, 68, 188, 82, 0, 0, 168, 1, 0, 24, 1, 0, 191, 16, 96]
1546498368079;[171, 0, 4, 255, 132, 128, 78]
1546498368083;[171, 0, 17, 255, 161, 72, 68, 188, 82, 0, 0, 162, 1, 0, 38, 1, 0, 151, 7, 234]
1546498368087;[171, 0, 17, 255, 161, 72, 68, 188, 82, 0, 0, 209, 1, 0, 34, 1, 0, 141, 8, 5]
1546498368251;[171, 0, 17, 255, 161, 72, 68, 188, 82, 0, 0, 208, 1, 0, 24, 1, 0, 154, 8, 197]
1546498368424;[171, 0, 17, 255, 161, 72, 68, 188, 82, 0, 0, 233, 1, 0, 20, 1, 0, 158, 9, 117]
1546498368428;[171, 0, 17, 255, 161, 72, 68, 188, 82, 0, 0, 141, 1, 0, 11, 1, 0, 216, 9, 161]
1546498368596;[171, 0, 17, 255, 161, 72, 68, 188, 82, 0, 0, 206, 1, 0, 24, 1, 0, 172, 9, 144]
1546498368600;[171, 0, 17, 255, 161, 72, 68, 188, 82, 0, 0, 186, 1, 0, 24, 1, 0, 191, 9, 131]
1546498368768;[171, 0, 17, 255, 161, 72, 68, 188, 82, 0, 0, 156, 1, 0, 20, 1, 0, 200, 9, 124]
1546498369115;[171, 0, 17, 255, 161, 72, 68, 188, 83, 0, 0, 152, 1, 0, 24, 1, 0, 200, 9, 106]
1546498369119;[171, 0, 17, 255, 161, 72, 68, 188, 83, 0, 0, 157, 1, 0, 28, 1, 0, 200, 9, 89]
1546498369123;[171, 0, 4, 255, 132, 128, 78]
1546498369128;[171, 0, 17, 255, 161, 72, 68, 188, 83, 0, 0, 163, 1, 0, 33, 1, 0, 194, 9, 145]
1546498369285;[171, 0, 17, 255, 161, 72, 68, 188, 83, 0, 0, 182, 1, 0, 31, 1, 0, 171, 9, 223]
1546498369289;[171, 0, 17, 255, 161, 72, 68, 188, 83, 0, 0, 185, 1, 0, 33, 1, 0, 172, 9, 227]
1546498369464;[171, 0, 17, 255, 161, 72, 68, 188, 83, 0, 0, 192, 1, 0, 24, 1, 0, 168, 10, 101]
1546498369631;[171, 0, 17, 255, 161, 72, 68, 188, 83, 0, 1, 28, 1, 0, 41, 1, 0, 52, 10, 149]
1546498369634;[171, 0, 17, 255, 161, 72, 68, 188, 83, 0, 0, 253, 1, 0, 24, 1, 0, 79, 11, 27]
1546498369804;[171, 0, 17, 255, 161, 72, 68, 188, 83, 0, 0, 196, 1, 0, 28, 1, 0, 139, 11, 176]
1546498369809;[171, 0, 17, 255, 161, 72, 68, 188, 83, 0, 0, 224, 1, 0, 29, 1, 0, 140, 11, 84]
1546498369975;[171, 0, 17, 255, 161, 72, 68, 188, 84, 0, 0, 194, 1, 0, 42, 1, 0, 162, 11, 89]
1546498369979;[171, 0, 17, 255, 161, 72, 68, 188, 84, 0, 0, 166, 1, 0, 30, 1, 0, 188, 11, 70]
1546498370323;[171, 0, 4, 255, 132, 128, 78]
1546498370328;[171, 0, 17, 255, 161, 72, 68, 188, 84, 0, 0, 175, 1, 0, 34, 1, 0, 177, 11, 43]
1546498370332;[171, 0, 17, 255, 161, 72, 68, 188, 84, 0, 0, 166, 1, 0, 32, 1, 0, 186, 11, 83]
1546498370492;[171, 0, 17, 255, 161, 72, 68, 188, 84, 0, 0, 171, 1, 0, 33, 1, 0, 186, 11, 216]
1546498370497;[171, 0, 17, 255, 161, 72, 68, 188, 84, 0, 0, 171, 1, 0, 30, 1, 0, 191, 12, 10]
1546498370666;[171, 0, 17, 255, 161, 72, 68, 188, 84, 0, 0, 179, 1, 0, 24, 1, 0, 178, 12, 15]
1546498370839;[171, 0, 17, 255, 161, 72, 68, 188, 84, 0, 0, 191, 1, 0, 33, 1, 0, 159, 12, 40]
1546498370843;[171, 0, 17, 255, 161, 72, 68, 188, 84, 0, 0, 198, 1, 0, 34, 1, 0, 148, 12, 106]
1546498371011;[171, 0, 17, 255, 161, 72, 68, 188, 84, 0, 0, 209, 1, 0, 34, 1, 0, 123, 12, 162]
1546498371015;[171, 0, 17, 255, 161, 72, 68, 188, 85, 0, 0, 240, 1, 0, 26, 1, 0, 101, 12, 238]
1546498371184;[171, 0, 17, 255, 161, 72, 68, 188, 85, 0, 0, 218, 1, 0, 24, 1, 0, 124, 13, 73]
1546498371187;[171, 0, 4, 255, 132, 128, 78]
1546498371356;[171, 0, 17, 255, 161, 72, 68, 188, 85, 0, 0, 231, 1, 0, 26, 1, 0, 116, 13, 214]
1546498371708;[171, 0, 17, 255, 161, 72, 68, 188, 85, 0, 0, 221, 1, 0, 24, 1, 0, 121, 14, 46]
1546498371710;[171, 0, 17, 255, 161, 72, 68, 188, 85, 0, 0, 224, 1, 0, 28, 1, 0, 115, 14, 101]
1546498371712;[171, 0, 17, 255, 161, 72, 68, 188, 85, 0, 0, 206, 1, 0, 22, 1, 0, 123, 14, 159]
1546498371714;[171, 0, 17, 255, 161, 72, 68, 188, 85, 0, 0, 226, 1, 0, 29, 1, 0, 97, 14, 142]
1546498371873;[171, 0, 17, 255, 161, 72, 68, 188, 85, 0, 0, 232, 1, 0, 24, 1, 0, 104, 14, 155]
1546498372045;[171, 0, 17, 255, 161, 72, 68, 188, 85, 0, 0, 238, 1, 0, 22, 1, 0, 105, 14, 169]
1546498372049;[171, 0, 17, 255, 161, 72, 68, 188, 85, 0, 0, 234, 1, 0, 24, 1, 0, 93, 14, 174]
1546498372218;[171, 0, 17, 255, 161, 72, 68, 188, 86, 0, 0, 243, 1, 0, 23, 1, 0, 96, 15, 37]
1546498372222;[171, 0, 17, 255, 161, 72, 68, 188, 86, 0, 0, 238, 1, 0, 24, 1, 0, 97, 31, 105]
1546498372390;[171, 0, 4, 255, 132, 128, 79]
1546498372395;[171, 0, 17, 255, 161, 72, 68, 188, 86, 0, 0, 234, 1, 0, 23, 1, 0, 98, 7, 254]
1546498372564;[171, 0, 17, 255, 161, 72, 68, 188, 86, 0, 0, 236, 1, 0, 23, 1, 0, 103, 8, 37]
1546498372911;[171, 0, 17, 255, 161, 72, 68, 188, 86, 0, 0, 240, 1, 0, 24, 1, 0, 98, 8, 39]
1546498372915;[171, 0, 17, 255, 161, 72, 68, 188, 86, 0, 0, 229, 1, 0, 24, 1, 0, 100, 8, 31]
1546498372919;[171, 0, 17, 255, 161, 72, 68, 188, 86, 0, 0, 228, 1, 0, 23, 1, 0, 105, 8, 86]
1546498372923;[171, 0, 17, 255, 161, 72, 68, 188, 86, 0, 0, 237, 1, 0, 24, 1, 0, 97, 8, 136]
1546498373082;[171, 0, 17, 255, 161, 72, 68, 188, 86, 0, 0, 234, 1, 0, 22, 1, 0, 98, 8, 252]
1546498373086;[171, 0, 17, 255, 161, 72, 68, 188, 86, 0, 0, 228, 1, 0, 22, 1, 0, 111, 10, 26]
1546498373252;[171, 0, 17, 255, 161, 72, 68, 188, 87, 0, 0, 218, 1, 0, 22, 1, 0, 126, 11, 37]
1546498373427;[171, 0, 17, 255, 161, 72, 68, 188, 87, 0, 0, 219, 1, 0, 23, 1, 0, 134, 11, 174]
1546498373431;[171, 0, 4, 255, 132, 128, 79]
1546498373599;[171, 0, 17, 255, 161, 72, 68, 188, 87, 0, 0, 215, 1, 0, 24, 1, 0, 137, 11, 174]
1546498373603;[171, 0, 17, 255, 161, 72, 68, 188, 87, 0, 0, 217, 1, 0, 22, 1, 0, 145, 11, 78]
1546498373771;[171, 0, 17, 255, 161, 72, 68, 188, 87, 0, 0, 208, 1, 0, 24, 1, 0, 147, 10, 238]
1546498373944;[171, 0, 17, 255, 161, 72, 68, 188, 87, 0, 0, 199, 1, 0, 21, 1, 0, 157, 10, 124]
1546498373948;[171, 0, 17, 255, 161, 72, 68, 188, 87, 0, 0, 217, 1, 0, 23, 1, 0, 145, 10, 24]
1546498374288;[171, 0, 17, 255, 161, 72, 68, 188, 87, 0, 0, 222, 1, 0, 22, 1, 0, 126, 10, 2]
1546498374292;[171, 0, 17, 255, 161, 72, 68, 188, 87, 0, 0, 217, 1, 0, 23, 1, 0, 131, 9, 222]
1546498374297;[171, 0, 17, 255, 161, 72, 68, 188, 87, 0, 0, 218, 1, 0, 23, 1, 0, 131, 9, 129]
1546498374301;[171, 0, 17, 255, 161, 72, 68, 188, 88, 0, 0, 221, 1, 0, 23, 1, 0, 129, 9, 46]
1546498374462;[171, 0, 17, 255, 161, 72, 68, 188, 88, 0, 0, 211, 1, 0, 20, 1, 0, 133, 8, 54]
1546498374632;[171, 0, 4, 255, 132, 128, 78]
1546498374636;[171, 0, 17, 255, 161, 72, 68, 188, 88, 0, 0, 218, 1, 0, 23, 1, 0, 126, 7, 147]
1546498374806;[171, 0, 17, 255, 161, 72, 68, 188, 88, 0, 0, 206, 1, 0, 16, 1, 0, 140, 7, 93]
1546498374810;[171, 0, 17, 255, 161, 72, 68, 188, 88, 0, 0, 228, 1, 0, 20, 1, 0, 113, 7, 40]
1546498374979;[171, 0, 17, 255, 161, 72, 68, 188, 88, 0, 0, 215, 1, 0, 17, 1, 0, 127, 7, 85]
1546498374983;[171, 0, 17, 255, 161, 72, 68, 188, 88, 0, 0, 218, 1, 0, 18, 1, 0, 128, 7, 201]
1546498375151;[171, 0, 17, 255, 161, 72, 68, 188, 88, 0, 0, 220, 1, 0, 24, 1, 0, 123, 7, 252]
1546498375495;[171, 0, 17, 255, 161, 72, 68, 188, 88, 0, 0, 219, 1, 0, 16, 1, 0, 125, 8, 70]
1546498375499;[171, 0, 17, 255, 161, 72, 68, 188, 88, 0, 0, 226, 1, 0, 16, 1, 0, 118, 8, 59]
1546498375504;[171, 0, 17, 255, 161, 72, 68, 188, 89, 0, 0, 219, 1, 0, 23, 1, 0, 117, 8, 73]
1546498375668;[171, 0, 17, 255, 161, 72, 68, 188, 91, 0, 0, 234, 1, 0, 16, 1, 0, 141, 3, 168]
1546498375842;[171, 0, 17, 255, 161, 72, 68, 188, 91, 0, 0, 213, 1, 0, 34, 1, 0, 138, 4, 19]
1546498375847;[171, 0, 17, 255, 161, 72, 68, 188, 91, 0, 0, 153, 1, 0, 24, 1, 0, 193, 4, 95]
1546498376013;[171, 0, 17, 255, 161, 72, 68, 188, 91, 0, 0, 168, 1, 0, 23, 1, 0, 191, 4, 125]
1546498376186;[171, 0, 17, 255, 161, 72, 68, 188, 91, 0, 0, 155, 1, 0, 24, 1, 0, 204, 4, 145]
1546498376189;[171, 0, 17, 255, 161, 72, 68, 188, 91, 0, 0, 157, 1, 0, 29, 1, 0, 206, 4, 191]
1546498376360;[171, 0, 17, 255, 161, 72, 68, 188, 91, 0, 0, 142, 1, 0, 33, 1, 0, 216, 5, 7]
1546498376877;[171, 0, 17, 255, 161, 72, 68, 188, 91, 0, 0, 132, 1, 0, 33, 1, 0, 220, 5, 156]
1546498376883;[171, 0, 17, 255, 161, 72, 68, 188, 92, 0, 0, 93, 1, 0, 30, 1, 0, 224, 5, 233]
1546498376887;[171, 0, 17, 255, 161, 72, 68, 188, 92, 0, 0, 99, 1, 0, 35, 1, 0, 228, 6, 48]
1546498376891;[171, 0, 4, 255, 132, 128, 76]
1546498377049;[171, 0, 17, 255, 161, 72, 68, 188, 92, 0, 0, 105, 1, 0, 38, 1, 0, 235, 6, 63]
1546498377053;[171, 0, 17, 255, 161, 72, 68, 188, 92, 0, 0, 82, 1, 0, 34, 1, 0, 232, 6, 21]
1546498377057;[171, 0, 17, 255, 161, 72, 68, 188, 92, 0, 0, 80, 1, 0, 35, 1, 0, 237, 5, 213]
1546498377222;[171, 0, 17, 255, 161, 72, 68, 188, 92, 0, 0, 93, 1, 0, 33, 1, 0, 241, 5, 94]
1546498377226;[171, 0, 17, 255, 161, 72, 68, 188, 92, 0, 0, 93, 1, 0, 34, 1, 0, 231, 4, 255]
1546498377395;[171, 0, 17, 255, 161, 72, 68, 188, 92, 0, 0, 92, 1, 0, 23, 1, 0, 241, 4, 21]
1546498377399;[171, 0, 17, 255, 161, 72, 68, 188, 92, 0, 0, 85, 1, 0, 24, 1, 0, 234, 3, 78]
1546498377565;[171, 0, 17, 255, 161, 72, 68, 188, 92, 0, 0, 101, 1, 0, 23, 1, 0, 235, 2, 169]
1546498377739;[171, 0, 17, 255, 161, 72, 68, 188, 93, 0, 0, 62, 1, 0, 17, 1, 0, 228, 2, 129]
1546498377743;[171, 0, 17, 255, 161, 72, 68, 188, 93, 0, 0, 156, 1, 0, 32, 1, 0, 203, 2, 33]
1546498378085;[171, 0, 4, 255, 132, 128, 76]
1546498378089;[171, 0, 17, 255, 161, 72, 68, 188, 93, 0, 0, 147, 1, 0, 22, 1, 0, 202, 1, 155]
1546498378093;[171, 0, 17, 255, 161, 72, 68, 188, 93, 0, 0, 173, 1, 0, 24, 1, 0, 193, 1, 207]
1546498378098;[171, 0, 17, 255, 161, 72, 68, 188, 93, 0, 0, 184, 1, 0, 24, 1, 0, 177, 2, 169]
1546498378256;[171, 0, 17, 255, 161, 72, 68, 188, 93, 0, 0, 184, 1, 0, 23, 1, 0, 177, 2, 177]
1546498378429;[171, 0, 17, 255, 161, 72, 68, 188, 93, 0, 0, 192, 1, 0, 23, 1, 0, 168, 1, 165]
1546498378434;[171, 0, 17, 255, 161, 72, 68, 188, 93, 0, 0, 156, 1, 0, 24, 1, 0, 186, 0, 211]
1546498378600;[171, 0, 17, 255, 161, 72, 68, 188, 93, 0, 0, 156, 1, 0, 19, 1, 0, 204, 1, 83]
1546498378604;[171, 0, 17, 255, 161, 72, 68, 188, 93, 0, 0, 188, 1, 0, 24, 1, 0, 183, 1, 94]
1546498378773;[171, 0, 17, 255, 161, 72, 68, 188, 94, 0, 0, 179, 1, 0, 22, 1, 0, 188, 16, 95]
1546498378945;[171, 0, 17, 255, 161, 72, 68, 188, 94, 0, 0, 178, 1, 0, 24, 1, 0, 188, 6, 221]
1546498378949;[171, 0, 4, 255, 132, 128, 73]
1546498379292;[171, 0, 17, 255, 161, 72, 68, 188, 94, 0, 0, 191, 1, 0, 29, 1, 0, 181, 6, 217]
1546498379296;[171, 0, 17, 255, 161, 72, 68, 188, 94, 0, 0, 181, 1, 0, 24, 1, 0, 188, 7, 98]
1546498379300;[171, 0, 17, 255, 161, 72, 68, 188, 94, 0, 0, 163, 1, 0, 26, 1, 0, 200, 8, 16]
1546498379305;[171, 0, 17, 255, 161, 72, 68, 188, 94, 0, 0, 161, 1, 0, 28, 1, 0, 194, 7, 102]
1546498379466;[171, 0, 17, 255, 161, 72, 68, 188, 94, 0, 0, 149, 1, 0, 24, 1, 0, 195, 6, 74]
1546498379638;[171, 0, 17, 255, 161, 72, 68, 188, 94, 0, 0, 151, 1, 0, 20, 1, 0, 212, 6, 74]
1546498379642;[171, 0, 17, 255, 161, 72, 68, 188, 94, 0, 0, 116, 1, 0, 20, 1, 0, 224, 6, 183]
1546498379808;[171, 0, 17, 255, 161, 72, 68, 188, 94, 0, 0, 118, 1, 0, 21, 1, 0, 225, 7, 70]
1546498379812;[171, 0, 17, 255, 161, 72, 68, 188, 95, 0, 0, 146, 1, 0, 29, 1, 0, 212, 7, 228]
1546498379981;[171, 0, 17, 255, 161, 72, 68, 188, 95, 0, 0, 134, 1, 0, 24, 1, 0, 217, 8, 88]
1546498379984;[171, 0, 4, 255, 132, 128, 70]
1546498380153;[171, 0, 17, 255, 161, 72, 68, 188, 95, 0, 0, 137, 1, 0, 24, 1, 0, 218, 8, 130]
1546498380326;[171, 0, 17, 255, 161, 72, 68, 188, 95, 0, 0, 137, 1, 0, 29, 1, 0, 211, 8, 65]
1546498380330;[171, 0, 17, 255, 161, 72, 68, 188, 95, 0, 0, 147, 1, 0, 25, 1, 0, 199, 7, 238]
1546498380672;[171, 0, 17, 255, 161, 72, 68, 188, 95, 0, 0, 181, 1, 0, 24, 1, 0, 186, 7, 212]
1546498380676;[171, 0, 17, 255, 161, 72, 68, 188, 95, 0, 0, 181, 1, 0, 29, 1, 0, 174, 7, 246]
1546498380680;[171, 0, 17, 255, 161, 72, 68, 188, 95, 0, 0, 200, 1, 0, 22, 1, 0, 169, 8, 15]
1546498380843;[171, 0, 17, 255, 161, 72, 68, 188, 95, 0, 0, 185, 1, 0, 20, 1, 0, 168, 8, 76]
1546498380848;[171, 0, 17, 255, 161, 72, 68, 188, 95, 0, 0, 174, 1, 0, 22, 1, 0, 184, 8, 104]
1546498381016;[171, 0, 17, 255, 161, 72, 68, 188, 96, 0, 0, 145, 1, 0, 17, 1, 0, 197, 8, 178]
1546498381020;[171, 0, 17, 255, 161, 72, 68, 188, 96, 0, 0, 147, 1, 0, 20, 1, 0, 200, 8, 253]
1546498381188;[171, 0, 4, 255, 132, 128, 70]
1546498381193;[171, 0, 17, 255, 161, 72, 68, 188, 96, 0, 0, 156, 1, 0, 19, 1, 0, 206, 9, 85]
1546498381360;[171, 0, 17, 255, 161, 72, 68, 188, 96, 0, 0, 158, 1, 0, 23, 1, 0, 201, 9, 152]
1546498381534;[171, 0, 17, 255, 161, 72, 68, 188, 96, 0, 0, 166, 1, 0, 24, 1, 0, 197, 10, 52]
1546498381538;[171, 0, 17, 255, 161, 72, 68, 188, 96, 0, 0, 161, 1, 0, 23, 1, 0, 199, 10, 185]
1546498381880;[171, 0, 17, 255, 161, 72, 68, 188, 96, 0, 0, 164, 1, 0, 26, 1, 0, 196, 10, 204]
1546498381884;[171, 0, 17, 255, 161, 72, 68, 188, 96, 0, 0, 137, 1, 0, 20, 1, 0, 206, 10, 231]
1546498381888;[171, 0, 17, 255, 161, 72, 68, 188, 96, 0, 0, 192, 1, 0, 24, 1, 0, 183, 10, 211]
1546498382052;[171, 0, 17, 255, 161, 72, 68, 188, 96, 0, 0, 179, 1, 0, 23, 1, 0, 186, 10, 166]
1546498382056;[171, 0, 17, 255, 161, 72, 68, 188, 97, 0, 0, 171, 1, 0, 23, 1, 0, 186, 10, 64]
1546498382224;[171, 0, 17, 255, 161, 72, 68, 188, 97, 0, 0, 179, 1, 0, 23, 1, 0, 185, 9, 197]
1546498382228;[171, 0, 4, 255, 132, 128, 68]
1546498382398;[171, 0, 17, 255, 161, 72, 68, 188, 97, 0, 0, 182, 1, 0, 23, 1, 0, 183, 9, 122]
1546498382402;[171, 0, 17, 255, 161, 72, 68, 188, 97, 0, 0, 178, 1, 0, 24, 1, 0, 190, 9, 43]
1546498382567;[171, 0, 17, 255, 161, 72, 68, 188, 97, 0, 0, 177, 1, 0, 24, 1, 0, 187, 8, 206]
1546498382740;[171, 0, 17, 255, 161, 72, 68, 188, 97, 0, 0, 179, 1, 0, 24, 1, 0, 187, 8, 75]
1546498382744;[171, 0, 17, 255, 161, 72, 68, 188, 97, 0, 0, 178, 1, 0, 24, 1, 0, 190, 7, 250]
1546498383260;[171, 0, 17, 255, 161, 72, 68, 188, 97, 0, 0, 152, 1, 0, 23, 1, 0, 198, 7, 172]
1546498383264;[171, 0, 17, 255, 161, 72, 68, 188, 97, 0, 0, 165, 1, 0, 23, 1, 0, 196, 7, 91]
1546498383268;[171, 0, 17, 255, 161, 72, 68, 188, 97, 0, 0, 163, 1, 0, 23, 1, 0, 195, 7, 33]
1546498383273;[171, 0, 17, 255, 161, 72, 68, 188, 98, 0, 0, 157, 1, 0, 22, 1, 0, 201, 7, 140]
1546498383432;[171, 0, 17, 255, 161, 72, 68, 188, 98, 0, 0, 126, 1, 0, 23, 1, 0, 216, 8, 93]
1546498383441;[171, 0, 4, 255, 132, 128, 66]
1546498383443;[171, 0, 17, 255, 161, 72, 68, 188, 98, 0, 0, 138, 1, 0, 33, 1, 0, 206, 8, 125]
1546498383604;[171, 0, 17, 255, 161, 72, 68, 188, 98, 0, 0, 117, 1, 0, 23, 1, 0, 220, 8, 117]
1546498383609;[171, 0, 17, 255, 161, 72, 68, 188, 98, 0, 0, 132, 1, 0, 28, 1, 0, 220, 8, 154]
1546498383777;[171, 0, 17, 255, 161, 72, 68, 188, 98, 0, 0, 132, 1, 0, 24, 1, 0, 220, 8, 251]
1546498383781;[171, 0, 17, 255, 161, 72, 68, 188, 98, 0, 0, 126, 1, 0, 34, 1, 0, 220, 9, 73]
1546498383952;[171, 0, 17, 255, 161, 72, 68, 188, 98, 0, 0, 120, 1, 0, 24, 1, 0, 220, 9, 141]
1546498384120;[171, 0, 17, 255, 161, 72, 68, 188, 98, 0, 0, 132, 1, 0, 29, 1, 0, 220, 10, 47]
1546498384125;[171, 0, 17, 255, 161, 72, 68, 188, 98, 0, 0, 120, 1, 0, 24, 1, 0, 224, 10, 219]
1546498384472;[171, 0, 17, 255, 161, 72, 68, 188, 99, 0, 0, 136, 1, 0, 30, 1, 0, 220, 11, 45]
1546498384480;[171, 0, 17, 255, 161, 72, 68, 188, 99, 0, 0, 126, 1, 0, 33, 1, 0, 214, 11, 91]
1546498384482;[171, 0, 4, 255, 132, 128, 65]
1546498384639;[171, 0, 17, 255, 161, 72, 68, 188, 99, 0, 0, 176, 1, 0, 24, 1, 0, 195, 10, 209]
1546498384643;[171, 0, 17, 255, 161, 72, 68, 188, 99, 0, 1, 18, 1, 0, 37, 1, 0, 145, 9, 50]
1546498384811;[171, 0, 17, 255, 161, 72, 68, 188, 99, 0, 0, 209, 1, 0, 25, 1, 0, 133, 9, 16]
1546498384815;[171, 0, 17, 255, 161, 72, 68, 188, 99, 0, 0, 209, 1, 0, 23, 1, 0, 147, 9, 198]
1546498384983;[171, 0, 17, 255, 161, 72, 68, 188, 99, 0, 0, 217, 1, 0, 24, 1, 0, 136, 10, 175]
1546498384987;[171, 0, 17, 255, 161, 72, 68, 188, 99, 0, 0, 203, 1, 0, 24, 1, 0, 154, 11, 83]
1546498385156;[171, 0, 17, 255, 161, 72, 68, 188, 99, 0, 0, 187, 1, 0, 24, 1, 0, 162, 11, 216]
1546498385330;[171, 0, 17, 255, 161, 72, 68, 188, 99, 0, 0, 205, 1, 0, 29, 1, 0, 157, 11, 216]
1546498385334;[171, 0, 17, 255, 161, 72, 68, 188, 100, 0, 0, 181, 1, 0, 33, 1, 0, 170, 12, 113]
1546498385674;[171, 0, 17, 255, 161, 72, 68, 188, 100, 0, 0, 138, 1, 0, 22, 1, 0, 211, 12, 161]
1546498385678;[171, 0, 4, 255, 132, 128, 62]
1546498385682;[171, 0, 17, 255, 161, 72, 68, 188, 100, 0, 0, 171, 1, 0, 32, 1, 0, 198, 12, 140]
1546498385847;[171, 0, 17, 255, 161, 72, 68, 188, 100, 0, 0, 143, 1, 0, 29, 1, 0, 206, 13, 28]
1546498385850;[171, 0, 17, 255, 161, 72, 68, 188, 100, 0, 0, 146, 1, 0, 33, 1, 0, 211, 13, 183]
1546498386020;[171, 0, 17, 255, 161, 72, 68, 188, 100, 0, 0, 146, 1, 0, 30, 1, 0, 211, 14, 25]
1546498386024;[171, 0, 17, 255, 161, 72, 68, 188, 100, 0, 0, 137, 1, 0, 29, 1, 0, 212, 14, 113]
1546498386191;[171, 0, 17, 255, 161, 72, 68, 188, 100, 0, 0, 144, 1, 0, 33, 1, 0, 211, 14, 134]
1546498386195;[171, 0, 17, 255, 161, 72, 68, 188, 100, 0, 0, 160, 1, 0, 30, 1, 0, 204, 14, 20]
1546498386364;[171, 0, 17, 255, 161, 72, 68, 188, 100, 0, 0, 143, 1, 0, 34, 1, 0, 198, 13, 92]
1546498386535;[171, 0, 17, 255, 161, 72, 68, 188, 101, 0, 0, 198, 1, 0, 34, 1, 0, 133, 11, 139]
1546498386539;[171, 0, 17, 255, 161, 72, 68, 188, 101, 0, 0, 221, 1, 0, 29, 1, 0, 125, 11, 182]
1546498386708;[171, 0, 4, 255, 132, 128, 62]
1546498386712;[171, 0, 17, 255, 161, 72, 68, 188, 101, 0, 0, 229, 1, 0, 29, 1, 0, 141, 12, 173]
1546498387054;[171, 0, 17, 255, 161, 72, 68, 188, 101, 0, 0, 212, 1, 0, 20, 1, 0, 158, 13, 4]
1546498387058;[171, 0, 17, 255, 161, 72, 68, 188, 101, 0, 0, 196, 1, 0, 21, 1, 0, 178, 12, 134]
1546498387062;[171, 0, 17, 255, 161, 72, 68, 188, 101, 0, 0, 145, 1, 0, 33, 1, 0, 201, 12, 86]
1546498387226;[171, 0, 17, 255, 161, 72, 68, 188, 101, 0, 0, 136, 1, 0, 35, 1, 0, 211, 12, 66]
1546498387230;[171, 0, 17, 255, 161, 72, 68, 188, 101, 0, 0, 103, 1, 0, 30, 1, 0, 230, 12, 138]
1546498387400;[171, 0, 17, 255, 161, 72, 68, 188, 101, 0, 0, 117, 1, 0, 29, 1, 0, 226, 13, 25]
1546498387404;[171, 0, 17, 255, 161, 72, 68, 188, 101, 0, 0, 124, 1, 0, 35, 1, 0, 224, 13, 126]
1546498387571;[171, 0, 17, 255, 161, 72, 68, 188, 102, 0, 0, 95, 1, 0, 24, 1, 0, 235, 13, 152]
1546498387743;[171, 0, 17, 255, 161, 72, 68, 188, 102, 0, 0, 108, 1, 0, 34, 1, 0, 220, 12, 138]
1546498387747;[171, 0, 4, 255, 132, 128, 62]
1546498387916;[171, 0, 17, 255, 161, 72, 68, 188, 102, 0, 0, 101, 1, 0, 23, 1, 0, 233, 11, 68]
1546498387920;[171, 0, 17, 255, 161, 72, 68, 188, 102, 0, 0, 109, 1, 0, 24, 1, 0, 231, 11, 9]
1546498388262;[171, 0, 17, 255, 161, 72, 68, 188, 102, 0, 0, 118, 1, 0, 26, 1, 0, 220, 10, 242]
1546498388266;[171, 0, 17, 255, 161, 72, 68, 188, 102, 0, 0, 141, 1, 0, 29, 1, 0, 219, 10, 228]
1546498388270;[171, 0, 17, 255, 161, 72, 68, 188, 102, 0, 0, 151, 1, 0, 29, 1, 0, 211, 11, 40]
1546498388441;[171, 0, 17, 255, 161, 72, 68, 188, 102, 0, 0, 141, 1, 0, 33, 1, 0, 211, 11, 153]
1546498388445;[171, 0, 17, 255, 161, 72, 68, 188, 102, 0, 0, 138, 1, 0, 26, 1, 0, 214, 11, 214]
