1546500042280;[171, 0, 15, 255, 146, 192, 3, 7, 212, 226, 168, 31, 2, 197, 49, 0, 11, 2]
1546500042371;[171, 0, 5, 255, 145, 128, 0, 100]
1546500052729;[171, 0, 4, 255, 132, 128, 255]
1546500053072;[171, 0, 14, 255, 81, 8, 0, 5, 236, 0, 0, 56, 0, 0, 0, 0, 0]
1546500053246;[171, 0, 10, 255, 81, 17, 18, 11, 9, 16, 20, 64, 64]
1546500053252;[171, 0, 10, 255, 81, 17, 18, 11, 9, 16, 25, 70, 70]
1546500053589;[171, 0, 10, 255, 81, 17, 18, 11, 9, 16, 30, 71, 71]
1546500053595;[171, 0, 10, 255, 81, 17, 18, 11, 19, 12, 10, 73, 73]
1546500053598;[171, 0, 10, 255, 81, 17, 18, 11, 19, 12, 15, 82, 82]
1546500053601;[171, 0, 10, 255, 81, 17, 18, 11, 19, 12, 20, 73, 73]
1546500053764;[171, 0, 10, 255, 81, 17, 18, 11, 19, 12, 25, 77, 77]
1546500053937;[171, 0, 10, 255, 81, 17, 18, 11, 19, 12, 30, 78, 78]
1546500054110;[171, 0, 10, 255, 81, 17, 18, 11, 19, 12, 35, 73, 73]
1546500054115;[171, 0, 10, 255, 81, 17, 18, 11, 19, 12, 40, 63, 63]
1546500054119;[171, 0, 10, 255, 81, 17, 18, 11, 19, 12, 45, 63, 63]
1546500054282;[171, 0, 10, 255, 81, 17, 18, 11, 19, 12, 50, 63, 63]
1546500054287;[171, 0, 10, 255, 81, 17, 18, 11, 19, 12, 55, 81, 81]
1546500054453;[171, 0, 10, 255, 81, 17, 18, 11, 19, 13, 0, 96, 96]
1546500054973;[171, 0, 10, 255, 81, 17, 18, 11, 19, 13, 45, 78, 78]
1546500054977;[171, 0, 10, 255, 81, 17, 18, 11, 19, 13, 50, 79, 79]
1546500054981;[171, 0, 10, 255, 81, 17, 18, 11, 19, 13, 55, 70, 70]
1546500054986;[171, 0, 10, 255, 81, 17, 18, 11, 19, 14, 0, 68, 68]
1546500054990;[171, 0, 10, 255, 81, 17, 18, 11, 19, 14, 5, 80, 80]
1546500055144;[171, 0, 10, 255, 81, 17, 18, 11, 19, 14, 10, 73, 73]
1546500055147;[171, 0, 10, 255, 81, 17, 18, 11, 19, 14, 15, 72, 72]
1546500055316;[171, 0, 10, 255, 81, 17, 18, 11, 19, 14, 20, 66, 66]
1546500055489;[171, 0, 10, 255, 81, 17, 18, 11, 19, 14, 25, 73, 73]
1546500055493;[171, 0, 10, 255, 81, 17, 18, 11, 19, 14, 30, 83, 83]
1546500055660;[171, 0, 10, 255, 81, 17, 18, 12, 5, 15, 40, 84, 84]
1546500062733;[171, 0, 4, 255, 132, 128, 255]
1546500072907;[171, 0, 4, 255, 132, 128, 255]
1546500082743;[171, 0, 4, 255, 132, 128, 255]
1546500092749;[171, 0, 4, 255, 132, 128, 255]
1546500102922;[171, 0, 4, 255, 132, 128, 255]
1546500112926;[171, 0, 4, 255, 132, 128, 255]
1546500122765;[171, 0, 4, 255, 132, 128, 255]
1546500132941;[171, 0, 4, 255, 132, 128, 255]
1546500142774;[171, 0, 4, 255, 132, 128, 255]
1546500152780;[171, 0, 4, 255, 132, 128, 255]
1546500162785;[171, 0, 4, 255, 132, 128, 255]
1546500172961;[171, 0, 4, 255, 132, 128, 255]
1546500183135;[171, 0, 4, 255, 132, 128, 255]
1546500192835;[171, 0, 4, 255, 132, 128, 255]
1546500202805;[171, 0, 4, 255, 132, 128, 255]
1546500212979;[171, 0, 4, 255, 132, 128, 255]
1546500222814;[171, 0, 4, 255, 132, 128, 255]
1546500232819;[171, 0, 4, 255, 132, 128, 255]
1546500242997;[171, 0, 4, 255, 132, 128, 255]
1546500252831;[171, 0, 4, 255, 132, 128, 255]
1546500262835;[171, 0, 4, 255, 132, 128, 255]
1546500272668;[171, 0, 4, 255, 132, 128, 255]
1546500282673;[171, 0, 4, 255, 132, 128, 255]
1546500292677;[171, 0, 4, 255, 132, 128, 255]
1546500302855;[171, 0, 4, 255, 132, 128, 255]
1546500312859;[171, 0, 4, 255, 132, 128, 255]
1546500322860;[171, 0, 4, 255, 132, 128, 255]
1546500332697;[171, 0, 4, 255, 132, 128, 255]
1546500342874;[171, 0, 4, 255, 132, 128, 255]
1546500352709;[171, 0, 4, 255, 132, 128, 255]
1546500363053;[171, 0, 4, 255, 132, 128, 255]
1546500372886;[171, 0, 4, 255, 132, 128, 255]
1546500382723;[171, 0, 4, 255, 132, 128, 255]
1546500392728;[171, 0, 4, 255, 132, 128, 255]
1546500402733;[171, 0, 4, 255, 132, 128, 255]
1546500412739;[171, 0, 4, 255, 132, 128, 255]
1546500422743;[171, 0, 4, 255, 132, 128, 255]
1546500432748;[171, 0, 4, 255, 132, 128, 255]
1546500442753;[171, 0, 4, 255, 132, 128, 255]
1546500452931;[171, 0, 4, 255, 132, 128, 255]
1546500462917;[171, 0, 4, 255, 132, 128, 255]
1546500472767;[171, 0, 4, 255, 132, 128, 255]
1546500482941;[171, 0, 4, 255, 132, 128, 255]
1546500492946;[171, 0, 4, 255, 132, 128, 255]
1546500502956;[171, 0, 4, 255, 132, 128, 255]
1546500512788;[171, 0, 4, 255, 132, 128, 255]
1546500522794;[171, 0, 4, 255, 132, 128, 255]
1546500532799;[171, 0, 4, 255, 132, 128, 255]
1546500542804;[171, 0, 4, 255, 132, 128, 255]
1546500552808;[171, 0, 4, 255, 132, 128, 255]
