1546499933742;[171, 0, 15, 255, 146, 192, 3, 7, 212, 226, 168, 31, 2, 197, 49, 0, 11, 2]
1546499933876;[171, 0, 5, 255, 145, 128, 0, 100]
1546499944744;[171, 0, 4, 255, 132, 128, 255]
1546499945089;[171, 0, 14, 255, 81, 8, 0, 5, 236, 0, 0, 56, 0, 0, 0, 0, 0]
1546499945139;[171, 0, 10, 255, 81, 17, 18, 11, 9, 16, 20, 64, 64]
1546499945261;[171, 0, 10, 255, 81, 17, 18, 11, 9, 16, 25, 70, 70]
1546499945433;[171, 0, 10, 255, 81, 17, 18, 11, 9, 16, 30, 71, 71]
1546499945437;[171, 0, 10, 255, 81, 17, 18, 11, 19, 12, 10, 73, 73]
1546499945606;[171, 0, 10, 255, 81, 17, 18, 11, 19, 12, 15, 82, 82]
1546499945779;[171, 0, 10, 255, 81, 17, 18, 11, 19, 12, 20, 73, 73]
1546499945783;[171, 0, 10, 255, 81, 17, 18, 11, 19, 12, 25, 77, 77]
1546499946124;[171, 0, 10, 255, 81, 17, 18, 11, 19, 12, 30, 78, 78]
1546499946128;[171, 0, 10, 255, 81, 17, 18, 11, 19, 12, 35, 73, 73]
1546499946132;[171, 0, 10, 255, 81, 17, 18, 11, 19, 12, 40, 63, 63]
1546499946136;[171, 0, 10, 255, 81, 17, 18, 11, 19, 12, 45, 63, 63]
1546499946296;[171, 0, 10, 255, 81, 17, 18, 11, 19, 12, 50, 63, 63]
1546499946300;[171, 0, 10, 255, 81, 17, 18, 11, 19, 12, 55, 81, 81]
1546499946468;[171, 0, 10, 255, 81, 17, 18, 11, 19, 13, 0, 96, 96]
1546499946641;[171, 0, 10, 255, 81, 17, 18, 11, 19, 13, 45, 78, 78]
1546499946645;[171, 0, 10, 255, 81, 17, 18, 11, 19, 13, 50, 79, 79]
1546499946813;[171, 0, 10, 255, 81, 17, 18, 11, 19, 13, 55, 70, 70]
1546499946817;[171, 0, 10, 255, 81, 17, 18, 11, 19, 14, 0, 68, 68]
1546499946986;[171, 0, 10, 255, 81, 17, 18, 11, 19, 14, 5, 80, 80]
1546499946990;[171, 0, 10, 255, 81, 17, 18, 11, 19, 14, 10, 73, 73]
1546499947331;[171, 0, 10, 255, 81, 17, 18, 11, 19, 14, 15, 72, 72]
1546499947335;[171, 0, 10, 255, 81, 17, 18, 11, 19, 14, 20, 66, 66]
1546499947503;[171, 0, 10, 255, 81, 17, 18, 11, 19, 14, 25, 73, 73]
1546499947507;[171, 0, 10, 255, 81, 17, 18, 11, 19, 14, 30, 83, 83]
1546499947676;[171, 0, 10, 255, 81, 17, 18, 12, 5, 15, 40, 84, 84]
1546499954748;[171, 0, 4, 255, 132, 128, 255]
1546499964922;[171, 0, 4, 255, 132, 128, 255]
1546499975233;[171, 0, 4, 255, 132, 128, 255]
1546499984764;[171, 0, 4, 255, 132, 128, 255]
1546499994768;[171, 0, 4, 255, 132, 128, 255]
