1546498637178;[171, 0, 17, 255, 161, 72, 68, 189, 110, 0, 0, 132, 1, 0, 35, 1, 0, 218, 8, 22]
1546498637192;[171, 0, 17, 255, 161, 72, 68, 189, 111, 0, 0, 132, 1, 0, 39, 1, 0, 216, 8, 48]
1546498637351;[171, 0, 17, 255, 161, 72, 68, 189, 111, 0, 0, 134, 1, 0, 38, 1, 0, 217, 8, 54]
1546498637524;[171, 0, 4, 255, 132, 128, 81]
1546498637528;[171, 0, 17, 255, 161, 72, 68, 189, 111, 0, 0, 135, 1, 0, 39, 1, 0, 217, 8, 69]
1546498637870;[171, 0, 17, 255, 161, 72, 68, 189, 111, 0, 0, 131, 1, 0, 38, 1, 0, 217, 8, 65]
1546498637874;[171, 0, 17, 255, 161, 72, 68, 189, 111, 0, 0, 137, 1, 0, 40, 1, 0, 216, 8, 65]
1546498637878;[171, 0, 17, 255, 161, 72, 68, 189, 111, 0, 0, 138, 1, 0, 39, 1, 0, 217, 8, 62]
1546498637883;[171, 0, 17, 255, 161, 72, 68, 189, 111, 0, 0, 134, 1, 0, 39, 1, 0, 217, 8, 78]
1546498638040;[171, 0, 17, 255, 161, 72, 68, 189, 111, 0, 0, 133, 1, 0, 38, 1, 0, 218, 8, 100]
1546498638213;[171, 0, 17, 255, 161, 72, 68, 189, 111, 0, 0, 132, 1, 0, 38, 1, 0, 217, 8, 90]
1546498638216;[171, 0, 17, 255, 161, 72, 68, 189, 111, 0, 0, 132, 1, 0, 35, 1, 0, 219, 8, 78]
1546498638387;[171, 0, 17, 255, 161, 72, 68, 189, 112, 0, 0, 134, 1, 0, 40, 1, 0, 219, 8, 65]
1546498638391;[171, 0, 17, 255, 161, 72, 68, 189, 112, 0, 0, 131, 1, 0, 39, 1, 0, 219, 8, 47]
1546498638559;[171, 0, 4, 255, 132, 128, 81]
1546498638731;[171, 0, 17, 255, 161, 72, 68, 189, 112, 0, 0, 131, 1, 0, 40, 1, 0, 218, 8, 18]
1546498638735;[171, 0, 17, 255, 161, 72, 68, 189, 112, 0, 0, 132, 1, 0, 39, 1, 0, 219, 7, 244]
1546498638904;[171, 0, 17, 255, 161, 72, 68, 189, 112, 0, 0, 131, 1, 0, 39, 1, 0, 219, 8, 23]
1546498638908;[171, 0, 17, 255, 161, 72, 68, 189, 112, 0, 0, 134, 1, 0, 37, 1, 0, 219, 8, 42]
1546498639249;[171, 0, 17, 255, 161, 72, 68, 189, 112, 0, 0, 134, 1, 0, 39, 1, 0, 219, 8, 48]
1546498639252;[171, 0, 17, 255, 161, 72, 68, 189, 112, 0, 0, 131, 1, 0, 37, 1, 0, 219, 8, 55]
1546498639256;[171, 0, 17, 255, 161, 72, 68, 189, 112, 0, 0, 124, 1, 0, 40, 1, 0, 219, 8, 41]
1546498639421;[171, 0, 17, 255, 161, 72, 68, 189, 112, 0, 0, 131, 1, 0, 39, 1, 0, 219, 7, 245]
1546498639424;[171, 0, 17, 255, 161, 72, 68, 189, 113, 0, 0, 132, 1, 0, 39, 1, 0, 219, 7, 229]
1546498639593;[171, 0, 17, 255, 161, 72, 68, 189, 115, 0, 0, 123, 1, 0, 40, 1, 0, 220, 7, 66]
1546498639765;[171, 0, 17, 255, 161, 72, 68, 189, 115, 0, 0, 121, 1, 0, 40, 1, 0, 220, 7, 97]
1546498639769;[171, 0, 17, 255, 161, 72, 68, 189, 115, 0, 0, 131, 1, 0, 43, 1, 0, 220, 7, 127]
1546498640112;[171, 0, 17, 255, 161, 72, 68, 189, 115, 0, 0, 123, 1, 0, 40, 1, 0, 220, 7, 138]
1546498640116;[171, 0, 17, 255, 161, 72, 68, 189, 115, 0, 0, 126, 1, 0, 40, 1, 0, 220, 7, 137]
1546498640458;[171, 0, 17, 255, 161, 72, 68, 189, 115, 0, 0, 131, 1, 0, 41, 1, 0, 218, 7, 209]
1546498640465;[171, 0, 17, 255, 161, 72, 68, 189, 115, 0, 0, 120, 1, 0, 40, 1, 0, 220, 8, 12]
1546498640470;[171, 0, 17, 255, 161, 72, 68, 189, 115, 0, 0, 128, 1, 0, 39, 1, 0, 220, 8, 29]
1546498640630;[171, 0, 17, 255, 161, 72, 68, 189, 116, 0, 0, 124, 1, 0, 40, 1, 0, 220, 8, 55]
1546498640634;[171, 0, 17, 255, 161, 72, 68, 189, 116, 0, 0, 121, 1, 0, 43, 1, 0, 219, 8, 57]
1546498640802;[171, 0, 4, 255, 132, 128, 81]
1546498640806;[171, 0, 17, 255, 161, 72, 68, 189, 116, 0, 0, 123, 1, 0, 40, 1, 0, 220, 8, 46]
1546498640973;[171, 0, 17, 255, 161, 72, 68, 189, 116, 0, 0, 128, 1, 0, 43, 1, 0, 220, 8, 48]
1546498640977;[171, 0, 17, 255, 161, 72, 68, 189, 116, 0, 0, 118, 1, 0, 42, 1, 0, 220, 8, 36]
1546498641146;[171, 0, 17, 255, 161, 72, 68, 189, 116, 0, 0, 124, 1, 0, 40, 1, 0, 219, 7, 250]
1546498641319;[171, 0, 17, 255, 161, 72, 68, 189, 116, 0, 0, 124, 1, 0, 40, 1, 0, 220, 7, 247]
1546498641323;[171, 0, 17, 255, 161, 72, 68, 189, 116, 0, 0, 117, 1, 0, 39, 1, 0, 220, 7, 176]
1546498641837;[171, 0, 17, 255, 161, 72, 68, 189, 116, 0, 0, 120, 1, 0, 40, 1, 0, 220, 7, 98]
1546498641842;[171, 0, 17, 255, 161, 72, 68, 189, 116, 0, 0, 118, 1, 0, 39, 1, 0, 224, 7, 48]
1546498641846;[171, 0, 17, 255, 161, 72, 68, 189, 117, 0, 0, 120, 1, 0, 39, 1, 0, 226, 7, 29]
1546498641850;[171, 0, 17, 255, 161, 72, 68, 189, 117, 0, 0, 111, 1, 0, 40, 1, 0, 224, 6, 177]
1546498642010;[171, 0, 4, 255, 132, 128, 80]
1546498642014;[171, 0, 17, 255, 161, 72, 68, 189, 117, 0, 0, 91, 1, 0, 40, 1, 0, 234, 6, 175]
1546498642018;[171, 0, 17, 255, 161, 72, 68, 189, 117, 0, 0, 93, 1, 0, 39, 1, 0, 237, 5, 59]
1546498642182;[171, 0, 17, 255, 161, 72, 68, 189, 117, 0, 0, 80, 1, 0, 41, 1, 0, 235, 3, 228]
1546498642186;[171, 0, 17, 255, 161, 72, 68, 189, 117, 0, 0, 77, 1, 0, 42, 1, 0, 240, 2, 155]
1546498642353;[171, 0, 17, 255, 161, 72, 68, 189, 117, 0, 0, 66, 1, 0, 43, 1, 0, 242, 1, 65]
1546498642527;[171, 0, 17, 255, 161, 72, 68, 189, 117, 0, 0, 61, 1, 0, 46, 1, 0, 236, 16, 63]
1546498642531;[171, 0, 17, 255, 161, 72, 68, 189, 117, 0, 0, 51, 1, 0, 44, 1, 0, 247, 7, 55]
1546498642699;[171, 0, 17, 255, 161, 72, 68, 189, 117, 0, 0, 40, 1, 0, 44, 1, 0, 254, 6, 143]
1546498642703;[171, 0, 17, 255, 161, 72, 68, 189, 118, 0, 0, 41, 1, 0, 46, 1, 0, 244, 6, 13]
1546498643044;[171, 0, 17, 255, 161, 72, 68, 189, 118, 0, 0, 31, 1, 0, 47, 1, 0, 237, 5, 162]
1546498643048;[171, 0, 4, 255, 132, 128, 80]
1546498643052;[171, 0, 17, 255, 161, 72, 68, 189, 118, 0, 0, 40, 1, 0, 35, 1, 1, 16, 5, 87]
1546498643218;[171, 0, 17, 255, 161, 72, 68, 189, 118, 0, 0, 26, 1, 0, 44, 1, 0, 226, 4, 253]
1546498643221;[171, 0, 17, 255, 161, 72, 68, 189, 118, 0, 0, 75, 1, 0, 29, 1, 1, 12, 4, 210]
1546498643389;[171, 0, 17, 255, 161, 72, 68, 189, 118, 0, 0, 21, 1, 0, 52, 1, 0, 214, 4, 157]
1546498643393;[171, 0, 17, 255, 161, 72, 68, 189, 118, 0, 0, 44, 1, 0, 34, 1, 1, 27, 4, 142]
1546498643560;[171, 0, 17, 255, 161, 72, 68, 189, 118, 0, 0, 34, 1, 0, 43, 1, 0, 225, 4, 99]
1546498643564;[171, 0, 17, 255, 161, 72, 68, 189, 118, 0, 0, 46, 1, 0, 37, 1, 1, 9, 4, 44]
1546498643733;[171, 0, 17, 255, 161, 72, 68, 189, 118, 0, 0, 47, 1, 0, 40, 1, 0, 241, 3, 255]
1546498643907;[171, 0, 17, 255, 161, 72, 68, 189, 119, 0, 0, 54, 1, 0, 37, 1, 0, 254, 3, 243]
1546498643911;[171, 0, 17, 255, 161, 72, 68, 189, 119, 0, 0, 59, 1, 0, 43, 1, 0, 244, 3, 174]
1546498644251;[171, 0, 4, 255, 132, 128, 80]
1546498644256;[171, 0, 17, 255, 161, 72, 68, 189, 119, 0, 0, 68, 1, 0, 35, 1, 1, 4, 3, 105]
1546498644260;[171, 0, 17, 255, 161, 72, 68, 189, 119, 0, 0, 54, 1, 0, 41, 1, 0, 237, 3, 62]
1546498644424;[171, 0, 17, 255, 161, 72, 68, 189, 119, 0, 0, 83, 1, 0, 40, 1, 0, 251, 3, 43]
1546498644428;[171, 0, 17, 255, 161, 72, 68, 189, 119, 0, 0, 61, 1, 0, 43, 1, 0, 231, 3, 16]
1546498644597;[171, 0, 17, 255, 161, 72, 68, 189, 119, 0, 0, 75, 1, 0, 35, 1, 0, 252, 2, 244]
1546498644601;[171, 0, 17, 255, 161, 72, 68, 189, 119, 0, 0, 58, 1, 0, 43, 1, 0, 235, 2, 207]
1546498644770;[171, 0, 17, 255, 161, 72, 68, 189, 119, 0, 0, 85, 1, 0, 42, 1, 0, 255, 2, 192]
1546498644774;[171, 0, 17, 255, 161, 72, 68, 189, 119, 0, 0, 27, 1, 0, 47, 1, 0, 224, 2, 157]
1546498644941;[171, 0, 17, 255, 161, 72, 68, 189, 120, 0, 0, 77, 1, 0, 34, 1, 0, 255, 2, 133]
1546498645114;[171, 0, 17, 255, 161, 72, 68, 189, 120, 0, 0, 49, 1, 0, 41, 1, 0, 235, 2, 117]
1546498645117;[171, 0, 4, 255, 132, 128, 80]
1546498645287;[171, 0, 17, 255, 161, 72, 68, 189, 120, 0, 0, 64, 1, 0, 39, 1, 0, 246, 2, 106]
1546498645290;[171, 0, 17, 255, 161, 72, 68, 189, 120, 0, 0, 51, 1, 0, 40, 1, 0, 237, 2, 106]
1546498645632;[171, 0, 17, 255, 161, 72, 68, 189, 120, 0, 0, 54, 1, 0, 43, 1, 0, 237, 2, 93]
1546498645636;[171, 0, 17, 255, 161, 72, 68, 189, 120, 0, 0, 67, 1, 0, 40, 1, 0, 247, 2, 74]
1546498645640;[171, 0, 17, 255, 161, 72, 68, 189, 120, 0, 0, 45, 1, 0, 41, 1, 0, 230, 2, 68]
1546498645804;[171, 0, 17, 255, 161, 72, 68, 189, 120, 0, 0, 78, 1, 0, 39, 1, 0, 244, 2, 135]
1546498645808;[171, 0, 17, 255, 161, 72, 68, 189, 120, 0, 0, 63, 1, 0, 51, 1, 0, 233, 2, 212]
1546498645976;[171, 0, 17, 255, 161, 72, 68, 189, 120, 0, 0, 61, 1, 0, 47, 1, 0, 237, 3, 1]
1546498645980;[171, 0, 17, 255, 161, 72, 68, 189, 121, 0, 0, 40, 1, 0, 52, 1, 0, 243, 3, 16]
1546498646150;[171, 0, 17, 255, 161, 72, 68, 189, 121, 0, 0, 19, 1, 0, 55, 1, 0, 238, 2, 244]
1546498646320;[171, 0, 4, 255, 132, 128, 80]
1546498646324;[171, 0, 17, 255, 161, 72, 68, 189, 121, 0, 0, 21, 1, 0, 53, 1, 0, 247, 2, 234]
1546498646493;[171, 0, 17, 255, 161, 72, 68, 189, 121, 0, 0, 23, 1, 0, 50, 1, 0, 255, 2, 224]
1546498646498;[171, 0, 17, 255, 161, 72, 68, 189, 121, 0, 0, 21, 1, 0, 60, 1, 0, 234, 3, 50]
1546498646839;[171, 0, 17, 255, 161, 72, 68, 189, 121, 0, 0, 1, 1, 0, 48, 1, 0, 232, 3, 164]
1546498646843;[171, 0, 17, 255, 161, 72, 68, 189, 121, 0, 0, 73, 1, 0, 48, 1, 1, 25, 4, 31]
1546498646847;[171, 0, 17, 255, 161, 72, 68, 189, 121, 0, 0, 156, 1, 0, 56, 1, 0, 220, 5, 169]
1546498647011;[171, 0, 17, 255, 161, 72, 68, 189, 121, 0, 0, 148, 1, 0, 91, 1, 0, 116, 6, 210]
1546498647015;[171, 0, 17, 255, 161, 72, 68, 189, 122, 0, 0, 228, 1, 0, 87, 1, 0, 59, 6, 210]
1546498647184;[171, 0, 17, 255, 161, 72, 68, 189, 122, 0, 1, 8, 1, 0, 80, 0, 0, 6, 7, 219]
1546498647188;[171, 0, 17, 255, 161, 72, 68, 189, 122, 0, 0, 240, 1, 0, 76, 0, 0, 70, 8, 170]
1546498647356;[171, 0, 4, 255, 132, 128, 80]
1546498647530;[171, 0, 17, 255, 161, 72, 68, 189, 122, 0, 0, 234, 1, 0, 77, 0, 0, 90, 9, 130]
1546498647534;[171, 0, 17, 255, 161, 72, 68, 189, 122, 0, 0, 233, 1, 0, 71, 0, 0, 60, 10, 251]
1546498647700;[171, 0, 17, 255, 161, 72, 68, 189, 122, 0, 0, 243, 1, 0, 62, 0, 0, 46, 12, 43]
1546498647704;[171, 0, 17, 255, 161, 72, 68, 189, 122, 0, 0, 237, 1, 0, 52, 0, 0, 24, 12, 246]
1546498647873;[171, 0, 17, 255, 161, 72, 68, 189, 122, 0, 1, 3, 1, 0, 51, 0, 0, 41, 13, 155]
1546498647877;[171, 0, 17, 255, 161, 72, 68, 189, 122, 0, 0, 254, 1, 0, 59, 1, 0, 1, 13, 232]
1546498648219;[171, 0, 17, 255, 161, 72, 68, 189, 122, 0, 0, 221, 1, 0, 58, 1, 0, 51, 14, 21]
1546498648223;[171, 0, 17, 255, 161, 72, 68, 189, 123, 0, 1, 3, 1, 0, 86, 0, 0, 11, 14, 177]
1546498648227;[171, 0, 17, 255, 161, 72, 68, 189, 123, 0, 1, 52, 1, 0, 148, 0, 0, 57, 31, 77]
1546498648391;[171, 0, 17, 255, 161, 72, 68, 189, 123, 0, 1, 110, 1, 0, 103, 1, 0, 130, 8, 149]
1546498648395;[171, 0, 4, 255, 132, 128, 80]
1546498648563;[171, 0, 17, 255, 161, 72, 68, 189, 123, 0, 0, 154, 1, 0, 106, 1, 0, 103, 8, 149]
1546498648567;[171, 0, 17, 255, 161, 72, 68, 189, 123, 0, 0, 17, 1, 0, 160, 1, 0, 175, 7, 142]
1546498648736;[171, 0, 17, 255, 161, 72, 68, 189, 123, 0, 0, 68, 1, 0, 208, 1, 0, 94, 6, 246]
1546498648909;[171, 0, 17, 255, 161, 72, 68, 189, 123, 0, 0, 80, 1, 0, 200, 1, 0, 120, 6, 43]
1546498648912;[171, 0, 17, 255, 161, 72, 68, 189, 123, 0, 0, 95, 1, 0, 185, 1, 0, 149, 5, 87]
1546498649081;[171, 0, 17, 255, 161, 72, 68, 189, 123, 0, 0, 83, 1, 0, 184, 1, 0, 151, 4, 173]
1546498649085;[171, 0, 17, 255, 161, 72, 68, 189, 123, 0, 0, 66, 1, 0, 175, 1, 0, 161, 4, 207]
1546498649428;[171, 0, 17, 255, 161, 72, 68, 189, 128, 0, 0, 93, 1, 0, 137, 1, 0, 189, 5, 96]
1546498649432;[171, 0, 17, 255, 161, 72, 68, 189, 128, 0, 0, 179, 1, 0, 170, 1, 0, 107, 5, 64]
1546498649437;[171, 0, 17, 255, 161, 72, 68, 189, 128, 0, 0, 245, 1, 0, 196, 1, 0, 191, 4, 252]
1546498649597;[171, 0, 4, 255, 132, 128, 80]
1546498649601;[171, 0, 17, 255, 161, 72, 68, 189, 128, 0, 0, 103, 1, 0, 148, 1, 0, 196, 5, 157]
1546498649771;[171, 0, 17, 255, 161, 72, 68, 189, 128, 0, 0, 11, 1, 0, 140, 1, 0, 198, 5, 113]
1546498649775;[171, 0, 17, 255, 161, 72, 68, 189, 128, 0, 0, 21, 1, 0, 101, 1, 0, 246, 4, 62]
1546498649944;[171, 0, 17, 255, 161, 72, 68, 189, 128, 0, 0, 39, 1, 0, 102, 1, 0, 236, 3, 103]
1546498650117;[171, 0, 17, 255, 161, 72, 68, 189, 128, 0, 0, 42, 1, 0, 93, 1, 0, 207, 3, 103]
1546498650120;[171, 0, 17, 255, 161, 72, 68, 189, 128, 1, 0, 16, 1, 0, 136, 1, 0, 235, 3, 95]
1546498650289;[171, 0, 17, 255, 161, 72, 68, 189, 128, 0, 0, 39, 1, 0, 111, 1, 0, 251, 3, 124]
1546498650293;[171, 0, 17, 255, 161, 72, 68, 189, 129, 0, 0, 18, 1, 0, 87, 1, 0, 233, 3, 89]
1546498650635;[171, 0, 17, 255, 161, 72, 68, 189, 129, 0, 0, 11, 1, 0, 87, 1, 0, 235, 2, 186]
1546498650639;[171, 0, 17, 255, 161, 72, 68, 189, 129, 0, 0, 4, 1, 0, 75, 1, 0, 249, 1, 236]
1546498650642;[171, 0, 4, 255, 132, 128, 80]
1546498650805;[171, 0, 17, 255, 161, 72, 68, 189, 129, 0, 0, 0, 1, 0, 76, 1, 0, 238, 1, 127]
1546498650809;[171, 0, 17, 255, 161, 72, 68, 189, 129, 0, 0, 10, 1, 0, 66, 1, 0, 251, 1, 37]
1546498650980;[171, 0, 17, 255, 161, 72, 68, 189, 129, 0, 0, 10, 1, 0, 65, 1, 1, 0, 0, 241]
1546498650984;[171, 0, 17, 255, 161, 72, 68, 189, 129, 0, 0, 13, 1, 0, 70, 1, 0, 237, 16, 131]
1546498651150;[171, 0, 17, 255, 161, 72, 68, 189, 129, 0, 0, 31, 1, 0, 59, 1, 0, 250, 7, 149]
1546498651324;[171, 0, 17, 255, 161, 72, 68, 189, 129, 0, 0, 19, 1, 0, 58, 1, 1, 6, 7, 82]
1546498651328;[171, 0, 17, 255, 161, 72, 68, 189, 129, 0, 0, 11, 1, 0, 60, 1, 0, 237, 7, 49]
1546498651495;[171, 0, 17, 255, 161, 72, 68, 189, 130, 0, 0, 32, 1, 0, 53, 1, 1, 1, 7, 2]
1546498651499;[171, 0, 17, 255, 161, 72, 68, 189, 130, 0, 0, 13, 1, 0, 62, 1, 0, 246, 6, 201]
1546498651668;[171, 0, 17, 255, 161, 72, 68, 189, 130, 0, 0, 21, 1, 0, 60, 1, 0, 246, 6, 180]
1546498651672;[171, 0, 4, 255, 132, 128, 80]
1546498653732;[171, 0, 17, 255, 161, 72, 68, 189, 130, 0, 0, 17, 1, 0, 58, 1, 0, 224, 6, 66]
1546498653734;[171, 0, 17, 255, 161, 72, 68, 189, 130, 0, 0, 23, 1, 0, 49, 1, 1, 5, 5, 245]
1546498653736;[171, 0, 17, 255, 161, 72, 68, 189, 130, 0, 0, 17, 1, 0, 61, 1, 0, 250, 5, 205]
1546498653738;[171, 0, 17, 255, 161, 72, 68, 189, 130, 0, 0, 41, 1, 0, 77, 1, 0, 216, 5, 138]
1546498653739;[171, 0, 17, 255, 161, 72, 68, 189, 130, 0, 0, 18, 1, 0, 59, 1, 0, 250, 5, 78]
1546498653744;[171, 0, 17, 255, 161, 72, 68, 189, 130, 0, 0, 38, 1, 0, 53, 1, 1, 4, 5, 75]
1546498653745;[171, 0, 17, 255, 161, 72, 68, 189, 130, 0, 0, 17, 1, 0, 69, 1, 0, 240, 6, 47]
1546498653747;[171, 0, 17, 255, 161, 72, 68, 189, 131, 0, 0, 26, 1, 0, 64, 1, 0, 246, 8, 125]
1546498653748;[171, 0, 17, 255, 161, 72, 68, 189, 131, 0, 0, 23, 1, 0, 61, 1, 0, 247, 9, 107]
1546498653750;[171, 0, 17, 255, 161, 72, 68, 189, 131, 0, 0, 6, 1, 0, 71, 1, 0, 246, 9, 73]
1546498653752;[171, 0, 4, 255, 132, 128, 80]
1546498653754;[171, 0, 17, 255, 161, 72, 68, 189, 131, 0, 0, 75, 1, 0, 60, 1, 0, 230, 8, 87]
1546498653759;[171, 0, 17, 255, 161, 72, 68, 189, 131, 0, 0, 165, 1, 0, 79, 1, 0, 192, 7, 139]
1546498653761;[171, 0, 17, 255, 161, 72, 68, 189, 131, 0, 0, 184, 1, 0, 83, 1, 0, 140, 7, 109]
1546498653762;[171, 0, 17, 255, 161, 72, 68, 189, 131, 0, 0, 196, 1, 0, 81, 1, 0, 101, 8, 34]
1546498653764;[171, 0, 17, 255, 161, 72, 68, 189, 131, 0, 0, 229, 1, 0, 74, 1, 0, 97, 8, 211]
1546498653766;[171, 0, 17, 255, 161, 72, 68, 189, 131, 0, 0, 251, 1, 0, 75, 1, 0, 72, 9, 112]
1546498653768;[171, 0, 17, 255, 161, 72, 68, 189, 131, 0, 0, 215, 1, 0, 75, 1, 0, 52, 10, 13]
1546498653770;[171, 0, 17, 255, 161, 72, 68, 189, 132, 0, 0, 236, 1, 0, 70, 1, 0, 58, 10, 173]
1546498653772;[171, 0, 17, 255, 161, 72, 68, 189, 132, 0, 0, 236, 1, 0, 73, 1, 0, 64, 11, 25]
1546498653911;[171, 0, 17, 255, 161, 72, 68, 189, 132, 0, 0, 232, 1, 0, 73, 1, 0, 49, 11, 163]
1546498653914;[171, 0, 4, 255, 132, 128, 80]
1546498654085;[171, 0, 17, 255, 161, 72, 68, 189, 132, 0, 0, 239, 1, 0, 71, 1, 0, 48, 12, 48]
1546498654089;[171, 0, 17, 255, 161, 72, 68, 189, 132, 0, 0, 251, 1, 0, 71, 1, 0, 36, 12, 166]
1546498654256;[171, 0, 17, 255, 161, 72, 68, 189, 132, 0, 0, 236, 1, 0, 75, 1, 0, 27, 13, 1]
1546498654604;[171, 0, 17, 255, 161, 72, 68, 189, 132, 0, 0, 237, 1, 0, 71, 1, 0, 27, 13, 146]
1546498654608;[171, 0, 17, 255, 161, 72, 68, 189, 132, 0, 0, 237, 1, 0, 75, 1, 0, 28, 14, 98]
1546498654612;[171, 0, 17, 255, 161, 72, 68, 189, 132, 0, 0, 236, 1, 0, 76, 1, 0, 5, 15, 16]
1546498654616;[171, 0, 17, 255, 161, 72, 68, 189, 132, 0, 0, 251, 1, 0, 71, 1, 0, 36, 31, 212]
1546498654774;[171, 0, 17, 255, 161, 72, 68, 189, 133, 0, 0, 247, 1, 0, 74, 1, 0, 19, 8, 52]
1546498654778;[171, 0, 17, 255, 161, 72, 68, 189, 133, 0, 0, 245, 1, 0, 71, 1, 0, 35, 8, 52]
1546498654945;[171, 0, 17, 255, 161, 72, 68, 189, 133, 0, 0, 242, 1, 0, 74, 1, 0, 29, 8, 129]
1546498655117;[171, 0, 4, 255, 132, 128, 81]
1546498655122;[171, 0, 17, 255, 161, 72, 68, 189, 133, 0, 0, 240, 1, 0, 73, 1, 0, 24, 8, 129]
1546498655293;[171, 0, 17, 255, 161, 72, 68, 189, 133, 0, 0, 243, 1, 0, 73, 1, 0, 14, 8, 246]
1546498655297;[171, 0, 17, 255, 161, 72, 68, 189, 133, 0, 0, 243, 1, 0, 73, 1, 0, 12, 9, 155]
1546498655467;[171, 0, 17, 255, 161, 72, 68, 189, 133, 0, 0, 244, 1, 0, 71, 1, 0, 14, 9, 232]
1546498655473;[171, 0, 17, 255, 161, 72, 68, 189, 133, 0, 0, 246, 1, 0, 71, 1, 0, 15, 10, 34]
1546498655810;[171, 0, 17, 255, 161, 72, 68, 189, 133, 0, 0, 250, 1, 0, 71, 1, 0, 14, 10, 64]
1546498655814;[171, 0, 17, 255, 161, 72, 68, 189, 133, 0, 0, 241, 1, 0, 68, 1, 0, 16, 10, 72]
1546498655818;[171, 0, 17, 255, 161, 72, 68, 189, 134, 0, 0, 241, 1, 0, 71, 1, 0, 1, 10, 46]
1546498655980;[171, 0, 17, 255, 161, 72, 68, 189, 134, 0, 0, 249, 1, 0, 74, 0, 0, 12, 9, 205]
1546498655984;[171, 0, 17, 255, 161, 72, 68, 189, 134, 0, 0, 244, 1, 0, 69, 0, 0, 1, 10, 4]
1546498656154;[171, 0, 4, 255, 132, 128, 81]
1546498656327;[171, 0, 17, 255, 161, 72, 68, 189, 134, 0, 0, 244, 1, 0, 67, 0, 0, 6, 10, 67]
1546498656331;[171, 0, 17, 255, 161, 72, 68, 189, 134, 0, 0, 247, 1, 0, 67, 0, 0, 7, 10, 101]
1546498656498;[171, 0, 17, 255, 161, 72, 68, 189, 134, 0, 0, 244, 1, 0, 67, 1, 0, 8, 10, 135]
1546498656502;[171, 0, 17, 255, 161, 72, 68, 189, 134, 0, 0, 244, 1, 0, 66, 1, 0, 16, 10, 98]
1546498656671;[171, 0, 17, 255, 161, 72, 68, 189, 134, 0, 0, 241, 1, 0, 64, 1, 0, 28, 9, 251]
1546498656675;[171, 0, 17, 255, 161, 72, 68, 189, 134, 0, 0, 243, 1, 0, 65, 1, 0, 42, 9, 68]
1546498657191;[171, 0, 17, 255, 161, 72, 68, 189, 134, 0, 0, 228, 1, 0, 62, 1, 0, 59, 8, 127]
1546498657195;[171, 0, 17, 255, 161, 72, 68, 189, 135, 0, 0, 230, 1, 0, 62, 1, 0, 62, 8, 18]
1546498657200;[171, 0, 17, 255, 161, 72, 68, 189, 135, 0, 0, 237, 1, 0, 62, 1, 0, 79, 7, 214]
1546498657204;[171, 0, 17, 255, 161, 72, 68, 189, 135, 0, 0, 236, 1, 0, 65, 1, 0, 74, 7, 85]
1546498657362;[171, 0, 4, 255, 132, 128, 82]
1546498657367;[171, 0, 17, 255, 161, 72, 68, 189, 135, 0, 0, 241, 1, 0, 61, 1, 0, 79, 6, 228]
1546498657371;[171, 0, 17, 255, 161, 72, 68, 189, 135, 0, 1, 35, 1, 0, 56, 1, 0, 104, 5, 192]
1546498657532;[171, 0, 17, 255, 161, 72, 68, 189, 135, 0, 0, 186, 1, 0, 59, 1, 0, 151, 3, 217]
1546498657705;[171, 0, 17, 255, 161, 72, 68, 189, 135, 0, 0, 131, 1, 0, 58, 1, 0, 220, 2, 152]
1546498657709;[171, 0, 17, 255, 161, 72, 68, 189, 135, 0, 0, 64, 1, 0, 62, 1, 0, 227, 2, 20]
1546498657880;[171, 0, 17, 255, 161, 72, 68, 189, 135, 0, 0, 28, 1, 0, 63, 1, 0, 237, 2, 20]
1546498657884;[171, 0, 17, 255, 161, 72, 68, 189, 135, 0, 0, 55, 1, 0, 64, 1, 0, 251, 1, 112]
1546498658051;[171, 0, 17, 255, 161, 72, 68, 189, 136, 0, 0, 53, 1, 0, 59, 1, 0, 241, 0, 228]
1546498658397;[171, 0, 17, 255, 161, 72, 68, 189, 136, 0, 0, 49, 1, 0, 64, 1, 0, 235, 16, 109]
1546498658401;[171, 0, 17, 255, 161, 72, 68, 189, 136, 0, 0, 43, 1, 0, 56, 1, 0, 249, 7, 107]
1546498658405;[171, 0, 4, 255, 132, 128, 83]
1546498658409;[171, 0, 17, 255, 161, 72, 68, 189, 136, 0, 0, 48, 1, 0, 62, 1, 0, 242, 7, 8]
1546498658569;[171, 0, 17, 255, 161, 72, 68, 189, 136, 0, 0, 29, 1, 0, 62, 1, 0, 235, 6, 171]
1546498658572;[171, 0, 17, 255, 161, 72, 68, 189, 136, 0, 0, 41, 1, 0, 58, 1, 0, 247, 6, 126]
1546498658740;[171, 0, 17, 255, 161, 72, 68, 189, 136, 0, 0, 54, 1, 0, 60, 1, 1, 1, 6, 0]
1546498658914;[171, 0, 17, 255, 161, 72, 68, 189, 136, 0, 0, 35, 1, 0, 60, 1, 0, 243, 5, 170]
1546498658919;[171, 0, 17, 255, 161, 72, 68, 189, 136, 0, 0, 29, 1, 0, 57, 1, 0, 248, 5, 58]
1546498659259;[171, 0, 17, 255, 161, 72, 68, 189, 136, 0, 0, 36, 1, 0, 53, 1, 0, 254, 4, 196]
1546498659263;[171, 0, 17, 255, 161, 72, 68, 189, 137, 0, 0, 23, 1, 0, 59, 1, 0, 243, 4, 76]
1546498659270;[171, 0, 17, 255, 161, 72, 68, 189, 137, 0, 0, 19, 1, 0, 56, 1, 0, 241, 3, 243]
1546498659275;[171, 0, 17, 255, 161, 72, 68, 189, 137, 0, 0, 25, 1, 0, 55, 1, 0, 250, 3, 179]
1546498659604;[171, 0, 4, 255, 132, 128, 83]
1546498659609;[171, 0, 17, 255, 161, 72, 68, 189, 137, 0, 0, 29, 1, 0, 51, 1, 0, 254, 3, 135]
1546498659613;[171, 0, 17, 255, 161, 72, 68, 189, 137, 0, 0, 27, 1, 0, 57, 1, 0, 252, 3, 79]
1546498659777;[171, 0, 17, 255, 161, 72, 68, 189, 137, 0, 0, 19, 1, 0, 53, 1, 0, 249, 3, 2]
1546498659781;[171, 0, 17, 255, 161, 72, 68, 189, 137, 0, 0, 24, 1, 0, 49, 1, 0, 246, 2, 218]
1546498659949;[171, 0, 17, 255, 161, 72, 68, 189, 137, 0, 0, 26, 1, 0, 48, 1, 0, 250, 2, 166]
1546498660120;[171, 0, 17, 255, 161, 72, 68, 189, 137, 0, 0, 19, 1, 0, 53, 1, 0, 245, 2, 102]
1546498660124;[171, 0, 17, 255, 161, 72, 68, 189, 137, 0, 0, 24, 1, 0, 46, 1, 0, 252, 2, 45]
1546498660292;[171, 0, 17, 255, 161, 72, 68, 189, 138, 0, 0, 31, 1, 0, 47, 1, 0, 253, 1, 238]
1546498660297;[171, 0, 17, 255, 161, 72, 68, 189, 138, 0, 0, 19, 1, 0, 53, 1, 0, 246, 1, 193]
1546498660472;[171, 0, 17, 255, 161, 72, 68, 189, 138, 0, 0, 21, 1, 0, 51, 1, 0, 251, 1, 146]
1546498660477;[171, 0, 4, 255, 132, 128, 82]
1546498660638;[171, 0, 17, 255, 161, 72, 68, 189, 138, 0, 0, 23, 1, 0, 47, 1, 0, 253, 1, 113]
1546498660984;[171, 0, 17, 255, 161, 72, 68, 189, 138, 0, 0, 13, 1, 0, 48, 1, 0, 247, 1, 79]
1546498660988;[171, 0, 17, 255, 161, 72, 68, 189, 138, 0, 0, 15, 1, 0, 48, 1, 0, 244, 1, 50]
1546498660992;[171, 0, 17, 255, 161, 72, 68, 189, 138, 0, 0, 23, 1, 0, 46, 1, 0, 252, 0, 250]
1546498660997;[171, 0, 17, 255, 161, 72, 68, 189, 138, 0, 0, 19, 1, 0, 46, 1, 0, 252, 16, 178]
1546498661156;[171, 0, 17, 255, 161, 72, 68, 189, 138, 0, 0, 26, 1, 0, 52, 1, 0, 244, 7, 155]
1546498661329;[171, 0, 17, 255, 161, 72, 68, 189, 138, 0, 0, 41, 1, 0, 41, 1, 0, 250, 7, 188]
1546498661333;[171, 0, 17, 255, 161, 72, 68, 189, 139, 0, 0, 31, 1, 0, 51, 1, 0, 249, 7, 205]
1546498661500;[171, 0, 17, 255, 161, 72, 68, 189, 139, 0, 0, 31, 1, 0, 53, 1, 0, 239, 7, 216]
1546498661504;[171, 0, 17, 255, 161, 72, 68, 189, 139, 0, 0, 38, 1, 0, 47, 1, 0, 251, 7, 194]
1546498661673;[171, 0, 4, 255, 132, 128, 82]
1546498661677;[171, 0, 17, 255, 161, 72, 68, 189, 139, 0, 0, 31, 1, 0, 48, 1, 0, 246, 7, 156]
1546498661846;[171, 0, 17, 255, 161, 72, 68, 189, 139, 0, 0, 37, 1, 0, 47, 1, 0, 253, 7, 168]
1546498662193;[171, 0, 17, 255, 161, 72, 68, 189, 139, 0, 0, 37, 1, 0, 47, 1, 0, 247, 7, 179]
1546498662197;[171, 0, 17, 255, 161, 72, 68, 189, 139, 0, 0, 26, 1, 0, 53, 1, 0, 249, 7, 196]
1546498662201;[171, 0, 17, 255, 161, 72, 68, 189, 139, 0, 0, 32, 1, 0, 48, 1, 0, 252, 7, 205]
1546498662205;[171, 0, 17, 255, 161, 72, 68, 189, 139, 0, 0, 31, 1, 0, 47, 1, 0, 247, 7, 188]
1546498662365;[171, 0, 17, 255, 161, 72, 68, 189, 139, 0, 0, 26, 1, 0, 46, 1, 0, 251, 7, 156]
1546498662368;[171, 0, 17, 255, 161, 72, 68, 189, 140, 0, 0, 34, 1, 0, 47, 1, 0, 250, 7, 125]
1546498662535;[171, 0, 17, 255, 161, 72, 68, 189, 140, 0, 0, 27, 1, 0, 46, 1, 0, 249, 7, 80]
1546498662709;[171, 0, 17, 255, 161, 72, 68, 189, 142, 0, 0, 27, 1, 0, 59, 1, 0, 246, 4, 144]
1546498662880;[171, 0, 17, 255, 161, 72, 68, 189, 142, 0, 0, 19, 1, 0, 55, 1, 0, 244, 4, 115]
1546498663053;[171, 0, 17, 255, 161, 72, 68, 189, 142, 0, 0, 24, 1, 0, 58, 1, 0, 247, 4, 76]
1546498663227;[171, 0, 17, 255, 161, 72, 68, 189, 142, 0, 0, 24, 1, 0, 59, 1, 0, 247, 4, 59]
1546498663231;[171, 0, 17, 255, 161, 72, 68, 189, 142, 0, 0, 13, 1, 0, 47, 1, 0, 255, 4, 45]
1546498663573;[171, 0, 17, 255, 161, 72, 68, 189, 142, 0, 0, 36, 1, 0, 53, 1, 0, 251, 4, 15]
1546498663577;[171, 0, 17, 255, 161, 72, 68, 189, 142, 0, 0, 23, 1, 0, 55, 1, 0, 247, 3, 251]
1546498663581;[171, 0, 17, 255, 161, 72, 68, 189, 143, 0, 0, 23, 1, 0, 52, 1, 0, 244, 3, 225]
1546498663585;[171, 0, 17, 255, 161, 72, 68, 189, 143, 0, 0, 27, 1, 0, 55, 1, 0, 243, 3, 211]
1546498663744;[171, 0, 17, 255, 161, 72, 68, 189, 143, 0, 0, 25, 1, 0, 55, 1, 0, 254, 3, 195]
1546498663915;[171, 0, 4, 255, 132, 128, 83]
1546498663919;[171, 0, 17, 255, 161, 72, 68, 189, 143, 0, 0, 25, 1, 0, 55, 1, 0, 249, 3, 171]
1546498664089;[171, 0, 17, 255, 161, 72, 68, 189, 143, 0, 0, 26, 1, 0, 46, 1, 1, 1, 3, 176]
1546498664093;[171, 0, 17, 255, 161, 72, 68, 189, 143, 0, 0, 24, 1, 0, 57, 1, 0, 242, 3, 182]
1546498664261;[171, 0, 17, 255, 161, 72, 68, 189, 143, 0, 0, 19, 1, 0, 49, 1, 0, 252, 3, 195]
1546498664265;[171, 0, 17, 255, 161, 72, 68, 189, 143, 0, 0, 31, 1, 0, 53, 1, 0, 250, 3, 186]
1546498664438;[171, 0, 17, 255, 161, 72, 68, 189, 143, 0, 0, 29, 1, 0, 49, 1, 1, 2, 3, 189]
1546498664779;[171, 0, 17, 255, 161, 72, 68, 189, 143, 0, 0, 26, 1, 0, 53, 1, 0, 242, 3, 168]
1546498664783;[171, 0, 17, 255, 161, 72, 68, 189, 144, 0, 0, 21, 1, 0, 49, 1, 1, 0, 3, 150]
1546498664788;[171, 0, 17, 255, 161, 72, 68, 189, 144, 0, 0, 26, 1, 0, 49, 1, 0, 251, 3, 130]
1546498664792;[171, 0, 17, 255, 161, 72, 68, 189, 144, 0, 0, 43, 1, 0, 55, 1, 0, 217, 3, 132]
1546498664950;[171, 0, 4, 255, 132, 128, 83]
1546498665124;[171, 0, 17, 255, 161, 72, 68, 189, 144, 0, 0, 81, 1, 0, 43, 1, 1, 7, 3, 72]
1546498665128;[171, 0, 17, 255, 161, 72, 68, 189, 144, 1, 0, 24, 1, 0, 81, 1, 0, 207, 3, 63]
1546498665295;[171, 0, 17, 255, 161, 72, 68, 189, 144, 1, 0, 4, 1, 0, 35, 1, 1, 33, 3, 84]
1546498665299;[171, 0, 17, 255, 161, 72, 68, 189, 144, 0, 0, 58, 1, 0, 46, 1, 0, 245, 3, 79]
1546498665470;[171, 0, 17, 255, 161, 72, 68, 189, 144, 0, 0, 26, 1, 0, 49, 1, 1, 3, 3, 64]
1546498665474;[171, 0, 17, 255, 161, 72, 68, 189, 144, 0, 0, 34, 1, 0, 34, 1, 1, 2, 3, 59]
1546498665641;[171, 0, 17, 255, 161, 72, 68, 189, 144, 0, 0, 19, 1, 0, 51, 1, 0, 244, 3, 55]
1546498666161;[171, 0, 17, 255, 161, 72, 68, 189, 145, 0, 0, 32, 1, 0, 50, 1, 0, 240, 3, 70]
1546498666165;[171, 0, 17, 255, 161, 72, 68, 189, 145, 0, 0, 43, 1, 0, 43, 1, 0, 255, 3, 53]
1546498666169;[171, 0, 17, 255, 161, 72, 68, 189, 145, 0, 0, 19, 1, 0, 58, 1, 0, 239, 3, 44]
1546498666173;[171, 0, 4, 255, 132, 128, 83]
1546498666332;[171, 0, 17, 255, 161, 72, 68, 189, 145, 0, 0, 37, 1, 0, 46, 1, 0, 251, 3, 36]
1546498666336;[171, 0, 17, 255, 161, 72, 68, 189, 145, 0, 0, 37, 1, 0, 52, 1, 0, 247, 3, 36]
1546498666340;[171, 0, 17, 255, 161, 72, 68, 189, 145, 0, 0, 27, 1, 0, 48, 1, 0, 249, 3, 11]
1546498666502;[171, 0, 17, 255, 161, 72, 68, 189, 145, 0, 0, 31, 1, 0, 48, 1, 0, 249, 2, 245]
1546498666506;[171, 0, 17, 255, 161, 72, 68, 189, 145, 0, 0, 31, 1, 0, 47, 1, 0, 253, 3, 5]
1546498666677;[171, 0, 17, 255, 161, 72, 68, 189, 145, 0, 0, 27, 1, 0, 51, 1, 0, 243, 2, 250]
1546498666680;[171, 0, 17, 255, 161, 72, 68, 189, 145, 0, 0, 34, 1, 0, 51, 1, 0, 250, 2, 241]
1546498666848;[171, 0, 17, 255, 161, 72, 68, 189, 146, 0, 0, 36, 1, 0, 46, 1, 0, 251, 2, 237]
1546498667021;[171, 0, 17, 255, 161, 72, 68, 189, 146, 0, 0, 36, 1, 0, 56, 1, 0, 243, 2, 219]
1546498667025;[171, 0, 17, 255, 161, 72, 68, 189, 146, 0, 0, 36, 1, 0, 47, 1, 0, 252, 2, 225]
1546498667367;[171, 0, 4, 255, 132, 128, 83]
1546498667372;[171, 0, 17, 255, 161, 72, 68, 189, 146, 0, 0, 32, 1, 0, 47, 1, 0, 250, 2, 218]
1546498667375;[171, 0, 17, 255, 161, 72, 68, 189, 146, 0, 0, 32, 1, 0, 51, 1, 0, 244, 2, 207]
1546498667380;[171, 0, 17, 255, 161, 72, 68, 189, 146, 0, 0, 27, 1, 0, 46, 1, 0, 251, 2, 215]
1546498667538;[171, 0, 17, 255, 161, 72, 68, 189, 146, 0, 0, 31, 1, 0, 44, 1, 0, 251, 2, 198]
1546498667712;[171, 0, 17, 255, 161, 72, 68, 189, 146, 0, 0, 26, 1, 0, 50, 1, 0, 250, 2, 194]
1546498667716;[171, 0, 17, 255, 161, 72, 68, 189, 146, 0, 0, 24, 1, 0, 45, 1, 0, 255, 2, 240]
1546498667884;[171, 0, 17, 255, 161, 72, 68, 189, 146, 0, 0, 24, 1, 0, 50, 1, 0, 250, 3, 38]
1546498667888;[171, 0, 17, 255, 161, 72, 68, 189, 147, 0, 0, 23, 1, 0, 49, 1, 0, 249, 3, 33]
1546498668055;[171, 0, 17, 255, 161, 72, 68, 189, 147, 0, 0, 26, 1, 0, 48, 1, 0, 252, 3, 31]
1546498668232;[171, 0, 17, 255, 161, 72, 68, 189, 147, 0, 0, 32, 1, 0, 43, 1, 0, 251, 3, 75]
1546498668234;[171, 0, 4, 255, 132, 128, 83]
1546498668574;[171, 0, 17, 255, 161, 72, 68, 189, 147, 0, 0, 26, 1, 0, 46, 1, 0, 251, 3, 113]
1546498668578;[171, 0, 17, 255, 161, 72, 68, 189, 147, 0, 0, 31, 1, 0, 47, 1, 0, 251, 3, 151]
1546498668583;[171, 0, 17, 255, 161, 72, 68, 189, 147, 0, 0, 29, 1, 0, 44, 1, 0, 252, 3, 173]
1546498668587;[171, 0, 17, 255, 161, 72, 68, 189, 147, 0, 0, 34, 1, 0, 48, 1, 0, 250, 3, 189]
1546498668746;[171, 0, 17, 255, 161, 72, 68, 189, 147, 0, 0, 36, 1, 0, 46, 1, 0, 247, 3, 216]
1546498668919;[171, 0, 17, 255, 161, 72, 68, 189, 147, 0, 0, 29, 1, 0, 47, 1, 0, 249, 3, 245]
1546498668923;[171, 0, 17, 255, 161, 72, 68, 189, 147, 0, 0, 29, 1, 0, 48, 1, 0, 242, 4, 32]
1546498669091;[171, 0, 17, 255, 161, 72, 68, 189, 148, 0, 0, 31, 1, 0, 47, 1, 0, 250, 4, 24]
1546498669095;[171, 0, 17, 255, 161, 72, 68, 189, 148, 0, 0, 36, 1, 0, 41, 1, 0, 250, 4, 39]
1546498669263;[171, 0, 17, 255, 161, 72, 68, 189, 148, 0, 0, 27, 1, 0, 47, 1, 0, 250, 4, 91]
1546498669267;[171, 0, 4, 255, 132, 128, 83]
1546498669436;[171, 0, 17, 255, 161, 72, 68, 189, 148, 0, 0, 40, 1, 0, 47, 1, 0, 252, 4, 132]
1546498669608;[171, 0, 17, 255, 161, 72, 68, 189, 148, 0, 0, 29, 1, 0, 46, 1, 0, 252, 4, 136]
1546498669612;[171, 0, 17, 255, 161, 72, 68, 189, 148, 0, 0, 24, 1, 0, 49, 1, 0, 244, 4, 110]
1546498669953;[171, 0, 17, 255, 161, 72, 68, 189, 148, 0, 0, 32, 1, 0, 47, 1, 0, 252, 4, 160]
1546498669958;[171, 0, 17, 255, 161, 72, 68, 189, 148, 0, 0, 27, 1, 0, 48, 1, 0, 244, 4, 180]
1546498669962;[171, 0, 17, 255, 161, 72, 68, 189, 148, 0, 0, 24, 1, 0, 45, 1, 0, 251, 4, 216]
1546498670127;[171, 0, 17, 255, 161, 72, 68, 189, 148, 0, 0, 25, 1, 0, 49, 1, 0, 247, 4, 249]
1546498670131;[171, 0, 17, 255, 161, 72, 68, 189, 149, 0, 0, 32, 1, 0, 47, 1, 0, 250, 5, 6]
1546498670301;[171, 0, 17, 255, 161, 72, 68, 189, 149, 0, 0, 27, 1, 0, 52, 1, 0, 249, 5, 4]
1546498670305;[171, 0, 17, 255, 161, 72, 68, 189, 149, 0, 0, 36, 1, 0, 41, 1, 0, 253, 4, 232]
1546498670472;[171, 0, 4, 255, 132, 128, 83]
1546498670477;[171, 0, 17, 255, 161, 72, 68, 189, 149, 0, 0, 25, 1, 0, 47, 1, 0, 249, 5, 20]
1546498670644;[171, 0, 17, 255, 161, 72, 68, 189, 149, 0, 0, 25, 1, 0, 46, 1, 0, 247, 5, 12]
1546498670816;[171, 0, 17, 255, 161, 72, 68, 189, 149, 0, 0, 29, 1, 0, 47, 1, 0, 250, 4, 229]
1546498670820;[171, 0, 17, 255, 161, 72, 68, 189, 149, 0, 0, 36, 1, 0, 40, 1, 0, 253, 4, 223]
1546498671162;[171, 0, 17, 255, 161, 72, 68, 189, 149, 0, 0, 26, 1, 0, 49, 1, 0, 250, 4, 208]
1546498671166;[171, 0, 17, 255, 161, 72, 68, 189, 149, 0, 0, 36, 1, 0, 47, 1, 0, 250, 4, 205]
1546498671171;[171, 0, 17, 255, 161, 72, 68, 189, 149, 0, 0, 29, 1, 0, 46, 1, 0, 249, 4, 192]
1546498671175;[171, 0, 17, 255, 161, 72, 68, 189, 150, 0, 0, 25, 1, 0, 46, 1, 0, 247, 4, 203]
1546498671334;[171, 0, 17, 255, 161, 72, 68, 189, 150, 0, 0, 34, 1, 0, 44, 1, 0, 252, 5, 16]
1546498671506;[171, 0, 17, 255, 161, 72, 68, 189, 150, 0, 0, 31, 1, 0, 43, 1, 0, 253, 4, 240]
1546498671509;[171, 0, 4, 255, 132, 128, 82]
1546498671679;[171, 0, 17, 255, 161, 72, 68, 189, 150, 0, 0, 24, 1, 0, 44, 1, 0, 247, 4, 233]
1546498671683;[171, 0, 17, 255, 161, 72, 68, 189, 150, 0, 0, 32, 1, 0, 46, 1, 0, 252, 4, 223]
1546498671850;[171, 0, 17, 255, 161, 72, 68, 189, 150, 0, 0, 23, 1, 0, 40, 1, 0, 254, 4, 180]
1546498672023;[171, 0, 17, 255, 161, 72, 68, 189, 150, 0, 0, 26, 1, 0, 44, 1, 0, 252, 4, 200]
1546498672027;[171, 0, 17, 255, 161, 72, 68, 189, 150, 0, 0, 36, 1, 0, 40, 1, 0, 250, 4, 192]
1546498672543;[171, 0, 17, 255, 161, 72, 68, 189, 150, 0, 0, 31, 1, 0, 41, 1, 0, 252, 5, 40]
1546498672547;[171, 0, 17, 255, 161, 72, 68, 189, 150, 0, 0, 31, 1, 0, 46, 1, 0, 242, 5, 60]
1546498672551;[171, 0, 17, 255, 161, 72, 68, 189, 151, 0, 0, 41, 1, 0, 39, 1, 0, 252, 5, 37]
1546498672555;[171, 0, 17, 255, 161, 72, 68, 189, 151, 0, 0, 40, 1, 0, 40, 1, 0, 253, 5, 55]
1546498672713;[171, 0, 17, 255, 161, 72, 68, 189, 151, 0, 0, 35, 1, 0, 47, 1, 0, 251, 5, 60]
1546498672717;[171, 0, 4, 255, 132, 128, 82]
1546498672721;[171, 0, 17, 255, 161, 72, 68, 189, 151, 0, 0, 58, 1, 0, 39, 1, 0, 250, 5, 45]
1546498672885;[171, 0, 17, 255, 161, 72, 68, 189, 151, 0, 0, 41, 1, 0, 39, 1, 0, 252, 4, 228]
1546498672889;[171, 0, 17, 255, 161, 72, 68, 189, 151, 0, 0, 29, 1, 0, 40, 1, 0, 247, 4, 232]
1546498673059;[171, 0, 17, 255, 161, 72, 68, 189, 151, 0, 0, 53, 1, 0, 40, 1, 0, 251, 5, 81]
1546498673063;[171, 0, 17, 255, 161, 72, 68, 189, 151, 0, 0, 34, 1, 0, 42, 1, 0, 242, 5, 151]
1546498673230;[171, 0, 17, 255, 161, 72, 68, 189, 151, 0, 0, 38, 1, 0, 39, 1, 0, 245, 5, 86]
1546498673404;[171, 0, 17, 255, 161, 72, 68, 189, 151, 0, 0, 52, 1, 0, 47, 1, 0, 247, 5, 64]
1546498673408;[171, 0, 17, 255, 161, 72, 68, 189, 152, 0, 0, 48, 1, 0, 39, 1, 0, 254, 5, 24]
1546498673752;[171, 0, 17, 255, 161, 72, 68, 189, 152, 0, 0, 49, 1, 0, 44, 1, 0, 249, 4, 208]
1546498673756;[171, 0, 17, 255, 161, 72, 68, 189, 152, 0, 0, 56, 1, 0, 43, 1, 0, 252, 4, 173]
1546498673760;[171, 0, 4, 255, 132, 128, 81]
1546498673922;[171, 0, 17, 255, 161, 72, 68, 189, 152, 0, 0, 26, 1, 0, 46, 1, 0, 245, 4, 142]
1546498673926;[171, 0, 17, 255, 161, 72, 68, 189, 152, 0, 0, 40, 1, 0, 46, 1, 0, 247, 5, 7]
1546498674094;[171, 0, 17, 255, 161, 72, 68, 189, 152, 0, 0, 52, 1, 0, 41, 1, 0, 252, 5, 67]
1546498674098;[171, 0, 17, 255, 161, 72, 68, 189, 152, 0, 0, 37, 1, 0, 46, 1, 0, 243, 5, 122]
1546498674266;[171, 0, 17, 255, 161, 72, 68, 189, 152, 0, 0, 40, 1, 0, 43, 1, 0, 244, 5, 204]
1546498674271;[171, 0, 17, 255, 161, 72, 68, 189, 152, 0, 0, 43, 1, 0, 40, 1, 0, 251, 5, 212]
1546498674439;[171, 0, 17, 255, 161, 72, 68, 189, 152, 0, 0, 46, 1, 0, 43, 1, 0, 250, 5, 198]
1546498674610;[171, 0, 17, 255, 161, 72, 68, 189, 153, 0, 0, 32, 1, 0, 46, 1, 0, 242, 5, 185]
1546498674614;[171, 0, 17, 255, 161, 72, 68, 189, 153, 0, 0, 40, 1, 0, 40, 1, 0, 253, 5, 108]
1546498674957;[171, 0, 17, 255, 161, 72, 68, 189, 153, 0, 0, 46, 1, 0, 48, 1, 0, 246, 5, 145]
1546498674961;[171, 0, 4, 255, 132, 128, 81]
1546498674965;[171, 0, 17, 255, 161, 72, 68, 189, 153, 0, 0, 32, 1, 0, 40, 1, 0, 246, 5, 184]
1546498675129;[171, 0, 17, 255, 161, 72, 68, 189, 153, 0, 0, 37, 1, 0, 41, 1, 0, 243, 5, 235]
1546498675135;[171, 0, 17, 255, 161, 72, 68, 189, 153, 0, 0, 40, 1, 0, 47, 1, 0, 250, 6, 44]
1546498675301;[171, 0, 17, 255, 161, 72, 68, 189, 153, 0, 0, 41, 1, 0, 43, 1, 0, 249, 6, 28]
1546498675305;[171, 0, 17, 255, 161, 72, 68, 189, 153, 0, 0, 41, 1, 0, 39, 1, 0, 254, 5, 3]
1546498675474;[171, 0, 17, 255, 161, 72, 68, 189, 153, 0, 0, 32, 1, 0, 46, 1, 0, 253, 4, 57]
1546498675479;[171, 0, 17, 255, 161, 72, 68, 189, 153, 0, 0, 29, 1, 0, 39, 1, 0, 251, 3, 195]
1546498675646;[171, 0, 17, 255, 161, 72, 68, 189, 154, 0, 0, 24, 1, 0, 40, 1, 0, 252, 3, 135]
1546498675819;[171, 0, 17, 255, 161, 72, 68, 189, 154, 0, 0, 19, 1, 0, 44, 1, 0, 252, 3, 69]
1546498675823;[171, 0, 17, 255, 161, 72, 68, 189, 154, 0, 0, 26, 1, 0, 44, 1, 0, 250, 3, 29]
1546498675990;[171, 0, 4, 255, 132, 128, 80]
1546498675994;[171, 0, 17, 255, 161, 72, 68, 189, 154, 0, 0, 34, 1, 0, 38, 1, 1, 5, 2, 251]
1546498676336;[171, 0, 17, 255, 161, 72, 68, 189, 154, 0, 0, 13, 1, 0, 43, 1, 0, 253, 2, 196]
1546498676341;[171, 0, 17, 255, 161, 72, 68, 189, 154, 0, 0, 21, 1, 0, 39, 1, 0, 252, 2, 157]
1546498676345;[171, 0, 17, 255, 161, 72, 68, 189, 154, 0, 0, 21, 1, 0, 38, 1, 1, 1, 2, 121]
1546498676508;[171, 0, 17, 255, 161, 72, 68, 189, 154, 0, 0, 24, 1, 0, 44, 1, 0, 253, 2, 88]
1546498676512;[171, 0, 17, 255, 161, 72, 68, 189, 154, 0, 0, 24, 1, 0, 38, 1, 1, 5, 2, 111]
1546498676681;[171, 0, 17, 255, 161, 72, 68, 189, 154, 0, 0, 65, 1, 0, 43, 1, 0, 236, 2, 145]
1546498676684;[171, 0, 17, 255, 161, 72, 68, 189, 155, 0, 0, 61, 1, 0, 35, 1, 0, 246, 3, 17]
1546498676852;[171, 0, 17, 255, 161, 72, 68, 189, 155, 0, 0, 81, 1, 0, 28, 1, 0, 247, 4, 44]
1546498677026;[171, 0, 17, 255, 161, 72, 68, 189, 155, 0, 0, 84, 1, 0, 24, 1, 0, 238, 5, 29]
1546498677030;[171, 0, 4, 255, 132, 128, 78]
1546498677199;[171, 0, 17, 255, 161, 72, 68, 189, 155, 0, 0, 86, 1, 0, 33, 1, 0, 234, 6, 4]
1546498677203;[171, 0, 17, 255, 161, 72, 68, 189, 155, 0, 0, 99, 1, 0, 28, 1, 0, 235, 6, 200]
1546498677545;[171, 0, 17, 255, 161, 72, 68, 189, 155, 0, 0, 99, 1, 0, 28, 1, 0, 234, 7, 122]
1546498677549;[171, 0, 17, 255, 161, 72, 68, 189, 155, 0, 0, 98, 1, 0, 33, 1, 0, 235, 9, 17]
1546498677553;[171, 0, 17, 255, 161, 72, 68, 189, 155, 0, 0, 97, 1, 0, 28, 1, 0, 234, 10, 176]
1546498677717;[171, 0, 17, 255, 161, 72, 68, 189, 155, 0, 0, 87, 1, 0, 30, 1, 0, 234, 12, 7]
1546498677720;[171, 0, 17, 255, 161, 72, 68, 189, 155, 0, 0, 97, 1, 0, 29, 1, 0, 234, 13, 72]
1546498677888;[171, 0, 17, 255, 161, 72, 68, 189, 156, 0, 0, 97, 1, 0, 33, 1, 0, 234, 13, 72]
1546498677892;[171, 0, 17, 255, 161, 72, 68, 189, 156, 0, 0, 98, 1, 0, 24, 1, 0, 234, 14, 55]
1546498678061;[171, 0, 17, 255, 161, 72, 68, 189, 156, 0, 0, 91, 1, 0, 29, 1, 0, 235, 15, 1]
1546498678065;[171, 0, 4, 255, 132, 128, 76]
1546498678233;[171, 0, 17, 255, 161, 72, 68, 189, 156, 0, 0, 98, 1, 0, 28, 1, 0, 235, 31, 241]
1546498678407;[171, 0, 17, 255, 161, 72, 68, 189, 156, 0, 0, 87, 1, 0, 30, 1, 0, 235, 9, 136]
1546498678411;[171, 0, 17, 255, 161, 72, 68, 189, 156, 0, 0, 98, 1, 0, 29, 1, 0, 236, 10, 161]
1546498678578;[171, 0, 17, 255, 161, 72, 68, 189, 156, 0, 0, 93, 1, 0, 33, 1, 0, 234, 11, 116]
1546498678582;[171, 0, 17, 255, 161, 72, 68, 189, 156, 0, 0, 98, 1, 0, 28, 1, 0, 232, 12, 47]
1546498678925;[171, 0, 17, 255, 161, 72, 68, 189, 156, 0, 0, 93, 1, 0, 33, 1, 0, 235, 12, 158]
1546498678929;[171, 0, 17, 255, 161, 72, 68, 189, 156, 0, 0, 91, 1, 0, 30, 1, 0, 236, 12, 237]
1546498678933;[171, 0, 17, 255, 161, 72, 68, 189, 157, 0, 0, 93, 1, 0, 24, 1, 0, 234, 13, 42]
1546498679096;[171, 0, 17, 255, 161, 72, 68, 189, 157, 0, 0, 92, 1, 0, 33, 1, 0, 234, 13, 42]
1546498679101;[171, 0, 17, 255, 161, 72, 68, 189, 157, 0, 0, 93, 1, 0, 33, 1, 0, 234, 14, 98]
1546498679269;[171, 0, 4, 255, 132, 128, 75]
1546498679274;[171, 0, 17, 255, 161, 72, 68, 189, 157, 0, 0, 98, 1, 0, 33, 1, 0, 234, 15, 30]
1546498679441;[171, 0, 17, 255, 161, 72, 68, 189, 157, 0, 0, 91, 1, 0, 33, 1, 0, 234, 31, 166]
1546498679613;[171, 0, 17, 255, 161, 72, 68, 189, 157, 0, 0, 96, 1, 0, 33, 1, 0, 234, 8, 43]
1546498679617;[171, 0, 17, 255, 161, 72, 68, 189, 157, 0, 0, 93, 1, 0, 33, 1, 0, 235, 7, 235]
1546498679786;[171, 0, 17, 255, 161, 72, 68, 189, 157, 0, 0, 93, 1, 0, 33, 1, 0, 235, 7, 55]
1546498679790;[171, 0, 17, 255, 161, 72, 68, 189, 157, 0, 0, 91, 1, 0, 28, 1, 0, 229, 5, 188]
1546498680133;[171, 0, 17, 255, 161, 72, 68, 189, 157, 0, 0, 109, 1, 0, 22, 1, 0, 243, 5, 7]
1546498680137;[171, 0, 17, 255, 161, 72, 68, 189, 158, 0, 0, 114, 1, 0, 30, 1, 0, 233, 1, 191]
1546498680141;[171, 0, 17, 255, 161, 72, 68, 189, 158, 0, 0, 105, 1, 0, 24, 1, 0, 224, 1, 191]
1546498680304;[171, 0, 17, 255, 161, 72, 68, 189, 158, 0, 0, 72, 1, 0, 24, 1, 0, 243, 1, 191]
1546498680308;[171, 0, 4, 255, 132, 128, 74]
1546498680475;[171, 0, 17, 255, 161, 72, 68, 189, 158, 0, 0, 66, 1, 0, 23, 1, 0, 242, 16, 0]
1546498680480;[171, 0, 17, 255, 161, 72, 68, 189, 158, 0, 0, 68, 1, 0, 16, 1, 0, 243, 5, 190]
1546498680649;[171, 0, 17, 255, 161, 72, 68, 189, 158, 0, 0, 72, 1, 0, 24, 1, 0, 232, 4, 192]
1546498680821;[171, 0, 17, 255, 161, 72, 68, 189, 158, 0, 0, 63, 1, 0, 28, 1, 0, 241, 4, 28]
1546498680825;[171, 0, 17, 255, 161, 72, 68, 189, 158, 0, 0, 61, 1, 0, 23, 1, 0, 249, 3, 200]
1546498680992;[171, 0, 17, 255, 161, 72, 68, 189, 158, 0, 0, 63, 1, 0, 23, 1, 0, 247, 3, 145]
1546498680996;[171, 0, 17, 255, 161, 72, 68, 189, 158, 0, 0, 61, 1, 0, 22, 1, 0, 252, 3, 63]
1546498681513;[171, 0, 17, 255, 161, 72, 68, 189, 159, 0, 0, 67, 1, 0, 20, 1, 0, 242, 2, 201]
1546498681517;[171, 0, 17, 255, 161, 72, 68, 189, 159, 0, 0, 66, 1, 0, 20, 1, 0, 249, 2, 201]
1546498681522;[171, 0, 17, 255, 161, 72, 68, 189, 159, 0, 0, 76, 1, 0, 23, 1, 0, 240, 2, 91]
1546498681525;[171, 0, 4, 255, 132, 128, 74]
1546498681685;[171, 0, 17, 255, 161, 72, 68, 189, 159, 0, 0, 80, 1, 0, 17, 1, 0, 242, 1, 254]
1546498681688;[171, 0, 17, 255, 161, 72, 68, 189, 159, 0, 0, 72, 1, 0, 15, 1, 0, 247, 1, 190]
1546498681693;[171, 0, 17, 255, 161, 72, 68, 189, 159, 0, 0, 76, 1, 0, 15, 1, 0, 249, 1, 195]
1546498681855;[171, 0, 17, 255, 161, 72, 68, 189, 159, 0, 0, 78, 1, 0, 16, 1, 0, 241, 1, 182]
1546498682030;[171, 0, 17, 255, 161, 72, 68, 189, 159, 0, 0, 85, 1, 0, 24, 1, 0, 235, 2, 2]
1546498682034;[171, 0, 17, 255, 161, 72, 68, 189, 159, 0, 0, 78, 1, 0, 17, 1, 0, 242, 2, 179]
1546498682201;[171, 0, 17, 255, 161, 72, 68, 189, 159, 0, 0, 88, 1, 0, 17, 1, 0, 239, 3, 109]
1546498682206;[171, 0, 17, 255, 161, 72, 68, 189, 160, 0, 0, 84, 1, 0, 17, 1, 0, 241, 4, 43]
1546498682373;[171, 0, 17, 255, 161, 72, 68, 189, 160, 0, 0, 86, 1, 0, 19, 1, 0, 241, 5, 18]
1546498682377;[171, 0, 17, 255, 161, 72, 68, 189, 160, 0, 0, 87, 1, 0, 17, 1, 0, 238, 5, 235]
1546498682718;[171, 0, 4, 255, 132, 128, 74]
1546498682722;[171, 0, 17, 255, 161, 72, 68, 189, 160, 0, 0, 86, 1, 0, 22, 1, 0, 237, 7, 125]
1546498682726;[171, 0, 17, 255, 161, 72, 68, 189, 160, 0, 0, 86, 1, 0, 23, 1, 0, 237, 7, 125]
1546498682891;[171, 0, 17, 255, 161, 72, 68, 189, 160, 0, 0, 85, 1, 0, 17, 1, 0, 238, 7, 125]
1546498682895;[171, 0, 17, 255, 161, 72, 68, 189, 160, 0, 0, 83, 1, 0, 19, 1, 0, 238, 8, 120]
1546498683063;[171, 0, 17, 255, 161, 72, 68, 189, 160, 0, 0, 84, 1, 0, 23, 1, 0, 237, 9, 94]
1546498683067;[171, 0, 17, 255, 161, 72, 68, 189, 160, 0, 0, 91, 1, 0, 23, 1, 0, 237, 10, 46]
1546498683235;[171, 0, 17, 255, 161, 72, 68, 189, 160, 0, 0, 91, 1, 0, 23, 1, 0, 236, 10, 215]
1546498683409;[171, 0, 17, 255, 161, 72, 68, 189, 161, 0, 0, 87, 1, 0, 23, 1, 0, 236, 11, 120]
1546498683413;[171, 0, 17, 255, 161, 72, 68, 189, 161, 0, 0, 87, 1, 0, 19, 1, 0, 237, 12, 215]
1546498683580;[171, 0, 17, 255, 161, 72, 68, 189, 161, 0, 0, 87, 1, 0, 22, 1, 0, 236, 13, 189]
1546498683584;[171, 0, 4, 255, 132, 128, 74]
1546498683927;[171, 0, 17, 255, 161, 72, 68, 189, 161, 0, 0, 86, 1, 0, 20, 1, 0, 238, 14, 56]
1546498683931;[171, 0, 17, 255, 161, 72, 68, 189, 161, 0, 0, 87, 1, 0, 20, 1, 0, 238, 14, 30]
1546498683935;[171, 0, 17, 255, 161, 72, 68, 189, 161, 0, 0, 86, 1, 0, 20, 1, 0, 235, 12, 90]
1546498684098;[171, 0, 17, 255, 161, 72, 68, 189, 161, 0, 0, 72, 1, 0, 19, 1, 0, 244, 10, 54]
1546498684102;[171, 0, 17, 255, 161, 72, 68, 189, 161, 0, 0, 54, 1, 0, 16, 1, 0, 254, 8, 110]
1546498684271;[171, 0, 17, 255, 161, 72, 68, 189, 161, 0, 0, 25, 1, 0, 26, 1, 0, 252, 7, 181]
1546498684275;[171, 0, 17, 255, 161, 72, 68, 189, 161, 1, 0, 3, 1, 0, 26, 1, 0, 254, 7, 35]
1546498684444;[171, 0, 17, 255, 161, 72, 68, 189, 162, 0, 0, 26, 1, 0, 24, 1, 1, 1, 6, 131]
1546498684616;[171, 0, 17, 255, 161, 72, 68, 189, 162, 0, 0, 31, 1, 0, 26, 1, 0, 254, 5, 161]
1546498684789;[171, 0, 17, 255, 161, 72, 68, 189, 164, 0, 0, 238, 1, 0, 63, 0, 0, 141, 12, 147]
1546498684793;[171, 0, 17, 255, 161, 72, 68, 189, 164, 0, 0, 234, 1, 0, 53, 0, 0, 110, 13, 192]
1546498684960;[171, 0, 17, 255, 161, 72, 68, 189, 164, 0, 0, 213, 1, 0, 61, 0, 0, 64, 14, 41]
1546498685308;[171, 0, 17, 255, 161, 72, 68, 189, 164, 0, 1, 17, 1, 0, 71, 0, 0, 63, 14, 74]
1546498685312;[171, 0, 17, 255, 161, 72, 68, 189, 164, 0, 1, 15, 1, 0, 83, 0, 0, 101, 14, 243]
1546498685316;[171, 0, 17, 255, 161, 72, 68, 189, 164, 0, 0, 254, 1, 0, 73, 0, 0, 12, 31, 255]
1546498685477;[171, 0, 17, 255, 161, 72, 68, 189, 164, 0, 0, 182, 1, 0, 83, 1, 0, 2, 5, 154]
1546498685481;[171, 0, 17, 255, 161, 72, 68, 189, 165, 1, 0, 19, 1, 0, 160, 1, 0, 115, 1, 13]
1546498685651;[171, 0, 17, 255, 161, 72, 68, 189, 165, 0, 0, 50, 1, 0, 96, 1, 0, 200, 16, 0]
1546498685823;[171, 0, 17, 255, 161, 72, 68, 189, 165, 0, 0, 165, 1, 0, 105, 1, 0, 246, 4, 42]
1546498685826;[171, 0, 4, 255, 132, 128, 73]
1546498685996;[171, 0, 17, 255, 161, 72, 68, 189, 165, 0, 0, 131, 1, 0, 13, 1, 0, 233, 4, 42]
1546498686000;[171, 0, 17, 255, 161, 72, 68, 189, 165, 0, 0, 83, 1, 0, 20, 1, 0, 246, 2, 207]
1546498686169;[171, 0, 17, 255, 161, 72, 68, 189, 165, 0, 0, 93, 1, 0, 16, 1, 0, 234, 2, 178]
1546498686173;[171, 0, 17, 255, 161, 72, 68, 189, 165, 0, 0, 93, 1, 0, 29, 1, 0, 232, 2, 53]
1546498686515;[171, 0, 17, 255, 161, 72, 68, 189, 165, 0, 0, 104, 1, 0, 19, 1, 0, 230, 1, 97]
1546498686519;[171, 0, 17, 255, 161, 72, 68, 189, 165, 0, 0, 98, 1, 0, 20, 1, 0, 234, 16, 117]
1546498686523;[171, 0, 17, 255, 161, 72, 68, 189, 165, 0, 0, 101, 1, 0, 20, 1, 0, 232, 6, 230]
1546498686687;[171, 0, 17, 255, 161, 72, 68, 189, 166, 0, 0, 99, 1, 0, 20, 1, 0, 232, 6, 12]
1546498686692;[171, 0, 17, 255, 161, 72, 68, 189, 166, 0, 0, 99, 1, 0, 24, 1, 0, 234, 5, 68]
1546498686859;[171, 0, 17, 255, 161, 72, 68, 189, 166, 0, 0, 98, 1, 0, 23, 1, 0, 230, 5, 70]
1546498686863;[171, 0, 4, 255, 132, 128, 73]
1546498687032;[171, 0, 17, 255, 161, 72, 68, 189, 166, 0, 0, 101, 1, 0, 23, 1, 0, 234, 4, 253]
1546498687204;[171, 0, 17, 255, 161, 72, 68, 189, 166, 0, 0, 99, 1, 0, 23, 1, 0, 235, 4, 170]
1546498687209;[171, 0, 17, 255, 161, 72, 68, 189, 166, 0, 0, 98, 1, 0, 24, 1, 0, 233, 4, 148]
1546498687377;[171, 0, 17, 255, 161, 72, 68, 189, 166, 0, 0, 104, 1, 0, 24, 1, 0, 232, 4, 82]
1546498687380;[171, 0, 17, 255, 161, 72, 68, 189, 166, 0, 0, 99, 1, 0, 24, 1, 0, 232, 4, 8]
1546498687547;[171, 0, 17, 255, 161, 72, 68, 189, 166, 0, 0, 99, 1, 0, 23, 1, 0, 232, 3, 196]
1546498687894;[171, 0, 17, 255, 161, 72, 68, 189, 166, 0, 0, 99, 1, 0, 24, 1, 0, 232, 3, 148]
1546498687899;[171, 0, 17, 255, 161, 72, 68, 189, 167, 0, 0, 101, 1, 0, 24, 1, 0, 234, 3, 148]
1546498687903;[171, 0, 17, 255, 161, 72, 68, 189, 167, 0, 0, 99, 1, 0, 24, 1, 0, 234, 3, 169]
1546498687907;[171, 0, 17, 255, 161, 72, 68, 189, 167, 0, 0, 101, 1, 0, 23, 1, 0, 233, 3, 170]
1546498688066;[171, 0, 4, 255, 132, 128, 73]
1546498688070;[171, 0, 17, 255, 161, 72, 68, 189, 167, 0, 0, 99, 1, 0, 24, 1, 0, 232, 3, 170]
1546498688238;[171, 0, 17, 255, 161, 72, 68, 189, 167, 0, 0, 97, 1, 0, 24, 1, 0, 234, 3, 113]
1546498688411;[171, 0, 17, 255, 161, 72, 68, 189, 167, 0, 0, 98, 1, 0, 24, 1, 0, 234, 3, 54]
1546498688415;[171, 0, 17, 255, 161, 72, 68, 189, 167, 0, 0, 98, 1, 0, 15, 1, 0, 240, 2, 242]
1546498688583;[171, 0, 17, 255, 161, 72, 68, 189, 167, 0, 0, 99, 1, 0, 24, 1, 0, 230, 3, 101]
1546498688587;[171, 0, 17, 255, 161, 72, 68, 189, 167, 0, 0, 97, 1, 0, 24, 1, 0, 237, 3, 218]
1546498688756;[171, 0, 17, 255, 161, 72, 68, 189, 167, 0, 0, 91, 1, 0, 24, 1, 0, 237, 3, 201]
1546498689103;[171, 0, 17, 255, 161, 72, 68, 189, 168, 0, 0, 85, 1, 0, 24, 1, 0, 235, 3, 154]
1546498689107;[171, 0, 17, 255, 161, 72, 68, 189, 168, 0, 0, 85, 1, 0, 23, 1, 0, 241, 3, 125]
1546498689112;[171, 0, 17, 255, 161, 72, 68, 189, 168, 0, 0, 84, 1, 0, 23, 1, 0, 243, 3, 70]
1546498689116;[171, 0, 4, 255, 132, 128, 73]
1546498689274;[171, 0, 17, 255, 161, 72, 68, 189, 168, 0, 0, 76, 1, 0, 24, 1, 0, 238, 2, 204]
1546498689278;[171, 0, 17, 255, 161, 72, 68, 189, 168, 0, 0, 81, 1, 0, 28, 1, 0, 242, 2, 109]
1546498689446;[171, 0, 17, 255, 161, 72, 68, 189, 168, 0, 0, 86, 1, 0, 28, 1, 0, 235, 2, 119]
1546498689619;[171, 0, 17, 255, 161, 72, 68, 189, 168, 0, 0, 83, 1, 0, 31, 1, 0, 235, 2, 77]
1546498689623;[171, 0, 17, 255, 161, 72, 68, 189, 168, 0, 0, 77, 1, 0, 35, 1, 0, 233, 2, 75]
1546498689792;[171, 0, 17, 255, 161, 72, 68, 189, 168, 0, 0, 93, 1, 0, 33, 1, 0, 237, 1, 244]
1546498689796;[171, 0, 17, 255, 161, 72, 68, 189, 168, 0, 0, 78, 1, 0, 35, 1, 0, 229, 1, 143]
1546498689964;[171, 0, 17, 255, 161, 72, 68, 189, 169, 0, 0, 81, 1, 0, 33, 1, 0, 235, 1, 131]
1546498689967;[171, 0, 17, 255, 161, 72, 68, 189, 169, 0, 0, 86, 1, 0, 33, 1, 0, 237, 1, 120]
1546498690481;[171, 0, 17, 255, 161, 72, 68, 189, 169, 0, 0, 83, 1, 0, 35, 1, 0, 235, 1, 135]
1546498690485;[171, 0, 4, 255, 132, 128, 73]
1546498690490;[171, 0, 17, 255, 161, 72, 68, 189, 169, 0, 0, 87, 1, 0, 34, 1, 0, 241, 1, 215]
1546498690494;[171, 0, 17, 255, 161, 72, 68, 189, 169, 0, 0, 86, 1, 0, 35, 1, 0, 235, 1, 235]
1546498690654;[171, 0, 17, 255, 161, 72, 68, 189, 169, 0, 0, 80, 1, 0, 34, 1, 0, 235, 2, 59]
1546498690658;[171, 0, 17, 255, 161, 72, 68, 189, 169, 0, 0, 87, 1, 0, 34, 1, 0, 235, 2, 80]
1546498690825;[171, 0, 17, 255, 161, 72, 68, 189, 169, 0, 0, 83, 1, 0, 35, 1, 0, 234, 1, 244]
1546498690829;[171, 0, 17, 255, 161, 72, 68, 189, 169, 0, 0, 84, 1, 0, 34, 1, 0, 240, 1, 172]
1546498690998;[171, 0, 17, 255, 161, 72, 68, 189, 169, 0, 0, 86, 1, 0, 37, 1, 0, 238, 2, 18]
1546498691002;[171, 0, 17, 255, 161, 72, 68, 189, 170, 0, 0, 80, 1, 0, 34, 1, 0, 235, 2, 160]
1546498691171;[171, 0, 17, 255, 161, 72, 68, 189, 170, 0, 0, 84, 1, 0, 34, 1, 0, 238, 2, 33]
1546498691175;[171, 0, 17, 255, 161, 72, 68, 189, 170, 0, 0, 80, 1, 0, 35, 1, 0, 237, 1, 203]
1546498691344;[171, 0, 4, 255, 132, 128, 74]
1546498691690;[171, 0, 17, 255, 161, 72, 68, 189, 170, 0, 0, 80, 1, 0, 34, 1, 0, 246, 1, 188]
1546498691695;[171, 0, 17, 255, 161, 72, 68, 189, 170, 0, 0, 72, 1, 0, 45, 1, 0, 220, 1, 18]
1546498691723;[171, 0, 17, 255, 161, 72, 68, 189, 170, 0, 0, 114, 1, 0, 35, 1, 0, 226, 16, 17]
1546498691724;[171, 0, 17, 255, 161, 72, 68, 189, 170, 0, 0, 27, 1, 0, 37, 1, 1, 10, 7, 150]
1546498691859;[171, 0, 17, 255, 161, 72, 68, 189, 170, 1, 0, 12, 1, 0, 67, 1, 0, 220, 8, 98]
1546498691862;[171, 0, 17, 255, 161, 72, 68, 189, 170, 0, 0, 173, 1, 0, 49, 1, 0, 198, 7, 220]
1546498692032;[171, 0, 17, 255, 161, 72, 68, 189, 170, 0, 0, 23, 1, 0, 52, 1, 0, 199, 8, 109]
1546498692206;[171, 0, 17, 255, 161, 72, 68, 189, 171, 1, 0, 4, 1, 0, 24, 1, 1, 24, 8, 247]
1546498692210;[171, 0, 17, 255, 161, 72, 68, 189, 171, 0, 0, 186, 1, 0, 82, 1, 0, 202, 8, 23]
1546498692379;[171, 0, 17, 255, 161, 72, 68, 189, 171, 1, 0, 31, 1, 0, 28, 1, 1, 26, 8, 9]
1546498692383;[171, 0, 4, 255, 132, 128, 75]
1546498692551;[171, 0, 17, 255, 161, 72, 68, 189, 171, 0, 0, 36, 1, 0, 33, 1, 0, 252, 8, 190]
1546498692897;[171, 0, 17, 255, 161, 72, 68, 189, 171, 0, 0, 121, 1, 0, 46, 1, 0, 210, 8, 196]
1546498692901;[171, 0, 17, 255, 161, 72, 68, 189, 171, 0, 0, 154, 1, 0, 50, 1, 0, 224, 8, 64]
1546498692905;[171, 0, 17, 255, 161, 72, 68, 189, 171, 0, 0, 77, 1, 0, 35, 1, 0, 239, 7, 232]
1546498692910;[171, 0, 17, 255, 161, 72, 68, 189, 171, 0, 0, 99, 1, 0, 34, 1, 0, 235, 7, 198]
1546498693069;[171, 0, 17, 255, 161, 72, 68, 189, 171, 0, 0, 71, 1, 0, 40, 1, 0, 235, 7, 127]
1546498693073;[171, 0, 17, 255, 161, 72, 68, 189, 171, 0, 0, 76, 1, 0, 35, 1, 0, 234, 6, 230]
1546498693241;[171, 0, 17, 255, 161, 72, 68, 189, 172, 0, 0, 71, 1, 0, 28, 1, 0, 250, 6, 96]
1546498693415;[171, 0, 17, 255, 161, 72, 68, 189, 172, 0, 0, 61, 1, 0, 35, 1, 0, 246, 6, 19]
1546498693419;[171, 0, 17, 255, 161, 72, 68, 189, 172, 0, 0, 64, 1, 0, 34, 1, 0, 241, 5, 248]
1546498693585;[171, 0, 4, 255, 132, 128, 75]
1546498693590;[171, 0, 17, 255, 161, 72, 68, 189, 172, 0, 0, 64, 1, 0, 34, 1, 0, 244, 5, 200]
1546498693759;[171, 0, 17, 255, 161, 72, 68, 189, 172, 0, 0, 59, 1, 0, 35, 1, 0, 243, 5, 130]
1546498693763;[171, 0, 17, 255, 161, 72, 68, 189, 172, 0, 0, 61, 1, 0, 35, 1, 0, 244, 5, 93]
1546498693931;[171, 0, 17, 255, 161, 72, 68, 189, 172, 0, 0, 61, 1, 0, 29, 1, 0, 249, 5, 61]
1546498694276;[171, 0, 17, 255, 161, 72, 68, 189, 172, 0, 0, 46, 1, 0, 35, 1, 0, 246, 5, 21]
1546498694280;[171, 0, 17, 255, 161, 72, 68, 189, 172, 0, 0, 40, 1, 0, 37, 1, 0, 238, 4, 233]
1546498694285;[171, 0, 17, 255, 161, 72, 68, 189, 172, 0, 0, 50, 1, 0, 34, 1, 0, 252, 4, 209]
1546498694289;[171, 0, 17, 255, 161, 72, 68, 189, 173, 0, 0, 55, 1, 0, 38, 1, 0, 252, 5, 61]
1546498694448;[171, 0, 17, 255, 161, 72, 68, 189, 173, 0, 0, 59, 1, 0, 39, 1, 0, 246, 5, 116]
1546498694621;[171, 0, 17, 255, 161, 72, 68, 189, 173, 0, 0, 56, 1, 0, 34, 1, 1, 4, 5, 117]
1546498694625;[171, 0, 4, 255, 132, 128, 76]
1546498694795;[171, 0, 17, 255, 161, 72, 68, 189, 173, 0, 0, 47, 1, 0, 39, 1, 0, 254, 6, 138]
1546498694799;[171, 0, 17, 255, 161, 72, 68, 189, 173, 0, 0, 68, 1, 0, 43, 1, 0, 245, 7, 225]
1546498694967;[171, 0, 17, 255, 161, 72, 68, 189, 173, 0, 0, 23, 1, 0, 16, 1, 1, 8, 9, 76]
1546498694971;[171, 0, 17, 255, 161, 72, 68, 189, 173, 0, 0, 56, 1, 0, 36, 1, 0, 240, 10, 142]
1546498695139;[171, 0, 17, 255, 161, 72, 68, 189, 173, 0, 0, 101, 1, 0, 33, 1, 0, 238, 11, 181]
1546498695483;[171, 0, 17, 255, 161, 72, 68, 189, 173, 0, 0, 85, 1, 0, 33, 1, 0, 242, 13, 79]
1546498695487;[171, 0, 17, 255, 161, 72, 68, 189, 173, 0, 0, 71, 1, 0, 34, 1, 0, 234, 14, 146]
1546498695492;[171, 0, 17, 255, 161, 72, 68, 189, 174, 0, 0, 83, 1, 0, 33, 1, 0, 250, 31, 214]
1546498695496;[171, 0, 17, 255, 161, 72, 68, 189, 174, 0, 0, 71, 1, 0, 35, 1, 0, 233, 7, 208]
1546498695655;[171, 0, 17, 255, 161, 72, 68, 189, 174, 0, 0, 77, 1, 0, 34, 1, 0, 240, 7, 208]
1546498695829;[171, 0, 4, 255, 132, 128, 77]
1546498695833;[171, 0, 17, 255, 161, 72, 68, 189, 174, 0, 0, 97, 1, 0, 33, 1, 0, 237, 8, 186]
1546498696001;[171, 0, 17, 255, 161, 72, 68, 189, 174, 0, 0, 81, 1, 0, 36, 1, 0, 237, 9, 149]
1546498696005;[171, 0, 17, 255, 161, 72, 68, 189, 174, 0, 0, 83, 1, 0, 34, 1, 0, 235, 10, 227]
1546498696174;[171, 0, 17, 255, 161, 72, 68, 189, 174, 0, 0, 83, 1, 0, 35, 1, 0, 238, 12, 206]
1546498696178;[171, 0, 17, 255, 161, 72, 68, 189, 174, 0, 0, 77, 1, 0, 35, 1, 0, 240, 13, 221]
1546498696345;[171, 0, 17, 255, 161, 72, 68, 189, 174, 0, 0, 84, 1, 0, 35, 1, 0, 237, 14, 163]
1546498696865;[171, 0, 17, 255, 161, 72, 68, 189, 174, 0, 0, 84, 1, 0, 33, 1, 0, 237, 15, 50]
1546498696869;[171, 0, 17, 255, 161, 72, 68, 189, 175, 0, 0, 77, 1, 0, 34, 1, 0, 241, 15, 50]
1546498696873;[171, 0, 17, 255, 161, 72, 68, 189, 175, 0, 0, 81, 1, 0, 33, 1, 0, 237, 31, 233]
1546498696877;[171, 0, 17, 255, 161, 72, 68, 189, 175, 0, 0, 78, 1, 0, 33, 1, 0, 240, 8, 162]
1546498697036;[171, 0, 4, 255, 132, 128, 77]
1546498697040;[171, 0, 17, 255, 161, 72, 68, 189, 175, 0, 0, 71, 1, 0, 33, 1, 0, 240, 10, 161]
1546498697044;[171, 0, 17, 255, 161, 72, 68, 189, 175, 0, 0, 72, 1, 0, 33, 1, 0, 240, 12, 19]
1546498697208;[171, 0, 17, 255, 161, 72, 68, 189, 175, 0, 0, 76, 1, 0, 24, 1, 0, 247, 12, 116]
1546498697212;[171, 0, 17, 255, 161, 72, 68, 189, 175, 0, 0, 66, 1, 0, 33, 1, 0, 238, 12, 173]
1546498697382;[171, 0, 17, 255, 161, 72, 68, 189, 175, 0, 0, 72, 1, 0, 33, 1, 0, 243, 12, 170]
1546498697386;[171, 0, 17, 255, 161, 72, 68, 189, 175, 0, 0, 66, 1, 0, 33, 1, 0, 242, 12, 169]
1546498697553;[171, 0, 17, 255, 161, 72, 68, 189, 175, 0, 0, 72, 1, 0, 34, 1, 0, 240, 12, 170]
1546498697726;[171, 0, 17, 255, 161, 72, 68, 189, 176, 0, 0, 77, 1, 0, 33, 1, 0, 241, 12, 232]
1546498697729;[171, 0, 17, 255, 161, 72, 68, 189, 176, 0, 0, 67, 1, 0, 34, 1, 0, 240, 13, 229]
1546498698072;[171, 0, 17, 255, 161, 72, 68, 189, 176, 0, 0, 78, 1, 0, 35, 1, 0, 234, 13, 245]
1546498698076;[171, 0, 4, 255, 132, 128, 78]
1546498698080;[171, 0, 17, 255, 161, 72, 68, 189, 176, 0, 0, 81, 1, 0, 34, 1, 0, 241, 12, 198]
1546498698084;[171, 0, 17, 255, 161, 72, 68, 189, 176, 0, 0, 80, 1, 0, 34, 1, 0, 237, 9, 39]
1546498698243;[171, 0, 17, 255, 161, 72, 68, 189, 176, 0, 0, 81, 1, 0, 34, 1, 0, 243, 5, 64]
1546498698416;[171, 0, 17, 255, 161, 72, 68, 189, 176, 0, 0, 86, 1, 0, 35, 1, 0, 250, 1, 63]
1546498698421;[171, 0, 17, 255, 161, 72, 68, 189, 176, 0, 0, 91, 1, 0, 30, 1, 1, 10, 1, 63]
1546498698588;[171, 0, 17, 255, 161, 72, 68, 189, 176, 0, 0, 29, 1, 0, 34, 1, 1, 13, 1, 63]
1546498698592;[171, 0, 17, 255, 161, 72, 68, 189, 176, 0, 0, 31, 1, 0, 37, 1, 1, 10, 0, 222]
1546498698762;[171, 0, 17, 255, 161, 72, 68, 189, 177, 0, 0, 37, 1, 0, 44, 1, 0, 240, 16, 45]
1546498698766;[171, 0, 17, 255, 161, 72, 68, 189, 177, 0, 0, 7, 1, 0, 40, 1, 0, 242, 5, 196]
1546498698933;[171, 0, 17, 255, 161, 72, 68, 189, 177, 0, 0, 26, 1, 0, 37, 1, 1, 2, 3, 190]
1546498699278;[171, 0, 4, 255, 132, 128, 78]
1546498699284;[171, 0, 17, 255, 161, 72, 68, 189, 177, 0, 0, 17, 1, 0, 40, 1, 0, 254, 2, 66]
1546498699288;[171, 0, 17, 255, 161, 72, 68, 189, 177, 0, 0, 19, 1, 0, 38, 1, 0, 252, 2, 66]
1546498699292;[171, 0, 17, 255, 161, 72, 68, 189, 177, 0, 0, 21, 1, 0, 35, 1, 1, 1, 1, 129]
1546498699450;[171, 0, 17, 255, 161, 72, 68, 189, 177, 0, 0, 18, 1, 0, 39, 1, 0, 252, 0, 244]
1546498699623;[171, 0, 17, 255, 161, 72, 68, 189, 177, 0, 0, 26, 1, 0, 37, 1, 0, 254, 16, 130]
1546498699627;[171, 0, 17, 255, 161, 72, 68, 189, 177, 0, 0, 26, 1, 0, 37, 1, 0, 255, 7, 129]
1546498699796;[171, 0, 17, 255, 161, 72, 68, 189, 177, 0, 0, 19, 1, 0, 39, 1, 0, 252, 7, 27]
1546498699800;[171, 0, 17, 255, 161, 72, 68, 189, 178, 0, 0, 19, 1, 0, 37, 1, 0, 251, 6, 176]
1546498699969;[171, 0, 17, 255, 161, 72, 68, 189, 178, 0, 0, 18, 1, 0, 39, 1, 0, 252, 6, 105]
1546498699973;[171, 0, 17, 255, 161, 72, 68, 189, 178, 0, 0, 19, 1, 0, 39, 1, 0, 253, 6, 49]
1546498700140;[171, 0, 4, 255, 132, 128, 78]
1546498700315;[171, 0, 17, 255, 161, 72, 68, 189, 178, 0, 0, 23, 1, 0, 39, 1, 0, 253, 6, 11]
1546498700319;[171, 0, 17, 255, 161, 72, 68, 189, 178, 0, 0, 17, 1, 0, 37, 1, 0, 253, 5, 232]
1546498700660;[171, 0, 17, 255, 161, 72, 68, 189, 178, 0, 0, 18, 1, 0, 39, 1, 0, 247, 5, 190]
1546498700664;[171, 0, 17, 255, 161, 72, 68, 189, 178, 0, 0, 13, 1, 0, 38, 1, 1, 1, 5, 125]
1546498700668;[171, 0, 17, 255, 161, 72, 68, 189, 178, 0, 0, 13, 1, 0, 38, 1, 0, 252, 5, 67]
1546498700672;[171, 0, 17, 255, 161, 72, 68, 189, 178, 0, 0, 11, 1, 0, 39, 1, 0, 254, 5, 13]
1546498700831;[171, 0, 17, 255, 161, 72, 68, 189, 178, 0, 0, 21, 1, 0, 35, 1, 0, 252, 4, 235]
1546498701005;[171, 0, 17, 255, 161, 72, 68, 189, 179, 0, 0, 21, 1, 0, 35, 1, 1, 0, 4, 210]
1546498701009;[171, 0, 17, 255, 161, 72, 68, 189, 179, 0, 0, 17, 1, 0, 39, 1, 0, 252, 4, 198]
1546498701176;[171, 0, 17, 255, 161, 72, 68, 189, 179, 0, 0, 19, 1, 0, 34, 1, 1, 1, 4, 181]
1546498701180;[171, 0, 4, 255, 132, 128, 78]
1546498701349;[171, 0, 17, 255, 161, 72, 68, 189, 179, 0, 0, 6, 1, 0, 40, 1, 0, 250, 4, 155]
1546498701520;[171, 0, 17, 255, 161, 72, 68, 189, 179, 0, 0, 17, 1, 0, 38, 1, 1, 2, 4, 139]
1546498701524;[171, 0, 17, 255, 161, 72, 68, 189, 179, 0, 0, 21, 1, 0, 37, 1, 0, 255, 4, 122]
1546498701867;[171, 0, 17, 255, 161, 72, 68, 189, 179, 0, 0, 7, 1, 0, 40, 1, 0, 253, 4, 78]
1546498701872;[171, 0, 17, 255, 161, 72, 68, 189, 179, 0, 0, 21, 1, 0, 35, 1, 0, 255, 4, 66]
1546498701876;[171, 0, 17, 255, 161, 72, 68, 189, 179, 0, 0, 13, 1, 0, 39, 1, 0, 255, 4, 43]
1546498701881;[171, 0, 17, 255, 161, 72, 68, 189, 179, 0, 0, 6, 1, 0, 39, 1, 0, 250, 4, 1]
1546498702039;[171, 0, 17, 255, 161, 72, 68, 189, 180, 0, 0, 19, 1, 0, 35, 1, 0, 253, 3, 242]
1546498702211;[171, 0, 17, 255, 161, 72, 68, 189, 180, 0, 0, 23, 1, 0, 35, 1, 0, 253, 3, 220]
1546498702215;[171, 0, 17, 255, 161, 72, 68, 189, 180, 0, 0, 19, 1, 0, 37, 1, 0, 254, 3, 168]
1546498702384;[171, 0, 4, 255, 132, 128, 78]
1546498702388;[171, 0, 17, 255, 161, 72, 68, 189, 180, 0, 0, 23, 1, 0, 34, 1, 0, 252, 3, 143]
1546498702556;[171, 0, 17, 255, 161, 72, 68, 189, 180, 0, 0, 34, 1, 0, 35, 1, 1, 5, 3, 108]
1546498702729;[171, 0, 17, 255, 161, 72, 68, 189, 180, 0, 0, 20, 1, 0, 37, 1, 0, 252, 3, 65]
1546498702733;[171, 0, 17, 255, 161, 72, 68, 189, 180, 0, 0, 31, 1, 0, 34, 1, 0, 255, 3, 23]
1546498702900;[171, 0, 17, 255, 161, 72, 68, 189, 180, 0, 0, 25, 1, 0, 37, 1, 0, 251, 3, 38]
1546498702904;[171, 0, 17, 255, 161, 72, 68, 189, 180, 0, 0, 25, 1, 0, 35, 1, 0, 255, 3, 128]
1546498703246;[171, 0, 17, 255, 161, 72, 68, 189, 180, 0, 0, 34, 1, 0, 39, 1, 0, 252, 4, 3]
1546498703250;[171, 0, 17, 255, 161, 72, 68, 189, 181, 0, 0, 23, 1, 0, 35, 1, 0, 252, 4, 90]
1546498703254;[171, 0, 17, 255, 161, 72, 68, 189, 181, 0, 0, 27, 1, 0, 40, 1, 0, 249, 4, 39]
1546498703420;[171, 0, 17, 255, 161, 72, 68, 189, 181, 0, 0, 27, 1, 0, 35, 1, 0, 252, 3, 201]
1546498703423;[171, 0, 4, 255, 132, 128, 79]
1546498703592;[171, 0, 17, 255, 161, 72, 68, 189, 181, 0, 0, 40, 1, 0, 34, 1, 0, 252, 3, 148]
1546498703596;[171, 0, 17, 255, 161, 72, 68, 189, 181, 0, 0, 24, 1, 0, 44, 1, 0, 250, 3, 120]
1546498703764;[171, 0, 17, 255, 161, 72, 68, 189, 181, 0, 0, 31, 1, 0, 35, 1, 0, 253, 3, 121]
1546498703767;[171, 0, 17, 255, 161, 72, 68, 189, 181, 0, 0, 26, 1, 0, 38, 1, 0, 250, 3, 126]
1546498703936;[171, 0, 17, 255, 161, 72, 68, 189, 181, 0, 0, 29, 1, 0, 35, 1, 0, 253, 3, 67]
1546498704109;[171, 0, 17, 255, 161, 72, 68, 189, 181, 0, 0, 36, 1, 0, 35, 1, 0, 247, 3, 31]
1546498704113;[171, 0, 17, 255, 161, 72, 68, 189, 181, 0, 0, 25, 1, 0, 35, 1, 0, 251, 2, 241]
1546498704455;[171, 0, 17, 255, 161, 72, 68, 189, 182, 0, 0, 53, 1, 0, 42, 1, 0, 246, 2, 204]
1546498704463;[171, 0, 17, 255, 161, 72, 68, 189, 182, 0, 0, 32, 1, 0, 35, 1, 1, 0, 2, 174]
1546498704472;[171, 0, 17, 255, 161, 72, 68, 189, 182, 0, 0, 36, 1, 0, 40, 1, 0, 247, 2, 217]
1546498704625;[171, 0, 4, 255, 132, 128, 79]
1546498704629;[171, 0, 17, 255, 161, 72, 68, 189, 182, 0, 0, 32, 1, 0, 37, 1, 0, 254, 3, 46]
1546498704798;[171, 0, 17, 255, 161, 72, 68, 189, 182, 0, 0, 43, 1, 0, 35, 1, 0, 251, 3, 16]
1546498704801;[171, 0, 17, 255, 161, 72, 68, 189, 182, 0, 0, 25, 1, 0, 37, 1, 0, 254, 2, 198]
1546498704971;[171, 0, 17, 255, 161, 72, 68, 189, 182, 0, 0, 42, 1, 0, 35, 1, 0, 250, 2, 173]
1546498704975;[171, 0, 17, 255, 161, 72, 68, 189, 182, 0, 0, 21, 1, 0, 37, 1, 0, 250, 2, 193]
1546498705143;[171, 0, 17, 255, 161, 72, 68, 189, 182, 0, 0, 36, 1, 0, 39, 1, 0, 252, 2, 200]
1546498705315;[171, 0, 17, 255, 161, 72, 68, 189, 182, 0, 0, 37, 1, 0, 35, 1, 0, 252, 2, 218]
1546498705319;[171, 0, 17, 255, 161, 72, 68, 189, 183, 0, 0, 18, 1, 0, 37, 1, 0, 243, 2, 184]
1546498705834;[171, 0, 17, 255, 161, 72, 68, 189, 183, 0, 0, 61, 1, 0, 35, 1, 0, 250, 2, 193]
1546498705838;[171, 0, 17, 255, 161, 72, 68, 189, 183, 0, 0, 23, 1, 0, 33, 1, 1, 1, 2, 246]
1546498705842;[171, 0, 4, 255, 132, 128, 79]
1546498705847;[171, 0, 17, 255, 161, 72, 68, 189, 183, 0, 0, 52, 1, 0, 38, 1, 0, 250, 3, 234]
1546498706007;[171, 0, 17, 255, 161, 72, 68, 189, 183, 0, 0, 141, 1, 0, 34, 1, 1, 1, 5, 78]
1546498706011;[171, 0, 17, 255, 161, 72, 68, 189, 183, 0, 0, 77, 1, 0, 34, 1, 0, 238, 6, 92]
1546498706015;[171, 0, 17, 255, 161, 72, 68, 189, 183, 0, 0, 83, 1, 0, 33, 1, 0, 237, 7, 74]
1546498706179;[171, 0, 17, 255, 161, 72, 68, 189, 183, 0, 0, 80, 1, 0, 35, 1, 0, 238, 8, 36]
1546498706183;[171, 0, 17, 255, 161, 72, 68, 189, 183, 0, 0, 86, 1, 0, 35, 1, 0, 237, 8, 254]
1546498706350;[171, 0, 17, 255, 161, 72, 68, 189, 183, 0, 0, 84, 1, 0, 33, 1, 0, 237, 10, 204]
1546498706524;[171, 0, 17, 255, 161, 72, 68, 189, 184, 0, 0, 86, 1, 0, 34, 1, 0, 237, 12, 92]
1546498706528;[171, 0, 17, 255, 161, 72, 68, 189, 184, 0, 0, 85, 1, 0, 34, 1, 0, 236, 13, 158]
1546498706695;[171, 0, 17, 255, 161, 72, 68, 189, 186, 0, 0, 106, 1, 0, 35, 1, 0, 234, 8, 225]
1546498707042;[171, 0, 17, 255, 161, 72, 68, 189, 186, 0, 0, 101, 1, 0, 34, 1, 0, 232, 8, 197]
1546498707045;[171, 0, 17, 255, 161, 72, 68, 189, 186, 0, 0, 101, 1, 0, 34, 1, 0, 230, 8, 144]
1546498707214;[171, 0, 17, 255, 161, 72, 68, 189, 186, 0, 0, 99, 1, 0, 34, 1, 0, 232, 8, 39]
1546498707218;[171, 0, 17, 255, 161, 72, 68, 189, 186, 0, 0, 101, 1, 0, 35, 1, 0, 230, 7, 200]
1546498707384;[171, 0, 17, 255, 161, 72, 68, 189, 186, 0, 0, 103, 1, 0, 34, 1, 0, 232, 7, 119]
1546498707388;[171, 0, 17, 255, 161, 72, 68, 189, 186, 0, 0, 99, 1, 0, 34, 1, 0, 230, 8, 57]
1546498707557;[171, 0, 17, 255, 161, 72, 68, 189, 187, 0, 0, 93, 1, 0, 33, 1, 0, 234, 8, 101]
1546498707561;[171, 0, 17, 255, 161, 72, 68, 189, 187, 0, 0, 106, 1, 0, 34, 1, 0, 230, 8, 23]
1546498707731;[171, 0, 17, 255, 161, 72, 68, 189, 187, 0, 0, 98, 1, 0, 35, 1, 0, 230, 7, 232]
1546498707903;[171, 0, 4, 255, 132, 128, 82]
1546498707908;[171, 0, 17, 255, 161, 72, 68, 189, 187, 0, 0, 103, 1, 0, 34, 1, 0, 232, 7, 120]
1546498708250;[171, 0, 17, 255, 161, 72, 68, 189, 187, 0, 0, 97, 1, 0, 34, 1, 0, 232, 7, 12]
1546498708254;[171, 0, 17, 255, 161, 72, 68, 189, 187, 0, 0, 93, 1, 0, 34, 1, 0, 234, 6, 145]
1546498708259;[171, 0, 17, 255, 161, 72, 68, 189, 187, 0, 0, 99, 1, 0, 34, 1, 0, 232, 6, 70]
1546498708421;[171, 0, 17, 255, 161, 72, 68, 189, 187, 0, 0, 98, 1, 0, 33, 1, 0, 232, 7, 32]
1546498708425;[171, 0, 17, 255, 161, 72, 68, 189, 187, 0, 0, 98, 1, 0, 34, 1, 0, 232, 7, 128]
1546498708594;[171, 0, 17, 255, 161, 72, 68, 189, 187, 0, 0, 99, 1, 0, 34, 1, 0, 231, 7, 170]
1546498708598;[171, 0, 17, 255, 161, 72, 68, 189, 192, 0, 0, 97, 1, 0, 24, 1, 0, 234, 8, 45]
1546498708765;[171, 0, 17, 255, 161, 72, 68, 189, 192, 0, 0, 99, 1, 0, 24, 1, 0, 236, 9, 4]
1546498708769;[171, 0, 17, 255, 161, 72, 68, 189, 192, 0, 0, 101, 1, 0, 24, 1, 0, 234, 9, 175]
1546498708937;[171, 0, 4, 255, 132, 128, 82]
1546498709110;[171, 0, 17, 255, 161, 72, 68, 189, 192, 0, 0, 112, 1, 0, 23, 1, 0, 234, 9, 220]
1546498709114;[171, 0, 17, 255, 161, 72, 68, 189, 192, 0, 0, 106, 1, 0, 23, 1, 0, 233, 9, 192]
1546498709284;[171, 0, 17, 255, 161, 72, 68, 189, 192, 0, 0, 97, 1, 0, 20, 1, 0, 241, 8, 229]
1546498709288;[171, 0, 17, 255, 161, 72, 68, 189, 192, 0, 0, 80, 1, 0, 31, 1, 0, 242, 8, 81]
1546498709630;[171, 0, 17, 255, 161, 72, 68, 189, 192, 0, 0, 80, 1, 0, 49, 1, 0, 229, 6, 100]
1546498709634;[171, 0, 17, 255, 161, 72, 68, 189, 192, 0, 0, 114, 1, 0, 41, 1, 0, 224, 4, 148]
1546498709638;[171, 0, 17, 255, 161, 72, 68, 189, 192, 0, 0, 114, 1, 0, 34, 1, 0, 229, 2, 158]
1546498709800;[171, 0, 17, 255, 161, 72, 68, 189, 193, 0, 0, 109, 1, 0, 38, 1, 0, 219, 1, 75]
1546498709804;[171, 0, 17, 255, 161, 72, 68, 189, 193, 0, 0, 128, 1, 0, 42, 1, 0, 220, 1, 75]
1546498709973;[171, 0, 17, 255, 161, 72, 68, 189, 193, 0, 0, 119, 1, 0, 34, 1, 0, 228, 1, 75]
1546498709977;[171, 0, 4, 255, 132, 128, 82]
1546498710145;[171, 0, 17, 255, 161, 72, 68, 189, 193, 0, 0, 109, 1, 0, 35, 1, 0, 229, 1, 2]
1546498710318;[171, 0, 17, 255, 161, 72, 68, 189, 193, 0, 0, 119, 1, 0, 40, 1, 0, 224, 1, 29]
1546498710322;[171, 0, 17, 255, 161, 72, 68, 189, 193, 0, 0, 101, 1, 0, 34, 1, 0, 238, 16, 9]
1546498710490;[171, 0, 17, 255, 161, 72, 68, 189, 193, 0, 0, 96, 1, 0, 28, 1, 0, 237, 7, 28]
1546498710493;[171, 0, 17, 255, 161, 72, 68, 189, 193, 0, 0, 124, 1, 0, 33, 1, 0, 224, 6, 195]
1546498710837;[171, 0, 17, 255, 161, 72, 68, 189, 193, 0, 0, 120, 1, 0, 32, 1, 0, 232, 6, 136]
1546498710841;[171, 0, 17, 255, 161, 72, 68, 189, 193, 0, 0, 81, 1, 0, 3, 1, 0, 237, 6, 148]
1546498710845;[171, 0, 17, 255, 161, 72, 68, 189, 194, 0, 0, 114, 1, 0, 27, 1, 0, 232, 7, 101]
1546498711009;[171, 0, 17, 255, 161, 72, 68, 189, 194, 0, 0, 85, 1, 0, 22, 1, 0, 230, 8, 122]
1546498711013;[171, 0, 17, 255, 161, 72, 68, 189, 194, 0, 0, 106, 1, 0, 33, 1, 0, 232, 9, 220]
1546498711181;[171, 0, 4, 255, 132, 128, 81]
1546498711185;[171, 0, 17, 255, 161, 72, 68, 189, 194, 0, 0, 112, 1, 0, 23, 1, 0, 230, 11, 105]
1546498711355;[171, 0, 17, 255, 161, 72, 68, 189, 194, 0, 0, 112, 1, 0, 29, 1, 0, 230, 12, 142]
1546498711526;[171, 0, 17, 255, 161, 72, 68, 189, 194, 0, 0, 111, 1, 0, 34, 1, 0, 229, 13, 55]
1546498711529;[171, 0, 17, 255, 161, 72, 68, 189, 194, 0, 0, 114, 1, 0, 30, 1, 0, 229, 14, 18]
1546498711722;[171, 0, 17, 255, 161, 72, 68, 189, 194, 0, 0, 114, 1, 0, 33, 1, 0, 229, 14, 101]
1546498711724;[171, 0, 17, 255, 161, 72, 68, 189, 194, 0, 0, 117, 1, 0, 33, 1, 0, 228, 13, 218]
1546498712218;[171, 0, 17, 255, 161, 72, 68, 189, 194, 0, 0, 116, 1, 0, 33, 1, 0, 224, 13, 44]
1546498712222;[171, 0, 17, 255, 161, 72, 68, 189, 195, 0, 0, 116, 1, 0, 34, 1, 0, 228, 12, 201]
1546498712227;[171, 0, 17, 255, 161, 72, 68, 189, 195, 0, 0, 116, 1, 0, 34, 1, 0, 228, 12, 167]
1546498712231;[171, 0, 17, 255, 161, 72, 68, 189, 195, 0, 0, 116, 1, 0, 33, 1, 0, 224, 12, 235]
1546498712390;[171, 0, 4, 255, 132, 128, 82]
1546498712394;[171, 0, 17, 255, 161, 72, 68, 189, 195, 0, 0, 117, 1, 0, 35, 1, 0, 227, 12, 218]
1546498712398;[171, 0, 17, 255, 161, 72, 68, 189, 195, 0, 0, 112, 1, 0, 35, 1, 0, 228, 12, 208]
1546498712562;[171, 0, 17, 255, 161, 72, 68, 189, 195, 0, 0, 116, 1, 0, 35, 1, 0, 228, 12, 170]
1546498712565;[171, 0, 17, 255, 161, 72, 68, 189, 195, 0, 0, 117, 1, 0, 35, 1, 0, 225, 12, 76]
1546498712733;[171, 0, 17, 255, 161, 72, 68, 189, 195, 0, 0, 116, 1, 0, 34, 1, 0, 228, 11, 215]
1546498712905;[171, 0, 17, 255, 161, 72, 68, 189, 195, 0, 0, 116, 1, 0, 35, 1, 0, 228, 11, 89]
1546498712909;[171, 0, 17, 255, 161, 72, 68, 189, 195, 0, 0, 114, 1, 0, 35, 1, 0, 228, 11, 38]
1546498713078;[171, 0, 17, 255, 161, 72, 68, 189, 196, 0, 0, 114, 1, 0, 34, 1, 0, 227, 11, 204]
1546498713082;[171, 0, 17, 255, 161, 72, 68, 189, 196, 0, 0, 116, 1, 0, 35, 1, 0, 228, 12, 99]
1546498713425;[171, 0, 17, 255, 161, 72, 68, 189, 196, 0, 0, 114, 1, 0, 34, 1, 0, 224, 12, 243]
1546498713428;[171, 0, 4, 255, 132, 128, 82]
1546498713433;[171, 0, 17, 255, 161, 72, 68, 189, 196, 0, 0, 116, 1, 0, 33, 1, 0, 228, 13, 113]
1546498713595;[171, 0, 17, 255, 161, 72, 68, 189, 196, 0, 0, 111, 1, 0, 35, 1, 0, 228, 13, 167]
1546498713599;[171, 0, 17, 255, 161, 72, 68, 189, 196, 0, 0, 106, 1, 0, 35, 1, 0, 216, 13, 133]
1546498713769;[171, 0, 17, 255, 161, 72, 68, 189, 196, 0, 0, 138, 1, 0, 30, 1, 0, 229, 13, 151]
1546498713773;[171, 0, 17, 255, 161, 72, 68, 189, 196, 0, 0, 106, 1, 0, 35, 1, 0, 220, 13, 87]
1546498713941;[171, 0, 17, 255, 161, 72, 68, 189, 196, 0, 0, 127, 1, 0, 34, 1, 0, 220, 14, 28]
1546498714113;[171, 0, 17, 255, 161, 72, 68, 189, 196, 0, 0, 123, 1, 0, 35, 1, 0, 220, 14, 174]
1546498714117;[171, 0, 17, 255, 161, 72, 68, 189, 197, 0, 0, 117, 1, 0, 34, 1, 0, 224, 14, 208]
1546498714285;[171, 0, 17, 255, 161, 72, 68, 189, 197, 0, 0, 123, 1, 0, 33, 1, 0, 224, 14, 237]
1546498714289;[171, 0, 17, 255, 161, 72, 68, 189, 197, 0, 0, 120, 1, 0, 35, 1, 0, 220, 14, 214]
1546498714802;[171, 0, 4, 255, 132, 128, 82]
1546498714805;[171, 0, 17, 255, 161, 72, 68, 189, 197, 0, 0, 120, 1, 0, 33, 1, 0, 220, 14, 172]
1546498714808;[171, 0, 17, 255, 161, 72, 68, 189, 197, 0, 0, 128, 1, 0, 35, 1, 0, 220, 14, 194]
1546498714811;[171, 0, 17, 255, 161, 72, 68, 189, 197, 0, 0, 123, 1, 0, 34, 1, 0, 220, 14, 183]
1546498714977;[171, 0, 17, 255, 161, 72, 68, 189, 197, 0, 0, 123, 1, 0, 35, 1, 0, 220, 15, 37]
1546498714981;[171, 0, 17, 255, 161, 72, 68, 189, 197, 0, 0, 128, 1, 0, 33, 1, 0, 220, 31, 173]
1546498714985;[171, 0, 17, 255, 161, 72, 68, 189, 197, 0, 0, 118, 1, 0, 34, 1, 0, 220, 7, 208]
1546498715148;[171, 0, 17, 255, 161, 72, 68, 189, 197, 0, 0, 116, 1, 0, 35, 1, 0, 220, 7, 245]
1546498715323;[171, 0, 17, 255, 161, 72, 68, 189, 198, 0, 0, 126, 1, 0, 35, 1, 0, 220, 8, 29]
1546498715327;[171, 0, 17, 255, 161, 72, 68, 189, 198, 0, 0, 118, 1, 0, 35, 1, 0, 224, 7, 248]
1546498715493;[171, 0, 17, 255, 161, 72, 68, 189, 198, 0, 0, 118, 1, 0, 33, 1, 0, 224, 7, 180]
1546498715496;[171, 0, 4, 255, 132, 128, 81]
1546498715666;[171, 0, 17, 255, 161, 72, 68, 189, 198, 0, 0, 120, 1, 0, 35, 1, 0, 222, 7, 120]
1546498715671;[171, 0, 17, 255, 161, 72, 68, 189, 198, 0, 0, 121, 1, 0, 35, 1, 0, 222, 7, 140]
1546498716011;[171, 0, 17, 255, 161, 72, 68, 189, 198, 0, 0, 117, 1, 0, 35, 1, 0, 220, 7, 219]
1546498716015;[171, 0, 17, 255, 161, 72, 68, 189, 198, 0, 0, 124, 1, 0, 34, 1, 0, 222, 7, 228]
1546498716019;[171, 0, 17, 255, 161, 72, 68, 189, 198, 0, 0, 123, 1, 0, 34, 1, 0, 220, 7, 217]
1546498716183;[171, 0, 17, 255, 161, 72, 68, 189, 198, 0, 0, 120, 1, 0, 34, 1, 0, 227, 7, 170]
1546498716358;[171, 0, 17, 255, 161, 72, 68, 189, 198, 0, 0, 126, 1, 0, 33, 1, 0, 222, 7, 109]
1546498716362;[171, 0, 17, 255, 161, 72, 68, 189, 199, 0, 0, 124, 1, 0, 33, 1, 0, 220, 7, 37]
1546498716366;[171, 0, 17, 255, 161, 72, 68, 189, 199, 0, 0, 117, 1, 0, 34, 1, 0, 226, 6, 193]
1546498716529;[171, 0, 17, 255, 161, 72, 68, 189, 199, 0, 0, 123, 1, 0, 35, 1, 0, 220, 6, 209]
1546498716700;[171, 0, 4, 255, 132, 128, 81]
1546498716704;[171, 0, 17, 255, 161, 72, 68, 189, 199, 0, 0, 127, 1, 0, 35, 1, 0, 220, 7, 78]
1546498716873;[171, 0, 17, 255, 161, 72, 68, 189, 199, 0, 0, 123, 1, 0, 34, 1, 0, 220, 7, 71]
1546498716877;[171, 0, 17, 255, 161, 72, 68, 189, 199, 0, 0, 123, 1, 0, 35, 1, 0, 220, 7, 87]
1546498717220;[171, 0, 17, 255, 161, 72, 68, 189, 199, 0, 0, 123, 1, 0, 34, 1, 0, 220, 7, 77]
1546498717225;[171, 0, 17, 255, 161, 72, 68, 189, 199, 0, 0, 123, 1, 0, 35, 1, 0, 220, 7, 33]
1546498717228;[171, 0, 17, 255, 161, 72, 68, 189, 199, 0, 0, 117, 1, 0, 34, 1, 0, 220, 6, 188]
1546498717391;[171, 0, 17, 255, 161, 72, 68, 189, 199, 0, 0, 126, 1, 0, 33, 1, 0, 220, 6, 79]
1546498717395;[171, 0, 17, 255, 161, 72, 68, 189, 200, 0, 0, 123, 1, 0, 35, 1, 0, 226, 6, 50]
1546498717564;[171, 0, 17, 255, 161, 72, 68, 189, 200, 0, 0, 120, 1, 0, 34, 1, 0, 222, 6, 62]
1546498717567;[171, 0, 17, 255, 161, 72, 68, 189, 200, 0, 0, 123, 1, 0, 34, 1, 0, 220, 5, 243]
1546498717735;[171, 0, 4, 255, 132, 128, 81]
1546498717908;[171, 0, 17, 255, 161, 72, 68, 189, 200, 0, 0, 121, 1, 0, 29, 1, 0, 228, 5, 151]
1546498717912;[171, 0, 17, 255, 161, 72, 68, 189, 200, 0, 0, 116, 1, 0, 35, 1, 0, 224, 4, 133]
1546498718080;[171, 0, 17, 255, 161, 72, 68, 189, 200, 0, 0, 113, 1, 0, 40, 1, 0, 220, 2, 68]
1546498718084;[171, 0, 17, 255, 161, 72, 68, 189, 200, 0, 0, 121, 1, 0, 40, 1, 0, 235, 1, 120]
1546498718253;[171, 0, 17, 255, 161, 72, 68, 189, 200, 0, 0, 116, 1, 0, 43, 1, 0, 216, 1, 120]
1546498718599;[171, 0, 17, 255, 161, 72, 68, 189, 200, 0, 0, 138, 1, 0, 53, 1, 0, 217, 1, 169]
1546498718604;[171, 0, 17, 255, 161, 72, 68, 189, 200, 0, 0, 126, 1, 0, 43, 1, 0, 220, 1, 73]
1546498718608;[171, 0, 17, 255, 161, 72, 68, 189, 201, 0, 0, 125, 1, 0, 49, 1, 0, 214, 0, 232]
1546498718612;[171, 0, 17, 255, 161, 72, 68, 189, 201, 0, 0, 123, 1, 0, 46, 1, 0, 217, 16, 199]
1546498718772;[171, 0, 17, 255, 161, 72, 68, 189, 201, 0, 0, 135, 1, 0, 46, 1, 0, 219, 7, 136]
1546498718775;[171, 0, 4, 255, 132, 128, 80]
1546498718943;[171, 0, 17, 255, 161, 72, 68, 189, 201, 0, 0, 123, 1, 0, 46, 1, 0, 216, 7, 72]
1546498719116;[171, 0, 17, 255, 161, 72, 68, 189, 201, 0, 0, 131, 1, 0, 40, 1, 0, 220, 6, 220]
1546498719120;[171, 0, 17, 255, 161, 72, 68, 189, 201, 0, 0, 129, 1, 0, 48, 1, 0, 213, 6, 145]
1546498719288;[171, 0, 17, 255, 161, 72, 68, 189, 201, 0, 0, 127, 1, 0, 47, 1, 0, 218, 6, 125]
1546498719294;[171, 0, 17, 255, 161, 72, 68, 189, 201, 0, 0, 126, 1, 0, 41, 1, 0, 219, 6, 72]
1546498719467;[171, 0, 17, 255, 161, 72, 68, 189, 201, 0, 0, 138, 1, 0, 46, 1, 0, 214, 6, 57]
1546498719470;[171, 0, 17, 255, 161, 72, 68, 189, 201, 0, 0, 126, 1, 0, 40, 1, 0, 217, 5, 241]
1546498719807;[171, 0, 17, 255, 161, 72, 68, 189, 202, 0, 0, 129, 1, 0, 40, 1, 0, 220, 5, 214]
1546498719811;[171, 0, 17, 255, 161, 72, 68, 189, 202, 0, 0, 132, 1, 0, 41, 1, 0, 217, 5, 122]
1546498719815;[171, 0, 17, 255, 161, 72, 68, 189, 202, 0, 0, 129, 1, 0, 46, 1, 0, 217, 4, 246]
1546498719979;[171, 0, 4, 255, 132, 128, 79]
1546498719983;[171, 0, 17, 255, 161, 72, 68, 189, 202, 0, 0, 124, 1, 0, 44, 1, 0, 219, 5, 27]
1546498720151;[171, 0, 17, 255, 161, 72, 68, 189, 202, 0, 0, 138, 1, 0, 43, 1, 0, 217, 5, 59]
