1546498388605;[171, 0, 17, 255, 161, 72, 68, 188, 102, 0, 0, 135, 1, 0, 23, 1, 0, 220, 12, 4]
1546498388621;[171, 0, 17, 255, 161, 72, 68, 188, 103, 0, 0, 146, 1, 0, 32, 1, 0, 212, 12, 25]
1546498388779;[171, 0, 17, 255, 161, 72, 68, 188, 103, 0, 0, 139, 1, 0, 24, 1, 0, 219, 11, 75]
1546498388783;[171, 0, 4, 255, 132, 128, 66]
1546498388952;[171, 0, 17, 255, 161, 72, 68, 188, 103, 0, 0, 139, 1, 0, 34, 1, 0, 212, 9, 146]
1546498389125;[171, 0, 17, 255, 161, 72, 68, 188, 103, 0, 0, 148, 1, 0, 28, 1, 0, 211, 8, 70]
1546498389129;[171, 0, 17, 255, 161, 72, 68, 188, 103, 0, 0, 164, 1, 0, 33, 1, 0, 201, 8, 127]
1546498389296;[171, 0, 17, 255, 161, 72, 68, 188, 103, 0, 0, 128, 1, 0, 20, 1, 0, 224, 9, 58]
1546498389300;[171, 0, 17, 255, 161, 72, 68, 188, 103, 0, 0, 137, 1, 0, 24, 1, 0, 218, 9, 184]
1546498389641;[171, 0, 17, 255, 161, 72, 68, 188, 103, 0, 0, 137, 1, 0, 24, 1, 0, 220, 10, 20]
1546498389645;[171, 0, 17, 255, 161, 72, 68, 188, 103, 0, 0, 124, 1, 0, 24, 1, 0, 220, 10, 92]
1546498389649;[171, 0, 17, 255, 161, 72, 68, 188, 103, 0, 0, 139, 1, 0, 24, 1, 0, 219, 10, 150]
1546498389813;[171, 0, 17, 255, 161, 72, 68, 188, 104, 0, 0, 133, 1, 0, 24, 1, 0, 217, 10, 129]
1546498389817;[171, 0, 17, 255, 161, 72, 68, 188, 104, 0, 0, 139, 1, 0, 24, 1, 0, 219, 10, 77]
1546498389986;[171, 0, 4, 255, 132, 128, 66]
1546498389990;[171, 0, 17, 255, 161, 72, 68, 188, 104, 0, 0, 139, 1, 0, 24, 1, 0, 216, 9, 112]
1546498390159;[171, 0, 17, 255, 161, 72, 68, 188, 104, 0, 0, 141, 1, 0, 28, 1, 0, 216, 8, 16]
1546498390331;[171, 0, 17, 255, 161, 72, 68, 188, 104, 0, 0, 141, 1, 0, 24, 1, 0, 212, 7, 108]
1546498390335;[171, 0, 17, 255, 161, 72, 68, 188, 104, 0, 0, 110, 1, 0, 20, 1, 0, 224, 7, 166]
1546498390502;[171, 0, 17, 255, 161, 72, 68, 188, 104, 0, 0, 134, 1, 0, 24, 1, 0, 217, 8, 7]
1546498390506;[171, 0, 17, 255, 161, 72, 68, 188, 104, 0, 0, 131, 1, 0, 24, 1, 0, 219, 8, 74]
1546498390849;[171, 0, 17, 255, 161, 72, 68, 188, 104, 0, 0, 133, 1, 0, 24, 1, 0, 219, 8, 103]
1546498390854;[171, 0, 17, 255, 161, 72, 68, 188, 104, 0, 0, 141, 1, 0, 23, 1, 0, 217, 8, 98]
1546498390858;[171, 0, 17, 255, 161, 72, 68, 188, 105, 0, 0, 124, 1, 0, 20, 1, 0, 220, 7, 223]
1546498391021;[171, 0, 17, 255, 161, 72, 68, 188, 105, 0, 0, 138, 1, 0, 24, 1, 0, 219, 6, 239]
1546498391025;[171, 0, 4, 255, 132, 128, 66]
1546498391193;[171, 0, 17, 255, 161, 72, 68, 188, 105, 0, 0, 134, 1, 0, 32, 1, 0, 217, 6, 97]
1546498391197;[171, 0, 17, 255, 161, 72, 68, 188, 105, 0, 0, 114, 1, 0, 14, 1, 0, 231, 6, 174]
1546498391367;[171, 0, 17, 255, 161, 72, 68, 188, 105, 0, 0, 165, 1, 0, 34, 1, 0, 199, 6, 210]
1546498391538;[171, 0, 17, 255, 161, 72, 68, 188, 105, 0, 0, 126, 1, 0, 26, 1, 0, 219, 6, 218]
1546498393732;[171, 0, 17, 255, 161, 72, 68, 188, 105, 0, 0, 126, 1, 0, 24, 1, 0, 224, 6, 201]
1546498393733;[171, 0, 17, 255, 161, 72, 68, 188, 105, 0, 0, 113, 1, 0, 24, 1, 0, 224, 6, 157]
1546498393735;[171, 0, 17, 255, 161, 72, 68, 188, 105, 0, 0, 120, 1, 0, 24, 1, 0, 228, 6, 136]
1546498393739;[171, 0, 17, 255, 161, 72, 68, 188, 105, 0, 0, 116, 1, 0, 23, 1, 0, 228, 6, 167]
1546498393741;[171, 0, 17, 255, 161, 72, 68, 188, 106, 0, 0, 121, 1, 0, 24, 1, 0, 224, 6, 187]
1546498393743;[171, 0, 17, 255, 161, 72, 68, 188, 106, 0, 0, 133, 1, 0, 24, 1, 0, 220, 6, 204]
1546498393744;[171, 0, 4, 255, 132, 128, 66]
1546498393747;[171, 0, 17, 255, 161, 72, 68, 188, 106, 0, 0, 116, 1, 0, 23, 1, 0, 228, 6, 148]
1546498393748;[171, 0, 17, 255, 161, 72, 68, 188, 106, 0, 0, 106, 1, 0, 23, 1, 0, 228, 6, 7]
1546498393750;[171, 0, 17, 255, 161, 72, 68, 188, 106, 0, 0, 132, 1, 0, 24, 1, 0, 216, 5, 43]
1546498393751;[171, 0, 17, 255, 161, 72, 68, 188, 106, 0, 0, 134, 1, 0, 23, 1, 0, 214, 5, 43]
1546498393753;[171, 0, 17, 255, 161, 72, 68, 188, 106, 0, 0, 147, 1, 0, 24, 1, 0, 211, 4, 77]
1546498393755;[171, 0, 17, 255, 161, 72, 68, 188, 106, 0, 0, 148, 1, 0, 24, 1, 0, 207, 4, 75]
1546498393759;[171, 0, 17, 255, 161, 72, 68, 188, 106, 0, 0, 133, 1, 0, 26, 1, 0, 208, 4, 255]
1546498393761;[171, 0, 17, 255, 161, 72, 68, 188, 106, 0, 0, 134, 1, 0, 23, 1, 0, 217, 5, 172]
1546498393763;[171, 0, 17, 255, 161, 72, 68, 188, 107, 0, 0, 137, 1, 0, 23, 1, 0, 219, 6, 86]
1546498393765;[171, 0, 17, 255, 161, 72, 68, 188, 107, 0, 0, 138, 1, 0, 24, 1, 0, 218, 6, 233]
1546498393767;[171, 0, 4, 255, 132, 128, 66]
1546498393769;[171, 0, 17, 255, 161, 72, 68, 188, 107, 0, 0, 138, 1, 0, 28, 1, 0, 216, 7, 89]
1546498393771;[171, 0, 17, 255, 161, 72, 68, 188, 107, 0, 0, 134, 1, 0, 23, 1, 0, 220, 7, 77]
1546498393773;[171, 0, 17, 255, 161, 72, 68, 188, 107, 0, 0, 138, 1, 0, 23, 1, 0, 213, 6, 183]
1546498393776;[171, 0, 17, 255, 161, 72, 68, 188, 107, 0, 0, 153, 1, 0, 24, 1, 0, 211, 6, 3]
1546498393781;[171, 0, 17, 255, 161, 72, 68, 188, 107, 0, 0, 138, 1, 0, 23, 1, 0, 219, 5, 75]
1546498393785;[171, 0, 17, 255, 161, 72, 68, 188, 107, 0, 0, 145, 1, 0, 23, 1, 0, 212, 4, 221]
1546498393953;[171, 0, 17, 255, 161, 72, 68, 188, 107, 0, 0, 138, 1, 0, 24, 1, 0, 214, 5, 58]
1546498394126;[171, 0, 17, 255, 161, 72, 68, 188, 107, 0, 0, 114, 1, 0, 20, 1, 0, 229, 5, 234]
1546498394130;[171, 0, 17, 255, 161, 72, 68, 188, 108, 0, 0, 138, 1, 0, 23, 1, 0, 217, 6, 115]
1546498394299;[171, 0, 17, 255, 161, 72, 68, 188, 108, 0, 0, 138, 1, 0, 24, 1, 0, 217, 6, 219]
1546498394303;[171, 0, 4, 255, 132, 128, 66]
1546498394645;[171, 0, 17, 255, 161, 72, 68, 188, 108, 0, 0, 138, 1, 0, 23, 1, 0, 214, 7, 124]
1546498394649;[171, 0, 17, 255, 161, 72, 68, 188, 108, 0, 0, 143, 1, 0, 20, 1, 0, 213, 8, 82]
1546498394653;[171, 0, 17, 255, 161, 72, 68, 188, 108, 0, 0, 143, 1, 0, 23, 1, 0, 212, 8, 231]
1546498394816;[171, 0, 17, 255, 161, 72, 68, 188, 108, 0, 0, 151, 1, 0, 23, 1, 0, 216, 9, 23]
1546498394820;[171, 0, 17, 255, 161, 72, 68, 188, 108, 0, 0, 162, 1, 0, 24, 1, 0, 196, 7, 211]
1546498394989;[171, 0, 17, 255, 161, 72, 68, 188, 108, 0, 0, 164, 1, 0, 34, 1, 0, 186, 7, 20]
1546498394993;[171, 0, 17, 255, 161, 72, 68, 188, 108, 0, 0, 145, 1, 0, 23, 1, 0, 200, 7, 191]
1546498395160;[171, 0, 17, 255, 161, 72, 68, 188, 108, 0, 0, 116, 1, 0, 15, 1, 0, 221, 8, 153]
1546498395333;[171, 0, 17, 255, 161, 72, 68, 188, 109, 0, 0, 157, 1, 0, 28, 1, 0, 203, 9, 178]
1546498395337;[171, 0, 17, 255, 161, 72, 68, 188, 109, 0, 0, 143, 1, 0, 22, 1, 0, 213, 10, 140]
1546498395505;[171, 0, 4, 255, 132, 128, 66]
1546498395509;[171, 0, 17, 255, 161, 72, 68, 188, 109, 0, 0, 151, 1, 0, 23, 1, 0, 211, 11, 82]
1546498395679;[171, 0, 17, 255, 161, 72, 68, 188, 109, 0, 0, 144, 1, 0, 23, 1, 0, 211, 11, 82]
1546498395683;[171, 0, 17, 255, 161, 72, 68, 188, 109, 0, 0, 146, 1, 0, 24, 1, 0, 211, 11, 82]
1546498396024;[171, 0, 17, 255, 161, 72, 68, 188, 109, 0, 0, 146, 1, 0, 22, 1, 0, 211, 11, 217]
1546498396028;[171, 0, 17, 255, 161, 72, 68, 188, 109, 0, 0, 141, 1, 0, 22, 1, 0, 212, 12, 75]
1546498396032;[171, 0, 17, 255, 161, 72, 68, 188, 109, 0, 0, 146, 1, 0, 24, 1, 0, 211, 13, 67]
1546498396198;[171, 0, 17, 255, 161, 72, 68, 188, 109, 0, 0, 144, 1, 0, 24, 1, 0, 212, 14, 20]
1546498396203;[171, 0, 17, 255, 161, 72, 68, 188, 109, 0, 0, 144, 1, 0, 23, 1, 0, 213, 14, 149]
1546498396368;[171, 0, 17, 255, 161, 72, 68, 188, 110, 0, 0, 146, 1, 0, 24, 1, 0, 211, 15, 2]
1546498396541;[171, 0, 17, 255, 161, 72, 68, 188, 110, 0, 0, 144, 1, 0, 23, 1, 0, 212, 31, 67]
1546498396544;[171, 0, 4, 255, 132, 128, 64]
1546498396714;[171, 0, 17, 255, 161, 72, 68, 188, 110, 0, 0, 146, 1, 0, 22, 1, 0, 212, 7, 250]
1546498396718;[171, 0, 17, 255, 161, 72, 68, 188, 110, 0, 0, 146, 1, 0, 23, 1, 0, 211, 8, 20]
1546498396885;[171, 0, 17, 255, 161, 72, 68, 188, 110, 0, 0, 145, 1, 0, 24, 1, 0, 213, 8, 111]
1546498396889;[171, 0, 17, 255, 161, 72, 68, 188, 110, 0, 0, 148, 1, 0, 24, 1, 0, 211, 8, 148]
1546498397231;[171, 0, 17, 255, 161, 72, 68, 188, 110, 0, 0, 143, 1, 0, 21, 1, 0, 213, 7, 224]
1546498397235;[171, 0, 17, 255, 161, 72, 68, 188, 110, 0, 0, 150, 1, 0, 23, 1, 0, 211, 7, 56]
1546498397239;[171, 0, 17, 255, 161, 72, 68, 188, 110, 0, 0, 147, 1, 0, 24, 1, 0, 207, 6, 23]
1546498397403;[171, 0, 17, 255, 161, 72, 68, 188, 110, 0, 0, 157, 1, 0, 23, 1, 0, 200, 3, 219]
1546498397407;[171, 0, 17, 255, 161, 72, 68, 188, 111, 0, 0, 150, 1, 0, 20, 1, 0, 207, 1, 74]
1546498397575;[171, 0, 17, 255, 161, 72, 68, 188, 113, 0, 0, 135, 1, 0, 24, 1, 0, 220, 7, 32]
1546498397749;[171, 0, 17, 255, 161, 72, 68, 188, 113, 0, 0, 135, 1, 0, 32, 1, 0, 220, 6, 233]
1546498397921;[171, 0, 17, 255, 161, 72, 68, 188, 113, 0, 0, 131, 1, 0, 30, 1, 0, 219, 6, 189]
1546498398094;[171, 0, 17, 255, 161, 72, 68, 188, 113, 0, 0, 128, 1, 0, 34, 1, 0, 219, 6, 223]
1546498398098;[171, 0, 17, 255, 161, 72, 68, 188, 113, 0, 0, 112, 1, 0, 26, 1, 0, 228, 6, 212]
1546498398266;[171, 0, 17, 255, 161, 72, 68, 188, 113, 0, 0, 118, 1, 0, 32, 1, 0, 220, 6, 150]
1546498398613;[171, 0, 17, 255, 161, 72, 68, 188, 113, 0, 0, 126, 1, 0, 33, 1, 0, 220, 6, 77]
1546498398617;[171, 0, 17, 255, 161, 72, 68, 188, 113, 0, 0, 122, 1, 0, 24, 1, 0, 223, 5, 227]
1546498398621;[171, 0, 17, 255, 161, 72, 68, 188, 114, 0, 0, 134, 1, 0, 29, 1, 0, 220, 5, 43]
1546498398626;[171, 0, 17, 255, 161, 72, 68, 188, 114, 0, 0, 135, 1, 0, 25, 1, 0, 219, 5, 43]
1546498398783;[171, 0, 4, 255, 132, 128, 61]
1546498398788;[171, 0, 17, 255, 161, 72, 68, 188, 114, 0, 0, 132, 1, 0, 24, 1, 0, 219, 5, 43]
1546498398956;[171, 0, 17, 255, 161, 72, 68, 188, 114, 0, 0, 157, 1, 0, 34, 1, 0, 198, 4, 128]
1546498399129;[171, 0, 17, 255, 161, 72, 68, 188, 114, 0, 0, 184, 1, 0, 29, 1, 0, 173, 4, 34]
1546498399133;[171, 0, 17, 255, 161, 72, 68, 188, 114, 0, 0, 200, 1, 0, 29, 1, 0, 163, 4, 54]
1546498399301;[171, 0, 17, 255, 161, 72, 68, 188, 114, 0, 0, 186, 1, 0, 24, 1, 0, 169, 5, 7]
1546498399305;[171, 0, 17, 255, 161, 72, 68, 188, 114, 0, 0, 203, 1, 0, 33, 1, 0, 165, 5, 140]
1546498399820;[171, 0, 17, 255, 161, 72, 68, 188, 114, 0, 0, 145, 1, 0, 22, 1, 0, 206, 5, 207]
1546498399824;[171, 0, 17, 255, 161, 72, 68, 188, 114, 0, 0, 178, 1, 0, 24, 1, 0, 184, 5, 241]
1546498399828;[171, 0, 17, 255, 161, 72, 68, 188, 115, 0, 0, 198, 1, 0, 28, 1, 0, 172, 6, 20]
1546498399833;[171, 0, 17, 255, 161, 72, 68, 188, 115, 0, 0, 191, 1, 0, 24, 1, 0, 168, 6, 101]
1546498399991;[171, 0, 4, 255, 132, 128, 61]
1546498399995;[171, 0, 17, 255, 161, 72, 68, 188, 115, 0, 0, 189, 1, 0, 28, 1, 0, 168, 6, 207]
1546498399999;[171, 0, 17, 255, 161, 72, 68, 188, 115, 0, 0, 185, 1, 0, 28, 1, 0, 172, 7, 109]
1546498400164;[171, 0, 17, 255, 161, 72, 68, 188, 115, 0, 0, 185, 1, 0, 24, 1, 0, 174, 8, 4]
1546498400335;[171, 0, 17, 255, 161, 72, 68, 188, 115, 0, 0, 217, 1, 0, 34, 1, 0, 156, 8, 86]
1546498400339;[171, 0, 17, 255, 161, 72, 68, 188, 115, 0, 0, 179, 1, 0, 24, 1, 0, 184, 8, 135]
1546498400508;[171, 0, 17, 255, 161, 72, 68, 188, 115, 0, 0, 173, 1, 0, 24, 1, 0, 184, 8, 145]
1546498400512;[171, 0, 17, 255, 161, 72, 68, 188, 115, 0, 0, 173, 1, 0, 24, 1, 0, 186, 8, 144]
1546498400680;[171, 0, 17, 255, 161, 72, 68, 188, 115, 0, 0, 179, 1, 0, 24, 1, 0, 186, 8, 237]
1546498400684;[171, 0, 17, 255, 161, 72, 68, 188, 116, 0, 0, 179, 1, 0, 24, 1, 0, 185, 9, 70]
1546498401201;[171, 0, 17, 255, 161, 72, 68, 188, 116, 0, 0, 178, 1, 0, 24, 1, 0, 186, 9, 140]
1546498401204;[171, 0, 4, 255, 132, 128, 61]
1546498401209;[171, 0, 17, 255, 161, 72, 68, 188, 116, 0, 0, 178, 1, 0, 24, 1, 0, 184, 9, 210]
1546498401213;[171, 0, 17, 255, 161, 72, 68, 188, 116, 0, 0, 181, 1, 0, 23, 1, 0, 181, 10, 3]
1546498401372;[171, 0, 17, 255, 161, 72, 68, 188, 116, 0, 0, 179, 1, 0, 24, 1, 0, 186, 10, 43]
1546498401376;[171, 0, 17, 255, 161, 72, 68, 188, 116, 0, 0, 181, 1, 0, 26, 1, 0, 182, 10, 59]
1546498401543;[171, 0, 17, 255, 161, 72, 68, 188, 116, 0, 0, 179, 1, 0, 26, 1, 0, 183, 10, 64]
1546498401547;[171, 0, 17, 255, 161, 72, 68, 188, 116, 0, 0, 181, 1, 0, 24, 1, 0, 181, 10, 137]
1546498401717;[171, 0, 17, 255, 161, 72, 68, 188, 116, 0, 0, 178, 1, 0, 29, 1, 0, 186, 10, 216]
1546498401721;[171, 0, 17, 255, 161, 72, 68, 188, 116, 0, 0, 179, 1, 0, 28, 1, 0, 176, 10, 251]
1546498402062;[171, 0, 17, 255, 161, 72, 68, 188, 117, 0, 0, 184, 1, 0, 28, 1, 0, 181, 11, 28]
1546498402066;[171, 0, 17, 255, 161, 72, 68, 188, 117, 0, 0, 179, 1, 0, 28, 1, 0, 181, 11, 40]
1546498402070;[171, 0, 4, 255, 132, 128, 61]
1546498402408;[171, 0, 17, 255, 161, 72, 68, 188, 117, 0, 0, 183, 1, 0, 30, 1, 0, 180, 11, 32]
1546498402412;[171, 0, 17, 255, 161, 72, 68, 188, 117, 0, 0, 181, 1, 0, 26, 1, 0, 177, 11, 15]
1546498402417;[171, 0, 17, 255, 161, 72, 68, 188, 117, 0, 0, 181, 1, 0, 24, 1, 0, 183, 11, 19]
1546498402421;[171, 0, 17, 255, 161, 72, 68, 188, 117, 0, 0, 181, 1, 0, 32, 1, 0, 181, 11, 87]
1546498402579;[171, 0, 17, 255, 161, 72, 68, 188, 117, 0, 0, 181, 1, 0, 26, 1, 0, 177, 11, 115]
1546498402583;[171, 0, 17, 255, 161, 72, 68, 188, 117, 0, 0, 181, 1, 0, 33, 1, 0, 181, 11, 125]
1546498402750;[171, 0, 17, 255, 161, 72, 68, 188, 117, 0, 0, 181, 1, 0, 24, 1, 0, 181, 11, 134]
1546498402924;[171, 0, 17, 255, 161, 72, 68, 188, 117, 0, 0, 179, 1, 0, 33, 1, 0, 178, 11, 134]
1546498402927;[171, 0, 17, 255, 161, 72, 68, 188, 118, 0, 0, 181, 1, 0, 26, 1, 0, 184, 11, 111]
1546498403097;[171, 0, 17, 255, 161, 72, 68, 188, 118, 0, 0, 181, 1, 0, 30, 1, 0, 181, 11, 86]
1546498403101;[171, 0, 4, 255, 132, 128, 63]
1546498403268;[171, 0, 17, 255, 161, 72, 68, 188, 118, 0, 0, 184, 1, 0, 26, 1, 0, 181, 11, 100]
1546498403615;[171, 0, 17, 255, 161, 72, 68, 188, 118, 0, 0, 173, 1, 0, 29, 1, 0, 184, 11, 150]
1546498403619;[171, 0, 17, 255, 161, 72, 68, 188, 118, 0, 0, 181, 1, 0, 33, 1, 0, 183, 11, 157]
1546498403624;[171, 0, 17, 255, 161, 72, 68, 188, 118, 0, 0, 179, 1, 0, 33, 1, 0, 178, 11, 148]
1546498403628;[171, 0, 17, 255, 161, 72, 68, 188, 118, 0, 0, 179, 1, 0, 30, 1, 0, 184, 11, 138]
1546498403786;[171, 0, 17, 255, 161, 72, 68, 188, 118, 0, 0, 181, 1, 0, 30, 1, 0, 178, 11, 132]
1546498403790;[171, 0, 17, 255, 161, 72, 68, 188, 118, 0, 0, 179, 1, 0, 24, 1, 0, 181, 11, 84]
1546498403959;[171, 0, 17, 255, 161, 72, 68, 188, 118, 0, 0, 183, 1, 0, 30, 1, 0, 184, 11, 8]
1546498404132;[171, 0, 17, 255, 161, 72, 68, 188, 119, 0, 0, 183, 1, 0, 24, 1, 0, 184, 10, 73]
1546498404136;[171, 0, 17, 255, 161, 72, 68, 188, 119, 0, 0, 179, 1, 0, 24, 1, 0, 184, 8, 141]
1546498404302;[171, 0, 4, 255, 132, 128, 65]
1546498404306;[171, 0, 17, 255, 161, 72, 68, 188, 119, 0, 0, 175, 1, 0, 33, 1, 0, 180, 6, 192]
1546498404475;[171, 0, 17, 255, 161, 72, 68, 188, 119, 0, 0, 179, 1, 0, 24, 1, 0, 187, 5, 145]
1546498404479;[171, 0, 17, 255, 161, 72, 68, 188, 119, 0, 0, 203, 1, 0, 35, 1, 0, 158, 5, 145]
1546498404648;[171, 0, 17, 255, 161, 72, 68, 188, 119, 0, 0, 187, 1, 0, 33, 1, 0, 180, 5, 215]
1546498404995;[171, 0, 17, 255, 161, 72, 68, 188, 119, 0, 0, 173, 1, 0, 33, 1, 0, 186, 6, 8]
1546498404999;[171, 0, 17, 255, 161, 72, 68, 188, 119, 0, 0, 171, 1, 0, 24, 1, 0, 191, 6, 58]
1546498405004;[171, 0, 17, 255, 161, 72, 68, 188, 119, 0, 0, 173, 1, 0, 28, 1, 0, 192, 6, 110]
1546498405167;[171, 0, 17, 255, 161, 72, 68, 188, 119, 0, 0, 171, 1, 0, 24, 1, 0, 190, 6, 165]
1546498405171;[171, 0, 17, 255, 161, 72, 68, 188, 120, 0, 0, 171, 1, 0, 26, 1, 0, 191, 6, 201]
1546498405339;[171, 0, 17, 255, 161, 72, 68, 188, 120, 0, 0, 178, 1, 0, 28, 1, 0, 184, 6, 219]
1546498405343;[171, 0, 4, 255, 132, 128, 68]
1546498405510;[171, 0, 17, 255, 161, 72, 68, 188, 120, 0, 0, 178, 1, 0, 24, 1, 0, 190, 6, 69]
1546498405514;[171, 0, 17, 255, 161, 72, 68, 188, 120, 0, 0, 177, 1, 0, 24, 1, 0, 190, 4, 244]
1546498405684;[171, 0, 17, 255, 161, 72, 68, 188, 120, 0, 0, 173, 1, 0, 24, 1, 0, 185, 3, 173]
1546498405688;[171, 0, 17, 255, 161, 72, 68, 188, 120, 0, 0, 171, 1, 0, 24, 1, 0, 187, 3, 66]
1546498405856;[171, 0, 17, 255, 161, 72, 68, 188, 120, 0, 0, 161, 1, 0, 24, 1, 0, 196, 3, 159]
1546498406203;[171, 0, 17, 255, 161, 72, 68, 188, 120, 0, 0, 165, 1, 0, 23, 1, 0, 196, 3, 195]
1546498406207;[171, 0, 17, 255, 161, 72, 68, 188, 120, 0, 0, 171, 1, 0, 24, 1, 0, 186, 3, 151]
1546498406211;[171, 0, 17, 255, 161, 72, 68, 188, 120, 0, 0, 167, 1, 0, 24, 1, 0, 187, 3, 115]
1546498406215;[171, 0, 17, 255, 161, 72, 68, 188, 121, 0, 0, 177, 1, 0, 29, 1, 0, 187, 3, 112]
1546498406374;[171, 0, 17, 255, 161, 72, 68, 188, 121, 0, 0, 173, 1, 0, 32, 1, 0, 186, 3, 122]
1546498406377;[171, 0, 4, 255, 132, 128, 68]
1546498406545;[171, 0, 17, 255, 161, 72, 68, 188, 121, 0, 0, 177, 1, 0, 28, 1, 0, 181, 3, 183]
1546498406720;[171, 0, 17, 255, 161, 72, 68, 188, 121, 0, 0, 179, 1, 0, 30, 1, 0, 175, 3, 215]
1546498406723;[171, 0, 17, 255, 161, 72, 68, 188, 121, 0, 0, 196, 1, 0, 29, 1, 0, 171, 3, 113]
1546498406891;[171, 0, 17, 255, 161, 72, 68, 188, 121, 0, 0, 184, 1, 0, 29, 1, 0, 174, 2, 212]
1546498406895;[171, 0, 17, 255, 161, 72, 68, 188, 121, 0, 0, 181, 1, 0, 30, 1, 0, 174, 2, 33]
1546498407063;[171, 0, 17, 255, 161, 72, 68, 188, 121, 0, 0, 185, 1, 0, 28, 1, 0, 174, 1, 80]
1546498407582;[171, 0, 17, 255, 161, 72, 68, 188, 121, 0, 0, 184, 1, 0, 24, 1, 0, 174, 16, 184]
1546498407586;[171, 0, 17, 255, 161, 72, 68, 188, 121, 0, 0, 184, 1, 0, 24, 1, 0, 174, 7, 113]
1546498407593;[171, 0, 17, 255, 161, 72, 68, 188, 122, 0, 0, 186, 1, 0, 24, 1, 0, 171, 7, 52]
1546498407597;[171, 0, 17, 255, 161, 72, 68, 188, 122, 0, 0, 196, 1, 0, 29, 1, 0, 168, 7, 41]
1546498407752;[171, 0, 4, 255, 132, 128, 68]
1546498407756;[171, 0, 17, 255, 161, 72, 68, 188, 122, 0, 0, 187, 1, 0, 32, 1, 0, 167, 7, 75]
1546498407759;[171, 0, 17, 255, 161, 72, 68, 188, 122, 0, 0, 211, 1, 0, 26, 1, 0, 166, 7, 86]
1546498407927;[171, 0, 17, 255, 161, 72, 68, 188, 122, 0, 0, 189, 1, 0, 31, 1, 0, 177, 7, 118]
1546498407931;[171, 0, 17, 255, 161, 72, 68, 188, 122, 0, 0, 159, 1, 0, 34, 1, 0, 190, 7, 124]
1546498408099;[171, 0, 17, 255, 161, 72, 68, 188, 122, 0, 0, 178, 1, 0, 28, 1, 0, 192, 7, 115]
1546498408103;[171, 0, 17, 255, 161, 72, 68, 188, 122, 0, 0, 171, 1, 0, 26, 1, 0, 194, 7, 169]
1546498408272;[171, 0, 17, 255, 161, 72, 68, 188, 122, 0, 0, 166, 1, 0, 24, 1, 0, 194, 8, 8]
1546498408446;[171, 0, 17, 255, 161, 72, 68, 188, 122, 0, 0, 166, 1, 0, 33, 1, 0, 196, 8, 67]
1546498408451;[171, 0, 17, 255, 161, 72, 68, 188, 123, 0, 0, 161, 1, 0, 25, 1, 0, 199, 8, 132]
1546498408789;[171, 0, 17, 255, 161, 72, 68, 188, 123, 0, 0, 166, 1, 0, 28, 1, 0, 196, 8, 222]
1546498408793;[171, 0, 4, 255, 132, 128, 68]
1546498408798;[171, 0, 17, 255, 161, 72, 68, 188, 123, 0, 0, 163, 1, 0, 33, 1, 0, 192, 9, 45]
1546498408802;[171, 0, 17, 255, 161, 72, 68, 188, 123, 0, 0, 166, 1, 0, 33, 1, 0, 195, 9, 120]
1546498408960;[171, 0, 17, 255, 161, 72, 68, 188, 123, 0, 0, 166, 1, 0, 30, 1, 0, 194, 9, 212]
1546498409134;[171, 0, 17, 255, 161, 72, 68, 188, 123, 0, 0, 167, 1, 0, 29, 1, 0, 191, 10, 166]
1546498409138;[171, 0, 17, 255, 161, 72, 68, 188, 123, 0, 0, 160, 1, 0, 33, 1, 0, 195, 11, 168]
1546498409307;[171, 0, 17, 255, 161, 72, 68, 188, 123, 0, 0, 166, 1, 0, 26, 1, 0, 195, 12, 134]
1546498409310;[171, 0, 17, 255, 161, 72, 68, 188, 123, 0, 0, 167, 1, 0, 34, 1, 0, 194, 13, 75]
1546498409478;[171, 0, 17, 255, 161, 72, 68, 188, 123, 0, 0, 164, 1, 0, 28, 1, 0, 197, 13, 230]
1546498409483;[171, 0, 17, 255, 161, 72, 68, 188, 128, 0, 0, 171, 1, 0, 34, 1, 0, 194, 14, 85]
1546498409652;[171, 0, 17, 255, 161, 72, 68, 188, 128, 0, 0, 163, 1, 0, 33, 1, 0, 197, 14, 173]
1546498410169;[171, 0, 4, 255, 132, 128, 68]
1546498410173;[171, 0, 17, 255, 161, 72, 68, 188, 128, 0, 0, 160, 1, 0, 33, 1, 0, 197, 15, 11]
1546498410177;[171, 0, 17, 255, 161, 72, 68, 188, 128, 0, 0, 163, 1, 0, 24, 1, 0, 198, 31, 227]
1546498410181;[171, 0, 17, 255, 161, 72, 68, 188, 128, 0, 0, 163, 1, 0, 34, 1, 0, 198, 8, 89]
1546498410342;[171, 0, 17, 255, 161, 72, 68, 188, 128, 0, 0, 164, 1, 0, 28, 1, 0, 197, 8, 179]
1546498410346;[171, 0, 17, 255, 161, 72, 68, 188, 128, 0, 0, 163, 1, 0, 24, 1, 0, 197, 8, 240]
1546498410350;[171, 0, 17, 255, 161, 72, 68, 188, 128, 0, 0, 163, 1, 0, 32, 1, 0, 195, 8, 133]
1546498410513;[171, 0, 17, 255, 161, 72, 68, 188, 128, 0, 0, 164, 1, 0, 24, 1, 0, 196, 7, 100]
1546498410517;[171, 0, 17, 255, 161, 72, 68, 188, 128, 0, 0, 164, 1, 0, 28, 1, 0, 197, 6, 101]
1546498410686;[171, 0, 17, 255, 161, 72, 68, 188, 129, 0, 0, 163, 1, 0, 24, 1, 0, 196, 5, 137]
1546498410690;[171, 0, 17, 255, 161, 72, 68, 188, 129, 0, 0, 171, 1, 0, 28, 1, 0, 194, 5, 58]
1546498410858;[171, 0, 4, 255, 132, 128, 68]
1546498411030;[171, 0, 17, 255, 161, 72, 68, 188, 129, 0, 0, 171, 1, 0, 24, 1, 0, 195, 4, 180]
1546498411034;[171, 0, 17, 255, 161, 72, 68, 188, 129, 0, 0, 166, 1, 0, 24, 1, 0, 195, 3, 208]
1546498411377;[171, 0, 17, 255, 161, 72, 68, 188, 129, 0, 0, 167, 1, 0, 26, 1, 0, 188, 2, 195]
1546498411382;[171, 0, 17, 255, 161, 72, 68, 188, 129, 0, 0, 196, 1, 0, 24, 1, 0, 172, 2, 7]
1546498411386;[171, 0, 17, 255, 161, 72, 68, 188, 129, 0, 0, 184, 1, 0, 26, 1, 0, 172, 2, 42]
1546498411548;[171, 0, 17, 255, 161, 72, 68, 188, 129, 0, 0, 173, 1, 0, 24, 1, 0, 185, 2, 142]
1546498411552;[171, 0, 17, 255, 161, 72, 68, 188, 129, 0, 0, 167, 1, 0, 24, 1, 0, 194, 2, 227]
1546498411719;[171, 0, 17, 255, 161, 72, 68, 188, 129, 0, 0, 178, 1, 0, 24, 1, 0, 186, 3, 93]
1546498411723;[171, 0, 17, 255, 161, 72, 68, 188, 130, 0, 0, 178, 1, 0, 32, 1, 0, 184, 3, 196]
1546498411894;[171, 0, 17, 255, 161, 72, 68, 188, 130, 0, 0, 173, 1, 0, 24, 1, 0, 186, 4, 10]
1546498411898;[171, 0, 4, 255, 132, 128, 70]
1546498412066;[171, 0, 17, 255, 161, 72, 68, 188, 130, 0, 0, 177, 1, 0, 24, 1, 0, 186, 4, 65]
1546498412240;[171, 0, 17, 255, 161, 72, 68, 188, 130, 0, 0, 178, 1, 0, 24, 1, 0, 184, 4, 111]
1546498412584;[171, 0, 17, 255, 161, 72, 68, 188, 130, 0, 0, 178, 1, 0, 28, 1, 0, 185, 4, 135]
1546498412588;[171, 0, 17, 255, 161, 72, 68, 188, 130, 0, 0, 183, 1, 0, 24, 1, 0, 181, 4, 132]
1546498412593;[171, 0, 17, 255, 161, 72, 68, 188, 130, 0, 0, 175, 1, 0, 24, 1, 0, 181, 4, 109]
1546498412597;[171, 0, 17, 255, 161, 72, 68, 188, 130, 0, 0, 178, 1, 0, 24, 1, 0, 183, 4, 19]
1546498412758;[171, 0, 17, 255, 161, 72, 68, 188, 130, 0, 0, 183, 1, 0, 24, 1, 0, 183, 3, 36]
1546498412761;[171, 0, 17, 255, 161, 72, 68, 188, 130, 0, 0, 166, 1, 0, 23, 1, 0, 187, 2, 30]
1546498412928;[171, 0, 17, 255, 161, 72, 68, 188, 131, 0, 0, 181, 1, 0, 24, 1, 0, 181, 1, 82]
1546498412932;[171, 0, 17, 255, 161, 72, 68, 188, 131, 0, 0, 179, 1, 0, 20, 1, 0, 181, 0, 218]
1546498413100;[171, 0, 4, 255, 132, 128, 70]
1546498413104;[171, 0, 17, 255, 161, 72, 68, 188, 131, 0, 0, 208, 1, 0, 25, 1, 0, 169, 16, 47]
1546498413274;[171, 0, 17, 255, 161, 72, 68, 188, 131, 0, 0, 189, 1, 0, 29, 1, 0, 168, 7, 43]
1546498413278;[171, 0, 17, 255, 161, 72, 68, 188, 131, 0, 0, 178, 1, 0, 26, 1, 0, 178, 7, 14]
1546498413444;[171, 0, 17, 255, 161, 72, 68, 188, 131, 0, 0, 156, 1, 0, 29, 1, 0, 190, 6, 244]
1546498413620;[171, 0, 17, 255, 161, 72, 68, 188, 131, 0, 0, 172, 1, 0, 22, 1, 0, 194, 7, 0]
1546498413624;[171, 0, 17, 255, 161, 72, 68, 188, 131, 0, 0, 174, 1, 0, 18, 1, 0, 196, 7, 20]
1546498413964;[171, 0, 17, 255, 161, 72, 68, 188, 131, 0, 0, 165, 1, 0, 23, 1, 0, 197, 7, 4]
1546498413969;[171, 0, 17, 255, 161, 72, 68, 188, 131, 0, 0, 162, 1, 0, 23, 1, 0, 198, 6, 252]
1546498413973;[171, 0, 17, 255, 161, 72, 68, 188, 132, 0, 0, 163, 1, 0, 23, 1, 0, 201, 6, 230]
1546498414136;[171, 0, 17, 255, 161, 72, 68, 188, 132, 0, 0, 163, 1, 0, 23, 1, 0, 197, 6, 214]
1546498414140;[171, 0, 4, 255, 132, 128, 70]
1546498414308;[171, 0, 17, 255, 161, 72, 68, 188, 132, 0, 0, 163, 1, 0, 24, 1, 0, 197, 6, 224]
1546498414312;[171, 0, 17, 255, 161, 72, 68, 188, 132, 0, 0, 160, 1, 0, 22, 1, 0, 199, 7, 37]
1546498414480;[171, 0, 17, 255, 161, 72, 68, 188, 132, 0, 0, 164, 1, 0, 23, 1, 0, 199, 7, 80]
1546498414653;[171, 0, 17, 255, 161, 72, 68, 188, 132, 0, 0, 164, 1, 0, 24, 1, 0, 200, 7, 113]
1546498414827;[171, 0, 17, 255, 161, 72, 68, 188, 132, 0, 0, 151, 1, 0, 24, 1, 0, 199, 7, 148]
1546498414830;[171, 0, 17, 255, 161, 72, 68, 188, 132, 0, 0, 160, 1, 0, 23, 1, 0, 200, 7, 170]
1546498414834;[171, 0, 17, 255, 161, 72, 68, 188, 132, 0, 0, 158, 1, 0, 23, 1, 0, 202, 7, 199]
1546498415172;[171, 0, 17, 255, 161, 72, 68, 188, 132, 0, 0, 156, 1, 0, 22, 1, 0, 202, 7, 220]
1546498415176;[171, 0, 17, 255, 161, 72, 68, 188, 133, 0, 0, 163, 1, 0, 24, 1, 0, 201, 8, 73]
1546498415180;[171, 0, 17, 255, 161, 72, 68, 188, 133, 0, 0, 152, 1, 0, 24, 1, 0, 203, 8, 188]
1546498415343;[171, 0, 4, 255, 132, 128, 70]
1546498415348;[171, 0, 17, 255, 161, 72, 68, 188, 133, 0, 0, 156, 1, 0, 23, 1, 0, 202, 8, 252]
1546498415516;[171, 0, 17, 255, 161, 72, 68, 188, 133, 0, 0, 160, 1, 0, 24, 1, 0, 199, 9, 49]
1546498415521;[171, 0, 17, 255, 161, 72, 68, 188, 133, 0, 0, 157, 1, 0, 19, 1, 0, 202, 9, 102]
1546498415688;[171, 0, 17, 255, 161, 72, 68, 188, 133, 0, 0, 157, 1, 0, 24, 1, 0, 199, 9, 148]
1546498415692;[171, 0, 17, 255, 161, 72, 68, 188, 133, 0, 0, 164, 1, 0, 23, 1, 0, 202, 9, 196]
1546498415860;[171, 0, 17, 255, 161, 72, 68, 188, 133, 0, 0, 154, 1, 0, 23, 1, 0, 201, 9, 219]
1546498416035;[171, 0, 17, 255, 161, 72, 68, 188, 133, 0, 0, 147, 1, 0, 23, 1, 0, 206, 10, 78]
1546498416039;[171, 0, 17, 255, 161, 72, 68, 188, 133, 0, 0, 157, 1, 0, 24, 1, 0, 204, 10, 204]
1546498416552;[171, 0, 17, 255, 161, 72, 68, 188, 134, 0, 0, 156, 1, 0, 23, 1, 0, 202, 11, 36]
1546498416557;[171, 0, 17, 255, 161, 72, 68, 188, 134, 0, 0, 161, 1, 0, 23, 1, 0, 202, 11, 138]
1546498416560;[171, 0, 4, 255, 132, 128, 70]
1546498416565;[171, 0, 17, 255, 161, 72, 68, 188, 134, 0, 0, 156, 1, 0, 24, 1, 0, 202, 11, 208]
1546498416725;[171, 0, 17, 255, 161, 72, 68, 188, 134, 0, 0, 147, 1, 0, 20, 1, 0, 202, 11, 247]
1546498416729;[171, 0, 17, 255, 161, 72, 68, 188, 134, 0, 0, 156, 1, 0, 24, 1, 0, 201, 12, 37]
1546498416733;[171, 0, 17, 255, 161, 72, 68, 188, 134, 0, 0, 151, 1, 0, 23, 1, 0, 206, 12, 58]
1546498416895;[171, 0, 17, 255, 161, 72, 68, 188, 134, 0, 0, 156, 1, 0, 24, 1, 0, 203, 12, 205]
1546498416899;[171, 0, 17, 255, 161, 72, 68, 188, 134, 0, 0, 156, 1, 0, 24, 1, 0, 203, 13, 65]
1546498417067;[171, 0, 17, 255, 161, 72, 68, 188, 134, 0, 0, 156, 1, 0, 24, 1, 0, 202, 13, 139]
1546498417241;[171, 0, 17, 255, 161, 72, 68, 188, 134, 0, 0, 156, 1, 0, 24, 1, 0, 203, 13, 202]
1546498417245;[171, 0, 17, 255, 161, 72, 68, 188, 135, 0, 0, 158, 1, 0, 24, 1, 0, 202, 14, 33]
1546498417413;[171, 0, 17, 255, 161, 72, 68, 188, 135, 0, 0, 151, 1, 0, 24, 1, 0, 202, 14, 108]
1546498417417;[171, 0, 4, 255, 132, 128, 71]
1546498417760;[171, 0, 17, 255, 161, 72, 68, 188, 135, 0, 0, 157, 1, 0, 24, 1, 0, 201, 14, 178]
1546498417764;[171, 0, 17, 255, 161, 72, 68, 188, 135, 0, 0, 151, 1, 0, 24, 1, 0, 211, 14, 239]
1546498417768;[171, 0, 17, 255, 161, 72, 68, 188, 135, 0, 0, 156, 1, 0, 23, 1, 0, 206, 31, 140]
1546498417932;[171, 0, 17, 255, 161, 72, 68, 188, 135, 0, 0, 156, 1, 0, 24, 1, 0, 202, 8, 67]
1546498417936;[171, 0, 17, 255, 161, 72, 68, 188, 135, 0, 0, 151, 1, 0, 24, 1, 0, 202, 8, 163]
1546498418103;[171, 0, 17, 255, 161, 72, 68, 188, 135, 0, 0, 156, 1, 0, 24, 1, 0, 203, 8, 255]
1546498418107;[171, 0, 17, 255, 161, 72, 68, 188, 135, 0, 0, 156, 1, 0, 24, 1, 0, 206, 9, 63]
1546498418276;[171, 0, 17, 255, 161, 72, 68, 188, 135, 0, 0, 153, 1, 0, 22, 1, 0, 209, 9, 161]
1546498418280;[171, 0, 17, 255, 161, 72, 68, 188, 136, 0, 0, 153, 1, 0, 23, 1, 0, 211, 10, 16]
1546498418447;[171, 0, 17, 255, 161, 72, 68, 188, 136, 0, 0, 152, 1, 0, 24, 1, 0, 206, 10, 164]
1546498418622;[171, 0, 4, 255, 132, 128, 72]
1546498418626;[171, 0, 17, 255, 161, 72, 68, 188, 136, 0, 0, 151, 1, 0, 23, 1, 0, 204, 10, 164]
1546498418967;[171, 0, 17, 255, 161, 72, 68, 188, 136, 0, 0, 158, 1, 0, 23, 1, 0, 202, 10, 228]
1546498418971;[171, 0, 17, 255, 161, 72, 68, 188, 136, 0, 0, 154, 1, 0, 24, 1, 0, 202, 11, 26]
1546498418975;[171, 0, 17, 255, 161, 72, 68, 188, 136, 0, 0, 149, 1, 0, 25, 1, 0, 202, 11, 39]
1546498419139;[171, 0, 17, 255, 161, 72, 68, 188, 136, 0, 0, 152, 1, 0, 23, 1, 0, 202, 11, 38]
1546498419143;[171, 0, 17, 255, 161, 72, 68, 188, 136, 0, 0, 156, 1, 0, 24, 1, 0, 202, 11, 35]
1546498419311;[171, 0, 17, 255, 161, 72, 68, 188, 136, 0, 0, 152, 1, 0, 24, 1, 0, 204, 11, 86]
1546498419315;[171, 0, 17, 255, 161, 72, 68, 188, 136, 0, 0, 157, 1, 0, 24, 1, 0, 207, 11, 104]
1546498419482;[171, 0, 17, 255, 161, 72, 68, 188, 137, 0, 0, 151, 1, 0, 24, 1, 0, 202, 11, 25]
1546498419656;[171, 0, 17, 255, 161, 72, 68, 188, 139, 0, 0, 151, 1, 0, 28, 1, 0, 211, 8, 6]
1546498419828;[171, 0, 17, 255, 161, 72, 68, 188, 139, 0, 0, 151, 1, 0, 24, 1, 0, 211, 7, 219]
1546498420000;[171, 0, 17, 255, 161, 72, 68, 188, 139, 0, 0, 147, 1, 0, 24, 1, 0, 211, 7, 171]
1546498420004;[171, 0, 17, 255, 161, 72, 68, 188, 139, 0, 0, 147, 1, 0, 24, 1, 0, 211, 7, 122]
1546498420347;[171, 0, 17, 255, 161, 72, 68, 188, 139, 0, 0, 147, 1, 0, 24, 1, 0, 206, 7, 91]
1546498420351;[171, 0, 17, 255, 161, 72, 68, 188, 139, 0, 0, 145, 1, 0, 24, 1, 0, 203, 7, 98]
1546498420355;[171, 0, 17, 255, 161, 72, 68, 188, 139, 0, 0, 146, 1, 0, 28, 1, 0, 211, 7, 75]
1546498420519;[171, 0, 17, 255, 161, 72, 68, 188, 139, 0, 0, 157, 1, 0, 24, 1, 0, 206, 7, 72]
1546498420523;[171, 0, 17, 255, 161, 72, 68, 188, 140, 0, 0, 147, 1, 0, 24, 1, 0, 211, 7, 60]
1546498420691;[171, 0, 17, 255, 161, 72, 68, 188, 140, 0, 0, 156, 1, 0, 28, 1, 0, 206, 7, 38]
1546498420695;[171, 0, 4, 255, 132, 128, 75]
1546498420862;[171, 0, 17, 255, 161, 72, 68, 188, 140, 0, 0, 156, 1, 0, 28, 1, 0, 211, 7, 20]
1546498421038;[171, 0, 17, 255, 161, 72, 68, 188, 140, 0, 0, 146, 1, 0, 30, 1, 0, 206, 6, 241]
1546498421042;[171, 0, 17, 255, 161, 72, 68, 188, 140, 0, 0, 151, 1, 0, 26, 1, 0, 211, 6, 219]
1546498421208;[171, 0, 17, 255, 161, 72, 68, 188, 140, 0, 0, 151, 1, 0, 24, 1, 0, 211, 6, 184]
1546498421212;[171, 0, 17, 255, 161, 72, 68, 188, 140, 0, 0, 145, 1, 0, 24, 1, 0, 211, 6, 144]
1546498421555;[171, 0, 17, 255, 161, 72, 68, 188, 140, 0, 0, 146, 1, 0, 24, 1, 0, 212, 6, 97]
1546498421559;[171, 0, 17, 255, 161, 72, 68, 188, 140, 0, 0, 146, 1, 0, 24, 1, 0, 211, 6, 70]
1546498421563;[171, 0, 17, 255, 161, 72, 68, 188, 140, 0, 0, 146, 1, 0, 24, 1, 0, 206, 6, 45]
1546498421725;[171, 0, 17, 255, 161, 72, 68, 188, 141, 0, 0, 147, 1, 0, 24, 1, 0, 211, 6, 6]
1546498421729;[171, 0, 17, 255, 161, 72, 68, 188, 141, 0, 0, 146, 1, 0, 24, 1, 0, 211, 5, 228]
1546498421900;[171, 0, 4, 255, 132, 128, 76]
1546498422071;[171, 0, 17, 255, 161, 72, 68, 188, 141, 0, 0, 147, 1, 0, 24, 1, 0, 211, 5, 233]
1546498422075;[171, 0, 17, 255, 161, 72, 68, 188, 141, 0, 0, 147, 1, 0, 24, 1, 0, 211, 5, 217]
1546498422244;[171, 0, 17, 255, 161, 72, 68, 188, 141, 0, 0, 146, 1, 0, 24, 1, 0, 211, 5, 221]
1546498422247;[171, 0, 17, 255, 161, 72, 68, 188, 141, 0, 0, 143, 1, 0, 24, 1, 0, 211, 5, 207]
1546498422416;[171, 0, 17, 255, 161, 72, 68, 188, 141, 0, 0, 147, 1, 0, 24, 1, 0, 211, 5, 208]
1546498422420;[171, 0, 17, 255, 161, 72, 68, 188, 141, 0, 0, 146, 1, 0, 24, 1, 0, 211, 5, 209]
1546498422934;[171, 0, 17, 255, 161, 72, 68, 188, 141, 0, 0, 146, 1, 0, 26, 1, 0, 211, 5, 201]
1546498422939;[171, 0, 17, 255, 161, 72, 68, 188, 141, 0, 0, 152, 1, 0, 28, 1, 0, 207, 5, 222]
1546498422943;[171, 0, 17, 255, 161, 72, 68, 188, 142, 0, 0, 147, 1, 0, 24, 1, 0, 204, 6, 25]
1546498422947;[171, 0, 17, 255, 161, 72, 68, 188, 142, 0, 0, 156, 1, 0, 24, 1, 0, 207, 6, 56]
1546498423106;[171, 0, 4, 255, 132, 128, 76]
1546498423110;[171, 0, 17, 255, 161, 72, 68, 188, 142, 0, 0, 151, 1, 0, 28, 1, 0, 207, 6, 80]
1546498423114;[171, 0, 17, 255, 161, 72, 68, 188, 142, 0, 0, 152, 1, 0, 26, 1, 0, 211, 6, 95]
1546498423279;[171, 0, 17, 255, 161, 72, 68, 188, 142, 0, 0, 152, 1, 0, 24, 1, 0, 207, 6, 95]
1546498423283;[171, 0, 17, 255, 161, 72, 68, 188, 142, 0, 0, 147, 1, 0, 24, 1, 0, 207, 6, 71]
1546498423451;[171, 0, 17, 255, 161, 72, 68, 188, 142, 0, 0, 151, 1, 0, 24, 1, 0, 206, 6, 45]
1546498423623;[171, 0, 17, 255, 161, 72, 68, 188, 142, 0, 0, 151, 1, 0, 24, 1, 0, 211, 6, 64]
1546498423627;[171, 0, 17, 255, 161, 72, 68, 188, 142, 0, 0, 146, 1, 0, 24, 1, 0, 211, 6, 89]
1546498423795;[171, 0, 17, 255, 161, 72, 68, 188, 142, 0, 0, 146, 1, 0, 24, 1, 0, 211, 6, 99]
1546498423799;[171, 0, 17, 255, 161, 72, 68, 188, 143, 0, 0, 145, 1, 0, 23, 1, 0, 211, 6, 91]
1546498424141;[171, 0, 17, 255, 161, 72, 68, 188, 143, 0, 0, 145, 1, 0, 24, 1, 0, 211, 6, 80]
1546498424147;[171, 0, 4, 255, 132, 128, 76]
1546498424151;[171, 0, 17, 255, 161, 72, 68, 188, 143, 0, 0, 145, 1, 0, 24, 1, 0, 207, 6, 7]
1546498424314;[171, 0, 17, 255, 161, 72, 68, 188, 143, 0, 0, 150, 1, 0, 24, 1, 0, 201, 4, 164]
1546498424319;[171, 0, 17, 255, 161, 72, 68, 188, 143, 0, 0, 145, 1, 0, 23, 1, 0, 211, 4, 164]
1546498424485;[171, 0, 17, 255, 161, 72, 68, 188, 143, 0, 0, 156, 1, 0, 23, 1, 0, 200, 4, 164]
1546498424489;[171, 0, 17, 255, 161, 72, 68, 188, 143, 0, 0, 151, 1, 0, 24, 1, 0, 212, 5, 2]
1546498424659;[171, 0, 17, 255, 161, 72, 68, 188, 143, 0, 0, 144, 1, 0, 23, 1, 0, 211, 5, 152]
1546498424832;[171, 0, 17, 255, 161, 72, 68, 188, 143, 0, 0, 146, 1, 0, 24, 1, 0, 211, 5, 237]
1546498424835;[171, 0, 17, 255, 161, 72, 68, 188, 143, 0, 0, 147, 1, 0, 25, 1, 0, 211, 6, 38]
1546498425003;[171, 0, 17, 255, 161, 72, 68, 188, 144, 0, 0, 150, 1, 0, 24, 1, 0, 211, 6, 82]
1546498425521;[171, 0, 17, 255, 161, 72, 68, 188, 144, 0, 0, 149, 1, 0, 23, 1, 0, 212, 6, 115]
1546498425525;[171, 0, 4, 255, 132, 128, 77]
1546498425530;[171, 0, 17, 255, 161, 72, 68, 188, 144, 0, 0, 146, 1, 0, 28, 1, 0, 211, 6, 130]
1546498425534;[171, 0, 17, 255, 161, 72, 68, 188, 144, 0, 0, 147, 1, 0, 24, 1, 0, 211, 6, 181]
1546498425696;[171, 0, 17, 255, 161, 72, 68, 188, 144, 0, 0, 146, 1, 0, 24, 1, 0, 206, 6, 227]
1546498425700;[171, 0, 17, 255, 161, 72, 68, 188, 144, 0, 0, 146, 1, 0, 24, 1, 0, 207, 6, 251]
1546498425705;[171, 0, 17, 255, 161, 72, 68, 188, 144, 0, 0, 147, 1, 0, 24, 1, 0, 207, 7, 32]
1546498425709;[171, 0, 17, 255, 161, 72, 68, 188, 144, 0, 0, 146, 1, 0, 23, 1, 0, 212, 7, 35]
1546498425865;[171, 0, 17, 255, 161, 72, 68, 188, 144, 0, 0, 146, 1, 0, 23, 1, 0, 211, 7, 43]
1546498426039;[171, 0, 17, 255, 161, 72, 68, 188, 144, 0, 0, 147, 1, 0, 24, 1, 0, 211, 7, 28]
1546498426043;[171, 0, 17, 255, 161, 72, 68, 188, 145, 0, 0, 145, 1, 0, 24, 1, 0, 211, 7, 56]
1546498426212;[171, 0, 17, 255, 161, 72, 68, 188, 145, 0, 0, 146, 1, 0, 24, 1, 0, 204, 7, 96]
1546498426216;[171, 0, 4, 255, 132, 128, 76]
1546498426383;[171, 0, 17, 255, 161, 72, 68, 188, 145, 0, 0, 143, 1, 0, 24, 1, 0, 211, 7, 100]
1546498426388;[171, 0, 17, 255, 161, 72, 68, 188, 145, 0, 0, 146, 1, 0, 24, 1, 0, 211, 7, 112]
1546498426729;[171, 0, 17, 255, 161, 72, 68, 188, 145, 0, 0, 146, 1, 0, 28, 1, 0, 211, 7, 109]
1546498426733;[171, 0, 17, 255, 161, 72, 68, 188, 145, 0, 0, 145, 1, 0, 24, 1, 0, 211, 7, 103]
1546498426737;[171, 0, 17, 255, 161, 72, 68, 188, 145, 0, 0, 146, 1, 0, 24, 1, 0, 211, 7, 90]
1546498426901;[171, 0, 17, 255, 161, 72, 68, 188, 145, 0, 0, 144, 1, 0, 24, 1, 0, 212, 7, 94]
1546498426907;[171, 0, 17, 255, 161, 72, 68, 188, 145, 0, 0, 146, 1, 0, 24, 1, 0, 211, 7, 114]
1546498427073;[171, 0, 17, 255, 161, 72, 68, 188, 145, 0, 0, 147, 1, 0, 24, 1, 0, 212, 7, 118]
1546498427077;[171, 0, 17, 255, 161, 72, 68, 188, 146, 0, 0, 144, 1, 0, 24, 1, 0, 211, 7, 104]
1546498427245;[171, 0, 17, 255, 161, 72, 68, 188, 146, 0, 0, 146, 1, 0, 24, 1, 0, 211, 7, 96]
1546498427418;[171, 0, 4, 255, 132, 128, 76]
1546498427592;[171, 0, 17, 255, 161, 72, 68, 188, 146, 0, 0, 146, 1, 0, 23, 1, 0, 211, 7, 80]
1546498427596;[171, 0, 17, 255, 161, 72, 68, 188, 146, 0, 0, 152, 1, 0, 24, 1, 0, 211, 7, 78]
1546498427601;[171, 0, 17, 255, 161, 72, 68, 188, 146, 0, 0, 143, 1, 0, 23, 1, 0, 212, 7, 48]
1546498427936;[171, 0, 17, 255, 161, 72, 68, 188, 146, 0, 0, 146, 1, 0, 24, 1, 0, 207, 7, 64]
1546498427940;[171, 0, 17, 255, 161, 72, 68, 188, 146, 0, 0, 143, 1, 0, 24, 1, 0, 211, 7, 53]
1546498427945;[171, 0, 17, 255, 161, 72, 68, 188, 146, 0, 0, 144, 1, 0, 24, 1, 0, 212, 7, 52]
1546498428109;[171, 0, 17, 255, 161, 72, 68, 188, 146, 0, 0, 147, 1, 0, 24, 1, 0, 211, 7, 48]
1546498428113;[171, 0, 17, 255, 161, 72, 68, 188, 146, 0, 0, 147, 1, 0, 28, 1, 0, 211, 7, 47]
1546498428280;[171, 0, 17, 255, 161, 72, 68, 188, 147, 0, 0, 146, 1, 0, 24, 1, 0, 211, 7, 15]
1546498428284;[171, 0, 17, 255, 161, 72, 68, 188, 147, 0, 0, 146, 1, 0, 26, 1, 0, 207, 7, 1]
1546498428453;[171, 0, 4, 255, 132, 128, 77]
1546498428625;[171, 0, 17, 255, 161, 72, 68, 188, 147, 0, 0, 143, 1, 0, 24, 1, 0, 211, 6, 247]
1546498428628;[171, 0, 17, 255, 161, 72, 68, 188, 147, 0, 0, 144, 1, 0, 24, 1, 0, 212, 6, 254]
1546498428800;[171, 0, 17, 255, 161, 72, 68, 188, 147, 0, 0, 146, 1, 0, 23, 1, 0, 211, 6, 245]
1546498428803;[171, 0, 17, 255, 161, 72, 68, 188, 147, 0, 0, 146, 1, 0, 24, 1, 0, 212, 6, 231]
1546498428971;[171, 0, 17, 255, 161, 72, 68, 188, 147, 0, 0, 144, 1, 0, 24, 1, 0, 211, 6, 210]
1546498429318;[171, 0, 17, 255, 161, 72, 68, 188, 147, 0, 0, 147, 1, 0, 26, 1, 0, 211, 6, 179]
1546498429322;[171, 0, 17, 255, 161, 72, 68, 188, 147, 0, 0, 145, 1, 0, 24, 1, 0, 211, 6, 150]
1546498429326;[171, 0, 17, 255, 161, 72, 68, 188, 147, 0, 0, 144, 1, 0, 24, 1, 0, 213, 6, 139]
1546498429330;[171, 0, 17, 255, 161, 72, 68, 188, 148, 0, 0, 146, 1, 0, 28, 1, 0, 212, 6, 166]
1546498429487;[171, 0, 17, 255, 161, 72, 68, 188, 148, 0, 0, 143, 1, 0, 24, 1, 0, 206, 6, 149]
1546498429491;[171, 0, 4, 255, 132, 128, 78]
1546498429661;[171, 0, 17, 255, 161, 72, 68, 188, 148, 0, 0, 145, 1, 0, 23, 1, 0, 212, 6, 126]
1546498429834;[171, 0, 17, 255, 161, 72, 68, 188, 148, 0, 0, 146, 1, 0, 24, 1, 0, 211, 6, 115]
1546498430008;[171, 0, 17, 255, 161, 72, 68, 188, 148, 0, 0, 144, 1, 0, 24, 1, 0, 211, 6, 94]
1546498430012;[171, 0, 17, 255, 161, 72, 68, 188, 148, 0, 0, 146, 1, 0, 24, 1, 0, 211, 6, 63]
1546498430016;[171, 0, 17, 255, 161, 72, 68, 188, 148, 0, 0, 146, 1, 0, 24, 1, 0, 211, 6, 56]
1546498430179;[171, 0, 17, 255, 161, 72, 68, 188, 148, 0, 0, 143, 1, 0, 24, 1, 0, 211, 6, 53]
1546498430183;[171, 0, 17, 255, 161, 72, 68, 188, 148, 0, 0, 145, 1, 0, 24, 1, 0, 212, 6, 40]
1546498430525;[171, 0, 17, 255, 161, 72, 68, 188, 148, 0, 0, 146, 1, 0, 24, 1, 0, 204, 6, 14]
1546498430529;[171, 0, 17, 255, 161, 72, 68, 188, 149, 0, 0, 146, 1, 0, 26, 1, 0, 212, 6, 7]
1546498430533;[171, 0, 17, 255, 161, 72, 68, 188, 149, 0, 0, 143, 1, 0, 23, 1, 0, 211, 5, 233]
1546498430696;[171, 0, 4, 255, 132, 128, 78]
1546498430700;[171, 0, 17, 255, 161, 72, 68, 188, 149, 0, 0, 144, 1, 0, 24, 1, 0, 206, 5, 214]
1546498430867;[171, 0, 17, 255, 161, 72, 68, 188, 149, 0, 0, 146, 1, 0, 24, 1, 0, 211, 5, 191]
1546498431042;[171, 0, 17, 255, 161, 72, 68, 188, 149, 0, 0, 145, 1, 0, 24, 1, 0, 212, 5, 176]
1546498431046;[171, 0, 17, 255, 161, 72, 68, 188, 149, 0, 0, 146, 1, 0, 30, 1, 0, 207, 5, 163]
1546498431213;[171, 0, 17, 255, 161, 72, 68, 188, 149, 0, 0, 143, 1, 0, 23, 1, 0, 211, 5, 159]
1546498431217;[171, 0, 17, 255, 161, 72, 68, 188, 149, 0, 0, 144, 1, 0, 24, 1, 0, 211, 5, 151]
1546498431385;[171, 0, 17, 255, 161, 72, 68, 188, 149, 0, 0, 151, 1, 0, 24, 1, 0, 211, 5, 149]
1546498431389;[171, 0, 17, 255, 161, 72, 68, 188, 149, 0, 0, 146, 1, 0, 24, 1, 0, 208, 5, 131]
1546498431905;[171, 0, 17, 255, 161, 72, 68, 188, 150, 0, 0, 143, 1, 0, 24, 1, 0, 211, 5, 103]
1546498431909;[171, 0, 17, 255, 161, 72, 68, 188, 150, 0, 0, 146, 1, 0, 24, 1, 0, 211, 5, 111]
1546498431914;[171, 0, 4, 255, 132, 128, 78]
1546498431918;[171, 0, 17, 255, 161, 72, 68, 188, 150, 0, 0, 144, 1, 0, 24, 1, 0, 212, 5, 96]
1546498432076;[171, 0, 17, 255, 161, 72, 68, 188, 150, 0, 0, 146, 1, 0, 23, 1, 0, 211, 5, 83]
1546498432081;[171, 0, 17, 255, 161, 72, 68, 188, 150, 0, 0, 146, 1, 0, 24, 1, 0, 211, 5, 72]
1546498432085;[171, 0, 17, 255, 161, 72, 68, 188, 150, 0, 0, 143, 1, 0, 24, 1, 0, 211, 5, 45]
1546498432249;[171, 0, 17, 255, 161, 72, 68, 188, 150, 0, 0, 145, 1, 0, 24, 1, 0, 211, 5, 17]
1546498432421;[171, 0, 17, 255, 161, 72, 68, 188, 150, 0, 0, 146, 1, 0, 24, 1, 0, 211, 5, 32]
1546498432425;[171, 0, 17, 255, 161, 72, 68, 188, 150, 0, 0, 146, 1, 0, 24, 1, 0, 211, 5, 37]
1546498432594;[171, 0, 17, 255, 161, 72, 68, 188, 150, 0, 0, 147, 1, 0, 24, 1, 0, 211, 5, 34]
1546498432766;[171, 0, 17, 255, 161, 72, 68, 188, 151, 0, 0, 146, 1, 0, 24, 1, 0, 211, 5, 19]
1546498432771;[171, 0, 17, 255, 161, 72, 68, 188, 151, 0, 0, 136, 1, 0, 24, 1, 0, 207, 4, 220]
1546498433113;[171, 0, 4, 255, 132, 128, 78]
1546498433118;[171, 0, 17, 255, 161, 72, 68, 188, 151, 0, 0, 207, 1, 0, 1, 1, 0, 221, 3, 109]
1546498433122;[171, 0, 17, 255, 161, 72, 68, 188, 151, 0, 0, 196, 1, 0, 67, 1, 0, 211, 2, 156]
1546498433126;[171, 0, 17, 255, 161, 72, 68, 188, 151, 0, 0, 187, 1, 0, 109, 1, 0, 112, 4, 66]
1546498433284;[171, 0, 17, 255, 161, 72, 68, 188, 151, 0, 0, 176, 1, 0, 28, 1, 0, 185, 5, 30]
1546498433456;[171, 0, 17, 255, 161, 72, 68, 188, 151, 0, 0, 131, 1, 0, 1, 1, 0, 197, 5, 115]
1546498433461;[171, 0, 17, 255, 161, 72, 68, 188, 151, 0, 0, 161, 0, 0, 15, 1, 0, 168, 5, 155]
1546498433628;[171, 0, 17, 255, 161, 72, 68, 188, 151, 0, 0, 241, 1, 0, 17, 1, 0, 145, 5, 161]
1546498433802;[171, 0, 17, 255, 161, 72, 68, 188, 151, 0, 0, 144, 1, 0, 34, 1, 0, 157, 5, 77]
1546498433806;[171, 0, 17, 255, 161, 72, 68, 188, 152, 0, 0, 177, 1, 0, 76, 1, 0, 216, 4, 197]
1546498433810;[171, 0, 17, 255, 161, 72, 68, 188, 152, 0, 0, 88, 1, 0, 10, 1, 0, 229, 4, 216]
1546498433973;[171, 0, 4, 255, 132, 128, 79]
1546498433977;[171, 0, 17, 255, 161, 72, 68, 188, 152, 0, 0, 179, 1, 0, 15, 1, 0, 193, 5, 50]
1546498434321;[171, 0, 17, 255, 161, 72, 68, 188, 152, 0, 0, 134, 1, 0, 14, 1, 0, 219, 5, 109]
1546498434325;[171, 0, 17, 255, 161, 72, 68, 188, 152, 0, 0, 146, 1, 0, 15, 1, 0, 212, 5, 158]
1546498434329;[171, 0, 17, 255, 161, 72, 68, 188, 152, 0, 0, 147, 1, 0, 15, 1, 0, 211, 5, 188]
1546498434490;[171, 0, 17, 255, 161, 72, 68, 188, 152, 0, 0, 144, 1, 0, 14, 1, 0, 211, 5, 218]
1546498434494;[171, 0, 17, 255, 161, 72, 68, 188, 152, 0, 0, 146, 1, 0, 11, 1, 0, 211, 5, 246]
1546498434663;[171, 0, 17, 255, 161, 72, 68, 188, 152, 0, 0, 144, 1, 0, 15, 1, 0, 213, 6, 3]
1546498434836;[171, 0, 17, 255, 161, 72, 68, 188, 152, 0, 0, 133, 1, 0, 14, 1, 0, 219, 6, 27]
1546498434841;[171, 0, 17, 255, 161, 72, 68, 188, 153, 0, 0, 141, 0, 0, 1, 1, 0, 216, 6, 38]
1546498435009;[171, 0, 17, 255, 161, 72, 68, 188, 153, 0, 1, 63, 1, 0, 50, 1, 0, 142, 6, 137]
1546498435013;[171, 0, 4, 255, 132, 128, 80]
1546498435180;[171, 0, 17, 255, 161, 72, 68, 188, 153, 0, 0, 206, 0, 0, 13, 1, 0, 84, 6, 144]
1546498435184;[171, 0, 17, 255, 161, 72, 68, 188, 153, 0, 0, 203, 1, 0, 39, 1, 0, 98, 6, 79]
1546498435354;[171, 0, 17, 255, 161, 72, 68, 188, 153, 0, 0, 231, 1, 0, 39, 1, 0, 93, 5, 247]
1546498435699;[171, 0, 17, 255, 161, 72, 68, 188, 153, 0, 1, 5, 0, 0, 7, 1, 0, 120, 5, 239]
1546498435704;[171, 0, 17, 255, 161, 72, 68, 188, 153, 0, 0, 211, 1, 0, 16, 1, 0, 135, 5, 233]
1546498435708;[171, 0, 17, 255, 161, 72, 68, 188, 153, 0, 0, 216, 1, 0, 14, 1, 0, 135, 5, 245]
1546498435712;[171, 0, 17, 255, 161, 72, 68, 188, 153, 0, 0, 219, 1, 0, 15, 1, 0, 133, 6, 21]
1546498435870;[171, 0, 17, 255, 161, 72, 68, 188, 153, 0, 0, 217, 1, 0, 14, 1, 0, 137, 6, 25]
1546498436043;[171, 0, 17, 255, 161, 72, 68, 188, 154, 0, 0, 217, 1, 0, 14, 1, 0, 138, 6, 54]
1546498436047;[171, 0, 17, 255, 161, 72, 68, 188, 154, 0, 0, 214, 1, 0, 14, 1, 0, 137, 6, 91]
1546498436215;[171, 0, 4, 255, 132, 128, 81]
1546498436219;[171, 0, 17, 255, 161, 72, 68, 188, 154, 0, 0, 217, 1, 0, 14, 1, 0, 140, 6, 128]
1546498436388;[171, 0, 17, 255, 161, 72, 68, 188, 154, 0, 0, 211, 1, 0, 15, 1, 0, 145, 6, 177]
1546498436393;[171, 0, 17, 255, 161, 72, 68, 188, 154, 0, 0, 211, 1, 0, 9, 1, 0, 151, 6, 214]
1546498436560;[171, 0, 17, 255, 161, 72, 68, 188, 154, 0, 0, 167, 0, 0, 4, 1, 0, 187, 6, 240]
1546498436908;[171, 0, 17, 255, 161, 72, 68, 188, 154, 0, 0, 223, 1, 0, 35, 1, 0, 163, 7, 42]
1546498436912;[171, 0, 17, 255, 161, 72, 68, 188, 154, 0, 0, 181, 1, 0, 5, 1, 0, 184, 6, 202]
1546498436918;[171, 0, 17, 255, 161, 72, 68, 188, 154, 0, 0, 198, 0, 0, 7, 1, 0, 169, 6, 210]
1546498436921;[171, 0, 17, 255, 161, 72, 68, 188, 154, 0, 0, 231, 1, 0, 22, 1, 0, 110, 7, 11]
1546498437078;[171, 0, 17, 255, 161, 72, 68, 188, 155, 0, 0, 211, 1, 0, 17, 1, 0, 167, 7, 43]
1546498437082;[171, 0, 17, 255, 161, 72, 68, 188, 155, 0, 0, 176, 1, 0, 23, 1, 0, 118, 6, 249]
1546498437250;[171, 0, 4, 255, 132, 128, 81]
1546498437424;[171, 0, 17, 255, 161, 72, 68, 188, 155, 0, 0, 211, 1, 0, 19, 1, 0, 163, 7, 16]
1546498437428;[171, 0, 17, 255, 161, 72, 68, 188, 155, 0, 0, 191, 1, 0, 29, 1, 0, 121, 6, 204]
1546498437596;[171, 0, 17, 255, 161, 72, 68, 188, 155, 0, 0, 193, 1, 0, 20, 1, 0, 171, 7, 47]
1546498437600;[171, 0, 17, 255, 161, 72, 68, 188, 155, 0, 0, 218, 1, 0, 22, 1, 0, 136, 7, 57]
1546498437768;[171, 0, 17, 255, 161, 72, 68, 188, 155, 0, 0, 200, 1, 0, 10, 1, 0, 166, 7, 125]
1546498437941;[171, 0, 17, 255, 161, 72, 68, 188, 155, 0, 0, 215, 1, 0, 23, 1, 0, 138, 7, 150]
1546498437944;[171, 0, 17, 255, 161, 72, 68, 188, 155, 0, 0, 208, 1, 0, 12, 1, 0, 184, 7, 189]
1546498438288;[171, 0, 17, 255, 161, 72, 68, 188, 155, 0, 0, 184, 1, 0, 31, 1, 0, 102, 7, 123]
1546498438293;[171, 0, 17, 255, 161, 72, 68, 188, 156, 0, 0, 203, 1, 0, 15, 1, 0, 163, 7, 115]
1546498438297;[171, 0, 17, 255, 161, 72, 68, 188, 156, 0, 0, 215, 1, 0, 33, 1, 0, 134, 7, 157]
1546498438301;[171, 0, 4, 255, 132, 128, 81]
1546498438458;[171, 0, 17, 255, 161, 72, 68, 188, 156, 0, 0, 206, 1, 0, 19, 1, 0, 158, 8, 7]
1546498438632;[171, 0, 17, 255, 161, 72, 68, 188, 156, 0, 0, 173, 1, 0, 24, 1, 0, 182, 8, 67]
1546498438636;[171, 0, 17, 255, 161, 72, 68, 188, 156, 0, 0, 186, 1, 0, 29, 1, 0, 169, 8, 112]
1546498438803;[171, 0, 17, 255, 161, 72, 68, 188, 156, 0, 0, 183, 1, 0, 24, 1, 0, 175, 8, 152]
1546498438807;[171, 0, 17, 255, 161, 72, 68, 188, 156, 0, 0, 184, 1, 0, 24, 1, 0, 172, 8, 174]
1546498438975;[171, 0, 17, 255, 161, 72, 68, 188, 156, 0, 0, 186, 1, 0, 26, 1, 0, 175, 8, 222]
1546498438978;[171, 0, 17, 255, 161, 72, 68, 188, 156, 0, 0, 183, 1, 0, 24, 1, 0, 177, 8, 232]
1546498439149;[171, 0, 17, 255, 161, 72, 68, 188, 156, 0, 0, 183, 1, 0, 29, 1, 0, 174, 9, 77]
1546498439494;[171, 0, 17, 255, 161, 72, 68, 188, 157, 0, 0, 183, 1, 0, 33, 1, 0, 178, 9, 150]
1546498439498;[171, 0, 17, 255, 161, 72, 68, 188, 157, 0, 0, 183, 1, 0, 24, 1, 0, 177, 9, 204]
1546498439502;[171, 0, 4, 255, 132, 128, 82]
1546498439506;[171, 0, 17, 255, 161, 72, 68, 188, 157, 0, 0, 183, 1, 0, 28, 1, 0, 178, 9, 250]
1546498439665;[171, 0, 17, 255, 161, 72, 68, 188, 157, 0, 0, 183, 1, 0, 28, 1, 0, 178, 10, 25]
1546498439838;[171, 0, 17, 255, 161, 72, 68, 188, 157, 0, 0, 181, 1, 0, 24, 1, 0, 178, 10, 47]
1546498439841;[171, 0, 17, 255, 161, 72, 68, 188, 157, 0, 0, 185, 1, 0, 24, 1, 0, 177, 10, 69]
1546498440024;[171, 0, 17, 255, 161, 72, 68, 188, 157, 0, 0, 179, 1, 0, 24, 1, 0, 180, 10, 111]
1546498440026;[171, 0, 17, 255, 161, 72, 68, 188, 157, 0, 0, 183, 1, 0, 24, 1, 0, 177, 10, 194]
1546498440183;[171, 0, 17, 255, 161, 72, 68, 188, 157, 0, 0, 181, 1, 0, 24, 1, 0, 185, 10, 234]
1546498440187;[171, 0, 17, 255, 161, 72, 68, 188, 157, 0, 0, 167, 1, 0, 24, 1, 0, 179, 11, 12]
1546498440357;[171, 0, 17, 255, 161, 72, 68, 188, 158, 0, 0, 179, 1, 0, 24, 1, 0, 179, 11, 47]
1546498440875;[171, 0, 17, 255, 161, 72, 68, 188, 158, 0, 0, 183, 1, 0, 28, 1, 0, 177, 11, 61]
1546498440879;[171, 0, 4, 255, 132, 128, 83]
1546498440884;[171, 0, 17, 255, 161, 72, 68, 188, 158, 0, 0, 183, 1, 0, 24, 1, 0, 176, 11, 65]
1546498440888;[171, 0, 17, 255, 161, 72, 68, 188, 158, 0, 0, 181, 1, 0, 24, 1, 0, 178, 11, 64]
1546498441048;[171, 0, 17, 255, 161, 72, 68, 188, 158, 0, 0, 181, 1, 0, 28, 1, 0, 177, 11, 121]
1546498441051;[171, 0, 17, 255, 161, 72, 68, 188, 158, 0, 0, 179, 1, 0, 24, 1, 0, 183, 11, 168]
1546498441056;[171, 0, 17, 255, 161, 72, 68, 188, 158, 0, 0, 183, 1, 0, 24, 1, 0, 175, 11, 168]
1546498441219;[171, 0, 17, 255, 161, 72, 68, 188, 158, 0, 0, 183, 1, 0, 24, 1, 0, 181, 11, 193]
1546498441223;[171, 0, 17, 255, 161, 72, 68, 188, 158, 0, 0, 181, 1, 0, 24, 1, 0, 181, 11, 199]
1546498441391;[171, 0, 17, 255, 161, 72, 68, 188, 158, 0, 0, 183, 1, 0, 24, 1, 0, 181, 11, 196]
1546498441395;[171, 0, 17, 255, 161, 72, 68, 188, 159, 0, 0, 181, 1, 0, 24, 1, 0, 176, 11, 183]
1546498442082;[171, 0, 17, 255, 161, 72, 68, 188, 161, 0, 0, 179, 1, 0, 33, 1, 0, 175, 12, 193]
1546498442087;[171, 0, 17, 255, 161, 72, 68, 188, 161, 0, 0, 184, 1, 0, 33, 1, 0, 175, 12, 177]
1546498442090;[171, 0, 17, 255, 161, 72, 68, 188, 161, 0, 0, 181, 1, 0, 33, 1, 0, 175, 12, 185]
1546498442095;[171, 0, 17, 255, 161, 72, 68, 188, 161, 0, 0, 177, 1, 0, 30, 1, 0, 181, 12, 206]
1546498442253;[171, 0, 17, 255, 161, 72, 68, 188, 161, 0, 0, 186, 1, 0, 24, 1, 0, 174, 12, 186]
1546498442257;[171, 0, 17, 255, 161, 72, 68, 188, 161, 0, 0, 183, 1, 0, 24, 1, 0, 171, 12, 173]
1546498442428;[171, 0, 17, 255, 161, 72, 68, 188, 161, 0, 0, 196, 1, 0, 33, 1, 0, 164, 12, 182]
1546498442432;[171, 0, 17, 255, 161, 72, 68, 188, 161, 0, 0, 186, 1, 0, 24, 1, 0, 168, 12, 181]
1546498442597;[171, 0, 17, 255, 161, 72, 68, 188, 162, 0, 0, 191, 1, 0, 33, 1, 0, 168, 12, 176]
1546498442601;[171, 0, 17, 255, 161, 72, 68, 188, 162, 0, 0, 191, 1, 0, 33, 1, 0, 168, 12, 171]
1546498442770;[171, 0, 4, 255, 132, 128, 84]
1546498442943;[171, 0, 17, 255, 161, 72, 68, 188, 162, 0, 0, 186, 1, 0, 33, 1, 0, 169, 12, 186]
1546498442947;[171, 0, 17, 255, 161, 72, 68, 188, 162, 0, 0, 181, 1, 0, 30, 1, 0, 177, 12, 179]
1546498443291;[171, 0, 17, 255, 161, 72, 68, 188, 162, 0, 0, 186, 1, 0, 33, 1, 0, 174, 12, 171]
1546498443295;[171, 0, 17, 255, 161, 72, 68, 188, 162, 0, 0, 189, 1, 0, 34, 1, 0, 171, 12, 176]
1546498443299;[171, 0, 17, 255, 161, 72, 68, 188, 162, 0, 0, 186, 1, 0, 34, 1, 0, 170, 12, 159]
1546498443304;[171, 0, 17, 255, 161, 72, 68, 188, 162, 0, 0, 185, 1, 0, 33, 1, 0, 174, 12, 139]
1546498443463;[171, 0, 17, 255, 161, 72, 68, 188, 162, 0, 0, 186, 1, 0, 33, 1, 0, 174, 12, 114]
1546498443633;[171, 0, 17, 255, 161, 72, 68, 188, 162, 0, 0, 186, 1, 0, 34, 1, 0, 172, 12, 99]
1546498443637;[171, 0, 17, 255, 161, 72, 68, 188, 163, 0, 0, 186, 1, 0, 35, 1, 0, 174, 12, 108]
1546498443806;[171, 0, 17, 255, 161, 72, 68, 188, 163, 0, 0, 186, 1, 0, 33, 1, 0, 172, 12, 102]
1546498443810;[171, 0, 4, 255, 132, 128, 84]
1546498443979;[171, 0, 17, 255, 161, 72, 68, 188, 163, 0, 0, 183, 1, 0, 33, 1, 0, 174, 12, 95]
1546498443982;[171, 0, 17, 255, 161, 72, 68, 188, 163, 0, 0, 183, 1, 0, 33, 1, 0, 174, 12, 73]
1546498444150;[171, 0, 17, 255, 161, 72, 68, 188, 163, 0, 0, 184, 1, 0, 33, 1, 0, 175, 12, 61]
1546498444324;[171, 0, 17, 255, 161, 72, 68, 188, 163, 0, 0, 183, 1, 0, 30, 1, 0, 174, 12, 34]
1546498444328;[171, 0, 17, 255, 161, 72, 68, 188, 163, 0, 0, 185, 1, 0, 33, 1, 0, 174, 12, 6]
1546498444670;[171, 0, 17, 255, 161, 72, 68, 188, 163, 0, 0, 186, 1, 0, 33, 1, 0, 174, 11, 239]
1546498444674;[171, 0, 17, 255, 161, 72, 68, 188, 163, 0, 0, 184, 1, 0, 29, 1, 0, 172, 11, 241]
1546498444678;[171, 0, 17, 255, 161, 72, 68, 188, 163, 0, 0, 181, 1, 0, 34, 1, 0, 171, 11, 234]
1546498444840;[171, 0, 17, 255, 161, 72, 68, 188, 164, 0, 0, 184, 1, 0, 30, 1, 0, 174, 11, 216]
1546498444844;[171, 0, 17, 255, 161, 72, 68, 188, 164, 0, 0, 184, 1, 0, 33, 1, 0, 174, 11, 204]
1546498445013;[171, 0, 4, 255, 132, 128, 83]
1546498445017;[171, 0, 17, 255, 161, 72, 68, 188, 164, 0, 0, 186, 1, 0, 33, 1, 0, 174, 11, 190]
1546498445187;[171, 0, 17, 255, 161, 72, 68, 188, 164, 0, 0, 186, 1, 0, 33, 1, 0, 175, 11, 157]
1546498445191;[171, 0, 17, 255, 161, 72, 68, 188, 164, 0, 0, 185, 1, 0, 33, 1, 0, 174, 11, 133]
1546498445359;[171, 0, 17, 255, 161, 72, 68, 188, 164, 0, 0, 186, 1, 0, 33, 1, 0, 175, 11, 122]
1546498445529;[171, 0, 17, 255, 161, 72, 68, 188, 164, 0, 0, 184, 1, 0, 33, 1, 0, 172, 11, 126]
1546498445532;[171, 0, 17, 255, 161, 72, 68, 188, 164, 0, 0, 186, 1, 0, 33, 1, 0, 174, 11, 104]
1546498445878;[171, 0, 17, 255, 161, 72, 68, 188, 164, 0, 0, 186, 1, 0, 34, 1, 0, 175, 11, 95]
1546498445882;[171, 0, 17, 255, 161, 72, 68, 188, 164, 0, 0, 183, 1, 0, 33, 1, 0, 175, 11, 87]
1546498445886;[171, 0, 17, 255, 161, 72, 68, 188, 165, 0, 0, 184, 1, 0, 33, 1, 0, 173, 11, 62]
1546498445890;[171, 0, 17, 255, 161, 72, 68, 188, 165, 0, 0, 186, 1, 0, 33, 1, 0, 174, 11, 34]
1546498446048;[171, 0, 4, 255, 132, 128, 83]
1546498446221;[171, 0, 17, 255, 161, 72, 68, 188, 165, 0, 0, 184, 1, 0, 33, 1, 0, 176, 11, 11]
1546498446225;[171, 0, 17, 255, 161, 72, 68, 188, 165, 0, 0, 185, 1, 0, 33, 1, 0, 174, 11, 14]
1546498446394;[171, 0, 17, 255, 161, 72, 68, 188, 165, 0, 0, 181, 1, 0, 33, 1, 0, 172, 11, 22]
1546498446398;[171, 0, 17, 255, 161, 72, 68, 188, 165, 0, 0, 184, 1, 0, 33, 1, 0, 174, 11, 9]
1546498446567;[171, 0, 17, 255, 161, 72, 68, 188, 165, 0, 0, 183, 1, 0, 33, 1, 0, 175, 11, 9]
1546498446739;[171, 0, 17, 255, 161, 72, 68, 188, 165, 0, 0, 184, 1, 0, 34, 1, 0, 175, 10, 253]
1546498446743;[171, 0, 17, 255, 161, 72, 68, 188, 165, 0, 0, 183, 1, 0, 33, 1, 0, 178, 10, 243]
1546498447258;[171, 0, 17, 255, 161, 72, 68, 188, 165, 0, 0, 183, 1, 0, 34, 1, 0, 174, 10, 242]
1546498447262;[171, 0, 17, 255, 161, 72, 68, 188, 166, 0, 0, 183, 1, 0, 28, 1, 0, 180, 10, 244]
1546498447266;[171, 0, 17, 255, 161, 72, 68, 188, 166, 0, 0, 189, 1, 0, 34, 1, 0, 171, 11, 13]
1546498447270;[171, 0, 4, 255, 132, 128, 82]
1546498447430;[171, 0, 17, 255, 161, 72, 68, 188, 166, 0, 0, 179, 1, 0, 33, 1, 0, 181, 11, 18]
1546498447434;[171, 0, 17, 255, 161, 72, 68, 188, 166, 0, 0, 183, 1, 0, 33, 1, 0, 177, 11, 22]
1546498447439;[171, 0, 17, 255, 161, 72, 68, 188, 166, 0, 0, 183, 1, 0, 33, 1, 0, 175, 11, 24]
1546498447601;[171, 0, 17, 255, 161, 72, 68, 188, 166, 0, 0, 186, 1, 0, 33, 1, 0, 173, 11, 15]
1546498447605;[171, 0, 17, 255, 161, 72, 68, 188, 166, 0, 0, 178, 1, 0, 34, 1, 0, 177, 11, 4]
1546498447773;[171, 0, 17, 255, 161, 72, 68, 188, 166, 0, 0, 181, 1, 0, 34, 1, 0, 177, 11, 4]
1546498447777;[171, 0, 17, 255, 161, 72, 68, 188, 166, 0, 0, 179, 1, 0, 34, 1, 0, 178, 11, 11]
1546498447945;[171, 0, 17, 255, 161, 72, 68, 188, 166, 0, 0, 183, 1, 0, 34, 1, 0, 180, 11, 33]
1546498448118;[171, 0, 17, 255, 161, 72, 68, 188, 167, 0, 0, 181, 1, 0, 35, 1, 0, 180, 11, 40]
1546498448122;[171, 0, 17, 255, 161, 72, 68, 188, 167, 0, 0, 183, 1, 0, 34, 1, 0, 178, 11, 37]
1546498448469;[171, 0, 4, 255, 132, 128, 82]
1546498448475;[171, 0, 17, 255, 161, 72, 68, 188, 167, 0, 0, 181, 1, 0, 33, 1, 0, 176, 11, 35]
1546498448481;[171, 0, 17, 255, 161, 72, 68, 188, 167, 0, 0, 181, 1, 0, 33, 1, 0, 181, 11, 21]
1546498448636;[171, 0, 17, 255, 161, 72, 68, 188, 167, 0, 0, 181, 1, 0, 34, 1, 0, 180, 11, 17]
1546498448639;[171, 0, 17, 255, 161, 72, 68, 188, 167, 0, 0, 181, 1, 0, 34, 1, 0, 181, 10, 240]
1546498448810;[171, 0, 17, 255, 161, 72, 68, 188, 167, 0, 0, 181, 1, 0, 33, 1, 0, 178, 10, 240]
1546498448814;[171, 0, 17, 255, 161, 72, 68, 188, 167, 0, 0, 181, 1, 0, 33, 1, 0, 178, 10, 251]
1546498449155;[171, 0, 17, 255, 161, 72, 68, 188, 167, 0, 0, 183, 1, 0, 33, 1, 0, 181, 10, 249]
1546498449159;[171, 0, 17, 255, 161, 72, 68, 188, 167, 0, 0, 178, 1, 0, 34, 1, 0, 184, 10, 232]
1546498449163;[171, 0, 17, 255, 161, 72, 68, 188, 168, 0, 0, 183, 1, 0, 35, 1, 0, 181, 10, 227]
1546498449326;[171, 0, 17, 255, 161, 72, 68, 188, 168, 0, 0, 178, 1, 0, 33, 1, 0, 181, 10, 214]
1546498449329;[171, 0, 4, 255, 132, 128, 82]
1546498449672;[171, 0, 17, 255, 161, 72, 68, 188, 168, 0, 0, 181, 1, 0, 33, 1, 0, 183, 10, 197]
1546498449676;[171, 0, 17, 255, 161, 72, 68, 188, 168, 0, 0, 181, 1, 0, 34, 1, 0, 180, 10, 187]
1546498449681;[171, 0, 17, 255, 161, 72, 68, 188, 168, 0, 0, 176, 1, 0, 34, 1, 0, 184, 10, 203]
1546498449685;[171, 0, 17, 255, 161, 72, 68, 188, 168, 0, 0, 181, 1, 0, 33, 1, 0, 181, 10, 226]
1546498449844;[171, 0, 17, 255, 161, 72, 68, 188, 168, 0, 0, 179, 1, 0, 34, 1, 0, 180, 10, 238]
1546498450016;[171, 0, 17, 255, 161, 72, 68, 188, 168, 0, 0, 181, 1, 0, 33, 1, 0, 177, 10, 234]
1546498450020;[171, 0, 17, 255, 161, 72, 68, 188, 168, 0, 0, 179, 1, 0, 33, 1, 0, 184, 10, 229]
1546498450190;[171, 0, 17, 255, 161, 72, 68, 188, 168, 0, 0, 181, 1, 0, 33, 1, 0, 181, 10, 221]
1546498450194;[171, 0, 17, 255, 161, 72, 68, 188, 169, 0, 0, 178, 1, 0, 34, 1, 0, 178, 10, 206]
1546498450361;[171, 0, 17, 255, 161, 72, 68, 188, 169, 0, 0, 179, 1, 0, 35, 1, 0, 181, 10, 181]
1546498450533;[171, 0, 4, 255, 132, 128, 81]
1546498450537;[171, 0, 17, 255, 161, 72, 68, 188, 169, 0, 0, 184, 1, 0, 34, 1, 0, 181, 10, 185]
1546498450706;[171, 0, 17, 255, 161, 72, 68, 188, 169, 0, 0, 178, 1, 0, 33, 1, 0, 181, 10, 190]
1546498450710;[171, 0, 17, 255, 161, 72, 68, 188, 169, 0, 0, 178, 1, 0, 35, 1, 0, 181, 10, 198]
1546498451052;[171, 0, 17, 255, 161, 72, 68, 188, 169, 0, 0, 171, 1, 0, 33, 1, 0, 183, 10, 189]
1546498451056;[171, 0, 17, 255, 161, 72, 68, 188, 169, 0, 0, 186, 1, 0, 34, 1, 0, 178, 10, 211]
1546498451060;[171, 0, 17, 255, 161, 72, 68, 188, 169, 0, 0, 179, 1, 0, 34, 1, 0, 181, 10, 191]
1546498451223;[171, 0, 17, 255, 161, 72, 68, 188, 169, 0, 0, 179, 1, 0, 35, 1, 0, 181, 10, 177]
1546498451228;[171, 0, 17, 255, 161, 72, 68, 188, 169, 0, 0, 179, 1, 0, 33, 1, 0, 181, 10, 162]
1546498451396;[171, 0, 17, 255, 161, 72, 68, 188, 170, 0, 0, 181, 1, 0, 34, 1, 0, 184, 10, 164]
1546498451400;[171, 0, 17, 255, 161, 72, 68, 188, 170, 0, 0, 183, 1, 0, 34, 1, 0, 181, 10, 175]
1546498451568;[171, 0, 4, 255, 132, 128, 81]
1546498451740;[171, 0, 17, 255, 161, 72, 68, 188, 170, 0, 0, 183, 1, 0, 34, 1, 0, 176, 10, 186]
1546498451744;[171, 0, 17, 255, 161, 72, 68, 188, 170, 0, 0, 181, 1, 0, 34, 1, 0, 175, 10, 190]
1546498451914;[171, 0, 17, 255, 161, 72, 68, 188, 170, 0, 0, 179, 1, 0, 35, 1, 0, 176, 10, 181]
1546498451918;[171, 0, 17, 255, 161, 72, 68, 188, 170, 0, 0, 178, 1, 0, 35, 1, 0, 178, 10, 167]
1546498452258;[171, 0, 17, 255, 161, 72, 68, 188, 170, 0, 0, 181, 1, 0, 35, 1, 0, 177, 10, 154]
1546498452263;[171, 0, 17, 255, 161, 72, 68, 188, 170, 0, 0, 185, 1, 0, 33, 1, 0, 175, 10, 139]
1546498452267;[171, 0, 17, 255, 161, 72, 68, 188, 170, 0, 0, 183, 1, 0, 35, 1, 0, 175, 10, 126]
1546498452431;[171, 0, 17, 255, 161, 72, 68, 188, 170, 0, 0, 186, 1, 0, 34, 1, 0, 176, 10, 122]
1546498452436;[171, 0, 17, 255, 161, 72, 68, 188, 171, 0, 0, 181, 1, 0, 35, 1, 0, 180, 10, 127]
1546498452603;[171, 0, 17, 255, 161, 72, 68, 188, 171, 0, 0, 179, 1, 0, 35, 1, 0, 176, 10, 121]
1546498452607;[171, 0, 4, 255, 132, 128, 80]
1546498452776;[171, 0, 17, 255, 161, 72, 68, 188, 171, 0, 0, 181, 1, 0, 34, 1, 0, 175, 10, 129]
1546498452780;[171, 0, 17, 255, 161, 72, 68, 188, 171, 0, 0, 185, 1, 0, 34, 1, 0, 175, 10, 129]
1546498452949;[171, 0, 17, 255, 161, 72, 68, 188, 171, 0, 0, 184, 1, 0, 35, 1, 0, 180, 10, 114]
1546498453121;[171, 0, 17, 255, 161, 72, 68, 188, 171, 0, 0, 183, 1, 0, 34, 1, 0, 176, 10, 92]
1546498453125;[171, 0, 17, 255, 161, 72, 68, 188, 171, 0, 0, 184, 1, 0, 36, 1, 0, 171, 10, 95]
1546498453295;[171, 0, 17, 255, 161, 72, 68, 188, 171, 0, 0, 183, 1, 0, 33, 1, 0, 177, 10, 110]
1546498453298;[171, 0, 17, 255, 161, 72, 68, 188, 171, 0, 0, 184, 1, 0, 34, 1, 0, 174, 10, 128]
1546498453639;[171, 0, 17, 255, 161, 72, 68, 188, 171, 0, 0, 183, 1, 0, 35, 1, 0, 178, 10, 133]
1546498453643;[171, 0, 17, 255, 161, 72, 68, 188, 172, 0, 0, 179, 1, 0, 34, 1, 0, 176, 10, 129]
1546498453647;[171, 0, 17, 255, 161, 72, 68, 188, 172, 0, 0, 181, 1, 0, 35, 1, 0, 175, 10, 124]
1546498453811;[171, 0, 4, 255, 132, 128, 80]
1546498453816;[171, 0, 17, 255, 161, 72, 68, 188, 172, 0, 0, 181, 1, 0, 35, 1, 0, 174, 10, 114]
1546498453983;[171, 0, 17, 255, 161, 72, 68, 188, 172, 0, 0, 181, 1, 0, 33, 1, 0, 174, 10, 108]
1546498453987;[171, 0, 17, 255, 161, 72, 68, 188, 172, 0, 0, 186, 1, 0, 33, 1, 0, 172, 10, 133]
1546498454155;[171, 0, 17, 255, 161, 72, 68, 188, 172, 0, 0, 179, 1, 0, 34, 1, 0, 177, 10, 147]
1546498454330;[171, 0, 17, 255, 161, 72, 68, 188, 172, 0, 0, 183, 1, 0, 34, 1, 0, 175, 10, 152]
1546498454334;[171, 0, 17, 255, 161, 72, 68, 188, 172, 0, 0, 181, 1, 0, 34, 1, 0, 176, 10, 165]
1546498454500;[171, 0, 17, 255, 161, 72, 68, 188, 172, 0, 0, 181, 1, 0, 33, 1, 0, 177, 10, 166]
1546498454503;[171, 0, 17, 255, 161, 72, 68, 188, 172, 0, 0, 181, 1, 0, 35, 1, 0, 175, 10, 174]
1546498454847;[171, 0, 17, 255, 161, 72, 68, 188, 173, 0, 0, 184, 1, 0, 33, 1, 0, 175, 10, 173]
1546498454851;[171, 0, 17, 255, 161, 72, 68, 188, 173, 0, 0, 185, 1, 0, 34, 1, 0, 174, 10, 188]
1546498454855;[171, 0, 4, 255, 132, 128, 79]
1546498455019;[171, 0, 17, 255, 161, 72, 68, 188, 173, 0, 0, 186, 1, 0, 34, 1, 0, 168, 10, 212]
1546498455023;[171, 0, 17, 255, 161, 72, 68, 188, 173, 0, 0, 184, 1, 0, 34, 1, 0, 172, 10, 214]
1546498455192;[171, 0, 17, 255, 161, 72, 68, 188, 173, 0, 0, 186, 1, 0, 33, 1, 0, 173, 10, 217]
1546498455196;[171, 0, 17, 255, 161, 72, 68, 188, 173, 0, 0, 187, 1, 0, 34, 1, 0, 167, 10, 231]
1546498455364;[171, 0, 17, 255, 161, 72, 68, 188, 173, 0, 0, 183, 1, 0, 33, 1, 0, 171, 10, 224]
1546498455536;[171, 0, 17, 255, 161, 72, 68, 188, 173, 0, 0, 186, 1, 0, 33, 1, 0, 169, 10, 227]
1546498455540;[171, 0, 17, 255, 161, 72, 68, 188, 173, 0, 0, 185, 1, 0, 35, 1, 0, 169, 10, 248]
1546498455709;[171, 0, 17, 255, 161, 72, 68, 188, 173, 0, 0, 186, 1, 0, 33, 1, 0, 172, 11, 41]
1546498455712;[171, 0, 17, 255, 161, 72, 68, 188, 174, 0, 0, 186, 1, 0, 30, 1, 0, 168, 11, 71]
1546498456228;[171, 0, 17, 255, 161, 72, 68, 188, 174, 0, 0, 186, 1, 0, 34, 1, 0, 169, 11, 96]
1546498456232;[171, 0, 4, 255, 132, 128, 79]
1546498456236;[171, 0, 17, 255, 161, 72, 68, 188, 174, 0, 0, 185, 1, 0, 35, 1, 0, 169, 11, 125]
1546498456240;[171, 0, 17, 255, 161, 72, 68, 188, 174, 0, 0, 191, 1, 0, 30, 1, 0, 167, 11, 124]
1546498456399;[171, 0, 17, 255, 161, 72, 68, 188, 174, 0, 0, 186, 1, 0, 33, 1, 0, 169, 11, 123]
1546498456403;[171, 0, 17, 255, 161, 72, 68, 188, 174, 0, 0, 186, 1, 0, 33, 1, 0, 174, 11, 125]
1546498456407;[171, 0, 17, 255, 161, 72, 68, 188, 174, 0, 0, 192, 1, 0, 35, 1, 0, 168, 11, 160]
1546498456571;[171, 0, 17, 255, 161, 72, 68, 188, 174, 0, 0, 183, 1, 0, 35, 1, 0, 169, 11, 197]
1546498456575;[171, 0, 17, 255, 161, 72, 68, 188, 174, 0, 0, 184, 1, 0, 35, 1, 0, 172, 11, 224]
1546498456744;[171, 0, 17, 255, 161, 72, 68, 188, 174, 0, 0, 185, 1, 0, 34, 1, 0, 169, 11, 245]
1546498456915;[171, 0, 17, 255, 161, 72, 68, 188, 175, 0, 0, 181, 1, 0, 35, 1, 0, 175, 11, 250]
1546498456919;[171, 0, 17, 255, 161, 72, 68, 188, 175, 0, 0, 186, 1, 0, 33, 1, 0, 172, 12, 0]
1546498457089;[171, 0, 4, 255, 132, 128, 78]
1546498457093;[171, 0, 17, 255, 161, 72, 68, 188, 175, 0, 0, 186, 1, 0, 33, 1, 0, 176, 11, 225]
1546498457436;[171, 0, 17, 255, 161, 72, 68, 188, 175, 0, 0, 186, 1, 0, 33, 1, 0, 178, 11, 206]
1546498457440;[171, 0, 17, 255, 161, 72, 68, 188, 175, 0, 0, 184, 1, 0, 35, 1, 0, 174, 11, 227]
1546498457445;[171, 0, 17, 255, 161, 72, 68, 188, 175, 0, 0, 181, 1, 0, 33, 1, 0, 175, 11, 239]
1546498457607;[171, 0, 17, 255, 161, 72, 68, 188, 175, 0, 0, 183, 1, 0, 33, 1, 0, 180, 11, 235]
1546498457611;[171, 0, 17, 255, 161, 72, 68, 188, 175, 0, 0, 184, 1, 0, 33, 1, 0, 176, 11, 242]
1546498457779;[171, 0, 17, 255, 161, 72, 68, 188, 175, 0, 0, 179, 1, 0, 34, 1, 0, 183, 11, 232]
1546498457784;[171, 0, 17, 255, 161, 72, 68, 188, 175, 0, 0, 181, 1, 0, 33, 1, 0, 178, 11, 230]
1546498457949;[171, 0, 17, 255, 161, 72, 68, 188, 176, 0, 0, 183, 1, 0, 35, 1, 0, 176, 11, 226]
1546498458124;[171, 0, 17, 255, 161, 72, 68, 188, 176, 0, 0, 181, 1, 0, 33, 1, 0, 184, 11, 243]
1546498458128;[171, 0, 4, 255, 132, 128, 78]
1546498458296;[171, 0, 17, 255, 161, 72, 68, 188, 176, 0, 0, 183, 1, 0, 35, 1, 0, 175, 12, 5]
1546498458300;[171, 0, 17, 255, 161, 72, 68, 188, 176, 0, 0, 178, 1, 0, 34, 1, 0, 181, 12, 2]
1546498458643;[171, 0, 17, 255, 161, 72, 68, 188, 176, 0, 0, 178, 1, 0, 33, 1, 0, 177, 11, 254]
1546498458647;[171, 0, 17, 255, 161, 72, 68, 188, 176, 0, 0, 183, 1, 0, 33, 1, 0, 177, 11, 237]
1546498458651;[171, 0, 17, 255, 161, 72, 68, 188, 176, 0, 0, 184, 1, 0, 34, 1, 0, 177, 11, 220]
1546498458813;[171, 0, 17, 255, 161, 72, 68, 188, 176, 0, 0, 184, 1, 0, 33, 1, 0, 177, 11, 188]
1546498458817;[171, 0, 17, 255, 161, 72, 68, 188, 176, 0, 0, 181, 1, 0, 34, 1, 0, 178, 11, 168]
1546498458986;[171, 0, 17, 255, 161, 72, 68, 188, 176, 0, 0, 183, 1, 0, 33, 1, 0, 177, 11, 163]
1546498458990;[171, 0, 17, 255, 161, 72, 68, 188, 177, 0, 0, 183, 1, 0, 33, 1, 0, 178, 11, 155]
1546498459227;[171, 0, 17, 255, 161, 72, 68, 188, 177, 0, 0, 181, 1, 0, 34, 1, 0, 178, 11, 139]
1546498459332;[171, 0, 4, 255, 132, 128, 78]
1546498459336;[171, 0, 17, 255, 161, 72, 68, 188, 177, 0, 0, 183, 1, 0, 33, 1, 0, 176, 11, 113]
1546498459503;[171, 0, 17, 255, 161, 72, 68, 188, 177, 0, 0, 186, 1, 0, 33, 1, 0, 174, 11, 93]
1546498459506;[171, 0, 17, 255, 161, 72, 68, 188, 177, 0, 0, 185, 1, 0, 33, 1, 0, 174, 11, 68]
1546498459676;[171, 0, 17, 255, 161, 72, 68, 188, 177, 0, 0, 184, 1, 0, 34, 1, 0, 174, 11, 53]
1546498459680;[171, 0, 17, 255, 161, 72, 68, 188, 177, 0, 0, 183, 1, 0, 34, 1, 0, 173, 11, 50]
1546498460022;[171, 0, 17, 255, 161, 72, 68, 188, 177, 0, 0, 184, 1, 0, 34, 1, 0, 174, 11, 79]
1546498460026;[171, 0, 17, 255, 161, 72, 68, 188, 177, 0, 0, 184, 1, 0, 34, 1, 0, 174, 11, 75]
1546498460031;[171, 0, 17, 255, 161, 72, 68, 188, 177, 0, 0, 184, 1, 0, 33, 1, 0, 174, 11, 77]
1546498460194;[171, 0, 17, 255, 161, 72, 68, 188, 178, 0, 0, 179, 1, 0, 33, 1, 0, 179, 11, 63]
1546498460198;[171, 0, 17, 255, 161, 72, 68, 188, 178, 0, 0, 183, 1, 0, 33, 1, 0, 176, 11, 64]
1546498460366;[171, 0, 4, 255, 132, 128, 78]
1546498460538;[171, 0, 17, 255, 161, 72, 68, 188, 178, 0, 0, 186, 1, 0, 34, 1, 0, 173, 11, 54]
1546498460542;[171, 0, 17, 255, 161, 72, 68, 188, 178, 0, 0, 181, 1, 0, 34, 1, 0, 176, 11, 45]
1546498460712;[171, 0, 17, 255, 161, 72, 68, 188, 178, 0, 0, 185, 1, 0, 34, 1, 0, 175, 11, 48]
1546498460716;[171, 0, 17, 255, 161, 72, 68, 188, 178, 0, 0, 185, 1, 0, 34, 1, 0, 175, 11, 66]
1546498460884;[171, 0, 17, 255, 161, 72, 68, 188, 178, 0, 0, 179, 1, 0, 34, 1, 0, 176, 11, 64]
1546498460888;[171, 0, 17, 255, 161, 72, 68, 188, 178, 0, 0, 183, 1, 0, 30, 1, 0, 172, 11, 69]
1546498461231;[171, 0, 17, 255, 161, 72, 68, 188, 178, 0, 0, 183, 1, 0, 34, 1, 0, 174, 11, 69]
1546498461235;[171, 0, 17, 255, 161, 72, 68, 188, 178, 0, 0, 181, 1, 0, 33, 1, 0, 176, 11, 53]
1546498461239;[171, 0, 17, 255, 161, 72, 68, 188, 179, 0, 0, 186, 1, 0, 33, 1, 0, 175, 11, 50]
1546498461401;[171, 0, 17, 255, 161, 72, 68, 188, 179, 0, 0, 183, 1, 0, 33, 1, 0, 176, 11, 36]
1546498461405;[171, 0, 4, 255, 132, 128, 78]
1546498461574;[171, 0, 17, 255, 161, 72, 68, 188, 179, 0, 0, 185, 1, 0, 34, 1, 0, 175, 11, 47]
1546498461578;[171, 0, 17, 255, 161, 72, 68, 188, 179, 0, 0, 184, 1, 0, 34, 1, 0, 174, 11, 59]
1546498461746;[171, 0, 17, 255, 161, 72, 68, 188, 179, 0, 0, 179, 1, 0, 35, 1, 0, 175, 11, 67]
1546498461918;[171, 0, 17, 255, 161, 72, 68, 188, 179, 0, 0, 184, 1, 0, 33, 1, 0, 175, 11, 62]
1546498461922;[171, 0, 17, 255, 161, 72, 68, 188, 179, 0, 0, 184, 1, 0, 33, 1, 0, 178, 11, 51]
1546498462091;[171, 0, 17, 255, 161, 72, 68, 188, 179, 0, 0, 183, 1, 0, 33, 1, 0, 175, 11, 41]
1546498462095;[171, 0, 17, 255, 161, 72, 68, 188, 179, 0, 0, 183, 1, 0, 33, 1, 0, 174, 11, 26]
1546498462264;[171, 0, 17, 255, 161, 72, 68, 188, 179, 0, 0, 186, 1, 0, 33, 1, 0, 170, 11, 19]
1546498462610;[171, 0, 17, 255, 161, 72, 68, 188, 180, 0, 0, 181, 1, 0, 33, 1, 0, 175, 11, 15]
1546498462614;[171, 0, 17, 255, 161, 72, 68, 188, 180, 0, 0, 184, 1, 0, 33, 1, 0, 174, 11, 19]
1546498462617;[171, 0, 4, 255, 132, 128, 78]
1546498462621;[171, 0, 17, 255, 161, 72, 68, 188, 180, 0, 0, 183, 1, 0, 33, 1, 0, 177, 11, 14]
1546498462781;[171, 0, 17, 255, 161, 72, 68, 188, 180, 0, 0, 186, 1, 0, 34, 1, 0, 174, 11, 10]
1546498462784;[171, 0, 17, 255, 161, 72, 68, 188, 180, 0, 0, 184, 1, 0, 35, 1, 0, 176, 11, 3]
1546498462955;[171, 0, 17, 255, 161, 72, 68, 188, 180, 0, 0, 184, 1, 0, 34, 1, 0, 177, 10, 232]
1546498463125;[171, 0, 17, 255, 161, 72, 68, 188, 180, 0, 0, 184, 1, 0, 34, 1, 0, 174, 10, 216]
1546498463129;[171, 0, 17, 255, 161, 72, 68, 188, 180, 0, 0, 184, 1, 0, 34, 1, 0, 176, 10, 196]
1546498463297;[171, 0, 17, 255, 161, 72, 68, 188, 180, 0, 0, 179, 1, 0, 33, 1, 0, 181, 10, 170]
1546498463301;[171, 0, 17, 255, 161, 72, 68, 188, 180, 0, 0, 184, 1, 0, 35, 1, 0, 178, 10, 174]
1546498463471;[171, 0, 17, 255, 161, 72, 68, 188, 181, 0, 0, 184, 1, 0, 33, 1, 0, 177, 10, 168]
1546498463819;[171, 0, 17, 255, 161, 72, 68, 188, 183, 0, 0, 184, 1, 0, 34, 1, 0, 177, 11, 146]
1546498463823;[171, 0, 17, 255, 161, 72, 68, 188, 183, 0, 0, 182, 1, 0, 33, 1, 0, 176, 11, 156]
1546498463827;[171, 0, 17, 255, 161, 72, 68, 188, 183, 0, 0, 179, 1, 0, 33, 1, 0, 183, 11, 157]
1546498463990;[171, 0, 17, 255, 161, 72, 68, 188, 183, 0, 0, 181, 1, 0, 34, 1, 0, 181, 11, 148]
1546498464160;[171, 0, 17, 255, 161, 72, 68, 188, 183, 0, 0, 187, 1, 0, 35, 1, 0, 170, 11, 125]
1546498464334;[171, 0, 17, 255, 161, 72, 68, 188, 183, 0, 0, 184, 1, 0, 33, 1, 0, 173, 11, 145]
1546498464338;[171, 0, 17, 255, 161, 72, 68, 188, 183, 0, 0, 184, 1, 0, 35, 1, 0, 170, 11, 167]
1546498464505;[171, 0, 17, 255, 161, 72, 68, 188, 183, 0, 0, 185, 1, 0, 35, 1, 0, 170, 11, 149]
1546498464509;[171, 0, 17, 255, 161, 72, 68, 188, 184, 0, 0, 185, 1, 0, 35, 1, 0, 175, 11, 142]
1546498464678;[171, 0, 17, 255, 161, 72, 68, 188, 184, 0, 0, 187, 1, 0, 35, 1, 0, 171, 11, 144]
1546498464681;[171, 0, 4, 255, 132, 128, 78]
1546498465197;[171, 0, 17, 255, 161, 72, 68, 188, 184, 0, 0, 186, 1, 0, 35, 1, 0, 172, 11, 118]
1546498465201;[171, 0, 17, 255, 161, 72, 68, 188, 184, 0, 0, 183, 1, 0, 35, 1, 0, 171, 11, 105]
1546498465205;[171, 0, 17, 255, 161, 72, 68, 188, 184, 0, 0, 189, 1, 0, 37, 1, 0, 169, 11, 114]
1546498465209;[171, 0, 17, 255, 161, 72, 68, 188, 184, 0, 0, 181, 1, 0, 33, 1, 0, 171, 11, 136]
1546498465371;[171, 0, 17, 255, 161, 72, 68, 188, 184, 0, 0, 187, 1, 0, 35, 1, 0, 168, 11, 144]
1546498465375;[171, 0, 17, 255, 161, 72, 68, 188, 184, 0, 0, 184, 1, 0, 35, 1, 0, 174, 11, 137]
1546498465541;[171, 0, 17, 255, 161, 72, 68, 188, 184, 0, 0, 186, 1, 0, 34, 1, 0, 172, 11, 128]
1546498465545;[171, 0, 17, 255, 161, 72, 68, 188, 184, 0, 0, 185, 1, 0, 35, 1, 0, 169, 11, 121]
1546498465714;[171, 0, 17, 255, 161, 72, 68, 188, 185, 0, 0, 186, 1, 0, 35, 1, 0, 169, 11, 101]
1546498465718;[171, 0, 17, 255, 161, 72, 68, 188, 185, 0, 0, 191, 1, 0, 33, 1, 0, 169, 11, 88]
1546498465885;[171, 0, 4, 255, 132, 128, 78]
1546498465889;[171, 0, 17, 255, 161, 72, 68, 188, 185, 0, 0, 186, 1, 0, 37, 1, 0, 169, 11, 71]
1546498466405;[171, 0, 17, 255, 161, 72, 68, 188, 185, 0, 0, 184, 1, 0, 33, 1, 0, 171, 11, 39]
1546498466409;[171, 0, 17, 255, 161, 72, 68, 188, 185, 0, 0, 184, 1, 0, 33, 1, 0, 174, 11, 7]
1546498466413;[171, 0, 17, 255, 161, 72, 68, 188, 185, 0, 0, 187, 1, 0, 35, 1, 0, 174, 10, 231]
1546498466417;[171, 0, 17, 255, 161, 72, 68, 188, 185, 0, 0, 184, 1, 0, 34, 1, 0, 172, 10, 209]
1546498466576;[171, 0, 17, 255, 161, 72, 68, 188, 185, 0, 0, 186, 1, 0, 34, 1, 0, 172, 10, 183]
1546498466580;[171, 0, 17, 255, 161, 72, 68, 188, 185, 0, 0, 181, 1, 0, 33, 1, 0, 178, 10, 166]
1546498466584;[171, 0, 17, 255, 161, 72, 68, 188, 185, 0, 0, 181, 1, 0, 33, 1, 0, 175, 10, 187]
1546498466749;[171, 0, 17, 255, 161, 72, 68, 188, 186, 0, 0, 181, 1, 0, 35, 1, 0, 175, 10, 209]
1546498466920;[171, 0, 17, 255, 161, 72, 68, 188, 186, 0, 0, 181, 1, 0, 34, 1, 0, 176, 10, 201]
1546498466924;[171, 0, 4, 255, 132, 128, 79]
1546498467093;[171, 0, 17, 255, 161, 72, 68, 188, 186, 0, 0, 185, 1, 0, 35, 1, 0, 176, 10, 198]
1546498467097;[171, 0, 17, 255, 161, 72, 68, 188, 186, 0, 0, 184, 1, 0, 35, 1, 0, 174, 10, 190]
1546498467266;[171, 0, 17, 255, 161, 72, 68, 188, 186, 0, 0, 184, 1, 0, 33, 1, 0, 178, 10, 163]
1546498467612;[171, 0, 17, 255, 161, 72, 68, 188, 186, 0, 0, 183, 1, 0, 34, 1, 0, 180, 10, 136]
1546498467616;[171, 0, 17, 255, 161, 72, 68, 188, 186, 0, 0, 186, 1, 0, 34, 1, 0, 172, 10, 163]
1546498467784;[171, 0, 17, 255, 161, 72, 68, 188, 186, 0, 0, 183, 1, 0, 33, 1, 0, 175, 10, 168]
1546498467788;[171, 0, 17, 255, 161, 72, 68, 188, 186, 0, 0, 183, 1, 0, 34, 1, 0, 175, 10, 159]
1546498467792;[171, 0, 17, 255, 161, 72, 68, 188, 186, 0, 0, 183, 1, 0, 34, 1, 0, 175, 10, 137]
1546498467796;[171, 0, 17, 255, 161, 72, 68, 188, 187, 0, 0, 183, 1, 0, 35, 1, 0, 175, 10, 112]
1546498467955;[171, 0, 17, 255, 161, 72, 68, 188, 187, 0, 0, 181, 1, 0, 34, 1, 0, 175, 10, 72]
1546498468129;[171, 0, 4, 255, 132, 128, 79]
1546498468133;[171, 0, 17, 255, 161, 72, 68, 188, 187, 0, 0, 181, 1, 0, 34, 1, 0, 176, 10, 45]
1546498468302;[171, 0, 17, 255, 161, 72, 68, 188, 187, 0, 0, 186, 1, 0, 34, 1, 0, 172, 10, 17]
1546498468306;[171, 0, 17, 255, 161, 72, 68, 188, 187, 0, 0, 186, 1, 0, 34, 1, 0, 174, 10, 24]
1546498468474;[171, 0, 17, 255, 161, 72, 68, 188, 187, 0, 0, 181, 1, 0, 34, 1, 0, 175, 10, 10]
1546498468478;[171, 0, 17, 255, 161, 72, 68, 188, 187, 0, 0, 185, 1, 0, 35, 1, 0, 173, 9, 244]
1546498468645;[171, 0, 17, 255, 161, 72, 68, 188, 187, 0, 0, 183, 1, 0, 35, 1, 0, 173, 9, 221]
1546498468993;[171, 0, 17, 255, 161, 72, 68, 188, 187, 0, 0, 183, 1, 0, 34, 1, 0, 176, 9, 188]
1546498468998;[171, 0, 17, 255, 161, 72, 68, 188, 187, 0, 0, 184, 1, 0, 34, 1, 0, 174, 9, 157]
1546498469002;[171, 0, 17, 255, 161, 72, 68, 188, 192, 0, 0, 179, 1, 0, 34, 1, 0, 177, 9, 123]
1546498469006;[171, 0, 17, 255, 161, 72, 68, 188, 192, 0, 0, 183, 1, 0, 34, 1, 0, 175, 9, 87]
1546498469162;[171, 0, 4, 255, 132, 128, 79]
1546498469336;[171, 0, 17, 255, 161, 72, 68, 188, 192, 0, 0, 179, 1, 0, 34, 1, 0, 175, 9, 67]
1546498469340;[171, 0, 17, 255, 161, 72, 68, 188, 192, 0, 0, 181, 1, 0, 33, 1, 0, 177, 9, 55]
1546498469509;[171, 0, 17, 255, 161, 72, 68, 188, 192, 0, 0, 183, 1, 0, 33, 1, 0, 180, 9, 31]
1546498469513;[171, 0, 17, 255, 161, 72, 68, 188, 192, 0, 0, 178, 1, 0, 35, 1, 0, 178, 9, 13]
1546498469681;[171, 0, 17, 255, 161, 72, 68, 188, 192, 0, 0, 171, 1, 0, 34, 1, 0, 183, 8, 236]
1546498469685;[171, 0, 17, 255, 161, 72, 68, 188, 192, 0, 0, 178, 1, 0, 35, 1, 0, 183, 8, 214]
1546498469852;[171, 0, 17, 255, 161, 72, 68, 188, 192, 0, 0, 182, 1, 0, 34, 1, 0, 180, 8, 203]
1546498470200;[171, 0, 17, 255, 161, 72, 68, 188, 192, 0, 0, 181, 1, 0, 35, 1, 0, 171, 8, 193]
1546498470204;[171, 0, 17, 255, 161, 72, 68, 188, 193, 0, 0, 185, 1, 0, 35, 1, 0, 172, 8, 213]
1546498470209;[171, 0, 17, 255, 161, 72, 68, 188, 193, 0, 0, 194, 1, 0, 35, 1, 0, 166, 8, 245]
1546498470213;[171, 0, 4, 255, 132, 128, 79]
1546498470371;[171, 0, 17, 255, 161, 72, 68, 188, 193, 0, 0, 184, 1, 0, 35, 1, 0, 170, 9, 2]
1546498470375;[171, 0, 17, 255, 161, 72, 68, 188, 193, 0, 0, 183, 1, 0, 33, 1, 0, 174, 9, 0]
1546498470543;[171, 0, 17, 255, 161, 72, 68, 188, 193, 0, 0, 186, 1, 0, 34, 1, 0, 175, 8, 246]
1546498470717;[171, 0, 17, 255, 161, 72, 68, 188, 193, 0, 0, 184, 1, 0, 33, 1, 0, 172, 8, 229]
