1546498470720;[171, 0, 17, 255, 161, 72, 68, 188, 193, 0, 0, 184, 1, 0, 35, 1, 0, 173, 8, 215]
1546498470889;[171, 0, 17, 255, 161, 72, 68, 188, 193, 0, 0, 184, 1, 0, 35, 1, 0, 181, 8, 199]
1546498471062;[171, 0, 17, 255, 161, 72, 68, 188, 193, 0, 0, 179, 1, 0, 34, 1, 0, 179, 8, 183]
1546498471066;[171, 0, 17, 255, 161, 72, 68, 188, 193, 0, 0, 183, 1, 0, 34, 1, 0, 175, 8, 202]
1546498471580;[171, 0, 17, 255, 161, 72, 68, 188, 194, 0, 0, 181, 1, 0, 34, 1, 0, 176, 8, 212]
1546498471587;[171, 0, 17, 255, 161, 72, 68, 188, 194, 0, 0, 181, 1, 0, 35, 1, 0, 174, 8, 212]
1546498471592;[171, 0, 4, 255, 132, 128, 79]
1546498471597;[171, 0, 17, 255, 161, 72, 68, 188, 194, 0, 0, 187, 1, 0, 34, 1, 0, 171, 8, 234]
1546498473720;[171, 0, 17, 255, 161, 72, 68, 188, 194, 0, 0, 178, 1, 0, 33, 1, 0, 184, 8, 219]
1546498473722;[171, 0, 17, 255, 161, 72, 68, 188, 194, 0, 0, 192, 1, 0, 34, 1, 0, 171, 8, 208]
1546498473724;[171, 0, 17, 255, 161, 72, 68, 188, 194, 0, 0, 181, 1, 0, 34, 1, 0, 178, 8, 193]
1546498473725;[171, 0, 17, 255, 161, 72, 68, 188, 194, 0, 0, 181, 1, 0, 34, 1, 0, 179, 8, 193]
1546498473727;[171, 0, 17, 255, 161, 72, 68, 188, 194, 0, 0, 183, 1, 0, 35, 1, 0, 178, 8, 231]
1546498473731;[171, 0, 17, 255, 161, 72, 68, 188, 194, 0, 0, 184, 1, 0, 34, 1, 0, 175, 9, 3]
1546498473733;[171, 0, 17, 255, 161, 72, 68, 188, 194, 0, 0, 185, 1, 0, 34, 1, 0, 175, 9, 12]
1546498473734;[171, 0, 17, 255, 161, 72, 68, 188, 195, 0, 0, 183, 1, 0, 35, 1, 0, 178, 9, 16]
1546498473736;[171, 0, 17, 255, 161, 72, 68, 188, 195, 0, 0, 183, 1, 0, 34, 1, 0, 176, 9, 25]
1546498473737;[171, 0, 4, 255, 132, 128, 79]
1546498473740;[171, 0, 17, 255, 161, 72, 68, 188, 195, 0, 0, 181, 1, 0, 34, 1, 0, 176, 9, 16]
1546498473741;[171, 0, 17, 255, 161, 72, 68, 188, 195, 0, 0, 179, 1, 0, 35, 1, 0, 178, 8, 248]
1546498473743;[171, 0, 17, 255, 161, 72, 68, 188, 195, 0, 0, 184, 1, 0, 35, 1, 0, 176, 9, 2]
1546498473745;[171, 0, 17, 255, 161, 72, 68, 188, 195, 0, 0, 184, 1, 0, 35, 1, 0, 175, 9, 45]
1546498473746;[171, 0, 17, 255, 161, 72, 68, 188, 195, 0, 0, 181, 1, 0, 33, 1, 0, 177, 9, 58]
1546498473751;[171, 0, 17, 255, 161, 72, 68, 188, 195, 0, 0, 184, 1, 0, 33, 1, 0, 177, 9, 83]
1546498473753;[171, 0, 17, 255, 161, 72, 68, 188, 195, 0, 0, 184, 1, 0, 34, 1, 0, 177, 9, 97]
1546498473755;[171, 0, 17, 255, 161, 72, 68, 188, 195, 0, 0, 181, 1, 0, 35, 1, 0, 172, 9, 108]
1546498473757;[171, 0, 17, 255, 161, 72, 68, 188, 196, 0, 0, 181, 1, 0, 35, 1, 0, 175, 9, 118]
1546498473759;[171, 0, 17, 255, 161, 72, 68, 188, 196, 0, 0, 183, 1, 0, 34, 1, 0, 175, 9, 129]
1546498473760;[171, 0, 4, 255, 132, 128, 78]
1546498473763;[171, 0, 17, 255, 161, 72, 68, 188, 196, 0, 0, 183, 1, 0, 34, 1, 0, 175, 9, 140]
1546498473996;[171, 0, 17, 255, 161, 72, 68, 188, 196, 0, 0, 185, 1, 0, 33, 1, 0, 175, 9, 181]
1546498474001;[171, 0, 17, 255, 161, 72, 68, 188, 196, 0, 0, 184, 1, 0, 34, 1, 0, 181, 9, 204]
1546498474005;[171, 0, 17, 255, 161, 72, 68, 188, 196, 0, 0, 178, 1, 0, 34, 1, 0, 178, 9, 215]
1546498474010;[171, 0, 17, 255, 161, 72, 68, 188, 196, 0, 0, 184, 1, 0, 35, 1, 0, 177, 9, 234]
1546498474166;[171, 0, 17, 255, 161, 72, 68, 188, 196, 0, 0, 179, 1, 0, 34, 1, 0, 175, 9, 228]
1546498474339;[171, 0, 17, 255, 161, 72, 68, 188, 196, 0, 0, 183, 1, 0, 34, 1, 0, 178, 9, 227]
1546498474343;[171, 0, 17, 255, 161, 72, 68, 188, 196, 0, 0, 183, 1, 0, 34, 1, 0, 174, 9, 212]
1546498474511;[171, 0, 17, 255, 161, 72, 68, 188, 197, 0, 0, 183, 1, 0, 34, 1, 0, 175, 9, 232]
1546498474515;[171, 0, 17, 255, 161, 72, 68, 188, 197, 0, 0, 184, 1, 0, 34, 1, 0, 177, 10, 23]
1546498474685;[171, 0, 4, 255, 132, 128, 78]
1546498474689;[171, 0, 17, 255, 161, 72, 68, 188, 197, 0, 0, 186, 1, 0, 35, 1, 0, 177, 10, 44]
1546498474858;[171, 0, 17, 255, 161, 72, 68, 188, 197, 0, 0, 178, 1, 0, 33, 1, 0, 175, 10, 52]
1546498475029;[171, 0, 17, 255, 161, 72, 68, 188, 197, 0, 0, 181, 1, 0, 33, 1, 0, 180, 10, 53]
1546498475033;[171, 0, 17, 255, 161, 72, 68, 188, 197, 0, 0, 183, 1, 0, 33, 1, 0, 175, 10, 53]
1546498475374;[171, 0, 17, 255, 161, 72, 68, 188, 197, 0, 0, 186, 1, 0, 35, 1, 0, 176, 10, 37]
1546498475378;[171, 0, 17, 255, 161, 72, 68, 188, 197, 0, 0, 181, 1, 0, 33, 1, 0, 177, 10, 14]
1546498475383;[171, 0, 17, 255, 161, 72, 68, 188, 197, 0, 0, 186, 1, 0, 34, 1, 0, 175, 10, 30]
1546498475387;[171, 0, 17, 255, 161, 72, 68, 188, 197, 0, 0, 181, 1, 0, 35, 1, 0, 178, 10, 65]
1546498475719;[171, 0, 17, 255, 161, 72, 68, 188, 198, 0, 0, 179, 1, 0, 30, 1, 0, 179, 10, 63]
1546498475723;[171, 0, 17, 255, 161, 72, 68, 188, 198, 0, 0, 183, 1, 0, 35, 1, 0, 177, 10, 67]
1546498475728;[171, 0, 4, 255, 132, 128, 78]
1546498475892;[171, 0, 17, 255, 161, 72, 68, 188, 198, 0, 0, 184, 1, 0, 34, 1, 0, 176, 10, 66]
1546498475896;[171, 0, 17, 255, 161, 72, 68, 188, 198, 0, 0, 183, 1, 0, 34, 1, 0, 177, 10, 53]
1546498476063;[171, 0, 17, 255, 161, 72, 68, 188, 198, 0, 0, 186, 1, 0, 35, 1, 0, 172, 10, 51]
1546498476237;[171, 0, 17, 255, 161, 72, 68, 188, 198, 0, 0, 183, 1, 0, 34, 1, 0, 177, 10, 16]
1546498476240;[171, 0, 17, 255, 161, 72, 68, 188, 198, 0, 0, 183, 1, 0, 34, 1, 0, 176, 10, 22]
1546498476583;[171, 0, 17, 255, 161, 72, 68, 188, 198, 0, 0, 181, 1, 0, 34, 1, 0, 176, 10, 59]
1546498476587;[171, 0, 17, 255, 161, 72, 68, 188, 198, 0, 0, 183, 1, 0, 34, 1, 0, 176, 10, 66]
1546498476592;[171, 0, 17, 255, 161, 72, 68, 188, 198, 0, 0, 184, 1, 0, 34, 1, 0, 176, 10, 69]
1546498476596;[171, 0, 17, 255, 161, 72, 68, 188, 199, 0, 0, 183, 1, 0, 33, 1, 0, 175, 10, 61]
1546498476752;[171, 0, 17, 255, 161, 72, 68, 188, 199, 0, 0, 179, 1, 0, 33, 1, 0, 180, 10, 42]
1546498476926;[171, 0, 4, 255, 132, 128, 77]
1546498476930;[171, 0, 17, 255, 161, 72, 68, 188, 199, 0, 0, 185, 1, 0, 34, 1, 0, 174, 10, 20]
1546498477098;[171, 0, 17, 255, 161, 72, 68, 188, 199, 0, 0, 184, 1, 0, 33, 1, 0, 178, 9, 255]
1546498477102;[171, 0, 17, 255, 161, 72, 68, 188, 199, 0, 0, 183, 1, 0, 33, 1, 0, 181, 9, 243]
1546498477271;[171, 0, 17, 255, 161, 72, 68, 188, 199, 0, 0, 185, 1, 0, 34, 1, 0, 176, 10, 8]
1546498477276;[171, 0, 17, 255, 161, 72, 68, 188, 199, 0, 0, 181, 1, 0, 33, 1, 0, 180, 10, 1]
1546498477962;[171, 0, 17, 255, 161, 72, 68, 188, 199, 0, 0, 184, 1, 0, 34, 1, 0, 174, 9, 250]
1546498477966;[171, 0, 17, 255, 161, 72, 68, 188, 199, 0, 0, 184, 1, 0, 35, 1, 0, 176, 9, 244]
1546498477972;[171, 0, 17, 255, 161, 72, 68, 188, 199, 0, 0, 185, 1, 0, 35, 1, 0, 175, 9, 244]
1546498477975;[171, 0, 17, 255, 161, 72, 68, 188, 200, 0, 0, 179, 1, 0, 34, 1, 0, 178, 9, 229]
1546498478137;[171, 0, 17, 255, 161, 72, 68, 188, 200, 0, 0, 183, 1, 0, 34, 1, 0, 175, 9, 225]
1546498478140;[171, 0, 4, 255, 132, 128, 77]
1546498478145;[171, 0, 17, 255, 161, 72, 68, 188, 200, 0, 0, 181, 1, 0, 34, 1, 0, 175, 9, 213]
1546498478149;[171, 0, 17, 255, 161, 72, 68, 188, 200, 0, 0, 179, 1, 0, 33, 1, 0, 177, 9, 234]
1546498478309;[171, 0, 17, 255, 161, 72, 68, 188, 200, 0, 0, 184, 1, 0, 33, 1, 0, 175, 9, 236]
1546498478313;[171, 0, 17, 255, 161, 72, 68, 188, 200, 0, 0, 181, 1, 0, 33, 1, 0, 176, 9, 233]
1546498478477;[171, 0, 17, 255, 161, 72, 68, 188, 200, 0, 0, 181, 1, 0, 33, 1, 0, 178, 9, 232]
1546498478481;[171, 0, 17, 255, 161, 72, 68, 188, 200, 0, 0, 184, 1, 0, 34, 1, 0, 174, 9, 217]
1546498478652;[171, 0, 17, 255, 161, 72, 68, 188, 200, 0, 0, 183, 1, 0, 34, 1, 0, 181, 9, 193]
1546498478823;[171, 0, 17, 255, 161, 72, 68, 188, 200, 0, 0, 179, 1, 0, 33, 1, 0, 178, 9, 172]
1546498478827;[171, 0, 17, 255, 161, 72, 68, 188, 201, 0, 0, 183, 1, 0, 34, 1, 0, 175, 9, 181]
1546498479171;[171, 0, 17, 255, 161, 72, 68, 188, 201, 0, 0, 182, 1, 0, 34, 1, 0, 175, 9, 189]
1546498479175;[171, 0, 4, 255, 132, 128, 77]
1546498479180;[171, 0, 17, 255, 161, 72, 68, 188, 201, 0, 0, 179, 1, 0, 34, 1, 0, 180, 9, 176]
1546498479184;[171, 0, 17, 255, 161, 72, 68, 188, 201, 0, 0, 183, 1, 0, 34, 1, 0, 174, 9, 176]
1546498479341;[171, 0, 17, 255, 161, 72, 68, 188, 201, 0, 0, 178, 1, 0, 33, 1, 0, 178, 9, 152]
1546498479514;[171, 0, 17, 255, 161, 72, 68, 188, 201, 0, 0, 183, 1, 0, 35, 1, 0, 178, 9, 141]
1546498479518;[171, 0, 17, 255, 161, 72, 68, 188, 201, 0, 0, 184, 1, 0, 34, 1, 0, 176, 9, 116]
1546498479686;[171, 0, 17, 255, 161, 72, 68, 188, 201, 0, 0, 183, 1, 0, 33, 1, 0, 176, 9, 89]
1546498479690;[171, 0, 17, 255, 161, 72, 68, 188, 201, 0, 0, 183, 1, 0, 34, 1, 0, 174, 9, 117]
1546498479857;[171, 0, 17, 255, 161, 72, 68, 188, 201, 0, 0, 183, 1, 0, 33, 1, 0, 174, 9, 131]
1546498480030;[171, 0, 17, 255, 161, 72, 68, 188, 202, 0, 0, 179, 1, 0, 33, 1, 0, 178, 9, 130]
1546498480034;[171, 0, 17, 255, 161, 72, 68, 188, 202, 0, 0, 183, 1, 0, 34, 1, 0, 177, 9, 125]
1546498480550;[171, 0, 4, 255, 132, 128, 77]
1546498480554;[171, 0, 17, 255, 161, 72, 68, 188, 202, 0, 0, 181, 1, 0, 35, 1, 0, 179, 9, 108]
1546498480559;[171, 0, 17, 255, 161, 72, 68, 188, 202, 0, 0, 181, 1, 0, 34, 1, 0, 178, 9, 88]
1546498480563;[171, 0, 17, 255, 161, 72, 68, 188, 202, 0, 0, 186, 1, 0, 34, 1, 0, 178, 9, 59]
1546498480721;[171, 0, 17, 255, 161, 72, 68, 188, 202, 0, 0, 181, 1, 0, 34, 1, 0, 183, 9, 30]
1546498480725;[171, 0, 17, 255, 161, 72, 68, 188, 202, 0, 0, 181, 1, 0, 33, 1, 0, 181, 9, 34]
1546498480729;[171, 0, 17, 255, 161, 72, 68, 188, 202, 0, 0, 181, 1, 0, 34, 1, 0, 180, 9, 32]
1546498480893;[171, 0, 17, 255, 161, 72, 68, 188, 202, 0, 0, 179, 1, 0, 34, 1, 0, 175, 9, 24]
1546498480897;[171, 0, 17, 255, 161, 72, 68, 188, 202, 0, 0, 178, 1, 0, 34, 1, 0, 178, 9, 10]
1546498481065;[171, 0, 17, 255, 161, 72, 68, 188, 203, 0, 0, 184, 1, 0, 34, 1, 0, 177, 8, 254]
1546498481238;[171, 0, 17, 255, 161, 72, 68, 188, 203, 0, 0, 181, 1, 0, 33, 1, 0, 181, 8, 233]
1546498481242;[171, 0, 4, 255, 132, 128, 77]
1546498481412;[171, 0, 17, 255, 161, 72, 68, 188, 203, 0, 0, 178, 1, 0, 33, 1, 0, 179, 8, 223]
1546498481416;[171, 0, 17, 255, 161, 72, 68, 188, 203, 0, 0, 181, 1, 0, 33, 1, 0, 175, 8, 206]
1546498481757;[171, 0, 17, 255, 161, 72, 68, 188, 203, 0, 0, 183, 1, 0, 34, 1, 0, 176, 8, 220]
1546498481761;[171, 0, 17, 255, 161, 72, 68, 188, 203, 0, 0, 183, 1, 0, 31, 1, 0, 178, 8, 242]
1546498481765;[171, 0, 17, 255, 161, 72, 68, 188, 203, 0, 0, 183, 1, 0, 33, 1, 0, 177, 8, 242]
1546498481930;[171, 0, 17, 255, 161, 72, 68, 188, 203, 0, 0, 181, 1, 0, 33, 1, 0, 180, 8, 237]
1546498481934;[171, 0, 17, 255, 161, 72, 68, 188, 203, 0, 0, 181, 1, 0, 34, 1, 0, 178, 8, 225]
1546498482101;[171, 0, 17, 255, 161, 72, 68, 188, 203, 0, 0, 181, 1, 0, 34, 1, 0, 175, 8, 201]
1546498482105;[171, 0, 17, 255, 161, 72, 68, 188, 204, 0, 0, 184, 1, 0, 33, 1, 0, 185, 8, 178]
1546498482273;[171, 0, 17, 255, 161, 72, 68, 188, 204, 0, 0, 197, 1, 0, 26, 1, 0, 212, 8, 142]
1546498482277;[171, 0, 4, 255, 132, 128, 76]
1546498482445;[171, 0, 17, 255, 161, 72, 68, 188, 204, 0, 0, 186, 0, 0, 62, 1, 0, 239, 6, 216]
1546498482618;[171, 0, 17, 255, 161, 72, 68, 188, 204, 0, 0, 94, 0, 0, 47, 1, 1, 9, 6, 216]
1546498482624;[171, 0, 17, 255, 161, 72, 68, 188, 204, 0, 0, 28, 1, 0, 29, 1, 0, 111, 6, 216]
1546498482964;[171, 0, 17, 255, 161, 72, 68, 188, 204, 0, 1, 28, 1, 0, 210, 1, 0, 106, 6, 236]
1546498482968;[171, 0, 17, 255, 161, 72, 68, 188, 204, 0, 0, 181, 1, 0, 127, 1, 0, 216, 4, 33]
1546498482972;[171, 0, 17, 255, 161, 72, 68, 188, 204, 0, 0, 99, 1, 0, 16, 1, 1, 13, 1, 200]
1546498483137;[171, 0, 17, 255, 161, 72, 68, 188, 204, 0, 0, 67, 0, 0, 33, 1, 0, 177, 16, 0]
1546498483141;[171, 0, 17, 255, 161, 72, 68, 188, 204, 0, 0, 127, 0, 0, 29, 1, 0, 227, 7, 1]
1546498483310;[171, 0, 17, 255, 161, 72, 68, 188, 205, 0, 0, 69, 0, 0, 3, 0, 0, 64, 8, 12]
1546498483314;[171, 0, 17, 255, 161, 72, 68, 188, 205, 0, 1, 102, 1, 0, 31, 1, 0, 26, 8, 216]
1546498483480;[171, 0, 4, 255, 132, 128, 76]
1546498483484;[171, 0, 17, 255, 161, 72, 68, 188, 205, 0, 1, 58, 1, 0, 30, 1, 0, 17, 8, 228]
1546498483653;[171, 0, 17, 255, 161, 72, 68, 188, 205, 0, 0, 240, 1, 0, 24, 1, 0, 8, 9, 20]
1546498483825;[171, 0, 17, 255, 161, 72, 68, 188, 205, 0, 0, 200, 1, 0, 33, 0, 0, 1, 9, 56]
1546498483829;[171, 0, 17, 255, 161, 72, 68, 188, 205, 0, 1, 52, 1, 0, 34, 0, 0, 14, 9, 122]
1546498483998;[171, 0, 17, 255, 161, 72, 68, 188, 205, 0, 0, 162, 1, 0, 52, 0, 0, 44, 9, 132]
1546498484002;[171, 0, 17, 255, 161, 72, 68, 188, 205, 0, 1, 24, 1, 0, 71, 0, 0, 14, 9, 126]
1546498484345;[171, 0, 17, 255, 161, 72, 68, 188, 205, 0, 1, 6, 1, 0, 56, 0, 0, 21, 9, 165]
1546498484349;[171, 0, 17, 255, 161, 72, 68, 188, 205, 0, 0, 244, 1, 0, 62, 0, 0, 9, 9, 184]
1546498484353;[171, 0, 17, 255, 161, 72, 68, 188, 206, 0, 0, 247, 1, 0, 71, 0, 0, 10, 9, 182]
1546498484516;[171, 0, 17, 255, 161, 72, 68, 188, 206, 0, 0, 237, 1, 0, 62, 0, 0, 17, 10, 1]
1546498484520;[171, 0, 4, 255, 132, 128, 76]
1546498484690;[171, 0, 17, 255, 161, 72, 68, 188, 206, 0, 0, 246, 1, 0, 61, 0, 0, 14, 10, 30]
1546498484694;[171, 0, 17, 255, 161, 72, 68, 188, 206, 0, 0, 238, 1, 0, 58, 0, 0, 2, 9, 188]
1546498484861;[171, 0, 17, 255, 161, 72, 68, 188, 206, 0, 0, 239, 1, 0, 65, 0, 0, 21, 9, 179]
1546498485034;[171, 0, 17, 255, 161, 72, 68, 188, 206, 0, 1, 5, 1, 0, 60, 0, 0, 36, 9, 224]
1546498485038;[171, 0, 17, 255, 161, 72, 68, 188, 206, 0, 0, 253, 1, 0, 60, 0, 0, 53, 9, 233]
1546498485206;[171, 0, 17, 255, 161, 72, 68, 188, 206, 0, 0, 251, 1, 0, 57, 0, 0, 57, 10, 22]
1546498485210;[171, 0, 17, 255, 161, 72, 68, 188, 206, 0, 0, 244, 1, 0, 59, 0, 0, 46, 10, 20]
1546498485551;[171, 0, 17, 255, 161, 72, 68, 188, 206, 0, 0, 242, 1, 0, 59, 0, 0, 41, 10, 30]
1546498485555;[171, 0, 17, 255, 161, 72, 68, 188, 207, 0, 0, 248, 1, 0, 64, 0, 0, 66, 10, 95]
1546498485724;[171, 0, 17, 255, 161, 72, 68, 188, 209, 0, 0, 237, 1, 0, 65, 0, 0, 32, 12, 185]
1546498485728;[171, 0, 17, 255, 161, 72, 68, 188, 209, 0, 0, 246, 1, 0, 62, 0, 0, 64, 12, 158]
1546498485896;[171, 0, 17, 255, 161, 72, 68, 188, 209, 0, 0, 246, 1, 0, 61, 0, 0, 77, 12, 70]
1546498486069;[171, 0, 17, 255, 161, 72, 68, 188, 209, 0, 0, 236, 1, 0, 64, 0, 0, 76, 12, 50]
1546498486240;[171, 0, 17, 255, 161, 72, 68, 188, 209, 0, 0, 243, 1, 0, 61, 0, 0, 78, 12, 50]
1546498486244;[171, 0, 17, 255, 161, 72, 68, 188, 209, 0, 0, 241, 1, 0, 60, 0, 0, 77, 12, 100]
1546498486413;[171, 0, 17, 255, 161, 72, 68, 188, 209, 0, 0, 245, 1, 0, 59, 0, 0, 76, 12, 142]
1546498486417;[171, 0, 17, 255, 161, 72, 68, 188, 209, 0, 0, 243, 1, 0, 61, 0, 0, 57, 12, 167]
1546498486586;[171, 0, 17, 255, 161, 72, 68, 188, 210, 0, 0, 245, 1, 0, 62, 0, 0, 53, 12, 214]
1546498486590;[171, 0, 17, 255, 161, 72, 68, 188, 210, 0, 0, 237, 1, 0, 65, 0, 0, 51, 13, 3]
1546498486931;[171, 0, 4, 255, 132, 128, 76]
1546498486935;[171, 0, 17, 255, 161, 72, 68, 188, 210, 0, 0, 246, 1, 0, 60, 0, 0, 46, 13, 3]
1546498486939;[171, 0, 17, 255, 161, 72, 68, 188, 210, 0, 0, 244, 1, 0, 62, 0, 0, 45, 13, 53]
1546498487105;[171, 0, 17, 255, 161, 72, 68, 188, 210, 0, 0, 245, 1, 0, 64, 0, 0, 36, 13, 150]
1546498487106;[171, 0, 17, 255, 161, 72, 68, 188, 210, 0, 0, 243, 1, 0, 64, 0, 0, 36, 13, 229]
1546498487277;[171, 0, 17, 255, 161, 72, 68, 188, 210, 0, 0, 244, 1, 0, 64, 0, 0, 34, 14, 16]
1546498487281;[171, 0, 17, 255, 161, 72, 68, 188, 210, 0, 0, 246, 1, 0, 62, 0, 0, 36, 14, 60]
1546498487448;[171, 0, 17, 255, 161, 72, 68, 188, 210, 0, 0, 243, 1, 0, 64, 0, 0, 35, 14, 77]
1546498487620;[171, 0, 17, 255, 161, 72, 68, 188, 210, 0, 0, 243, 1, 0, 65, 0, 0, 34, 14, 80]
1546498487624;[171, 0, 17, 255, 161, 72, 68, 188, 211, 0, 0, 246, 1, 0, 64, 0, 0, 34, 14, 71]
1546498487793;[171, 0, 17, 255, 161, 72, 68, 188, 211, 0, 0, 243, 1, 0, 64, 0, 0, 32, 14, 115]
1546498487796;[171, 0, 4, 255, 132, 128, 75]
1546498488139;[171, 0, 17, 255, 161, 72, 68, 188, 211, 0, 0, 243, 1, 0, 65, 0, 0, 30, 14, 180]
1546498488143;[171, 0, 17, 255, 161, 72, 68, 188, 211, 0, 0, 246, 1, 0, 65, 0, 0, 34, 14, 227]
1546498488147;[171, 0, 17, 255, 161, 72, 68, 188, 211, 0, 0, 247, 1, 0, 64, 0, 0, 27, 14, 242]
1546498488312;[171, 0, 17, 255, 161, 72, 68, 188, 211, 0, 0, 243, 1, 0, 66, 0, 0, 20, 14, 249]
1546498488316;[171, 0, 17, 255, 161, 72, 68, 188, 211, 0, 0, 244, 1, 0, 67, 0, 0, 14, 14, 230]
1546498488483;[171, 0, 17, 255, 161, 72, 68, 188, 211, 0, 0, 246, 1, 0, 64, 0, 0, 11, 14, 224]
1546498488487;[171, 0, 17, 255, 161, 72, 68, 188, 211, 0, 0, 246, 1, 0, 67, 0, 0, 12, 14, 209]
1546498488656;[171, 0, 17, 255, 161, 72, 68, 188, 211, 0, 0, 246, 1, 0, 69, 0, 0, 7, 15, 0]
1546498488830;[171, 0, 17, 255, 161, 72, 68, 188, 212, 0, 0, 240, 1, 0, 70, 0, 0, 12, 14, 174]
1546498488834;[171, 0, 17, 255, 161, 72, 68, 188, 212, 0, 0, 245, 1, 0, 66, 0, 0, 4, 14, 86]
1546498489000;[171, 0, 4, 255, 132, 128, 76]
1546498489005;[171, 0, 17, 255, 161, 72, 68, 188, 212, 0, 0, 250, 1, 0, 71, 0, 0, 27, 14, 5]
1546498489519;[171, 0, 17, 255, 161, 72, 68, 188, 212, 0, 0, 245, 1, 0, 70, 0, 0, 15, 13, 167]
1546498489523;[171, 0, 17, 255, 161, 72, 68, 188, 212, 0, 0, 244, 1, 0, 65, 0, 0, 11, 13, 76]
1546498489528;[171, 0, 17, 255, 161, 72, 68, 188, 212, 0, 0, 251, 1, 0, 66, 0, 0, 21, 13, 22]
1546498489532;[171, 0, 17, 255, 161, 72, 68, 188, 212, 0, 0, 240, 1, 0, 66, 0, 0, 17, 12, 201]
1546498489691;[171, 0, 17, 255, 161, 72, 68, 188, 212, 0, 0, 251, 1, 0, 71, 0, 0, 20, 12, 226]
1546498489695;[171, 0, 17, 255, 161, 72, 68, 188, 212, 0, 0, 240, 1, 0, 71, 0, 0, 11, 12, 234]
1546498489700;[171, 0, 17, 255, 161, 72, 68, 188, 212, 0, 0, 243, 1, 0, 65, 0, 0, 12, 12, 236]
1546498489864;[171, 0, 17, 255, 161, 72, 68, 188, 213, 0, 0, 246, 1, 0, 66, 0, 0, 14, 12, 239]
1546498490035;[171, 0, 17, 255, 161, 72, 68, 188, 213, 0, 0, 246, 1, 0, 66, 0, 0, 11, 13, 0]
1546498490039;[171, 0, 4, 255, 132, 128, 76]
1546498490210;[171, 0, 17, 255, 161, 72, 68, 188, 213, 0, 0, 245, 1, 0, 66, 0, 0, 11, 13, 11]
1546498490215;[171, 0, 17, 255, 161, 72, 68, 188, 213, 0, 0, 244, 1, 0, 66, 0, 0, 12, 13, 29]
1546498490380;[171, 0, 17, 255, 161, 72, 68, 188, 213, 0, 0, 241, 1, 0, 66, 0, 0, 17, 13, 48]
1546498490384;[171, 0, 17, 255, 161, 72, 68, 188, 213, 0, 0, 246, 1, 0, 63, 0, 0, 20, 13, 114]
1546498490728;[171, 0, 17, 255, 161, 72, 68, 188, 213, 0, 0, 241, 1, 0, 66, 0, 0, 13, 13, 195]
1546498490734;[171, 0, 17, 255, 161, 72, 68, 188, 213, 0, 0, 247, 1, 0, 64, 0, 0, 26, 13, 252]
1546498490737;[171, 0, 17, 255, 161, 72, 68, 188, 213, 0, 0, 246, 1, 0, 62, 0, 0, 26, 14, 35]
1546498490898;[171, 0, 17, 255, 161, 72, 68, 188, 213, 0, 0, 244, 1, 0, 64, 0, 0, 22, 14, 60]
1546498490902;[171, 0, 17, 255, 161, 72, 68, 188, 214, 0, 0, 246, 1, 0, 62, 0, 0, 24, 14, 73]
1546498491070;[171, 0, 17, 255, 161, 72, 68, 188, 214, 0, 0, 246, 1, 0, 64, 0, 0, 22, 14, 60]
1546498491074;[171, 0, 4, 255, 132, 128, 76]
1546498491243;[171, 0, 17, 255, 161, 72, 68, 188, 214, 0, 0, 244, 1, 0, 64, 0, 0, 24, 14, 63]
1546498491416;[171, 0, 17, 255, 161, 72, 68, 188, 214, 0, 0, 246, 1, 0, 64, 0, 0, 29, 14, 59]
1546498491420;[171, 0, 17, 255, 161, 72, 68, 188, 214, 0, 0, 246, 1, 0, 65, 0, 0, 23, 14, 115]
1546498491590;[171, 0, 17, 255, 161, 72, 68, 188, 214, 0, 0, 246, 1, 0, 65, 0, 0, 27, 14, 118]
1546498491594;[171, 0, 17, 255, 161, 72, 68, 188, 214, 0, 0, 244, 1, 0, 64, 0, 0, 28, 14, 114]
1546498491934;[171, 0, 17, 255, 161, 72, 68, 188, 214, 0, 0, 245, 1, 0, 62, 0, 0, 24, 14, 93]
1546498491938;[171, 0, 17, 255, 161, 72, 68, 188, 214, 0, 0, 246, 1, 0, 62, 0, 0, 26, 14, 53]
1546498491943;[171, 0, 17, 255, 161, 72, 68, 188, 214, 0, 0, 251, 1, 0, 61, 0, 0, 30, 14, 64]
1546498492105;[171, 0, 17, 255, 161, 72, 68, 188, 215, 0, 0, 241, 1, 0, 64, 0, 0, 12, 14, 54]
1546498492109;[171, 0, 17, 255, 161, 72, 68, 188, 215, 0, 0, 243, 1, 0, 64, 0, 0, 21, 14, 4]
1546498492278;[171, 0, 4, 255, 132, 128, 76]
1546498492282;[171, 0, 17, 255, 161, 72, 68, 188, 215, 0, 0, 246, 1, 0, 65, 0, 0, 17, 14, 31]
1546498492450;[171, 0, 17, 255, 161, 72, 68, 188, 215, 0, 0, 245, 1, 0, 62, 0, 0, 17, 14, 51]
1546498492623;[171, 0, 17, 255, 161, 72, 68, 188, 215, 0, 0, 244, 1, 0, 64, 0, 0, 15, 14, 59]
1546498492627;[171, 0, 17, 255, 161, 72, 68, 188, 215, 0, 0, 245, 1, 0, 66, 0, 0, 11, 14, 78]
1546498492796;[171, 0, 17, 255, 161, 72, 68, 188, 215, 0, 0, 246, 1, 0, 65, 0, 0, 13, 14, 68]
1546498492800;[171, 0, 17, 255, 161, 72, 68, 188, 215, 0, 0, 245, 1, 0, 65, 0, 0, 14, 14, 61]
1546498492969;[171, 0, 17, 255, 161, 72, 68, 188, 215, 0, 0, 246, 1, 0, 65, 0, 0, 18, 14, 49]
1546498492973;[171, 0, 17, 255, 161, 72, 68, 188, 215, 0, 0, 244, 1, 0, 64, 0, 0, 14, 14, 40]
1546498493314;[171, 0, 17, 255, 161, 72, 68, 188, 216, 0, 0, 244, 1, 0, 65, 0, 0, 15, 14, 85]
1546498493318;[171, 0, 17, 255, 161, 72, 68, 188, 216, 0, 0, 246, 1, 0, 64, 0, 0, 15, 14, 101]
1546498493322;[171, 0, 4, 255, 132, 128, 76]
1546498493486;[171, 0, 17, 255, 161, 72, 68, 188, 216, 0, 0, 244, 1, 0, 65, 0, 0, 17, 14, 106]
1546498493489;[171, 0, 17, 255, 161, 72, 68, 188, 216, 0, 0, 246, 1, 0, 66, 0, 0, 13, 14, 103]
1546498493658;[171, 0, 17, 255, 161, 72, 68, 188, 216, 0, 0, 247, 1, 0, 65, 0, 0, 10, 14, 63]
1546498493830;[171, 0, 17, 255, 161, 72, 68, 188, 216, 0, 0, 240, 1, 0, 65, 0, 0, 9, 13, 249]
1546498493834;[171, 0, 17, 255, 161, 72, 68, 188, 216, 0, 0, 244, 1, 0, 66, 0, 0, 7, 13, 141]
1546498494003;[171, 0, 17, 255, 161, 72, 68, 188, 216, 0, 0, 244, 1, 0, 69, 0, 0, 9, 13, 32]
1546498494007;[171, 0, 17, 255, 161, 72, 68, 188, 216, 0, 0, 240, 1, 0, 68, 0, 0, 7, 12, 203]
1546498494175;[171, 0, 17, 255, 161, 72, 68, 188, 216, 0, 0, 245, 1, 0, 66, 0, 0, 11, 12, 86]
1546498494179;[171, 0, 17, 255, 161, 72, 68, 188, 217, 0, 0, 245, 1, 0, 67, 0, 0, 10, 11, 226]
1546498494523;[171, 0, 17, 255, 161, 72, 68, 188, 217, 0, 0, 252, 1, 0, 66, 0, 0, 9, 11, 146]
1546498494526;[171, 0, 4, 255, 132, 128, 76]
1546498494531;[171, 0, 17, 255, 161, 72, 68, 188, 217, 0, 0, 243, 1, 0, 66, 0, 0, 8, 11, 70]
1546498494693;[171, 0, 17, 255, 161, 72, 68, 188, 217, 0, 0, 244, 1, 0, 69, 0, 0, 7, 11, 9]
1546498494697;[171, 0, 17, 255, 161, 72, 68, 188, 217, 0, 0, 242, 1, 0, 66, 0, 0, 7, 10, 222]
1546498494865;[171, 0, 17, 255, 161, 72, 68, 188, 217, 0, 0, 243, 1, 0, 70, 0, 0, 9, 10, 171]
1546498495038;[171, 0, 17, 255, 161, 72, 68, 188, 217, 0, 0, 246, 1, 0, 65, 0, 0, 5, 10, 157]
1546498495042;[171, 0, 17, 255, 161, 72, 68, 188, 217, 0, 0, 238, 1, 0, 67, 0, 0, 7, 10, 95]
1546498495211;[171, 0, 17, 255, 161, 72, 68, 188, 217, 0, 0, 244, 1, 0, 67, 0, 0, 9, 10, 17]
1546498495215;[171, 0, 17, 255, 161, 72, 68, 188, 217, 0, 0, 245, 1, 0, 66, 0, 0, 9, 9, 240]
1546498495383;[171, 0, 17, 255, 161, 72, 68, 188, 218, 0, 0, 244, 1, 0, 66, 0, 0, 10, 9, 165]
1546498495387;[171, 0, 17, 255, 161, 72, 68, 188, 218, 0, 0, 243, 1, 0, 66, 0, 0, 9, 9, 139]
1546498495903;[171, 0, 4, 255, 132, 128, 76]
1546498495907;[171, 0, 17, 255, 161, 72, 68, 188, 218, 0, 0, 245, 1, 0, 67, 0, 0, 9, 9, 130]
1546498495911;[171, 0, 17, 255, 161, 72, 68, 188, 218, 0, 0, 243, 1, 0, 65, 0, 0, 2, 9, 36]
1546498495915;[171, 0, 17, 255, 161, 72, 68, 188, 218, 0, 0, 241, 1, 0, 71, 0, 0, 7, 8, 224]
1546498496074;[171, 0, 17, 255, 161, 72, 68, 188, 218, 0, 0, 244, 1, 0, 66, 0, 0, 5, 8, 86]
1546498496078;[171, 0, 17, 255, 161, 72, 68, 188, 218, 0, 0, 241, 1, 0, 66, 0, 0, 4, 7, 210]
1546498496082;[171, 0, 17, 255, 161, 72, 68, 188, 218, 0, 0, 243, 1, 0, 67, 0, 0, 6, 7, 136]
1546498496246;[171, 0, 17, 255, 161, 72, 68, 188, 218, 0, 0, 247, 1, 0, 67, 0, 0, 9, 7, 136]
1546498496418;[171, 0, 17, 255, 161, 72, 68, 188, 218, 0, 0, 246, 1, 0, 68, 0, 0, 6, 7, 102]
1546498496592;[171, 0, 17, 255, 161, 72, 68, 188, 219, 0, 0, 244, 1, 0, 70, 0, 0, 7, 7, 26]
1546498496596;[171, 0, 17, 255, 161, 72, 68, 188, 219, 0, 0, 237, 1, 0, 67, 1, 0, 1, 6, 195]
1546498496600;[171, 0, 4, 255, 132, 128, 75]
1546498496763;[171, 0, 17, 255, 161, 72, 68, 188, 219, 0, 0, 245, 1, 0, 65, 0, 0, 9, 6, 208]
1546498497112;[171, 0, 17, 255, 161, 72, 68, 188, 219, 0, 0, 245, 1, 0, 68, 0, 0, 8, 6, 231]
1546498497116;[171, 0, 17, 255, 161, 72, 68, 188, 219, 0, 0, 244, 1, 0, 66, 0, 0, 8, 6, 241]
1546498497121;[171, 0, 17, 255, 161, 72, 68, 188, 219, 0, 0, 243, 1, 0, 68, 0, 0, 8, 7, 17]
1546498497125;[171, 0, 17, 255, 161, 72, 68, 188, 219, 0, 0, 244, 1, 0, 66, 0, 0, 8, 7, 68]
1546498497281;[171, 0, 17, 255, 161, 72, 68, 188, 219, 0, 0, 244, 1, 0, 69, 0, 0, 9, 7, 126]
1546498497285;[171, 0, 17, 255, 161, 72, 68, 188, 219, 0, 0, 243, 1, 0, 65, 0, 0, 7, 7, 162]
1546498497453;[171, 0, 17, 255, 161, 72, 68, 188, 219, 0, 0, 244, 1, 0, 71, 0, 0, 8, 7, 192]
1546498497625;[171, 0, 17, 255, 161, 72, 68, 188, 220, 0, 0, 246, 1, 0, 65, 0, 0, 8, 7, 253]
1546498497629;[171, 0, 17, 255, 161, 72, 68, 188, 220, 0, 0, 243, 1, 0, 69, 0, 0, 8, 8, 16]
1546498497799;[171, 0, 4, 255, 132, 128, 75]
1546498497803;[171, 0, 17, 255, 161, 72, 68, 188, 220, 0, 0, 244, 1, 0, 69, 0, 0, 7, 7, 231]
1546498497972;[171, 0, 17, 255, 161, 72, 68, 188, 220, 0, 0, 246, 1, 0, 67, 0, 0, 8, 7, 215]
1546498497976;[171, 0, 17, 255, 161, 72, 68, 188, 220, 0, 0, 246, 1, 0, 71, 0, 0, 7, 7, 197]
1546498498317;[171, 0, 17, 255, 161, 72, 68, 188, 220, 0, 0, 245, 1, 0, 65, 0, 0, 9, 7, 254]
1546498498321;[171, 0, 17, 255, 161, 72, 68, 188, 220, 0, 0, 246, 1, 0, 70, 0, 0, 8, 8, 4]
1546498498325;[171, 0, 17, 255, 161, 72, 68, 188, 220, 0, 0, 244, 1, 0, 69, 0, 0, 7, 7, 216]
1546498498489;[171, 0, 17, 255, 161, 72, 68, 188, 220, 0, 0, 246, 1, 0, 66, 0, 0, 7, 8, 44]
1546498498493;[171, 0, 17, 255, 161, 72, 68, 188, 220, 0, 0, 245, 1, 0, 68, 0, 0, 11, 8, 160]
1546498498660;[171, 0, 17, 255, 161, 72, 68, 188, 221, 0, 0, 247, 1, 0, 66, 0, 0, 29, 8, 202]
1546498498833;[171, 0, 17, 255, 161, 72, 68, 188, 221, 0, 0, 243, 1, 0, 62, 0, 0, 25, 9, 15]
1546498499007;[171, 0, 4, 255, 132, 128, 75]
1546498499011;[171, 0, 17, 255, 161, 72, 68, 188, 221, 0, 0, 244, 1, 0, 66, 0, 0, 28, 9, 69]
1546498499015;[171, 0, 17, 255, 161, 72, 68, 188, 221, 0, 0, 244, 1, 0, 66, 0, 0, 26, 9, 97]
1546498499179;[171, 0, 17, 255, 161, 72, 68, 188, 221, 0, 1, 3, 1, 0, 61, 0, 0, 17, 9, 150]
1546498499350;[171, 0, 17, 255, 161, 72, 68, 188, 221, 0, 0, 244, 1, 0, 64, 0, 0, 24, 9, 181]
1546498499354;[171, 0, 17, 255, 161, 72, 68, 188, 221, 0, 0, 246, 1, 0, 65, 0, 0, 24, 10, 28]
1546498499699;[171, 0, 17, 255, 161, 72, 68, 188, 221, 0, 0, 244, 1, 0, 65, 0, 0, 26, 10, 119]
1546498499703;[171, 0, 17, 255, 161, 72, 68, 188, 221, 0, 0, 244, 1, 0, 65, 0, 0, 23, 10, 165]
1546498499709;[171, 0, 17, 255, 161, 72, 68, 188, 221, 0, 0, 244, 1, 0, 65, 0, 0, 26, 10, 216]
1546498499713;[171, 0, 17, 255, 161, 72, 68, 188, 222, 0, 0, 246, 1, 0, 67, 0, 0, 26, 10, 234]
1546498499869;[171, 0, 17, 255, 161, 72, 68, 188, 222, 0, 0, 245, 1, 0, 65, 0, 0, 14, 10, 235]
1546498499873;[171, 0, 4, 255, 132, 128, 75]
1546498500040;[171, 0, 17, 255, 161, 72, 68, 188, 222, 0, 0, 246, 1, 0, 65, 0, 0, 24, 10, 246]
1546498500213;[171, 0, 17, 255, 161, 72, 68, 188, 222, 0, 0, 246, 1, 0, 68, 0, 0, 22, 10, 251]
1546498500387;[171, 0, 17, 255, 161, 72, 68, 188, 222, 0, 0, 241, 1, 0, 66, 0, 0, 19, 11, 73]
1546498500391;[171, 0, 17, 255, 161, 72, 68, 188, 222, 0, 0, 246, 1, 0, 70, 0, 0, 13, 11, 126]
1546498500395;[171, 0, 17, 255, 161, 72, 68, 188, 222, 0, 0, 241, 1, 0, 69, 0, 0, 11, 11, 152]
1546498500559;[171, 0, 17, 255, 161, 72, 68, 188, 222, 0, 0, 244, 1, 0, 71, 0, 0, 9, 11, 168]
1546498500903;[171, 0, 17, 255, 161, 72, 68, 188, 222, 0, 0, 246, 1, 0, 69, 0, 0, 9, 11, 162]
1546498500908;[171, 0, 17, 255, 161, 72, 68, 188, 222, 0, 0, 243, 1, 0, 68, 0, 0, 8, 11, 132]
1546498500912;[171, 0, 17, 255, 161, 72, 68, 188, 223, 0, 0, 244, 1, 0, 72, 0, 0, 8, 11, 84]
1546498500916;[171, 0, 17, 255, 161, 72, 68, 188, 223, 0, 0, 246, 1, 0, 68, 0, 0, 7, 11, 43]
1546498501075;[171, 0, 4, 255, 132, 128, 76]
1546498501080;[171, 0, 17, 255, 161, 72, 68, 188, 223, 0, 0, 247, 1, 0, 66, 0, 0, 4, 11, 63]
1546498501250;[171, 0, 17, 255, 161, 72, 68, 188, 223, 0, 0, 247, 1, 0, 73, 0, 0, 4, 11, 89]
1546498501422;[171, 0, 17, 255, 161, 72, 68, 188, 223, 0, 0, 244, 1, 0, 66, 0, 0, 8, 11, 100]
1546498501426;[171, 0, 17, 255, 161, 72, 68, 188, 223, 0, 0, 244, 1, 0, 69, 0, 0, 6, 11, 114]
1546498501594;[171, 0, 17, 255, 161, 72, 68, 188, 223, 0, 0, 246, 1, 0, 69, 0, 0, 3, 11, 118]
1546498501765;[171, 0, 17, 255, 161, 72, 68, 188, 223, 0, 0, 244, 1, 0, 69, 0, 0, 1, 11, 84]
1546498501769;[171, 0, 17, 255, 161, 72, 68, 188, 223, 0, 0, 246, 1, 0, 69, 0, 0, 6, 11, 44]
1546498501938;[171, 0, 17, 255, 161, 72, 68, 188, 223, 0, 0, 243, 1, 0, 71, 0, 0, 4, 10, 236]
1546498501942;[171, 0, 17, 255, 161, 72, 68, 188, 224, 0, 0, 243, 1, 0, 68, 0, 0, 2, 10, 253]
1546498502286;[171, 0, 17, 255, 161, 72, 68, 188, 224, 0, 0, 241, 1, 0, 70, 0, 0, 3, 10, 232]
1546498502290;[171, 0, 4, 255, 132, 128, 76]
1546498502294;[171, 0, 17, 255, 161, 72, 68, 188, 224, 0, 0, 244, 1, 0, 71, 0, 0, 2, 10, 216]
1546498502298;[171, 0, 17, 255, 161, 72, 68, 188, 224, 0, 0, 246, 1, 0, 66, 0, 0, 1, 10, 193]
1546498502456;[171, 0, 17, 255, 161, 72, 68, 188, 224, 0, 0, 243, 1, 0, 67, 1, 0, 1, 10, 182]
1546498502630;[171, 0, 17, 255, 161, 72, 68, 188, 224, 0, 0, 244, 1, 0, 69, 0, 0, 1, 10, 139]
1546498502635;[171, 0, 17, 255, 161, 72, 68, 188, 224, 0, 0, 244, 1, 0, 67, 1, 0, 3, 10, 106]
1546498502801;[171, 0, 17, 255, 161, 72, 68, 188, 224, 0, 0, 255, 1, 0, 71, 0, 0, 3, 10, 95]
1546498502805;[171, 0, 17, 255, 161, 72, 68, 188, 224, 0, 0, 238, 1, 0, 73, 1, 0, 3, 10, 103]
1546498502973;[171, 0, 17, 255, 161, 72, 68, 188, 224, 0, 0, 245, 1, 0, 67, 0, 0, 3, 10, 100]
1546498502977;[171, 0, 17, 255, 161, 72, 68, 188, 225, 0, 0, 246, 1, 0, 70, 0, 0, 2, 10, 92]
1546498503145;[171, 0, 17, 255, 161, 72, 68, 188, 225, 0, 0, 244, 1, 0, 69, 0, 0, 1, 10, 98]
1546498503491;[171, 0, 4, 255, 132, 128, 75]
1546498503495;[171, 0, 17, 255, 161, 72, 68, 188, 225, 0, 0, 247, 1, 0, 71, 0, 0, 4, 10, 104]
1546498503504;[171, 0, 17, 255, 161, 72, 68, 188, 225, 0, 0, 244, 1, 0, 70, 0, 0, 3, 10, 116]
1546498503507;[171, 0, 17, 255, 161, 72, 68, 188, 225, 0, 0, 246, 1, 0, 65, 0, 0, 7, 10, 131]
1546498503662;[171, 0, 17, 255, 161, 72, 68, 188, 225, 0, 0, 243, 1, 0, 69, 0, 0, 3, 10, 183]
1546498503836;[171, 0, 17, 255, 161, 72, 68, 188, 225, 0, 0, 244, 1, 0, 69, 0, 0, 6, 11, 12]
1546498503840;[171, 0, 17, 255, 161, 72, 68, 188, 225, 0, 0, 245, 1, 0, 69, 0, 0, 8, 11, 69]
1546498504009;[171, 0, 17, 255, 161, 72, 68, 188, 225, 0, 0, 244, 1, 0, 69, 0, 0, 5, 11, 122]
1546498504013;[171, 0, 17, 255, 161, 72, 68, 188, 225, 0, 0, 245, 1, 0, 66, 0, 0, 6, 11, 156]
1546498504181;[171, 0, 17, 255, 161, 72, 68, 188, 226, 0, 0, 246, 1, 0, 73, 0, 0, 6, 11, 174]
1546498504185;[171, 0, 17, 255, 161, 72, 68, 188, 226, 0, 0, 243, 1, 0, 71, 0, 0, 3, 11, 188]
1546498504353;[171, 0, 4, 255, 132, 128, 75]
1546498504872;[171, 0, 17, 255, 161, 72, 68, 188, 226, 0, 0, 247, 1, 0, 62, 0, 0, 11, 11, 206]
1546498504876;[171, 0, 17, 255, 161, 72, 68, 188, 226, 0, 0, 246, 1, 0, 69, 0, 0, 9, 12, 3]
1546498504880;[171, 0, 17, 255, 161, 72, 68, 188, 226, 0, 0, 245, 1, 0, 71, 0, 0, 14, 12, 89]
1546498504884;[171, 0, 17, 255, 161, 72, 68, 188, 226, 0, 0, 240, 1, 0, 68, 0, 0, 19, 12, 143]
1546498505044;[171, 0, 17, 255, 161, 72, 68, 188, 226, 0, 0, 245, 1, 0, 67, 0, 0, 21, 12, 178]
1546498505048;[171, 0, 17, 255, 161, 72, 68, 188, 226, 0, 0, 243, 1, 0, 65, 0, 0, 17, 12, 210]
1546498505052;[171, 0, 17, 255, 161, 72, 68, 188, 226, 0, 0, 251, 1, 0, 64, 0, 0, 12, 12, 210]
1546498505217;[171, 0, 17, 255, 161, 72, 68, 188, 226, 0, 0, 246, 1, 0, 67, 0, 0, 17, 12, 212]
1546498505220;[171, 0, 17, 255, 161, 72, 68, 188, 227, 0, 0, 245, 1, 0, 66, 0, 0, 15, 12, 188]
1546498505391;[171, 0, 17, 255, 161, 72, 68, 188, 227, 0, 0, 244, 1, 0, 71, 0, 0, 11, 12, 160]
1546498505394;[171, 0, 4, 255, 132, 128, 75]
1546498505560;[171, 0, 17, 255, 161, 72, 68, 188, 227, 0, 0, 244, 1, 0, 68, 0, 0, 12, 12, 194]
1546498505733;[171, 0, 17, 255, 161, 72, 68, 188, 227, 0, 0, 246, 1, 0, 69, 0, 0, 14, 12, 181]
1546498505737;[171, 0, 17, 255, 161, 72, 68, 188, 227, 0, 0, 244, 1, 0, 66, 0, 0, 9, 12, 131]
1546498506080;[171, 0, 17, 255, 161, 72, 68, 188, 227, 0, 0, 244, 1, 0, 67, 0, 0, 5, 12, 59]
1546498506084;[171, 0, 17, 255, 161, 72, 68, 188, 227, 0, 0, 243, 1, 0, 70, 0, 0, 3, 11, 232]
1546498506089;[171, 0, 17, 255, 161, 72, 68, 188, 227, 0, 0, 244, 1, 0, 69, 0, 0, 3, 11, 148]
1546498506093;[171, 0, 17, 255, 161, 72, 68, 188, 227, 0, 0, 243, 1, 0, 69, 0, 0, 2, 11, 61]
1546498506251;[171, 0, 17, 255, 161, 72, 68, 188, 227, 0, 0, 246, 1, 0, 67, 0, 0, 2, 11, 2]
1546498506424;[171, 0, 17, 255, 161, 72, 68, 188, 228, 0, 0, 245, 1, 0, 71, 1, 0, 2, 10, 234]
1546498506428;[171, 0, 17, 255, 161, 72, 68, 188, 228, 0, 0, 244, 1, 0, 70, 1, 0, 8, 10, 183]
1546498506595;[171, 0, 4, 255, 132, 128, 74]
1546498506599;[171, 0, 17, 255, 161, 72, 68, 188, 228, 0, 0, 245, 1, 0, 69, 1, 0, 6, 10, 133]
1546498506769;[171, 0, 17, 255, 161, 72, 68, 188, 228, 0, 0, 243, 1, 0, 71, 1, 0, 4, 10, 73]
1546498506774;[171, 0, 17, 255, 161, 72, 68, 188, 228, 0, 0, 246, 1, 0, 72, 1, 0, 5, 10, 22]
1546498506941;[171, 0, 17, 255, 161, 72, 68, 188, 228, 0, 0, 244, 1, 0, 74, 1, 0, 6, 9, 217]
1546498507288;[171, 0, 17, 255, 161, 72, 68, 188, 228, 0, 0, 241, 1, 0, 71, 1, 0, 4, 9, 138]
1546498507293;[171, 0, 17, 255, 161, 72, 68, 188, 228, 0, 0, 246, 1, 0, 70, 1, 0, 13, 9, 78]
1546498507297;[171, 0, 17, 255, 161, 72, 68, 188, 228, 0, 0, 243, 1, 0, 70, 1, 0, 13, 9, 58]
1546498507302;[171, 0, 17, 255, 161, 72, 68, 188, 228, 0, 0, 246, 1, 0, 67, 1, 0, 13, 9, 20]
1546498507457;[171, 0, 17, 255, 161, 72, 68, 188, 229, 0, 0, 244, 1, 0, 73, 1, 0, 13, 8, 233]
1546498507630;[171, 0, 17, 255, 161, 72, 68, 188, 231, 0, 0, 245, 1, 0, 66, 0, 0, 53, 8, 41]
1546498507803;[171, 0, 17, 255, 161, 72, 68, 188, 231, 0, 0, 236, 1, 0, 65, 0, 0, 49, 8, 106]
1546498507807;[171, 0, 17, 255, 161, 72, 68, 188, 231, 0, 0, 244, 1, 0, 69, 0, 0, 55, 8, 123]
1546498507975;[171, 0, 17, 255, 161, 72, 68, 188, 231, 0, 0, 242, 1, 0, 73, 0, 0, 65, 8, 152]
1546498508150;[171, 0, 17, 255, 161, 72, 68, 188, 231, 0, 0, 243, 1, 0, 62, 0, 0, 45, 8, 171]
1546498508323;[171, 0, 17, 255, 161, 72, 68, 188, 231, 0, 0, 240, 1, 0, 65, 0, 0, 52, 8, 186]
1546498508327;[171, 0, 17, 255, 161, 72, 68, 188, 231, 0, 0, 244, 1, 0, 64, 0, 0, 49, 8, 200]
1546498508667;[171, 0, 17, 255, 161, 72, 68, 188, 231, 0, 0, 231, 1, 0, 62, 0, 0, 49, 8, 204]
1546498508671;[171, 0, 17, 255, 161, 72, 68, 188, 232, 0, 0, 242, 1, 0, 69, 0, 0, 52, 8, 255]
1546498508675;[171, 0, 17, 255, 161, 72, 68, 188, 232, 0, 0, 243, 1, 0, 67, 0, 0, 51, 9, 39]
1546498508838;[171, 0, 4, 255, 132, 128, 75]
1546498508842;[171, 0, 17, 255, 161, 72, 68, 188, 232, 0, 0, 245, 1, 0, 66, 0, 0, 56, 9, 30]
1546498509011;[171, 0, 17, 255, 161, 72, 68, 188, 232, 0, 0, 242, 1, 0, 71, 0, 0, 36, 8, 220]
1546498509016;[171, 0, 17, 255, 161, 72, 68, 188, 232, 0, 0, 246, 1, 0, 81, 0, 0, 42, 8, 152]
1546498509183;[171, 0, 17, 255, 161, 72, 68, 188, 232, 0, 0, 248, 1, 0, 75, 0, 0, 30, 8, 10]
1546498509187;[171, 0, 17, 255, 161, 72, 68, 188, 232, 0, 0, 232, 1, 0, 71, 0, 0, 36, 7, 156]
1546498509356;[171, 0, 17, 255, 161, 72, 68, 188, 232, 0, 0, 241, 1, 0, 75, 0, 0, 41, 7, 78]
1546498509528;[171, 0, 17, 255, 161, 72, 68, 188, 232, 0, 0, 238, 1, 0, 75, 0, 0, 40, 7, 56]
1546498509532;[171, 0, 17, 255, 161, 72, 68, 188, 232, 0, 0, 237, 1, 0, 75, 0, 0, 41, 7, 56]
1546498509874;[171, 0, 17, 255, 161, 72, 68, 188, 233, 0, 0, 240, 1, 0, 82, 0, 0, 45, 7, 62]
1546498509880;[171, 0, 17, 255, 161, 72, 68, 188, 233, 0, 0, 236, 1, 0, 73, 0, 0, 37, 7, 59]
1546498509884;[171, 0, 4, 255, 132, 128, 75]
1546498509888;[171, 0, 17, 255, 161, 72, 68, 188, 233, 0, 0, 240, 1, 0, 74, 0, 0, 41, 7, 54]
1546498510045;[171, 0, 17, 255, 161, 72, 68, 188, 233, 0, 0, 244, 1, 0, 74, 0, 0, 41, 7, 14]
1546498510218;[171, 0, 17, 255, 161, 72, 68, 188, 233, 0, 0, 243, 1, 0, 75, 0, 0, 45, 6, 242]
1546498510222;[171, 0, 17, 255, 161, 72, 68, 188, 233, 0, 0, 240, 1, 0, 75, 0, 0, 35, 6, 183]
1546498510391;[171, 0, 17, 255, 161, 72, 68, 188, 233, 0, 0, 247, 1, 0, 75, 0, 0, 37, 6, 191]
1546498510395;[171, 0, 17, 255, 161, 72, 68, 188, 233, 0, 0, 238, 1, 0, 75, 0, 0, 29, 6, 249]
1546498510563;[171, 0, 17, 255, 161, 72, 68, 188, 233, 0, 0, 244, 1, 0, 74, 0, 0, 29, 7, 24]
1546498510735;[171, 0, 17, 255, 161, 72, 68, 188, 233, 0, 0, 244, 1, 0, 81, 0, 0, 27, 7, 57]
1546498510739;[171, 0, 17, 255, 161, 72, 68, 188, 234, 0, 0, 243, 1, 0, 75, 0, 0, 29, 7, 65]
1546498510910;[171, 0, 17, 255, 161, 72, 68, 188, 234, 0, 0, 238, 1, 0, 76, 0, 0, 27, 7, 90]
1546498510913;[171, 0, 4, 255, 132, 128, 75]
1546498511255;[171, 0, 17, 255, 161, 72, 68, 188, 234, 0, 0, 241, 1, 0, 73, 0, 0, 26, 7, 98]
1546498511259;[171, 0, 17, 255, 161, 72, 68, 188, 234, 0, 0, 241, 1, 0, 77, 0, 0, 29, 7, 104]
1546498511263;[171, 0, 17, 255, 161, 72, 68, 188, 234, 0, 0, 241, 1, 0, 76, 0, 0, 28, 7, 155]
1546498511425;[171, 0, 17, 255, 161, 72, 68, 188, 234, 0, 0, 243, 1, 0, 75, 0, 0, 24, 7, 208]
1546498511429;[171, 0, 17, 255, 161, 72, 68, 188, 234, 0, 0, 243, 1, 0, 75, 0, 0, 27, 7, 230]
1546498511599;[171, 0, 17, 255, 161, 72, 68, 188, 234, 0, 0, 243, 1, 0, 71, 0, 0, 27, 7, 254]
1546498511603;[171, 0, 17, 255, 161, 72, 68, 188, 234, 0, 0, 240, 1, 0, 75, 0, 0, 28, 8, 24]
1546498511771;[171, 0, 17, 255, 161, 72, 68, 188, 234, 0, 0, 252, 1, 0, 73, 0, 0, 22, 8, 42]
1546498511775;[171, 0, 17, 255, 161, 72, 68, 188, 235, 0, 0, 246, 1, 0, 74, 0, 0, 26, 8, 71]
1546498511943;[171, 0, 17, 255, 161, 72, 68, 188, 235, 0, 0, 243, 1, 0, 74, 0, 0, 32, 8, 88]
1546498512116;[171, 0, 4, 255, 132, 128, 75]
1546498512120;[171, 0, 17, 255, 161, 72, 68, 188, 235, 0, 0, 241, 1, 0, 71, 0, 0, 23, 8, 141]
1546498512461;[171, 0, 17, 255, 161, 72, 68, 188, 235, 0, 0, 241, 1, 0, 71, 0, 0, 28, 8, 196]
1546498512471;[171, 0, 17, 255, 161, 72, 68, 188, 235, 0, 0, 240, 1, 0, 73, 0, 0, 23, 8, 211]
1546498512480;[171, 0, 17, 255, 161, 72, 68, 188, 235, 0, 0, 240, 1, 0, 75, 0, 0, 29, 8, 225]
1546498512633;[171, 0, 17, 255, 161, 72, 68, 188, 235, 0, 0, 243, 1, 0, 76, 0, 0, 27, 8, 215]
1546498512807;[171, 0, 17, 255, 161, 72, 68, 188, 235, 0, 0, 245, 1, 0, 73, 0, 0, 26, 8, 186]
1546498512811;[171, 0, 17, 255, 161, 72, 68, 188, 235, 0, 0, 244, 1, 0, 76, 0, 0, 28, 8, 152]
1546498512815;[171, 0, 17, 255, 161, 72, 68, 188, 235, 0, 0, 243, 1, 0, 75, 0, 0, 29, 8, 139]
1546498512979;[171, 0, 17, 255, 161, 72, 68, 188, 236, 0, 0, 242, 1, 0, 75, 0, 0, 27, 8, 187]
1546498512983;[171, 0, 17, 255, 161, 72, 68, 188, 236, 0, 0, 241, 1, 0, 73, 0, 0, 26, 8, 212]
1546498513150;[171, 0, 4, 255, 132, 128, 75]
1546498513324;[171, 0, 17, 255, 161, 72, 68, 188, 236, 0, 0, 243, 1, 0, 75, 0, 0, 27, 8, 229]
1546498513328;[171, 0, 17, 255, 161, 72, 68, 188, 236, 0, 0, 243, 1, 0, 71, 0, 0, 28, 8, 241]
1546498513842;[171, 0, 17, 255, 161, 72, 68, 188, 236, 0, 0, 244, 1, 0, 73, 0, 0, 30, 8, 230]
1546498513846;[171, 0, 17, 255, 161, 72, 68, 188, 236, 0, 0, 241, 1, 0, 75, 0, 0, 23, 9, 14]
1546498513850;[171, 0, 17, 255, 161, 72, 68, 188, 236, 0, 0, 244, 1, 0, 75, 0, 0, 31, 9, 37]
1546498513854;[171, 0, 17, 255, 161, 72, 68, 188, 236, 0, 0, 243, 1, 0, 75, 0, 0, 27, 9, 73]
1546498514013;[171, 0, 17, 255, 161, 72, 68, 188, 236, 0, 0, 243, 1, 0, 75, 0, 0, 23, 9, 132]
1546498514017;[171, 0, 17, 255, 161, 72, 68, 188, 236, 0, 0, 248, 1, 0, 76, 0, 0, 28, 9, 115]
1546498514023;[171, 0, 17, 255, 161, 72, 68, 188, 237, 0, 0, 251, 1, 0, 75, 0, 0, 24, 9, 118]
1546498514185;[171, 0, 17, 255, 161, 72, 68, 188, 237, 0, 0, 236, 1, 0, 74, 0, 0, 21, 9, 72]
1546498514191;[171, 0, 4, 255, 132, 128, 75]
1546498514359;[171, 0, 17, 255, 161, 72, 68, 188, 237, 0, 0, 245, 1, 0, 71, 0, 0, 23, 9, 6]
1546498514530;[171, 0, 17, 255, 161, 72, 68, 188, 237, 0, 0, 246, 1, 0, 70, 0, 0, 27, 8, 229]
1546498514534;[171, 0, 17, 255, 161, 72, 68, 188, 237, 0, 0, 244, 1, 0, 75, 0, 0, 27, 8, 186]
1546498514703;[171, 0, 17, 255, 161, 72, 68, 188, 237, 0, 0, 245, 1, 0, 75, 0, 0, 21, 8, 212]
1546498514707;[171, 0, 17, 255, 161, 72, 68, 188, 237, 0, 0, 237, 1, 0, 71, 0, 0, 28, 8, 238]
1546498515049;[171, 0, 17, 255, 161, 72, 68, 188, 237, 0, 0, 240, 1, 0, 71, 0, 0, 34, 9, 49]
1546498515053;[171, 0, 17, 255, 161, 72, 68, 188, 237, 0, 0, 237, 1, 0, 75, 0, 0, 58, 9, 47]
1546498515057;[171, 0, 17, 255, 161, 72, 68, 188, 237, 0, 0, 223, 1, 0, 71, 0, 0, 79, 8, 233]
1546498515221;[171, 0, 17, 255, 161, 72, 68, 188, 238, 0, 0, 236, 1, 0, 73, 0, 0, 94, 8, 87]
1546498515225;[171, 0, 17, 255, 161, 72, 68, 188, 238, 0, 0, 240, 1, 0, 75, 0, 0, 89, 8, 28]
1546498515393;[171, 0, 4, 255, 132, 128, 75]
1546498515397;[171, 0, 17, 255, 161, 72, 68, 188, 238, 0, 0, 240, 1, 0, 75, 0, 0, 100, 8, 35]
1546498515566;[171, 0, 17, 255, 161, 72, 68, 188, 238, 0, 0, 238, 1, 0, 70, 0, 0, 76, 8, 71]
1546498515738;[171, 0, 17, 255, 161, 72, 68, 188, 238, 0, 0, 241, 1, 0, 79, 0, 0, 70, 8, 143]
1546498515742;[171, 0, 17, 255, 161, 72, 68, 188, 238, 0, 0, 240, 1, 0, 74, 0, 0, 57, 8, 164]
1546498515910;[171, 0, 17, 255, 161, 72, 68, 188, 238, 0, 0, 244, 1, 0, 75, 0, 0, 48, 8, 127]
1546498515914;[171, 0, 17, 255, 161, 72, 68, 188, 238, 0, 0, 241, 1, 0, 76, 0, 0, 35, 8, 112]
1546498516256;[171, 0, 17, 255, 161, 72, 68, 188, 238, 0, 0, 239, 1, 0, 74, 0, 0, 48, 8, 99]
1546498516260;[171, 0, 17, 255, 161, 72, 68, 188, 238, 0, 0, 239, 1, 0, 81, 0, 0, 38, 8, 125]
1546498516264;[171, 0, 17, 255, 161, 72, 68, 188, 239, 0, 0, 240, 1, 0, 75, 0, 0, 27, 8, 166]
1546498516430;[171, 0, 17, 255, 161, 72, 68, 188, 239, 0, 0, 241, 1, 0, 75, 0, 0, 33, 8, 243]
1546498516434;[171, 0, 4, 255, 132, 128, 76]
1546498516602;[171, 0, 17, 255, 161, 72, 68, 188, 239, 0, 0, 240, 1, 0, 70, 0, 0, 29, 9, 44]
1546498516606;[171, 0, 17, 255, 161, 72, 68, 188, 239, 0, 0, 253, 1, 0, 66, 0, 0, 23, 9, 80]
1546498516774;[171, 0, 17, 255, 161, 72, 68, 188, 239, 0, 0, 246, 1, 0, 66, 0, 0, 20, 9, 84]
1546498516946;[171, 0, 17, 255, 161, 72, 68, 188, 239, 0, 0, 230, 1, 0, 79, 0, 0, 26, 9, 31]
1546498516950;[171, 0, 17, 255, 161, 72, 68, 188, 239, 0, 0, 253, 1, 0, 73, 0, 0, 26, 8, 245]
1546498517119;[171, 0, 17, 255, 161, 72, 68, 188, 239, 0, 0, 244, 1, 0, 73, 0, 0, 21, 8, 189]
1546498517123;[171, 0, 17, 255, 161, 72, 68, 188, 239, 0, 0, 238, 1, 0, 74, 0, 0, 17, 8, 167]
1546498517290;[171, 0, 17, 255, 161, 72, 68, 188, 239, 0, 0, 242, 1, 0, 75, 0, 0, 17, 8, 159]
1546498517294;[171, 0, 17, 255, 161, 72, 68, 188, 240, 0, 0, 244, 1, 0, 75, 0, 0, 18, 8, 108]
1546498517636;[171, 0, 17, 255, 161, 72, 68, 188, 240, 0, 0, 244, 1, 0, 76, 0, 0, 29, 8, 17]
1546498517640;[171, 0, 4, 255, 132, 128, 76]
1546498517645;[171, 0, 17, 255, 161, 72, 68, 188, 240, 0, 0, 240, 1, 0, 76, 0, 0, 24, 7, 229]
1546498517810;[171, 0, 17, 255, 161, 72, 68, 188, 240, 0, 0, 244, 1, 0, 73, 0, 0, 26, 7, 226]
1546498517814;[171, 0, 17, 255, 161, 72, 68, 188, 240, 0, 0, 241, 1, 0, 76, 0, 0, 24, 7, 232]
1546498517980;[171, 0, 17, 255, 161, 72, 68, 188, 240, 0, 0, 244, 1, 0, 74, 0, 0, 24, 7, 206]
1546498517984;[171, 0, 17, 255, 161, 72, 68, 188, 240, 0, 0, 243, 1, 0, 75, 0, 0, 23, 7, 207]
1546498518153;[171, 0, 17, 255, 161, 72, 68, 188, 240, 0, 0, 243, 1, 0, 75, 0, 0, 17, 7, 237]
1546498518326;[171, 0, 17, 255, 161, 72, 68, 188, 240, 0, 0, 244, 1, 0, 76, 0, 0, 24, 8, 44]
1546498518330;[171, 0, 17, 255, 161, 72, 68, 188, 240, 0, 0, 244, 1, 0, 75, 0, 0, 23, 8, 111]
1546498518498;[171, 0, 17, 255, 161, 72, 68, 188, 241, 0, 0, 253, 1, 0, 68, 0, 0, 30, 8, 137]
1546498518502;[171, 0, 17, 255, 161, 72, 68, 188, 241, 0, 0, 244, 1, 0, 73, 0, 0, 28, 8, 160]
1546498518844;[171, 0, 4, 255, 132, 128, 76]
1546498518849;[171, 0, 17, 255, 161, 72, 68, 188, 241, 0, 0, 238, 1, 0, 73, 0, 0, 18, 8, 184]
1546498518853;[171, 0, 17, 255, 161, 72, 68, 188, 241, 0, 0, 241, 1, 0, 75, 0, 0, 14, 8, 198]
1546498519016;[171, 0, 17, 255, 161, 72, 68, 188, 241, 0, 0, 238, 1, 0, 74, 0, 0, 14, 8, 216]
1546498519020;[171, 0, 17, 255, 161, 72, 68, 188, 241, 0, 0, 244, 1, 0, 75, 0, 0, 13, 9, 12]
1546498519186;[171, 0, 17, 255, 161, 72, 68, 188, 241, 0, 0, 253, 1, 0, 71, 0, 0, 3, 9, 130]
1546498519189;[171, 0, 17, 255, 161, 72, 68, 188, 241, 0, 0, 241, 1, 0, 73, 0, 0, 10, 9, 167]
1546498519360;[171, 0, 17, 255, 161, 72, 68, 188, 241, 0, 0, 240, 1, 0, 76, 0, 0, 12, 9, 186]
1546498519532;[171, 0, 17, 255, 161, 72, 68, 188, 241, 0, 0, 238, 1, 0, 82, 0, 0, 27, 9, 189]
1546498519706;[171, 0, 17, 255, 161, 72, 68, 188, 242, 0, 0, 246, 1, 0, 75, 0, 0, 20, 9, 162]
1546498519710;[171, 0, 17, 255, 161, 72, 68, 188, 242, 0, 0, 236, 1, 0, 86, 0, 0, 21, 9, 134]
1546498519714;[171, 0, 4, 255, 132, 128, 76]
1546498520225;[171, 0, 17, 255, 161, 72, 68, 188, 242, 0, 0, 240, 1, 0, 77, 0, 0, 14, 9, 112]
1546498520229;[171, 0, 17, 255, 161, 72, 68, 188, 242, 0, 0, 246, 1, 0, 81, 0, 0, 17, 9, 108]
1546498520234;[171, 0, 17, 255, 161, 72, 68, 188, 242, 0, 0, 240, 1, 0, 75, 0, 0, 17, 9, 177]
1546498520238;[171, 0, 17, 255, 161, 72, 68, 188, 242, 0, 0, 234, 1, 0, 77, 0, 0, 18, 9, 169]
1546498520396;[171, 0, 17, 255, 161, 72, 68, 188, 242, 0, 0, 249, 1, 0, 75, 0, 0, 26, 9, 205]
1546498520400;[171, 0, 17, 255, 161, 72, 68, 188, 242, 0, 0, 241, 1, 0, 86, 0, 0, 14, 9, 227]
1546498520404;[171, 0, 17, 255, 161, 72, 68, 188, 242, 0, 0, 244, 1, 0, 82, 0, 0, 19, 9, 198]
1546498520569;[171, 0, 17, 255, 161, 72, 68, 188, 242, 0, 0, 240, 1, 0, 86, 0, 0, 12, 9, 148]
1546498520573;[171, 0, 17, 255, 161, 72, 68, 188, 243, 0, 0, 236, 1, 0, 86, 0, 0, 7, 9, 127]
1546498520740;[171, 0, 17, 255, 161, 72, 68, 188, 243, 0, 0, 243, 1, 0, 80, 0, 0, 12, 9, 147]
1546498520913;[171, 0, 4, 255, 132, 128, 76]
1546498520918;[171, 0, 17, 255, 161, 72, 68, 188, 243, 0, 0, 245, 1, 0, 70, 0, 0, 12, 9, 138]
1546498521087;[171, 0, 17, 255, 161, 72, 68, 188, 243, 0, 0, 243, 1, 0, 74, 0, 0, 30, 9, 85]
1546498521091;[171, 0, 17, 255, 161, 72, 68, 188, 243, 0, 0, 246, 1, 0, 69, 0, 0, 33, 9, 75]
1546498521432;[171, 0, 17, 255, 161, 72, 68, 188, 243, 0, 0, 245, 1, 0, 69, 0, 0, 29, 9, 52]
1546498521437;[171, 0, 17, 255, 161, 72, 68, 188, 243, 0, 0, 253, 1, 0, 64, 0, 0, 31, 9, 25]
1546498521441;[171, 0, 17, 255, 161, 72, 68, 188, 243, 0, 0, 243, 1, 0, 71, 0, 0, 27, 8, 241]
1546498521604;[171, 0, 17, 255, 161, 72, 68, 188, 243, 0, 0, 241, 1, 0, 71, 0, 0, 26, 8, 218]
1546498521608;[171, 0, 17, 255, 161, 72, 68, 188, 243, 0, 0, 243, 1, 0, 73, 0, 0, 24, 8, 251]
1546498521777;[171, 0, 17, 255, 161, 72, 68, 188, 244, 0, 0, 243, 1, 0, 74, 0, 0, 22, 9, 27]
1546498521780;[171, 0, 17, 255, 161, 72, 68, 188, 244, 0, 0, 244, 1, 0, 75, 0, 0, 15, 9, 53]
1546498521948;[171, 0, 4, 255, 132, 128, 76]
1546498522121;[171, 0, 17, 255, 161, 72, 68, 188, 244, 0, 0, 234, 1, 0, 74, 0, 0, 20, 9, 65]
1546498522125;[171, 0, 17, 255, 161, 72, 68, 188, 244, 0, 0, 243, 1, 0, 75, 0, 0, 27, 9, 64]
1546498522294;[171, 0, 17, 255, 161, 72, 68, 188, 244, 0, 0, 246, 1, 0, 73, 0, 0, 22, 9, 75]
1546498522640;[171, 0, 17, 255, 161, 72, 68, 188, 244, 0, 0, 243, 1, 0, 74, 0, 0, 17, 9, 74]
1546498522645;[171, 0, 17, 255, 161, 72, 68, 188, 244, 0, 0, 240, 1, 0, 75, 0, 0, 23, 9, 109]
1546498522649;[171, 0, 17, 255, 161, 72, 68, 188, 244, 0, 0, 241, 1, 0, 73, 0, 0, 17, 9, 137]
1546498522653;[171, 0, 17, 255, 161, 72, 68, 188, 244, 0, 0, 246, 1, 0, 75, 0, 0, 21, 9, 153]
1546498522810;[171, 0, 17, 255, 161, 72, 68, 188, 244, 0, 0, 244, 1, 0, 76, 0, 0, 19, 9, 161]
1546498522814;[171, 0, 17, 255, 161, 72, 68, 188, 245, 0, 0, 240, 1, 0, 74, 0, 0, 21, 9, 167]
1546498522984;[171, 0, 17, 255, 161, 72, 68, 188, 245, 0, 0, 243, 1, 0, 75, 0, 0, 21, 9, 152]
1546498522987;[171, 0, 4, 255, 132, 128, 76]
1546498523157;[171, 0, 17, 255, 161, 72, 68, 188, 245, 0, 0, 243, 1, 0, 75, 0, 0, 18, 9, 125]
1546498523329;[171, 0, 17, 255, 161, 72, 68, 188, 245, 0, 0, 241, 1, 0, 75, 0, 0, 17, 9, 115]
1546498523333;[171, 0, 17, 255, 161, 72, 68, 188, 245, 0, 0, 240, 1, 0, 75, 0, 0, 18, 9, 157]
1546498523500;[171, 0, 17, 255, 161, 72, 68, 188, 245, 0, 0, 245, 1, 0, 73, 0, 0, 14, 9, 163]
1546498523504;[171, 0, 17, 255, 161, 72, 68, 188, 245, 0, 0, 243, 1, 0, 75, 0, 0, 14, 9, 162]
1546498523674;[171, 0, 17, 255, 161, 72, 68, 188, 245, 0, 0, 243, 1, 0, 76, 0, 0, 10, 9, 168]
1546498524021;[171, 0, 17, 255, 161, 72, 68, 188, 245, 0, 0, 244, 1, 0, 76, 0, 0, 7, 9, 114]
1546498524025;[171, 0, 17, 255, 161, 72, 68, 188, 245, 0, 0, 246, 1, 0, 76, 0, 0, 8, 9, 75]
1546498524029;[171, 0, 17, 255, 161, 72, 68, 188, 246, 0, 0, 241, 1, 0, 77, 0, 0, 10, 9, 34]
1546498524191;[171, 0, 17, 255, 161, 72, 68, 188, 246, 0, 0, 244, 1, 0, 79, 0, 0, 7, 9, 43]
1546498524195;[171, 0, 4, 255, 132, 128, 76]
1546498524199;[171, 0, 17, 255, 161, 72, 68, 188, 246, 0, 0, 248, 1, 0, 77, 0, 0, 9, 9, 26]
1546498524364;[171, 0, 17, 255, 161, 72, 68, 188, 246, 0, 0, 236, 1, 0, 87, 0, 0, 7, 9, 23]
1546498524535;[171, 0, 17, 255, 161, 72, 68, 188, 246, 0, 0, 245, 1, 0, 78, 0, 0, 11, 9, 26]
1546498524539;[171, 0, 17, 255, 161, 72, 68, 188, 246, 0, 0, 243, 1, 0, 78, 0, 0, 9, 9, 5]
1546498524709;[171, 0, 17, 255, 161, 72, 68, 188, 246, 0, 0, 244, 1, 0, 76, 0, 0, 9, 8, 238]
1546498524713;[171, 0, 17, 255, 161, 72, 68, 188, 246, 0, 0, 237, 1, 0, 86, 0, 0, 9, 8, 173]
1546498524881;[171, 0, 17, 255, 161, 72, 68, 188, 246, 0, 0, 237, 1, 0, 86, 0, 0, 9, 8, 77]
1546498524885;[171, 0, 17, 255, 161, 72, 68, 188, 246, 0, 0, 243, 1, 0, 81, 0, 0, 1, 8, 51]
1546498525226;[171, 0, 17, 255, 161, 72, 68, 188, 247, 0, 0, 243, 1, 0, 81, 0, 0, 5, 8, 33]
1546498525399;[171, 0, 17, 255, 161, 72, 68, 188, 247, 0, 0, 237, 1, 0, 86, 0, 0, 8, 7, 246]
1546498525403;[171, 0, 4, 255, 132, 128, 76]
1546498525408;[171, 0, 17, 255, 161, 72, 68, 188, 247, 0, 0, 245, 1, 0, 81, 0, 0, 3, 7, 242]
1546498525571;[171, 0, 17, 255, 161, 72, 68, 188, 247, 0, 0, 243, 1, 0, 83, 0, 0, 6, 7, 223]
1546498525575;[171, 0, 17, 255, 161, 72, 68, 188, 247, 0, 0, 239, 1, 0, 86, 1, 0, 4, 7, 181]
1546498525579;[171, 0, 17, 255, 161, 72, 68, 188, 247, 0, 0, 240, 1, 0, 82, 1, 0, 1, 7, 128]
1546498525744;[171, 0, 17, 255, 161, 72, 68, 188, 247, 0, 0, 237, 1, 0, 81, 0, 0, 3, 7, 90]
1546498525917;[171, 0, 17, 255, 161, 72, 68, 188, 247, 0, 0, 243, 1, 0, 82, 0, 0, 6, 7, 48]
1546498525921;[171, 0, 17, 255, 161, 72, 68, 188, 247, 0, 0, 246, 1, 0, 86, 0, 0, 5, 6, 239]
1546498526089;[171, 0, 17, 255, 161, 72, 68, 188, 247, 0, 0, 237, 1, 0, 82, 0, 0, 7, 6, 185]
1546498526092;[171, 0, 17, 255, 161, 72, 68, 188, 248, 0, 0, 247, 1, 0, 78, 0, 0, 4, 6, 174]
1546498526260;[171, 0, 17, 255, 161, 72, 68, 188, 248, 0, 0, 238, 1, 0, 82, 0, 0, 2, 6, 156]
1546498526606;[171, 0, 4, 255, 132, 128, 77]
1546498526611;[171, 0, 17, 255, 161, 72, 68, 188, 248, 0, 0, 243, 1, 0, 78, 0, 0, 3, 6, 146]
1546498526616;[171, 0, 17, 255, 161, 72, 68, 188, 248, 0, 0, 240, 1, 0, 82, 0, 0, 5, 6, 120]
1546498526621;[171, 0, 17, 255, 161, 72, 68, 188, 248, 0, 0, 240, 1, 0, 81, 0, 0, 4, 6, 102]
1546498526778;[171, 0, 17, 255, 161, 72, 68, 188, 248, 0, 0, 240, 1, 0, 82, 0, 0, 5, 6, 127]
1546498526782;[171, 0, 17, 255, 161, 72, 68, 188, 248, 0, 0, 237, 1, 0, 82, 0, 0, 6, 6, 138]
1546498526952;[171, 0, 17, 255, 161, 72, 68, 188, 248, 0, 0, 240, 1, 0, 81, 0, 0, 6, 6, 137]
1546498527124;[171, 0, 17, 255, 161, 72, 68, 188, 248, 0, 0, 243, 1, 0, 86, 0, 0, 3, 6, 143]
1546498527128;[171, 0, 17, 255, 161, 72, 68, 188, 248, 0, 0, 240, 1, 0, 82, 0, 0, 7, 6, 132]
1546498527296;[171, 0, 17, 255, 161, 72, 68, 188, 249, 0, 0, 237, 1, 0, 82, 0, 0, 7, 6, 107]
1546498527300;[171, 0, 17, 255, 161, 72, 68, 188, 249, 0, 0, 237, 1, 0, 82, 0, 0, 6, 6, 77]
1546498527472;[171, 0, 4, 255, 132, 128, 76]
1546498527476;[171, 0, 17, 255, 161, 72, 68, 188, 249, 0, 0, 243, 1, 0, 76, 0, 0, 8, 6, 65]
1546498527814;[171, 0, 17, 255, 161, 72, 68, 188, 249, 0, 0, 241, 1, 0, 80, 0, 0, 11, 6, 68]
1546498527818;[171, 0, 17, 255, 161, 72, 68, 188, 249, 0, 0, 244, 1, 0, 86, 0, 0, 8, 6, 75]
1546498527822;[171, 0, 17, 255, 161, 72, 68, 188, 249, 0, 0, 240, 1, 0, 77, 0, 0, 7, 6, 66]
1546498527985;[171, 0, 17, 255, 161, 72, 68, 188, 249, 0, 0, 241, 1, 0, 82, 0, 0, 8, 6, 66]
1546498527989;[171, 0, 17, 255, 161, 72, 68, 188, 249, 0, 0, 237, 1, 0, 86, 0, 0, 9, 6, 47]
1546498528158;[171, 0, 17, 255, 161, 72, 68, 188, 249, 0, 0, 240, 1, 0, 76, 0, 0, 1, 6, 37]
1546498528331;[171, 0, 17, 255, 161, 72, 68, 188, 249, 0, 0, 240, 1, 0, 86, 0, 0, 15, 6, 24]
1546498528335;[171, 0, 17, 255, 161, 72, 68, 188, 250, 0, 0, 236, 1, 0, 75, 0, 0, 24, 6, 107]
1546498528502;[171, 0, 17, 255, 161, 72, 68, 188, 250, 0, 0, 244, 1, 0, 76, 0, 0, 35, 6, 151]
1546498528506;[171, 0, 4, 255, 132, 128, 76]
1546498528676;[171, 0, 17, 255, 161, 72, 68, 188, 250, 0, 0, 241, 1, 0, 75, 0, 0, 35, 6, 189]
1546498528680;[171, 0, 17, 255, 161, 72, 68, 188, 250, 0, 0, 237, 1, 0, 76, 0, 0, 34, 6, 223]
1546498529194;[171, 0, 17, 255, 161, 72, 68, 188, 250, 0, 0, 239, 1, 0, 77, 0, 0, 32, 6, 251]
1546498529198;[171, 0, 17, 255, 161, 72, 68, 188, 250, 0, 0, 244, 1, 0, 75, 0, 0, 28, 7, 34]
1546498529202;[171, 0, 17, 255, 161, 72, 68, 188, 250, 0, 0, 244, 1, 0, 69, 0, 0, 27, 7, 38]
1546498529206;[171, 0, 17, 255, 161, 72, 68, 188, 250, 0, 0, 237, 1, 0, 75, 0, 0, 27, 7, 6]
1546498529368;[171, 0, 17, 255, 161, 72, 68, 188, 250, 0, 0, 244, 1, 0, 73, 0, 0, 24, 7, 76]
1546498529372;[171, 0, 17, 255, 161, 72, 68, 188, 250, 0, 0, 244, 1, 0, 71, 0, 0, 22, 7, 159]
1546498529376;[171, 0, 17, 255, 161, 72, 68, 188, 251, 0, 0, 241, 1, 0, 73, 0, 0, 18, 7, 223]
1546498529711;[171, 0, 17, 255, 161, 72, 68, 189, 1, 0, 0, 243, 1, 0, 65, 0, 0, 35, 9, 244]
1546498529715;[171, 0, 17, 255, 161, 72, 68, 189, 1, 0, 0, 246, 1, 0, 65, 0, 0, 26, 9, 231]
1546498529884;[171, 0, 17, 255, 161, 72, 68, 189, 1, 0, 0, 241, 1, 0, 66, 0, 0, 15, 9, 217]
1546498530055;[171, 0, 17, 255, 161, 72, 68, 189, 1, 0, 0, 246, 1, 0, 64, 0, 0, 28, 9, 206]
1546498530402;[171, 0, 17, 255, 161, 72, 68, 189, 1, 0, 0, 246, 1, 0, 65, 0, 0, 33, 9, 207]
1546498530406;[171, 0, 17, 255, 161, 72, 68, 189, 1, 0, 0, 247, 1, 0, 62, 0, 0, 30, 9, 204]
1546498530410;[171, 0, 17, 255, 161, 72, 68, 189, 1, 0, 0, 245, 1, 0, 65, 0, 0, 40, 9, 219]
1546498530415;[171, 0, 17, 255, 161, 72, 68, 189, 1, 0, 0, 236, 1, 0, 66, 0, 0, 33, 9, 156]
1546498530573;[171, 0, 17, 255, 161, 72, 68, 189, 2, 0, 0, 252, 1, 0, 60, 0, 0, 40, 9, 148]
1546498530577;[171, 0, 17, 255, 161, 72, 68, 189, 2, 0, 0, 244, 1, 0, 61, 0, 0, 27, 9, 142]
1546498530746;[171, 0, 4, 255, 132, 128, 75]
1546498530918;[171, 0, 17, 255, 161, 72, 68, 189, 2, 0, 0, 243, 1, 0, 69, 0, 0, 44, 9, 118]
1546498530922;[171, 0, 17, 255, 161, 72, 68, 189, 2, 0, 0, 246, 1, 0, 64, 0, 0, 37, 9, 132]
1546498531090;[171, 0, 17, 255, 161, 72, 68, 189, 2, 0, 0, 251, 1, 0, 66, 0, 0, 56, 9, 150]
1546498531095;[171, 0, 17, 255, 161, 72, 68, 189, 2, 0, 0, 237, 1, 0, 73, 0, 0, 40, 9, 168]
1546498531263;[171, 0, 17, 255, 161, 72, 68, 189, 2, 0, 0, 237, 1, 0, 65, 0, 0, 31, 9, 123]
1546498531610;[171, 0, 17, 255, 161, 72, 68, 189, 2, 0, 0, 241, 1, 0, 65, 0, 0, 31, 9, 125]
1546498531614;[171, 0, 17, 255, 161, 72, 68, 189, 2, 0, 0, 246, 1, 0, 64, 0, 0, 32, 9, 157]
1546498531618;[171, 0, 17, 255, 161, 72, 68, 189, 2, 0, 0, 245, 1, 0, 61, 0, 0, 25, 9, 199]
1546498531622;[171, 0, 17, 255, 161, 72, 68, 189, 3, 0, 0, 243, 1, 0, 67, 0, 0, 29, 9, 192]
1546498531781;[171, 0, 17, 255, 161, 72, 68, 189, 3, 0, 0, 229, 1, 0, 79, 0, 0, 34, 9, 121]
1546498531785;[171, 0, 4, 255, 132, 128, 76]
1546498531953;[171, 0, 17, 255, 161, 72, 68, 189, 3, 0, 0, 247, 1, 0, 66, 0, 0, 35, 9, 70]
1546498532127;[171, 0, 17, 255, 161, 72, 68, 189, 3, 0, 0, 247, 1, 0, 68, 0, 0, 35, 9, 15]
1546498532131;[171, 0, 17, 255, 161, 72, 68, 189, 3, 0, 0, 240, 1, 0, 73, 0, 0, 34, 9, 1]
1546498532298;[171, 0, 17, 255, 161, 72, 68, 189, 3, 0, 0, 244, 1, 0, 66, 0, 0, 29, 9, 20]
1546498532302;[171, 0, 17, 255, 161, 72, 68, 189, 3, 0, 0, 223, 1, 0, 69, 0, 0, 32, 8, 229]
1546498532473;[171, 0, 17, 255, 161, 72, 68, 189, 3, 0, 0, 253, 1, 0, 76, 0, 0, 35, 8, 174]
1546498532477;[171, 0, 17, 255, 161, 72, 68, 189, 3, 0, 0, 246, 1, 0, 71, 0, 0, 22, 8, 136]
1546498532644;[171, 0, 17, 255, 161, 72, 68, 189, 3, 0, 0, 241, 1, 0, 69, 0, 0, 17, 8, 81]
1546498532992;[171, 0, 17, 255, 161, 72, 68, 189, 4, 0, 0, 236, 1, 0, 73, 0, 0, 20, 7, 210]
1546498532996;[171, 0, 17, 255, 161, 72, 68, 189, 4, 0, 0, 246, 1, 0, 71, 0, 0, 23, 7, 39]
1546498533000;[171, 0, 4, 255, 132, 128, 76]
1546498533004;[171, 0, 17, 255, 161, 72, 68, 189, 4, 0, 0, 240, 1, 0, 73, 0, 0, 27, 6, 174]
1546498533161;[171, 0, 17, 255, 161, 72, 68, 189, 4, 0, 0, 241, 1, 0, 71, 0, 0, 53, 6, 91]
1546498533334;[171, 0, 17, 255, 161, 72, 68, 189, 4, 0, 0, 246, 1, 0, 69, 0, 0, 45, 6, 192]
1546498533338;[171, 0, 17, 255, 161, 72, 68, 189, 4, 0, 0, 246, 1, 0, 62, 0, 0, 24, 6, 205]
1546498533505;[171, 0, 17, 255, 161, 72, 68, 189, 4, 0, 0, 239, 1, 0, 64, 0, 0, 29, 6, 208]
1546498533509;[171, 0, 17, 255, 161, 72, 68, 189, 4, 0, 0, 247, 1, 0, 66, 0, 0, 32, 6, 154]
1546498533678;[171, 0, 17, 255, 161, 72, 68, 189, 4, 0, 0, 242, 1, 0, 68, 0, 0, 27, 6, 27]
1546498533682;[171, 0, 17, 255, 161, 72, 68, 189, 4, 0, 0, 240, 1, 0, 65, 0, 0, 41, 5, 205]
1546498533850;[171, 0, 17, 255, 161, 72, 68, 189, 5, 0, 1, 3, 1, 0, 60, 0, 0, 36, 5, 223]
1546498534197;[171, 0, 17, 255, 161, 72, 68, 189, 5, 0, 0, 241, 1, 0, 56, 0, 0, 55, 6, 58]
1546498534201;[171, 0, 4, 255, 132, 128, 76]
1546498534205;[171, 0, 17, 255, 161, 72, 68, 189, 5, 0, 0, 236, 1, 0, 64, 0, 0, 60, 6, 109]
1546498534210;[171, 0, 17, 255, 161, 72, 68, 189, 5, 0, 0, 251, 1, 0, 60, 0, 0, 64, 6, 103]
1546498534370;[171, 0, 17, 255, 161, 72, 68, 189, 5, 0, 0, 246, 1, 0, 58, 0, 0, 68, 6, 107]
1546498534374;[171, 0, 17, 255, 161, 72, 68, 189, 5, 0, 0, 238, 1, 0, 64, 0, 0, 46, 6, 110]
1546498534541;[171, 0, 17, 255, 161, 72, 68, 189, 5, 0, 0, 244, 1, 0, 62, 0, 0, 53, 6, 103]
1546498534713;[171, 0, 17, 255, 161, 72, 68, 189, 5, 0, 0, 244, 1, 0, 60, 0, 0, 65, 6, 142]
1546498534717;[171, 0, 17, 255, 161, 72, 68, 189, 5, 0, 0, 240, 1, 0, 59, 0, 0, 53, 6, 199]
1546498534886;[171, 0, 17, 255, 161, 72, 68, 189, 5, 0, 0, 238, 1, 0, 63, 0, 0, 64, 6, 232]
1546498534890;[171, 0, 17, 255, 161, 72, 68, 189, 6, 0, 0, 242, 1, 0, 60, 0, 0, 57, 6, 239]
1546498535058;[171, 0, 17, 255, 161, 72, 68, 189, 6, 0, 0, 245, 1, 0, 60, 0, 0, 57, 7, 0]
1546498535577;[171, 0, 4, 255, 132, 128, 76]
1546498535582;[171, 0, 17, 255, 161, 72, 68, 189, 6, 0, 0, 244, 1, 0, 60, 0, 0, 62, 7, 0]
1546498535586;[171, 0, 17, 255, 161, 72, 68, 189, 6, 0, 0, 243, 1, 0, 61, 0, 0, 63, 7, 3]
1546498535590;[171, 0, 17, 255, 161, 72, 68, 189, 6, 0, 0, 243, 1, 0, 58, 0, 0, 65, 7, 27]
1546498535749;[171, 0, 17, 255, 161, 72, 68, 189, 6, 0, 0, 251, 1, 0, 59, 0, 0, 69, 7, 84]
1546498535753;[171, 0, 17, 255, 161, 72, 68, 189, 6, 0, 0, 240, 1, 0, 61, 0, 0, 61, 7, 121]
1546498535758;[171, 0, 17, 255, 161, 72, 68, 189, 6, 0, 0, 244, 1, 0, 59, 0, 0, 65, 7, 134]
1546498535921;[171, 0, 17, 255, 161, 72, 68, 189, 6, 0, 0, 239, 1, 0, 60, 0, 0, 68, 7, 163]
1546498535925;[171, 0, 17, 255, 161, 72, 68, 189, 6, 0, 0, 246, 1, 0, 56, 0, 0, 68, 7, 159]
1546498536093;[171, 0, 17, 255, 161, 72, 68, 189, 7, 0, 0, 244, 1, 0, 59, 0, 0, 70, 7, 144]
1546498536097;[171, 0, 17, 255, 161, 72, 68, 189, 7, 0, 0, 241, 1, 0, 59, 0, 0, 63, 7, 134]
1546498536265;[171, 0, 4, 255, 132, 128, 77]
1546498536439;[171, 0, 17, 255, 161, 72, 68, 189, 7, 0, 0, 243, 1, 0, 56, 0, 0, 63, 7, 150]
1546498536445;[171, 0, 17, 255, 161, 72, 68, 189, 7, 0, 0, 236, 1, 0, 60, 0, 0, 77, 7, 155]
1546498536786;[171, 0, 17, 255, 161, 72, 68, 189, 7, 0, 0, 238, 1, 0, 62, 0, 0, 87, 7, 59]
1546498536790;[171, 0, 17, 255, 161, 72, 68, 189, 7, 0, 0, 236, 1, 0, 67, 0, 0, 111, 6, 67]
1546498536794;[171, 0, 17, 255, 161, 72, 68, 189, 7, 0, 0, 228, 1, 0, 59, 0, 0, 101, 5, 3]
1546498536798;[171, 0, 17, 255, 161, 72, 68, 189, 7, 0, 0, 246, 1, 0, 57, 0, 0, 101, 4, 190]
1546498536956;[171, 0, 17, 255, 161, 72, 68, 189, 7, 0, 0, 234, 1, 0, 60, 0, 0, 100, 5, 16]
1546498537129;[171, 0, 17, 255, 161, 72, 68, 189, 7, 0, 0, 250, 1, 0, 56, 0, 0, 63, 4, 227]
1546498537133;[171, 0, 17, 255, 161, 72, 68, 189, 8, 0, 0, 253, 1, 0, 60, 0, 0, 68, 4, 157]
1546498537301;[171, 0, 17, 255, 161, 72, 68, 189, 8, 0, 0, 255, 1, 0, 62, 0, 0, 66, 4, 227]
1546498537305;[171, 0, 4, 255, 132, 128, 77]
1546498537473;[171, 0, 17, 255, 161, 72, 68, 189, 8, 0, 0, 239, 1, 0, 65, 0, 0, 58, 4, 192]
1546498537477;[171, 0, 17, 255, 161, 72, 68, 189, 8, 0, 0, 238, 1, 0, 60, 0, 0, 60, 4, 70]
1546498537645;[171, 0, 17, 255, 161, 72, 68, 189, 8, 0, 0, 229, 1, 0, 56, 0, 0, 78, 4, 40]
1546498538165;[171, 0, 17, 255, 161, 72, 68, 189, 8, 0, 1, 3, 1, 0, 57, 0, 0, 121, 3, 219]
1546498538169;[171, 0, 17, 255, 161, 72, 68, 189, 8, 0, 0, 233, 1, 0, 57, 0, 0, 107, 3, 193]
1546498538173;[171, 0, 17, 255, 161, 72, 68, 189, 8, 0, 0, 232, 1, 0, 55, 0, 0, 119, 3, 52]
1546498538178;[171, 0, 17, 255, 161, 72, 68, 189, 8, 0, 0, 234, 1, 0, 58, 0, 0, 99, 3, 51]
1546498538336;[171, 0, 17, 255, 161, 72, 68, 189, 8, 0, 0, 228, 1, 0, 55, 0, 0, 116, 3, 112]
1546498538341;[171, 0, 17, 255, 161, 72, 68, 189, 9, 0, 0, 234, 1, 0, 61, 0, 0, 101, 3, 236]
1546498538345;[171, 0, 17, 255, 161, 72, 68, 189, 9, 0, 0, 229, 1, 0, 61, 0, 0, 106, 4, 149]
1546498538509;[171, 0, 4, 255, 132, 128, 78]
1546498538513;[171, 0, 17, 255, 161, 72, 68, 189, 9, 0, 0, 251, 1, 0, 61, 0, 0, 74, 4, 193]
1546498538681;[171, 0, 17, 255, 161, 72, 68, 189, 9, 0, 1, 7, 1, 0, 70, 0, 0, 85, 4, 33]
1546498538685;[171, 0, 17, 255, 161, 72, 68, 189, 9, 0, 1, 23, 1, 0, 51, 0, 0, 31, 3, 236]
1546498538853;[171, 0, 17, 255, 161, 72, 68, 189, 9, 0, 1, 0, 1, 0, 36, 0, 0, 43, 3, 238]
1546498539027;[171, 0, 17, 255, 161, 72, 68, 189, 9, 0, 0, 210, 1, 0, 43, 1, 0, 31, 4, 85]
1546498539031;[171, 0, 17, 255, 161, 72, 68, 189, 9, 0, 1, 10, 1, 0, 46, 1, 0, 45, 4, 174]
1546498539372;[171, 0, 17, 255, 161, 72, 68, 189, 9, 0, 1, 10, 1, 0, 58, 1, 0, 56, 5, 3]
1546498539376;[171, 0, 17, 255, 161, 72, 68, 189, 9, 0, 0, 173, 1, 0, 73, 1, 0, 158, 5, 41]
1546498539381;[171, 0, 17, 255, 161, 72, 68, 189, 10, 0, 0, 173, 1, 0, 63, 1, 0, 168, 5, 204]
1546498539385;[171, 0, 17, 255, 161, 72, 68, 189, 10, 0, 0, 200, 1, 0, 61, 1, 0, 144, 6, 11]
1546498539543;[171, 0, 4, 255, 132, 128, 78]
1546498539716;[171, 0, 17, 255, 161, 72, 68, 189, 10, 0, 0, 191, 1, 0, 73, 1, 0, 146, 6, 36]
1546498539719;[171, 0, 17, 255, 161, 72, 68, 189, 10, 0, 0, 225, 1, 0, 53, 1, 0, 140, 6, 46]
1546498539889;[171, 0, 17, 255, 161, 72, 68, 189, 10, 0, 0, 200, 1, 0, 65, 1, 0, 135, 6, 96]
1546498539893;[171, 0, 17, 255, 161, 72, 68, 189, 10, 0, 0, 182, 1, 0, 80, 1, 0, 136, 6, 185]
1546498540061;[171, 0, 17, 255, 161, 72, 68, 189, 10, 0, 0, 221, 1, 0, 71, 1, 0, 118, 7, 124]
1546498540234;[171, 0, 17, 255, 161, 72, 68, 189, 10, 0, 0, 184, 1, 0, 24, 1, 0, 191, 8, 16]
1546498540238;[171, 0, 17, 255, 161, 72, 68, 189, 10, 0, 0, 184, 1, 0, 35, 1, 0, 196, 8, 132]
1546498540579;[171, 0, 17, 255, 161, 72, 68, 189, 10, 0, 0, 183, 1, 0, 47, 1, 0, 174, 8, 182]
1546498540584;[171, 0, 17, 255, 161, 72, 68, 189, 11, 0, 0, 166, 1, 0, 55, 1, 0, 180, 8, 191]
1546498540588;[171, 0, 17, 255, 161, 72, 68, 189, 11, 0, 0, 157, 1, 0, 50, 1, 0, 194, 8, 234]
1546498540592;[171, 0, 4, 255, 132, 128, 78]
1546498540752;[171, 0, 17, 255, 161, 72, 68, 189, 11, 0, 0, 151, 1, 0, 48, 1, 0, 197, 9, 0]
1546498540924;[171, 0, 17, 255, 161, 72, 68, 189, 11, 0, 0, 146, 1, 0, 49, 1, 0, 202, 9, 9]
1546498540928;[171, 0, 17, 255, 161, 72, 68, 189, 11, 0, 0, 157, 1, 0, 47, 1, 0, 206, 9, 7]
1546498541096;[171, 0, 17, 255, 161, 72, 68, 189, 11, 0, 0, 128, 1, 0, 55, 1, 0, 206, 8, 248]
1546498541100;[171, 0, 17, 255, 161, 72, 68, 189, 11, 0, 0, 116, 1, 0, 60, 1, 0, 212, 8, 246]
1546498541270;[171, 0, 17, 255, 161, 72, 68, 189, 11, 0, 0, 110, 1, 0, 60, 1, 0, 222, 8, 233]
1546498541274;[171, 0, 17, 255, 161, 72, 68, 189, 11, 0, 0, 85, 1, 0, 60, 1, 0, 230, 8, 206]
1546498541448;[171, 0, 17, 255, 161, 72, 68, 189, 11, 0, 0, 87, 1, 0, 64, 1, 0, 229, 8, 180]
1546498541614;[171, 0, 17, 255, 161, 72, 68, 189, 12, 0, 0, 83, 1, 0, 62, 1, 0, 228, 8, 130]
1546498541618;[171, 0, 17, 255, 161, 72, 68, 189, 12, 0, 0, 80, 1, 0, 65, 1, 0, 229, 8, 76]
1546498541957;[171, 0, 4, 255, 132, 128, 77]
1546498541962;[171, 0, 17, 255, 161, 72, 68, 189, 12, 0, 0, 81, 1, 0, 64, 1, 0, 230, 8, 20]
1546498541966;[171, 0, 17, 255, 161, 72, 68, 189, 12, 0, 0, 76, 1, 0, 61, 1, 0, 234, 7, 231]
1546498542131;[171, 0, 17, 255, 161, 72, 68, 189, 12, 0, 0, 83, 1, 0, 62, 1, 0, 231, 7, 188]
1546498542136;[171, 0, 17, 255, 161, 72, 68, 189, 12, 0, 0, 86, 1, 0, 66, 1, 0, 232, 7, 177]
1546498542303;[171, 0, 17, 255, 161, 72, 68, 189, 12, 0, 0, 80, 1, 0, 68, 1, 0, 229, 7, 143]
1546498542307;[171, 0, 17, 255, 161, 72, 68, 189, 12, 0, 0, 84, 1, 0, 69, 1, 0, 229, 7, 109]
1546498542476;[171, 0, 17, 255, 161, 72, 68, 189, 12, 0, 0, 84, 1, 0, 64, 1, 0, 230, 7, 83]
1546498542479;[171, 0, 17, 255, 161, 72, 68, 189, 12, 0, 0, 85, 1, 0, 65, 1, 0, 230, 7, 45]
1546498542650;[171, 0, 17, 255, 161, 72, 68, 189, 13, 0, 0, 87, 1, 0, 65, 1, 0, 229, 7, 12]
1546498542820;[171, 0, 17, 255, 161, 72, 68, 189, 13, 0, 0, 86, 1, 0, 64, 1, 0, 229, 6, 225]
1546498542824;[171, 0, 4, 255, 132, 128, 76]
1546498543169;[171, 0, 17, 255, 161, 72, 68, 189, 13, 0, 0, 85, 1, 0, 66, 1, 0, 229, 6, 225]
1546498543173;[171, 0, 17, 255, 161, 72, 68, 189, 13, 0, 0, 91, 1, 0, 67, 1, 0, 229, 6, 218]
1546498543177;[171, 0, 17, 255, 161, 72, 68, 189, 13, 0, 0, 86, 1, 0, 70, 1, 0, 228, 6, 203]
1546498543181;[171, 0, 17, 255, 161, 72, 68, 189, 13, 0, 0, 97, 1, 0, 69, 1, 0, 226, 6, 193]
1546498543338;[171, 0, 17, 255, 161, 72, 68, 189, 13, 0, 0, 84, 1, 0, 64, 1, 0, 235, 6, 183]
1546498543511;[171, 0, 17, 255, 161, 72, 68, 189, 13, 0, 0, 91, 1, 0, 65, 1, 0, 229, 6, 160]
1546498543515;[171, 0, 17, 255, 161, 72, 68, 189, 13, 0, 0, 87, 1, 0, 62, 1, 0, 230, 6, 98]
1546498543684;[171, 0, 17, 255, 161, 72, 68, 189, 13, 0, 0, 86, 1, 0, 60, 1, 0, 230, 6, 67]
1546498543688;[171, 0, 17, 255, 161, 72, 68, 189, 14, 0, 0, 83, 1, 0, 59, 1, 0, 230, 6, 35]
1546498543855;[171, 0, 17, 255, 161, 72, 68, 189, 14, 0, 0, 84, 1, 0, 53, 1, 0, 234, 5, 248]
1546498544031;[171, 0, 4, 255, 132, 128, 76]
1546498544035;[171, 0, 17, 255, 161, 72, 68, 189, 14, 0, 0, 84, 1, 0, 58, 1, 0, 231, 5, 185]
1546498544547;[171, 0, 17, 255, 161, 72, 68, 189, 14, 0, 0, 94, 1, 0, 62, 1, 0, 227, 5, 155]
1546498544552;[171, 0, 17, 255, 161, 72, 68, 189, 14, 0, 0, 99, 1, 0, 64, 1, 0, 228, 5, 163]
1546498544556;[171, 0, 17, 255, 161, 72, 68, 189, 14, 0, 0, 99, 1, 0, 61, 1, 0, 229, 5, 163]
1546498544560;[171, 0, 17, 255, 161, 72, 68, 189, 14, 0, 0, 108, 1, 0, 73, 1, 0, 219, 6, 7]
1546498544720;[171, 0, 17, 255, 161, 72, 68, 189, 14, 0, 0, 120, 1, 0, 74, 1, 0, 213, 6, 138]
1546498544724;[171, 0, 17, 255, 161, 72, 68, 189, 14, 0, 0, 120, 1, 0, 77, 1, 0, 213, 6, 240]
1546498544728;[171, 0, 17, 255, 161, 72, 68, 189, 14, 0, 0, 120, 1, 0, 87, 1, 0, 204, 7, 115]
1546498544890;[171, 0, 17, 255, 161, 72, 68, 189, 15, 0, 0, 114, 1, 0, 77, 1, 0, 212, 7, 179]
1546498544894;[171, 0, 17, 255, 161, 72, 68, 189, 15, 0, 0, 108, 1, 0, 75, 1, 0, 223, 7, 195]
1546498545065;[171, 0, 4, 255, 132, 128, 75]
1546498545236;[171, 0, 17, 255, 161, 72, 68, 189, 15, 0, 0, 114, 1, 0, 73, 1, 0, 219, 7, 178]
1546498545240;[171, 0, 17, 255, 161, 72, 68, 189, 15, 0, 0, 124, 1, 0, 78, 1, 0, 209, 7, 183]
1546498545409;[171, 0, 17, 255, 161, 72, 68, 189, 15, 0, 0, 120, 1, 0, 73, 1, 0, 214, 8, 7]
1546498545413;[171, 0, 17, 255, 161, 72, 68, 189, 15, 0, 0, 124, 1, 0, 74, 1, 0, 211, 8, 61]
1546498545755;[171, 0, 17, 255, 161, 72, 68, 189, 15, 0, 0, 126, 1, 0, 76, 1, 0, 211, 8, 117]
1546498545759;[171, 0, 17, 255, 161, 72, 68, 189, 15, 0, 0, 123, 1, 0, 75, 1, 0, 212, 8, 175]
1546498545763;[171, 0, 17, 255, 161, 72, 68, 189, 15, 0, 0, 126, 1, 0, 75, 1, 0, 212, 8, 224]
1546498545927;[171, 0, 17, 255, 161, 72, 68, 189, 15, 0, 0, 127, 1, 0, 74, 1, 0, 213, 8, 254]
1546498545931;[171, 0, 17, 255, 161, 72, 68, 189, 16, 0, 0, 124, 1, 0, 76, 1, 0, 206, 9, 25]
1546498546099;[171, 0, 17, 255, 161, 72, 68, 189, 16, 0, 0, 123, 1, 0, 76, 1, 0, 211, 9, 45]
1546498546103;[171, 0, 4, 255, 132, 128, 77]
1546498546271;[171, 0, 17, 255, 161, 72, 68, 189, 16, 0, 0, 129, 1, 0, 76, 1, 0, 211, 9, 119]
1546498546274;[171, 0, 17, 255, 161, 72, 68, 189, 16, 0, 0, 123, 1, 0, 81, 1, 0, 212, 9, 151]
1546498546443;[171, 0, 17, 255, 161, 72, 68, 189, 16, 0, 0, 127, 1, 0, 75, 1, 0, 212, 9, 173]
1546498546616;[171, 0, 17, 255, 161, 72, 68, 189, 16, 0, 0, 123, 1, 0, 76, 1, 0, 212, 9, 176]
1546498546620;[171, 0, 17, 255, 161, 72, 68, 189, 16, 0, 0, 120, 1, 0, 81, 1, 0, 214, 9, 175]
1546498546961;[171, 0, 17, 255, 161, 72, 68, 189, 16, 0, 0, 120, 1, 0, 86, 1, 0, 211, 9, 143]
1546498546965;[171, 0, 17, 255, 161, 72, 68, 189, 16, 0, 0, 121, 1, 0, 101, 1, 0, 181, 9, 130]
1546498546969;[171, 0, 17, 255, 161, 72, 68, 189, 16, 0, 0, 124, 1, 0, 85, 1, 0, 207, 9, 124]
1546498547134;[171, 0, 17, 255, 161, 72, 68, 189, 17, 0, 0, 114, 1, 0, 89, 1, 0, 206, 9, 100]
1546498547138;[171, 0, 17, 255, 161, 72, 68, 189, 17, 0, 0, 108, 1, 0, 87, 1, 0, 219, 9, 53]
1546498547307;[171, 0, 4, 255, 132, 128, 78]
1546498547311;[171, 0, 17, 255, 161, 72, 68, 189, 17, 0, 0, 116, 1, 0, 86, 1, 0, 219, 8, 248]
1546498547477;[171, 0, 17, 255, 161, 72, 68, 189, 17, 0, 0, 117, 1, 0, 100, 1, 0, 197, 8, 209]
1546498547481;[171, 0, 17, 255, 161, 72, 68, 189, 17, 0, 0, 104, 1, 0, 87, 1, 0, 220, 8, 185]
1546498547651;[171, 0, 17, 255, 161, 72, 68, 189, 17, 0, 0, 112, 1, 0, 75, 1, 0, 217, 8, 202]
1546498547823;[171, 0, 17, 255, 161, 72, 68, 189, 17, 0, 0, 83, 1, 0, 74, 1, 0, 228, 8, 218]
1546498547827;[171, 0, 17, 255, 161, 72, 68, 189, 17, 0, 0, 101, 1, 0, 83, 1, 0, 221, 8, 237]
1546498547996;[171, 0, 17, 255, 161, 72, 68, 189, 17, 0, 0, 123, 1, 0, 76, 1, 0, 206, 8, 197]
1546498548000;[171, 0, 17, 255, 161, 72, 68, 189, 17, 0, 0, 113, 1, 0, 68, 1, 0, 223, 7, 144]
1546498548341;[171, 0, 17, 255, 161, 72, 68, 189, 18, 0, 0, 108, 1, 0, 60, 1, 0, 229, 5, 201]
1546498548345;[171, 0, 17, 255, 161, 72, 68, 189, 18, 0, 0, 102, 1, 0, 60, 1, 0, 211, 4, 75]
1546498548349;[171, 0, 4, 255, 132, 128, 79]
1546498548514;[171, 0, 17, 255, 161, 72, 68, 189, 18, 0, 0, 172, 1, 0, 87, 1, 0, 196, 3, 211]
1546498548517;[171, 0, 17, 255, 161, 72, 68, 189, 18, 0, 0, 132, 1, 0, 80, 1, 0, 210, 3, 251]
1546498548685;[171, 0, 17, 255, 161, 72, 68, 189, 18, 0, 0, 134, 1, 0, 73, 1, 0, 229, 4, 117]
1546498548689;[171, 0, 17, 255, 161, 72, 68, 189, 18, 0, 0, 88, 1, 0, 92, 1, 0, 216, 4, 216]
1546498548858;[171, 0, 17, 255, 161, 72, 68, 189, 18, 0, 0, 131, 1, 0, 93, 1, 0, 218, 5, 212]
1546498549031;[171, 0, 17, 255, 161, 72, 68, 189, 18, 0, 0, 28, 1, 0, 100, 1, 0, 249, 5, 105]
1546498549035;[171, 0, 17, 255, 161, 72, 68, 189, 18, 0, 0, 13, 1, 0, 52, 1, 0, 229, 3, 241]
1546498549235;[171, 0, 17, 255, 161, 72, 68, 189, 18, 1, 0, 9, 1, 0, 72, 1, 1, 6, 2, 39]
1546498549237;[171, 0, 17, 255, 161, 72, 68, 189, 19, 0, 0, 5, 1, 0, 71, 1, 0, 250, 1, 117]
1546498549550;[171, 0, 17, 255, 161, 72, 68, 189, 19, 1, 0, 11, 1, 0, 75, 1, 0, 252, 1, 29]
1546498549554;[171, 0, 4, 255, 132, 128, 79]
1546498549558;[171, 0, 17, 255, 161, 72, 68, 189, 19, 1, 0, 8, 1, 0, 71, 1, 0, 237, 16, 1]
1546498549720;[171, 0, 17, 255, 161, 72, 68, 189, 19, 0, 0, 4, 1, 0, 82, 1, 0, 250, 6, 157]
1546498549725;[171, 0, 17, 255, 161, 72, 68, 189, 19, 0, 0, 21, 1, 0, 81, 1, 0, 242, 5, 184]
1546498549893;[171, 0, 17, 255, 161, 72, 68, 189, 19, 0, 0, 4, 1, 0, 71, 1, 0, 241, 5, 184]
1546498549897;[171, 0, 17, 255, 161, 72, 68, 189, 19, 0, 0, 21, 1, 0, 71, 1, 0, 237, 5, 111]
1546498550067;[171, 0, 17, 255, 161, 72, 68, 189, 19, 0, 0, 13, 1, 0, 66, 1, 0, 243, 5, 37]
1546498550074;[171, 0, 17, 255, 161, 72, 68, 189, 19, 0, 0, 4, 1, 0, 70, 1, 0, 241, 4, 231]
1546498550237;[171, 0, 17, 255, 161, 72, 68, 189, 19, 0, 0, 19, 1, 0, 81, 1, 0, 244, 4, 233]
1546498550412;[171, 0, 17, 255, 161, 72, 68, 189, 20, 0, 0, 6, 1, 0, 74, 1, 0, 244, 4, 212]
1546498550416;[171, 0, 17, 255, 161, 72, 68, 189, 20, 0, 0, 7, 1, 0, 77, 1, 0, 234, 4, 181]
1546498550583;[171, 0, 4, 255, 132, 128, 79]
1546498550588;[171, 0, 17, 255, 161, 72, 68, 189, 20, 0, 0, 7, 1, 0, 81, 1, 0, 237, 4, 146]
1546498550930;[171, 0, 17, 255, 161, 72, 68, 189, 20, 0, 0, 13, 1, 0, 75, 1, 0, 254, 4, 140]
1546498550934;[171, 0, 17, 255, 161, 72, 68, 189, 20, 0, 0, 40, 1, 0, 103, 1, 0, 216, 4, 121]
1546498550938;[171, 0, 17, 255, 161, 72, 68, 189, 20, 0, 0, 0, 1, 0, 74, 1, 0, 241, 4, 73]
1546498551100;[171, 0, 17, 255, 161, 72, 68, 189, 20, 0, 0, 19, 1, 0, 87, 1, 0, 241, 4, 61]
1546498551104;[171, 0, 17, 255, 161, 72, 68, 189, 20, 0, 0, 18, 1, 0, 77, 1, 0, 240, 4, 101]
1546498551274;[171, 0, 17, 255, 161, 72, 68, 189, 20, 0, 0, 18, 1, 0, 74, 1, 0, 241, 4, 86]
1546498551278;[171, 0, 17, 255, 161, 72, 68, 189, 20, 0, 0, 24, 1, 0, 89, 1, 0, 233, 4, 64]
1546498551444;[171, 0, 17, 255, 161, 72, 68, 189, 21, 0, 0, 23, 1, 0, 86, 1, 0, 237, 4, 64]
1546498551792;[171, 0, 17, 255, 161, 72, 68, 189, 23, 0, 0, 27, 1, 0, 86, 1, 0, 238, 6, 71]
1546498551796;[171, 0, 17, 255, 161, 72, 68, 189, 23, 0, 0, 31, 1, 0, 86, 1, 0, 240, 6, 95]
1546498551800;[171, 0, 17, 255, 161, 72, 68, 189, 23, 0, 0, 36, 1, 0, 82, 1, 0, 236, 6, 94]
1546498552136;[171, 0, 17, 255, 161, 72, 68, 189, 23, 0, 0, 27, 1, 0, 82, 1, 0, 238, 6, 87]
1546498552140;[171, 0, 17, 255, 161, 72, 68, 189, 23, 0, 0, 36, 1, 0, 87, 1, 0, 235, 6, 155]
1546498552309;[171, 0, 17, 255, 161, 72, 68, 189, 23, 0, 0, 36, 1, 0, 87, 1, 0, 235, 7, 2]
1546498552313;[171, 0, 17, 255, 161, 72, 68, 189, 23, 0, 0, 32, 1, 0, 87, 1, 0, 237, 7, 57]
1546498552480;[171, 0, 17, 255, 161, 72, 68, 189, 23, 0, 0, 37, 1, 0, 87, 1, 0, 235, 7, 94]
1546498552484;[171, 0, 17, 255, 161, 72, 68, 189, 24, 0, 0, 36, 1, 0, 82, 1, 0, 238, 7, 137]
1546498552653;[171, 0, 17, 255, 161, 72, 68, 189, 24, 0, 0, 32, 1, 0, 86, 1, 0, 237, 7, 150]
1546498552826;[171, 0, 4, 255, 132, 128, 77]
1546498552829;[171, 0, 17, 255, 161, 72, 68, 189, 24, 0, 0, 37, 1, 0, 87, 1, 0, 235, 7, 162]
1546498552999;[171, 0, 17, 255, 161, 72, 68, 189, 24, 0, 0, 38, 1, 0, 86, 1, 0, 240, 7, 223]
1546498553002;[171, 0, 17, 255, 161, 72, 68, 189, 24, 0, 0, 27, 1, 0, 76, 1, 0, 243, 8, 71]
1546498553519;[171, 0, 17, 255, 161, 72, 68, 189, 24, 0, 0, 23, 1, 0, 82, 1, 0, 237, 8, 123]
1546498553524;[171, 0, 17, 255, 161, 72, 68, 189, 24, 0, 0, 68, 1, 0, 88, 1, 0, 230, 7, 243]
1546498553528;[171, 0, 17, 255, 161, 72, 68, 189, 24, 0, 0, 97, 1, 0, 96, 1, 0, 221, 7, 77]
1546498553532;[171, 0, 17, 255, 161, 72, 68, 189, 24, 0, 0, 108, 1, 0, 119, 1, 0, 200, 6, 198]
1546498553689;[171, 0, 17, 255, 161, 72, 68, 189, 24, 0, 0, 93, 1, 0, 125, 1, 0, 185, 6, 163]
1546498553693;[171, 0, 17, 255, 161, 72, 68, 189, 25, 0, 0, 87, 1, 0, 113, 1, 0, 217, 6, 217]
1546498553697;[171, 0, 17, 255, 161, 72, 68, 189, 25, 0, 0, 114, 1, 0, 111, 1, 0, 206, 7, 129]
1546498553860;[171, 0, 4, 255, 132, 128, 77]
1546498554035;[171, 0, 17, 255, 161, 72, 68, 189, 25, 0, 0, 99, 1, 0, 97, 1, 0, 219, 8, 42]
1546498554038;[171, 0, 17, 255, 161, 72, 68, 189, 25, 0, 0, 103, 1, 0, 103, 1, 0, 211, 8, 177]
1546498554205;[171, 0, 17, 255, 161, 72, 68, 189, 25, 0, 0, 103, 1, 0, 102, 1, 0, 211, 9, 44]
