1546498054647;[171, 0, 17, 255, 161, 72, 68, 187, 5, 0, 0, 132, 1, 0, 11, 1, 0, 219, 4, 28]
1546498054662;[171, 0, 17, 255, 161, 72, 68, 187, 5, 0, 0, 139, 1, 0, 14, 1, 0, 219, 3, 242]
1546498054818;[171, 0, 17, 255, 161, 72, 68, 187, 5, 0, 0, 137, 1, 0, 14, 1, 0, 219, 3, 206]
1546498054822;[171, 0, 17, 255, 161, 72, 68, 187, 5, 0, 0, 134, 1, 0, 14, 1, 0, 218, 3, 163]
1546498054991;[171, 0, 17, 255, 161, 72, 68, 187, 5, 0, 0, 141, 1, 0, 15, 1, 0, 219, 3, 221]
1546498055164;[171, 0, 17, 255, 161, 72, 68, 187, 5, 0, 0, 136, 1, 0, 10, 1, 0, 220, 3, 234]
1546498055168;[171, 0, 17, 255, 161, 72, 68, 187, 5, 0, 0, 138, 1, 0, 10, 1, 0, 218, 3, 225]
1546498055511;[171, 0, 17, 255, 161, 72, 68, 187, 5, 0, 0, 137, 1, 0, 10, 1, 0, 219, 3, 224]
1546498055515;[171, 0, 17, 255, 161, 72, 68, 187, 6, 0, 0, 137, 1, 0, 11, 1, 0, 219, 3, 192]
1546498055520;[171, 0, 17, 255, 161, 72, 68, 187, 6, 0, 0, 137, 1, 0, 14, 1, 0, 219, 3, 171]
1546498055524;[171, 0, 4, 255, 132, 128, 78]
1546498055682;[171, 0, 17, 255, 161, 72, 68, 187, 6, 0, 0, 139, 1, 0, 14, 1, 0, 218, 3, 127]
1546498055852;[171, 0, 17, 255, 161, 72, 68, 187, 6, 0, 0, 134, 1, 0, 10, 1, 0, 219, 3, 114]
1546498055856;[171, 0, 17, 255, 161, 72, 68, 187, 6, 0, 0, 139, 1, 0, 14, 1, 0, 219, 3, 176]
1546498056026;[171, 0, 17, 255, 161, 72, 68, 187, 6, 0, 0, 138, 1, 0, 14, 1, 0, 219, 3, 194]
1546498056030;[171, 0, 17, 255, 161, 72, 68, 187, 6, 0, 0, 141, 1, 0, 10, 1, 0, 218, 3, 205]
1546498056212;[171, 0, 17, 255, 161, 72, 68, 187, 6, 0, 0, 135, 1, 0, 15, 1, 0, 219, 3, 210]
1546498056214;[171, 0, 17, 255, 161, 72, 68, 187, 6, 0, 0, 138, 1, 0, 14, 1, 0, 217, 3, 197]
1546498056371;[171, 0, 17, 255, 161, 72, 68, 187, 6, 0, 0, 138, 1, 0, 14, 1, 0, 219, 3, 171]
1546498056718;[171, 0, 17, 255, 161, 72, 68, 187, 7, 0, 0, 141, 1, 0, 10, 1, 0, 217, 3, 137]
1546498056722;[171, 0, 17, 255, 161, 72, 68, 187, 7, 0, 0, 139, 1, 0, 14, 1, 0, 219, 3, 124]
1546498056726;[171, 0, 4, 255, 132, 128, 78]
1546498056731;[171, 0, 17, 255, 161, 72, 68, 187, 7, 0, 0, 137, 1, 0, 14, 1, 0, 219, 3, 192]
1546498056888;[171, 0, 17, 255, 161, 72, 68, 187, 7, 0, 0, 135, 1, 0, 14, 1, 0, 218, 3, 220]
1546498057060;[171, 0, 17, 255, 161, 72, 68, 187, 7, 0, 0, 143, 1, 0, 10, 1, 0, 217, 3, 219]
1546498057064;[171, 0, 17, 255, 161, 72, 68, 187, 7, 0, 0, 141, 1, 0, 10, 1, 0, 217, 3, 226]
1546498057233;[171, 0, 17, 255, 161, 72, 68, 187, 7, 0, 0, 132, 1, 0, 14, 1, 0, 216, 3, 193]
1546498057237;[171, 0, 17, 255, 161, 72, 68, 187, 7, 0, 0, 141, 1, 0, 14, 1, 0, 219, 3, 165]
1546498057406;[171, 0, 17, 255, 161, 72, 68, 187, 7, 0, 0, 137, 1, 0, 14, 1, 0, 219, 3, 137]
1546498057411;[171, 0, 17, 255, 161, 72, 68, 187, 7, 0, 0, 137, 1, 0, 14, 1, 0, 218, 3, 111]
1546498057578;[171, 0, 17, 255, 161, 72, 68, 187, 8, 0, 0, 137, 1, 0, 15, 1, 0, 218, 3, 193]
1546498057751;[171, 0, 17, 255, 161, 72, 68, 187, 8, 0, 0, 139, 1, 0, 14, 1, 0, 219, 3, 241]
1546498057755;[171, 0, 4, 255, 132, 128, 78]
1546498058097;[171, 0, 17, 255, 161, 72, 68, 187, 8, 0, 0, 138, 1, 0, 14, 1, 0, 219, 4, 1]
1546498058101;[171, 0, 17, 255, 161, 72, 68, 187, 8, 0, 0, 139, 1, 0, 14, 1, 0, 214, 4, 15]
1546498058105;[171, 0, 17, 255, 161, 72, 68, 187, 8, 0, 0, 135, 1, 0, 15, 1, 0, 220, 3, 251]
1546498058109;[171, 0, 17, 255, 161, 72, 68, 187, 8, 0, 0, 138, 1, 0, 14, 1, 0, 218, 3, 217]
1546498058268;[171, 0, 17, 255, 161, 72, 68, 187, 8, 0, 0, 119, 1, 0, 9, 1, 0, 224, 3, 215]
1546498058444;[171, 0, 17, 255, 161, 72, 68, 187, 8, 0, 0, 251, 1, 0, 20, 1, 0, 220, 4, 43]
1546498058448;[171, 0, 17, 255, 161, 72, 68, 187, 8, 0, 0, 160, 1, 0, 25, 1, 0, 210, 4, 155]
1546498058613;[171, 0, 17, 255, 161, 72, 68, 187, 8, 0, 0, 63, 1, 0, 80, 1, 0, 195, 4, 215]
1546498058617;[171, 0, 17, 255, 161, 72, 68, 187, 9, 0, 0, 183, 1, 0, 62, 1, 0, 197, 4, 132]
1546498058787;[171, 0, 17, 255, 161, 72, 68, 187, 9, 0, 0, 134, 1, 0, 35, 1, 1, 16, 4, 13]
1546498058959;[171, 0, 4, 255, 132, 128, 78]
1546498058963;[171, 0, 17, 255, 161, 72, 68, 187, 9, 0, 0, 136, 1, 0, 57, 1, 0, 169, 3, 236]
1546498059304;[171, 0, 17, 255, 161, 72, 68, 187, 9, 0, 0, 186, 1, 0, 112, 1, 0, 115, 3, 138]
1546498059308;[171, 0, 17, 255, 161, 72, 68, 187, 9, 0, 0, 249, 1, 0, 112, 1, 0, 176, 3, 63]
1546498059312;[171, 0, 17, 255, 161, 72, 68, 187, 9, 1, 0, 4, 1, 0, 167, 1, 0, 115, 2, 192]
1546498059317;[171, 0, 17, 255, 161, 72, 68, 187, 9, 0, 0, 150, 1, 0, 168, 1, 0, 211, 3, 19]
1546498059475;[171, 0, 17, 255, 161, 72, 68, 187, 9, 0, 0, 11, 1, 0, 190, 1, 0, 92, 2, 65]
1546498059648;[171, 0, 17, 255, 161, 72, 68, 187, 9, 0, 0, 15, 1, 0, 187, 1, 0, 162, 1, 50]
1546498059651;[171, 0, 17, 255, 161, 72, 68, 187, 9, 0, 0, 9, 1, 0, 96, 1, 1, 34, 1, 50]
1546498059821;[171, 0, 17, 255, 161, 72, 68, 187, 10, 0, 0, 69, 1, 0, 142, 1, 0, 191, 16, 185]
1546498059825;[171, 0, 17, 255, 161, 72, 68, 187, 10, 1, 0, 26, 1, 0, 108, 1, 0, 225, 7, 173]
1546498059992;[171, 0, 4, 255, 132, 128, 78]
1546498059996;[171, 0, 17, 255, 161, 72, 68, 187, 10, 0, 0, 28, 1, 0, 64, 1, 0, 220, 7, 135]
1546498060165;[171, 0, 17, 255, 161, 72, 68, 187, 10, 0, 0, 106, 1, 0, 33, 1, 1, 10, 7, 81]
1546498060339;[171, 0, 17, 255, 161, 72, 68, 187, 10, 0, 0, 122, 1, 0, 3, 1, 1, 132, 7, 52]
1546498060343;[171, 0, 17, 255, 161, 72, 68, 187, 10, 0, 0, 65, 1, 0, 29, 1, 0, 227, 7, 126]
1546498060685;[171, 0, 17, 255, 161, 72, 68, 187, 10, 0, 0, 59, 1, 0, 22, 1, 0, 242, 7, 223]
1546498060689;[171, 0, 17, 255, 161, 72, 68, 187, 10, 0, 0, 66, 1, 0, 23, 1, 0, 241, 8, 51]
1546498060693;[171, 0, 17, 255, 161, 72, 68, 187, 10, 0, 0, 77, 1, 0, 23, 1, 0, 244, 8, 146]
1546498060855;[171, 0, 17, 255, 161, 72, 68, 187, 10, 0, 0, 66, 1, 0, 24, 1, 0, 241, 8, 205]
1546498060859;[171, 0, 17, 255, 161, 72, 68, 187, 11, 0, 0, 81, 1, 0, 24, 1, 0, 250, 8, 227]
1546498061030;[171, 0, 17, 255, 161, 72, 68, 187, 11, 0, 0, 30, 0, 0, 2, 1, 1, 71, 8, 219]
1546498061033;[171, 0, 4, 255, 132, 128, 78]
1546498061201;[171, 0, 17, 255, 161, 72, 68, 187, 11, 0, 0, 146, 1, 0, 31, 1, 1, 25, 8, 158]
1546498061205;[171, 0, 17, 255, 161, 72, 68, 187, 11, 0, 0, 177, 1, 0, 87, 1, 0, 71, 9, 253]
1546498061372;[171, 0, 17, 255, 161, 72, 68, 187, 11, 0, 0, 172, 1, 0, 142, 1, 0, 130, 10, 29]
1546498061546;[171, 0, 17, 255, 161, 72, 68, 187, 11, 0, 0, 51, 1, 0, 166, 1, 0, 102, 10, 52]
1546498061550;[171, 0, 17, 255, 161, 72, 68, 187, 11, 0, 1, 30, 1, 0, 191, 0, 0, 41, 10, 58]
1546498061891;[171, 0, 17, 255, 161, 72, 68, 187, 11, 0, 0, 51, 1, 0, 152, 1, 0, 198, 10, 65]
1546498061895;[171, 0, 17, 255, 161, 72, 68, 187, 11, 1, 0, 199, 1, 0, 200, 1, 0, 53, 10, 101]
1546498061899;[171, 0, 17, 255, 161, 72, 68, 187, 11, 0, 0, 225, 1, 0, 118, 1, 0, 66, 9, 229]
1546498062063;[171, 0, 17, 255, 161, 72, 68, 187, 12, 0, 0, 241, 1, 0, 97, 1, 0, 224, 9, 77]
1546498062067;[171, 0, 17, 255, 161, 72, 68, 187, 12, 1, 0, 6, 1, 0, 25, 1, 0, 181, 8, 189]
1546498062235;[171, 0, 4, 255, 132, 128, 78]
1546498062240;[171, 0, 17, 255, 161, 72, 68, 187, 12, 1, 0, 1, 1, 0, 25, 1, 3, 10, 8, 253]
1546498062408;[171, 0, 17, 255, 161, 72, 68, 187, 12, 0, 0, 124, 1, 0, 11, 1, 1, 25, 9, 130]
1546498062412;[171, 0, 17, 255, 161, 72, 68, 187, 12, 0, 0, 93, 1, 0, 16, 1, 0, 243, 9, 228]
1546498062580;[171, 0, 17, 255, 161, 72, 68, 187, 12, 0, 0, 93, 1, 0, 15, 1, 0, 235, 10, 57]
1546498062754;[171, 0, 17, 255, 161, 72, 68, 187, 12, 0, 0, 103, 1, 0, 15, 1, 0, 234, 10, 108]
1546498062758;[171, 0, 17, 255, 161, 72, 68, 187, 12, 0, 0, 93, 1, 0, 15, 1, 0, 235, 10, 146]
1546498063274;[171, 0, 17, 255, 161, 72, 68, 187, 12, 0, 0, 101, 1, 0, 15, 1, 0, 234, 10, 172]
1546498063278;[171, 0, 17, 255, 161, 72, 68, 187, 12, 0, 0, 93, 1, 0, 15, 1, 0, 234, 10, 233]
1546498063282;[171, 0, 17, 255, 161, 72, 68, 187, 13, 0, 0, 101, 1, 0, 14, 1, 0, 232, 11, 114]
1546498063286;[171, 0, 17, 255, 161, 72, 68, 187, 13, 0, 0, 97, 1, 0, 16, 1, 0, 235, 11, 168]
1546498063445;[171, 0, 4, 255, 132, 128, 78]
1546498063449;[171, 0, 17, 255, 161, 72, 68, 187, 13, 0, 0, 101, 1, 0, 16, 1, 0, 232, 11, 217]
1546498063454;[171, 0, 17, 255, 161, 72, 68, 187, 13, 0, 0, 93, 1, 0, 16, 1, 0, 236, 11, 250]
1546498063616;[171, 0, 17, 255, 161, 72, 68, 187, 13, 0, 0, 98, 1, 0, 15, 1, 0, 234, 11, 254]
1546498063620;[171, 0, 17, 255, 161, 72, 68, 187, 13, 0, 0, 101, 1, 0, 16, 1, 0, 235, 11, 230]
1546498063789;[171, 0, 17, 255, 161, 72, 68, 187, 13, 0, 0, 108, 1, 0, 15, 1, 0, 232, 11, 199]
1546498063961;[171, 0, 17, 255, 161, 72, 68, 187, 13, 0, 0, 112, 1, 0, 15, 1, 0, 229, 11, 233]
1546498063965;[171, 0, 17, 255, 161, 72, 68, 187, 13, 0, 0, 111, 1, 0, 14, 1, 0, 230, 12, 55]
1546498064133;[171, 0, 17, 255, 161, 72, 68, 187, 13, 0, 0, 111, 1, 0, 14, 1, 0, 230, 12, 83]
1546498064137;[171, 0, 17, 255, 161, 72, 68, 187, 14, 0, 0, 111, 1, 0, 15, 1, 0, 230, 12, 108]
1546498064479;[171, 0, 17, 255, 161, 72, 68, 187, 14, 0, 0, 106, 1, 0, 15, 1, 0, 230, 12, 104]
1546498064483;[171, 0, 4, 255, 132, 128, 78]
1546498064487;[171, 0, 17, 255, 161, 72, 68, 187, 14, 0, 0, 109, 1, 0, 14, 1, 0, 230, 12, 83]
1546498064651;[171, 0, 17, 255, 161, 72, 68, 187, 14, 0, 0, 111, 1, 0, 14, 1, 0, 230, 12, 54]
1546498064655;[171, 0, 17, 255, 161, 72, 68, 187, 14, 0, 0, 108, 1, 0, 16, 1, 0, 230, 12, 48]
1546498064824;[171, 0, 17, 255, 161, 72, 68, 187, 14, 0, 0, 116, 1, 0, 15, 1, 0, 229, 12, 130]
1546498064828;[171, 0, 17, 255, 161, 72, 68, 187, 14, 0, 0, 104, 1, 0, 15, 1, 0, 232, 12, 152]
1546498064996;[171, 0, 17, 255, 161, 72, 68, 187, 14, 0, 0, 113, 1, 0, 14, 1, 0, 230, 12, 144]
1546498065000;[171, 0, 17, 255, 161, 72, 68, 187, 14, 0, 0, 103, 1, 0, 16, 1, 0, 229, 12, 130]
1546498065169;[171, 0, 17, 255, 161, 72, 68, 187, 14, 0, 0, 110, 1, 0, 17, 1, 0, 229, 12, 96]
1546498065341;[171, 0, 17, 255, 161, 72, 68, 187, 15, 0, 0, 109, 1, 0, 16, 1, 0, 230, 12, 51]
1546498065345;[171, 0, 17, 255, 161, 72, 68, 187, 15, 0, 0, 116, 1, 0, 17, 1, 0, 229, 12, 22]
1546498065687;[171, 0, 4, 255, 132, 128, 78]
1546498065691;[171, 0, 17, 255, 161, 72, 68, 187, 15, 0, 0, 116, 1, 0, 16, 1, 0, 229, 12, 94]
1546498065695;[171, 0, 17, 255, 161, 72, 68, 187, 15, 0, 0, 113, 1, 0, 15, 1, 0, 229, 12, 106]
1546498065857;[171, 0, 17, 255, 161, 72, 68, 187, 15, 0, 0, 117, 1, 0, 15, 1, 0, 228, 12, 116]
1546498065861;[171, 0, 17, 255, 161, 72, 68, 187, 15, 0, 0, 114, 1, 0, 15, 1, 0, 228, 12, 105]
1546498066031;[171, 0, 17, 255, 161, 72, 68, 187, 15, 0, 0, 118, 1, 0, 15, 1, 0, 228, 12, 58]
1546498066035;[171, 0, 17, 255, 161, 72, 68, 187, 15, 0, 0, 111, 1, 0, 15, 1, 0, 228, 12, 2]
1546498066204;[171, 0, 17, 255, 161, 72, 68, 187, 15, 0, 0, 117, 1, 0, 15, 1, 0, 228, 11, 195]
1546498066208;[171, 0, 17, 255, 161, 72, 68, 187, 15, 0, 0, 111, 1, 0, 16, 1, 0, 229, 11, 217]
1546498066375;[171, 0, 17, 255, 161, 72, 68, 187, 16, 0, 0, 114, 1, 0, 15, 1, 0, 228, 11, 217]
1546498066548;[171, 0, 17, 255, 161, 72, 68, 187, 16, 0, 0, 109, 1, 0, 17, 1, 0, 230, 11, 182]
1546498066551;[171, 0, 4, 255, 132, 128, 78]
1546498066721;[171, 0, 17, 255, 161, 72, 68, 187, 16, 0, 0, 116, 1, 0, 17, 1, 0, 228, 11, 151]
1546498066725;[171, 0, 17, 255, 161, 72, 68, 187, 16, 0, 0, 111, 1, 0, 15, 1, 0, 229, 11, 99]
1546498067066;[171, 0, 17, 255, 161, 72, 68, 187, 16, 0, 0, 116, 1, 0, 16, 1, 0, 228, 11, 40]
1546498067070;[171, 0, 17, 255, 161, 72, 68, 187, 16, 0, 0, 111, 1, 0, 17, 1, 0, 228, 10, 242]
1546498067074;[171, 0, 17, 255, 161, 72, 68, 187, 16, 0, 0, 116, 1, 0, 17, 1, 0, 229, 11, 5]
1546498067239;[171, 0, 17, 255, 161, 72, 68, 187, 16, 0, 0, 112, 1, 0, 16, 1, 0, 228, 11, 22]
1546498067243;[171, 0, 17, 255, 161, 72, 68, 187, 16, 0, 0, 114, 1, 0, 15, 1, 0, 229, 11, 2]
1546498067411;[171, 0, 17, 255, 161, 72, 68, 187, 16, 0, 0, 111, 1, 0, 15, 1, 0, 228, 10, 240]
1546498067415;[171, 0, 17, 255, 161, 72, 68, 187, 17, 0, 0, 112, 1, 0, 15, 1, 0, 228, 10, 205]
1546498067756;[171, 0, 17, 255, 161, 72, 68, 187, 19, 0, 0, 101, 1, 0, 14, 1, 0, 235, 9, 251]
1546498067760;[171, 0, 17, 255, 161, 72, 68, 187, 19, 0, 0, 101, 1, 0, 16, 1, 0, 234, 9, 211]
1546498067928;[171, 0, 17, 255, 161, 72, 68, 187, 19, 0, 0, 101, 1, 0, 14, 1, 0, 234, 10, 2]
1546498068274;[171, 0, 17, 255, 161, 72, 68, 187, 19, 0, 0, 103, 1, 0, 15, 1, 0, 234, 10, 58]
1546498068278;[171, 0, 17, 255, 161, 72, 68, 187, 19, 0, 0, 98, 1, 0, 15, 1, 0, 230, 10, 67]
1546498068282;[171, 0, 17, 255, 161, 72, 68, 187, 19, 0, 0, 99, 1, 0, 15, 1, 0, 234, 10, 69]
1546498068446;[171, 0, 17, 255, 161, 72, 68, 187, 19, 0, 0, 101, 1, 0, 15, 1, 0, 234, 10, 42]
1546498068450;[171, 0, 17, 255, 161, 72, 68, 187, 19, 0, 0, 99, 1, 0, 15, 1, 0, 232, 10, 15]
1546498068618;[171, 0, 17, 255, 161, 72, 68, 187, 20, 0, 0, 106, 1, 0, 15, 1, 0, 230, 9, 234]
1546498068622;[171, 0, 17, 255, 161, 72, 68, 187, 20, 0, 0, 98, 1, 0, 15, 1, 0, 235, 9, 210]
1546498068791;[171, 0, 4, 255, 132, 128, 80]
1546498068964;[171, 0, 17, 255, 161, 72, 68, 187, 20, 0, 0, 106, 1, 0, 15, 1, 0, 233, 10, 31]
1546498068968;[171, 0, 17, 255, 161, 72, 68, 187, 20, 0, 0, 101, 1, 0, 16, 1, 0, 235, 10, 60]
1546498069204;[171, 0, 17, 255, 161, 72, 68, 187, 20, 0, 0, 104, 1, 0, 15, 1, 0, 233, 10, 68]
1546498069206;[171, 0, 17, 255, 161, 72, 68, 187, 20, 0, 0, 99, 1, 0, 15, 1, 0, 230, 10, 62]
1546498069654;[171, 0, 17, 255, 161, 72, 68, 187, 20, 0, 0, 103, 1, 0, 15, 1, 0, 233, 10, 47]
1546498069658;[171, 0, 17, 255, 161, 72, 68, 187, 20, 0, 0, 107, 1, 0, 15, 1, 0, 234, 10, 7]
1546498069662;[171, 0, 17, 255, 161, 72, 68, 187, 20, 0, 0, 103, 1, 0, 15, 1, 0, 230, 9, 230]
1546498069666;[171, 0, 17, 255, 161, 72, 68, 187, 20, 0, 0, 103, 1, 0, 15, 1, 0, 232, 9, 194]
1546498069827;[171, 0, 17, 255, 161, 72, 68, 187, 21, 0, 0, 103, 1, 0, 16, 1, 0, 230, 10, 1]
1546498069831;[171, 0, 17, 255, 161, 72, 68, 187, 21, 0, 0, 104, 1, 0, 15, 1, 0, 233, 10, 28]
1546498069835;[171, 0, 4, 255, 132, 128, 80]
1546498069999;[171, 0, 17, 255, 161, 72, 68, 187, 21, 0, 0, 98, 1, 0, 16, 1, 0, 233, 10, 22]
1546498070003;[171, 0, 17, 255, 161, 72, 68, 187, 21, 0, 0, 101, 1, 0, 16, 1, 0, 234, 10, 32]
1546498070171;[171, 0, 17, 255, 161, 72, 68, 187, 21, 0, 0, 101, 1, 0, 15, 1, 0, 235, 10, 10]
1546498070344;[171, 0, 17, 255, 161, 72, 68, 187, 21, 0, 0, 106, 1, 0, 15, 1, 0, 232, 9, 218]
1546498070348;[171, 0, 17, 255, 161, 72, 68, 187, 21, 0, 0, 98, 1, 0, 15, 1, 0, 235, 9, 171]
1546498070516;[171, 0, 17, 255, 161, 72, 68, 187, 21, 0, 0, 101, 1, 0, 16, 1, 0, 232, 9, 137]
1546498070520;[171, 0, 17, 255, 161, 72, 68, 187, 21, 0, 0, 95, 1, 0, 16, 1, 0, 234, 9, 186]
1546498070861;[171, 0, 17, 255, 161, 72, 68, 187, 21, 0, 0, 103, 1, 0, 15, 1, 0, 230, 9, 214]
1546498070865;[171, 0, 17, 255, 161, 72, 68, 187, 22, 0, 0, 101, 1, 0, 16, 1, 0, 233, 9, 205]
1546498070869;[171, 0, 17, 255, 161, 72, 68, 187, 22, 0, 0, 102, 1, 0, 15, 1, 0, 234, 9, 214]
1546498071032;[171, 0, 4, 255, 132, 128, 81]
1546498071036;[171, 0, 17, 255, 161, 72, 68, 187, 22, 0, 0, 99, 1, 0, 14, 1, 0, 230, 9, 185]
1546498071207;[171, 0, 17, 255, 161, 72, 68, 187, 22, 0, 0, 103, 1, 0, 16, 1, 0, 230, 9, 152]
1546498071211;[171, 0, 17, 255, 161, 72, 68, 187, 22, 0, 0, 102, 1, 0, 15, 1, 0, 232, 9, 114]
1546498071378;[171, 0, 17, 255, 161, 72, 68, 187, 22, 0, 0, 101, 1, 0, 15, 1, 0, 232, 9, 66]
1546498071550;[171, 0, 17, 255, 161, 72, 68, 187, 22, 0, 0, 101, 1, 0, 16, 1, 0, 232, 9, 82]
1546498071554;[171, 0, 17, 255, 161, 72, 68, 187, 22, 0, 0, 104, 1, 0, 14, 1, 0, 234, 9, 137]
1546498073707;[171, 0, 17, 255, 161, 72, 68, 187, 22, 0, 0, 103, 1, 0, 15, 1, 0, 232, 9, 120]
1546498073709;[171, 0, 17, 255, 161, 72, 68, 187, 22, 0, 0, 104, 1, 0, 15, 1, 0, 232, 9, 119]
1546498073710;[171, 0, 17, 255, 161, 72, 68, 187, 23, 0, 0, 107, 1, 0, 17, 1, 0, 230, 9, 112]
1546498073712;[171, 0, 17, 255, 161, 72, 68, 187, 23, 0, 0, 109, 1, 0, 18, 1, 0, 230, 9, 75]
1546498073713;[171, 0, 4, 255, 132, 128, 81]
1546498073716;[171, 0, 17, 255, 161, 72, 68, 187, 23, 0, 0, 104, 1, 0, 15, 1, 0, 230, 9, 30]
1546498073717;[171, 0, 17, 255, 161, 72, 68, 187, 23, 0, 0, 106, 1, 0, 16, 1, 0, 231, 8, 252]
1546498073719;[171, 0, 17, 255, 161, 72, 68, 187, 23, 0, 0, 107, 1, 0, 15, 1, 0, 230, 8, 244]
1546498073720;[171, 0, 17, 255, 161, 72, 68, 187, 23, 0, 0, 103, 1, 0, 15, 1, 0, 233, 9, 40]
1546498073725;[171, 0, 17, 255, 161, 72, 68, 187, 23, 0, 0, 101, 1, 0, 15, 1, 0, 234, 9, 23]
1546498073726;[171, 0, 17, 255, 161, 72, 68, 187, 23, 0, 0, 101, 1, 0, 12, 1, 0, 232, 9, 13]
1546498073728;[171, 0, 17, 255, 161, 72, 68, 187, 23, 0, 0, 101, 1, 0, 15, 1, 0, 234, 9, 3]
1546498073729;[171, 0, 17, 255, 161, 72, 68, 187, 23, 0, 0, 101, 1, 0, 15, 1, 0, 234, 8, 232]
1546498073731;[171, 0, 17, 255, 161, 72, 68, 187, 24, 0, 0, 103, 1, 0, 16, 1, 0, 232, 8, 186]
1546498073733;[171, 0, 17, 255, 161, 72, 68, 187, 24, 0, 0, 103, 1, 0, 15, 1, 0, 232, 8, 142]
1546498073736;[171, 0, 4, 255, 132, 128, 80]
1546498073742;[171, 0, 17, 255, 161, 72, 68, 187, 24, 0, 0, 103, 1, 0, 15, 1, 0, 232, 8, 118]
1546498073744;[171, 0, 17, 255, 161, 72, 68, 187, 24, 0, 0, 101, 1, 0, 15, 1, 0, 234, 8, 192]
1546498073745;[171, 0, 17, 255, 161, 72, 68, 187, 24, 0, 0, 103, 1, 0, 15, 1, 0, 232, 8, 212]
1546498073747;[171, 0, 17, 255, 161, 72, 68, 187, 24, 0, 0, 103, 1, 0, 15, 1, 0, 232, 8, 224]
1546498073749;[171, 0, 17, 255, 161, 72, 68, 187, 24, 0, 0, 101, 1, 0, 16, 1, 0, 234, 8, 224]
1546498073793;[171, 0, 17, 255, 161, 72, 68, 187, 24, 0, 0, 103, 1, 0, 15, 1, 0, 234, 8, 216]
1546498073797;[171, 0, 17, 255, 161, 72, 68, 187, 24, 0, 0, 103, 1, 0, 15, 1, 0, 233, 8, 188]
1546498073967;[171, 0, 17, 255, 161, 72, 68, 187, 24, 0, 0, 104, 1, 0, 15, 1, 0, 232, 8, 158]
1546498074139;[171, 0, 17, 255, 161, 72, 68, 187, 25, 0, 0, 103, 1, 0, 16, 1, 0, 230, 8, 162]
1546498074142;[171, 0, 17, 255, 161, 72, 68, 187, 25, 0, 0, 101, 1, 0, 15, 1, 0, 230, 8, 236]
1546498074312;[171, 0, 4, 255, 132, 128, 80]
1546498074316;[171, 0, 17, 255, 161, 72, 68, 187, 25, 0, 0, 98, 1, 0, 15, 1, 0, 232, 9, 22]
1546498074657;[171, 0, 17, 255, 161, 72, 68, 187, 25, 0, 0, 103, 1, 0, 15, 1, 0, 232, 9, 38]
1546498074661;[171, 0, 17, 255, 161, 72, 68, 187, 25, 0, 0, 104, 1, 0, 15, 1, 0, 234, 9, 56]
1546498074665;[171, 0, 17, 255, 161, 72, 68, 187, 25, 0, 0, 101, 1, 0, 15, 1, 0, 233, 9, 60]
1546498074829;[171, 0, 17, 255, 161, 72, 68, 187, 25, 0, 0, 101, 1, 0, 15, 1, 0, 234, 9, 49]
1546498074833;[171, 0, 17, 255, 161, 72, 68, 187, 25, 0, 0, 106, 1, 0, 16, 1, 0, 232, 9, 29]
1546498075000;[171, 0, 17, 255, 161, 72, 68, 187, 25, 0, 0, 106, 1, 0, 16, 1, 0, 233, 9, 13]
1546498075004;[171, 0, 17, 255, 161, 72, 68, 187, 25, 0, 0, 101, 1, 0, 15, 1, 0, 232, 9, 115]
1546498075172;[171, 0, 17, 255, 161, 72, 68, 187, 26, 0, 0, 99, 1, 0, 15, 1, 0, 230, 9, 166]
1546498075342;[171, 0, 17, 255, 161, 72, 68, 187, 26, 0, 0, 102, 1, 0, 15, 1, 0, 234, 9, 195]
1546498075344;[171, 0, 4, 255, 132, 128, 80]
1546498075513;[171, 0, 17, 255, 161, 72, 68, 187, 26, 0, 0, 101, 1, 0, 16, 1, 0, 230, 9, 209]
1546498075516;[171, 0, 17, 255, 161, 72, 68, 187, 26, 0, 0, 104, 1, 0, 15, 1, 0, 232, 9, 199]
1546498075690;[171, 0, 17, 255, 161, 72, 68, 187, 26, 0, 0, 103, 1, 0, 15, 1, 0, 232, 9, 181]
1546498076037;[171, 0, 17, 255, 161, 72, 68, 187, 26, 0, 0, 103, 1, 0, 14, 1, 0, 232, 9, 150]
1546498076042;[171, 0, 17, 255, 161, 72, 68, 187, 26, 0, 0, 107, 1, 0, 16, 1, 0, 234, 9, 121]
1546498076046;[171, 0, 17, 255, 161, 72, 68, 187, 26, 0, 0, 106, 1, 0, 15, 1, 0, 229, 9, 184]
1546498076050;[171, 0, 17, 255, 161, 72, 68, 187, 26, 0, 0, 103, 1, 0, 16, 1, 0, 232, 9, 243]
1546498076208;[171, 0, 17, 255, 161, 72, 68, 187, 26, 0, 0, 104, 1, 0, 15, 1, 0, 233, 10, 6]
1546498076219;[171, 0, 17, 255, 161, 72, 68, 187, 27, 0, 0, 103, 1, 0, 14, 1, 0, 232, 10, 18]
1546498076380;[171, 0, 17, 255, 161, 72, 68, 187, 27, 0, 0, 101, 1, 0, 16, 1, 0, 232, 10, 7]
1546498076554;[171, 0, 4, 255, 132, 128, 79]
1546498076558;[171, 0, 17, 255, 161, 72, 68, 187, 27, 0, 0, 103, 1, 0, 15, 1, 0, 234, 9, 240]
1546498076726;[171, 0, 17, 255, 161, 72, 68, 187, 27, 0, 0, 103, 1, 0, 16, 1, 0, 232, 9, 204]
1546498076730;[171, 0, 17, 255, 161, 72, 68, 187, 27, 0, 0, 103, 1, 0, 16, 1, 0, 234, 9, 162]
1546498076898;[171, 0, 17, 255, 161, 72, 68, 187, 27, 0, 0, 101, 1, 0, 15, 1, 0, 232, 9, 188]
1546498076902;[171, 0, 17, 255, 161, 72, 68, 187, 27, 0, 0, 103, 1, 0, 16, 1, 0, 234, 9, 237]
1546498077245;[171, 0, 17, 255, 161, 72, 68, 187, 27, 0, 0, 103, 1, 0, 17, 1, 0, 232, 9, 251]
1546498077250;[171, 0, 17, 255, 161, 72, 68, 187, 27, 0, 0, 101, 1, 0, 16, 1, 0, 234, 9, 250]
1546498077256;[171, 0, 17, 255, 161, 72, 68, 187, 27, 0, 0, 101, 1, 0, 16, 1, 0, 230, 9, 240]
1546498077415;[171, 0, 17, 255, 161, 72, 68, 187, 28, 0, 0, 99, 1, 0, 15, 1, 0, 234, 9, 209]
1546498077418;[171, 0, 17, 255, 161, 72, 68, 187, 28, 0, 0, 101, 1, 0, 14, 1, 0, 234, 9, 177]
1546498077587;[171, 0, 4, 255, 132, 128, 79]
1546498077763;[171, 0, 17, 255, 161, 72, 68, 187, 28, 0, 0, 101, 1, 0, 15, 1, 0, 230, 9, 137]
1546498077767;[171, 0, 17, 255, 161, 72, 68, 187, 28, 0, 0, 101, 1, 0, 17, 1, 0, 234, 9, 67]
1546498077934;[171, 0, 17, 255, 161, 72, 68, 187, 28, 0, 0, 104, 1, 0, 16, 1, 0, 232, 9, 67]
1546498077937;[171, 0, 17, 255, 161, 72, 68, 187, 28, 0, 0, 103, 1, 0, 14, 1, 0, 234, 9, 1]
1546498078106;[171, 0, 17, 255, 161, 72, 68, 187, 28, 0, 0, 101, 1, 0, 15, 1, 0, 235, 8, 206]
1546498078110;[171, 0, 17, 255, 161, 72, 68, 187, 28, 0, 0, 91, 1, 0, 17, 1, 0, 237, 8, 162]
1546498078626;[171, 0, 17, 255, 161, 72, 68, 187, 28, 0, 0, 93, 1, 0, 16, 1, 1, 16, 8, 5]
1546498078630;[171, 0, 17, 255, 161, 72, 68, 187, 28, 0, 0, 119, 1, 0, 23, 1, 1, 48, 7, 159]
1546498078634;[171, 0, 17, 255, 161, 72, 68, 187, 29, 0, 0, 136, 1, 0, 53, 1, 0, 243, 7, 250]
1546498078638;[171, 0, 17, 255, 161, 72, 68, 187, 29, 0, 0, 111, 1, 0, 111, 1, 0, 160, 8, 91]
1546498078796;[171, 0, 4, 255, 132, 128, 78]
1546498078800;[171, 0, 17, 255, 161, 72, 68, 187, 29, 0, 0, 17, 1, 0, 181, 1, 0, 88, 8, 175]
1546498078804;[171, 0, 17, 255, 161, 72, 68, 187, 29, 0, 0, 6, 1, 0, 224, 1, 0, 78, 8, 242]
1546498078967;[171, 0, 17, 255, 161, 72, 68, 187, 29, 0, 0, 18, 1, 0, 230, 1, 0, 97, 9, 8]
1546498079141;[171, 0, 17, 255, 161, 72, 68, 187, 29, 0, 0, 19, 1, 0, 225, 1, 0, 115, 9, 16]
1546498079145;[171, 0, 17, 255, 161, 72, 68, 187, 29, 0, 0, 18, 1, 0, 225, 1, 0, 122, 9, 18]
1546498079313;[171, 0, 17, 255, 161, 72, 68, 187, 29, 0, 0, 22, 1, 0, 217, 1, 0, 124, 8, 248]
1546498079317;[171, 0, 17, 255, 161, 72, 68, 187, 29, 0, 0, 31, 1, 0, 221, 1, 0, 115, 8, 231]
1546498079485;[171, 0, 17, 255, 161, 72, 68, 187, 29, 0, 0, 25, 1, 0, 219, 1, 0, 119, 8, 213]
1546498079832;[171, 0, 17, 255, 161, 72, 68, 187, 30, 0, 0, 27, 1, 0, 217, 1, 0, 124, 8, 239]
1546498079836;[171, 0, 17, 255, 161, 72, 68, 187, 30, 0, 0, 29, 1, 0, 219, 1, 0, 109, 9, 81]
1546498079840;[171, 0, 4, 255, 132, 128, 78]
1546498079844;[171, 0, 17, 255, 161, 72, 68, 187, 30, 0, 0, 63, 1, 0, 215, 1, 0, 137, 9, 110]
1546498080004;[171, 0, 17, 255, 161, 72, 68, 187, 30, 0, 0, 43, 1, 0, 217, 1, 0, 127, 9, 133]
1546498080007;[171, 0, 17, 255, 161, 72, 68, 187, 30, 0, 0, 43, 1, 0, 217, 1, 0, 122, 9, 117]
1546498080176;[171, 0, 17, 255, 161, 72, 68, 187, 30, 0, 0, 38, 1, 0, 214, 1, 0, 121, 9, 83]
1546498080350;[171, 0, 17, 255, 161, 72, 68, 187, 30, 0, 0, 40, 1, 0, 217, 1, 0, 112, 9, 99]
1546498080353;[171, 0, 17, 255, 161, 72, 68, 187, 30, 0, 0, 42, 1, 0, 209, 1, 0, 140, 9, 85]
1546498080520;[171, 0, 17, 255, 161, 72, 68, 187, 30, 0, 0, 52, 1, 0, 217, 1, 0, 129, 9, 92]
1546498080524;[171, 0, 17, 255, 161, 72, 68, 187, 30, 0, 0, 44, 1, 0, 209, 1, 0, 124, 9, 106]
1546498080694;[171, 0, 17, 255, 161, 72, 68, 187, 31, 0, 0, 58, 1, 0, 215, 1, 0, 121, 9, 123]
1546498080698;[171, 0, 17, 255, 161, 72, 68, 187, 31, 0, 0, 36, 1, 0, 215, 1, 0, 112, 9, 138]
1546498081040;[171, 0, 4, 255, 132, 128, 78]
1546498081044;[171, 0, 17, 255, 161, 72, 68, 187, 31, 0, 0, 63, 1, 0, 217, 1, 0, 130, 9, 143]
1546498081048;[171, 0, 17, 255, 161, 72, 68, 187, 31, 0, 0, 88, 1, 0, 214, 1, 0, 109, 9, 112]
1546498081210;[171, 0, 17, 255, 161, 72, 68, 187, 31, 0, 0, 64, 1, 0, 217, 1, 0, 111, 9, 64]
1546498081213;[171, 0, 17, 255, 161, 72, 68, 187, 31, 0, 0, 66, 1, 0, 215, 1, 0, 113, 9, 9]
1546498081382;[171, 0, 17, 255, 161, 72, 68, 187, 31, 0, 0, 64, 1, 0, 217, 1, 0, 109, 8, 236]
1546498081557;[171, 0, 17, 255, 161, 72, 68, 187, 31, 0, 0, 44, 1, 0, 212, 1, 0, 133, 8, 254]
1546498081561;[171, 0, 17, 255, 161, 72, 68, 187, 31, 0, 0, 29, 1, 0, 220, 1, 0, 112, 8, 250]
1546498081728;[171, 0, 17, 255, 161, 72, 68, 187, 31, 0, 0, 51, 1, 0, 217, 1, 0, 120, 8, 254]
1546498081732;[171, 0, 17, 255, 161, 72, 68, 187, 32, 0, 0, 41, 1, 0, 217, 1, 0, 114, 8, 248]
1546498081901;[171, 0, 17, 255, 161, 72, 68, 187, 32, 0, 0, 36, 1, 0, 219, 1, 0, 117, 8, 237]
1546498081905;[171, 0, 4, 255, 132, 128, 77]
1546498082074;[171, 0, 17, 255, 161, 72, 68, 187, 32, 0, 0, 48, 1, 0, 218, 1, 0, 117, 8, 235]
1546498082420;[171, 0, 17, 255, 161, 72, 68, 187, 32, 0, 0, 37, 1, 0, 221, 1, 0, 110, 8, 222]
1546498082424;[171, 0, 17, 255, 161, 72, 68, 187, 32, 0, 0, 48, 1, 0, 219, 1, 0, 120, 9, 35]
1546498082428;[171, 0, 17, 255, 161, 72, 68, 187, 32, 0, 0, 54, 1, 0, 220, 1, 0, 114, 9, 91]
1546498082433;[171, 0, 17, 255, 161, 72, 68, 187, 32, 0, 0, 43, 1, 0, 215, 1, 0, 117, 9, 128]
1546498082591;[171, 0, 17, 255, 161, 72, 68, 187, 32, 0, 0, 52, 1, 0, 219, 1, 0, 110, 9, 167]
1546498082764;[171, 0, 17, 255, 161, 72, 68, 187, 32, 0, 0, 49, 1, 0, 219, 1, 0, 108, 9, 180]
1546498082768;[171, 0, 17, 255, 161, 72, 68, 187, 32, 0, 0, 55, 1, 0, 218, 1, 0, 111, 9, 198]
1546498082936;[171, 0, 17, 255, 161, 72, 68, 187, 33, 0, 0, 51, 1, 0, 215, 1, 0, 120, 9, 209]
1546498082940;[171, 0, 17, 255, 161, 72, 68, 187, 33, 0, 0, 56, 1, 0, 219, 1, 0, 115, 10, 2]
1546498083109;[171, 0, 4, 255, 132, 128, 77]
1546498083113;[171, 0, 17, 255, 161, 72, 68, 187, 33, 0, 0, 51, 1, 0, 217, 1, 0, 120, 10, 102]
1546498083281;[171, 0, 17, 255, 161, 72, 68, 187, 33, 0, 0, 52, 1, 0, 217, 1, 0, 120, 10, 174]
1546498083627;[171, 0, 17, 255, 161, 72, 68, 187, 33, 0, 0, 40, 1, 0, 220, 1, 0, 112, 10, 209]
1546498083631;[171, 0, 17, 255, 161, 72, 68, 187, 33, 0, 0, 59, 1, 0, 222, 1, 0, 109, 10, 227]
1546498083636;[171, 0, 17, 255, 161, 72, 68, 187, 33, 0, 0, 55, 1, 0, 219, 1, 0, 109, 10, 207]
1546498083640;[171, 0, 17, 255, 161, 72, 68, 187, 33, 0, 0, 49, 1, 0, 219, 1, 0, 122, 10, 162]
1546498083798;[171, 0, 17, 255, 161, 72, 68, 187, 33, 0, 0, 58, 1, 0, 217, 1, 0, 117, 10, 108]
1546498083802;[171, 0, 17, 255, 161, 72, 68, 187, 33, 0, 0, 54, 1, 0, 218, 1, 0, 123, 10, 155]
1546498083972;[171, 0, 17, 255, 161, 72, 68, 187, 34, 0, 0, 43, 1, 0, 215, 1, 0, 125, 10, 217]
1546498084143;[171, 0, 17, 255, 161, 72, 68, 187, 34, 0, 0, 42, 1, 0, 215, 1, 0, 122, 10, 249]
1546498084147;[171, 0, 4, 255, 132, 128, 76]
1546498084316;[171, 0, 17, 255, 161, 72, 68, 187, 34, 0, 0, 56, 1, 0, 215, 1, 0, 118, 11, 4]
1546498084320;[171, 0, 17, 255, 161, 72, 68, 187, 34, 0, 0, 53, 1, 0, 209, 1, 0, 125, 10, 235]
1546498084487;[171, 0, 17, 255, 161, 72, 68, 187, 34, 0, 0, 57, 1, 0, 213, 1, 0, 123, 10, 207]
1546498084661;[171, 0, 17, 255, 161, 72, 68, 187, 34, 0, 0, 55, 1, 0, 212, 1, 0, 121, 10, 162]
1546498084665;[171, 0, 17, 255, 161, 72, 68, 187, 34, 0, 0, 51, 1, 0, 210, 1, 0, 124, 10, 117]
1546498085007;[171, 0, 17, 255, 161, 72, 68, 187, 34, 0, 0, 43, 1, 0, 209, 1, 0, 126, 10, 162]
1546498085011;[171, 0, 17, 255, 161, 72, 68, 187, 34, 0, 0, 81, 1, 0, 204, 1, 0, 121, 10, 206]
1546498085015;[171, 0, 17, 255, 161, 72, 68, 187, 34, 0, 0, 78, 1, 0, 200, 1, 0, 133, 10, 212]
1546498085019;[171, 0, 17, 255, 161, 72, 68, 187, 35, 0, 0, 71, 1, 0, 204, 1, 0, 128, 10, 217]
1546498085178;[171, 0, 17, 255, 161, 72, 68, 187, 35, 0, 0, 71, 1, 0, 202, 1, 0, 125, 10, 185]
1546498085351;[171, 0, 4, 255, 132, 128, 76]
1546498085356;[171, 0, 17, 255, 161, 72, 68, 187, 35, 0, 0, 66, 1, 0, 203, 1, 0, 145, 10, 136]
1546498085523;[171, 0, 17, 255, 161, 72, 68, 187, 35, 0, 0, 63, 1, 0, 202, 1, 0, 125, 10, 96]
1546498085529;[171, 0, 17, 255, 161, 72, 68, 187, 35, 0, 0, 61, 1, 0, 203, 1, 0, 131, 10, 47]
1546498085696;[171, 0, 17, 255, 161, 72, 68, 187, 35, 0, 0, 93, 1, 0, 193, 1, 0, 128, 10, 11]
1546498085700;[171, 0, 17, 255, 161, 72, 68, 187, 35, 0, 0, 116, 1, 0, 181, 1, 0, 153, 10, 57]
1546498085868;[171, 0, 17, 255, 161, 72, 68, 187, 35, 0, 0, 113, 1, 0, 177, 1, 0, 147, 10, 89]
1546498086215;[171, 0, 17, 255, 161, 72, 68, 187, 35, 0, 0, 104, 1, 0, 178, 1, 0, 157, 10, 84]
1546498086219;[171, 0, 17, 255, 161, 72, 68, 187, 35, 0, 0, 113, 1, 0, 179, 1, 0, 142, 10, 64]
1546498086223;[171, 0, 17, 255, 161, 72, 68, 187, 36, 0, 0, 113, 1, 0, 183, 1, 0, 139, 10, 21]
1546498086227;[171, 0, 17, 255, 161, 72, 68, 187, 36, 0, 0, 117, 1, 0, 183, 1, 0, 134, 9, 209]
1546498086386;[171, 0, 4, 255, 132, 128, 76]
1546498086559;[171, 0, 17, 255, 161, 72, 68, 187, 36, 0, 0, 103, 1, 0, 190, 1, 0, 141, 9, 141]
1546498086563;[171, 0, 17, 255, 161, 72, 68, 187, 36, 0, 0, 86, 1, 0, 192, 1, 0, 126, 9, 51]
1546498086730;[171, 0, 17, 255, 161, 72, 68, 187, 36, 0, 0, 84, 1, 0, 195, 1, 0, 133, 8, 235]
1546498086734;[171, 0, 17, 255, 161, 72, 68, 187, 36, 0, 0, 86, 1, 0, 199, 1, 0, 126, 8, 234]
1546498086904;[171, 0, 17, 255, 161, 72, 68, 187, 36, 0, 0, 80, 1, 0, 197, 1, 0, 134, 8, 215]
1546498086909;[171, 0, 17, 255, 161, 72, 68, 187, 36, 0, 0, 91, 1, 0, 199, 1, 0, 131, 8, 174]
1546498087075;[171, 0, 17, 255, 161, 72, 68, 187, 36, 0, 0, 84, 1, 0, 199, 1, 0, 130, 8, 140]
1546498087595;[171, 0, 17, 255, 161, 72, 68, 187, 36, 0, 0, 91, 1, 0, 197, 1, 0, 131, 8, 93]
1546498087599;[171, 0, 17, 255, 161, 72, 68, 187, 37, 0, 0, 83, 1, 0, 194, 1, 0, 135, 8, 38]
1546498087603;[171, 0, 17, 255, 161, 72, 68, 187, 37, 0, 0, 87, 1, 0, 196, 1, 0, 128, 7, 229]
1546498087607;[171, 0, 4, 255, 132, 128, 76]
1546498087767;[171, 0, 17, 255, 161, 72, 68, 187, 37, 0, 0, 81, 1, 0, 197, 1, 0, 133, 7, 157]
1546498087771;[171, 0, 17, 255, 161, 72, 68, 187, 37, 0, 0, 91, 1, 0, 199, 1, 0, 135, 7, 99]
1546498087774;[171, 0, 17, 255, 161, 72, 68, 187, 37, 0, 0, 83, 1, 0, 199, 1, 0, 131, 7, 91]
1546498087938;[171, 0, 17, 255, 161, 72, 68, 187, 37, 0, 0, 91, 1, 0, 196, 1, 0, 128, 7, 61]
1546498087942;[171, 0, 17, 255, 161, 72, 68, 187, 37, 0, 0, 86, 1, 0, 197, 1, 0, 132, 7, 30]
1546498088112;[171, 0, 17, 255, 161, 72, 68, 187, 37, 0, 0, 81, 1, 0, 200, 1, 0, 128, 6, 249]
1546498088116;[171, 0, 17, 255, 161, 72, 68, 187, 37, 0, 0, 86, 1, 0, 200, 1, 0, 134, 6, 213]
1546498088283;[171, 0, 17, 255, 161, 72, 68, 187, 37, 0, 0, 85, 1, 0, 199, 1, 0, 126, 6, 171]
1546498088455;[171, 0, 17, 255, 161, 72, 68, 187, 38, 0, 0, 84, 1, 0, 201, 1, 0, 135, 6, 136]
1546498088465;[171, 0, 17, 255, 161, 72, 68, 187, 38, 0, 0, 91, 1, 0, 200, 1, 0, 129, 6, 84]
1546498088803;[171, 0, 4, 255, 132, 128, 76]
1546498088807;[171, 0, 17, 255, 161, 72, 68, 187, 38, 0, 0, 84, 1, 0, 200, 1, 0, 135, 6, 71]
1546498088811;[171, 0, 17, 255, 161, 72, 68, 187, 38, 0, 0, 91, 1, 0, 197, 1, 0, 131, 6, 72]
1546498088815;[171, 0, 17, 255, 161, 72, 68, 187, 38, 0, 0, 80, 1, 0, 199, 1, 0, 131, 6, 45]
1546498088974;[171, 0, 17, 255, 161, 72, 68, 187, 38, 0, 0, 85, 1, 0, 197, 1, 0, 134, 6, 25]
1546498089146;[171, 0, 17, 255, 161, 72, 68, 187, 38, 0, 0, 87, 1, 0, 200, 1, 0, 134, 6, 3]
1546498089150;[171, 0, 17, 255, 161, 72, 68, 187, 38, 0, 0, 86, 1, 0, 199, 1, 0, 130, 5, 214]
1546498089318;[171, 0, 17, 255, 161, 72, 68, 187, 38, 0, 0, 73, 1, 0, 193, 1, 0, 158, 5, 153]
1546498089322;[171, 0, 17, 255, 161, 72, 68, 187, 38, 0, 0, 4, 1, 0, 206, 1, 0, 140, 5, 20]
1546498089490;[171, 0, 17, 255, 161, 72, 68, 187, 39, 0, 0, 13, 1, 0, 202, 1, 0, 148, 4, 123]
1546498089663;[171, 0, 17, 255, 161, 72, 68, 187, 41, 0, 0, 2, 1, 0, 199, 1, 0, 158, 5, 93]
1546498090009;[171, 0, 17, 255, 161, 72, 68, 187, 41, 0, 0, 0, 1, 0, 203, 1, 0, 157, 5, 74]
1546498090013;[171, 0, 17, 255, 161, 72, 68, 187, 41, 1, 0, 3, 1, 0, 204, 1, 0, 153, 4, 240]
1546498090017;[171, 0, 17, 255, 161, 72, 68, 187, 41, 0, 0, 13, 1, 0, 200, 1, 0, 158, 4, 177]
1546498090180;[171, 0, 17, 255, 161, 72, 68, 187, 41, 1, 0, 1, 1, 0, 203, 1, 0, 157, 4, 80]
1546498090353;[171, 0, 17, 255, 161, 72, 68, 187, 41, 0, 0, 11, 1, 0, 203, 1, 0, 157, 4, 81]
1546498090356;[171, 0, 17, 255, 161, 72, 68, 187, 41, 1, 0, 4, 1, 0, 200, 1, 0, 163, 4, 42]
1546498090527;[171, 0, 17, 255, 161, 72, 68, 187, 41, 0, 0, 3, 1, 0, 203, 1, 0, 138, 4, 41]
1546498090531;[171, 0, 17, 255, 161, 72, 68, 187, 42, 0, 0, 12, 1, 0, 196, 1, 0, 163, 4, 165]
1546498090698;[171, 0, 17, 255, 161, 72, 68, 187, 42, 0, 0, 14, 1, 0, 187, 1, 0, 180, 4, 204]
1546498090702;[171, 0, 4, 255, 132, 128, 74]
1546498090870;[171, 0, 17, 255, 161, 72, 68, 187, 42, 0, 0, 34, 1, 0, 181, 1, 0, 202, 4, 248]
1546498091044;[171, 0, 17, 255, 161, 72, 68, 187, 42, 0, 0, 21, 1, 0, 185, 1, 0, 168, 5, 21]
1546498091048;[171, 0, 17, 255, 161, 72, 68, 187, 42, 0, 0, 23, 1, 0, 185, 1, 0, 170, 5, 70]
1546498091389;[171, 0, 17, 255, 161, 72, 68, 187, 42, 0, 0, 26, 1, 0, 190, 1, 0, 169, 5, 236]
1546498091393;[171, 0, 17, 255, 161, 72, 68, 187, 42, 0, 0, 31, 1, 0, 185, 1, 0, 176, 6, 122]
1546498091397;[171, 0, 17, 255, 161, 72, 68, 187, 42, 0, 0, 31, 1, 0, 188, 1, 0, 167, 6, 230]
1546498091561;[171, 0, 17, 255, 161, 72, 68, 187, 42, 0, 0, 32, 1, 0, 187, 1, 0, 167, 7, 66]
1546498091565;[171, 0, 17, 255, 161, 72, 68, 187, 42, 0, 0, 27, 1, 0, 188, 1, 0, 166, 7, 122]
1546498091733;[171, 0, 17, 255, 161, 72, 68, 187, 43, 0, 0, 31, 1, 0, 185, 1, 0, 169, 7, 145]
1546498091737;[171, 0, 17, 255, 161, 72, 68, 187, 43, 0, 0, 28, 1, 0, 187, 1, 0, 169, 7, 160]
1546498091905;[171, 0, 4, 255, 132, 128, 73]
1546498091909;[171, 0, 17, 255, 161, 72, 68, 187, 43, 0, 0, 36, 1, 0, 190, 1, 0, 168, 7, 226]
1546498092079;[171, 0, 17, 255, 161, 72, 68, 187, 43, 0, 0, 31, 1, 0, 190, 1, 0, 168, 8, 142]
1546498092251;[171, 0, 17, 255, 161, 72, 68, 187, 43, 0, 0, 38, 1, 0, 186, 1, 0, 167, 9, 25]
1546498092255;[171, 0, 17, 255, 161, 72, 68, 187, 43, 0, 0, 26, 1, 0, 188, 1, 0, 169, 9, 119]
1546498092597;[171, 0, 17, 255, 161, 72, 68, 187, 43, 0, 0, 41, 1, 0, 188, 1, 0, 167, 9, 199]
1546498092602;[171, 0, 17, 255, 161, 72, 68, 187, 43, 0, 0, 26, 1, 0, 185, 1, 0, 168, 9, 239]
1546498092606;[171, 0, 17, 255, 161, 72, 68, 187, 43, 0, 0, 37, 1, 0, 187, 1, 0, 169, 10, 31]
1546498092610;[171, 0, 17, 255, 161, 72, 68, 187, 43, 0, 0, 31, 1, 0, 190, 1, 0, 162, 10, 48]
1546498092768;[171, 0, 17, 255, 161, 72, 68, 187, 44, 0, 0, 31, 1, 0, 190, 1, 0, 170, 10, 137]
1546498092940;[171, 0, 17, 255, 161, 72, 68, 187, 44, 0, 0, 27, 1, 0, 188, 1, 0, 171, 10, 253]
1546498092944;[171, 0, 4, 255, 132, 128, 73]
1546498093113;[171, 0, 17, 255, 161, 72, 68, 187, 44, 0, 0, 40, 1, 0, 188, 1, 0, 167, 11, 78]
1546498093116;[171, 0, 17, 255, 161, 72, 68, 187, 44, 0, 0, 25, 1, 0, 187, 1, 0, 166, 11, 124]
1546498093286;[171, 0, 17, 255, 161, 72, 68, 187, 44, 0, 0, 48, 1, 0, 190, 1, 0, 164, 11, 168]
1546498093459;[171, 0, 17, 255, 161, 72, 68, 187, 44, 0, 0, 40, 1, 0, 188, 1, 0, 166, 11, 189]
1546498093470;[171, 0, 17, 255, 161, 72, 68, 187, 44, 0, 0, 40, 1, 0, 191, 1, 0, 158, 11, 180]
1546498093977;[171, 0, 17, 255, 161, 72, 68, 187, 44, 0, 0, 36, 1, 0, 190, 1, 0, 170, 11, 137]
1546498093981;[171, 0, 17, 255, 161, 72, 68, 187, 44, 0, 0, 54, 1, 0, 190, 1, 0, 163, 11, 199]
1546498093986;[171, 0, 17, 255, 161, 72, 68, 187, 44, 0, 0, 36, 1, 0, 186, 1, 0, 168, 12, 10]
1546498093990;[171, 0, 17, 255, 161, 72, 68, 187, 45, 0, 0, 35, 1, 0, 191, 1, 0, 162, 12, 33]
1546498094149;[171, 0, 17, 255, 161, 72, 68, 187, 45, 0, 0, 38, 1, 0, 190, 1, 0, 169, 12, 50]
1546498094152;[171, 0, 4, 255, 132, 128, 73]
1546498094157;[171, 0, 17, 255, 161, 72, 68, 187, 45, 0, 0, 53, 1, 0, 194, 1, 0, 150, 12, 13]
1546498094322;[171, 0, 17, 255, 161, 72, 68, 187, 45, 0, 0, 34, 1, 0, 190, 1, 0, 171, 11, 223]
1546498094326;[171, 0, 17, 255, 161, 72, 68, 187, 45, 0, 0, 51, 1, 0, 191, 1, 0, 155, 11, 160]
1546498094493;[171, 0, 17, 255, 161, 72, 68, 187, 45, 0, 0, 48, 1, 0, 185, 1, 0, 171, 11, 99]
1546498094496;[171, 0, 17, 255, 161, 72, 68, 187, 45, 0, 0, 53, 1, 0, 187, 1, 0, 169, 11, 134]
1546498094665;[171, 0, 17, 255, 161, 72, 68, 187, 45, 0, 0, 29, 1, 0, 202, 1, 0, 125, 11, 148]
1546498094838;[171, 0, 17, 255, 161, 72, 68, 187, 45, 0, 0, 31, 1, 0, 190, 1, 0, 177, 11, 106]
1546498094842;[171, 0, 17, 255, 161, 72, 68, 187, 45, 0, 0, 54, 1, 0, 196, 1, 0, 151, 11, 70]
1546498095184;[171, 0, 17, 255, 161, 72, 68, 187, 46, 0, 0, 31, 1, 0, 193, 1, 0, 168, 11, 8]
1546498095188;[171, 0, 17, 255, 161, 72, 68, 187, 46, 0, 0, 54, 1, 0, 195, 1, 0, 157, 10, 176]
1546498095191;[171, 0, 4, 255, 132, 128, 74]
1546498095356;[171, 0, 17, 255, 161, 72, 68, 187, 46, 0, 0, 36, 1, 0, 190, 1, 0, 164, 10, 73]
1546498095361;[171, 0, 17, 255, 161, 72, 68, 187, 46, 0, 0, 58, 1, 0, 192, 1, 0, 150, 9, 235]
1546498095528;[171, 0, 17, 255, 161, 72, 68, 187, 46, 0, 0, 31, 1, 0, 193, 1, 0, 166, 9, 218]
1546498095532;[171, 0, 17, 255, 161, 72, 68, 187, 46, 0, 0, 41, 1, 0, 197, 1, 0, 157, 9, 185]
1546498095702;[171, 0, 17, 255, 161, 72, 68, 187, 46, 0, 0, 44, 1, 0, 193, 1, 0, 158, 9, 144]
1546498095706;[171, 0, 17, 255, 161, 72, 68, 187, 46, 0, 0, 27, 1, 0, 197, 1, 0, 161, 9, 137]
1546498095872;[171, 0, 17, 255, 161, 72, 68, 187, 46, 0, 0, 34, 1, 0, 191, 1, 0, 165, 9, 73]
1546498096045;[171, 0, 17, 255, 161, 72, 68, 187, 46, 0, 0, 41, 1, 0, 195, 1, 0, 157, 9, 12]
1546498096049;[171, 0, 17, 255, 161, 72, 68, 187, 47, 0, 0, 27, 1, 0, 191, 1, 0, 171, 8, 220]
1546498096392;[171, 0, 17, 255, 161, 72, 68, 187, 47, 0, 0, 38, 1, 0, 197, 1, 0, 148, 8, 164]
1546498096396;[171, 0, 4, 255, 132, 128, 74]
1546498096400;[171, 0, 17, 255, 161, 72, 68, 187, 47, 0, 0, 40, 1, 0, 191, 1, 0, 162, 8, 152]
1546498096404;[171, 0, 17, 255, 161, 72, 68, 187, 47, 0, 0, 43, 1, 0, 196, 1, 0, 163, 8, 132]
1546498096564;[171, 0, 17, 255, 161, 72, 68, 187, 47, 0, 0, 37, 1, 0, 195, 1, 0, 161, 8, 87]
1546498096736;[171, 0, 17, 255, 161, 72, 68, 187, 47, 0, 0, 32, 1, 0, 191, 1, 0, 163, 8, 62]
1546498096740;[171, 0, 17, 255, 161, 72, 68, 187, 47, 0, 0, 38, 1, 0, 196, 1, 0, 161, 8, 29]
1546498096909;[171, 0, 17, 255, 161, 72, 68, 187, 47, 0, 0, 26, 1, 0, 195, 1, 0, 166, 7, 234]
1546498096913;[171, 0, 17, 255, 161, 72, 68, 187, 47, 0, 0, 40, 1, 0, 195, 1, 0, 158, 7, 170]
1546498097082;[171, 0, 17, 255, 161, 72, 68, 187, 47, 0, 0, 27, 1, 0, 193, 1, 0, 162, 7, 135]
1546498097253;[171, 0, 17, 255, 161, 72, 68, 187, 48, 0, 0, 39, 1, 0, 190, 1, 0, 170, 7, 137]
1546498097257;[171, 0, 17, 255, 161, 72, 68, 187, 48, 0, 0, 26, 1, 0, 191, 1, 0, 161, 7, 115]
1546498097425;[171, 0, 4, 255, 132, 128, 74]
1546498097429;[171, 0, 17, 255, 161, 72, 68, 187, 48, 0, 0, 52, 1, 0, 200, 1, 0, 147, 7, 115]
1546498097772;[171, 0, 17, 255, 161, 72, 68, 187, 48, 0, 0, 24, 1, 0, 199, 1, 0, 153, 7, 124]
1546498097776;[171, 0, 17, 255, 161, 72, 68, 187, 48, 0, 0, 13, 1, 0, 195, 1, 0, 173, 7, 150]
1546498097780;[171, 0, 17, 255, 161, 72, 68, 187, 48, 0, 0, 25, 1, 0, 196, 1, 0, 172, 7, 141]
1546498097944;[171, 0, 17, 255, 161, 72, 68, 187, 48, 0, 0, 84, 1, 0, 203, 1, 0, 123, 7, 131]
1546498097948;[171, 0, 17, 255, 161, 72, 68, 187, 48, 0, 0, 82, 1, 0, 195, 1, 0, 129, 7, 157]
1546498098116;[171, 0, 17, 255, 161, 72, 68, 187, 48, 0, 0, 99, 1, 0, 196, 1, 0, 133, 7, 176]
1546498098120;[171, 0, 17, 255, 161, 72, 68, 187, 48, 0, 0, 85, 1, 0, 188, 1, 0, 146, 7, 155]
1546498098289;[171, 0, 17, 255, 161, 72, 68, 187, 49, 0, 0, 86, 1, 0, 195, 1, 0, 136, 7, 132]
1546498098465;[171, 0, 17, 255, 161, 72, 68, 187, 49, 0, 0, 80, 1, 0, 195, 1, 0, 136, 7, 101]
1546498098467;[171, 0, 4, 255, 132, 128, 74]
1546498098633;[171, 0, 17, 255, 161, 72, 68, 187, 49, 0, 0, 85, 1, 0, 197, 1, 0, 136, 7, 76]
1546498098637;[171, 0, 17, 255, 161, 72, 68, 187, 49, 0, 0, 77, 1, 0, 197, 1, 0, 140, 7, 42]
1546498098979;[171, 0, 17, 255, 161, 72, 68, 187, 49, 0, 0, 78, 1, 0, 191, 1, 0, 140, 7, 27]
1546498098983;[171, 0, 17, 255, 161, 72, 68, 187, 49, 0, 0, 84, 1, 0, 196, 1, 0, 136, 7, 64]
1546498098987;[171, 0, 17, 255, 161, 72, 68, 187, 49, 0, 0, 81, 1, 0, 197, 1, 0, 135, 7, 141]
1546498099208;[171, 0, 17, 255, 161, 72, 68, 187, 49, 0, 0, 98, 1, 0, 194, 1, 0, 136, 7, 193]
1546498099210;[171, 0, 17, 255, 161, 72, 68, 187, 49, 0, 0, 78, 1, 0, 196, 1, 0, 136, 7, 209]
1546498099324;[171, 0, 17, 255, 161, 72, 68, 187, 49, 0, 0, 87, 1, 0, 192, 1, 0, 136, 7, 233]
1546498099328;[171, 0, 17, 255, 161, 72, 68, 187, 50, 0, 0, 80, 1, 0, 193, 1, 0, 131, 7, 240]
1546498099495;[171, 0, 17, 255, 161, 72, 68, 187, 50, 0, 0, 86, 1, 0, 197, 1, 0, 128, 7, 240]
1546498099499;[171, 0, 4, 255, 132, 128, 74]
1546498099669;[171, 0, 17, 255, 161, 72, 68, 187, 50, 0, 0, 78, 1, 0, 196, 1, 0, 131, 7, 242]
1546498099842;[171, 0, 17, 255, 161, 72, 68, 187, 50, 0, 0, 98, 1, 0, 199, 1, 0, 129, 8, 39]
1546498099846;[171, 0, 17, 255, 161, 72, 68, 187, 50, 0, 0, 83, 1, 0, 192, 1, 0, 131, 8, 99]
1546498100013;[171, 0, 17, 255, 161, 72, 68, 187, 50, 0, 0, 87, 1, 0, 192, 1, 0, 131, 8, 138]
1546498100017;[171, 0, 17, 255, 161, 72, 68, 187, 50, 0, 0, 84, 1, 0, 192, 1, 0, 130, 8, 154]
1546498100359;[171, 0, 17, 255, 161, 72, 68, 187, 50, 0, 0, 93, 1, 0, 198, 1, 0, 133, 8, 163]
1546498100363;[171, 0, 17, 255, 161, 72, 68, 187, 50, 0, 0, 85, 1, 0, 197, 1, 0, 130, 8, 169]
1546498100368;[171, 0, 17, 255, 161, 72, 68, 187, 50, 0, 0, 87, 1, 0, 193, 1, 0, 129, 8, 160]
1546498100532;[171, 0, 17, 255, 161, 72, 68, 187, 51, 0, 0, 84, 1, 0, 192, 1, 0, 135, 8, 154]
1546498100536;[171, 0, 17, 255, 161, 72, 68, 187, 51, 0, 0, 97, 1, 0, 195, 1, 0, 131, 8, 210]
1546498100703;[171, 0, 4, 255, 132, 128, 74]
1546498100707;[171, 0, 17, 255, 161, 72, 68, 187, 51, 0, 0, 86, 1, 0, 192, 1, 0, 134, 8, 246]
1546498100876;[171, 0, 17, 255, 161, 72, 68, 187, 51, 0, 0, 98, 1, 0, 191, 1, 0, 131, 9, 1]
1546498101048;[171, 0, 17, 255, 161, 72, 68, 187, 51, 0, 0, 86, 1, 0, 192, 1, 0, 131, 9, 12]
1546498101052;[171, 0, 17, 255, 161, 72, 68, 187, 51, 0, 0, 99, 1, 0, 195, 1, 0, 129, 9, 12]
1546498101220;[171, 0, 17, 255, 161, 72, 68, 187, 51, 0, 0, 86, 1, 0, 197, 1, 0, 130, 8, 251]
1546498101224;[171, 0, 17, 255, 161, 72, 68, 187, 51, 0, 0, 97, 1, 0, 195, 1, 0, 132, 8, 235]
1546498101566;[171, 0, 17, 255, 161, 72, 68, 187, 51, 0, 0, 84, 1, 0, 197, 1, 0, 131, 8, 232]
1546498101570;[171, 0, 17, 255, 161, 72, 68, 187, 51, 0, 0, 99, 1, 0, 195, 1, 0, 134, 9, 33]
1546498101575;[171, 0, 17, 255, 161, 72, 68, 187, 52, 0, 0, 87, 1, 0, 193, 1, 0, 131, 9, 76]
1546498101739;[171, 0, 17, 255, 161, 72, 68, 187, 52, 0, 0, 98, 1, 0, 191, 1, 0, 135, 9, 86]
1546498101742;[171, 0, 4, 255, 132, 128, 75]
1546498101911;[171, 0, 17, 255, 161, 72, 68, 187, 52, 0, 0, 96, 1, 0, 195, 1, 0, 131, 9, 106]
1546498101915;[171, 0, 17, 255, 161, 72, 68, 187, 52, 0, 0, 99, 1, 0, 197, 1, 0, 133, 9, 98]
1546498102083;[171, 0, 17, 255, 161, 72, 68, 187, 52, 0, 0, 91, 1, 0, 195, 1, 0, 130, 9, 79]
1546498102256;[171, 0, 17, 255, 161, 72, 68, 187, 52, 0, 0, 91, 1, 0, 197, 1, 0, 135, 9, 64]
1546498102260;[171, 0, 17, 255, 161, 72, 68, 187, 52, 0, 0, 87, 1, 0, 195, 1, 0, 135, 9, 58]
1546498102429;[171, 0, 17, 255, 161, 72, 68, 187, 52, 0, 0, 93, 1, 0, 193, 1, 0, 135, 9, 117]
1546498102433;[171, 0, 17, 255, 161, 72, 68, 187, 52, 0, 0, 87, 1, 0, 194, 1, 0, 130, 9, 136]
1546498102947;[171, 0, 17, 255, 161, 72, 68, 187, 52, 0, 0, 91, 1, 0, 195, 1, 0, 135, 9, 157]
1546498102951;[171, 0, 17, 255, 161, 72, 68, 187, 53, 0, 0, 87, 1, 0, 196, 1, 0, 131, 9, 171]
1546498102956;[171, 0, 17, 255, 161, 72, 68, 187, 53, 0, 0, 87, 1, 0, 192, 1, 0, 135, 9, 160]
1546498102959;[171, 0, 4, 255, 132, 128, 75]
1546498103120;[171, 0, 17, 255, 161, 72, 68, 187, 53, 0, 0, 98, 1, 0, 195, 1, 0, 129, 9, 139]
1546498103124;[171, 0, 17, 255, 161, 72, 68, 187, 53, 0, 0, 93, 1, 0, 197, 1, 0, 126, 9, 129]
1546498103129;[171, 0, 17, 255, 161, 72, 68, 187, 53, 0, 0, 93, 1, 0, 192, 1, 0, 131, 9, 117]
1546498103291;[171, 0, 17, 255, 161, 72, 68, 187, 53, 0, 0, 87, 1, 0, 192, 1, 0, 131, 9, 168]
1546498103294;[171, 0, 17, 255, 161, 72, 68, 187, 53, 0, 0, 98, 1, 0, 194, 1, 0, 131, 9, 206]
1546498103464;[171, 0, 17, 255, 161, 72, 68, 187, 53, 0, 0, 93, 1, 0, 194, 1, 0, 131, 9, 203]
1546498103636;[171, 0, 17, 255, 161, 72, 68, 187, 53, 0, 0, 99, 1, 0, 195, 1, 0, 131, 9, 203]
1546498103639;[171, 0, 17, 255, 161, 72, 68, 187, 53, 0, 0, 87, 1, 0, 192, 1, 0, 129, 9, 202]
1546498103809;[171, 0, 17, 255, 161, 72, 68, 187, 54, 0, 0, 101, 1, 0, 196, 1, 0, 131, 9, 187]
1546498103813;[171, 0, 17, 255, 161, 72, 68, 187, 54, 0, 0, 87, 1, 0, 194, 1, 0, 129, 9, 162]
1546498104154;[171, 0, 4, 255, 132, 128, 75]
1546498104159;[171, 0, 17, 255, 161, 72, 68, 187, 54, 0, 0, 98, 1, 0, 192, 1, 0, 131, 9, 141]
1546498104162;[171, 0, 17, 255, 161, 72, 68, 187, 54, 0, 0, 86, 1, 0, 196, 1, 0, 131, 9, 197]
1546498104327;[171, 0, 17, 255, 161, 72, 68, 187, 54, 0, 0, 101, 1, 0, 194, 1, 0, 131, 9, 220]
1546498104330;[171, 0, 17, 255, 161, 72, 68, 187, 54, 0, 0, 98, 1, 0, 192, 1, 0, 129, 9, 226]
1546498104498;[171, 0, 17, 255, 161, 72, 68, 187, 54, 0, 0, 93, 1, 0, 191, 1, 0, 134, 9, 236]
1546498104502;[171, 0, 17, 255, 161, 72, 68, 187, 54, 0, 0, 93, 1, 0, 192, 1, 0, 131, 9, 213]
1546498104670;[171, 0, 17, 255, 161, 72, 68, 187, 54, 0, 0, 101, 1, 0, 190, 1, 0, 129, 9, 196]
1546498104844;[171, 0, 17, 255, 161, 72, 68, 187, 54, 0, 0, 93, 1, 0, 195, 1, 0, 131, 9, 171]
1546498104848;[171, 0, 17, 255, 161, 72, 68, 187, 55, 0, 0, 95, 1, 0, 195, 1, 0, 133, 9, 182]
1546498105015;[171, 0, 17, 255, 161, 72, 68, 187, 55, 0, 0, 99, 1, 0, 193, 1, 0, 129, 9, 240]
1546498105019;[171, 0, 4, 255, 132, 128, 75]
1546498105362;[171, 0, 17, 255, 161, 72, 68, 187, 55, 0, 0, 91, 1, 0, 191, 1, 0, 133, 9, 251]
1546498105366;[171, 0, 17, 255, 161, 72, 68, 187, 55, 0, 0, 93, 1, 0, 192, 1, 0, 129, 10, 14]
1546498105370;[171, 0, 17, 255, 161, 72, 68, 187, 55, 0, 0, 93, 1, 0, 190, 1, 0, 131, 10, 24]
1546498105535;[171, 0, 17, 255, 161, 72, 68, 187, 55, 0, 0, 101, 1, 0, 192, 1, 0, 128, 10, 6]
1546498105539;[171, 0, 17, 255, 161, 72, 68, 187, 55, 0, 0, 87, 1, 0, 191, 1, 0, 131, 9, 232]
1546498105706;[171, 0, 17, 255, 161, 72, 68, 187, 55, 0, 0, 101, 1, 0, 195, 1, 0, 131, 9, 213]
1546498105709;[171, 0, 17, 255, 161, 72, 68, 187, 55, 0, 0, 87, 1, 0, 191, 1, 0, 133, 9, 253]
1546498105879;[171, 0, 17, 255, 161, 72, 68, 187, 55, 0, 0, 98, 1, 0, 194, 1, 0, 129, 10, 65]
1546498106049;[171, 0, 17, 255, 161, 72, 68, 187, 56, 0, 0, 85, 1, 0, 192, 1, 0, 128, 10, 86]
1546498106053;[171, 0, 17, 255, 161, 72, 68, 187, 56, 0, 0, 101, 1, 0, 195, 1, 0, 131, 10, 110]
1546498106223;[171, 0, 4, 255, 132, 128, 75]
1546498106227;[171, 0, 17, 255, 161, 72, 68, 187, 56, 0, 0, 87, 1, 0, 194, 1, 0, 129, 10, 119]
1546498106396;[171, 0, 17, 255, 161, 72, 68, 187, 56, 0, 0, 99, 1, 0, 193, 1, 0, 133, 10, 105]
1546498106400;[171, 0, 17, 255, 161, 72, 68, 187, 56, 0, 0, 87, 1, 0, 193, 1, 0, 129, 10, 88]
1546498106742;[171, 0, 17, 255, 161, 72, 68, 187, 56, 0, 0, 97, 1, 0, 191, 1, 0, 131, 10, 63]
1546498106746;[171, 0, 17, 255, 161, 72, 68, 187, 56, 0, 0, 98, 1, 0, 188, 1, 0, 129, 10, 115]
1546498106750;[171, 0, 17, 255, 161, 72, 68, 187, 56, 0, 0, 99, 1, 0, 192, 1, 0, 130, 10, 166]
1546498106912;[171, 0, 17, 255, 161, 72, 68, 187, 56, 0, 0, 87, 1, 0, 191, 1, 0, 133, 10, 198]
1546498106916;[171, 0, 17, 255, 161, 72, 68, 187, 56, 0, 0, 98, 1, 0, 191, 1, 0, 133, 10, 213]
1546498107085;[171, 0, 17, 255, 161, 72, 68, 187, 57, 0, 0, 87, 1, 0, 191, 1, 0, 131, 10, 206]
1546498107258;[171, 0, 17, 255, 161, 72, 68, 187, 57, 0, 0, 91, 1, 0, 191, 1, 0, 129, 10, 189]
1546498107262;[171, 0, 4, 255, 132, 128, 75]
1546498107431;[171, 0, 17, 255, 161, 72, 68, 187, 57, 0, 0, 103, 1, 0, 185, 1, 0, 134, 10, 145]
1546498107436;[171, 0, 17, 255, 161, 72, 68, 187, 57, 0, 0, 106, 1, 0, 183, 1, 0, 135, 10, 80]
1546498107603;[171, 0, 17, 255, 161, 72, 68, 187, 57, 0, 0, 124, 1, 0, 180, 1, 0, 126, 10, 92]
1546498107607;[171, 0, 17, 255, 161, 72, 68, 187, 57, 0, 0, 136, 1, 0, 177, 1, 0, 134, 10, 99]
1546498107949;[171, 0, 17, 255, 161, 72, 68, 187, 57, 0, 0, 127, 1, 0, 175, 1, 0, 124, 10, 86]
1546498107953;[171, 0, 17, 255, 161, 72, 68, 187, 57, 0, 0, 132, 1, 0, 174, 1, 0, 136, 10, 97]
1546498107957;[171, 0, 17, 255, 161, 72, 68, 187, 57, 0, 0, 114, 1, 0, 170, 1, 0, 150, 10, 56]
1546498108120;[171, 0, 17, 255, 161, 72, 68, 187, 57, 0, 0, 107, 1, 0, 170, 1, 0, 152, 10, 18]
1546498108124;[171, 0, 17, 255, 161, 72, 68, 187, 58, 0, 0, 110, 1, 0, 172, 1, 0, 145, 9, 231]
1546498108293;[171, 0, 17, 255, 161, 72, 68, 187, 58, 0, 0, 108, 1, 0, 172, 1, 0, 150, 9, 211]
1546498108297;[171, 0, 4, 255, 132, 128, 75]
1546498108468;[171, 0, 17, 255, 161, 72, 68, 187, 58, 0, 0, 112, 1, 0, 172, 1, 0, 148, 10, 8]
1546498108640;[171, 0, 17, 255, 161, 72, 68, 187, 58, 0, 0, 101, 1, 0, 170, 1, 0, 148, 10, 14]
1546498108644;[171, 0, 17, 255, 161, 72, 68, 187, 58, 0, 0, 109, 1, 0, 173, 1, 0, 152, 10, 21]
1546498108810;[171, 0, 17, 255, 161, 72, 68, 187, 58, 0, 0, 104, 1, 0, 170, 1, 0, 150, 10, 13]
1546498108816;[171, 0, 17, 255, 161, 72, 68, 187, 58, 0, 0, 108, 1, 0, 172, 1, 0, 148, 9, 242]
1546498108982;[171, 0, 17, 255, 161, 72, 68, 187, 58, 0, 0, 108, 1, 0, 172, 1, 0, 150, 9, 207]
1546498109329;[171, 0, 17, 255, 161, 72, 68, 187, 58, 0, 0, 106, 1, 0, 172, 1, 0, 148, 9, 175]
1546498109333;[171, 0, 17, 255, 161, 72, 68, 187, 58, 0, 0, 111, 1, 0, 172, 1, 0, 151, 9, 226]
1546498109337;[171, 0, 17, 255, 161, 72, 68, 187, 59, 0, 0, 109, 1, 0, 174, 1, 0, 154, 10, 6]
1546498109341;[171, 0, 17, 255, 161, 72, 68, 187, 59, 0, 0, 106, 1, 0, 172, 1, 0, 154, 10, 19]
1546498109499;[171, 0, 4, 255, 132, 128, 75]
1546498109504;[171, 0, 17, 255, 161, 72, 68, 187, 59, 0, 0, 99, 1, 0, 172, 1, 0, 152, 10, 19]
1546498109728;[171, 0, 17, 255, 161, 72, 68, 187, 59, 0, 0, 108, 1, 0, 173, 1, 0, 153, 10, 6]
1546498109845;[171, 0, 17, 255, 161, 72, 68, 187, 59, 0, 0, 106, 1, 0, 174, 1, 0, 153, 9, 229]
1546498109849;[171, 0, 17, 255, 161, 72, 68, 187, 59, 0, 0, 106, 1, 0, 170, 1, 0, 152, 9, 188]
1546498110021;[171, 0, 17, 255, 161, 72, 68, 187, 59, 0, 0, 98, 1, 0, 178, 1, 0, 157, 9, 170]
1546498110024;[171, 0, 17, 255, 161, 72, 68, 187, 59, 0, 0, 111, 1, 0, 170, 1, 0, 151, 9, 250]
1546498110190;[171, 0, 17, 255, 161, 72, 68, 187, 59, 0, 0, 101, 1, 0, 172, 1, 0, 152, 10, 33]
1546498110194;[171, 0, 17, 255, 161, 72, 68, 187, 59, 0, 0, 93, 1, 0, 172, 1, 0, 157, 10, 33]
1546498110536;[171, 0, 17, 255, 161, 72, 68, 187, 64, 0, 0, 95, 1, 0, 181, 1, 0, 129, 10, 29]
1546498110540;[171, 0, 17, 255, 161, 72, 68, 187, 64, 0, 0, 86, 1, 0, 158, 1, 0, 123, 10, 16]
1546498110544;[171, 0, 4, 255, 132, 128, 76]
1546498110709;[171, 0, 17, 255, 161, 72, 68, 187, 64, 0, 0, 159, 1, 0, 129, 1, 0, 122, 9, 249]
1546498110713;[171, 0, 17, 255, 161, 72, 68, 187, 64, 0, 0, 176, 1, 0, 82, 1, 0, 171, 9, 219]
1546498110880;[171, 0, 17, 255, 161, 72, 68, 187, 64, 0, 0, 131, 1, 0, 60, 1, 0, 180, 9, 195]
1546498111053;[171, 0, 17, 255, 161, 72, 68, 187, 64, 0, 0, 135, 1, 0, 39, 1, 0, 186, 9, 236]
1546498111057;[171, 0, 17, 255, 161, 72, 68, 187, 64, 0, 0, 171, 1, 0, 10, 1, 0, 220, 9, 223]
1546498111225;[171, 0, 17, 255, 161, 72, 68, 187, 64, 0, 0, 198, 1, 0, 1, 1, 0, 225, 9, 196]
1546498111229;[171, 0, 17, 255, 161, 72, 68, 187, 64, 0, 0, 165, 1, 0, 14, 1, 0, 214, 9, 163]
1546498111398;[171, 0, 17, 255, 161, 72, 68, 187, 64, 0, 0, 161, 1, 0, 2, 1, 0, 200, 9, 109]
1546498111403;[171, 0, 17, 255, 161, 72, 68, 187, 65, 0, 0, 151, 1, 0, 5, 1, 0, 206, 9, 62]
1546498111916;[171, 0, 17, 255, 161, 72, 68, 187, 67, 0, 0, 156, 1, 0, 5, 1, 0, 211, 8, 89]
1546498111921;[171, 0, 17, 255, 161, 72, 68, 187, 67, 0, 0, 147, 1, 0, 6, 1, 0, 206, 8, 52]
1546498111925;[171, 0, 17, 255, 161, 72, 68, 187, 67, 0, 0, 151, 1, 0, 10, 1, 0, 211, 8, 8]
1546498112089;[171, 0, 17, 255, 161, 72, 68, 187, 67, 0, 0, 147, 1, 0, 4, 1, 0, 211, 8, 53]
1546498112261;[171, 0, 17, 255, 161, 72, 68, 187, 67, 0, 0, 152, 1, 0, 4, 1, 0, 211, 8, 110]
1546498112265;[171, 0, 17, 255, 161, 72, 68, 187, 67, 0, 0, 147, 1, 0, 10, 1, 0, 211, 8, 123]
1546498112434;[171, 0, 17, 255, 161, 72, 68, 187, 67, 0, 0, 151, 1, 0, 14, 1, 0, 208, 8, 119]
1546498112438;[171, 0, 17, 255, 161, 72, 68, 187, 67, 0, 0, 149, 1, 0, 9, 1, 0, 212, 8, 111]
1546498112606;[171, 0, 17, 255, 161, 72, 68, 187, 68, 0, 0, 147, 1, 0, 10, 1, 0, 211, 8, 82]
1546498112611;[171, 0, 17, 255, 161, 72, 68, 187, 68, 0, 0, 147, 1, 0, 10, 1, 0, 211, 8, 44]
1546498112778;[171, 0, 4, 255, 132, 128, 77]
1546498113125;[171, 0, 17, 255, 161, 72, 68, 187, 68, 0, 0, 147, 1, 0, 9, 1, 0, 211, 8, 7]
1546498113129;[171, 0, 17, 255, 161, 72, 68, 187, 68, 0, 0, 146, 1, 0, 5, 1, 0, 211, 8, 60]
1546498113133;[171, 0, 17, 255, 161, 72, 68, 187, 68, 0, 0, 144, 1, 0, 10, 1, 0, 211, 8, 95]
1546498113137;[171, 0, 17, 255, 161, 72, 68, 187, 68, 0, 0, 147, 1, 0, 14, 1, 0, 207, 8, 100]
1546498113296;[171, 0, 17, 255, 161, 72, 68, 187, 68, 0, 0, 146, 1, 0, 6, 1, 0, 211, 8, 101]
1546498113299;[171, 0, 17, 255, 161, 72, 68, 187, 68, 0, 0, 147, 1, 0, 9, 1, 0, 211, 8, 91]
1546498113470;[171, 0, 17, 255, 161, 72, 68, 187, 68, 0, 0, 147, 1, 0, 14, 1, 0, 207, 8, 61]
1546498113641;[171, 0, 17, 255, 161, 72, 68, 187, 68, 0, 0, 156, 1, 0, 10, 1, 0, 211, 8, 33]
1546498113645;[171, 0, 17, 255, 161, 72, 68, 187, 69, 0, 0, 149, 1, 0, 10, 1, 0, 211, 8, 24]
1546498113813;[171, 0, 17, 255, 161, 72, 68, 187, 69, 0, 0, 152, 1, 0, 9, 1, 0, 207, 8, 82]
1546498113817;[171, 0, 4, 255, 132, 128, 77]
1546498114333;[171, 0, 17, 255, 161, 72, 68, 187, 69, 0, 0, 156, 1, 0, 5, 1, 0, 211, 8, 98]
1546498114337;[171, 0, 17, 255, 161, 72, 68, 187, 69, 0, 0, 149, 1, 0, 6, 1, 0, 211, 8, 94]
1546498114341;[171, 0, 17, 255, 161, 72, 68, 187, 69, 0, 0, 151, 1, 0, 9, 1, 0, 211, 8, 89]
1546498114345;[171, 0, 17, 255, 161, 72, 68, 187, 69, 0, 0, 151, 1, 0, 14, 1, 0, 211, 8, 62]
1546498114504;[171, 0, 17, 255, 161, 72, 68, 187, 69, 0, 0, 156, 1, 0, 14, 1, 0, 206, 8, 26]
1546498114508;[171, 0, 17, 255, 161, 72, 68, 187, 69, 0, 0, 146, 1, 0, 10, 1, 0, 208, 7, 249]
1546498114512;[171, 0, 17, 255, 161, 72, 68, 187, 69, 0, 0, 156, 1, 0, 14, 1, 0, 211, 8, 60]
1546498114675;[171, 0, 17, 255, 161, 72, 68, 187, 69, 0, 0, 145, 1, 0, 10, 1, 0, 211, 8, 112]
1546498114848;[171, 0, 17, 255, 161, 72, 68, 187, 70, 0, 0, 147, 1, 0, 10, 1, 0, 211, 8, 116]
1546498114853;[171, 0, 17, 255, 161, 72, 68, 187, 70, 0, 0, 147, 1, 0, 14, 1, 0, 211, 8, 128]
1546498115021;[171, 0, 4, 255, 132, 128, 77]
1546498115025;[171, 0, 17, 255, 161, 72, 68, 187, 70, 0, 0, 151, 1, 0, 14, 1, 0, 211, 8, 104]
1546498115194;[171, 0, 17, 255, 161, 72, 68, 187, 70, 0, 0, 145, 1, 0, 9, 1, 0, 211, 8, 75]
1546498115198;[171, 0, 17, 255, 161, 72, 68, 187, 70, 0, 0, 156, 1, 0, 10, 1, 0, 211, 8, 39]
1546498115366;[171, 0, 17, 255, 161, 72, 68, 187, 70, 0, 0, 144, 1, 0, 14, 1, 0, 208, 8, 34]
1546498115713;[171, 0, 17, 255, 161, 72, 68, 187, 70, 0, 0, 147, 1, 0, 9, 1, 0, 211, 8, 106]
1546498115717;[171, 0, 17, 255, 161, 72, 68, 187, 70, 0, 0, 151, 1, 0, 10, 1, 0, 211, 8, 140]
1546498115721;[171, 0, 17, 255, 161, 72, 68, 187, 70, 0, 0, 152, 1, 0, 9, 1, 0, 211, 8, 142]
1546498115725;[171, 0, 17, 255, 161, 72, 68, 187, 70, 0, 0, 146, 1, 0, 14, 1, 0, 211, 8, 143]
1546498115883;[171, 0, 17, 255, 161, 72, 68, 187, 71, 0, 0, 145, 1, 0, 9, 1, 0, 211, 8, 105]
1546498116056;[171, 0, 17, 255, 161, 72, 68, 187, 71, 0, 0, 146, 1, 0, 14, 1, 0, 212, 8, 74]
1546498116059;[171, 0, 4, 255, 132, 128, 77]
1546498116228;[171, 0, 17, 255, 161, 72, 68, 187, 71, 0, 0, 144, 1, 0, 10, 1, 0, 211, 8, 32]
1546498116233;[171, 0, 17, 255, 161, 72, 68, 187, 71, 0, 0, 143, 1, 0, 14, 1, 0, 211, 8, 50]
1546498116400;[171, 0, 17, 255, 161, 72, 68, 187, 71, 0, 0, 147, 1, 0, 6, 1, 0, 211, 8, 109]
1546498116404;[171, 0, 17, 255, 161, 72, 68, 187, 71, 0, 0, 151, 1, 0, 5, 1, 0, 211, 8, 117]
1546498116573;[171, 0, 17, 255, 161, 72, 68, 187, 71, 0, 0, 144, 1, 0, 10, 1, 0, 213, 8, 106]
1546498116921;[171, 0, 17, 255, 161, 72, 68, 187, 71, 0, 0, 146, 1, 0, 14, 1, 0, 211, 8, 94]
1546498116924;[171, 0, 17, 255, 161, 72, 68, 187, 71, 0, 0, 145, 1, 0, 14, 1, 0, 207, 8, 66]
1546498116929;[171, 0, 17, 255, 161, 72, 68, 187, 71, 0, 0, 146, 1, 0, 10, 1, 0, 211, 8, 26]
1546498116933;[171, 0, 17, 255, 161, 72, 68, 187, 72, 0, 0, 143, 1, 0, 14, 1, 0, 212, 7, 238]
1546498117090;[171, 0, 17, 255, 161, 72, 68, 187, 72, 0, 0, 157, 1, 0, 14, 1, 0, 207, 8, 27]
1546498117094;[171, 0, 4, 255, 132, 128, 77]
1546498117262;[171, 0, 17, 255, 161, 72, 68, 187, 72, 0, 0, 146, 1, 0, 10, 1, 0, 212, 8, 64]
1546498117440;[171, 0, 17, 255, 161, 72, 68, 187, 72, 0, 0, 154, 1, 0, 10, 1, 0, 211, 8, 62]
1546498117441;[171, 0, 17, 255, 161, 72, 68, 187, 72, 0, 0, 144, 1, 0, 5, 1, 0, 211, 8, 75]
1546498117608;[171, 0, 17, 255, 161, 72, 68, 187, 72, 0, 0, 152, 1, 0, 10, 1, 0, 211, 8, 56]
1546498118301;[171, 0, 17, 255, 161, 72, 68, 187, 72, 0, 0, 151, 1, 0, 10, 1, 0, 211, 8, 22]
1546498118304;[171, 0, 17, 255, 161, 72, 68, 187, 72, 0, 0, 154, 1, 0, 14, 1, 0, 211, 7, 245]
1546498118309;[171, 0, 17, 255, 161, 72, 68, 187, 72, 0, 0, 146, 1, 0, 5, 1, 0, 211, 8, 0]
1546498118313;[171, 0, 17, 255, 161, 72, 68, 187, 72, 0, 0, 147, 1, 0, 14, 1, 0, 211, 8, 72]
1546498118473;[171, 0, 17, 255, 161, 72, 68, 187, 73, 0, 0, 145, 1, 0, 14, 1, 0, 211, 8, 89]
1546498118480;[171, 0, 17, 255, 161, 72, 68, 187, 73, 0, 0, 152, 1, 0, 14, 1, 0, 212, 8, 100]
1546498118484;[171, 0, 4, 255, 132, 128, 78]
1546498118488;[171, 0, 17, 255, 161, 72, 68, 187, 73, 0, 0, 147, 1, 0, 15, 1, 0, 214, 8, 82]
1546498118644;[171, 0, 17, 255, 161, 72, 68, 187, 73, 0, 0, 146, 1, 0, 14, 1, 0, 211, 8, 55]
1546498118647;[171, 0, 17, 255, 161, 72, 68, 187, 73, 0, 0, 145, 1, 0, 9, 1, 0, 212, 8, 22]
1546498118651;[171, 0, 17, 255, 161, 72, 68, 187, 73, 0, 0, 146, 1, 0, 14, 1, 0, 211, 7, 228]
1546498118815;[171, 0, 17, 255, 161, 72, 68, 187, 73, 0, 0, 144, 1, 0, 14, 1, 0, 212, 8, 39]
1546498118819;[171, 0, 17, 255, 161, 72, 68, 187, 73, 0, 0, 146, 1, 0, 9, 1, 0, 211, 8, 106]
1546498118988;[171, 0, 17, 255, 161, 72, 68, 187, 73, 0, 0, 144, 1, 0, 14, 1, 0, 211, 8, 131]
1546498119162;[171, 0, 17, 255, 161, 72, 68, 187, 73, 0, 0, 147, 1, 0, 14, 1, 0, 211, 8, 137]
1546498119165;[171, 0, 17, 255, 161, 72, 68, 187, 74, 0, 0, 146, 1, 0, 14, 1, 0, 214, 8, 132]
1546498119508;[171, 0, 17, 255, 161, 72, 68, 187, 74, 0, 0, 146, 1, 0, 15, 1, 0, 211, 8, 104]
1546498119512;[171, 0, 4, 255, 132, 128, 78]
1546498119516;[171, 0, 17, 255, 161, 72, 68, 187, 74, 0, 0, 146, 1, 0, 9, 1, 0, 213, 8, 58]
1546498119520;[171, 0, 17, 255, 161, 72, 68, 187, 74, 0, 0, 146, 1, 0, 11, 1, 0, 211, 8, 13]
1546498119678;[171, 0, 17, 255, 161, 72, 68, 187, 74, 0, 0, 146, 1, 0, 10, 1, 0, 212, 8, 65]
1546498119851;[171, 0, 17, 255, 161, 72, 68, 187, 74, 0, 0, 146, 1, 0, 14, 1, 0, 212, 8, 134]
1546498119855;[171, 0, 17, 255, 161, 72, 68, 187, 74, 0, 0, 147, 1, 0, 14, 1, 0, 212, 8, 155]
1546498120023;[171, 0, 17, 255, 161, 72, 68, 187, 74, 0, 0, 144, 1, 0, 10, 1, 0, 212, 8, 173]
1546498120027;[171, 0, 17, 255, 161, 72, 68, 187, 74, 0, 0, 145, 1, 0, 10, 1, 0, 211, 8, 157]
1546498120196;[171, 0, 17, 255, 161, 72, 68, 187, 74, 0, 0, 145, 1, 0, 14, 1, 0, 211, 8, 121]
1546498120200;[171, 0, 17, 255, 161, 72, 68, 187, 75, 0, 0, 147, 1, 0, 9, 1, 0, 211, 8, 89]
1546498120369;[171, 0, 17, 255, 161, 72, 68, 187, 75, 0, 0, 145, 1, 0, 14, 1, 0, 211, 8, 40]
1546498120714;[171, 0, 4, 255, 132, 128, 78]
1546498120719;[171, 0, 17, 255, 161, 72, 68, 187, 75, 0, 0, 156, 1, 0, 15, 1, 0, 211, 8, 47]
1546498120723;[171, 0, 17, 255, 161, 72, 68, 187, 75, 0, 0, 144, 1, 0, 14, 1, 0, 211, 8, 133]
1546498121059;[171, 0, 17, 255, 161, 72, 68, 187, 75, 0, 0, 151, 1, 0, 10, 1, 0, 207, 8, 146]
1546498121063;[171, 0, 17, 255, 161, 72, 68, 187, 75, 0, 0, 146, 1, 0, 14, 1, 0, 211, 8, 154]
1546498121068;[171, 0, 17, 255, 161, 72, 68, 187, 75, 0, 0, 147, 1, 0, 10, 1, 0, 212, 8, 151]
1546498121072;[171, 0, 17, 255, 161, 72, 68, 187, 75, 0, 0, 145, 1, 0, 6, 1, 0, 211, 8, 113]
1546498121231;[171, 0, 17, 255, 161, 72, 68, 187, 75, 0, 0, 152, 1, 0, 9, 1, 0, 207, 8, 80]
1546498121235;[171, 0, 17, 255, 161, 72, 68, 187, 75, 0, 0, 147, 1, 0, 10, 1, 0, 211, 8, 42]
1546498121404;[171, 0, 17, 255, 161, 72, 68, 187, 76, 0, 0, 147, 1, 0, 10, 1, 0, 211, 8, 72]
1546498121408;[171, 0, 17, 255, 161, 72, 68, 187, 76, 0, 0, 145, 1, 0, 14, 1, 0, 212, 8, 160]
1546498121576;[171, 0, 4, 255, 132, 128, 78]
1546498121748;[171, 0, 17, 255, 161, 72, 68, 187, 76, 0, 0, 151, 1, 0, 9, 1, 0, 211, 8, 157]
1546498121752;[171, 0, 17, 255, 161, 72, 68, 187, 76, 0, 0, 146, 1, 0, 6, 1, 0, 211, 8, 160]
1546498122096;[171, 0, 17, 255, 161, 72, 68, 187, 76, 0, 0, 152, 1, 0, 10, 1, 0, 211, 8, 132]
1546498122100;[171, 0, 17, 255, 161, 72, 68, 187, 76, 0, 0, 146, 1, 0, 10, 1, 0, 211, 8, 99]
1546498122104;[171, 0, 17, 255, 161, 72, 68, 187, 76, 0, 0, 147, 1, 0, 10, 1, 0, 211, 8, 51]
1546498122109;[171, 0, 17, 255, 161, 72, 68, 187, 76, 0, 0, 152, 1, 0, 10, 1, 0, 207, 7, 253]
1546498122267;[171, 0, 17, 255, 161, 72, 68, 187, 76, 0, 0, 154, 1, 0, 14, 1, 0, 211, 7, 252]
1546498122438;[171, 0, 17, 255, 161, 72, 68, 187, 76, 0, 0, 146, 1, 0, 10, 1, 0, 211, 8, 84]
1546498122442;[171, 0, 17, 255, 161, 72, 68, 187, 77, 0, 0, 144, 1, 0, 9, 1, 0, 213, 8, 99]
1546498122611;[171, 0, 17, 255, 161, 72, 68, 187, 77, 0, 0, 151, 1, 0, 14, 1, 0, 207, 8, 92]
1546498122614;[171, 0, 4, 255, 132, 128, 78]
1546498122784;[171, 0, 17, 255, 161, 72, 68, 187, 77, 0, 0, 146, 1, 0, 10, 1, 0, 211, 8, 85]
1546498122956;[171, 0, 17, 255, 161, 72, 68, 187, 77, 0, 0, 152, 1, 0, 14, 1, 0, 211, 8, 55]
1546498122960;[171, 0, 17, 255, 161, 72, 68, 187, 77, 0, 0, 151, 1, 0, 5, 1, 0, 207, 8, 17]
1546498123302;[171, 0, 17, 255, 161, 72, 68, 187, 77, 0, 0, 156, 1, 0, 14, 1, 0, 207, 7, 234]
1546498123306;[171, 0, 17, 255, 161, 72, 68, 187, 77, 0, 0, 150, 1, 0, 14, 1, 0, 211, 7, 214]
1546498123310;[171, 0, 17, 255, 161, 72, 68, 187, 77, 0, 0, 149, 1, 0, 9, 1, 0, 207, 8, 42]
1546498123315;[171, 0, 17, 255, 161, 72, 68, 187, 77, 0, 0, 147, 1, 0, 9, 1, 0, 211, 8, 76]
1546498123473;[171, 0, 17, 255, 161, 72, 68, 187, 77, 0, 0, 156, 1, 0, 15, 1, 0, 211, 8, 71]
1546498123646;[171, 0, 17, 255, 161, 72, 68, 187, 78, 0, 0, 146, 1, 0, 14, 1, 0, 211, 8, 61]
1546498123650;[171, 0, 17, 255, 161, 72, 68, 187, 78, 0, 0, 156, 1, 0, 14, 1, 0, 206, 8, 27]
1546498123819;[171, 0, 4, 255, 132, 128, 78]
1546498123991;[171, 0, 17, 255, 161, 72, 68, 187, 78, 0, 0, 151, 1, 0, 10, 1, 0, 211, 7, 254]
1546498123996;[171, 0, 17, 255, 161, 72, 68, 187, 78, 0, 0, 156, 1, 0, 14, 1, 0, 203, 7, 203]
1546498124000;[171, 0, 17, 255, 161, 72, 68, 187, 78, 0, 0, 147, 1, 0, 14, 1, 0, 211, 7, 226]
1546498124163;[171, 0, 17, 255, 161, 72, 68, 187, 78, 0, 0, 152, 1, 0, 9, 1, 0, 211, 8, 17]
1546498124335;[171, 0, 17, 255, 161, 72, 68, 187, 78, 0, 0, 151, 1, 0, 9, 1, 0, 207, 8, 10]
1546498124338;[171, 0, 17, 255, 161, 72, 68, 187, 78, 0, 0, 146, 1, 0, 14, 1, 0, 206, 7, 251]
1546498124854;[171, 0, 17, 255, 161, 72, 68, 187, 78, 0, 0, 148, 1, 0, 5, 1, 0, 212, 7, 251]
1546498124858;[171, 0, 17, 255, 161, 72, 68, 187, 78, 0, 0, 141, 1, 0, 10, 1, 0, 203, 8, 45]
1546498124862;[171, 0, 17, 255, 161, 72, 68, 187, 79, 0, 0, 173, 1, 0, 10, 1, 0, 184, 8, 54]
1546498124867;[171, 0, 17, 255, 161, 72, 68, 187, 79, 0, 0, 192, 1, 0, 3, 1, 0, 169, 8, 49]
1546498125027;[171, 0, 4, 255, 132, 128, 78]
1546498125032;[171, 0, 17, 255, 161, 72, 68, 187, 79, 0, 0, 187, 1, 0, 1, 1, 0, 174, 8, 147]
1546498125035;[171, 0, 17, 255, 161, 72, 68, 187, 79, 0, 0, 198, 1, 0, 4, 1, 0, 170, 8, 176]
1546498125198;[171, 0, 17, 255, 161, 72, 68, 187, 79, 0, 0, 184, 1, 0, 2, 1, 0, 180, 8, 131]
1546498125202;[171, 0, 17, 255, 161, 72, 68, 187, 79, 0, 0, 178, 1, 0, 4, 1, 0, 186, 8, 97]
1546498125370;[171, 0, 17, 255, 161, 72, 68, 187, 79, 0, 0, 182, 1, 0, 5, 1, 0, 184, 8, 69]
1546498125543;[171, 0, 17, 255, 161, 72, 68, 187, 79, 0, 0, 173, 1, 0, 4, 1, 0, 186, 8, 18]
1546498125547;[171, 0, 17, 255, 161, 72, 68, 187, 79, 0, 0, 173, 1, 0, 3, 1, 0, 194, 7, 219]
1546498125890;[171, 0, 17, 255, 161, 72, 68, 187, 79, 0, 0, 166, 1, 0, 4, 1, 0, 195, 7, 231]
1546498125894;[171, 0, 17, 255, 161, 72, 68, 187, 80, 0, 0, 173, 1, 0, 9, 1, 0, 191, 8, 73]
1546498125899;[171, 0, 17, 255, 161, 72, 68, 187, 80, 0, 0, 166, 1, 0, 4, 1, 0, 195, 8, 117]
1546498125903;[171, 0, 4, 255, 132, 128, 78]
1546498126060;[171, 0, 17, 255, 161, 72, 68, 187, 80, 0, 0, 178, 1, 0, 4, 1, 0, 190, 8, 99]
1546498126233;[171, 0, 17, 255, 161, 72, 68, 187, 80, 0, 0, 167, 1, 0, 10, 1, 0, 187, 8, 67]
1546498126237;[171, 0, 17, 255, 161, 72, 68, 187, 80, 0, 0, 173, 1, 0, 4, 1, 0, 190, 8, 41]
1546498126406;[171, 0, 17, 255, 161, 72, 68, 187, 80, 0, 0, 167, 1, 0, 9, 1, 0, 194, 8, 13]
1546498126410;[171, 0, 17, 255, 161, 72, 68, 187, 80, 0, 0, 173, 1, 0, 3, 1, 0, 195, 7, 250]
1546498126578;[171, 0, 17, 255, 161, 72, 68, 187, 80, 0, 0, 168, 1, 0, 4, 1, 0, 195, 8, 58]
1546498126752;[171, 0, 17, 255, 161, 72, 68, 187, 80, 0, 0, 178, 1, 0, 4, 1, 0, 196, 8, 119]
1546498126756;[171, 0, 17, 255, 161, 72, 68, 187, 80, 0, 0, 173, 1, 0, 5, 1, 0, 191, 8, 142]
1546498127269;[171, 0, 17, 255, 161, 72, 68, 187, 81, 0, 0, 165, 1, 0, 4, 1, 0, 195, 8, 171]
1546498127274;[171, 0, 17, 255, 161, 72, 68, 187, 81, 0, 0, 178, 1, 0, 4, 1, 0, 195, 8, 209]
1546498127278;[171, 0, 4, 255, 132, 128, 78]
1546498127282;[171, 0, 17, 255, 161, 72, 68, 187, 81, 0, 0, 165, 1, 0, 5, 1, 0, 190, 8, 209]
1546498127445;[171, 0, 17, 255, 161, 72, 68, 187, 81, 0, 0, 173, 1, 0, 4, 1, 0, 194, 8, 201]
1546498127448;[171, 0, 17, 255, 161, 72, 68, 187, 81, 0, 0, 176, 0, 0, 1, 1, 0, 206, 8, 185]
1546498127452;[171, 0, 17, 255, 161, 72, 68, 187, 81, 0, 0, 171, 0, 0, 25, 1, 1, 23, 8, 217]
1546498127614;[171, 0, 17, 255, 161, 72, 68, 187, 81, 0, 0, 214, 1, 0, 19, 1, 0, 201, 8, 205]
1546498127618;[171, 0, 17, 255, 161, 72, 68, 187, 81, 0, 0, 89, 1, 0, 78, 1, 0, 148, 8, 49]
1546498127786;[171, 0, 17, 255, 161, 72, 68, 187, 81, 0, 0, 54, 1, 0, 109, 1, 0, 186, 7, 186]
1546498127958;[171, 0, 17, 255, 161, 72, 68, 187, 81, 0, 0, 44, 1, 0, 87, 1, 0, 224, 6, 184]
1546498127962;[171, 0, 17, 255, 161, 72, 68, 187, 82, 0, 0, 64, 1, 0, 63, 1, 1, 22, 5, 210]
1546498128131;[171, 0, 17, 255, 161, 72, 68, 187, 82, 0, 0, 11, 1, 0, 87, 1, 0, 232, 5, 62]
1546498128134;[171, 0, 4, 255, 132, 128, 78]
1546498128476;[171, 0, 17, 255, 161, 72, 68, 187, 82, 0, 0, 14, 1, 0, 77, 1, 0, 240, 4, 208]
1546498128480;[171, 0, 17, 255, 161, 72, 68, 187, 82, 1, 0, 26, 1, 0, 76, 1, 1, 12, 4, 138]
1546498128484;[171, 0, 17, 255, 161, 72, 68, 187, 82, 1, 0, 19, 1, 0, 81, 1, 0, 244, 4, 56]
1546498128649;[171, 0, 17, 255, 161, 72, 68, 187, 82, 0, 0, 23, 1, 0, 87, 1, 0, 234, 4, 0]
1546498128653;[171, 0, 17, 255, 161, 72, 68, 187, 82, 0, 0, 91, 1, 0, 89, 1, 0, 220, 3, 214]
1546498128821;[171, 0, 17, 255, 161, 72, 68, 187, 82, 0, 0, 83, 1, 0, 86, 1, 0, 228, 3, 160]
1546498128825;[171, 0, 17, 255, 161, 72, 68, 187, 82, 0, 0, 49, 1, 0, 90, 1, 0, 228, 3, 93]
1546498128995;[171, 0, 17, 255, 161, 72, 68, 187, 82, 0, 0, 77, 1, 0, 88, 1, 0, 228, 3, 38]
1546498128998;[171, 0, 17, 255, 161, 72, 68, 187, 83, 0, 0, 72, 1, 0, 89, 1, 0, 229, 3, 33]
1546498129206;[171, 0, 17, 255, 161, 72, 68, 187, 83, 0, 0, 65, 1, 0, 87, 1, 0, 229, 3, 48]
1546498129338;[171, 0, 4, 255, 132, 128, 78]
1546498129342;[171, 0, 17, 255, 161, 72, 68, 187, 83, 0, 0, 56, 1, 0, 88, 1, 0, 231, 2, 254]
1546498129684;[171, 0, 17, 255, 161, 72, 68, 187, 83, 0, 0, 63, 1, 0, 87, 1, 0, 229, 2, 213]
1546498129688;[171, 0, 17, 255, 161, 72, 68, 187, 83, 0, 0, 57, 1, 0, 87, 1, 0, 224, 2, 166]
1546498129692;[171, 0, 17, 255, 161, 72, 68, 187, 83, 0, 0, 63, 1, 0, 75, 1, 0, 243, 2, 112]
1546498129855;[171, 0, 17, 255, 161, 72, 68, 187, 83, 0, 0, 21, 1, 0, 74, 1, 0, 247, 2, 76]
1546498129859;[171, 0, 17, 255, 161, 72, 68, 187, 83, 1, 0, 25, 1, 0, 83, 1, 0, 250, 2, 0]
1546498130030;[171, 0, 17, 255, 161, 72, 68, 187, 83, 0, 0, 11, 1, 0, 76, 1, 0, 242, 1, 199]
1546498130035;[171, 0, 17, 255, 161, 72, 68, 187, 83, 1, 0, 28, 1, 0, 75, 1, 0, 247, 1, 181]
1546498130200;[171, 0, 17, 255, 161, 72, 68, 187, 84, 0, 0, 5, 1, 0, 76, 1, 0, 241, 1, 163]
1546498130204;[171, 0, 17, 255, 161, 72, 68, 187, 84, 0, 0, 52, 1, 0, 89, 1, 0, 228, 1, 130]
1546498130373;[171, 0, 4, 255, 132, 128, 77]
1546498130545;[171, 0, 17, 255, 161, 72, 68, 187, 84, 0, 0, 85, 1, 0, 86, 1, 0, 228, 1, 108]
1546498130549;[171, 0, 17, 255, 161, 72, 68, 187, 84, 0, 0, 83, 1, 0, 88, 1, 0, 224, 1, 62]
1546498130718;[171, 0, 17, 255, 161, 72, 68, 187, 84, 0, 0, 76, 1, 0, 87, 1, 0, 228, 1, 33]
1546498130722;[171, 0, 17, 255, 161, 72, 68, 187, 84, 0, 0, 72, 1, 0, 86, 1, 0, 228, 1, 4]
1546498131064;[171, 0, 17, 255, 161, 72, 68, 187, 84, 0, 0, 82, 1, 0, 87, 1, 0, 228, 1, 4]
1546498131068;[171, 0, 17, 255, 161, 72, 68, 187, 84, 0, 0, 84, 1, 0, 87, 1, 0, 228, 1, 27]
1546498131072;[171, 0, 17, 255, 161, 72, 68, 187, 84, 0, 0, 85, 1, 0, 83, 1, 0, 224, 1, 15]
1546498131236;[171, 0, 17, 255, 161, 72, 68, 187, 84, 0, 0, 87, 1, 0, 82, 1, 0, 224, 1, 7]
1546498131240;[171, 0, 17, 255, 161, 72, 68, 187, 85, 0, 0, 87, 1, 0, 81, 1, 0, 229, 0, 248]
1546498131409;[171, 0, 17, 255, 161, 72, 68, 187, 85, 0, 0, 81, 1, 0, 87, 1, 0, 229, 0, 235]
1546498131412;[171, 0, 4, 255, 132, 128, 77]
1546498131581;[171, 0, 17, 255, 161, 72, 68, 187, 85, 0, 0, 71, 1, 0, 87, 1, 0, 228, 0, 221]
1546498131754;[171, 0, 17, 255, 161, 72, 68, 187, 85, 0, 0, 62, 1, 0, 82, 1, 0, 228, 16, 191]
1546498131758;[171, 0, 17, 255, 161, 72, 68, 187, 85, 0, 0, 58, 1, 0, 81, 1, 0, 232, 7, 251]
1546498131926;[171, 0, 17, 255, 161, 72, 68, 187, 85, 0, 0, 2, 1, 0, 71, 1, 0, 252, 8, 20]
1546498131930;[171, 0, 17, 255, 161, 72, 68, 187, 85, 0, 0, 11, 1, 0, 87, 1, 0, 244, 8, 10]
1546498132272;[171, 0, 17, 255, 161, 72, 68, 187, 85, 0, 0, 5, 1, 0, 75, 1, 0, 250, 7, 247]
1546498132276;[171, 0, 17, 255, 161, 72, 68, 187, 85, 0, 0, 24, 1, 0, 87, 1, 0, 234, 7, 232]
1546498132280;[171, 0, 17, 255, 161, 72, 68, 187, 85, 0, 0, 43, 1, 0, 87, 1, 0, 230, 7, 198]
1546498132443;[171, 0, 17, 255, 161, 72, 68, 187, 86, 0, 0, 55, 1, 0, 88, 1, 0, 231, 7, 154]
1546498132447;[171, 0, 17, 255, 161, 72, 68, 187, 86, 0, 0, 40, 1, 0, 87, 1, 0, 234, 7, 117]
1546498132615;[171, 0, 4, 255, 132, 128, 77]
1546498132620;[171, 0, 17, 255, 161, 72, 68, 187, 86, 0, 0, 41, 1, 0, 89, 1, 0, 234, 7, 154]
1546498132789;[171, 0, 17, 255, 161, 72, 68, 187, 86, 0, 0, 58, 1, 0, 91, 1, 0, 230, 7, 165]
1546498132793;[171, 0, 17, 255, 161, 72, 68, 187, 86, 0, 0, 44, 1, 0, 83, 1, 0, 235, 7, 153]
1546498132961;[171, 0, 17, 255, 161, 72, 68, 187, 86, 0, 0, 13, 1, 0, 78, 1, 0, 243, 7, 139]
1546498133134;[171, 0, 17, 255, 161, 72, 68, 187, 86, 1, 0, 12, 1, 0, 87, 1, 0, 246, 7, 106]
1546498133138;[171, 0, 17, 255, 161, 72, 68, 187, 86, 0, 0, 7, 1, 0, 86, 1, 0, 240, 7, 65]
1546498133652;[171, 0, 17, 255, 161, 72, 68, 187, 86, 0, 0, 5, 1, 0, 82, 1, 0, 239, 7, 34]
1546498133656;[171, 0, 17, 255, 161, 72, 68, 187, 86, 0, 0, 23, 1, 0, 87, 1, 0, 234, 6, 250]
1546498133660;[171, 0, 17, 255, 161, 72, 68, 187, 87, 0, 0, 44, 1, 0, 88, 1, 0, 234, 6, 249]
1546498133664;[171, 0, 17, 255, 161, 72, 68, 187, 89, 0, 0, 26, 1, 0, 82, 1, 0, 249, 6, 138]
1546498133824;[171, 0, 17, 255, 161, 72, 68, 187, 89, 0, 0, 46, 1, 0, 95, 1, 0, 230, 6, 106]
1546498133827;[171, 0, 17, 255, 161, 72, 68, 187, 89, 0, 0, 34, 1, 0, 94, 1, 0, 235, 6, 84]
1546498133995;[171, 0, 17, 255, 161, 72, 68, 187, 89, 0, 0, 38, 1, 0, 98, 1, 0, 228, 6, 149]
1546498134168;[171, 0, 17, 255, 161, 72, 68, 187, 89, 0, 0, 31, 1, 0, 98, 1, 0, 229, 6, 158]
1546498134340;[171, 0, 17, 255, 161, 72, 68, 187, 89, 0, 0, 48, 1, 0, 96, 1, 0, 229, 6, 129]
1546498134344;[171, 0, 17, 255, 161, 72, 68, 187, 89, 0, 0, 58, 1, 0, 100, 1, 0, 224, 6, 105]
1546498134513;[171, 0, 17, 255, 161, 72, 68, 187, 89, 0, 0, 11, 1, 0, 89, 1, 0, 229, 6, 64]
1546498134517;[171, 0, 17, 255, 161, 72, 68, 187, 90, 1, 0, 14, 1, 0, 87, 1, 0, 241, 5, 242]
1546498134859;[171, 0, 17, 255, 161, 72, 68, 187, 90, 1, 0, 32, 1, 0, 84, 1, 1, 6, 5, 184]
1546498134863;[171, 0, 4, 255, 132, 128, 77]
1546498134867;[171, 0, 17, 255, 161, 72, 68, 187, 90, 1, 0, 6, 1, 0, 82, 1, 0, 241, 5, 139]
1546498135031;[171, 0, 17, 255, 161, 72, 68, 187, 90, 0, 0, 0, 1, 0, 87, 1, 0, 237, 5, 202]
1546498135036;[171, 0, 17, 255, 161, 72, 68, 187, 90, 0, 0, 0, 1, 0, 95, 1, 0, 234, 5, 208]
1546498135203;[171, 0, 17, 255, 161, 72, 68, 187, 90, 0, 0, 0, 1, 0, 89, 1, 0, 241, 5, 194]
1546498135207;[171, 0, 17, 255, 161, 72, 68, 187, 90, 1, 0, 4, 1, 0, 88, 1, 0, 242, 5, 184]
1546498135376;[171, 0, 17, 255, 161, 72, 68, 187, 90, 1, 0, 1, 1, 0, 88, 1, 0, 242, 5, 167]
1546498135548;[171, 0, 17, 255, 161, 72, 68, 187, 90, 0, 0, 51, 1, 0, 96, 1, 0, 224, 5, 112]
1546498135552;[171, 0, 17, 255, 161, 72, 68, 187, 90, 0, 0, 39, 1, 0, 97, 1, 0, 240, 5, 85]
1546498135721;[171, 0, 17, 255, 161, 72, 68, 187, 91, 0, 0, 1, 1, 0, 75, 1, 0, 233, 5, 109]
1546498135725;[171, 0, 17, 255, 161, 72, 68, 187, 91, 1, 0, 6, 1, 0, 86, 1, 0, 242, 5, 134]
1546498136240;[171, 0, 4, 255, 132, 128, 77]
1546498136244;[171, 0, 17, 255, 161, 72, 68, 187, 91, 0, 0, 12, 1, 0, 88, 1, 0, 247, 5, 101]
1546498136249;[171, 0, 17, 255, 161, 72, 68, 187, 91, 1, 0, 3, 1, 0, 88, 1, 0, 237, 5, 65]
1546498136253;[171, 0, 17, 255, 161, 72, 68, 187, 91, 1, 0, 9, 1, 0, 87, 1, 0, 244, 5, 22]
1546498136411;[171, 0, 17, 255, 161, 72, 68, 187, 91, 1, 0, 19, 1, 0, 86, 1, 0, 244, 4, 229]
1546498136415;[171, 0, 17, 255, 161, 72, 68, 187, 91, 0, 0, 5, 1, 0, 89, 1, 0, 240, 4, 190]
1546498136419;[171, 0, 17, 255, 161, 72, 68, 187, 91, 0, 0, 24, 1, 0, 89, 1, 0, 232, 4, 170]
1546498136583;[171, 0, 17, 255, 161, 72, 68, 187, 91, 0, 0, 34, 1, 0, 95, 1, 0, 230, 4, 238]
1546498136755;[171, 0, 17, 255, 161, 72, 68, 187, 91, 0, 0, 27, 1, 0, 94, 1, 0, 229, 5, 19]
1546498136759;[171, 0, 17, 255, 161, 72, 68, 187, 92, 0, 0, 21, 1, 0, 89, 1, 0, 232, 4, 242]
1546498136928;[171, 0, 17, 255, 161, 72, 68, 187, 92, 0, 0, 13, 1, 0, 91, 1, 0, 241, 4, 232]
1546498136932;[171, 0, 4, 255, 132, 128, 76]
1546498137101;[171, 0, 17, 255, 161, 72, 68, 187, 92, 0, 0, 16, 1, 0, 88, 1, 0, 245, 4, 199]
1546498137105;[171, 0, 17, 255, 161, 72, 68, 187, 92, 0, 0, 3, 1, 0, 86, 1, 0, 246, 4, 152]
1546498137448;[171, 0, 17, 255, 161, 72, 68, 187, 92, 0, 0, 7, 1, 0, 87, 1, 0, 240, 4, 132]
1546498137455;[171, 0, 17, 255, 161, 72, 68, 187, 92, 0, 0, 11, 1, 0, 87, 1, 0, 237, 4, 120]
1546498137459;[171, 0, 17, 255, 161, 72, 68, 187, 92, 0, 0, 5, 1, 0, 87, 1, 0, 243, 4, 206]
1546498137619;[171, 0, 17, 255, 161, 72, 68, 187, 92, 0, 0, 7, 1, 0, 88, 1, 0, 237, 4, 216]
1546498137623;[171, 0, 17, 255, 161, 72, 68, 187, 92, 0, 0, 24, 1, 0, 88, 1, 0, 237, 4, 187]
1546498137791;[171, 0, 17, 255, 161, 72, 68, 187, 92, 0, 0, 24, 1, 0, 89, 1, 0, 234, 4, 164]
1546498137795;[171, 0, 17, 255, 161, 72, 68, 187, 93, 0, 0, 17, 1, 0, 88, 1, 0, 237, 4, 117]
