1546498886962;[171, 0, 17, 255, 161, 72, 68, 190, 122, 0, 0, 75, 1, 0, 200, 1, 0, 121, 3, 100]
1546498887131;[171, 0, 4, 255, 132, 128, 81]
1546498887476;[171, 0, 17, 255, 161, 72, 68, 190, 122, 0, 0, 83, 1, 0, 203, 1, 0, 109, 3, 215]
1546498887480;[171, 0, 17, 255, 161, 72, 68, 190, 122, 0, 0, 109, 1, 0, 204, 1, 0, 108, 3, 250]
1546498887485;[171, 0, 17, 255, 161, 72, 68, 190, 122, 0, 0, 85, 1, 0, 199, 1, 0, 134, 4, 5]
1546498887489;[171, 0, 17, 255, 161, 72, 68, 190, 122, 0, 0, 110, 1, 0, 203, 1, 0, 131, 4, 18]
1546498887648;[171, 0, 17, 255, 161, 72, 68, 190, 122, 0, 0, 93, 1, 0, 208, 1, 0, 110, 3, 224]
1546498887652;[171, 0, 17, 255, 161, 72, 68, 190, 122, 0, 0, 61, 1, 0, 208, 1, 0, 102, 3, 215]
1546498887822;[171, 0, 17, 255, 161, 72, 68, 190, 122, 0, 0, 104, 1, 0, 209, 1, 0, 120, 3, 193]
1546498887994;[171, 0, 17, 255, 161, 72, 68, 190, 123, 0, 0, 70, 1, 0, 208, 1, 0, 125, 3, 204]
1546498887998;[171, 0, 17, 255, 161, 72, 68, 190, 123, 0, 0, 80, 1, 0, 208, 1, 0, 122, 3, 235]
1546498888166;[171, 0, 17, 255, 161, 72, 68, 190, 123, 0, 0, 84, 1, 0, 208, 1, 0, 115, 3, 231]
1546498888170;[171, 0, 4, 255, 132, 128, 80]
1546498888339;[171, 0, 17, 255, 161, 72, 68, 190, 123, 0, 0, 71, 1, 0, 211, 1, 0, 97, 3, 227]
1546498888511;[171, 0, 17, 255, 161, 72, 68, 190, 123, 0, 0, 65, 1, 0, 209, 1, 0, 64, 3, 232]
1546498888514;[171, 0, 17, 255, 161, 72, 68, 190, 123, 0, 0, 131, 1, 0, 169, 1, 0, 129, 3, 168]
1546498888856;[171, 0, 17, 255, 161, 72, 68, 190, 123, 0, 0, 111, 1, 0, 123, 1, 0, 154, 2, 105]
1546498888860;[171, 0, 17, 255, 161, 72, 68, 190, 123, 0, 0, 121, 1, 0, 73, 1, 0, 197, 0, 251]
1546498888865;[171, 0, 17, 255, 161, 72, 68, 190, 123, 0, 0, 124, 1, 0, 44, 1, 0, 231, 16, 73]
1546498888869;[171, 0, 17, 255, 161, 72, 68, 190, 123, 0, 0, 120, 1, 0, 26, 1, 1, 69, 8, 243]
1546498889028;[171, 0, 17, 255, 161, 72, 68, 190, 128, 0, 0, 177, 1, 0, 44, 1, 0, 207, 9, 253]
1546498889201;[171, 0, 17, 255, 161, 72, 68, 190, 128, 0, 0, 134, 1, 0, 39, 1, 0, 211, 10, 246]
1546498889205;[171, 0, 17, 255, 161, 72, 68, 190, 128, 0, 0, 145, 1, 0, 40, 1, 0, 211, 11, 167]
1546498889374;[171, 0, 4, 255, 132, 128, 80]
1546498889378;[171, 0, 17, 255, 161, 72, 68, 190, 128, 0, 0, 144, 1, 0, 40, 1, 0, 206, 12, 47]
1546498889544;[171, 0, 17, 255, 161, 72, 68, 190, 128, 0, 0, 146, 1, 0, 40, 1, 0, 202, 12, 143]
1546498889719;[171, 0, 17, 255, 161, 72, 68, 190, 128, 0, 0, 147, 1, 0, 40, 1, 0, 202, 13, 116]
1546498889723;[171, 0, 17, 255, 161, 72, 68, 190, 128, 0, 0, 148, 1, 0, 39, 1, 0, 203, 14, 36]
1546498890065;[171, 0, 17, 255, 161, 72, 68, 190, 128, 0, 0, 147, 1, 0, 40, 1, 0, 202, 14, 145]
1546498890069;[171, 0, 17, 255, 161, 72, 68, 190, 128, 0, 0, 149, 1, 0, 40, 1, 0, 202, 14, 254]
1546498890074;[171, 0, 17, 255, 161, 72, 68, 190, 128, 0, 0, 156, 1, 0, 43, 1, 0, 201, 15, 54]
1546498890078;[171, 0, 17, 255, 161, 72, 68, 190, 129, 0, 0, 156, 1, 0, 41, 1, 0, 203, 31, 92]
1546498890235;[171, 0, 17, 255, 161, 72, 68, 190, 129, 0, 0, 147, 1, 0, 40, 1, 0, 200, 7, 232]
1546498890410;[171, 0, 17, 255, 161, 72, 68, 190, 129, 0, 0, 152, 1, 0, 40, 1, 0, 201, 8, 55]
1546498890414;[171, 0, 4, 255, 132, 128, 80]
1546498890580;[171, 0, 17, 255, 161, 72, 68, 190, 129, 0, 0, 146, 1, 0, 40, 1, 0, 206, 8, 182]
1546498890584;[171, 0, 17, 255, 161, 72, 68, 190, 129, 0, 0, 152, 1, 0, 44, 1, 0, 202, 8, 212]
1546498890753;[171, 0, 17, 255, 161, 72, 68, 190, 129, 0, 0, 147, 1, 0, 41, 1, 0, 202, 8, 237]
1546498890757;[171, 0, 17, 255, 161, 72, 68, 190, 129, 0, 0, 146, 1, 0, 40, 1, 0, 202, 8, 241]
1546498890926;[171, 0, 17, 255, 161, 72, 68, 190, 129, 0, 0, 152, 1, 0, 43, 1, 0, 202, 8, 218]
1546498891446;[171, 0, 17, 255, 161, 72, 68, 190, 129, 0, 0, 156, 1, 0, 43, 1, 0, 201, 8, 187]
1546498891450;[171, 0, 17, 255, 161, 72, 68, 190, 129, 0, 0, 151, 1, 0, 43, 1, 0, 202, 8, 158]
1546498891455;[171, 0, 17, 255, 161, 72, 68, 190, 130, 0, 0, 151, 1, 0, 43, 1, 0, 202, 9, 8]
1546498891465;[171, 0, 17, 255, 161, 72, 68, 190, 130, 0, 0, 151, 1, 0, 40, 1, 0, 201, 9, 38]
1546498891616;[171, 0, 17, 255, 161, 72, 68, 190, 130, 0, 0, 146, 1, 0, 40, 1, 0, 202, 9, 33]
1546498891620;[171, 0, 4, 255, 132, 128, 80]
1546498891624;[171, 0, 17, 255, 161, 72, 68, 190, 130, 0, 0, 156, 1, 0, 42, 1, 0, 201, 9, 36]
1546498893744;[171, 0, 17, 255, 161, 72, 68, 190, 130, 0, 0, 149, 1, 0, 39, 1, 0, 202, 9, 5]
1546498893746;[171, 0, 17, 255, 161, 72, 68, 190, 130, 0, 0, 152, 1, 0, 40, 1, 0, 203, 8, 227]
1546498893747;[171, 0, 17, 255, 161, 72, 68, 190, 130, 0, 0, 151, 1, 0, 43, 1, 0, 201, 8, 184]
1546498893749;[171, 0, 17, 255, 161, 72, 68, 190, 130, 0, 0, 156, 1, 0, 40, 1, 0, 199, 8, 231]
1546498893751;[171, 0, 17, 255, 161, 72, 68, 190, 130, 0, 0, 160, 1, 0, 43, 1, 0, 199, 9, 53]
1546498893752;[171, 0, 17, 255, 161, 72, 68, 190, 130, 0, 0, 157, 1, 0, 43, 1, 0, 201, 9, 51]
1546498893754;[171, 0, 17, 255, 161, 72, 68, 190, 131, 0, 0, 156, 1, 0, 43, 1, 0, 196, 9, 81]
1546498893758;[171, 0, 17, 255, 161, 72, 68, 190, 131, 0, 0, 157, 1, 0, 42, 1, 0, 197, 9, 57]
1546498893760;[171, 0, 17, 255, 161, 72, 68, 190, 131, 0, 0, 163, 1, 0, 41, 1, 0, 199, 9, 26]
1546498893761;[171, 0, 4, 255, 132, 128, 80]
1546498893764;[171, 0, 17, 255, 161, 72, 68, 190, 131, 0, 0, 144, 1, 0, 40, 1, 0, 201, 9, 3]
1546498893765;[171, 0, 17, 255, 161, 72, 68, 190, 131, 0, 0, 158, 1, 0, 44, 1, 0, 197, 9, 89]
1546498893767;[171, 0, 17, 255, 161, 72, 68, 190, 131, 0, 0, 160, 1, 0, 44, 1, 0, 197, 9, 156]
1546498893769;[171, 0, 17, 255, 161, 72, 68, 190, 131, 0, 0, 159, 1, 0, 44, 1, 0, 199, 9, 150]
1546498893771;[171, 0, 17, 255, 161, 72, 68, 190, 131, 0, 0, 156, 1, 0, 43, 1, 0, 197, 9, 165]
1546498893773;[171, 0, 17, 255, 161, 72, 68, 190, 131, 0, 0, 156, 1, 0, 43, 1, 0, 195, 9, 159]
1546498893775;[171, 0, 17, 255, 161, 72, 68, 190, 131, 0, 0, 177, 1, 0, 41, 1, 0, 186, 9, 145]
1546498893777;[171, 0, 17, 255, 161, 72, 68, 190, 132, 0, 0, 166, 1, 0, 40, 1, 0, 191, 9, 108]
1546498893778;[171, 0, 17, 255, 161, 72, 68, 190, 132, 0, 0, 167, 1, 0, 41, 1, 0, 187, 9, 138]
1546498893860;[171, 0, 17, 255, 161, 72, 68, 190, 132, 0, 0, 166, 1, 0, 41, 1, 0, 186, 9, 182]
1546498893864;[171, 0, 4, 255, 132, 128, 80]
1546498893868;[171, 0, 17, 255, 161, 72, 68, 190, 132, 0, 0, 165, 1, 0, 46, 1, 0, 188, 9, 169]
1546498893872;[171, 0, 17, 255, 161, 72, 68, 190, 132, 0, 0, 166, 1, 0, 42, 1, 0, 194, 9, 165]
1546498894031;[171, 0, 17, 255, 161, 72, 68, 190, 132, 0, 0, 145, 1, 0, 39, 1, 0, 216, 9, 144]
1546498894203;[171, 0, 17, 255, 161, 72, 68, 190, 132, 0, 0, 221, 1, 0, 12, 1, 0, 144, 8, 104]
1546498894208;[171, 0, 17, 255, 161, 72, 68, 190, 132, 0, 1, 204, 1, 0, 52, 1, 0, 105, 7, 181]
1546498894377;[171, 0, 17, 255, 161, 72, 68, 190, 132, 0, 0, 45, 1, 0, 75, 0, 0, 36, 8, 130]
1546498894381;[171, 0, 17, 255, 161, 72, 68, 190, 132, 0, 0, 170, 1, 0, 254, 0, 0, 6, 7, 74]
1546498894549;[171, 0, 17, 255, 161, 72, 68, 190, 133, 0, 0, 164, 1, 0, 151, 0, 0, 56, 7, 200]
1546498894553;[171, 0, 17, 255, 161, 72, 68, 190, 133, 0, 0, 136, 1, 0, 197, 0, 0, 81, 6, 156]
1546498894721;[171, 0, 17, 255, 161, 72, 68, 190, 133, 0, 0, 73, 1, 0, 220, 0, 0, 123, 7, 80]
1546498894892;[171, 0, 4, 255, 132, 128, 80]
1546498894897;[171, 0, 17, 255, 161, 72, 68, 190, 133, 0, 1, 56, 1, 0, 195, 1, 0, 50, 6, 50]
1546498895239;[171, 0, 17, 255, 161, 72, 68, 190, 133, 0, 1, 159, 1, 0, 145, 0, 0, 131, 6, 18]
1546498895243;[171, 0, 17, 255, 161, 72, 68, 190, 133, 1, 0, 39, 1, 0, 75, 1, 0, 78, 5, 120]
1546498895247;[171, 0, 17, 255, 161, 72, 68, 190, 133, 0, 1, 143, 1, 0, 195, 0, 0, 14, 5, 200]
1546498895413;[171, 0, 17, 255, 161, 72, 68, 190, 133, 0, 0, 208, 1, 0, 164, 0, 0, 89, 5, 136]
1546498895417;[171, 0, 17, 255, 161, 72, 68, 190, 133, 0, 0, 217, 1, 0, 151, 0, 0, 57, 4, 255]
1546498895585;[171, 0, 17, 255, 161, 72, 68, 190, 133, 0, 0, 188, 1, 0, 103, 1, 0, 36, 3, 199]
1546498895590;[171, 0, 17, 255, 161, 72, 68, 190, 134, 0, 0, 131, 1, 0, 55, 1, 0, 92, 2, 39]
1546498895754;[171, 0, 17, 255, 161, 72, 68, 190, 134, 0, 1, 8, 1, 0, 2, 1, 1, 14, 1, 60]
1546498895758;[171, 0, 17, 255, 161, 72, 68, 190, 134, 0, 0, 173, 1, 0, 31, 1, 0, 164, 2, 113]
1546498895928;[171, 0, 4, 255, 132, 128, 80]
1546498896101;[171, 0, 17, 255, 161, 72, 68, 190, 134, 0, 0, 175, 1, 0, 41, 1, 0, 174, 3, 122]
1546498896105;[171, 0, 17, 255, 161, 72, 68, 190, 134, 0, 0, 179, 1, 0, 40, 1, 0, 178, 4, 0]
1546498896447;[171, 0, 17, 255, 161, 72, 68, 190, 134, 0, 0, 178, 1, 0, 40, 1, 0, 178, 4, 91]
1546498896453;[171, 0, 17, 255, 161, 72, 68, 190, 134, 0, 0, 175, 1, 0, 43, 1, 0, 178, 4, 160]
1546498896457;[171, 0, 17, 255, 161, 72, 68, 190, 134, 0, 0, 183, 1, 0, 39, 1, 0, 175, 4, 207]
1546498896464;[171, 0, 17, 255, 161, 72, 68, 190, 134, 0, 0, 178, 1, 0, 39, 1, 0, 179, 4, 234]
1546498896618;[171, 0, 17, 255, 161, 72, 68, 190, 134, 0, 0, 178, 1, 0, 40, 1, 0, 176, 4, 253]
1546498896791;[171, 0, 17, 255, 161, 72, 68, 190, 135, 0, 0, 181, 1, 0, 40, 1, 0, 176, 5, 68]
1546498896795;[171, 0, 17, 255, 161, 72, 68, 190, 135, 0, 0, 181, 1, 0, 41, 1, 0, 176, 5, 136]
1546498896963;[171, 0, 17, 255, 161, 72, 68, 190, 135, 0, 0, 178, 1, 0, 40, 1, 0, 177, 5, 165]
1546498896967;[171, 0, 4, 255, 132, 128, 80]
1546498897135;[171, 0, 17, 255, 161, 72, 68, 190, 135, 0, 0, 179, 1, 0, 40, 1, 0, 178, 5, 197]
1546498897309;[171, 0, 17, 255, 161, 72, 68, 190, 135, 0, 0, 181, 1, 0, 42, 1, 0, 177, 5, 201]
1546498897313;[171, 0, 17, 255, 161, 72, 68, 190, 135, 0, 0, 178, 1, 0, 40, 1, 0, 176, 5, 201]
1546498897828;[171, 0, 17, 255, 161, 72, 68, 190, 135, 0, 0, 181, 1, 0, 44, 1, 0, 181, 5, 197]
1546498897832;[171, 0, 17, 255, 161, 72, 68, 190, 135, 0, 0, 181, 1, 0, 46, 1, 0, 178, 5, 184]
1546498897836;[171, 0, 17, 255, 161, 72, 68, 190, 135, 0, 0, 181, 1, 0, 40, 1, 0, 178, 6, 1]
1546498897840;[171, 0, 17, 255, 161, 72, 68, 190, 135, 0, 0, 179, 1, 0, 40, 1, 0, 178, 6, 37]
1546498897999;[171, 0, 17, 255, 161, 72, 68, 190, 136, 0, 0, 179, 1, 0, 41, 1, 0, 176, 6, 52]
1546498898004;[171, 0, 17, 255, 161, 72, 68, 190, 136, 0, 0, 179, 1, 0, 39, 1, 0, 178, 6, 78]
1546498898008;[171, 0, 17, 255, 161, 72, 68, 190, 136, 0, 0, 181, 1, 0, 43, 1, 0, 176, 6, 80]
1546498898170;[171, 0, 4, 255, 132, 128, 80]
1546498898174;[171, 0, 17, 255, 161, 72, 68, 190, 136, 0, 0, 177, 1, 0, 43, 1, 0, 175, 6, 77]
1546498898343;[171, 0, 17, 255, 161, 72, 68, 190, 136, 0, 0, 181, 1, 0, 41, 1, 0, 178, 6, 68]
1546498898516;[171, 0, 17, 255, 161, 72, 68, 190, 136, 0, 0, 178, 1, 0, 43, 1, 0, 175, 6, 145]
1546498898520;[171, 0, 17, 255, 161, 72, 68, 190, 136, 0, 0, 181, 1, 0, 44, 1, 0, 174, 6, 201]
1546498898689;[171, 0, 17, 255, 161, 72, 68, 190, 136, 0, 0, 183, 1, 0, 43, 1, 0, 176, 6, 232]
1546498898693;[171, 0, 17, 255, 161, 72, 68, 190, 136, 0, 0, 181, 1, 0, 41, 1, 0, 175, 7, 10]
1546498899035;[171, 0, 17, 255, 161, 72, 68, 190, 136, 0, 0, 185, 1, 0, 51, 1, 0, 175, 7, 29]
1546498899039;[171, 0, 17, 255, 161, 72, 68, 190, 137, 0, 0, 165, 1, 0, 42, 1, 0, 177, 7, 14]
1546498899043;[171, 0, 17, 255, 161, 72, 68, 190, 137, 0, 0, 188, 1, 0, 42, 1, 0, 176, 7, 2]
1546498899207;[171, 0, 17, 255, 161, 72, 68, 190, 137, 0, 0, 194, 1, 0, 43, 1, 0, 165, 7, 105]
1546498899212;[171, 0, 4, 255, 132, 128, 81]
1546498899379;[171, 0, 17, 255, 161, 72, 68, 190, 137, 0, 0, 170, 1, 0, 38, 1, 0, 174, 7, 252]
1546498899383;[171, 0, 17, 255, 161, 72, 68, 190, 137, 0, 0, 192, 1, 0, 43, 1, 0, 168, 8, 50]
1546498899550;[171, 0, 17, 255, 161, 72, 68, 190, 137, 0, 0, 184, 1, 0, 41, 1, 0, 169, 8, 63]
1546498899554;[171, 0, 17, 255, 161, 72, 68, 190, 137, 0, 0, 186, 1, 0, 40, 1, 0, 170, 8, 83]
1546498899724;[171, 0, 17, 255, 161, 72, 68, 190, 137, 0, 0, 185, 1, 0, 40, 1, 0, 171, 8, 89]
1546498899896;[171, 0, 17, 255, 161, 72, 68, 190, 137, 0, 0, 186, 1, 0, 40, 1, 0, 169, 8, 93]
1546498899900;[171, 0, 17, 255, 161, 72, 68, 190, 137, 0, 0, 184, 1, 0, 41, 1, 0, 168, 8, 101]
1546498900241;[171, 0, 17, 255, 161, 72, 68, 190, 138, 0, 0, 187, 1, 0, 40, 1, 0, 171, 8, 197]
1546498900245;[171, 0, 17, 255, 161, 72, 68, 190, 138, 0, 0, 185, 1, 0, 40, 1, 0, 169, 9, 6]
1546498900249;[171, 0, 17, 255, 161, 72, 68, 190, 138, 0, 0, 183, 1, 0, 40, 1, 0, 169, 9, 37]
1546498900413;[171, 0, 4, 255, 132, 128, 81]
1546498900418;[171, 0, 17, 255, 161, 72, 68, 190, 138, 0, 0, 185, 1, 0, 40, 1, 0, 169, 9, 73]
1546498900587;[171, 0, 17, 255, 161, 72, 68, 190, 138, 0, 0, 187, 1, 0, 40, 1, 0, 169, 9, 87]
1546498900591;[171, 0, 17, 255, 161, 72, 68, 190, 138, 0, 0, 186, 1, 0, 41, 1, 0, 168, 9, 88]
1546498900758;[171, 0, 17, 255, 161, 72, 68, 190, 138, 0, 0, 185, 1, 0, 41, 1, 0, 169, 9, 93]
1546498900762;[171, 0, 17, 255, 161, 72, 68, 190, 138, 0, 0, 184, 1, 0, 40, 1, 0, 169, 9, 100]
1546498900930;[171, 0, 17, 255, 161, 72, 68, 190, 138, 0, 0, 187, 1, 0, 40, 1, 0, 169, 9, 188]
1546498901103;[171, 0, 17, 255, 161, 72, 68, 190, 138, 0, 0, 183, 1, 0, 43, 1, 0, 169, 9, 220]
1546498901108;[171, 0, 17, 255, 161, 72, 68, 190, 139, 0, 0, 185, 1, 0, 39, 1, 0, 166, 9, 246]
1546498901275;[171, 0, 17, 255, 161, 72, 68, 190, 139, 0, 0, 186, 1, 0, 41, 1, 0, 167, 10, 18]
1546498901279;[171, 0, 17, 255, 161, 72, 68, 190, 139, 0, 0, 187, 1, 0, 40, 1, 0, 168, 10, 35]
1546498901621;[171, 0, 4, 255, 132, 128, 81]
1546498901625;[171, 0, 17, 255, 161, 72, 68, 190, 139, 0, 0, 186, 1, 0, 39, 1, 0, 168, 10, 51]
1546498901630;[171, 0, 17, 255, 161, 72, 68, 190, 139, 0, 0, 185, 1, 0, 40, 1, 0, 168, 10, 54]
1546498901793;[171, 0, 17, 255, 161, 72, 68, 190, 139, 0, 0, 184, 1, 0, 40, 1, 0, 168, 10, 82]
1546498901797;[171, 0, 17, 255, 161, 72, 68, 190, 139, 0, 0, 186, 1, 0, 41, 1, 0, 169, 10, 176]
1546498901966;[171, 0, 17, 255, 161, 72, 68, 190, 139, 0, 0, 187, 1, 0, 43, 1, 0, 167, 10, 192]
1546498901970;[171, 0, 17, 255, 161, 72, 68, 190, 139, 0, 0, 187, 1, 0, 40, 1, 0, 168, 10, 219]
1546498902139;[171, 0, 17, 255, 161, 72, 68, 190, 139, 0, 0, 183, 1, 0, 40, 1, 0, 169, 10, 240]
1546498902312;[171, 0, 17, 255, 161, 72, 68, 190, 140, 0, 0, 189, 1, 0, 40, 1, 0, 167, 10, 234]
1546498902315;[171, 0, 17, 255, 161, 72, 68, 190, 140, 0, 0, 186, 1, 0, 40, 1, 0, 168, 10, 220]
1546498902483;[171, 0, 17, 255, 161, 72, 68, 190, 140, 0, 0, 187, 1, 0, 40, 1, 0, 168, 10, 208]
1546498902487;[171, 0, 4, 255, 132, 128, 81]
1546498902830;[171, 0, 17, 255, 161, 72, 68, 190, 140, 0, 0, 187, 1, 0, 39, 1, 0, 166, 10, 245]
1546498902834;[171, 0, 17, 255, 161, 72, 68, 190, 140, 0, 0, 187, 1, 0, 40, 1, 0, 168, 11, 56]
1546498902838;[171, 0, 17, 255, 161, 72, 68, 190, 140, 0, 0, 187, 1, 0, 41, 1, 0, 169, 11, 67]
1546498903000;[171, 0, 17, 255, 161, 72, 68, 190, 140, 0, 0, 186, 1, 0, 41, 1, 0, 168, 11, 78]
1546498903005;[171, 0, 17, 255, 161, 72, 68, 190, 140, 0, 0, 191, 1, 0, 40, 1, 0, 162, 11, 80]
1546498903173;[171, 0, 17, 255, 161, 72, 68, 190, 140, 0, 0, 187, 1, 0, 40, 1, 0, 163, 11, 64]
1546498903177;[171, 0, 17, 255, 161, 72, 68, 190, 140, 0, 0, 187, 1, 0, 41, 1, 0, 164, 11, 56]
1546498903345;[171, 0, 17, 255, 161, 72, 68, 190, 141, 0, 0, 194, 1, 0, 43, 1, 0, 163, 11, 41]
1546498903349;[171, 0, 17, 255, 161, 72, 68, 190, 141, 0, 0, 189, 1, 0, 42, 1, 0, 164, 11, 88]
1546498903519;[171, 0, 17, 255, 161, 72, 68, 190, 141, 0, 0, 186, 1, 0, 41, 1, 0, 166, 11, 129]
1546498903691;[171, 0, 4, 255, 132, 128, 81]
1546498903695;[171, 0, 17, 255, 161, 72, 68, 190, 141, 0, 0, 194, 1, 0, 40, 1, 0, 167, 11, 101]
1546498903863;[171, 0, 17, 255, 161, 72, 68, 190, 141, 0, 0, 186, 1, 0, 44, 1, 0, 169, 11, 89]
1546498903867;[171, 0, 17, 255, 161, 72, 68, 190, 141, 0, 0, 186, 1, 0, 40, 1, 0, 169, 11, 70]
1546498904211;[171, 0, 17, 255, 161, 72, 68, 190, 141, 0, 0, 187, 1, 0, 40, 1, 0, 166, 11, 45]
1546498904219;[171, 0, 17, 255, 161, 72, 68, 190, 141, 0, 0, 182, 1, 0, 39, 1, 0, 172, 11, 19]
1546498904224;[171, 0, 17, 255, 161, 72, 68, 190, 141, 0, 0, 185, 1, 0, 39, 1, 0, 167, 10, 254]
1546498904381;[171, 0, 17, 255, 161, 72, 68, 190, 141, 0, 0, 184, 1, 0, 39, 1, 0, 168, 11, 61]
1546498904387;[171, 0, 17, 255, 161, 72, 68, 190, 142, 0, 0, 184, 1, 0, 40, 1, 0, 174, 11, 85]
1546498904552;[171, 0, 17, 255, 161, 72, 68, 190, 142, 0, 0, 186, 1, 0, 40, 1, 0, 168, 11, 90]
1546498904725;[171, 0, 17, 255, 161, 72, 68, 190, 144, 0, 0, 154, 1, 0, 175, 0, 0, 37, 5, 192]
1546498904898;[171, 0, 17, 255, 161, 72, 68, 190, 144, 0, 0, 183, 1, 0, 164, 0, 0, 64, 5, 2]
1546498905071;[171, 0, 17, 255, 161, 72, 68, 190, 144, 0, 0, 187, 1, 0, 159, 0, 0, 49, 4, 145]
1546498905075;[171, 0, 17, 255, 161, 72, 68, 190, 144, 0, 0, 229, 1, 0, 160, 0, 0, 7, 4, 34]
1546498905417;[171, 0, 17, 255, 161, 72, 68, 190, 144, 0, 0, 177, 1, 0, 148, 0, 0, 4, 3, 103]
1546498905421;[171, 0, 17, 255, 161, 72, 68, 190, 144, 0, 0, 163, 1, 0, 119, 0, 0, 45, 2, 210]
1546498905426;[171, 0, 17, 255, 161, 72, 68, 190, 144, 0, 0, 123, 1, 0, 42, 1, 0, 172, 0, 235]
1546498905590;[171, 0, 17, 255, 161, 72, 68, 190, 145, 0, 0, 168, 1, 0, 14, 1, 1, 14, 16, 0]
1546498905594;[171, 0, 17, 255, 161, 72, 68, 190, 145, 0, 0, 140, 1, 0, 37, 1, 0, 188, 9, 36]
1546498905762;[171, 0, 17, 255, 161, 72, 68, 190, 145, 0, 0, 165, 1, 0, 46, 1, 0, 189, 9, 232]
1546498905765;[171, 0, 4, 255, 132, 128, 80]
1546498905934;[171, 0, 17, 255, 161, 72, 68, 190, 145, 0, 0, 163, 1, 0, 46, 1, 0, 196, 10, 68]
1546498906107;[171, 0, 17, 255, 161, 72, 68, 190, 145, 0, 0, 161, 1, 0, 43, 1, 0, 195, 10, 142]
1546498906111;[171, 0, 17, 255, 161, 72, 68, 190, 145, 0, 0, 166, 1, 0, 47, 1, 0, 191, 10, 215]
1546498906279;[171, 0, 17, 255, 161, 72, 68, 190, 145, 0, 0, 164, 1, 0, 41, 1, 0, 197, 11, 83]
1546498906283;[171, 0, 17, 255, 161, 72, 68, 190, 145, 0, 0, 156, 1, 0, 42, 1, 0, 196, 11, 176]
1546498906797;[171, 0, 17, 255, 161, 72, 68, 190, 145, 0, 0, 160, 1, 0, 43, 1, 0, 194, 12, 10]
1546498906801;[171, 0, 17, 255, 161, 72, 68, 190, 145, 0, 0, 158, 1, 0, 44, 1, 0, 195, 12, 97]
1546498906805;[171, 0, 17, 255, 161, 72, 68, 190, 146, 0, 0, 164, 1, 0, 47, 1, 0, 192, 12, 171]
1546498906809;[171, 0, 17, 255, 161, 72, 68, 190, 146, 0, 0, 160, 1, 0, 44, 1, 0, 192, 12, 222]
1546498906970;[171, 0, 17, 255, 161, 72, 68, 190, 146, 0, 0, 165, 1, 0, 46, 1, 0, 194, 13, 66]
1546498906974;[171, 0, 4, 255, 132, 128, 80]
1546498906978;[171, 0, 17, 255, 161, 72, 68, 190, 146, 0, 0, 160, 1, 0, 46, 1, 0, 195, 13, 237]
1546498907141;[171, 0, 17, 255, 161, 72, 68, 190, 146, 0, 0, 163, 1, 0, 47, 1, 0, 196, 14, 91]
1546498907313;[171, 0, 17, 255, 161, 72, 68, 190, 146, 0, 0, 164, 1, 0, 47, 1, 0, 192, 14, 211]
1546498907317;[171, 0, 17, 255, 161, 72, 68, 190, 146, 0, 0, 165, 1, 0, 47, 1, 0, 195, 15, 46]
1546498907486;[171, 0, 17, 255, 161, 72, 68, 190, 146, 0, 0, 163, 1, 0, 48, 1, 0, 191, 31, 121]
1546498907490;[171, 0, 17, 255, 161, 72, 68, 190, 146, 0, 0, 165, 1, 0, 46, 1, 0, 192, 8, 10]
1546498907658;[171, 0, 17, 255, 161, 72, 68, 190, 146, 0, 0, 166, 1, 0, 47, 1, 0, 194, 8, 154]
1546498907662;[171, 0, 17, 255, 161, 72, 68, 190, 147, 0, 0, 160, 1, 0, 46, 1, 0, 195, 9, 81]
1546498908005;[171, 0, 17, 255, 161, 72, 68, 190, 147, 0, 0, 164, 1, 0, 46, 1, 0, 195, 9, 170]
1546498908009;[171, 0, 17, 255, 161, 72, 68, 190, 147, 0, 0, 164, 1, 0, 43, 1, 0, 194, 10, 21]
1546498908013;[171, 0, 4, 255, 132, 128, 79]
1546498908175;[171, 0, 17, 255, 161, 72, 68, 190, 147, 0, 0, 164, 1, 0, 45, 1, 0, 187, 10, 103]
1546498908179;[171, 0, 17, 255, 161, 72, 68, 190, 147, 0, 0, 164, 1, 0, 46, 1, 0, 191, 10, 152]
1546498908349;[171, 0, 17, 255, 161, 72, 68, 190, 147, 0, 0, 166, 1, 0, 47, 1, 0, 192, 10, 199]
1546498908352;[171, 0, 17, 255, 161, 72, 68, 190, 147, 0, 0, 164, 1, 0, 46, 1, 0, 194, 11, 106]
1546498908520;[171, 0, 17, 255, 161, 72, 68, 190, 147, 0, 0, 166, 1, 0, 46, 1, 0, 189, 11, 231]
1546498908694;[171, 0, 17, 255, 161, 72, 68, 190, 147, 0, 0, 167, 1, 0, 47, 1, 0, 186, 12, 50]
1546498908698;[171, 0, 17, 255, 161, 72, 68, 190, 147, 0, 0, 171, 1, 0, 47, 1, 0, 187, 12, 127]
1546498908868;[171, 0, 17, 255, 161, 72, 68, 190, 148, 0, 0, 173, 1, 0, 47, 1, 0, 187, 12, 174]
1546498908872;[171, 0, 17, 255, 161, 72, 68, 190, 148, 0, 0, 166, 1, 0, 46, 1, 0, 194, 12, 188]
1546498909255;[171, 0, 17, 255, 161, 72, 68, 190, 148, 0, 0, 166, 1, 0, 46, 1, 0, 189, 12, 209]
1546498909256;[171, 0, 4, 255, 132, 128, 79]
1546498909259;[171, 0, 17, 255, 161, 72, 68, 190, 148, 0, 0, 167, 1, 0, 47, 1, 0, 194, 13, 95]
1546498909383;[171, 0, 17, 255, 161, 72, 68, 190, 148, 0, 0, 164, 1, 0, 44, 1, 0, 187, 13, 165]
1546498909387;[171, 0, 17, 255, 161, 72, 68, 190, 148, 0, 0, 167, 1, 0, 46, 1, 0, 186, 13, 188]
1546498909556;[171, 0, 17, 255, 161, 72, 68, 190, 148, 0, 0, 167, 1, 0, 47, 1, 0, 189, 13, 221]
1546498909560;[171, 0, 17, 255, 161, 72, 68, 190, 148, 0, 0, 167, 1, 0, 46, 1, 0, 187, 13, 227]
1546498909729;[171, 0, 17, 255, 161, 72, 68, 190, 148, 0, 0, 171, 1, 0, 47, 1, 0, 184, 13, 220]
1546498909900;[171, 0, 17, 255, 161, 72, 68, 190, 148, 0, 0, 167, 1, 0, 46, 1, 0, 187, 13, 188]
1546498909904;[171, 0, 17, 255, 161, 72, 68, 190, 149, 0, 0, 166, 1, 0, 47, 1, 0, 186, 14, 9]
1546498910073;[171, 0, 17, 255, 161, 72, 68, 190, 149, 0, 0, 167, 1, 0, 46, 1, 0, 187, 14, 9]
1546498910077;[171, 0, 17, 255, 161, 72, 68, 190, 149, 0, 0, 167, 1, 0, 46, 1, 0, 186, 13, 226]
1546498910246;[171, 0, 4, 255, 132, 128, 79]
1546498910250;[171, 0, 17, 255, 161, 72, 68, 190, 149, 0, 0, 167, 1, 0, 46, 1, 0, 185, 13, 197]
1546498910591;[171, 0, 17, 255, 161, 72, 68, 190, 149, 0, 0, 164, 1, 0, 46, 1, 0, 189, 13, 123]
1546498910595;[171, 0, 17, 255, 161, 72, 68, 190, 149, 0, 0, 173, 1, 0, 45, 1, 0, 192, 13, 37]
1546498910599;[171, 0, 17, 255, 161, 72, 68, 190, 149, 0, 0, 171, 1, 0, 46, 1, 0, 186, 12, 239]
1546498910764;[171, 0, 17, 255, 161, 72, 68, 190, 149, 0, 0, 166, 1, 0, 47, 1, 0, 187, 13, 7]
1546498910768;[171, 0, 17, 255, 161, 72, 68, 190, 149, 0, 0, 172, 1, 0, 44, 1, 0, 187, 13, 80]
1546498910935;[171, 0, 17, 255, 161, 72, 68, 190, 149, 0, 0, 166, 1, 0, 44, 1, 0, 186, 13, 75]
1546498911110;[171, 0, 17, 255, 161, 72, 68, 190, 150, 0, 0, 166, 1, 0, 44, 1, 0, 186, 13, 57]
1546498911116;[171, 0, 17, 255, 161, 72, 68, 190, 150, 0, 0, 165, 1, 0, 47, 1, 0, 186, 13, 12]
1546498911279;[171, 0, 17, 255, 161, 72, 68, 190, 150, 0, 0, 171, 1, 0, 45, 1, 0, 187, 12, 119]
1546498911282;[171, 0, 4, 255, 132, 128, 79]
1546498911454;[171, 0, 17, 255, 161, 72, 68, 190, 150, 0, 0, 121, 1, 0, 40, 1, 0, 222, 11, 199]
1546498911459;[171, 0, 17, 255, 161, 72, 68, 190, 150, 0, 0, 141, 1, 0, 39, 1, 0, 198, 11, 46]
1546498911800;[171, 0, 17, 255, 161, 72, 68, 190, 150, 0, 0, 144, 1, 0, 43, 1, 0, 194, 11, 24]
1546498911804;[171, 0, 17, 255, 161, 72, 68, 190, 150, 0, 0, 134, 1, 0, 41, 1, 0, 216, 11, 59]
1546498911972;[171, 0, 17, 255, 161, 72, 68, 190, 150, 0, 0, 149, 1, 0, 40, 1, 0, 206, 10, 179]
1546498911976;[171, 0, 17, 255, 161, 72, 68, 190, 150, 0, 0, 221, 1, 0, 75, 1, 0, 223, 10, 200]
1546498911980;[171, 0, 17, 255, 161, 72, 68, 190, 150, 0, 0, 146, 1, 0, 43, 1, 0, 206, 10, 113]
1546498912143;[171, 0, 17, 255, 161, 72, 68, 190, 151, 0, 0, 121, 1, 0, 36, 1, 0, 190, 10, 78]
1546498912316;[171, 0, 17, 255, 161, 72, 68, 190, 151, 0, 0, 144, 1, 0, 39, 1, 0, 199, 9, 253]
1546498912320;[171, 0, 17, 255, 161, 72, 68, 190, 151, 0, 0, 143, 1, 0, 47, 1, 0, 197, 9, 183]
1546498912489;[171, 0, 4, 255, 132, 128, 80]
1546498912493;[171, 0, 17, 255, 161, 72, 68, 190, 151, 0, 0, 152, 1, 0, 43, 1, 0, 207, 9, 188]
1546498912661;[171, 0, 17, 255, 161, 72, 68, 190, 151, 0, 0, 147, 1, 0, 44, 1, 0, 196, 9, 142]
1546498912665;[171, 0, 17, 255, 161, 72, 68, 190, 151, 0, 0, 153, 1, 0, 45, 1, 0, 205, 9, 154]
1546498912833;[171, 0, 17, 255, 161, 72, 68, 190, 151, 0, 0, 153, 1, 0, 44, 1, 0, 195, 9, 105]
1546498913180;[171, 0, 17, 255, 161, 72, 68, 190, 151, 0, 0, 121, 1, 0, 43, 1, 0, 202, 9, 104]
1546498913184;[171, 0, 17, 255, 161, 72, 68, 190, 151, 0, 0, 156, 1, 0, 44, 1, 0, 201, 9, 72]
1546498913188;[171, 0, 17, 255, 161, 72, 68, 190, 151, 0, 0, 169, 1, 0, 52, 1, 0, 221, 9, 81]
1546498913193;[171, 0, 17, 255, 161, 72, 68, 190, 152, 0, 0, 151, 1, 0, 46, 1, 0, 198, 9, 115]
1546498913351;[171, 0, 17, 255, 161, 72, 68, 190, 152, 0, 0, 138, 1, 0, 46, 1, 0, 192, 9, 91]
1546498913355;[171, 0, 17, 255, 161, 72, 68, 190, 152, 0, 0, 181, 1, 0, 52, 1, 0, 207, 9, 103]
1546498913522;[171, 0, 4, 255, 132, 128, 80]
1546498913695;[171, 0, 17, 255, 161, 72, 68, 190, 152, 0, 0, 152, 1, 0, 46, 1, 0, 190, 9, 46]
1546498913699;[171, 0, 17, 255, 161, 72, 68, 190, 152, 0, 0, 133, 1, 0, 38, 1, 0, 191, 9, 42]
1546498913869;[171, 0, 17, 255, 161, 72, 68, 190, 152, 0, 0, 164, 1, 0, 44, 1, 0, 202, 9, 15]
1546498913872;[171, 0, 17, 255, 161, 72, 68, 190, 152, 0, 0, 168, 1, 0, 49, 1, 0, 214, 8, 227]
1546498914041;[171, 0, 17, 255, 161, 72, 68, 190, 152, 0, 0, 161, 1, 0, 46, 1, 0, 202, 9, 16]
1546498914389;[171, 0, 17, 255, 161, 72, 68, 190, 152, 0, 0, 160, 1, 0, 46, 1, 0, 196, 9, 18]
1546498914393;[171, 0, 17, 255, 161, 72, 68, 190, 152, 0, 0, 151, 1, 0, 40, 1, 0, 202, 8, 251]
1546498914397;[171, 0, 17, 255, 161, 72, 68, 190, 153, 0, 0, 124, 1, 0, 42, 1, 0, 218, 8, 173]
1546498914402;[171, 0, 17, 255, 161, 72, 68, 190, 153, 0, 0, 130, 1, 0, 44, 1, 0, 216, 8, 30]
1546498914560;[171, 0, 17, 255, 161, 72, 68, 190, 153, 0, 0, 150, 1, 0, 46, 1, 0, 212, 7, 247]
1546498914562;[171, 0, 4, 255, 132, 128, 80]
1546498914731;[171, 0, 17, 255, 161, 72, 68, 190, 153, 0, 0, 146, 1, 0, 49, 1, 0, 195, 7, 144]
1546498914903;[171, 0, 17, 255, 161, 72, 68, 190, 153, 0, 0, 116, 1, 0, 40, 1, 0, 208, 7, 144]
1546498914907;[171, 0, 17, 255, 161, 72, 68, 190, 153, 0, 0, 172, 1, 0, 49, 1, 0, 215, 7, 183]
1546498915075;[171, 0, 17, 255, 161, 72, 68, 190, 153, 0, 0, 155, 1, 0, 56, 1, 0, 201, 7, 71]
1546498915079;[171, 0, 17, 255, 161, 72, 68, 190, 153, 0, 0, 131, 1, 0, 42, 1, 0, 221, 7, 80]
1546498915249;[171, 0, 17, 255, 161, 72, 68, 190, 153, 0, 0, 97, 1, 0, 38, 1, 0, 219, 6, 247]
1546498915253;[171, 0, 17, 255, 161, 72, 68, 190, 153, 0, 0, 142, 1, 0, 43, 1, 0, 211, 6, 190]
1546498915768;[171, 0, 17, 255, 161, 72, 68, 190, 154, 0, 0, 159, 1, 0, 45, 1, 0, 212, 7, 13]
1546498915773;[171, 0, 17, 255, 161, 72, 68, 190, 154, 0, 0, 150, 1, 0, 46, 1, 0, 200, 7, 170]
1546498915777;[171, 0, 17, 255, 161, 72, 68, 190, 154, 0, 0, 142, 1, 0, 47, 1, 0, 206, 7, 220]
1546498915781;[171, 0, 4, 255, 132, 128, 81]
1546498915938;[171, 0, 17, 255, 161, 72, 68, 190, 154, 0, 0, 138, 1, 0, 41, 1, 0, 207, 8, 103]
1546498915942;[171, 0, 17, 255, 161, 72, 68, 190, 154, 0, 0, 156, 1, 0, 44, 1, 0, 206, 9, 2]
1546498916111;[171, 0, 17, 255, 161, 72, 68, 190, 154, 0, 0, 155, 1, 0, 47, 1, 0, 181, 9, 46]
1546498916115;[171, 0, 17, 255, 161, 72, 68, 190, 154, 0, 0, 141, 1, 0, 41, 1, 0, 202, 8, 240]
1546498916284;[171, 0, 17, 255, 161, 72, 68, 190, 154, 0, 0, 185, 1, 0, 52, 1, 0, 224, 9, 13]
1546498916288;[171, 0, 17, 255, 161, 72, 68, 190, 154, 0, 0, 151, 1, 0, 46, 1, 0, 196, 9, 111]
1546498916458;[171, 0, 17, 255, 161, 72, 68, 190, 154, 0, 0, 201, 1, 0, 53, 1, 0, 221, 9, 204]
1546498916468;[171, 0, 17, 255, 161, 72, 68, 190, 155, 0, 0, 139, 1, 0, 47, 1, 0, 192, 9, 193]
1546498916628;[171, 0, 17, 255, 161, 72, 68, 190, 155, 0, 0, 211, 1, 0, 56, 1, 0, 238, 9, 236]
1546498916975;[171, 0, 17, 255, 161, 72, 68, 190, 155, 0, 0, 144, 1, 0, 46, 1, 0, 197, 9, 222]
1546498916979;[171, 0, 4, 255, 132, 128, 81]
1546498916984;[171, 0, 17, 255, 161, 72, 68, 190, 155, 0, 0, 171, 1, 0, 47, 1, 0, 189, 9, 226]
1546498916988;[171, 0, 17, 255, 161, 72, 68, 190, 155, 0, 0, 151, 1, 0, 46, 1, 0, 202, 9, 210]
1546498917147;[171, 0, 17, 255, 161, 72, 68, 190, 155, 0, 0, 191, 1, 0, 51, 1, 0, 207, 9, 254]
1546498917151;[171, 0, 17, 255, 161, 72, 68, 190, 155, 0, 0, 146, 1, 0, 43, 1, 0, 203, 10, 7]
1546498917318;[171, 0, 17, 255, 161, 72, 68, 190, 155, 0, 0, 127, 1, 0, 34, 1, 0, 202, 10, 16]
1546498917489;[171, 0, 17, 255, 161, 72, 68, 190, 155, 0, 0, 151, 1, 0, 40, 1, 0, 188, 9, 239]
1546498917493;[171, 0, 17, 255, 161, 72, 68, 190, 155, 0, 0, 141, 1, 0, 42, 1, 0, 208, 9, 124]
1546498917663;[171, 0, 17, 255, 161, 72, 68, 190, 156, 0, 0, 152, 1, 0, 40, 1, 0, 198, 8, 236]
1546498917667;[171, 0, 17, 255, 161, 72, 68, 190, 156, 0, 0, 155, 1, 0, 44, 1, 0, 210, 8, 141]
1546498917835;[171, 0, 17, 255, 161, 72, 68, 190, 156, 0, 0, 152, 1, 0, 40, 1, 0, 197, 7, 233]
1546498918181;[171, 0, 4, 255, 132, 128, 81]
1546498918186;[171, 0, 17, 255, 161, 72, 68, 190, 156, 0, 0, 131, 1, 0, 38, 1, 0, 207, 8, 35]
1546498918190;[171, 0, 17, 255, 161, 72, 68, 190, 156, 0, 0, 157, 1, 0, 43, 1, 0, 200, 7, 229]
1546498918195;[171, 0, 17, 255, 161, 72, 68, 190, 156, 0, 0, 173, 1, 0, 46, 1, 0, 216, 8, 5]
1546498918353;[171, 0, 17, 255, 161, 72, 68, 190, 156, 0, 0, 149, 1, 0, 44, 1, 0, 201, 7, 216]
1546498918357;[171, 0, 17, 255, 161, 72, 68, 190, 156, 0, 0, 143, 1, 0, 43, 1, 0, 196, 7, 111]
1546498918526;[171, 0, 17, 255, 161, 72, 68, 190, 156, 0, 0, 163, 1, 0, 44, 1, 0, 211, 7, 104]
1546498918699;[171, 0, 17, 255, 161, 72, 68, 190, 156, 0, 0, 141, 1, 0, 46, 1, 0, 195, 6, 220]
1546498918703;[171, 0, 17, 255, 161, 72, 68, 190, 157, 0, 0, 152, 1, 0, 49, 1, 0, 189, 7, 34]
1546498918871;[171, 0, 17, 255, 161, 72, 68, 190, 157, 0, 0, 171, 1, 0, 43, 1, 0, 195, 6, 252]
1546498918874;[171, 0, 17, 255, 161, 72, 68, 190, 157, 0, 0, 152, 1, 0, 47, 1, 0, 227, 6, 254]
1546498919043;[171, 0, 4, 255, 132, 128, 81]
1546498919217;[171, 0, 17, 255, 161, 72, 68, 190, 157, 0, 0, 148, 1, 0, 44, 1, 0, 202, 6, 174]
1546498919221;[171, 0, 17, 255, 161, 72, 68, 190, 157, 0, 0, 139, 1, 0, 43, 1, 0, 201, 6, 160]
1546498919563;[171, 0, 17, 255, 161, 72, 68, 190, 157, 0, 0, 136, 1, 0, 39, 1, 0, 200, 6, 170]
1546498919567;[171, 0, 17, 255, 161, 72, 68, 190, 157, 0, 0, 143, 1, 0, 41, 1, 0, 200, 5, 248]
1546498919571;[171, 0, 17, 255, 161, 72, 68, 190, 157, 0, 0, 150, 1, 0, 40, 1, 0, 202, 6, 66]
1546498919575;[171, 0, 17, 255, 161, 72, 68, 190, 157, 0, 0, 174, 1, 0, 47, 1, 0, 206, 6, 126]
1546498919733;[171, 0, 17, 255, 161, 72, 68, 190, 157, 0, 0, 156, 1, 0, 46, 1, 0, 201, 6, 130]
1546498919906;[171, 0, 17, 255, 161, 72, 68, 190, 158, 0, 0, 156, 1, 0, 46, 1, 0, 197, 6, 127]
1546498919910;[171, 0, 17, 255, 161, 72, 68, 190, 158, 0, 0, 158, 1, 0, 43, 1, 0, 196, 6, 121]
1546498920078;[171, 0, 17, 255, 161, 72, 68, 190, 158, 0, 0, 156, 1, 0, 46, 1, 0, 197, 6, 108]
1546498920082;[171, 0, 4, 255, 132, 128, 81]
1546498920251;[171, 0, 17, 255, 161, 72, 68, 190, 158, 0, 0, 156, 1, 0, 43, 1, 0, 197, 6, 85]
1546498920255;[171, 0, 17, 255, 161, 72, 68, 190, 158, 0, 0, 157, 1, 0, 42, 1, 0, 195, 6, 71]
1546498920423;[171, 0, 17, 255, 161, 72, 68, 190, 158, 0, 0, 157, 1, 0, 46, 1, 0, 195, 6, 119]
1546498920770;[171, 0, 17, 255, 161, 72, 68, 190, 158, 0, 0, 157, 1, 0, 44, 1, 0, 199, 6, 158]
1546498920774;[171, 0, 17, 255, 161, 72, 68, 190, 158, 0, 0, 157, 1, 0, 46, 1, 0, 196, 6, 158]
1546498920779;[171, 0, 17, 255, 161, 72, 68, 190, 158, 0, 0, 160, 1, 0, 44, 1, 0, 195, 6, 187]
1546498920783;[171, 0, 17, 255, 161, 72, 68, 190, 158, 0, 0, 157, 1, 0, 47, 1, 0, 196, 6, 191]
1546498920941;[171, 0, 17, 255, 161, 72, 68, 190, 159, 0, 0, 161, 1, 0, 44, 1, 0, 195, 6, 201]
1546498921113;[171, 0, 17, 255, 161, 72, 68, 190, 159, 0, 0, 157, 1, 0, 44, 1, 0, 195, 6, 196]
1546498921116;[171, 0, 17, 255, 161, 72, 68, 190, 159, 0, 0, 160, 1, 0, 46, 1, 0, 195, 6, 248]
1546498921287;[171, 0, 4, 255, 132, 128, 81]
1546498921291;[171, 0, 17, 255, 161, 72, 68, 190, 159, 0, 0, 160, 1, 0, 44, 1, 0, 196, 7, 57]
1546498921460;[171, 0, 17, 255, 161, 72, 68, 190, 159, 0, 0, 160, 1, 0, 43, 1, 0, 195, 7, 76]
1546498921465;[171, 0, 17, 255, 161, 72, 68, 190, 159, 0, 0, 158, 1, 0, 45, 1, 0, 196, 7, 104]
1546498921630;[171, 0, 17, 255, 161, 72, 68, 190, 159, 0, 0, 160, 1, 0, 46, 1, 0, 195, 7, 124]
1546498922148;[171, 0, 17, 255, 161, 72, 68, 190, 159, 0, 0, 166, 1, 0, 46, 1, 0, 196, 7, 131]
1546498922152;[171, 0, 17, 255, 161, 72, 68, 190, 159, 0, 0, 158, 1, 0, 46, 1, 0, 194, 7, 138]
1546498922323;[171, 0, 17, 255, 161, 72, 68, 190, 159, 0, 0, 163, 1, 0, 46, 1, 0, 195, 7, 195]
1546498922327;[171, 0, 17, 255, 161, 72, 68, 190, 160, 0, 0, 163, 1, 0, 46, 1, 0, 195, 8, 0]
1546498922331;[171, 0, 17, 255, 161, 72, 68, 190, 160, 0, 0, 160, 1, 0, 44, 1, 0, 195, 8, 23]
1546498922335;[171, 0, 17, 255, 161, 72, 68, 190, 160, 0, 0, 160, 1, 0, 44, 1, 0, 195, 8, 53]
1546498922493;[171, 0, 4, 255, 132, 128, 81]
1546498922497;[171, 0, 17, 255, 161, 72, 68, 190, 160, 0, 0, 163, 1, 0, 43, 1, 0, 195, 8, 60]
1546498922501;[171, 0, 17, 255, 161, 72, 68, 190, 160, 0, 0, 163, 1, 0, 46, 1, 0, 196, 8, 52]
1546498922666;[171, 0, 17, 255, 161, 72, 68, 190, 160, 0, 0, 164, 1, 0, 46, 1, 0, 195, 8, 39]
1546498922670;[171, 0, 17, 255, 161, 72, 68, 190, 160, 0, 0, 160, 1, 0, 41, 1, 0, 195, 8, 80]
1546498922838;[171, 0, 17, 255, 161, 72, 68, 190, 160, 0, 0, 163, 1, 0, 44, 1, 0, 196, 8, 87]
1546498923011;[171, 0, 17, 255, 161, 72, 68, 190, 160, 0, 0, 158, 1, 0, 48, 1, 0, 195, 8, 99]
1546498923015;[171, 0, 17, 255, 161, 72, 68, 190, 160, 0, 0, 161, 1, 0, 46, 1, 0, 197, 8, 130]
1546498923358;[171, 0, 17, 255, 161, 72, 68, 190, 161, 0, 0, 161, 1, 0, 44, 1, 0, 196, 8, 132]
1546498923363;[171, 0, 17, 255, 161, 72, 68, 190, 161, 0, 0, 164, 1, 0, 46, 1, 0, 195, 8, 125]
1546498923367;[171, 0, 17, 255, 161, 72, 68, 190, 161, 0, 0, 164, 1, 0, 46, 1, 0, 194, 8, 110]
1546498923370;[171, 0, 4, 255, 132, 128, 81]
1546498923529;[171, 0, 17, 255, 161, 72, 68, 190, 161, 0, 0, 164, 1, 0, 46, 1, 0, 194, 8, 113]
1546498923702;[171, 0, 17, 255, 161, 72, 68, 190, 161, 0, 0, 164, 1, 0, 44, 1, 0, 194, 8, 193]
1546498923705;[171, 0, 17, 255, 161, 72, 68, 190, 161, 0, 0, 164, 1, 0, 47, 1, 0, 195, 8, 235]
1546498923873;[171, 0, 17, 255, 161, 72, 68, 190, 161, 0, 0, 164, 1, 0, 45, 1, 0, 194, 8, 232]
1546498923877;[171, 0, 17, 255, 161, 72, 68, 190, 161, 0, 0, 161, 1, 0, 46, 1, 0, 196, 8, 240]
1546498924046;[171, 0, 17, 255, 161, 72, 68, 190, 161, 0, 0, 160, 1, 0, 46, 1, 0, 194, 8, 197]
1546498924050;[171, 0, 17, 255, 161, 72, 68, 190, 161, 0, 0, 163, 1, 0, 43, 1, 0, 195, 8, 160]
1546498924218;[171, 0, 17, 255, 161, 72, 68, 190, 162, 0, 0, 160, 1, 0, 44, 1, 0, 194, 8, 125]
1546498924564;[171, 0, 17, 255, 161, 72, 68, 190, 162, 0, 0, 164, 1, 0, 40, 1, 0, 191, 8, 115]
1546498924568;[171, 0, 17, 255, 161, 72, 68, 190, 162, 0, 0, 163, 1, 0, 44, 1, 0, 194, 8, 166]
1546498924736;[171, 0, 4, 255, 132, 128, 81]
1546498924741;[171, 0, 17, 255, 161, 72, 68, 190, 162, 0, 0, 164, 1, 0, 44, 1, 0, 195, 8, 181]
1546498924745;[171, 0, 17, 255, 161, 72, 68, 190, 162, 0, 0, 163, 1, 0, 46, 1, 0, 189, 8, 173]
1546498924909;[171, 0, 17, 255, 161, 72, 68, 190, 162, 0, 0, 164, 1, 0, 46, 1, 0, 194, 8, 157]
1546498924914;[171, 0, 17, 255, 161, 72, 68, 190, 162, 0, 0, 157, 1, 0, 47, 1, 0, 196, 8, 121]
1546498925080;[171, 0, 17, 255, 161, 72, 68, 190, 162, 0, 0, 164, 1, 0, 46, 1, 0, 194, 8, 91]
1546498925084;[171, 0, 17, 255, 161, 72, 68, 190, 162, 0, 0, 160, 1, 0, 46, 1, 0, 194, 8, 58]
1546498925253;[171, 0, 17, 255, 161, 72, 68, 190, 162, 0, 0, 164, 1, 0, 44, 1, 0, 194, 8, 30]
1546498925257;[171, 0, 17, 255, 161, 72, 68, 190, 163, 0, 0, 158, 1, 0, 44, 1, 0, 196, 8, 77]
1546498925425;[171, 0, 17, 255, 161, 72, 68, 190, 163, 0, 0, 162, 1, 0, 47, 1, 0, 194, 8, 106]
1546498925599;[171, 0, 17, 255, 161, 72, 68, 190, 163, 0, 0, 164, 1, 0, 47, 1, 0, 194, 8, 101]
1546498925602;[171, 0, 4, 255, 132, 128, 81]
1546498925944;[171, 0, 17, 255, 161, 72, 68, 190, 163, 0, 0, 161, 1, 0, 43, 1, 0, 194, 8, 97]
1546498925949;[171, 0, 17, 255, 161, 72, 68, 190, 163, 0, 0, 164, 1, 0, 46, 1, 0, 194, 8, 84]
1546498925953;[171, 0, 17, 255, 161, 72, 68, 190, 163, 0, 0, 166, 1, 0, 43, 1, 0, 190, 8, 60]
1546498925957;[171, 0, 17, 255, 161, 72, 68, 190, 163, 0, 0, 167, 1, 0, 46, 1, 0, 187, 8, 32]
1546498926116;[171, 0, 17, 255, 161, 72, 68, 190, 163, 0, 0, 161, 1, 0, 42, 1, 0, 195, 7, 248]
1546498926289;[171, 0, 17, 255, 161, 72, 68, 190, 163, 0, 0, 163, 1, 0, 44, 1, 0, 195, 7, 241]
1546498926293;[171, 0, 17, 255, 161, 72, 68, 190, 163, 0, 0, 163, 1, 0, 43, 1, 0, 195, 7, 242]
1546498926468;[171, 0, 17, 255, 161, 72, 68, 190, 164, 0, 0, 164, 1, 0, 43, 1, 0, 194, 7, 217]
1546498926473;[171, 0, 17, 255, 161, 72, 68, 190, 164, 0, 0, 160, 1, 0, 44, 1, 0, 192, 7, 191]
1546498926807;[171, 0, 17, 255, 161, 72, 68, 190, 166, 0, 0, 164, 1, 0, 46, 1, 0, 194, 6, 183]
1546498926811;[171, 0, 17, 255, 161, 72, 68, 190, 166, 0, 0, 163, 1, 0, 46, 1, 0, 194, 6, 204]
1546498927151;[171, 0, 17, 255, 161, 72, 68, 190, 166, 0, 0, 164, 1, 0, 44, 1, 0, 193, 6, 222]
1546498927155;[171, 0, 17, 255, 161, 72, 68, 190, 166, 0, 0, 163, 1, 0, 46, 1, 0, 193, 6, 216]
1546498927160;[171, 0, 17, 255, 161, 72, 68, 190, 166, 0, 0, 160, 1, 0, 44, 1, 0, 194, 6, 215]
1546498927320;[171, 0, 17, 255, 161, 72, 68, 190, 166, 0, 0, 164, 1, 0, 43, 1, 0, 187, 6, 222]
1546498927496;[171, 0, 17, 255, 161, 72, 68, 190, 166, 0, 0, 163, 1, 0, 44, 1, 0, 192, 7, 17]
1546498927500;[171, 0, 17, 255, 161, 72, 68, 190, 167, 0, 0, 166, 1, 0, 46, 1, 0, 195, 7, 119]
1546498927669;[171, 0, 17, 255, 161, 72, 68, 190, 167, 0, 0, 163, 1, 0, 47, 1, 0, 194, 7, 153]
1546498927673;[171, 0, 17, 255, 161, 72, 68, 190, 167, 0, 0, 163, 1, 0, 44, 1, 0, 195, 7, 187]
1546498927840;[171, 0, 4, 255, 132, 128, 81]
1546498928014;[171, 0, 17, 255, 161, 72, 68, 190, 167, 0, 0, 164, 1, 0, 44, 1, 0, 191, 7, 204]
1546498928018;[171, 0, 17, 255, 161, 72, 68, 190, 167, 0, 0, 166, 1, 0, 46, 1, 0, 194, 7, 196]
1546498928185;[171, 0, 17, 255, 161, 72, 68, 190, 167, 0, 0, 161, 1, 0, 46, 1, 0, 191, 7, 182]
1546498928189;[171, 0, 17, 255, 161, 72, 68, 190, 167, 0, 0, 163, 1, 0, 44, 1, 0, 194, 7, 163]
1546498928533;[171, 0, 17, 255, 161, 72, 68, 190, 167, 0, 0, 165, 1, 0, 46, 1, 0, 191, 7, 245]
1546498928537;[171, 0, 17, 255, 161, 72, 68, 190, 167, 0, 0, 164, 1, 0, 47, 1, 0, 189, 8, 10]
1546498928541;[171, 0, 17, 255, 161, 72, 68, 190, 167, 0, 0, 171, 1, 0, 46, 1, 0, 187, 7, 251]
1546498928703;[171, 0, 17, 255, 161, 72, 68, 190, 168, 0, 0, 179, 1, 0, 49, 1, 0, 206, 8, 47]
1546498928707;[171, 0, 17, 255, 161, 72, 68, 190, 168, 0, 0, 209, 1, 0, 27, 1, 1, 56, 5, 16]
1546498928876;[171, 0, 17, 255, 161, 72, 68, 190, 168, 0, 0, 98, 1, 0, 38, 1, 0, 234, 3, 0]
1546498928880;[171, 0, 4, 255, 132, 128, 80]
1546498929049;[171, 0, 17, 255, 161, 72, 68, 190, 168, 0, 0, 61, 1, 0, 213, 1, 0, 118, 3, 54]
1546498929053;[171, 0, 17, 255, 161, 72, 68, 190, 168, 0, 0, 3, 1, 1, 11, 1, 0, 43, 2, 155]
1546498929220;[171, 0, 17, 255, 161, 72, 68, 190, 168, 1, 0, 59, 1, 0, 211, 1, 0, 70, 1, 48]
1546498929394;[171, 0, 17, 255, 161, 72, 68, 190, 168, 1, 0, 139, 1, 0, 129, 1, 0, 32, 16, 69]
1546498929398;[171, 0, 17, 255, 161, 72, 68, 190, 168, 1, 0, 166, 1, 0, 158, 1, 0, 74, 6, 249]
1546498929739;[171, 0, 17, 255, 161, 72, 68, 190, 168, 1, 0, 172, 1, 0, 147, 1, 0, 77, 6, 38]
1546498929743;[171, 0, 17, 255, 161, 72, 68, 190, 168, 1, 0, 178, 1, 0, 114, 1, 0, 62, 6, 38]
1546498929747;[171, 0, 17, 255, 161, 72, 68, 190, 169, 1, 0, 212, 1, 0, 131, 1, 0, 98, 5, 253]
1546498929910;[171, 0, 17, 255, 161, 72, 68, 190, 169, 1, 0, 228, 1, 0, 112, 1, 0, 57, 4, 159]
1546498929914;[171, 0, 17, 255, 161, 72, 68, 190, 169, 1, 0, 221, 1, 0, 136, 1, 0, 78, 5, 110]
1546498930083;[171, 0, 4, 255, 132, 128, 80]
1546498930087;[171, 0, 17, 255, 161, 72, 68, 190, 169, 1, 0, 213, 1, 0, 111, 1, 0, 60, 4, 161]
1546498930256;[171, 0, 17, 255, 161, 72, 68, 190, 169, 1, 0, 171, 1, 0, 85, 1, 0, 115, 3, 232]
1546498930260;[171, 0, 17, 255, 161, 72, 68, 190, 169, 1, 0, 243, 1, 0, 142, 1, 0, 12, 3, 251]
1546498930428;[171, 0, 17, 255, 161, 72, 68, 190, 169, 1, 0, 212, 1, 0, 70, 1, 0, 95, 2, 68]
1546498930600;[171, 0, 17, 255, 161, 72, 68, 190, 169, 1, 0, 190, 1, 0, 118, 1, 0, 120, 2, 35]
1546498930604;[171, 0, 17, 255, 161, 72, 68, 190, 169, 1, 0, 247, 1, 0, 98, 1, 0, 27, 1, 121]
1546498931120;[171, 0, 17, 255, 161, 72, 68, 190, 169, 1, 0, 168, 1, 0, 88, 1, 0, 143, 1, 44]
1546498931124;[171, 0, 17, 255, 161, 72, 68, 190, 170, 1, 0, 204, 1, 0, 81, 0, 0, 45, 1, 253]
1546498931128;[171, 0, 17, 255, 161, 72, 68, 190, 170, 1, 0, 140, 1, 0, 132, 1, 0, 119, 2, 99]
1546498931133;[171, 0, 17, 255, 161, 72, 68, 190, 170, 1, 0, 146, 1, 0, 218, 1, 0, 44, 2, 161]
1546498931291;[171, 0, 4, 255, 132, 128, 80]
1546498931295;[171, 0, 17, 255, 161, 72, 68, 190, 170, 1, 0, 75, 1, 1, 20, 1, 0, 184, 2, 245]
1546498931299;[171, 0, 17, 255, 161, 72, 68, 190, 170, 1, 0, 154, 1, 0, 197, 1, 0, 131, 3, 96]
1546498931465;[171, 0, 17, 255, 161, 72, 68, 190, 170, 1, 0, 149, 1, 0, 142, 1, 0, 161, 3, 220]
1546498931473;[171, 0, 17, 255, 161, 72, 68, 190, 170, 1, 0, 135, 1, 0, 174, 1, 0, 79, 4, 117]
1546498931636;[171, 0, 17, 255, 161, 72, 68, 190, 170, 1, 0, 161, 1, 0, 170, 1, 0, 140, 5, 2]
1546498931809;[171, 0, 17, 255, 161, 72, 68, 190, 170, 1, 0, 143, 1, 0, 173, 1, 0, 102, 5, 72]
1546498931813;[171, 0, 17, 255, 161, 72, 68, 190, 170, 1, 0, 139, 1, 0, 182, 1, 0, 104, 5, 82]
1546498931981;[171, 0, 17, 255, 161, 72, 68, 190, 171, 1, 0, 166, 1, 0, 154, 1, 0, 108, 5, 93]
1546498931985;[171, 0, 17, 255, 161, 72, 68, 190, 171, 1, 0, 135, 1, 0, 164, 1, 0, 128, 5, 91]
1546498932328;[171, 0, 17, 255, 161, 72, 68, 190, 171, 1, 0, 141, 1, 0, 167, 1, 0, 135, 5, 77]
1546498932332;[171, 0, 4, 255, 132, 128, 79]
1546498932336;[171, 0, 17, 255, 161, 72, 68, 190, 171, 1, 0, 141, 1, 0, 158, 1, 0, 136, 5, 97]
1546498932497;[171, 0, 17, 255, 161, 72, 68, 190, 171, 1, 0, 137, 1, 0, 160, 1, 0, 128, 5, 208]
1546498932501;[171, 0, 17, 255, 161, 72, 68, 190, 171, 1, 0, 104, 1, 0, 177, 1, 0, 165, 5, 197]
1546498932671;[171, 0, 17, 255, 161, 72, 68, 190, 171, 1, 0, 176, 1, 0, 157, 1, 0, 131, 5, 221]
1546498932675;[171, 0, 17, 255, 161, 72, 68, 190, 171, 1, 0, 144, 1, 0, 154, 1, 0, 140, 5, 217]
1546498933018;[171, 0, 17, 255, 161, 72, 68, 190, 171, 1, 0, 149, 1, 0, 159, 1, 0, 104, 5, 163]
1546498933022;[171, 0, 17, 255, 161, 72, 68, 190, 171, 1, 0, 162, 1, 0, 164, 1, 0, 119, 5, 132]
1546498933026;[171, 0, 17, 255, 161, 72, 68, 190, 172, 1, 0, 158, 1, 0, 167, 1, 0, 124, 5, 63]
1546498933189;[171, 0, 17, 255, 161, 72, 68, 190, 172, 1, 0, 154, 1, 0, 158, 1, 0, 107, 5, 37]
1546498933193;[171, 0, 17, 255, 161, 72, 68, 190, 172, 1, 0, 144, 1, 0, 143, 1, 0, 92, 5, 60]
1546498933536;[171, 0, 4, 255, 132, 128, 80]
1546498933538;[171, 0, 17, 255, 161, 72, 68, 190, 172, 1, 0, 112, 1, 0, 142, 1, 0, 68, 5, 67]
1546498933541;[171, 0, 17, 255, 161, 72, 68, 190, 172, 1, 0, 90, 1, 0, 136, 1, 0, 126, 6, 7]
1546498933705;[171, 0, 17, 255, 161, 72, 68, 190, 172, 1, 0, 17, 1, 0, 115, 1, 0, 158, 6, 160]
1546498933880;[171, 0, 17, 255, 161, 72, 68, 190, 172, 0, 0, 91, 1, 0, 102, 1, 0, 227, 7, 18]
1546498933884;[171, 0, 17, 255, 161, 72, 68, 190, 172, 0, 0, 84, 1, 0, 55, 1, 1, 18, 7, 122]
1546498933889;[171, 0, 17, 255, 161, 72, 68, 190, 172, 0, 0, 114, 1, 0, 20, 1, 0, 224, 7, 202]
1546498934243;[171, 0, 17, 255, 161, 72, 68, 190, 172, 0, 0, 139, 0, 0, 11, 1, 0, 180, 8, 118]
1546498934245;[171, 0, 17, 255, 161, 72, 68, 190, 173, 0, 0, 190, 0, 0, 22, 1, 0, 194, 8, 123]
1546498934247;[171, 0, 17, 255, 161, 72, 68, 190, 173, 0, 1, 144, 0, 0, 120, 1, 0, 98, 7, 237]
1546498934397;[171, 0, 17, 255, 161, 72, 68, 190, 173, 0, 0, 181, 0, 0, 85, 0, 0, 31, 7, 145]
1546498934401;[171, 0, 4, 255, 132, 128, 80]
1546498934569;[171, 0, 17, 255, 161, 72, 68, 190, 173, 0, 1, 30, 0, 0, 170, 0, 0, 98, 7, 111]
1546498934573;[171, 0, 17, 255, 161, 72, 68, 190, 173, 0, 0, 175, 0, 0, 163, 0, 0, 37, 6, 82]
1546498934914;[171, 0, 17, 255, 161, 72, 68, 190, 173, 0, 0, 211, 0, 0, 129, 0, 0, 96, 5, 176]
1546498934918;[171, 0, 17, 255, 161, 72, 68, 190, 173, 0, 0, 196, 0, 0, 99, 0, 0, 131, 5, 243]
1546498934922;[171, 0, 17, 255, 161, 72, 68, 190, 173, 0, 0, 166, 0, 0, 97, 0, 0, 89, 7, 110]
1546498935086;[171, 0, 17, 255, 161, 72, 68, 190, 173, 0, 1, 14, 0, 0, 81, 0, 0, 140, 8, 191]
1546498935090;[171, 0, 17, 255, 161, 72, 68, 190, 173, 0, 0, 190, 0, 0, 107, 0, 0, 137, 9, 97]
1546498935259;[171, 0, 17, 255, 161, 72, 68, 190, 174, 0, 0, 186, 0, 0, 119, 0, 0, 128, 10, 62]
1546498935263;[171, 0, 17, 255, 161, 72, 68, 190, 174, 0, 0, 185, 0, 0, 152, 0, 0, 115, 11, 14]
1546498935431;[171, 0, 17, 255, 161, 72, 68, 190, 174, 0, 0, 198, 0, 0, 141, 0, 0, 119, 11, 181]
1546498935602;[171, 0, 4, 255, 132, 128, 79]
1546498935607;[171, 0, 17, 255, 161, 72, 68, 190, 174, 0, 0, 173, 0, 0, 139, 0, 0, 130, 11, 181]
1546498935776;[171, 0, 17, 255, 161, 72, 68, 190, 174, 0, 0, 179, 0, 0, 139, 0, 0, 142, 12, 55]
1546498935780;[171, 0, 17, 255, 161, 72, 68, 190, 174, 0, 0, 175, 0, 0, 146, 0, 0, 135, 13, 53]
1546498936122;[171, 0, 17, 255, 161, 72, 68, 190, 174, 0, 0, 178, 0, 0, 147, 0, 0, 124, 13, 209]
1546498936126;[171, 0, 17, 255, 161, 72, 68, 190, 174, 0, 0, 165, 0, 0, 141, 0, 0, 130, 14, 31]
1546498936130;[171, 0, 17, 255, 161, 72, 68, 190, 174, 0, 0, 181, 0, 0, 156, 0, 0, 128, 14, 124]
1546498936294;[171, 0, 17, 255, 161, 72, 68, 190, 174, 0, 0, 178, 0, 0, 156, 0, 0, 113, 14, 179]
1546498936298;[171, 0, 17, 255, 161, 72, 68, 190, 175, 0, 0, 171, 0, 0, 156, 0, 0, 106, 14, 139]
1546498936470;[171, 0, 17, 255, 161, 72, 68, 190, 175, 0, 0, 186, 0, 0, 146, 0, 0, 135, 13, 251]
1546498936476;[171, 0, 17, 255, 161, 72, 68, 190, 175, 0, 0, 182, 0, 0, 143, 0, 0, 131, 13, 142]
1546498936638;[171, 0, 4, 255, 132, 128, 79]
1546498936811;[171, 0, 17, 255, 161, 72, 68, 190, 175, 0, 0, 186, 0, 0, 145, 0, 0, 124, 13, 174]
1546498936815;[171, 0, 17, 255, 161, 72, 68, 190, 175, 0, 0, 184, 0, 0, 145, 0, 0, 124, 13, 134]
1546498936984;[171, 0, 17, 255, 161, 72, 68, 190, 175, 0, 0, 185, 0, 0, 142, 0, 0, 113, 13, 26]
1546498936987;[171, 0, 17, 255, 161, 72, 68, 190, 175, 0, 0, 196, 0, 0, 145, 0, 0, 90, 12, 183]
1546498937502;[171, 0, 17, 255, 161, 72, 68, 190, 175, 0, 0, 200, 0, 0, 143, 0, 0, 93, 12, 84]
1546498937508;[171, 0, 17, 255, 161, 72, 68, 190, 175, 0, 0, 198, 0, 0, 141, 0, 0, 90, 11, 240]
1546498937512;[171, 0, 17, 255, 161, 72, 68, 190, 175, 0, 0, 198, 0, 0, 142, 0, 0, 92, 11, 171]
1546498937516;[171, 0, 17, 255, 161, 72, 68, 190, 176, 0, 0, 200, 0, 0, 139, 0, 0, 90, 11, 134]
1546498937696;[171, 0, 17, 255, 161, 72, 68, 190, 176, 0, 0, 200, 0, 0, 141, 0, 0, 90, 11, 204]
1546498937698;[171, 0, 17, 255, 161, 72, 68, 190, 176, 0, 0, 201, 0, 0, 143, 0, 0, 92, 11, 235]
1546498937699;[171, 0, 4, 255, 132, 128, 80]
1546498937847;[171, 0, 17, 255, 161, 72, 68, 190, 176, 0, 0, 201, 0, 0, 141, 0, 0, 89, 11, 222]
1546498937851;[171, 0, 17, 255, 161, 72, 68, 190, 176, 0, 0, 201, 0, 0, 143, 0, 0, 88, 11, 236]
1546498938019;[171, 0, 17, 255, 161, 72, 68, 190, 176, 0, 0, 206, 0, 0, 141, 0, 0, 85, 11, 218]
1546498938191;[171, 0, 17, 255, 161, 72, 68, 190, 176, 0, 0, 201, 0, 0, 142, 0, 0, 86, 11, 193]
1546498938195;[171, 0, 17, 255, 161, 72, 68, 190, 176, 0, 0, 203, 0, 0, 145, 0, 0, 86, 11, 153]
1546498938364;[171, 0, 17, 255, 161, 72, 68, 190, 176, 0, 0, 204, 0, 0, 141, 0, 0, 84, 11, 154]
1546498938368;[171, 0, 17, 255, 161, 72, 68, 190, 176, 0, 0, 204, 0, 0, 143, 0, 0, 83, 11, 194]
1546498938710;[171, 0, 17, 255, 161, 72, 68, 190, 177, 0, 0, 204, 0, 0, 145, 0, 0, 85, 11, 186]
1546498938714;[171, 0, 17, 255, 161, 72, 68, 190, 177, 0, 0, 203, 0, 0, 142, 0, 0, 83, 11, 177]
1546498938718;[171, 0, 17, 255, 161, 72, 68, 190, 177, 0, 0, 203, 0, 0, 145, 0, 0, 85, 11, 162]
1546498938881;[171, 0, 4, 255, 132, 128, 80]
1546498938885;[171, 0, 17, 255, 161, 72, 68, 190, 177, 0, 0, 203, 0, 0, 141, 0, 0, 86, 11, 130]
1546498939054;[171, 0, 17, 255, 161, 72, 68, 190, 177, 0, 0, 208, 0, 0, 141, 0, 0, 86, 11, 92]
1546498939058;[171, 0, 17, 255, 161, 72, 68, 190, 177, 0, 0, 203, 0, 0, 143, 0, 0, 88, 11, 65]
1546498939226;[171, 0, 17, 255, 161, 72, 68, 190, 177, 0, 0, 203, 0, 0, 143, 0, 0, 86, 11, 111]
1546498939399;[171, 0, 17, 255, 161, 72, 68, 190, 177, 0, 0, 200, 0, 0, 142, 0, 0, 83, 11, 129]
1546498939403;[171, 0, 17, 255, 161, 72, 68, 190, 177, 0, 0, 203, 0, 0, 145, 0, 0, 86, 11, 122]
1546498939566;[171, 0, 17, 255, 161, 72, 68, 190, 177, 0, 0, 209, 0, 0, 140, 0, 0, 86, 11, 115]
1546498939569;[171, 0, 17, 255, 161, 72, 68, 190, 178, 0, 0, 204, 0, 0, 140, 0, 0, 83, 11, 118]
1546498940089;[171, 0, 17, 255, 161, 72, 68, 190, 178, 0, 0, 206, 0, 0, 142, 0, 0, 84, 11, 95]
1546498940094;[171, 0, 17, 255, 161, 72, 68, 190, 178, 0, 0, 204, 0, 0, 142, 0, 0, 83, 11, 75]
1546498940097;[171, 0, 4, 255, 132, 128, 79]
1546498940102;[171, 0, 17, 255, 161, 72, 68, 190, 178, 0, 0, 209, 0, 0, 141, 0, 0, 84, 11, 67]
1546498940261;[171, 0, 17, 255, 161, 72, 68, 190, 178, 0, 0, 203, 0, 0, 140, 0, 0, 88, 11, 116]
1546498940265;[171, 0, 17, 255, 161, 72, 68, 190, 178, 0, 0, 204, 0, 0, 141, 0, 0, 88, 11, 150]
1546498940269;[171, 0, 17, 255, 161, 72, 68, 190, 178, 0, 0, 200, 0, 0, 134, 0, 0, 80, 11, 210]
1546498940434;[171, 0, 17, 255, 161, 72, 68, 190, 178, 0, 0, 213, 0, 0, 140, 0, 0, 83, 12, 10]
1546498940606;[171, 0, 17, 255, 161, 72, 68, 190, 178, 0, 0, 204, 0, 0, 145, 0, 0, 87, 12, 42]
1546498940610;[171, 0, 17, 255, 161, 72, 68, 190, 178, 0, 0, 201, 0, 0, 140, 0, 0, 70, 12, 77]
1546498940780;[171, 0, 17, 255, 161, 72, 68, 190, 179, 0, 0, 208, 0, 0, 140, 0, 0, 69, 12, 88]
1546498940784;[171, 0, 17, 255, 161, 72, 68, 190, 179, 0, 0, 201, 0, 0, 141, 0, 0, 80, 12, 139]
1546498940950;[171, 0, 17, 255, 161, 72, 68, 190, 179, 0, 0, 217, 0, 0, 142, 0, 0, 84, 12, 202]
1546498940955;[171, 0, 4, 255, 132, 128, 79]
1546498941298;[171, 0, 17, 255, 161, 72, 68, 190, 179, 0, 0, 204, 0, 0, 134, 0, 0, 58, 13, 1]
1546498941302;[171, 0, 17, 255, 161, 72, 68, 190, 179, 0, 0, 219, 0, 0, 156, 0, 0, 97, 13, 53]
1546498941306;[171, 0, 17, 255, 161, 72, 68, 190, 179, 0, 0, 200, 0, 0, 138, 0, 0, 61, 13, 93]
1546498941468;[171, 0, 17, 255, 161, 72, 68, 190, 179, 0, 0, 211, 0, 0, 134, 0, 0, 76, 13, 116]
1546498941472;[171, 0, 17, 255, 161, 72, 68, 190, 179, 0, 0, 215, 0, 0, 144, 0, 0, 75, 13, 141]
1546498941641;[171, 0, 17, 255, 161, 72, 68, 190, 179, 0, 0, 199, 0, 0, 130, 0, 0, 63, 13, 172]
1546498941813;[171, 0, 17, 255, 161, 72, 68, 190, 179, 0, 0, 227, 0, 0, 149, 0, 0, 83, 13, 231]
1546498941818;[171, 0, 17, 255, 161, 72, 68, 190, 180, 0, 0, 206, 0, 0, 128, 0, 0, 41, 14, 55]
1546498941986;[171, 0, 17, 255, 161, 72, 68, 190, 180, 0, 0, 229, 0, 0, 165, 0, 0, 119, 14, 93]
1546498941990;[171, 0, 17, 255, 161, 72, 68, 190, 180, 0, 0, 187, 0, 0, 128, 0, 0, 34, 14, 143]
1546498942160;[171, 0, 4, 255, 132, 128, 78]
1546498942163;[171, 0, 17, 255, 161, 72, 68, 190, 180, 0, 0, 253, 0, 0, 169, 0, 0, 115, 14, 157]
1546498942503;[171, 0, 17, 255, 161, 72, 68, 190, 180, 0, 0, 184, 0, 0, 128, 0, 0, 24, 14, 179]
1546498942508;[171, 0, 17, 255, 161, 72, 68, 190, 180, 0, 0, 253, 0, 0, 175, 0, 0, 124, 14, 198]
1546498942512;[171, 0, 17, 255, 161, 72, 68, 190, 180, 0, 0, 192, 0, 0, 124, 0, 0, 33, 14, 204]
1546498942678;[171, 0, 17, 255, 161, 72, 68, 190, 180, 0, 0, 218, 0, 0, 132, 0, 0, 96, 15, 33]
1546498942682;[171, 0, 17, 255, 161, 72, 68, 190, 180, 0, 0, 191, 0, 0, 119, 0, 0, 33, 31, 95]
1546498942848;[171, 0, 17, 255, 161, 72, 68, 190, 180, 0, 0, 225, 0, 0, 135, 0, 0, 94, 8, 5]
1546498942852;[171, 0, 17, 255, 161, 72, 68, 190, 181, 0, 0, 191, 0, 0, 116, 0, 0, 33, 8, 35]
1546498943020;[171, 0, 17, 255, 161, 72, 68, 190, 181, 0, 0, 198, 0, 0, 121, 0, 0, 27, 8, 97]
1546498943193;[171, 0, 17, 255, 161, 72, 68, 190, 181, 0, 1, 2, 0, 0, 171, 0, 0, 76, 8, 117]
1546498943196;[171, 0, 4, 255, 132, 128, 78]
1546498943365;[171, 0, 17, 255, 161, 72, 68, 190, 181, 0, 0, 193, 0, 0, 125, 0, 0, 21, 8, 148]
1546498943369;[171, 0, 17, 255, 161, 72, 68, 190, 181, 0, 0, 253, 0, 0, 186, 0, 0, 98, 8, 173]
1546498943538;[171, 0, 17, 255, 161, 72, 68, 190, 181, 0, 0, 187, 0, 0, 122, 0, 0, 17, 9, 16]
1546498943885;[171, 0, 17, 255, 161, 72, 68, 190, 181, 0, 0, 215, 0, 0, 137, 0, 0, 85, 9, 55]
1546498943889;[171, 0, 17, 255, 161, 72, 68, 190, 181, 0, 0, 191, 0, 0, 122, 0, 0, 32, 9, 90]
1546498943893;[171, 0, 17, 255, 161, 72, 68, 190, 181, 0, 0, 215, 0, 0, 134, 0, 0, 65, 9, 134]
1546498943898;[171, 0, 17, 255, 161, 72, 68, 190, 181, 0, 0, 204, 0, 0, 120, 0, 0, 40, 9, 153]
1546498944058;[171, 0, 17, 255, 161, 72, 68, 190, 182, 0, 0, 215, 0, 0, 128, 0, 0, 50, 9, 176]
1546498944062;[171, 0, 17, 255, 161, 72, 68, 190, 182, 0, 0, 249, 0, 0, 195, 0, 0, 107, 9, 184]
1546498944228;[171, 0, 17, 255, 161, 72, 68, 190, 182, 0, 0, 179, 0, 0, 127, 0, 0, 14, 10, 23]
1546498944400;[171, 0, 4, 255, 132, 128, 78]
1546498944404;[171, 0, 17, 255, 161, 72, 68, 190, 182, 0, 0, 228, 0, 0, 163, 0, 0, 104, 10, 62]
1546498944625;[171, 0, 17, 255, 161, 72, 68, 190, 182, 0, 0, 182, 0, 0, 124, 0, 0, 23, 10, 90]
1546498944626;[171, 0, 17, 255, 161, 72, 68, 190, 182, 0, 0, 218, 0, 0, 150, 0, 0, 90, 10, 145]
1546498944746;[171, 0, 17, 255, 161, 72, 68, 190, 182, 0, 0, 251, 0, 0, 155, 0, 0, 54, 10, 157]
1546498944750;[171, 0, 17, 255, 161, 72, 68, 190, 182, 0, 0, 202, 0, 0, 129, 0, 0, 29, 10, 185]
1546498945093;[171, 0, 17, 255, 161, 72, 68, 190, 182, 0, 1, 0, 0, 0, 187, 0, 0, 80, 10, 190]
1546498945097;[171, 0, 17, 255, 161, 72, 68, 190, 182, 0, 0, 189, 0, 0, 127, 0, 0, 24, 10, 236]
1546498945101;[171, 0, 17, 255, 161, 72, 68, 190, 183, 0, 0, 239, 0, 0, 183, 0, 0, 97, 11, 31]
1546498945264;[171, 0, 17, 255, 161, 72, 68, 190, 183, 0, 0, 200, 0, 0, 128, 0, 0, 40, 11, 54]
1546498945268;[171, 0, 17, 255, 161, 72, 68, 190, 183, 0, 0, 212, 0, 0, 137, 0, 0, 49, 11, 81]
1546498945436;[171, 0, 4, 255, 132, 128, 78]
1546498945608;[171, 0, 17, 255, 161, 72, 68, 190, 183, 0, 0, 221, 0, 0, 136, 0, 0, 44, 11, 90]
1546498945611;[171, 0, 17, 255, 161, 72, 68, 190, 183, 0, 0, 209, 0, 0, 128, 0, 0, 36, 11, 106]
1546498945781;[171, 0, 17, 255, 161, 72, 68, 190, 183, 0, 0, 248, 0, 0, 163, 0, 0, 65, 11, 108]
1546498945785;[171, 0, 17, 255, 161, 72, 68, 190, 183, 0, 0, 181, 0, 0, 128, 0, 0, 23, 11, 123]
1546498945954;[171, 0, 17, 255, 161, 72, 68, 190, 183, 0, 0, 228, 0, 0, 175, 0, 0, 107, 11, 159]
1546498945958;[171, 0, 17, 255, 161, 72, 68, 190, 183, 0, 0, 178, 0, 0, 134, 0, 0, 21, 11, 203]
1546498946472;[171, 0, 17, 255, 161, 72, 68, 190, 183, 0, 0, 226, 0, 0, 182, 0, 0, 120, 11, 224]
1546498946477;[171, 0, 17, 255, 161, 72, 68, 190, 184, 0, 0, 171, 0, 0, 130, 0, 0, 18, 11, 214]
1546498946481;[171, 0, 17, 255, 161, 72, 68, 190, 184, 0, 0, 216, 0, 0, 128, 0, 0, 50, 11, 231]
1546498946485;[171, 0, 17, 255, 161, 72, 68, 190, 184, 0, 0, 224, 0, 0, 132, 0, 0, 45, 11, 224]
1546498946643;[171, 0, 4, 255, 132, 128, 78]
1546498946647;[171, 0, 17, 255, 161, 72, 68, 190, 184, 0, 0, 208, 0, 0, 130, 0, 0, 37, 11, 232]
1546498946817;[171, 0, 17, 255, 161, 72, 68, 190, 184, 0, 1, 8, 0, 0, 168, 0, 0, 61, 11, 243]
1546498946821;[171, 0, 17, 255, 161, 72, 68, 190, 184, 0, 0, 193, 0, 0, 124, 0, 0, 23, 12, 24]
1546498946988;[171, 0, 17, 255, 161, 72, 68, 190, 184, 0, 0, 224, 0, 0, 159, 0, 0, 112, 12, 29]
1546498946992;[171, 0, 17, 255, 161, 72, 68, 190, 184, 0, 0, 174, 0, 0, 127, 0, 0, 20, 12, 34]
1546498947160;[171, 0, 17, 255, 161, 72, 68, 190, 184, 0, 0, 214, 0, 0, 143, 0, 0, 81, 12, 42]
1546498947164;[171, 0, 17, 255, 161, 72, 68, 190, 184, 0, 0, 186, 0, 0, 123, 0, 0, 29, 12, 26]
1546498947334;[171, 0, 17, 255, 161, 72, 68, 190, 185, 0, 0, 194, 0, 0, 128, 0, 0, 29, 12, 33]
1546498947681;[171, 0, 17, 255, 161, 72, 68, 190, 185, 0, 0, 250, 0, 0, 195, 0, 0, 102, 12, 25]
1546498947685;[171, 0, 17, 255, 161, 72, 68, 190, 185, 0, 0, 178, 0, 0, 128, 0, 0, 12, 12, 44]
1546498947689;[171, 0, 4, 255, 132, 128, 78]
1546498947693;[171, 0, 17, 255, 161, 72, 68, 190, 185, 0, 0, 232, 0, 0, 182, 0, 0, 110, 12, 54]
1546498947850;[171, 0, 17, 255, 161, 72, 68, 190, 185, 0, 0, 173, 0, 0, 127, 0, 0, 18, 12, 58]
1546498947854;[171, 0, 17, 255, 161, 72, 68, 190, 185, 0, 0, 219, 0, 0, 136, 0, 0, 57, 12, 77]
1546498948024;[171, 0, 17, 255, 161, 72, 68, 190, 185, 0, 0, 234, 0, 0, 138, 0, 0, 50, 12, 68]
1546498948197;[171, 0, 17, 255, 161, 72, 68, 190, 185, 0, 0, 206, 0, 0, 128, 0, 0, 39, 12, 80]
1546498948201;[171, 0, 17, 255, 161, 72, 68, 190, 185, 0, 0, 244, 0, 0, 173, 0, 0, 73, 12, 67]
1546498948369;[171, 0, 17, 255, 161, 72, 68, 190, 185, 0, 0, 194, 0, 0, 129, 0, 0, 27, 12, 63]
1546498948373;[171, 0, 17, 255, 161, 72, 68, 190, 186, 0, 0, 213, 0, 0, 144, 0, 0, 78, 12, 86]
1546498948541;[171, 0, 17, 255, 161, 72, 68, 190, 186, 0, 0, 191, 0, 0, 128, 0, 0, 35, 12, 93]
1546498948886;[171, 0, 17, 255, 161, 72, 68, 190, 192, 0, 0, 219, 0, 0, 146, 0, 0, 115, 12, 181]
1546498948890;[171, 0, 17, 255, 161, 72, 68, 190, 192, 0, 0, 162, 0, 0, 124, 0, 0, 8, 12, 181]
1546498949060;[171, 0, 17, 255, 161, 72, 68, 190, 192, 0, 0, 224, 0, 0, 124, 0, 0, 58, 12, 178]
1546498949064;[171, 0, 17, 255, 161, 72, 68, 190, 192, 0, 0, 187, 0, 0, 125, 0, 0, 45, 12, 91]
1546498949231;[171, 0, 17, 255, 161, 72, 68, 190, 192, 0, 0, 179, 0, 0, 146, 0, 0, 51, 12, 51]
1546498949404;[171, 0, 17, 255, 161, 72, 68, 190, 192, 0, 0, 233, 0, 0, 160, 0, 0, 69, 12, 13]
1546498949408;[171, 0, 17, 255, 161, 72, 68, 190, 192, 0, 0, 168, 0, 0, 156, 0, 0, 40, 11, 239]
1546498949578;[171, 0, 17, 255, 161, 72, 68, 190, 193, 0, 0, 218, 0, 0, 178, 0, 0, 131, 11, 253]
1546498949582;[171, 0, 17, 255, 161, 72, 68, 190, 193, 0, 0, 151, 0, 0, 146, 0, 0, 27, 11, 225]
1546498949748;[171, 0, 17, 255, 161, 72, 68, 190, 193, 0, 0, 203, 0, 0, 156, 0, 0, 64, 11, 179]
1546498949752;[171, 0, 4, 255, 132, 128, 79]
1546498949920;[171, 0, 17, 255, 161, 72, 68, 190, 193, 0, 0, 224, 0, 0, 141, 0, 0, 50, 11, 215]
1546498950268;[171, 0, 17, 255, 161, 72, 68, 190, 193, 0, 0, 181, 0, 0, 170, 0, 0, 31, 11, 185]
1546498950272;[171, 0, 17, 255, 161, 72, 68, 190, 193, 0, 0, 191, 0, 0, 178, 0, 0, 58, 11, 140]
1546498950276;[171, 0, 17, 255, 161, 72, 68, 190, 193, 0, 0, 189, 0, 0, 167, 0, 0, 64, 11, 151]
1546498950280;[171, 0, 17, 255, 161, 72, 68, 190, 193, 0, 0, 191, 0, 0, 178, 0, 0, 62, 11, 181]
1546498950440;[171, 0, 17, 255, 161, 72, 68, 190, 193, 0, 0, 185, 0, 0, 176, 0, 0, 65, 11, 188]
1546498950613;[171, 0, 17, 255, 161, 72, 68, 190, 193, 0, 0, 187, 0, 0, 165, 0, 0, 61, 11, 182]
1546498950617;[171, 0, 17, 255, 161, 72, 68, 190, 194, 0, 0, 189, 0, 0, 170, 0, 0, 63, 11, 184]
1546498950784;[171, 0, 17, 255, 161, 72, 68, 190, 194, 0, 0, 191, 0, 0, 169, 0, 0, 53, 11, 184]
1546498950788;[171, 0, 17, 255, 161, 72, 68, 190, 194, 0, 0, 187, 0, 0, 175, 0, 0, 61, 11, 219]
1546498950957;[171, 0, 4, 255, 132, 128, 79]
1546498950961;[171, 0, 17, 255, 161, 72, 68, 190, 194, 0, 0, 186, 0, 0, 173, 0, 0, 53, 11, 222]
1546498951128;[171, 0, 17, 255, 161, 72, 68, 190, 194, 0, 0, 187, 0, 0, 170, 0, 0, 53, 12, 6]
1546498951474;[171, 0, 17, 255, 161, 72, 68, 190, 194, 0, 0, 186, 0, 0, 170, 0, 0, 53, 12, 47]
1546498951479;[171, 0, 17, 255, 161, 72, 68, 190, 194, 0, 0, 186, 0, 0, 175, 0, 0, 62, 12, 68]
1546498951483;[171, 0, 17, 255, 161, 72, 68, 190, 194, 0, 0, 187, 0, 0, 170, 0, 0, 62, 12, 83]
1546498951488;[171, 0, 17, 255, 161, 72, 68, 190, 194, 0, 0, 189, 0, 0, 165, 0, 0, 61, 12, 70]
1546498951646;[171, 0, 17, 255, 161, 72, 68, 190, 194, 0, 0, 191, 0, 0, 168, 0, 0, 63, 12, 93]
1546498951650;[171, 0, 17, 255, 161, 72, 68, 190, 195, 0, 0, 187, 0, 0, 176, 0, 0, 58, 12, 81]
1546498951819;[171, 0, 17, 255, 161, 72, 68, 190, 195, 0, 0, 191, 0, 0, 173, 0, 0, 51, 12, 57]
1546498951991;[171, 0, 17, 255, 161, 72, 68, 190, 195, 0, 0, 194, 0, 0, 169, 0, 0, 47, 12, 49]
1546498951995;[171, 0, 4, 255, 132, 128, 79]
1546498952165;[171, 0, 17, 255, 161, 72, 68, 190, 195, 0, 0, 201, 0, 0, 152, 0, 0, 53, 12, 69]
1546498952168;[171, 0, 17, 255, 161, 72, 68, 190, 195, 0, 0, 206, 0, 0, 152, 0, 0, 55, 12, 81]
1546498952337;[171, 0, 17, 255, 161, 72, 68, 190, 195, 0, 0, 191, 0, 0, 169, 0, 0, 51, 12, 91]
1546498952509;[171, 0, 17, 255, 161, 72, 68, 190, 195, 0, 0, 187, 0, 0, 181, 0, 0, 46, 12, 76]
1546498952513;[171, 0, 17, 255, 161, 72, 68, 190, 195, 0, 0, 186, 0, 0, 179, 0, 0, 47, 12, 66]
1546498952855;[171, 0, 17, 255, 161, 72, 68, 190, 195, 0, 0, 191, 0, 0, 170, 0, 0, 50, 12, 66]
1546498952859;[171, 0, 17, 255, 161, 72, 68, 190, 195, 0, 0, 187, 0, 0, 174, 0, 0, 53, 12, 87]
1546498952863;[171, 0, 17, 255, 161, 72, 68, 190, 196, 0, 0, 187, 0, 0, 172, 0, 0, 51, 12, 74]
1546498952868;[171, 0, 17, 255, 161, 72, 68, 190, 196, 0, 0, 192, 0, 0, 172, 0, 0, 47, 12, 83]
1546498953027;[171, 0, 17, 255, 161, 72, 68, 190, 196, 0, 0, 187, 0, 0, 172, 0, 0, 51, 12, 93]
1546498953199;[171, 0, 4, 255, 132, 128, 80]
1546498953204;[171, 0, 17, 255, 161, 72, 68, 190, 196, 0, 0, 192, 0, 0, 169, 0, 0, 51, 12, 96]
1546498953373;[171, 0, 17, 255, 161, 72, 68, 190, 196, 0, 0, 187, 0, 0, 170, 0, 0, 52, 12, 98]
1546498953377;[171, 0, 17, 255, 161, 72, 68, 190, 196, 0, 0, 187, 0, 0, 172, 0, 0, 50, 12, 110]
1546498953543;[171, 0, 17, 255, 161, 72, 68, 190, 196, 0, 0, 187, 0, 0, 170, 0, 0, 52, 12, 135]
1546498953546;[171, 0, 17, 255, 161, 72, 68, 190, 196, 0, 0, 191, 0, 0, 170, 0, 0, 51, 12, 134]
1546498953715;[171, 0, 17, 255, 161, 72, 68, 190, 196, 0, 0, 189, 0, 0, 170, 0, 0, 49, 12, 145]
1546498954062;[171, 0, 17, 255, 161, 72, 68, 190, 196, 0, 0, 189, 0, 0, 170, 0, 0, 51, 12, 148]
1546498954066;[171, 0, 17, 255, 161, 72, 68, 190, 197, 0, 0, 189, 0, 0, 172, 0, 0, 51, 12, 150]
1546498954070;[171, 0, 17, 255, 161, 72, 68, 190, 197, 0, 0, 187, 0, 0, 170, 0, 0, 51, 12, 146]
1546498954075;[171, 0, 17, 255, 161, 72, 68, 190, 197, 0, 0, 187, 0, 0, 172, 0, 0, 51, 12, 157]
1546498954233;[171, 0, 4, 255, 132, 128, 79]
1546498954405;[171, 0, 17, 255, 161, 72, 68, 190, 197, 0, 0, 187, 0, 0, 170, 0, 0, 49, 12, 177]
1546498954409;[171, 0, 17, 255, 161, 72, 68, 190, 197, 0, 0, 186, 0, 0, 173, 0, 0, 50, 12, 184]
1546498954578;[171, 0, 17, 255, 161, 72, 68, 190, 197, 0, 0, 187, 0, 0, 172, 0, 0, 51, 12, 185]
1546498954582;[171, 0, 17, 255, 161, 72, 68, 190, 197, 0, 0, 187, 0, 0, 172, 0, 0, 48, 12, 187]
1546498954751;[171, 0, 17, 255, 161, 72, 68, 190, 197, 0, 0, 191, 0, 0, 172, 0, 0, 47, 12, 186]
1546498954755;[171, 0, 17, 255, 161, 72, 68, 190, 197, 0, 0, 191, 0, 0, 169, 0, 0, 50, 12, 179]
1546498954923;[171, 0, 17, 255, 161, 72, 68, 190, 197, 0, 0, 194, 0, 0, 169, 0, 0, 49, 12, 193]
1546498955444;[171, 0, 17, 255, 161, 72, 68, 190, 198, 0, 0, 191, 0, 0, 172, 0, 0, 50, 12, 213]
1546498955448;[171, 0, 17, 255, 161, 72, 68, 190, 198, 0, 0, 191, 0, 0, 169, 0, 0, 48, 12, 222]
1546498955457;[171, 0, 17, 255, 161, 72, 68, 190, 198, 0, 0, 191, 0, 0, 172, 0, 0, 51, 12, 233]
1546498955462;[171, 0, 4, 255, 132, 128, 79]
1546498955615;[171, 0, 17, 255, 161, 72, 68, 190, 198, 0, 0, 194, 0, 0, 170, 0, 0, 49, 12, 237]
1546498955619;[171, 0, 17, 255, 161, 72, 68, 190, 198, 0, 0, 191, 0, 0, 170, 0, 0, 48, 12, 245]
1546498955623;[171, 0, 17, 255, 161, 72, 68, 190, 198, 0, 0, 189, 0, 0, 169, 0, 0, 48, 12, 237]
1546498955785;[171, 0, 17, 255, 161, 72, 68, 190, 198, 0, 0, 189, 0, 0, 168, 0, 0, 48, 12, 221]
1546498955789;[171, 0, 17, 255, 161, 72, 68, 190, 198, 0, 0, 187, 0, 0, 170, 0, 0, 49, 12, 252]
1546498955959;[171, 0, 17, 255, 161, 72, 68, 190, 198, 0, 0, 191, 0, 0, 170, 0, 0, 50, 13, 8]
1546498955964;[171, 0, 17, 255, 161, 72, 68, 190, 198, 0, 0, 197, 0, 0, 169, 0, 0, 50, 13, 19]
1546498956130;[171, 0, 17, 255, 161, 72, 68, 190, 199, 0, 0, 189, 0, 0, 169, 0, 0, 50, 13, 32]
1546498956304;[171, 0, 17, 255, 161, 72, 68, 190, 199, 0, 0, 194, 0, 0, 170, 0, 0, 51, 13, 35]
1546498956308;[171, 0, 17, 255, 161, 72, 68, 190, 199, 0, 0, 196, 0, 0, 169, 0, 0, 49, 13, 42]
1546498956650;[171, 0, 4, 255, 132, 128, 80]
1546498956654;[171, 0, 17, 255, 161, 72, 68, 190, 199, 0, 0, 196, 0, 0, 168, 0, 0, 51, 13, 35]
1546498956658;[171, 0, 17, 255, 161, 72, 68, 190, 199, 0, 0, 189, 0, 0, 170, 0, 0, 50, 13, 70]
1546498956662;[171, 0, 17, 255, 161, 72, 68, 190, 199, 0, 0, 187, 0, 0, 169, 0, 0, 46, 13, 78]
1546498956820;[171, 0, 17, 255, 161, 72, 68, 190, 199, 0, 0, 187, 0, 0, 170, 0, 0, 48, 13, 86]
1546498956993;[171, 0, 17, 255, 161, 72, 68, 190, 199, 0, 0, 196, 0, 0, 172, 0, 0, 50, 13, 86]
1546498956998;[171, 0, 17, 255, 161, 72, 68, 190, 199, 0, 0, 191, 0, 0, 173, 0, 0, 46, 13, 83]
1546498957166;[171, 0, 17, 255, 161, 72, 68, 190, 199, 0, 0, 191, 0, 0, 170, 0, 0, 46, 13, 86]
1546498957171;[171, 0, 17, 255, 161, 72, 68, 190, 200, 0, 0, 191, 0, 0, 171, 0, 0, 47, 13, 73]
1546498957338;[171, 0, 17, 255, 161, 72, 68, 190, 200, 0, 0, 189, 0, 0, 173, 0, 0, 50, 13, 105]
1546498957511;[171, 0, 17, 255, 161, 72, 68, 190, 200, 0, 0, 187, 0, 0, 172, 0, 0, 47, 13, 117]
1546498957514;[171, 0, 4, 255, 132, 128, 80]
1546498957857;[171, 0, 17, 255, 161, 72, 68, 190, 200, 0, 0, 191, 0, 0, 172, 0, 0, 47, 13, 117]
1546498957862;[171, 0, 17, 255, 161, 72, 68, 190, 200, 0, 0, 187, 0, 0, 170, 0, 0, 48, 13, 128]
1546498957869;[171, 0, 17, 255, 161, 72, 68, 190, 200, 0, 0, 191, 0, 0, 170, 0, 0, 46, 13, 128]
1546498957873;[171, 0, 17, 255, 161, 72, 68, 190, 200, 0, 0, 196, 0, 0, 170, 0, 0, 50, 13, 131]
1546498958027;[171, 0, 17, 255, 161, 72, 68, 190, 200, 0, 0, 187, 0, 0, 173, 0, 0, 49, 13, 129]
1546498958201;[171, 0, 17, 255, 161, 72, 68, 190, 200, 0, 0, 187, 0, 0, 169, 0, 0, 48, 13, 145]
1546498958205;[171, 0, 17, 255, 161, 72, 68, 190, 200, 0, 0, 187, 0, 0, 174, 0, 0, 50, 13, 165]
1546498958374;[171, 0, 17, 255, 161, 72, 68, 190, 201, 0, 0, 196, 0, 0, 170, 0, 0, 50, 13, 164]
1546498958378;[171, 0, 17, 255, 161, 72, 68, 190, 201, 0, 0, 196, 0, 0, 170, 0, 0, 47, 13, 172]
1546498958546;[171, 0, 17, 255, 161, 72, 68, 190, 201, 0, 0, 196, 0, 0, 169, 0, 0, 49, 13, 183]
1546498958550;[171, 0, 4, 255, 132, 128, 80]
1546498958718;[171, 0, 17, 255, 161, 72, 68, 190, 201, 0, 0, 196, 0, 0, 173, 0, 0, 47, 13, 178]
1546498958891;[171, 0, 17, 255, 161, 72, 68, 190, 201, 0, 0, 194, 0, 0, 169, 0, 0, 45, 13, 173]
1546498958895;[171, 0, 17, 255, 161, 72, 68, 190, 201, 0, 0, 189, 0, 0, 170, 0, 0, 47, 13, 178]
1546498959239;[171, 0, 17, 255, 161, 72, 68, 190, 201, 0, 0, 191, 0, 0, 172, 0, 0, 48, 13, 202]
1546498959243;[171, 0, 17, 255, 161, 72, 68, 190, 201, 0, 0, 191, 0, 0, 170, 0, 0, 47, 13, 205]
1546498959247;[171, 0, 17, 255, 161, 72, 68, 190, 201, 0, 0, 191, 0, 0, 170, 0, 0, 46, 13, 212]
1546498959408;[171, 0, 17, 255, 161, 72, 68, 190, 201, 0, 0, 187, 0, 0, 170, 0, 0, 47, 13, 224]
1546498959412;[171, 0, 17, 255, 161, 72, 68, 190, 202, 0, 0, 191, 0, 0, 169, 0, 0, 45, 13, 228]
1546498959580;[171, 0, 17, 255, 161, 72, 68, 190, 202, 0, 0, 196, 0, 0, 170, 0, 0, 45, 13, 222]
1546498959584;[171, 0, 17, 255, 161, 72, 68, 190, 202, 0, 0, 191, 0, 0, 170, 0, 0, 45, 13, 222]
1546498959753;[171, 0, 4, 255, 132, 128, 81]
1546498959757;[171, 0, 17, 255, 161, 72, 68, 190, 202, 0, 0, 194, 0, 0, 170, 0, 0, 46, 13, 216]
1546498959925;[171, 0, 17, 255, 161, 72, 68, 190, 202, 0, 0, 196, 0, 0, 169, 0, 0, 51, 13, 253]
1546498960099;[171, 0, 17, 255, 161, 72, 68, 190, 202, 0, 0, 192, 0, 0, 170, 0, 0, 50, 14, 8]
1546498960103;[171, 0, 17, 255, 161, 72, 68, 190, 202, 0, 0, 192, 0, 0, 172, 0, 0, 45, 14, 20]
1546498960446;[171, 0, 17, 255, 161, 72, 68, 190, 202, 0, 0, 189, 0, 0, 169, 0, 0, 47, 14, 16]
1546498960450;[171, 0, 17, 255, 161, 72, 68, 190, 202, 0, 0, 194, 0, 0, 172, 0, 0, 45, 14, 21]
1546498960455;[171, 0, 17, 255, 161, 72, 68, 190, 202, 0, 0, 196, 0, 0, 171, 0, 0, 48, 14, 19]
1546498960460;[171, 0, 17, 255, 161, 72, 68, 190, 203, 0, 0, 191, 0, 0, 169, 0, 0, 46, 14, 20]
1546498960615;[171, 0, 17, 255, 161, 72, 68, 190, 203, 0, 0, 196, 0, 0, 172, 0, 0, 47, 14, 18]
1546498960789;[171, 0, 17, 255, 161, 72, 68, 190, 203, 0, 0, 192, 0, 0, 168, 0, 0, 46, 14, 40]
1546498960792;[171, 0, 4, 255, 132, 128, 81]
1546498960961;[171, 0, 17, 255, 161, 72, 68, 190, 203, 0, 0, 196, 0, 0, 170, 0, 0, 45, 14, 56]
1546498960965;[171, 0, 17, 255, 161, 72, 68, 190, 203, 0, 0, 192, 0, 0, 169, 0, 0, 50, 14, 73]
1546498961134;[171, 0, 17, 255, 161, 72, 68, 190, 203, 0, 0, 196, 0, 0, 169, 0, 0, 45, 14, 72]
1546498961306;[171, 0, 17, 255, 161, 72, 68, 190, 203, 0, 0, 194, 0, 0, 172, 0, 0, 46, 14, 80]
1546498961310;[171, 0, 17, 255, 161, 72, 68, 190, 203, 0, 0, 191, 0, 0, 170, 0, 0, 50, 14, 81]
1546498961825;[171, 0, 17, 255, 161, 72, 68, 190, 203, 0, 0, 194, 0, 0, 169, 0, 0, 45, 14, 74]
1546498961829;[171, 0, 17, 255, 161, 72, 68, 190, 203, 0, 0, 196, 0, 0, 168, 0, 0, 45, 14, 73]
1546498961833;[171, 0, 17, 255, 161, 72, 68, 190, 204, 0, 0, 196, 0, 0, 165, 0, 0, 46, 14, 68]
1546498961838;[171, 0, 17, 255, 161, 72, 68, 190, 204, 0, 0, 196, 0, 0, 170, 0, 0, 48, 14, 94]
1546498961998;[171, 0, 17, 255, 161, 72, 68, 190, 204, 0, 0, 189, 0, 0, 169, 0, 0, 46, 14, 96]
1546498962002;[171, 0, 4, 255, 132, 128, 81]
1546498962007;[171, 0, 17, 255, 161, 72, 68, 190, 204, 0, 0, 196, 0, 0, 167, 0, 0, 46, 14, 107]
1546498962169;[171, 0, 17, 255, 161, 72, 68, 190, 204, 0, 0, 196, 0, 0, 169, 0, 0, 46, 14, 112]
1546498962173;[171, 0, 17, 255, 161, 72, 68, 190, 204, 0, 0, 196, 0, 0, 169, 0, 0, 47, 14, 104]
1546498962340;[171, 0, 17, 255, 161, 72, 68, 190, 204, 0, 0, 194, 0, 0, 170, 0, 0, 46, 14, 97]
1546498962514;[171, 0, 17, 255, 161, 72, 68, 190, 204, 0, 0, 196, 0, 0, 172, 0, 0, 48, 14, 99]
1546498962518;[171, 0, 17, 255, 161, 72, 68, 190, 204, 0, 0, 196, 0, 0, 172, 0, 0, 47, 14, 92]
1546498962686;[171, 0, 17, 255, 161, 72, 68, 190, 204, 0, 0, 191, 0, 0, 170, 0, 0, 45, 14, 110]
1546498962690;[171, 0, 17, 255, 161, 72, 68, 190, 205, 0, 0, 196, 0, 0, 168, 0, 0, 45, 14, 120]
1546498963032;[171, 0, 17, 255, 161, 72, 68, 190, 205, 0, 0, 191, 0, 0, 169, 0, 0, 48, 14, 121]
1546498963036;[171, 0, 17, 255, 161, 72, 68, 190, 205, 0, 0, 196, 0, 0, 170, 0, 0, 46, 14, 121]
1546498963040;[171, 0, 4, 255, 132, 128, 81]
1546498963204;[171, 0, 17, 255, 161, 72, 68, 190, 205, 0, 0, 191, 0, 0, 172, 0, 0, 45, 14, 125]
1546498963208;[171, 0, 17, 255, 161, 72, 68, 190, 205, 0, 0, 194, 0, 0, 168, 0, 0, 47, 14, 126]
1546498963377;[171, 0, 17, 255, 161, 72, 68, 190, 205, 0, 0, 194, 0, 0, 169, 0, 0, 45, 14, 116]
1546498963381;[171, 0, 17, 255, 161, 72, 68, 190, 205, 0, 0, 194, 0, 0, 173, 0, 0, 41, 14, 114]
1546498963549;[171, 0, 17, 255, 161, 72, 68, 190, 205, 0, 0, 192, 0, 0, 168, 0, 0, 45, 14, 122]
1546498963553;[171, 0, 17, 255, 161, 72, 68, 190, 205, 0, 0, 192, 0, 0, 170, 0, 0, 47, 14, 138]
1546498963721;[171, 0, 17, 255, 161, 72, 68, 190, 205, 0, 0, 192, 0, 0, 170, 0, 0, 42, 14, 139]
1546498963894;[171, 0, 17, 255, 161, 72, 68, 190, 206, 0, 0, 196, 0, 0, 170, 0, 0, 45, 14, 140]
1546498963899;[171, 0, 17, 255, 161, 72, 68, 190, 206, 0, 0, 196, 0, 0, 169, 0, 0, 46, 14, 139]
1546498964245;[171, 0, 17, 255, 161, 72, 68, 190, 206, 0, 0, 196, 0, 0, 169, 0, 0, 46, 14, 139]
1546498964247;[171, 0, 4, 255, 132, 128, 80]
1546498964250;[171, 0, 17, 255, 161, 72, 68, 190, 206, 0, 0, 191, 0, 0, 170, 0, 0, 46, 14, 132]
1546498964411;[171, 0, 17, 255, 161, 72, 68, 190, 206, 0, 0, 192, 0, 0, 170, 0, 0, 46, 14, 138]
1546498964415;[171, 0, 17, 255, 161, 72, 68, 190, 206, 0, 0, 191, 0, 0, 169, 0, 0, 45, 14, 131]
1546498964583;[171, 0, 17, 255, 161, 72, 68, 190, 206, 0, 0, 194, 0, 0, 170, 0, 0, 42, 14, 147]
1546498964587;[171, 0, 17, 255, 161, 72, 68, 190, 206, 0, 0, 196, 0, 0, 170, 0, 0, 46, 14, 158]
1546498964756;[171, 0, 17, 255, 161, 72, 68, 190, 206, 0, 0, 196, 0, 0, 170, 0, 0, 46, 14, 157]
1546498964760;[171, 0, 17, 255, 161, 72, 68, 190, 206, 0, 0, 192, 0, 0, 167, 0, 0, 45, 14, 157]
1546498964928;[171, 0, 17, 255, 161, 72, 68, 190, 207, 0, 0, 191, 0, 0, 169, 0, 0, 45, 14, 157]
1546498965101;[171, 0, 17, 255, 161, 72, 68, 190, 207, 0, 0, 196, 0, 0, 172, 0, 0, 41, 14, 151]
1546498965105;[171, 0, 17, 255, 161, 72, 68, 190, 207, 0, 0, 191, 0, 0, 173, 0, 0, 47, 14, 147]
1546498965273;[171, 0, 4, 255, 132, 128, 80]
1546498965278;[171, 0, 17, 255, 161, 72, 68, 190, 207, 0, 0, 196, 0, 0, 170, 0, 0, 46, 14, 146]
1546498965620;[171, 0, 17, 255, 161, 72, 68, 190, 207, 0, 0, 196, 0, 0, 173, 0, 0, 41, 14, 161]
1546498965624;[171, 0, 17, 255, 161, 72, 68, 190, 207, 0, 0, 196, 0, 0, 167, 0, 0, 46, 14, 182]
1546498965630;[171, 0, 17, 255, 161, 72, 68, 190, 207, 0, 0, 196, 0, 0, 170, 0, 0, 46, 14, 183]
1546498965792;[171, 0, 17, 255, 161, 72, 68, 190, 207, 0, 0, 194, 0, 0, 170, 0, 0, 45, 14, 203]
1546498965796;[171, 0, 17, 255, 161, 72, 68, 190, 207, 0, 0, 192, 0, 0, 170, 0, 0, 45, 14, 211]
1546498965964;[171, 0, 17, 255, 161, 72, 68, 190, 207, 0, 0, 192, 0, 0, 170, 0, 0, 46, 14, 217]
1546498965968;[171, 0, 17, 255, 161, 72, 68, 190, 208, 0, 0, 191, 0, 0, 169, 0, 0, 45, 14, 219]
1546498966135;[171, 0, 17, 255, 161, 72, 68, 190, 208, 0, 0, 196, 0, 0, 170, 0, 0, 47, 14, 233]
1546498966308;[171, 0, 17, 255, 161, 72, 68, 190, 208, 0, 0, 192, 0, 0, 170, 0, 0, 45, 15, 28]
1546498966312;[171, 0, 4, 255, 132, 128, 79]
1546498966479;[171, 0, 17, 255, 161, 72, 68, 190, 208, 0, 0, 189, 0, 0, 170, 0, 0, 47, 31, 62]
1546498966484;[171, 0, 17, 255, 161, 72, 68, 190, 208, 0, 0, 196, 0, 0, 170, 0, 0, 42, 7, 216]
1546498966827;[171, 0, 17, 255, 161, 72, 68, 190, 208, 0, 0, 196, 0, 0, 169, 0, 0, 45, 7, 244]
1546498966831;[171, 0, 17, 255, 161, 72, 68, 190, 208, 0, 0, 196, 0, 0, 169, 0, 0, 45, 8, 12]
1546498966835;[171, 0, 17, 255, 161, 72, 68, 190, 208, 0, 0, 191, 0, 0, 168, 0, 0, 46, 8, 10]
1546498966999;[171, 0, 17, 255, 161, 72, 68, 190, 208, 0, 0, 196, 0, 0, 169, 0, 0, 45, 8, 22]
1546498967003;[171, 0, 17, 255, 161, 72, 68, 190, 208, 0, 0, 196, 0, 0, 168, 0, 0, 46, 8, 21]
1546498967170;[171, 0, 17, 255, 161, 72, 68, 190, 209, 0, 0, 196, 0, 0, 170, 0, 0, 46, 8, 61]
1546498967175;[171, 0, 17, 255, 161, 72, 68, 190, 209, 0, 0, 196, 0, 0, 169, 0, 0, 45, 8, 71]
1546498967343;[171, 0, 17, 255, 161, 72, 68, 190, 209, 0, 0, 196, 0, 0, 168, 0, 0, 45, 8, 77]
1546498967347;[171, 0, 4, 255, 132, 128, 79]
1546498967516;[171, 0, 17, 255, 161, 72, 68, 190, 209, 0, 0, 196, 0, 0, 167, 0, 0, 45, 8, 87]
1546498967688;[171, 0, 17, 255, 161, 72, 68, 190, 209, 0, 0, 189, 0, 0, 168, 0, 0, 41, 8, 89]
1546498967692;[171, 0, 17, 255, 161, 72, 68, 190, 209, 0, 0, 192, 0, 0, 169, 0, 0, 45, 8, 91]
1546498967860;[171, 0, 17, 255, 161, 72, 68, 190, 209, 0, 0, 187, 0, 0, 168, 0, 0, 45, 8, 79]
1546498967865;[171, 0, 17, 255, 161, 72, 68, 190, 209, 0, 0, 196, 0, 0, 165, 0, 0, 45, 8, 92]
1546498968206;[171, 0, 17, 255, 161, 72, 68, 190, 209, 0, 0, 196, 0, 0, 168, 0, 0, 45, 8, 115]
1546498968210;[171, 0, 17, 255, 161, 72, 68, 190, 209, 0, 0, 196, 0, 0, 167, 0, 0, 47, 8, 117]
1546498968215;[171, 0, 17, 255, 161, 72, 68, 190, 210, 0, 0, 194, 0, 0, 167, 0, 0, 45, 8, 121]
1546498968379;[171, 0, 17, 255, 161, 72, 68, 190, 210, 0, 0, 196, 0, 0, 170, 0, 0, 41, 8, 112]
1546498968383;[171, 0, 17, 255, 161, 72, 68, 190, 210, 0, 0, 196, 0, 0, 166, 0, 0, 45, 8, 106]
1546498968551;[171, 0, 4, 255, 132, 128, 78]
1546498968555;[171, 0, 17, 255, 161, 72, 68, 190, 210, 0, 0, 194, 0, 0, 168, 0, 0, 47, 8, 106]
1546498968723;[171, 0, 17, 255, 161, 72, 68, 190, 210, 0, 0, 196, 0, 0, 168, 0, 0, 45, 8, 94]
1546498968895;[171, 0, 17, 255, 161, 72, 68, 190, 210, 0, 0, 194, 0, 0, 169, 0, 0, 47, 8, 110]
1546498968899;[171, 0, 17, 255, 161, 72, 68, 190, 210, 0, 0, 196, 0, 0, 170, 0, 0, 47, 8, 117]
