1546496973598;[171, 0, 17, 255, 161, 72, 68, 182, 132, 0, 0, 196, 1, 0, 37, 1, 0, 162, 2, 78]
1546496973934;[171, 0, 17, 255, 161, 72, 68, 182, 132, 0, 0, 196, 1, 0, 37, 1, 0, 158, 2, 13]
1546496973939;[171, 0, 17, 255, 161, 72, 68, 182, 132, 0, 0, 191, 1, 0, 35, 1, 0, 154, 1, 221]
1546496973943;[171, 0, 17, 255, 161, 72, 68, 182, 132, 0, 0, 200, 1, 0, 35, 1, 0, 151, 1, 191]
1546496974106;[171, 0, 17, 255, 161, 72, 68, 182, 132, 0, 0, 204, 1, 0, 35, 1, 0, 152, 1, 192]
1546496974110;[171, 0, 17, 255, 161, 72, 68, 182, 132, 0, 0, 208, 1, 0, 35, 1, 0, 153, 1, 194]
1546496974278;[171, 0, 17, 255, 161, 72, 68, 182, 132, 0, 0, 192, 1, 0, 34, 1, 0, 163, 1, 155]
1546496974282;[171, 0, 4, 255, 132, 128, 81]
1546496974451;[171, 0, 17, 255, 161, 72, 68, 182, 132, 0, 0, 178, 1, 0, 39, 1, 0, 168, 1, 68]
1546496974623;[171, 0, 17, 255, 161, 72, 68, 182, 133, 0, 0, 191, 1, 0, 35, 1, 0, 166, 1, 27]
1546496974628;[171, 0, 17, 255, 161, 72, 68, 182, 133, 0, 0, 186, 1, 0, 35, 1, 0, 168, 0, 248]
1546496974797;[171, 0, 17, 255, 161, 72, 68, 182, 133, 0, 0, 191, 1, 0, 35, 1, 0, 167, 0, 224]
1546496974801;[171, 0, 17, 255, 161, 72, 68, 182, 133, 0, 0, 191, 1, 0, 34, 1, 0, 164, 0, 234]
1546496975141;[171, 0, 17, 255, 161, 72, 68, 182, 133, 0, 0, 186, 1, 0, 34, 1, 0, 171, 0, 225]
1546496975146;[171, 0, 17, 255, 161, 72, 68, 182, 133, 0, 0, 179, 1, 0, 35, 1, 0, 175, 0, 209]
1546496975150;[171, 0, 17, 255, 161, 72, 68, 182, 133, 0, 0, 181, 1, 0, 34, 1, 0, 181, 16, 171]
1546496975315;[171, 0, 17, 255, 161, 72, 68, 182, 133, 0, 0, 181, 1, 0, 35, 1, 0, 177, 7, 191]
1546496975319;[171, 0, 17, 255, 161, 72, 68, 182, 133, 0, 0, 176, 1, 0, 34, 1, 0, 187, 7, 151]
1546496975485;[171, 0, 4, 255, 132, 128, 81]
1546496975489;[171, 0, 17, 255, 161, 72, 68, 182, 133, 0, 0, 167, 1, 0, 35, 1, 0, 191, 7, 114]
1546496975659;[171, 0, 17, 255, 161, 72, 68, 182, 134, 0, 0, 167, 1, 0, 36, 1, 0, 187, 7, 66]
1546496975663;[171, 0, 17, 255, 161, 72, 68, 182, 134, 0, 0, 167, 1, 0, 35, 1, 0, 190, 7, 56]
1546496975831;[171, 0, 17, 255, 161, 72, 68, 182, 134, 0, 0, 173, 1, 0, 35, 1, 0, 175, 7, 64]
1546496976005;[171, 0, 17, 255, 161, 72, 68, 182, 134, 0, 0, 144, 1, 0, 30, 1, 0, 193, 7, 61]
1546496976009;[171, 0, 17, 255, 161, 72, 68, 182, 134, 0, 0, 220, 1, 0, 36, 1, 0, 121, 7, 88]
1546496976522;[171, 0, 17, 255, 161, 72, 68, 182, 134, 0, 0, 234, 1, 0, 35, 1, 0, 92, 7, 149]
1546496976526;[171, 0, 17, 255, 161, 72, 68, 182, 134, 0, 0, 247, 1, 0, 35, 1, 0, 69, 7, 202]
1546496976530;[171, 0, 17, 255, 161, 72, 68, 182, 134, 0, 0, 255, 1, 0, 33, 1, 0, 58, 7, 219]
1546496976535;[171, 0, 17, 255, 161, 72, 68, 182, 134, 0, 0, 249, 1, 0, 34, 1, 0, 59, 7, 255]
1546496976694;[171, 0, 4, 255, 132, 128, 81]
1546496976699;[171, 0, 17, 255, 161, 72, 68, 182, 134, 0, 0, 239, 1, 0, 35, 1, 0, 71, 8, 68]
1546496976703;[171, 0, 17, 255, 161, 72, 68, 182, 135, 0, 0, 243, 1, 0, 34, 1, 0, 69, 8, 109]
1546496976867;[171, 0, 17, 255, 161, 72, 68, 182, 135, 0, 0, 244, 1, 0, 35, 1, 0, 70, 8, 152]
1546496976871;[171, 0, 17, 255, 161, 72, 68, 182, 135, 0, 0, 240, 1, 0, 33, 1, 0, 79, 8, 202]
1546496977039;[171, 0, 17, 255, 161, 72, 68, 182, 135, 0, 0, 245, 1, 0, 33, 1, 0, 70, 8, 207]
1546496977211;[171, 0, 17, 255, 161, 72, 68, 182, 135, 0, 0, 237, 1, 0, 35, 1, 0, 75, 8, 140]
1546496977215;[171, 0, 17, 255, 161, 72, 68, 182, 135, 0, 0, 240, 1, 0, 37, 1, 0, 72, 8, 1]
1546496977383;[171, 0, 17, 255, 161, 72, 68, 182, 135, 0, 0, 237, 1, 0, 35, 1, 0, 84, 7, 206]
1546496977387;[171, 0, 17, 255, 161, 72, 68, 182, 135, 0, 0, 241, 1, 0, 35, 1, 0, 75, 8, 37]
1546496977729;[171, 0, 17, 255, 161, 72, 68, 182, 135, 0, 0, 234, 1, 0, 35, 1, 0, 87, 8, 92]
1546496977733;[171, 0, 4, 255, 132, 128, 81]
1546496977738;[171, 0, 17, 255, 161, 72, 68, 182, 135, 0, 0, 240, 1, 0, 38, 1, 0, 79, 8, 90]
1546496977900;[171, 0, 17, 255, 161, 72, 68, 182, 136, 0, 0, 237, 1, 0, 39, 1, 0, 85, 8, 75]
1546496977904;[171, 0, 17, 255, 161, 72, 68, 182, 136, 0, 0, 238, 1, 0, 38, 1, 0, 82, 8, 64]
1546496978075;[171, 0, 17, 255, 161, 72, 68, 182, 136, 0, 0, 234, 1, 0, 35, 1, 0, 97, 8, 48]
1546496978079;[171, 0, 17, 255, 161, 72, 68, 182, 136, 0, 0, 236, 1, 0, 40, 1, 0, 97, 8, 1]
1546496978245;[171, 0, 17, 255, 161, 72, 68, 182, 136, 0, 0, 237, 1, 0, 39, 1, 0, 119, 8, 29]
1546496978418;[171, 0, 17, 255, 161, 72, 68, 182, 136, 0, 0, 165, 1, 0, 33, 1, 0, 201, 8, 87]
1546496978422;[171, 0, 17, 255, 161, 72, 68, 182, 136, 0, 0, 152, 1, 0, 44, 1, 0, 207, 8, 92]
1546496978592;[171, 0, 17, 255, 161, 72, 68, 182, 136, 0, 0, 102, 1, 0, 56, 1, 0, 211, 7, 253]
1546496978596;[171, 0, 17, 255, 161, 72, 68, 182, 136, 0, 0, 163, 1, 0, 59, 1, 0, 207, 7, 59]
1546496978938;[171, 0, 4, 255, 132, 128, 81]
1546496978943;[171, 0, 17, 255, 161, 72, 68, 182, 136, 0, 0, 121, 1, 0, 32, 1, 0, 229, 7, 10]
1546496978947;[171, 0, 17, 255, 161, 72, 68, 182, 137, 0, 0, 111, 1, 0, 64, 1, 0, 215, 6, 250]
1546496979111;[171, 0, 17, 255, 161, 72, 68, 182, 137, 0, 0, 165, 1, 0, 33, 1, 0, 218, 6, 250]
1546496979114;[171, 0, 17, 255, 161, 72, 68, 182, 137, 0, 0, 160, 1, 0, 33, 1, 0, 206, 7, 67]
1546496979281;[171, 0, 17, 255, 161, 72, 68, 182, 137, 0, 0, 138, 1, 0, 44, 1, 0, 199, 7, 112]
1546496979284;[171, 0, 17, 255, 161, 72, 68, 182, 137, 0, 0, 143, 1, 0, 51, 1, 0, 194, 7, 138]
1546496979455;[171, 0, 17, 255, 161, 72, 68, 182, 137, 0, 0, 146, 1, 0, 39, 1, 0, 206, 7, 152]
1546496979460;[171, 0, 17, 255, 161, 72, 68, 182, 137, 0, 0, 160, 1, 0, 35, 1, 0, 206, 7, 135]
1546496979626;[171, 0, 17, 255, 161, 72, 68, 182, 137, 0, 0, 141, 1, 0, 40, 1, 0, 195, 7, 99]
1546496979799;[171, 0, 17, 255, 161, 72, 68, 182, 137, 0, 0, 171, 1, 0, 29, 1, 0, 194, 7, 31]
1546496979803;[171, 0, 4, 255, 132, 128, 81]
1546496979971;[171, 0, 17, 255, 161, 72, 68, 182, 137, 0, 0, 152, 1, 0, 34, 1, 0, 188, 7, 28]
1546496979975;[171, 0, 17, 255, 161, 72, 68, 182, 138, 0, 0, 196, 1, 0, 33, 1, 0, 153, 7, 92]
1546496980319;[171, 0, 17, 255, 161, 72, 68, 182, 138, 0, 0, 218, 1, 0, 34, 1, 0, 147, 7, 171]
1546496980322;[171, 0, 17, 255, 161, 72, 68, 182, 138, 0, 0, 198, 1, 0, 34, 1, 0, 149, 7, 252]
1546496980326;[171, 0, 17, 255, 161, 72, 68, 182, 138, 0, 0, 190, 1, 0, 35, 1, 0, 184, 8, 80]
1546496980489;[171, 0, 17, 255, 161, 72, 68, 182, 138, 0, 0, 135, 1, 0, 29, 1, 0, 195, 8, 87]
1546496980492;[171, 0, 17, 255, 161, 72, 68, 182, 138, 0, 0, 139, 1, 0, 37, 1, 0, 212, 8, 84]
1546496980660;[171, 0, 17, 255, 161, 72, 68, 182, 138, 0, 0, 143, 1, 0, 37, 1, 0, 208, 8, 87]
1546496980664;[171, 0, 17, 255, 161, 72, 68, 182, 138, 0, 0, 145, 1, 0, 35, 1, 0, 212, 8, 160]
1546496980833;[171, 0, 17, 255, 161, 72, 68, 182, 138, 0, 0, 146, 1, 0, 35, 1, 0, 211, 8, 213]
1546496981006;[171, 0, 4, 255, 132, 128, 81]
1546496981010;[171, 0, 17, 255, 161, 72, 68, 182, 138, 0, 0, 144, 1, 0, 34, 1, 0, 212, 9, 2]
1546496981178;[171, 0, 17, 255, 161, 72, 68, 182, 139, 0, 0, 146, 1, 0, 35, 1, 0, 211, 9, 52]
1546496981182;[171, 0, 17, 255, 161, 72, 68, 182, 139, 0, 0, 144, 1, 0, 34, 1, 0, 212, 9, 91]
1546496981522;[171, 0, 17, 255, 161, 72, 68, 182, 139, 0, 0, 141, 1, 0, 37, 1, 0, 211, 9, 115]
1546496981527;[171, 0, 17, 255, 161, 72, 68, 182, 139, 0, 0, 141, 1, 0, 35, 1, 0, 212, 9, 140]
1546496981531;[171, 0, 17, 255, 161, 72, 68, 182, 139, 0, 0, 141, 1, 0, 35, 1, 0, 211, 9, 198]
1546496981697;[171, 0, 17, 255, 161, 72, 68, 182, 139, 0, 0, 141, 1, 0, 34, 1, 0, 213, 10, 12]
1546496981702;[171, 0, 17, 255, 161, 72, 68, 182, 139, 0, 0, 141, 1, 0, 34, 1, 0, 211, 10, 52]
1546496981869;[171, 0, 17, 255, 161, 72, 68, 182, 139, 0, 0, 139, 1, 0, 35, 1, 0, 212, 10, 81]
1546496981873;[171, 0, 17, 255, 161, 72, 68, 182, 139, 0, 0, 141, 1, 0, 35, 1, 0, 212, 10, 100]
1546496982039;[171, 0, 4, 255, 132, 128, 81]
1546496982215;[171, 0, 17, 255, 161, 72, 68, 182, 139, 0, 0, 138, 1, 0, 40, 1, 0, 207, 10, 107]
1546496982218;[171, 0, 17, 255, 161, 72, 68, 182, 140, 0, 0, 137, 1, 0, 35, 1, 0, 214, 10, 90]
1546496982386;[171, 0, 17, 255, 161, 72, 68, 182, 140, 0, 0, 139, 1, 0, 35, 1, 0, 211, 10, 129]
1546496982390;[171, 0, 17, 255, 161, 72, 68, 182, 140, 0, 0, 141, 1, 0, 38, 1, 0, 212, 10, 178]
1546496982558;[171, 0, 17, 255, 161, 72, 68, 182, 140, 0, 0, 141, 1, 0, 40, 1, 0, 211, 10, 192]
1546496982563;[171, 0, 17, 255, 161, 72, 68, 182, 140, 0, 0, 141, 1, 0, 37, 1, 0, 216, 10, 210]
1546496982905;[171, 0, 17, 255, 161, 72, 68, 182, 140, 0, 0, 138, 1, 0, 40, 1, 0, 212, 10, 208]
1546496982909;[171, 0, 17, 255, 161, 72, 68, 182, 140, 0, 0, 141, 1, 0, 37, 1, 0, 213, 10, 216]
1546496982913;[171, 0, 17, 255, 161, 72, 68, 182, 140, 0, 0, 137, 1, 0, 43, 1, 0, 212, 10, 203]
1546496983076;[171, 0, 17, 255, 161, 72, 68, 182, 140, 0, 0, 138, 1, 0, 39, 1, 0, 214, 10, 253]
1546496983080;[171, 0, 4, 255, 132, 128, 81]
1546496983248;[171, 0, 17, 255, 161, 72, 68, 182, 140, 0, 0, 138, 1, 0, 39, 1, 0, 212, 11, 40]
1546496983422;[171, 0, 17, 255, 161, 72, 68, 182, 141, 0, 0, 139, 1, 0, 38, 1, 0, 213, 11, 58]
1546496983426;[171, 0, 17, 255, 161, 72, 68, 182, 141, 0, 0, 137, 1, 0, 39, 1, 0, 213, 11, 74]
1546496983592;[171, 0, 17, 255, 161, 72, 68, 182, 141, 0, 0, 141, 1, 0, 37, 1, 0, 213, 11, 86]
1546496983596;[171, 0, 17, 255, 161, 72, 68, 182, 141, 0, 0, 138, 1, 0, 41, 1, 0, 212, 11, 83]
1546496983768;[171, 0, 17, 255, 161, 72, 68, 182, 141, 0, 0, 139, 1, 0, 38, 1, 0, 213, 11, 67]
1546496983771;[171, 0, 17, 255, 161, 72, 68, 182, 141, 0, 0, 144, 1, 0, 40, 1, 0, 217, 11, 110]
1546496984112;[171, 0, 17, 255, 161, 72, 68, 182, 141, 0, 0, 117, 1, 0, 39, 1, 0, 219, 11, 102]
1546496984116;[171, 0, 17, 255, 161, 72, 68, 182, 141, 0, 0, 124, 1, 0, 39, 1, 0, 228, 11, 79]
1546496984120;[171, 0, 17, 255, 161, 72, 68, 182, 141, 0, 0, 91, 1, 0, 40, 1, 0, 233, 11, 61]
1546496984285;[171, 0, 4, 255, 132, 128, 80]
1546496984289;[171, 0, 17, 255, 161, 72, 68, 182, 141, 0, 0, 65, 1, 0, 53, 1, 0, 234, 11, 2]
1546496984456;[171, 0, 17, 255, 161, 72, 68, 182, 142, 0, 0, 59, 1, 0, 47, 1, 0, 243, 10, 167]
1546496984460;[171, 0, 17, 255, 161, 72, 68, 182, 142, 0, 0, 50, 1, 0, 47, 1, 0, 247, 10, 44]
1546496984801;[171, 0, 17, 255, 161, 72, 68, 182, 142, 0, 0, 32, 1, 0, 53, 1, 0, 247, 9, 182]
1546496984805;[171, 0, 17, 255, 161, 72, 68, 182, 142, 0, 0, 36, 1, 0, 48, 1, 0, 247, 9, 81]
1546496984810;[171, 0, 17, 255, 161, 72, 68, 182, 142, 0, 0, 26, 1, 0, 59, 1, 0, 244, 8, 250]
1546496984974;[171, 0, 17, 255, 161, 72, 68, 182, 142, 0, 0, 33, 1, 0, 40, 1, 0, 249, 8, 172]
1546496984978;[171, 0, 17, 255, 161, 72, 68, 182, 142, 0, 0, 53, 1, 0, 34, 1, 0, 250, 8, 72]
1546496985494;[171, 0, 17, 255, 161, 72, 68, 182, 142, 0, 0, 81, 1, 0, 34, 1, 0, 250, 8, 18]
1546496985499;[171, 0, 17, 255, 161, 72, 68, 182, 142, 0, 0, 41, 1, 0, 33, 1, 0, 247, 7, 250]
1546496985503;[171, 0, 4, 255, 132, 128, 80]
1546496985508;[171, 0, 17, 255, 161, 72, 68, 182, 142, 0, 0, 44, 1, 0, 35, 1, 0, 245, 7, 224]
1546496985665;[171, 0, 17, 255, 161, 72, 68, 182, 143, 0, 0, 66, 1, 0, 33, 1, 0, 250, 7, 211]
1546496985668;[171, 0, 17, 255, 161, 72, 68, 182, 143, 0, 0, 55, 1, 0, 37, 1, 0, 242, 7, 212]
1546496985672;[171, 0, 17, 255, 161, 72, 68, 182, 143, 0, 0, 14, 1, 0, 46, 1, 0, 240, 7, 92]
1546496985836;[171, 0, 17, 255, 161, 72, 68, 182, 143, 0, 0, 22, 1, 0, 29, 1, 0, 250, 7, 130]
1546496986009;[171, 0, 17, 255, 161, 72, 68, 182, 143, 0, 0, 26, 1, 0, 24, 1, 0, 252, 7, 190]
1546496986013;[171, 0, 17, 255, 161, 72, 68, 182, 143, 0, 0, 27, 1, 0, 29, 1, 0, 253, 7, 226]
1546496986181;[171, 0, 17, 255, 161, 72, 68, 182, 143, 0, 0, 43, 1, 0, 38, 1, 1, 7, 7, 184]
1546496986186;[171, 0, 17, 255, 161, 72, 68, 182, 143, 0, 0, 29, 1, 0, 34, 1, 0, 250, 7, 149]
1546496986354;[171, 0, 17, 255, 161, 72, 68, 182, 143, 0, 0, 67, 1, 0, 44, 1, 0, 231, 7, 154]
1546496986358;[171, 0, 4, 255, 132, 128, 80]
1546496986700;[171, 0, 17, 255, 161, 72, 68, 182, 143, 0, 0, 67, 1, 0, 39, 1, 0, 240, 7, 184]
1546496986704;[171, 0, 17, 255, 161, 72, 68, 182, 144, 0, 0, 78, 1, 0, 46, 1, 0, 234, 7, 212]
1546496986708;[171, 0, 17, 255, 161, 72, 68, 182, 144, 0, 0, 80, 1, 0, 43, 1, 0, 229, 7, 214]
1546496986871;[171, 0, 17, 255, 161, 72, 68, 182, 144, 0, 0, 91, 1, 0, 37, 1, 0, 241, 7, 202]
1546496986875;[171, 0, 17, 255, 161, 72, 68, 182, 144, 0, 0, 86, 1, 0, 29, 1, 1, 5, 7, 202]
1546496987044;[171, 0, 17, 255, 161, 72, 68, 182, 144, 0, 0, 61, 1, 0, 56, 1, 0, 222, 7, 161]
1546496987217;[171, 0, 17, 255, 161, 72, 68, 182, 144, 0, 0, 22, 1, 0, 49, 1, 0, 240, 7, 121]
1546496987221;[171, 0, 17, 255, 161, 72, 68, 182, 144, 0, 0, 31, 1, 0, 40, 1, 0, 252, 7, 78]
1546496987389;[171, 0, 17, 255, 161, 72, 68, 182, 144, 1, 0, 47, 1, 0, 46, 1, 0, 252, 7, 47]
1546496987393;[171, 0, 17, 255, 161, 72, 68, 182, 144, 1, 0, 67, 1, 0, 29, 1, 1, 4, 7, 55]
1546496987561;[171, 0, 4, 255, 132, 128, 80]
1546496987565;[171, 0, 17, 255, 161, 72, 68, 182, 145, 1, 0, 6, 1, 0, 48, 1, 0, 247, 7, 42]
1546496987907;[171, 0, 17, 255, 161, 72, 68, 182, 145, 0, 0, 48, 1, 0, 53, 1, 0, 240, 6, 246]
1546496987912;[171, 0, 17, 255, 161, 72, 68, 182, 145, 0, 0, 21, 1, 0, 43, 1, 0, 247, 6, 216]
1546496987916;[171, 0, 17, 255, 161, 72, 68, 182, 145, 0, 0, 23, 1, 0, 42, 1, 0, 255, 6, 192]
1546496988079;[171, 0, 17, 255, 161, 72, 68, 182, 145, 0, 0, 37, 1, 0, 56, 1, 0, 243, 6, 168]
1546496988083;[171, 0, 17, 255, 161, 72, 68, 182, 145, 0, 0, 34, 1, 0, 56, 1, 0, 255, 6, 157]
1546496988251;[171, 0, 17, 255, 161, 72, 68, 182, 145, 0, 0, 11, 1, 0, 41, 1, 1, 0, 6, 113]
1546496988424;[171, 0, 17, 255, 161, 72, 68, 182, 145, 0, 0, 91, 1, 0, 55, 1, 0, 218, 6, 4]
1546496988428;[171, 0, 17, 255, 161, 72, 68, 182, 145, 0, 0, 77, 1, 0, 86, 1, 0, 215, 5, 196]
1546496988768;[171, 0, 17, 255, 161, 72, 68, 182, 148, 0, 0, 81, 1, 0, 58, 1, 0, 232, 2, 23]
1546496988772;[171, 0, 17, 255, 161, 72, 68, 182, 148, 0, 0, 80, 1, 0, 60, 1, 0, 232, 1, 251]
1546496988941;[171, 0, 17, 255, 161, 72, 68, 182, 148, 0, 0, 83, 1, 0, 60, 1, 0, 230, 1, 238]
1546496989287;[171, 0, 17, 255, 161, 72, 68, 182, 148, 0, 0, 92, 1, 0, 64, 1, 0, 232, 1, 216]
1546496989291;[171, 0, 17, 255, 161, 72, 68, 182, 148, 0, 0, 97, 1, 0, 64, 1, 0, 224, 1, 196]
1546496989296;[171, 0, 17, 255, 161, 72, 68, 182, 148, 0, 0, 21, 1, 0, 46, 1, 0, 246, 1, 207]
1546496989300;[171, 0, 17, 255, 161, 72, 68, 182, 148, 1, 0, 16, 1, 0, 26, 1, 1, 1, 1, 197]
1546496989469;[171, 0, 17, 255, 161, 72, 68, 182, 148, 1, 0, 18, 1, 0, 20, 1, 1, 5, 1, 127]
1546496989471;[171, 0, 17, 255, 161, 72, 68, 182, 148, 1, 0, 8, 1, 0, 29, 1, 1, 0, 1, 81]
1546496989806;[171, 0, 17, 255, 161, 72, 68, 182, 148, 1, 0, 9, 1, 0, 24, 1, 1, 4, 1, 37]
1546496989810;[171, 0, 4, 255, 132, 128, 80]
1546496989814;[171, 0, 17, 255, 161, 72, 68, 182, 149, 1, 0, 19, 1, 0, 24, 1, 1, 2, 1, 2]
1546496989976;[171, 0, 17, 255, 161, 72, 68, 182, 149, 1, 0, 19, 1, 0, 24, 1, 1, 2, 0, 232]
1546496989980;[171, 0, 17, 255, 161, 72, 68, 182, 149, 1, 0, 9, 1, 0, 26, 1, 0, 251, 0, 219]
1546496990151;[171, 0, 17, 255, 161, 72, 68, 182, 149, 1, 0, 21, 1, 0, 24, 1, 0, 255, 0, 217]
1546496990494;[171, 0, 17, 255, 161, 72, 68, 182, 149, 1, 0, 4, 1, 0, 35, 1, 1, 1, 0, 230]
1546496990498;[171, 0, 17, 255, 161, 72, 68, 182, 149, 0, 0, 2, 1, 0, 24, 1, 1, 4, 0, 221]
1546496990503;[171, 0, 17, 255, 161, 72, 68, 182, 149, 1, 0, 19, 1, 0, 35, 1, 1, 0, 0, 224]
1546496990507;[171, 0, 17, 255, 161, 72, 68, 182, 149, 1, 0, 4, 1, 0, 34, 1, 0, 254, 0, 241]
1546496990665;[171, 0, 17, 255, 161, 72, 68, 182, 149, 1, 0, 9, 1, 0, 24, 1, 1, 0, 1, 6]
1546496990670;[171, 0, 17, 255, 161, 72, 68, 182, 149, 1, 0, 3, 1, 0, 34, 1, 0, 252, 1, 21]
1546496990839;[171, 0, 4, 255, 132, 128, 79]
1546496991011;[171, 0, 17, 255, 161, 72, 68, 182, 150, 1, 0, 4, 1, 0, 29, 1, 0, 253, 1, 18]
1546496991015;[171, 0, 17, 255, 161, 72, 68, 182, 150, 1, 0, 3, 1, 0, 33, 1, 1, 0, 0, 246]
1546496991185;[171, 0, 17, 255, 161, 72, 68, 182, 150, 1, 0, 4, 1, 0, 31, 1, 0, 252, 0, 255]
1546496991189;[171, 0, 17, 255, 161, 72, 68, 182, 150, 0, 0, 4, 1, 0, 28, 1, 1, 5, 1, 6]
1546496991356;[171, 0, 17, 255, 161, 72, 68, 182, 150, 0, 0, 6, 1, 0, 24, 1, 0, 252, 1, 107]
1546496991360;[171, 0, 17, 255, 161, 72, 68, 182, 150, 0, 0, 7, 1, 0, 24, 1, 1, 0, 1, 68]
1546496991528;[171, 0, 17, 255, 161, 72, 68, 182, 150, 0, 0, 11, 1, 0, 29, 1, 0, 249, 16, 115]
1546496993656;[171, 0, 17, 255, 161, 72, 68, 182, 150, 0, 0, 6, 1, 0, 30, 1, 0, 247, 7, 208]
1546496993657;[171, 0, 17, 255, 161, 72, 68, 182, 150, 0, 0, 4, 1, 0, 17, 1, 1, 0, 7, 208]
1546496993659;[171, 0, 17, 255, 161, 72, 68, 182, 150, 0, 0, 0, 1, 0, 28, 1, 1, 1, 7, 223]
1546496993661;[171, 0, 4, 255, 132, 128, 79]
1546496993664;[171, 0, 17, 255, 161, 72, 68, 182, 151, 0, 0, 0, 1, 0, 24, 1, 1, 0, 7, 255]
1546496993668;[171, 0, 17, 255, 161, 72, 68, 182, 151, 1, 0, 1, 1, 0, 33, 1, 1, 1, 8, 72]
1546496993670;[171, 0, 17, 255, 161, 72, 68, 182, 151, 0, 0, 0, 1, 0, 37, 1, 1, 2, 8, 188]
1546496993672;[171, 0, 17, 255, 161, 72, 68, 182, 151, 0, 0, 11, 1, 0, 29, 1, 0, 251, 9, 28]
1546496993673;[171, 0, 17, 255, 161, 72, 68, 182, 151, 0, 0, 6, 1, 0, 33, 1, 0, 253, 9, 107]
1546496993675;[171, 0, 17, 255, 161, 72, 68, 182, 151, 0, 0, 19, 1, 0, 34, 1, 0, 254, 9, 180]
1546496993677;[171, 0, 17, 255, 161, 72, 68, 182, 151, 0, 0, 24, 1, 0, 24, 1, 0, 254, 10, 20]
1546496993679;[171, 0, 17, 255, 161, 72, 68, 182, 151, 0, 0, 36, 1, 0, 26, 1, 0, 250, 10, 20]
1546496993684;[171, 0, 17, 255, 161, 72, 68, 182, 151, 0, 0, 47, 1, 0, 25, 1, 0, 250, 10, 35]
1546496993685;[171, 0, 17, 255, 161, 72, 68, 182, 151, 0, 0, 55, 1, 0, 32, 1, 0, 244, 10, 57]
1546496993687;[171, 0, 4, 255, 132, 128, 78]
1546496993690;[171, 0, 17, 255, 161, 72, 68, 182, 152, 0, 0, 79, 1, 0, 24, 1, 0, 245, 10, 109]
1546496993692;[171, 0, 17, 255, 161, 72, 68, 182, 152, 0, 0, 76, 1, 0, 30, 1, 0, 240, 10, 151]
1546496993693;[171, 0, 17, 255, 161, 72, 68, 182, 152, 0, 0, 80, 1, 0, 34, 1, 0, 233, 10, 163]
1546496993695;[171, 0, 17, 255, 161, 72, 68, 182, 152, 0, 0, 63, 1, 0, 24, 1, 0, 253, 10, 170]
1546496993697;[171, 0, 17, 255, 161, 72, 68, 182, 152, 0, 0, 64, 1, 0, 16, 1, 0, 241, 10, 176]
1546496993699;[171, 0, 17, 255, 161, 72, 68, 182, 152, 0, 0, 44, 1, 0, 28, 1, 0, 249, 10, 168]
1546496993771;[171, 0, 17, 255, 161, 72, 68, 182, 152, 0, 0, 41, 1, 0, 24, 1, 0, 246, 10, 206]
1546496993775;[171, 0, 17, 255, 161, 72, 68, 182, 152, 0, 0, 50, 1, 0, 28, 1, 0, 242, 11, 59]
1546496993943;[171, 0, 17, 255, 161, 72, 68, 182, 152, 0, 0, 37, 1, 0, 24, 1, 0, 250, 11, 132]
1546496994462;[171, 0, 17, 255, 161, 72, 68, 182, 152, 0, 0, 55, 1, 0, 29, 1, 0, 252, 11, 183]
1546496994469;[171, 0, 4, 255, 132, 128, 78]
1546496994479;[171, 0, 17, 255, 161, 72, 68, 182, 153, 0, 0, 46, 1, 0, 30, 1, 0, 241, 11, 243]
1546496994481;[171, 0, 17, 255, 161, 72, 68, 182, 153, 0, 0, 49, 1, 0, 28, 1, 0, 235, 12, 34]
1546496994634;[171, 0, 17, 255, 161, 72, 68, 182, 153, 0, 0, 83, 1, 0, 23, 1, 0, 248, 12, 70]
1546496994639;[171, 0, 17, 255, 161, 72, 68, 182, 153, 0, 0, 78, 1, 0, 24, 1, 0, 239, 12, 107]
1546496994643;[171, 0, 17, 255, 161, 72, 68, 182, 153, 0, 0, 81, 1, 0, 24, 1, 0, 235, 13, 8]
1546496994806;[171, 0, 17, 255, 161, 72, 68, 182, 153, 0, 0, 80, 1, 0, 28, 1, 0, 241, 13, 115]
1546496994809;[171, 0, 17, 255, 161, 72, 68, 182, 153, 0, 0, 77, 1, 0, 29, 1, 0, 240, 13, 207]
1546496994979;[171, 0, 17, 255, 161, 72, 68, 182, 153, 0, 0, 79, 1, 0, 30, 1, 0, 237, 14, 14]
1546496994983;[171, 0, 17, 255, 161, 72, 68, 182, 153, 0, 0, 78, 1, 0, 33, 1, 0, 238, 14, 61]
1546496995152;[171, 0, 17, 255, 161, 72, 68, 182, 153, 0, 0, 80, 1, 0, 32, 1, 0, 241, 14, 76]
1546496995323;[171, 0, 4, 255, 132, 128, 77]
1546496995327;[171, 0, 17, 255, 161, 72, 68, 182, 154, 0, 0, 72, 1, 0, 24, 1, 0, 240, 14, 79]
1546496995671;[171, 0, 17, 255, 161, 72, 68, 182, 154, 0, 0, 80, 1, 0, 33, 1, 0, 241, 14, 116]
1546496995675;[171, 0, 17, 255, 161, 72, 68, 182, 154, 0, 0, 78, 1, 0, 29, 1, 0, 237, 14, 234]
1546496995679;[171, 0, 17, 255, 161, 72, 68, 182, 154, 0, 0, 78, 1, 0, 34, 1, 0, 240, 15, 39]
1546496995684;[171, 0, 17, 255, 161, 72, 68, 182, 154, 0, 0, 82, 1, 0, 33, 1, 0, 235, 31, 107]
1546496995841;[171, 0, 17, 255, 161, 72, 68, 182, 154, 0, 0, 83, 1, 0, 34, 1, 0, 235, 7, 250]
1546496996013;[171, 0, 17, 255, 161, 72, 68, 182, 154, 0, 0, 86, 1, 0, 33, 1, 0, 237, 8, 14]
1546496996017;[171, 0, 17, 255, 161, 72, 68, 182, 154, 0, 0, 86, 1, 0, 34, 1, 0, 236, 8, 48]
1546496996186;[171, 0, 17, 255, 161, 72, 68, 182, 154, 0, 0, 83, 1, 0, 33, 1, 0, 234, 8, 51]
1546496996190;[171, 0, 17, 255, 161, 72, 68, 182, 154, 0, 0, 98, 1, 0, 35, 1, 0, 234, 8, 113]
1546496996360;[171, 0, 4, 255, 132, 128, 77]
1546496996364;[171, 0, 17, 255, 161, 72, 68, 182, 155, 0, 0, 101, 1, 0, 34, 1, 0, 229, 8, 175]
1546496996531;[171, 0, 17, 255, 161, 72, 68, 182, 155, 0, 0, 101, 1, 0, 35, 1, 0, 229, 8, 235]
1546496996878;[171, 0, 17, 255, 161, 72, 68, 182, 155, 0, 0, 101, 1, 0, 35, 1, 0, 230, 9, 21]
1546496996884;[171, 0, 17, 255, 161, 72, 68, 182, 155, 0, 0, 106, 1, 0, 34, 1, 0, 229, 9, 34]
1546496996887;[171, 0, 17, 255, 161, 72, 68, 182, 155, 0, 0, 104, 1, 0, 37, 1, 0, 229, 9, 36]
1546496996891;[171, 0, 17, 255, 161, 72, 68, 182, 155, 0, 0, 111, 1, 0, 37, 1, 0, 229, 9, 38]
1546496997048;[171, 0, 17, 255, 161, 72, 68, 182, 155, 0, 0, 106, 1, 0, 37, 1, 0, 229, 9, 90]
1546496997220;[171, 0, 17, 255, 161, 72, 68, 182, 155, 0, 0, 106, 1, 0, 40, 1, 0, 229, 9, 152]
1546496997224;[171, 0, 17, 255, 161, 72, 68, 182, 155, 0, 0, 111, 1, 0, 42, 1, 0, 228, 9, 136]
1546496997393;[171, 0, 17, 255, 161, 72, 68, 182, 155, 0, 0, 111, 1, 0, 41, 1, 0, 224, 9, 132]
1546496997397;[171, 0, 4, 255, 132, 128, 77]
1546496997566;[171, 0, 17, 255, 161, 72, 68, 182, 156, 0, 0, 112, 1, 0, 40, 1, 0, 227, 9, 123]
1546496997569;[171, 0, 17, 255, 161, 72, 68, 182, 156, 0, 0, 112, 1, 0, 44, 1, 0, 228, 9, 107]
1546496997738;[171, 0, 17, 255, 161, 72, 68, 182, 156, 0, 0, 98, 1, 0, 40, 1, 0, 230, 9, 60]
1546496997911;[171, 0, 17, 255, 161, 72, 68, 182, 156, 0, 0, 99, 1, 0, 40, 1, 0, 230, 8, 252]
1546496997915;[171, 0, 17, 255, 161, 72, 68, 182, 156, 0, 0, 101, 1, 0, 37, 1, 0, 232, 9, 9]
1546496998258;[171, 0, 17, 255, 161, 72, 68, 182, 156, 0, 0, 99, 1, 0, 38, 1, 0, 232, 9, 17]
1546496998261;[171, 0, 17, 255, 161, 72, 68, 182, 156, 0, 0, 93, 1, 0, 37, 1, 0, 233, 9, 0]
1546496998266;[171, 0, 17, 255, 161, 72, 68, 182, 156, 0, 0, 91, 1, 0, 37, 1, 0, 234, 8, 246]
1546496998270;[171, 0, 17, 255, 161, 72, 68, 182, 156, 0, 0, 91, 1, 0, 37, 1, 0, 232, 8, 223]
1546496998425;[171, 0, 17, 255, 161, 72, 68, 182, 156, 0, 0, 91, 1, 0, 35, 1, 0, 234, 8, 190]
1546496998599;[171, 0, 4, 255, 132, 128, 77]
1546496998604;[171, 0, 17, 255, 161, 72, 68, 182, 157, 0, 0, 91, 1, 0, 34, 1, 0, 230, 8, 153]
1546496998773;[171, 0, 17, 255, 161, 72, 68, 182, 157, 0, 0, 93, 1, 0, 37, 1, 0, 233, 8, 133]
1546496998777;[171, 0, 17, 255, 161, 72, 68, 182, 157, 0, 0, 91, 1, 0, 35, 1, 0, 235, 8, 153]
1546496998945;[171, 0, 17, 255, 161, 72, 68, 182, 157, 0, 0, 87, 1, 0, 35, 1, 0, 232, 8, 148]
1546496999119;[171, 0, 17, 255, 161, 72, 68, 182, 157, 0, 0, 91, 1, 0, 34, 1, 0, 234, 8, 129]
1546496999123;[171, 0, 17, 255, 161, 72, 68, 182, 157, 0, 0, 91, 1, 0, 37, 1, 0, 230, 8, 104]
1546496999469;[171, 0, 17, 255, 161, 72, 68, 182, 157, 0, 0, 93, 1, 0, 35, 1, 0, 234, 8, 75]
1546496999472;[171, 0, 17, 255, 161, 72, 68, 182, 157, 0, 0, 87, 1, 0, 37, 1, 0, 233, 8, 34]
1546496999479;[171, 0, 17, 255, 161, 72, 68, 182, 157, 0, 0, 87, 1, 0, 35, 1, 0, 234, 7, 244]
1546496999481;[171, 0, 17, 255, 161, 72, 68, 182, 157, 0, 0, 97, 1, 0, 35, 1, 0, 230, 7, 231]
1546496999636;[171, 0, 4, 255, 132, 128, 78]
1546496999809;[171, 0, 17, 255, 161, 72, 68, 182, 158, 0, 0, 98, 1, 0, 35, 1, 0, 233, 7, 227]
1546496999813;[171, 0, 17, 255, 161, 72, 68, 182, 158, 0, 0, 87, 1, 0, 35, 1, 0, 230, 7, 200]
1546496999981;[171, 0, 17, 255, 161, 72, 68, 182, 158, 0, 0, 91, 1, 0, 35, 1, 0, 230, 7, 170]
1546496999985;[171, 0, 17, 255, 161, 72, 68, 182, 158, 0, 0, 93, 1, 0, 37, 1, 0, 234, 7, 135]
1546497000154;[171, 0, 17, 255, 161, 72, 68, 182, 158, 0, 0, 91, 1, 0, 35, 1, 0, 234, 7, 96]
1546497000158;[171, 0, 17, 255, 161, 72, 68, 182, 158, 0, 0, 97, 1, 0, 34, 1, 0, 232, 7, 54]
1546497000326;[171, 0, 17, 255, 161, 72, 68, 182, 158, 0, 0, 87, 1, 0, 37, 1, 0, 234, 7, 18]
1546497000844;[171, 0, 17, 255, 161, 72, 68, 182, 158, 0, 0, 91, 1, 0, 34, 1, 0, 234, 7, 21]
1546497000848;[171, 0, 17, 255, 161, 72, 68, 182, 158, 0, 0, 91, 1, 0, 35, 1, 0, 235, 7, 10]
1546497000853;[171, 0, 17, 255, 161, 72, 68, 182, 158, 0, 0, 87, 1, 0, 37, 1, 0, 235, 6, 235]
1546497000856;[171, 0, 4, 255, 132, 128, 78]
1546497001017;[171, 0, 17, 255, 161, 72, 68, 182, 159, 0, 0, 91, 1, 0, 35, 1, 0, 234, 6, 214]
1546497001021;[171, 0, 17, 255, 161, 72, 68, 182, 159, 0, 0, 92, 1, 0, 37, 1, 0, 234, 6, 189]
1546497001025;[171, 0, 17, 255, 161, 72, 68, 182, 159, 0, 0, 91, 1, 0, 35, 1, 0, 234, 6, 145]
1546497001190;[171, 0, 17, 255, 161, 72, 68, 182, 159, 0, 0, 87, 1, 0, 34, 1, 0, 234, 6, 113]
1546497001193;[171, 0, 17, 255, 161, 72, 68, 182, 159, 0, 0, 86, 1, 0, 35, 1, 0, 234, 6, 84]
1546497001361;[171, 0, 17, 255, 161, 72, 68, 182, 159, 0, 0, 87, 1, 0, 35, 1, 0, 234, 6, 84]
1546497001365;[171, 0, 17, 255, 161, 72, 68, 182, 159, 0, 0, 91, 1, 0, 37, 1, 0, 232, 6, 66]
1546497001534;[171, 0, 17, 255, 161, 72, 68, 182, 159, 0, 0, 87, 1, 0, 35, 1, 0, 230, 6, 48]
1546497001706;[171, 0, 17, 255, 161, 72, 68, 182, 159, 0, 0, 98, 1, 0, 35, 1, 0, 232, 6, 27]
1546497001711;[171, 0, 17, 255, 161, 72, 68, 182, 159, 0, 0, 86, 1, 0, 35, 1, 0, 232, 6, 6]
1546497002052;[171, 0, 4, 255, 132, 128, 79]
1546497002057;[171, 0, 17, 255, 161, 72, 68, 182, 160, 0, 0, 91, 1, 0, 34, 1, 0, 232, 5, 219]
1546497002061;[171, 0, 17, 255, 161, 72, 68, 182, 160, 0, 0, 97, 1, 0, 35, 1, 0, 232, 5, 180]
1546497002065;[171, 0, 17, 255, 161, 72, 68, 182, 160, 0, 0, 93, 1, 0, 35, 1, 0, 234, 5, 142]
1546497002223;[171, 0, 17, 255, 161, 72, 68, 182, 160, 0, 0, 97, 1, 0, 35, 1, 0, 233, 5, 134]
1546497002396;[171, 0, 17, 255, 161, 72, 68, 182, 160, 0, 0, 99, 1, 0, 37, 1, 0, 230, 5, 115]
1546497002399;[171, 0, 17, 255, 161, 72, 68, 182, 160, 0, 0, 91, 1, 0, 31, 1, 0, 232, 5, 80]
1546497002569;[171, 0, 17, 255, 161, 72, 68, 182, 160, 0, 0, 101, 1, 0, 35, 1, 0, 235, 5, 62]
1546497002573;[171, 0, 17, 255, 161, 72, 68, 182, 160, 0, 0, 98, 1, 0, 35, 1, 0, 232, 5, 35]
1546497002741;[171, 0, 17, 255, 161, 72, 68, 182, 160, 0, 0, 98, 1, 0, 37, 1, 0, 232, 5, 4]
1546497002913;[171, 0, 17, 255, 161, 72, 68, 182, 160, 0, 0, 99, 1, 0, 35, 1, 0, 230, 4, 232]
1546497002917;[171, 0, 4, 255, 132, 128, 79]
1546497003260;[171, 0, 17, 255, 161, 72, 68, 182, 161, 0, 0, 101, 1, 0, 34, 1, 0, 230, 4, 222]
1546497003265;[171, 0, 17, 255, 161, 72, 68, 182, 161, 0, 0, 101, 1, 0, 35, 1, 0, 230, 4, 240]
1546497003269;[171, 0, 17, 255, 161, 72, 68, 182, 161, 0, 0, 106, 1, 0, 37, 1, 0, 232, 4, 239]
1546497003273;[171, 0, 17, 255, 161, 72, 68, 182, 161, 0, 0, 99, 1, 0, 35, 1, 0, 228, 4, 235]
1546497003431;[171, 0, 17, 255, 161, 72, 68, 182, 161, 0, 0, 101, 1, 0, 39, 1, 0, 230, 4, 225]
1546497003603;[171, 0, 17, 255, 161, 72, 68, 182, 161, 0, 0, 99, 1, 0, 35, 1, 0, 229, 4, 204]
1546497003608;[171, 0, 17, 255, 161, 72, 68, 182, 161, 0, 0, 99, 1, 0, 38, 1, 0, 232, 4, 181]
1546497003777;[171, 0, 17, 255, 161, 72, 68, 182, 161, 0, 0, 98, 1, 0, 41, 1, 0, 232, 4, 165]
1546497003781;[171, 0, 17, 255, 161, 72, 68, 182, 161, 0, 0, 98, 1, 0, 40, 1, 0, 230, 4, 178]
1546497003948;[171, 0, 17, 255, 161, 72, 68, 182, 161, 0, 0, 97, 1, 0, 40, 1, 0, 229, 4, 187]
1546497004121;[171, 0, 4, 255, 132, 128, 79]
1546497004125;[171, 0, 17, 255, 161, 72, 68, 182, 162, 0, 0, 99, 1, 0, 40, 1, 0, 232, 4, 182]
1546497004294;[171, 0, 17, 255, 161, 72, 68, 182, 162, 0, 0, 98, 1, 0, 37, 1, 0, 229, 4, 178]
1546497004298;[171, 0, 17, 255, 161, 72, 68, 182, 162, 0, 0, 101, 1, 0, 42, 1, 0, 230, 4, 170]
1546497004640;[171, 0, 17, 255, 161, 72, 68, 182, 162, 0, 0, 101, 1, 0, 43, 1, 0, 229, 4, 151]
1546497004644;[171, 0, 17, 255, 161, 72, 68, 182, 162, 0, 0, 98, 1, 0, 40, 1, 0, 229, 4, 157]
1546497004648;[171, 0, 17, 255, 161, 72, 68, 182, 162, 0, 0, 87, 1, 0, 44, 1, 0, 230, 4, 172]
1546497004812;[171, 0, 17, 255, 161, 72, 68, 182, 162, 0, 0, 87, 1, 0, 40, 1, 0, 230, 4, 228]
1546497004815;[171, 0, 17, 255, 161, 72, 68, 182, 162, 0, 0, 86, 1, 0, 39, 1, 0, 232, 4, 239]
1546497004984;[171, 0, 17, 255, 161, 72, 68, 182, 162, 0, 0, 97, 1, 0, 37, 1, 0, 235, 4, 244]
1546497004988;[171, 0, 17, 255, 161, 72, 68, 182, 162, 0, 0, 86, 1, 0, 37, 1, 0, 230, 4, 244]
1546497005157;[171, 0, 4, 255, 132, 128, 79]
1546497005161;[171, 0, 17, 255, 161, 72, 68, 182, 163, 0, 0, 87, 1, 0, 39, 1, 0, 235, 4, 238]
1546497005328;[171, 0, 17, 255, 161, 72, 68, 182, 163, 0, 0, 83, 1, 0, 40, 1, 0, 234, 4, 237]
1546497005500;[171, 0, 17, 255, 161, 72, 68, 182, 163, 0, 0, 87, 1, 0, 39, 1, 0, 235, 4, 227]
1546497005504;[171, 0, 17, 255, 161, 72, 68, 182, 163, 0, 0, 84, 1, 0, 43, 1, 0, 233, 4, 232]
1546497005846;[171, 0, 17, 255, 161, 72, 68, 182, 163, 0, 0, 87, 1, 0, 40, 1, 0, 235, 5, 21]
1546497005851;[171, 0, 17, 255, 161, 72, 68, 182, 163, 0, 0, 86, 1, 0, 40, 1, 0, 233, 5, 36]
1546497005855;[171, 0, 17, 255, 161, 72, 68, 182, 163, 0, 0, 91, 1, 0, 38, 1, 0, 234, 5, 50]
1546497006019;[171, 0, 17, 255, 161, 72, 68, 182, 163, 0, 0, 85, 1, 0, 38, 1, 0, 235, 5, 69]
1546497006023;[171, 0, 17, 255, 161, 72, 68, 182, 163, 0, 0, 87, 1, 0, 40, 1, 0, 235, 5, 66]
1546497006192;[171, 0, 17, 255, 161, 72, 68, 182, 163, 0, 0, 84, 1, 0, 40, 1, 0, 232, 5, 66]
1546497006197;[171, 0, 4, 255, 132, 128, 79]
1546497006364;[171, 0, 17, 255, 161, 72, 68, 182, 164, 0, 0, 87, 1, 0, 43, 1, 0, 235, 5, 65]
1546497006369;[171, 0, 17, 255, 161, 72, 68, 182, 164, 0, 0, 85, 1, 0, 39, 1, 0, 234, 5, 129]
1546497006535;[171, 0, 17, 255, 161, 72, 68, 182, 164, 0, 0, 87, 1, 0, 40, 1, 0, 234, 5, 162]
1546497006709;[171, 0, 17, 255, 161, 72, 68, 182, 164, 0, 0, 86, 1, 0, 39, 1, 0, 230, 5, 181]
1546497006713;[171, 0, 17, 255, 161, 72, 68, 182, 164, 0, 0, 87, 1, 0, 39, 1, 0, 234, 5, 205]
1546497006881;[171, 0, 17, 255, 161, 72, 68, 182, 164, 0, 0, 86, 1, 0, 39, 1, 0, 234, 5, 198]
1546497006885;[171, 0, 17, 255, 161, 72, 68, 182, 164, 0, 0, 87, 1, 0, 40, 1, 0, 234, 5, 192]
1546497007227;[171, 0, 17, 255, 161, 72, 68, 182, 164, 0, 0, 86, 1, 0, 39, 1, 0, 232, 5, 175]
1546497007231;[171, 0, 17, 255, 161, 72, 68, 182, 164, 0, 0, 91, 1, 0, 37, 1, 0, 234, 5, 235]
1546497007235;[171, 0, 17, 255, 161, 72, 68, 182, 164, 0, 0, 86, 1, 0, 40, 1, 0, 233, 6, 42]
1546497007399;[171, 0, 4, 255, 132, 128, 79]
1546497007403;[171, 0, 17, 255, 161, 72, 68, 182, 165, 0, 0, 84, 1, 0, 35, 1, 0, 234, 6, 59]
1546497007571;[171, 0, 17, 255, 161, 72, 68, 182, 165, 0, 0, 87, 1, 0, 40, 1, 0, 232, 6, 76]
1546497007575;[171, 0, 17, 255, 161, 72, 68, 182, 165, 0, 0, 93, 1, 0, 40, 1, 0, 234, 6, 72]
1546497007744;[171, 0, 17, 255, 161, 72, 68, 182, 165, 0, 0, 87, 1, 0, 39, 1, 0, 233, 6, 66]
1546497007916;[171, 0, 17, 255, 161, 72, 68, 182, 165, 0, 0, 91, 1, 0, 40, 1, 0, 234, 6, 54]
1546497007920;[171, 0, 17, 255, 161, 72, 68, 182, 165, 0, 0, 87, 1, 0, 39, 1, 0, 234, 6, 38]
1546497008089;[171, 0, 17, 255, 161, 72, 68, 182, 165, 0, 0, 87, 1, 0, 39, 1, 0, 234, 6, 112]
1546497008093;[171, 0, 17, 255, 161, 72, 68, 182, 165, 0, 0, 87, 1, 0, 39, 1, 0, 234, 6, 161]
1546497008437;[171, 0, 17, 255, 161, 72, 68, 182, 165, 0, 0, 87, 1, 0, 39, 1, 0, 232, 6, 176]
1546497008440;[171, 0, 17, 255, 161, 72, 68, 182, 165, 0, 0, 90, 1, 0, 40, 1, 0, 232, 6, 200]
1546497008444;[171, 0, 4, 255, 132, 128, 79]
1546497008606;[171, 0, 17, 255, 161, 72, 68, 182, 166, 0, 0, 87, 1, 0, 40, 1, 0, 234, 6, 199]
1546497008610;[171, 0, 17, 255, 161, 72, 68, 182, 166, 0, 0, 87, 1, 0, 39, 1, 0, 232, 6, 187]
1546497008778;[171, 0, 17, 255, 161, 72, 68, 182, 166, 0, 0, 86, 1, 0, 39, 1, 0, 232, 6, 170]
1546497008782;[171, 0, 17, 255, 161, 72, 68, 182, 166, 0, 0, 87, 1, 0, 39, 1, 0, 235, 6, 214]
1546497008950;[171, 0, 17, 255, 161, 72, 68, 182, 166, 0, 0, 91, 1, 0, 39, 1, 0, 232, 7, 14]
1546497009123;[171, 0, 17, 255, 161, 72, 68, 182, 166, 0, 0, 86, 1, 0, 40, 1, 0, 234, 7, 24]
1546497009127;[171, 0, 17, 255, 161, 72, 68, 182, 166, 0, 0, 91, 1, 0, 40, 1, 0, 234, 7, 31]
1546497009297;[171, 0, 17, 255, 161, 72, 68, 182, 166, 0, 0, 87, 1, 0, 39, 1, 0, 235, 7, 30]
1546497009301;[171, 0, 17, 255, 161, 72, 68, 182, 166, 0, 0, 87, 1, 0, 40, 1, 0, 234, 7, 17]
1546497009816;[171, 0, 17, 255, 161, 72, 68, 182, 166, 0, 0, 86, 1, 0, 40, 1, 0, 232, 6, 252]
1546497009820;[171, 0, 4, 255, 132, 128, 79]
1546497009825;[171, 0, 17, 255, 161, 72, 68, 182, 167, 0, 0, 86, 1, 0, 40, 1, 0, 230, 6, 247]
1546497009829;[171, 0, 17, 255, 161, 72, 68, 182, 167, 0, 0, 91, 1, 0, 38, 1, 0, 233, 7, 61]
1546497009986;[171, 0, 17, 255, 161, 72, 68, 182, 167, 0, 0, 86, 1, 0, 41, 1, 0, 232, 7, 93]
1546497009990;[171, 0, 17, 255, 161, 72, 68, 182, 167, 0, 0, 87, 1, 0, 39, 1, 0, 230, 7, 94]
1546497009994;[171, 0, 17, 255, 161, 72, 68, 182, 167, 0, 0, 87, 1, 0, 40, 1, 0, 234, 7, 99]
1546497010159;[171, 0, 17, 255, 161, 72, 68, 182, 167, 0, 0, 87, 1, 0, 39, 1, 0, 233, 7, 89]
1546497010163;[171, 0, 17, 255, 161, 72, 68, 182, 167, 0, 0, 91, 1, 0, 40, 1, 0, 234, 7, 62]
1546497010334;[171, 0, 17, 255, 161, 72, 68, 182, 167, 0, 0, 91, 1, 0, 40, 1, 0, 234, 7, 33]
1546497010505;[171, 0, 17, 255, 161, 72, 68, 182, 167, 0, 0, 91, 1, 0, 39, 1, 0, 230, 7, 20]
1546497010675;[171, 0, 17, 255, 161, 72, 68, 182, 170, 0, 0, 86, 1, 0, 42, 1, 0, 234, 5, 223]
1546497011022;[171, 0, 17, 255, 161, 72, 68, 182, 170, 0, 0, 85, 1, 0, 40, 1, 0, 234, 5, 189]
1546497011026;[171, 0, 17, 255, 161, 72, 68, 182, 170, 0, 0, 86, 1, 0, 39, 1, 0, 235, 5, 174]
1546497011030;[171, 0, 17, 255, 161, 72, 68, 182, 170, 0, 0, 83, 1, 0, 42, 1, 0, 235, 5, 183]
1546497011193;[171, 0, 17, 255, 161, 72, 68, 182, 170, 0, 0, 85, 1, 0, 41, 1, 0, 232, 5, 152]
1546497011197;[171, 0, 17, 255, 161, 72, 68, 182, 170, 0, 0, 86, 1, 0, 40, 1, 0, 235, 5, 132]
1546497011365;[171, 0, 17, 255, 161, 72, 68, 182, 170, 0, 0, 84, 1, 0, 40, 1, 0, 236, 5, 111]
1546497011369;[171, 0, 17, 255, 161, 72, 68, 182, 170, 0, 0, 86, 1, 0, 40, 1, 0, 234, 5, 78]
1546497011538;[171, 0, 17, 255, 161, 72, 68, 182, 170, 0, 0, 86, 1, 0, 41, 1, 0, 235, 5, 32]
1546497011712;[171, 0, 17, 255, 161, 72, 68, 182, 170, 0, 0, 84, 1, 0, 41, 1, 0, 235, 5, 4]
1546497011716;[171, 0, 4, 255, 132, 128, 79]
1546497011884;[171, 0, 17, 255, 161, 72, 68, 182, 171, 0, 0, 83, 1, 0, 41, 1, 0, 234, 4, 246]
1546497011888;[171, 0, 17, 255, 161, 72, 68, 182, 171, 0, 0, 83, 1, 0, 40, 1, 0, 230, 4, 254]
1546497012231;[171, 0, 17, 255, 161, 72, 68, 182, 171, 0, 0, 85, 1, 0, 39, 1, 0, 234, 4, 239]
1546497012235;[171, 0, 17, 255, 161, 72, 68, 182, 171, 0, 0, 85, 1, 0, 40, 1, 0, 234, 4, 223]
1546497012239;[171, 0, 17, 255, 161, 72, 68, 182, 171, 0, 0, 85, 1, 0, 40, 1, 0, 236, 4, 201]
1546497012402;[171, 0, 17, 255, 161, 72, 68, 182, 171, 0, 0, 81, 1, 0, 39, 1, 0, 234, 4, 164]
1546497012406;[171, 0, 17, 255, 161, 72, 68, 182, 171, 0, 0, 84, 1, 0, 40, 1, 0, 235, 4, 161]
1546497012574;[171, 0, 17, 255, 161, 72, 68, 182, 171, 0, 0, 84, 1, 0, 37, 1, 0, 232, 4, 117]
1546497012578;[171, 0, 17, 255, 161, 72, 68, 182, 171, 0, 0, 87, 1, 0, 37, 1, 0, 237, 4, 123]
1546497012746;[171, 0, 17, 255, 161, 72, 68, 182, 171, 0, 0, 85, 1, 0, 35, 1, 0, 232, 4, 109]
1546497012918;[171, 0, 4, 255, 132, 128, 79]
1546497012922;[171, 0, 17, 255, 161, 72, 68, 182, 172, 0, 0, 85, 1, 0, 35, 1, 0, 229, 4, 117]
1546497013092;[171, 0, 17, 255, 161, 72, 68, 182, 172, 0, 0, 85, 1, 0, 24, 1, 0, 235, 4, 101]
1546497013096;[171, 0, 17, 255, 161, 72, 68, 182, 172, 0, 0, 116, 1, 0, 30, 1, 0, 225, 4, 109]
1546497013264;[171, 0, 17, 255, 161, 72, 68, 182, 172, 0, 0, 124, 1, 0, 15, 1, 0, 227, 4, 118]
1546497013268;[171, 0, 17, 255, 161, 72, 68, 182, 172, 0, 0, 183, 1, 0, 35, 1, 0, 187, 4, 93]
1546497013610;[171, 0, 17, 255, 161, 72, 68, 182, 172, 0, 0, 181, 1, 0, 39, 1, 0, 164, 4, 110]
1546497013614;[171, 0, 17, 255, 161, 72, 68, 182, 172, 0, 0, 209, 1, 0, 44, 1, 0, 141, 4, 138]
1546497013619;[171, 0, 17, 255, 161, 72, 68, 182, 172, 0, 0, 229, 1, 0, 40, 1, 0, 118, 4, 157]
1546497013782;[171, 0, 17, 255, 161, 72, 68, 182, 172, 0, 0, 240, 1, 0, 39, 1, 0, 82, 4, 167]
1546497013786;[171, 0, 17, 255, 161, 72, 68, 182, 172, 0, 0, 240, 1, 0, 35, 1, 0, 68, 4, 144]
1546497013956;[171, 0, 4, 255, 132, 128, 79]
1546497013959;[171, 0, 17, 255, 161, 72, 68, 182, 173, 0, 1, 10, 1, 0, 43, 1, 0, 69, 4, 126]
1546497014126;[171, 0, 17, 255, 161, 72, 68, 182, 173, 0, 0, 211, 1, 0, 44, 1, 0, 121, 4, 48]
1546497014299;[171, 0, 17, 255, 161, 72, 68, 182, 173, 0, 0, 189, 1, 0, 40, 1, 0, 161, 3, 236]
1546497014303;[171, 0, 17, 255, 161, 72, 68, 182, 173, 0, 0, 160, 1, 0, 35, 1, 0, 193, 3, 252]
1546497014474;[171, 0, 17, 255, 161, 72, 68, 182, 173, 0, 0, 178, 1, 0, 40, 1, 0, 176, 4, 44]
1546497014481;[171, 0, 17, 255, 161, 72, 68, 182, 173, 0, 0, 191, 1, 0, 43, 1, 0, 162, 4, 49]
1546497014817;[171, 0, 17, 255, 161, 72, 68, 182, 173, 0, 0, 191, 1, 0, 46, 1, 0, 163, 4, 67]
1546497014821;[171, 0, 17, 255, 161, 72, 68, 182, 173, 0, 0, 187, 1, 0, 39, 1, 0, 164, 4, 67]
1546497014825;[171, 0, 17, 255, 161, 72, 68, 182, 173, 0, 0, 186, 1, 0, 39, 1, 0, 175, 4, 56]
1546497014988;[171, 0, 17, 255, 161, 72, 68, 182, 173, 0, 0, 177, 1, 0, 42, 1, 0, 163, 4, 66]
1546497014992;[171, 0, 4, 255, 132, 128, 79]
1546497015161;[171, 0, 17, 255, 161, 72, 68, 182, 174, 0, 0, 191, 1, 0, 38, 1, 0, 159, 4, 111]
1546497015165;[171, 0, 17, 255, 161, 72, 68, 182, 174, 0, 0, 248, 1, 0, 39, 1, 0, 80, 5, 24]
1546497015333;[171, 0, 17, 255, 161, 72, 68, 182, 174, 0, 0, 246, 1, 0, 42, 1, 0, 49, 5, 55]
1546497015505;[171, 0, 17, 255, 161, 72, 68, 182, 174, 0, 0, 247, 1, 0, 46, 1, 0, 8, 5, 72]
1546497015509;[171, 0, 17, 255, 161, 72, 68, 182, 174, 0, 1, 5, 1, 0, 42, 0, 0, 11, 5, 99]
1546497015679;[171, 0, 17, 255, 161, 72, 68, 182, 174, 0, 0, 247, 1, 0, 44, 0, 0, 17, 5, 113]
1546497015682;[171, 0, 17, 255, 161, 72, 68, 182, 174, 0, 0, 253, 1, 0, 41, 0, 0, 20, 5, 137]
1546497015850;[171, 0, 17, 255, 161, 72, 68, 182, 174, 0, 0, 247, 1, 0, 40, 0, 0, 17, 5, 160]
1546497015855;[171, 0, 17, 255, 161, 72, 68, 182, 174, 0, 1, 2, 1, 0, 38, 0, 0, 17, 6, 20]
1546497016197;[171, 0, 17, 255, 161, 72, 68, 182, 174, 0, 0, 246, 1, 0, 43, 0, 0, 21, 6, 100]
1546497016201;[171, 0, 4, 255, 132, 128, 78]
1546497016205;[171, 0, 17, 255, 161, 72, 68, 182, 175, 0, 0, 247, 1, 0, 46, 0, 0, 24, 6, 162]
1546497016368;[171, 0, 17, 255, 161, 72, 68, 182, 175, 0, 0, 247, 1, 0, 41, 0, 0, 18, 6, 224]
1546497016372;[171, 0, 17, 255, 161, 72, 68, 182, 175, 0, 0, 251, 1, 0, 46, 0, 0, 22, 7, 20]
1546497016540;[171, 0, 17, 255, 161, 72, 68, 182, 175, 0, 0, 251, 1, 0, 40, 0, 0, 19, 7, 61]
1546497016716;[171, 0, 17, 255, 161, 72, 68, 182, 175, 0, 0, 253, 1, 0, 46, 0, 0, 23, 7, 100]
1546497016720;[171, 0, 17, 255, 161, 72, 68, 182, 175, 0, 0, 247, 1, 0, 40, 0, 0, 23, 7, 186]
1546497016886;[171, 0, 17, 255, 161, 72, 68, 182, 175, 0, 0, 251, 1, 0, 41, 0, 0, 22, 8, 34]
1546497016890;[171, 0, 17, 255, 161, 72, 68, 182, 175, 0, 0, 246, 1, 0, 40, 0, 0, 23, 8, 88]
1546497017060;[171, 0, 17, 255, 161, 72, 68, 182, 175, 0, 0, 253, 1, 0, 42, 0, 0, 23, 8, 141]
1546497017063;[171, 0, 17, 255, 161, 72, 68, 182, 175, 0, 0, 251, 1, 0, 39, 0, 0, 22, 8, 184]
1546497017404;[171, 0, 4, 255, 132, 128, 79]
1546497017408;[171, 0, 17, 255, 161, 72, 68, 182, 176, 0, 0, 245, 1, 0, 41, 0, 0, 28, 8, 235]
1546497017412;[171, 0, 17, 255, 161, 72, 68, 182, 176, 0, 0, 249, 1, 0, 42, 0, 0, 31, 9, 8]
1546497017577;[171, 0, 17, 255, 161, 72, 68, 182, 176, 0, 1, 2, 1, 0, 40, 0, 0, 27, 9, 92]
1546497017581;[171, 0, 17, 255, 161, 72, 68, 182, 176, 0, 0, 251, 1, 0, 40, 0, 0, 36, 9, 190]
1546497017748;[171, 0, 17, 255, 161, 72, 68, 182, 176, 0, 0, 247, 1, 0, 41, 0, 0, 35, 9, 243]
1546497017922;[171, 0, 17, 255, 161, 72, 68, 182, 176, 0, 0, 247, 1, 0, 40, 0, 0, 36, 10, 44]
1546497017926;[171, 0, 17, 255, 161, 72, 68, 182, 176, 0, 0, 251, 1, 0, 41, 0, 0, 41, 10, 82]
1546497018094;[171, 0, 17, 255, 161, 72, 68, 182, 176, 0, 0, 246, 1, 0, 40, 0, 0, 37, 10, 98]
1546497018098;[171, 0, 17, 255, 161, 72, 68, 182, 176, 0, 0, 246, 1, 0, 40, 0, 0, 37, 10, 94]
1546497018267;[171, 0, 17, 255, 161, 72, 68, 182, 176, 0, 0, 246, 1, 0, 40, 0, 0, 41, 10, 109]
1546497018270;[171, 0, 4, 255, 132, 128, 79]
1546497018784;[171, 0, 17, 255, 161, 72, 68, 182, 177, 0, 0, 251, 1, 0, 43, 0, 0, 41, 10, 107]
1546497018789;[171, 0, 17, 255, 161, 72, 68, 182, 177, 0, 0, 246, 1, 0, 40, 0, 0, 50, 10, 100]
1546497018793;[171, 0, 17, 255, 161, 72, 68, 182, 177, 0, 0, 252, 1, 0, 35, 0, 0, 52, 10, 63]
1546497018799;[171, 0, 17, 255, 161, 72, 68, 182, 177, 0, 0, 246, 1, 0, 39, 0, 0, 68, 10, 12]
1546497018955;[171, 0, 17, 255, 161, 72, 68, 182, 177, 0, 0, 244, 1, 0, 38, 0, 0, 77, 9, 178]
1546497018959;[171, 0, 17, 255, 161, 72, 68, 182, 177, 0, 0, 243, 1, 0, 35, 0, 0, 78, 9, 103]
1546497018962;[171, 0, 17, 255, 161, 72, 68, 182, 177, 0, 0, 251, 1, 0, 42, 0, 0, 79, 9, 66]
1546497019128;[171, 0, 17, 255, 161, 72, 68, 182, 177, 0, 0, 237, 1, 0, 38, 0, 0, 67, 9, 127]
1546497019302;[171, 0, 17, 255, 161, 72, 68, 182, 177, 0, 0, 237, 1, 0, 40, 0, 0, 58, 9, 185]
1546497019306;[171, 0, 17, 255, 161, 72, 68, 182, 177, 0, 0, 242, 1, 0, 41, 0, 0, 62, 9, 173]
1546497019473;[171, 0, 4, 255, 132, 128, 79]
1546497019478;[171, 0, 17, 255, 161, 72, 68, 182, 178, 0, 0, 246, 1, 0, 39, 0, 0, 78, 9, 99]
1546497019646;[171, 0, 17, 255, 161, 72, 68, 182, 178, 0, 0, 243, 1, 0, 39, 0, 0, 90, 8, 236]
1546497019994;[171, 0, 17, 255, 161, 72, 68, 182, 178, 0, 0, 243, 1, 0, 35, 0, 0, 93, 8, 107]
1546497019999;[171, 0, 17, 255, 161, 72, 68, 182, 178, 0, 0, 244, 1, 0, 38, 0, 0, 95, 8, 36]
1546497020002;[171, 0, 17, 255, 161, 72, 68, 182, 178, 0, 0, 241, 1, 0, 40, 0, 0, 89, 8, 3]
1546497020006;[171, 0, 17, 255, 161, 72, 68, 182, 178, 0, 0, 238, 1, 0, 42, 0, 0, 93, 7, 252]
1546497020164;[171, 0, 17, 255, 161, 72, 68, 182, 178, 0, 0, 237, 1, 0, 46, 0, 0, 89, 8, 79]
1546497020168;[171, 0, 17, 255, 161, 72, 68, 182, 178, 0, 0, 234, 1, 0, 44, 0, 0, 80, 8, 122]
1546497020335;[171, 0, 17, 255, 161, 72, 68, 182, 178, 0, 0, 239, 1, 0, 37, 0, 0, 69, 8, 127]
1546497020507;[171, 0, 17, 255, 161, 72, 68, 182, 178, 0, 0, 242, 1, 0, 40, 0, 0, 89, 8, 93]
1546497020511;[171, 0, 4, 255, 132, 128, 79]
1546497020682;[171, 0, 17, 255, 161, 72, 68, 182, 179, 0, 0, 246, 1, 0, 39, 0, 0, 78, 8, 47]
1546497020686;[171, 0, 17, 255, 161, 72, 68, 182, 179, 0, 0, 240, 1, 0, 40, 0, 0, 78, 7, 249]
1546497020854;[171, 0, 17, 255, 161, 72, 68, 182, 179, 0, 0, 243, 1, 0, 40, 0, 0, 80, 7, 237]
1546497020858;[171, 0, 17, 255, 161, 72, 68, 182, 179, 0, 0, 246, 1, 0, 40, 0, 0, 78, 8, 3]
1546497021200;[171, 0, 17, 255, 161, 72, 68, 182, 179, 0, 0, 243, 1, 0, 44, 0, 0, 79, 8, 26]
1546497021204;[171, 0, 17, 255, 161, 72, 68, 182, 179, 0, 0, 237, 1, 0, 47, 0, 0, 80, 8, 25]
1546497021208;[171, 0, 17, 255, 161, 72, 68, 182, 179, 0, 0, 240, 1, 0, 44, 0, 0, 78, 8, 56]
1546497021371;[171, 0, 17, 255, 161, 72, 68, 182, 179, 0, 0, 253, 1, 0, 37, 0, 0, 68, 8, 100]
1546497021375;[171, 0, 17, 255, 161, 72, 68, 182, 179, 0, 0, 241, 1, 0, 40, 0, 0, 74, 8, 143]
1546497021542;[171, 0, 17, 255, 161, 72, 68, 182, 179, 0, 0, 237, 1, 0, 47, 0, 0, 73, 8, 174]
1546497021716;[171, 0, 4, 255, 132, 128, 79]
1546497021720;[171, 0, 17, 255, 161, 72, 68, 182, 180, 0, 0, 247, 1, 0, 40, 0, 0, 63, 8, 153]
1546497021888;[171, 0, 17, 255, 161, 72, 68, 182, 180, 0, 0, 240, 1, 0, 43, 0, 0, 68, 8, 145]
1546497021892;[171, 0, 17, 255, 161, 72, 68, 182, 180, 0, 0, 244, 1, 0, 43, 0, 0, 70, 8, 155]
1546497022061;[171, 0, 17, 255, 161, 72, 68, 182, 180, 0, 0, 246, 1, 0, 38, 0, 0, 58, 8, 119]
1546497022065;[171, 0, 17, 255, 161, 72, 68, 182, 180, 0, 0, 241, 1, 0, 39, 0, 0, 65, 8, 173]
1546497022233;[171, 0, 17, 255, 161, 72, 68, 182, 180, 0, 0, 242, 1, 0, 38, 0, 0, 53, 8, 148]
1546497022580;[171, 0, 17, 255, 161, 72, 68, 182, 180, 0, 0, 243, 1, 0, 39, 0, 0, 67, 8, 119]
1546497022584;[171, 0, 17, 255, 161, 72, 68, 182, 180, 0, 0, 246, 1, 0, 37, 0, 0, 64, 8, 89]
1546497022588;[171, 0, 17, 255, 161, 72, 68, 182, 180, 0, 0, 247, 1, 0, 37, 0, 0, 69, 7, 254]
1546497022593;[171, 0, 17, 255, 161, 72, 68, 182, 180, 0, 0, 246, 1, 0, 39, 0, 0, 67, 7, 234]
1546497022751;[171, 0, 4, 255, 132, 128, 79]
1546497022755;[171, 0, 17, 255, 161, 72, 68, 182, 181, 0, 0, 246, 1, 0, 35, 0, 0, 58, 8, 19]
1546497022922;[171, 0, 17, 255, 161, 72, 68, 182, 181, 0, 0, 243, 1, 0, 40, 0, 0, 52, 8, 38]
1546497023095;[171, 0, 17, 255, 161, 72, 68, 182, 181, 0, 0, 246, 1, 0, 43, 0, 0, 46, 8, 60]
1546497023099;[171, 0, 17, 255, 161, 72, 68, 182, 181, 0, 0, 247, 1, 0, 40, 0, 0, 45, 8, 21]
1546497023269;[171, 0, 17, 255, 161, 72, 68, 182, 181, 0, 0, 247, 1, 0, 40, 0, 0, 41, 7, 221]
1546497023273;[171, 0, 17, 255, 161, 72, 68, 182, 181, 0, 1, 0, 1, 0, 42, 0, 0, 37, 7, 168]
1546497023441;[171, 0, 17, 255, 161, 72, 68, 182, 181, 0, 0, 253, 1, 0, 46, 0, 0, 41, 7, 127]
1546497023788;[171, 0, 17, 255, 161, 72, 68, 182, 181, 0, 1, 1, 1, 0, 42, 0, 0, 37, 7, 136]
1546497023791;[171, 0, 17, 255, 161, 72, 68, 182, 181, 0, 0, 253, 1, 0, 40, 0, 0, 35, 7, 135]
1546497023796;[171, 0, 17, 255, 161, 72, 68, 182, 181, 0, 1, 5, 1, 0, 43, 0, 0, 28, 7, 49]
1546497023800;[171, 0, 4, 255, 132, 128, 80]
1546497023959;[171, 0, 17, 255, 161, 72, 68, 182, 182, 0, 1, 45, 1, 0, 42, 0, 0, 4, 6, 166]
1546497023962;[171, 0, 17, 255, 161, 72, 68, 182, 182, 0, 1, 35, 1, 0, 126, 0, 0, 1, 6, 46]
1546497024132;[171, 0, 17, 255, 161, 72, 68, 182, 182, 0, 0, 233, 1, 0, 184, 1, 0, 46, 5, 120]
1546497024304;[171, 0, 17, 255, 161, 72, 68, 182, 182, 0, 0, 159, 1, 0, 171, 1, 0, 65, 4, 243]
1546497024308;[171, 0, 17, 255, 161, 72, 68, 182, 182, 0, 0, 114, 1, 0, 151, 1, 0, 69, 4, 99]
1546497024477;[171, 0, 17, 255, 161, 72, 68, 182, 182, 0, 0, 136, 1, 0, 109, 1, 0, 97, 3, 142]
1546497024481;[171, 0, 17, 255, 161, 72, 68, 182, 182, 0, 0, 164, 1, 0, 125, 1, 0, 101, 2, 167]
1546497024648;[171, 0, 17, 255, 161, 72, 68, 182, 182, 0, 0, 141, 1, 0, 131, 1, 0, 118, 1, 234]
1546497025168;[171, 0, 17, 255, 161, 72, 68, 182, 182, 0, 0, 163, 1, 0, 141, 1, 0, 106, 1, 63]
1546497025176;[171, 0, 17, 255, 161, 72, 68, 182, 182, 0, 0, 164, 1, 0, 133, 1, 0, 126, 16, 169]
1546497025178;[171, 0, 4, 255, 132, 128, 80]
1546497025180;[171, 0, 17, 255, 161, 72, 68, 182, 183, 0, 0, 185, 1, 0, 111, 1, 0, 140, 7, 91]
1546497025339;[171, 0, 17, 255, 161, 72, 68, 182, 183, 0, 0, 185, 1, 0, 123, 1, 0, 127, 7, 3]
1546497025344;[171, 0, 17, 255, 161, 72, 68, 182, 183, 0, 0, 167, 1, 0, 141, 1, 0, 133, 7, 3]
1546497025347;[171, 0, 17, 255, 161, 72, 68, 182, 183, 0, 0, 166, 1, 0, 136, 1, 0, 137, 6, 148]
1546497025510;[171, 0, 17, 255, 161, 72, 68, 182, 183, 0, 0, 154, 1, 0, 115, 1, 0, 136, 6, 67]
1546497025515;[171, 0, 17, 255, 161, 72, 68, 182, 183, 0, 0, 178, 1, 0, 76, 1, 0, 156, 6, 26]
1546497025684;[171, 0, 17, 255, 161, 72, 68, 182, 183, 0, 0, 129, 1, 0, 62, 1, 0, 181, 5, 254]
1546497025687;[171, 0, 17, 255, 161, 72, 68, 182, 183, 0, 0, 141, 1, 0, 75, 1, 0, 180, 5, 231]
1546497025855;[171, 0, 17, 255, 161, 72, 68, 182, 183, 0, 0, 128, 1, 0, 78, 1, 0, 140, 5, 244]
1546497025859;[171, 0, 17, 255, 161, 72, 68, 182, 183, 0, 0, 152, 1, 0, 53, 1, 0, 135, 6, 14]
1546497026028;[171, 0, 4, 255, 132, 128, 80]
1546497026376;[171, 0, 17, 255, 161, 72, 68, 182, 184, 0, 0, 192, 1, 0, 49, 1, 0, 100, 5, 218]
1546497026380;[171, 0, 17, 255, 161, 72, 68, 182, 184, 0, 1, 5, 1, 0, 39, 1, 0, 95, 5, 122]
1546497026384;[171, 0, 17, 255, 161, 72, 68, 182, 184, 0, 1, 27, 1, 0, 19, 1, 0, 95, 5, 45]
1546497026388;[171, 0, 17, 255, 161, 72, 68, 182, 184, 0, 1, 20, 1, 0, 16, 1, 0, 96, 4, 250]
1546497026545;[171, 0, 17, 255, 161, 72, 68, 182, 184, 0, 1, 16, 1, 0, 3, 1, 0, 92, 4, 195]
1546497026719;[171, 0, 17, 255, 161, 72, 68, 182, 184, 0, 0, 253, 0, 0, 12, 1, 0, 92, 4, 136]
1546497026723;[171, 0, 17, 255, 161, 72, 68, 182, 184, 0, 0, 232, 0, 0, 21, 1, 0, 115, 4, 105]
1546497026890;[171, 0, 17, 255, 161, 72, 68, 182, 184, 0, 0, 198, 0, 0, 14, 1, 0, 129, 4, 74]
1546497026894;[171, 0, 17, 255, 161, 72, 68, 182, 184, 0, 0, 237, 0, 0, 3, 1, 0, 155, 4, 37]
1546497027063;[171, 0, 17, 255, 161, 72, 68, 182, 184, 0, 0, 211, 0, 0, 0, 1, 0, 162, 4, 20]
1546497027067;[171, 0, 4, 255, 132, 128, 81]
1546497027237;[171, 0, 17, 255, 161, 72, 68, 182, 185, 0, 0, 187, 0, 0, 4, 1, 0, 167, 3, 127]
1546497027585;[171, 0, 17, 255, 161, 72, 68, 182, 185, 0, 0, 203, 0, 0, 1, 1, 0, 175, 2, 224]
1546497027589;[171, 0, 17, 255, 161, 72, 68, 182, 185, 0, 0, 165, 0, 0, 6, 1, 0, 184, 2, 184]
1546497027593;[171, 0, 17, 255, 161, 72, 68, 182, 185, 0, 0, 141, 0, 0, 1, 1, 0, 211, 2, 128]
1546497027597;[171, 0, 17, 255, 161, 72, 68, 182, 185, 0, 0, 144, 1, 0, 15, 1, 0, 233, 2, 146]
1546497027754;[171, 0, 17, 255, 161, 72, 68, 182, 185, 0, 0, 103, 1, 0, 35, 1, 0, 228, 2, 175]
1546497027758;[171, 0, 17, 255, 161, 72, 68, 182, 185, 0, 0, 101, 1, 0, 33, 1, 0, 233, 2, 205]
1546497027926;[171, 0, 17, 255, 161, 72, 68, 182, 185, 0, 0, 91, 1, 0, 35, 1, 0, 234, 2, 224]
1546497028098;[171, 0, 17, 255, 161, 72, 68, 182, 185, 0, 0, 103, 1, 0, 37, 1, 0, 228, 2, 215]
1546497028102;[171, 0, 17, 255, 161, 72, 68, 182, 185, 0, 0, 101, 1, 0, 35, 1, 0, 230, 2, 182]
1546497028270;[171, 0, 4, 255, 132, 128, 82]
1546497028274;[171, 0, 17, 255, 161, 72, 68, 182, 186, 0, 0, 125, 1, 0, 34, 1, 0, 234, 2, 144]
1546497028443;[171, 0, 17, 255, 161, 72, 68, 182, 186, 0, 0, 157, 1, 0, 33, 1, 0, 207, 2, 82]
1546497028617;[171, 0, 17, 255, 161, 72, 68, 182, 186, 0, 0, 136, 1, 0, 33, 1, 0, 219, 2, 64]
1546497028620;[171, 0, 17, 255, 161, 72, 68, 182, 186, 0, 0, 138, 1, 0, 31, 1, 0, 213, 2, 39]
1546497028963;[171, 0, 17, 255, 161, 72, 68, 182, 186, 0, 0, 136, 1, 0, 34, 1, 0, 214, 2, 17]
1546497028967;[171, 0, 17, 255, 161, 72, 68, 182, 186, 0, 0, 137, 1, 0, 35, 1, 0, 216, 1, 241]
1546497028971;[171, 0, 17, 255, 161, 72, 68, 182, 186, 0, 0, 132, 1, 0, 39, 1, 0, 214, 1, 214]
1546497028975;[171, 0, 17, 255, 161, 72, 68, 182, 186, 0, 0, 132, 1, 0, 35, 1, 0, 219, 1, 189]
1546497029133;[171, 0, 17, 255, 161, 72, 68, 182, 186, 0, 0, 129, 1, 0, 37, 1, 0, 216, 1, 151]
1546497029306;[171, 0, 17, 255, 161, 72, 68, 182, 186, 0, 0, 131, 1, 0, 39, 1, 0, 219, 1, 144]
1546497029310;[171, 0, 4, 255, 132, 128, 82]
1546497029481;[171, 0, 17, 255, 161, 72, 68, 182, 187, 0, 0, 129, 1, 0, 39, 1, 0, 219, 1, 146]
1546497029483;[171, 0, 17, 255, 161, 72, 68, 182, 187, 0, 0, 131, 1, 0, 37, 1, 0, 218, 1, 131]
1546497029651;[171, 0, 17, 255, 161, 72, 68, 182, 187, 0, 0, 128, 1, 0, 37, 1, 0, 220, 1, 121]
1546497029655;[171, 0, 17, 255, 161, 72, 68, 182, 187, 0, 0, 129, 1, 0, 37, 1, 0, 217, 1, 106]
1546497029824;[171, 0, 17, 255, 161, 72, 68, 182, 187, 0, 0, 124, 1, 0, 35, 1, 0, 219, 1, 94]
1546497030171;[171, 0, 17, 255, 161, 72, 68, 182, 187, 0, 0, 130, 1, 0, 37, 1, 0, 218, 1, 73]
1546497030175;[171, 0, 17, 255, 161, 72, 68, 182, 187, 0, 0, 128, 1, 0, 37, 1, 0, 219, 1, 60]
1546497030179;[171, 0, 17, 255, 161, 72, 68, 182, 187, 0, 0, 129, 1, 0, 35, 1, 0, 220, 1, 78]
1546497030184;[171, 0, 17, 255, 161, 72, 68, 182, 187, 0, 0, 131, 1, 0, 37, 1, 0, 219, 1, 101]
1546497030340;[171, 0, 17, 255, 161, 72, 68, 182, 187, 0, 0, 131, 1, 0, 38, 1, 0, 216, 1, 100]
1546497030512;[171, 0, 4, 255, 132, 128, 82]
1546497030516;[171, 0, 17, 255, 161, 72, 68, 182, 192, 0, 0, 128, 1, 0, 39, 1, 0, 219, 1, 108]
1546497030686;[171, 0, 17, 255, 161, 72, 68, 182, 192, 0, 0, 128, 1, 0, 35, 1, 0, 219, 1, 100]
1546497030690;[171, 0, 17, 255, 161, 72, 68, 182, 192, 0, 0, 121, 1, 0, 40, 1, 0, 218, 1, 90]
1546497030858;[171, 0, 17, 255, 161, 72, 68, 182, 192, 0, 0, 129, 1, 0, 37, 1, 0, 220, 1, 77]
1546497030862;[171, 0, 17, 255, 161, 72, 68, 182, 192, 0, 0, 123, 1, 0, 40, 1, 0, 219, 1, 88]
1546497031031;[171, 0, 17, 255, 161, 72, 68, 182, 192, 0, 0, 128, 1, 0, 39, 1, 0, 220, 1, 126]
1546497031203;[171, 0, 17, 255, 161, 72, 68, 182, 192, 0, 0, 129, 1, 0, 42, 1, 0, 220, 1, 139]
1546497031206;[171, 0, 17, 255, 161, 72, 68, 182, 192, 0, 0, 123, 1, 0, 39, 1, 0, 219, 1, 144]
1546497031549;[171, 0, 17, 255, 161, 72, 68, 182, 192, 0, 0, 123, 1, 0, 47, 1, 0, 219, 1, 144]
1546497031553;[171, 0, 17, 255, 161, 72, 68, 182, 192, 0, 0, 123, 1, 0, 42, 1, 0, 224, 1, 150]
1546497031557;[171, 0, 4, 255, 132, 128, 82]
1546497031720;[171, 0, 17, 255, 161, 72, 68, 182, 193, 0, 0, 121, 1, 0, 41, 1, 0, 220, 1, 132]
1546497031724;[171, 0, 17, 255, 161, 72, 68, 182, 193, 0, 0, 117, 1, 0, 40, 1, 0, 220, 1, 135]
1546497031893;[171, 0, 17, 255, 161, 72, 68, 182, 193, 0, 0, 116, 1, 0, 43, 1, 0, 220, 1, 166]
1546497031896;[171, 0, 17, 255, 161, 72, 68, 182, 193, 0, 0, 116, 1, 0, 44, 1, 0, 223, 1, 205]
1546497032066;[171, 0, 17, 255, 161, 72, 68, 182, 193, 0, 0, 117, 1, 0, 40, 1, 0, 219, 1, 213]
1546497032070;[171, 0, 17, 255, 161, 72, 68, 182, 193, 0, 0, 121, 1, 0, 40, 1, 0, 220, 1, 229]
1546497032238;[171, 0, 17, 255, 161, 72, 68, 182, 193, 0, 0, 117, 1, 0, 44, 1, 0, 220, 1, 229]
1546497032412;[171, 0, 17, 255, 161, 72, 68, 182, 193, 0, 0, 117, 1, 0, 40, 1, 0, 220, 1, 232]
1546497032416;[171, 0, 17, 255, 161, 72, 68, 182, 193, 0, 0, 117, 1, 0, 47, 1, 0, 220, 1, 233]
1546497032756;[171, 0, 17, 255, 161, 72, 68, 182, 196, 0, 0, 118, 1, 0, 43, 1, 0, 220, 4, 50]
1546497032760;[171, 0, 17, 255, 161, 72, 68, 182, 196, 0, 0, 114, 1, 0, 39, 1, 0, 220, 4, 90]
1546497032928;[171, 0, 17, 255, 161, 72, 68, 182, 196, 0, 0, 117, 1, 0, 46, 1, 0, 220, 4, 106]
1546497033101;[171, 0, 17, 255, 161, 72, 68, 182, 196, 0, 0, 116, 1, 0, 40, 1, 0, 220, 4, 138]
1546497033105;[171, 0, 17, 255, 161, 72, 68, 182, 196, 0, 0, 117, 1, 0, 43, 1, 0, 220, 4, 133]
1546497033273;[171, 0, 17, 255, 161, 72, 68, 182, 196, 0, 0, 116, 1, 0, 40, 1, 0, 222, 4, 136]
1546497033277;[171, 0, 17, 255, 161, 72, 68, 182, 196, 0, 0, 116, 1, 0, 44, 1, 0, 220, 4, 135]
1546497033444;[171, 0, 17, 255, 161, 72, 68, 182, 196, 0, 0, 117, 1, 0, 44, 1, 0, 219, 4, 193]
1546497033618;[171, 0, 17, 255, 161, 72, 68, 182, 196, 0, 0, 119, 1, 0, 40, 1, 0, 224, 4, 214]
1546497033622;[171, 0, 17, 255, 161, 72, 68, 182, 196, 0, 0, 116, 1, 0, 44, 1, 0, 220, 4, 225]
1546497034137;[171, 0, 4, 255, 132, 128, 81]
1546497034141;[171, 0, 17, 255, 161, 72, 68, 182, 197, 0, 0, 116, 1, 0, 43, 1, 0, 225, 4, 228]
1546497034145;[171, 0, 17, 255, 161, 72, 68, 182, 197, 0, 0, 117, 1, 0, 41, 1, 0, 220, 4, 224]
1546497034150;[171, 0, 17, 255, 161, 72, 68, 182, 197, 0, 0, 117, 1, 0, 44, 1, 0, 220, 4, 210]
1546497034310;[171, 0, 17, 255, 161, 72, 68, 182, 197, 0, 0, 116, 1, 0, 47, 1, 0, 220, 4, 195]
1546497034314;[171, 0, 17, 255, 161, 72, 68, 182, 197, 0, 0, 120, 1, 0, 46, 1, 0, 220, 4, 245]
1546497034318;[171, 0, 17, 255, 161, 72, 68, 182, 197, 0, 0, 116, 1, 0, 41, 1, 0, 220, 5, 27]
1546497034481;[171, 0, 17, 255, 161, 72, 68, 182, 197, 0, 0, 117, 1, 0, 43, 1, 0, 220, 5, 39]
1546497034486;[171, 0, 17, 255, 161, 72, 68, 182, 197, 0, 0, 116, 1, 0, 40, 1, 0, 220, 5, 44]
1546497034653;[171, 0, 17, 255, 161, 72, 68, 182, 197, 0, 0, 121, 1, 0, 43, 1, 0, 220, 5, 34]
1546497034657;[171, 0, 17, 255, 161, 72, 68, 182, 197, 0, 0, 116, 1, 0, 43, 1, 0, 220, 5, 19]
1546497034824;[171, 0, 4, 255, 132, 128, 81]
1546497034999;[171, 0, 17, 255, 161, 72, 68, 182, 198, 0, 0, 117, 1, 0, 40, 1, 0, 224, 5, 5]
1546497035003;[171, 0, 17, 255, 161, 72, 68, 182, 198, 0, 0, 116, 1, 0, 41, 1, 0, 222, 5, 13]
1546497035344;[171, 0, 17, 255, 161, 72, 68, 182, 198, 0, 0, 117, 1, 0, 41, 1, 0, 220, 5, 54]
1546497035348;[171, 0, 17, 255, 161, 72, 68, 182, 198, 0, 0, 120, 1, 0, 43, 1, 0, 220, 5, 63]
1546497035352;[171, 0, 17, 255, 161, 72, 68, 182, 198, 0, 0, 120, 1, 0, 43, 1, 0, 220, 5, 61]
1546497035516;[171, 0, 17, 255, 161, 72, 68, 182, 198, 0, 0, 121, 1, 0, 30, 1, 0, 224, 5, 51]
1546497035520;[171, 0, 17, 255, 161, 72, 68, 182, 198, 0, 0, 249, 0, 0, 23, 1, 0, 235, 5, 25]
1546497035689;[171, 0, 17, 255, 161, 72, 68, 182, 198, 0, 0, 121, 1, 0, 24, 1, 0, 228, 5, 30]
1546497035693;[171, 0, 17, 255, 161, 72, 68, 182, 198, 0, 0, 47, 1, 0, 125, 1, 0, 228, 4, 233]
1546497035861;[171, 0, 17, 255, 161, 72, 68, 182, 198, 0, 0, 82, 1, 0, 92, 1, 0, 216, 4, 191]
1546497035865;[171, 0, 4, 255, 132, 128, 82]
1546497036033;[171, 0, 17, 255, 161, 72, 68, 182, 199, 0, 0, 80, 1, 0, 31, 1, 0, 174, 4, 83]
1546497036207;[171, 0, 17, 255, 161, 72, 68, 182, 199, 0, 0, 72, 1, 0, 17, 1, 0, 223, 3, 160]
1546497036211;[171, 0, 17, 255, 161, 72, 68, 182, 199, 0, 0, 101, 0, 0, 11, 1, 1, 40, 3, 89]
1546497036552;[171, 0, 17, 255, 161, 72, 68, 182, 199, 0, 0, 159, 1, 0, 12, 1, 0, 204, 3, 133]
1546497036556;[171, 0, 17, 255, 161, 72, 68, 182, 199, 0, 0, 160, 1, 0, 43, 1, 0, 217, 3, 165]
1546497036560;[171, 0, 17, 255, 161, 72, 68, 182, 199, 0, 0, 162, 1, 0, 47, 1, 0, 199, 3, 186]
1546497036564;[171, 0, 17, 255, 161, 72, 68, 182, 199, 0, 0, 162, 1, 0, 69, 1, 0, 195, 3, 212]
1546497036724;[171, 0, 17, 255, 161, 72, 68, 182, 199, 0, 0, 141, 1, 0, 93, 1, 0, 194, 4, 10]
1546497036897;[171, 0, 17, 255, 161, 72, 68, 182, 199, 0, 0, 138, 1, 0, 95, 1, 0, 195, 4, 36]
1546497036901;[171, 0, 17, 255, 161, 72, 68, 182, 199, 0, 0, 147, 1, 0, 95, 1, 0, 181, 4, 50]
1546497037069;[171, 0, 4, 255, 132, 128, 82]
1546497037073;[171, 0, 17, 255, 161, 72, 68, 182, 200, 0, 0, 139, 1, 0, 117, 1, 0, 183, 4, 83]
1546497037241;[171, 0, 17, 255, 161, 72, 68, 182, 200, 0, 0, 139, 1, 0, 119, 1, 0, 176, 4, 90]
1546497037413;[171, 0, 17, 255, 161, 72, 68, 182, 200, 0, 0, 151, 1, 0, 123, 1, 0, 169, 4, 63]
1546497037417;[171, 0, 17, 255, 161, 72, 68, 182, 200, 0, 0, 155, 1, 0, 112, 1, 0, 172, 3, 243]
1546497037585;[171, 0, 17, 255, 161, 72, 68, 182, 200, 0, 0, 151, 1, 0, 112, 1, 0, 168, 3, 165]
1546497037589;[171, 0, 17, 255, 161, 72, 68, 182, 200, 0, 0, 146, 1, 0, 111, 1, 0, 167, 3, 108]
1546497037931;[171, 0, 17, 255, 161, 72, 68, 182, 200, 0, 0, 152, 1, 0, 117, 1, 0, 178, 3, 96]
1546497037935;[171, 0, 17, 255, 161, 72, 68, 182, 200, 0, 0, 149, 1, 0, 93, 1, 0, 161, 3, 118]
1546497037940;[171, 0, 17, 255, 161, 72, 68, 182, 200, 0, 0, 178, 1, 0, 122, 1, 0, 146, 2, 233]
1546497038104;[171, 0, 17, 255, 161, 72, 68, 182, 200, 0, 0, 188, 1, 0, 87, 1, 0, 131, 16, 116]
1546497038108;[171, 0, 4, 255, 132, 128, 82]
1546497038276;[171, 0, 17, 255, 161, 72, 68, 182, 201, 0, 0, 193, 1, 0, 79, 1, 0, 125, 6, 60]
1546497038280;[171, 0, 17, 255, 161, 72, 68, 182, 201, 0, 0, 203, 1, 0, 81, 1, 0, 130, 5, 133]
1546497038448;[171, 0, 17, 255, 161, 72, 68, 182, 201, 0, 0, 227, 1, 0, 35, 1, 0, 114, 5, 20]
1546497038621;[171, 0, 17, 255, 161, 72, 68, 182, 201, 0, 0, 191, 1, 0, 97, 1, 0, 126, 4, 233]
1546497038625;[171, 0, 17, 255, 161, 72, 68, 182, 201, 0, 0, 192, 1, 0, 96, 1, 0, 141, 4, 163]
1546497038793;[171, 0, 17, 255, 161, 72, 68, 182, 201, 0, 0, 173, 1, 0, 96, 1, 0, 144, 4, 138]
1546497038797;[171, 0, 17, 255, 161, 72, 68, 182, 201, 0, 0, 183, 1, 0, 112, 1, 0, 138, 4, 93]
1546497039140;[171, 0, 17, 255, 161, 72, 68, 182, 201, 0, 0, 183, 1, 0, 116, 1, 0, 140, 4, 33]
1546497039144;[171, 0, 17, 255, 161, 72, 68, 182, 201, 0, 0, 184, 1, 0, 112, 1, 0, 131, 3, 233]
1546497039148;[171, 0, 17, 255, 161, 72, 68, 182, 201, 0, 0, 181, 1, 0, 120, 1, 0, 131, 3, 180]
1546497039312;[171, 0, 4, 255, 132, 128, 82]
1546497039317;[171, 0, 17, 255, 161, 72, 68, 182, 202, 0, 0, 167, 1, 0, 116, 1, 0, 136, 3, 120]
1546497039480;[171, 0, 17, 255, 161, 72, 68, 182, 202, 0, 0, 178, 1, 0, 112, 1, 0, 148, 3, 49]
1546497039482;[171, 0, 17, 255, 161, 72, 68, 182, 202, 0, 0, 177, 1, 0, 115, 1, 0, 148, 3, 49]
1546497039657;[171, 0, 17, 255, 161, 72, 68, 182, 202, 0, 0, 181, 1, 0, 112, 1, 0, 145, 3, 17]
1546497039661;[171, 0, 17, 255, 161, 72, 68, 182, 202, 0, 0, 176, 1, 0, 113, 1, 0, 146, 3, 3]
1546497039828;[171, 0, 17, 255, 161, 72, 68, 182, 202, 0, 0, 178, 1, 0, 111, 1, 0, 145, 2, 244]
1546497040001;[171, 0, 17, 255, 161, 72, 68, 182, 202, 0, 0, 104, 1, 0, 22, 1, 1, 198, 2, 135]
1546497040005;[171, 0, 17, 255, 161, 72, 68, 182, 202, 1, 2, 244, 1, 0, 211, 1, 2, 40, 1, 157]
1546497040519;[171, 0, 17, 255, 161, 72, 68, 182, 202, 0, 0, 88, 0, 0, 83, 0, 2, 177, 16, 0]
1546497040523;[171, 0, 17, 255, 161, 72, 68, 182, 202, 0, 1, 192, 0, 0, 149, 0, 0, 75, 8, 119]
1546497040527;[171, 0, 4, 255, 132, 128, 82]
1546497040531;[171, 0, 17, 255, 161, 72, 68, 182, 203, 0, 0, 187, 0, 0, 13, 1, 0, 80, 8, 200]
1546497040691;[171, 0, 17, 255, 161, 72, 68, 182, 203, 0, 1, 8, 1, 0, 15, 0, 0, 49, 9, 54]
1546497040695;[171, 0, 17, 255, 161, 72, 68, 182, 203, 0, 0, 249, 1, 0, 30, 0, 0, 12, 9, 50]
1546497040700;[171, 0, 17, 255, 161, 72, 68, 182, 203, 0, 0, 253, 1, 0, 45, 1, 0, 13, 9, 50]
1546497040863;[171, 0, 17, 255, 161, 72, 68, 182, 203, 0, 1, 7, 1, 0, 49, 1, 0, 22, 9, 60]
1546497040867;[171, 0, 17, 255, 161, 72, 68, 182, 203, 0, 1, 47, 1, 0, 53, 1, 0, 32, 9, 148]
1546497041036;[171, 0, 17, 255, 161, 72, 68, 182, 203, 0, 1, 12, 1, 0, 91, 1, 0, 32, 9, 227]
1546497041208;[171, 0, 17, 255, 161, 72, 68, 182, 203, 0, 0, 199, 1, 0, 155, 1, 0, 45, 10, 46]
1546497041212;[171, 0, 17, 255, 161, 72, 68, 182, 203, 0, 0, 224, 1, 0, 221, 0, 0, 21, 10, 135]
1546497041382;[171, 0, 17, 255, 161, 72, 68, 182, 203, 0, 0, 25, 1, 0, 148, 1, 0, 45, 11, 81]
1546497041385;[171, 0, 4, 255, 132, 128, 81]
1546497041726;[171, 0, 17, 255, 161, 72, 68, 182, 204, 1, 0, 153, 1, 0, 65, 1, 0, 195, 11, 200]
1546497041730;[171, 0, 17, 255, 161, 72, 68, 182, 204, 1, 0, 92, 1, 0, 132, 1, 0, 123, 12, 27]
1546497041734;[171, 0, 17, 255, 161, 72, 68, 182, 204, 1, 0, 66, 1, 0, 163, 1, 0, 169, 12, 31]
1546497041898;[171, 0, 17, 255, 161, 72, 68, 182, 204, 1, 0, 80, 1, 0, 133, 1, 0, 171, 11, 246]
1546497041902;[171, 0, 17, 255, 161, 72, 68, 182, 204, 1, 0, 36, 1, 0, 239, 1, 0, 69, 11, 175]
1546497042071;[171, 0, 17, 255, 161, 72, 68, 182, 204, 1, 0, 6, 1, 0, 244, 0, 0, 36, 11, 170]
1546497042075;[171, 0, 17, 255, 161, 72, 68, 182, 204, 0, 0, 65, 1, 1, 33, 0, 0, 48, 11, 170]
1546497042243;[171, 0, 17, 255, 161, 72, 68, 182, 204, 0, 0, 94, 1, 0, 178, 0, 0, 19, 11, 170]
1546497042417;[171, 0, 17, 255, 161, 72, 68, 182, 204, 0, 0, 171, 1, 0, 181, 0, 0, 11, 11, 13]
1546497042421;[171, 0, 17, 255, 161, 72, 68, 182, 204, 0, 0, 189, 1, 0, 203, 1, 0, 83, 11, 159]
1546497042588;[171, 0, 4, 255, 132, 128, 80]
1546497042592;[171, 0, 17, 255, 161, 72, 68, 182, 205, 0, 0, 168, 1, 0, 187, 1, 0, 88, 12, 90]
1546497043108;[171, 0, 17, 255, 161, 72, 68, 182, 205, 0, 0, 121, 1, 0, 186, 1, 0, 96, 12, 252]
1546497043113;[171, 0, 17, 255, 161, 72, 68, 182, 205, 0, 0, 131, 1, 0, 159, 1, 0, 80, 13, 29]
1546497043117;[171, 0, 17, 255, 161, 72, 68, 182, 205, 0, 0, 144, 1, 0, 187, 1, 0, 62, 13, 39]
1546497043121;[171, 0, 17, 255, 161, 72, 68, 182, 205, 0, 0, 144, 1, 0, 191, 1, 0, 43, 13, 39]
1546497043280;[171, 0, 17, 255, 161, 72, 68, 182, 205, 0, 0, 163, 1, 0, 190, 1, 0, 34, 13, 12]
1546497043284;[171, 0, 17, 255, 161, 72, 68, 182, 205, 0, 0, 157, 1, 0, 188, 1, 0, 40, 12, 168]
1546497043288;[171, 0, 17, 255, 161, 72, 68, 182, 205, 0, 0, 147, 1, 0, 187, 1, 0, 55, 12, 100]
1546497043450;[171, 0, 17, 255, 161, 72, 68, 182, 205, 0, 0, 171, 1, 0, 185, 1, 0, 63, 12, 40]
1546497043458;[171, 0, 17, 255, 161, 72, 68, 182, 205, 0, 0, 164, 1, 0, 178, 1, 0, 70, 11, 255]
1546497043623;[171, 0, 4, 255, 132, 128, 79]
1546497043798;[171, 0, 17, 255, 161, 72, 68, 182, 206, 0, 0, 163, 1, 0, 178, 1, 0, 94, 11, 247]
1546497043803;[171, 0, 17, 255, 161, 72, 68, 182, 206, 0, 0, 144, 1, 0, 183, 1, 0, 103, 11, 224]
1546497043968;[171, 0, 17, 255, 161, 72, 68, 182, 206, 0, 0, 141, 1, 0, 175, 1, 0, 106, 11, 198]
1546497043972;[171, 0, 17, 255, 161, 72, 68, 182, 206, 0, 0, 124, 1, 0, 181, 1, 0, 104, 11, 174]
1546497044315;[171, 0, 17, 255, 161, 72, 68, 182, 206, 0, 0, 126, 1, 0, 183, 1, 0, 97, 11, 205]
1546497044319;[171, 0, 17, 255, 161, 72, 68, 182, 206, 0, 0, 92, 1, 0, 152, 1, 0, 114, 11, 229]
1546497044323;[171, 0, 17, 255, 161, 72, 68, 182, 206, 0, 0, 120, 1, 0, 163, 1, 0, 130, 11, 191]
1546497044485;[171, 0, 17, 255, 161, 72, 68, 182, 206, 0, 0, 161, 1, 0, 168, 1, 0, 141, 11, 153]
1546497044490;[171, 0, 17, 255, 161, 72, 68, 182, 206, 0, 0, 131, 1, 0, 135, 1, 0, 142, 11, 129]
1546497044659;[171, 0, 17, 255, 161, 72, 68, 182, 206, 0, 0, 120, 1, 0, 158, 1, 0, 150, 11, 100]
1546497044662;[171, 0, 4, 255, 132, 128, 78]
1546497044831;[171, 0, 17, 255, 161, 72, 68, 182, 207, 0, 0, 98, 1, 0, 169, 1, 0, 151, 11, 55]
1546497045004;[171, 0, 17, 255, 161, 72, 68, 182, 207, 0, 0, 98, 1, 0, 179, 1, 0, 135, 11, 82]
1546497045008;[171, 0, 17, 255, 161, 72, 68, 182, 207, 0, 0, 93, 1, 0, 179, 1, 0, 131, 11, 111]
1546497045177;[171, 0, 17, 255, 161, 72, 68, 182, 207, 0, 0, 84, 1, 0, 145, 1, 0, 202, 11, 118]
1546497045181;[171, 0, 17, 255, 161, 72, 68, 182, 207, 0, 0, 72, 1, 0, 121, 1, 0, 229, 11, 82]
1546497045521;[171, 0, 17, 255, 161, 72, 68, 182, 207, 0, 0, 66, 1, 0, 103, 1, 0, 245, 11, 40]
1546497045525;[171, 0, 17, 255, 161, 72, 68, 182, 207, 0, 0, 72, 1, 0, 113, 1, 0, 220, 10, 226]
1546497045529;[171, 0, 17, 255, 161, 72, 68, 182, 207, 0, 0, 83, 1, 0, 123, 1, 0, 206, 10, 216]
1546497045695;[171, 0, 17, 255, 161, 72, 68, 182, 207, 0, 0, 52, 1, 0, 116, 1, 0, 206, 11, 1]
1546497045699;[171, 0, 17, 255, 161, 72, 68, 182, 207, 0, 0, 75, 1, 0, 87, 1, 0, 255, 11, 21]
1546497045865;[171, 0, 4, 255, 132, 128, 77]
1546497045869;[171, 0, 17, 255, 161, 72, 68, 182, 208, 0, 0, 42, 1, 0, 79, 1, 1, 5, 10, 245]
1546497046038;[171, 0, 17, 255, 161, 72, 68, 182, 208, 0, 0, 26, 1, 0, 69, 1, 1, 10, 10, 206]
1546497046211;[171, 0, 17, 255, 161, 72, 68, 182, 208, 0, 0, 40, 1, 0, 95, 1, 0, 235, 10, 136]
1546497046216;[171, 0, 17, 255, 161, 72, 68, 182, 208, 0, 0, 76, 1, 0, 90, 1, 0, 220, 10, 102]
1546497046385;[171, 0, 17, 255, 161, 72, 68, 182, 208, 0, 0, 65, 1, 0, 89, 1, 0, 231, 10, 131]
1546497046388;[171, 0, 17, 255, 161, 72, 68, 182, 208, 0, 0, 46, 1, 0, 87, 1, 0, 230, 10, 152]
1546497046556;[171, 0, 17, 255, 161, 72, 68, 182, 208, 0, 0, 39, 1, 0, 81, 1, 0, 231, 10, 138]
1546497046560;[171, 0, 17, 255, 161, 72, 68, 182, 208, 0, 0, 36, 1, 0, 82, 1, 0, 229, 10, 122]
1546497046903;[171, 0, 17, 255, 161, 72, 68, 182, 208, 0, 0, 11, 1, 0, 62, 1, 1, 20, 10, 108]
1546497046907;[171, 0, 17, 255, 161, 72, 68, 182, 208, 0, 0, 46, 1, 0, 64, 1, 0, 239, 10, 85]
1546497046911;[171, 0, 4, 255, 132, 128, 77]
1546497047073;[171, 0, 17, 255, 161, 72, 68, 182, 209, 0, 0, 35, 1, 0, 71, 1, 0, 229, 10, 99]
1546497047078;[171, 0, 17, 255, 161, 72, 68, 182, 209, 0, 0, 27, 1, 0, 67, 1, 0, 242, 10, 146]
1546497047247;[171, 0, 17, 255, 161, 72, 68, 182, 209, 0, 0, 21, 1, 0, 62, 1, 0, 244, 10, 146]
1546497047418;[171, 0, 17, 255, 161, 72, 68, 182, 209, 0, 0, 9, 1, 0, 65, 1, 0, 247, 10, 143]
1546497047422;[171, 0, 17, 255, 161, 72, 68, 182, 209, 0, 0, 32, 1, 0, 61, 1, 0, 238, 10, 138]
1546497047593;[171, 0, 17, 255, 161, 72, 68, 182, 209, 0, 0, 31, 1, 0, 59, 1, 0, 252, 10, 125]
1546497047598;[171, 0, 17, 255, 161, 72, 68, 182, 209, 0, 0, 18, 1, 0, 61, 1, 0, 241, 10, 90]
1546497047763;[171, 0, 17, 255, 161, 72, 68, 182, 209, 0, 0, 27, 1, 0, 55, 1, 0, 247, 10, 145]
1546497047767;[171, 0, 17, 255, 161, 72, 68, 182, 209, 0, 0, 31, 1, 0, 39, 1, 1, 2, 10, 179]
1546497048110;[171, 0, 17, 255, 161, 72, 68, 182, 209, 0, 0, 4, 1, 0, 24, 1, 0, 247, 10, 192]
1546497048114;[171, 0, 4, 255, 132, 128, 78]
1546497048118;[171, 0, 17, 255, 161, 72, 68, 182, 210, 1, 0, 2, 1, 0, 44, 1, 0, 254, 10, 185]
1546497048282;[171, 0, 17, 255, 161, 72, 68, 182, 210, 0, 0, 36, 1, 0, 60, 1, 1, 0, 10, 174]
1546497048286;[171, 0, 17, 255, 161, 72, 68, 182, 210, 0, 0, 32, 1, 0, 55, 1, 0, 252, 10, 131]
1546497048455;[171, 0, 17, 255, 161, 72, 68, 182, 210, 0, 0, 23, 1, 0, 51, 1, 0, 250, 10, 137]
1546497048462;[171, 0, 17, 255, 161, 72, 68, 182, 210, 0, 0, 19, 1, 0, 64, 1, 0, 249, 10, 219]
1546497048625;[171, 0, 17, 255, 161, 72, 68, 182, 210, 0, 0, 26, 1, 0, 51, 1, 0, 242, 10, 242]
1546497048799;[171, 0, 17, 255, 161, 72, 68, 182, 210, 0, 0, 25, 1, 0, 59, 1, 0, 250, 10, 236]
1546497048803;[171, 0, 17, 255, 161, 72, 68, 182, 210, 0, 0, 29, 1, 0, 49, 1, 0, 242, 10, 202]
1546497048971;[171, 0, 17, 255, 161, 72, 68, 182, 210, 0, 0, 29, 1, 0, 51, 1, 0, 247, 10, 197]
1546497048975;[171, 0, 17, 255, 161, 72, 68, 182, 210, 0, 0, 21, 1, 0, 59, 1, 0, 246, 10, 188]
1546497049489;[171, 0, 4, 255, 132, 128, 79]
1546497049493;[171, 0, 17, 255, 161, 72, 68, 182, 211, 0, 0, 26, 1, 0, 53, 1, 0, 247, 11, 30]
1546497049497;[171, 0, 17, 255, 161, 72, 68, 182, 211, 0, 0, 24, 1, 0, 53, 1, 0, 250, 11, 77]
1546497049502;[171, 0, 17, 255, 161, 72, 68, 182, 211, 0, 0, 16, 1, 0, 53, 1, 0, 253, 11, 76]
1546497049661;[171, 0, 17, 255, 161, 72, 68, 182, 211, 0, 0, 18, 1, 0, 55, 1, 0, 249, 11, 56]
1546497049665;[171, 0, 17, 255, 161, 72, 68, 182, 211, 0, 0, 18, 1, 0, 54, 1, 0, 237, 11, 9]
1546497049669;[171, 0, 17, 255, 161, 72, 68, 182, 211, 0, 0, 21, 1, 0, 51, 1, 0, 238, 11, 15]
1546497049835;[171, 0, 17, 255, 161, 72, 68, 182, 211, 0, 0, 24, 1, 0, 45, 1, 0, 244, 11, 54]
1546497050006;[171, 0, 17, 255, 161, 72, 68, 182, 211, 0, 0, 44, 1, 0, 43, 1, 1, 3, 11, 161]
1546497050010;[171, 0, 17, 255, 161, 72, 68, 182, 211, 0, 0, 40, 1, 0, 37, 1, 0, 254, 11, 221]
1546497050179;[171, 0, 17, 255, 161, 72, 68, 182, 211, 0, 0, 34, 1, 0, 40, 1, 0, 254, 11, 250]
1546497050182;[171, 0, 4, 255, 132, 128, 81]
1546497050352;[171, 0, 17, 255, 161, 72, 68, 182, 212, 0, 0, 41, 1, 0, 38, 1, 0, 250, 12, 6]
1546497050355;[171, 0, 17, 255, 161, 72, 68, 182, 212, 0, 0, 36, 1, 0, 37, 1, 0, 250, 11, 241]
1546497050697;[171, 0, 17, 255, 161, 72, 68, 182, 212, 0, 0, 37, 1, 0, 41, 1, 0, 251, 11, 223]
1546497050701;[171, 0, 17, 255, 161, 72, 68, 182, 212, 0, 0, 44, 1, 0, 37, 1, 0, 250, 12, 32]
1546497050705;[171, 0, 17, 255, 161, 72, 68, 182, 212, 0, 0, 49, 1, 0, 39, 1, 0, 249, 12, 116]
1546497050868;[171, 0, 17, 255, 161, 72, 68, 182, 212, 0, 0, 47, 1, 0, 39, 1, 0, 247, 12, 164]
1546497050872;[171, 0, 17, 255, 161, 72, 68, 182, 212, 0, 0, 46, 1, 0, 38, 1, 0, 249, 12, 189]
1546497051041;[171, 0, 17, 255, 161, 72, 68, 182, 212, 0, 0, 43, 1, 0, 38, 1, 0, 247, 12, 187]
1546497051213;[171, 0, 17, 255, 161, 72, 68, 182, 212, 0, 0, 43, 1, 0, 39, 1, 0, 252, 12, 179]
1546497051217;[171, 0, 17, 255, 161, 72, 68, 182, 212, 0, 0, 49, 1, 0, 37, 1, 0, 252, 12, 181]
1546497051386;[171, 0, 4, 255, 132, 128, 83]
1546497051390;[171, 0, 17, 255, 161, 72, 68, 182, 213, 0, 0, 41, 1, 0, 39, 1, 0, 244, 13, 10]
1546497051559;[171, 0, 17, 255, 161, 72, 68, 182, 213, 0, 0, 48, 1, 0, 35, 1, 0, 247, 13, 66]
1546497051563;[171, 0, 17, 255, 161, 72, 68, 182, 213, 0, 0, 38, 1, 0, 37, 1, 0, 250, 13, 77]
1546497051905;[171, 0, 17, 255, 161, 72, 68, 182, 213, 0, 0, 51, 1, 0, 37, 1, 0, 247, 13, 74]
1546497051908;[171, 0, 17, 255, 161, 72, 68, 182, 213, 0, 0, 49, 1, 0, 35, 1, 0, 248, 13, 55]
1546497051914;[171, 0, 17, 255, 161, 72, 68, 182, 213, 0, 0, 46, 1, 0, 37, 1, 0, 249, 13, 33]
1546497052077;[171, 0, 17, 255, 161, 72, 68, 182, 213, 0, 0, 41, 1, 0, 35, 1, 0, 252, 13, 32]
1546497052081;[171, 0, 17, 255, 161, 72, 68, 182, 213, 0, 0, 44, 1, 0, 37, 1, 0, 252, 13, 152]
1546497052249;[171, 0, 17, 255, 161, 72, 68, 182, 213, 0, 0, 49, 1, 0, 37, 1, 0, 247, 13, 215]
1546497052421;[171, 0, 17, 255, 161, 72, 68, 182, 213, 0, 0, 45, 1, 0, 35, 1, 0, 250, 13, 236]
1546497052425;[171, 0, 4, 255, 132, 128, 84]
1546497052594;[171, 0, 17, 255, 161, 72, 68, 182, 214, 0, 0, 51, 1, 0, 39, 1, 0, 244, 13, 242]
1546497052598;[171, 0, 17, 255, 161, 72, 68, 182, 214, 0, 0, 44, 1, 0, 35, 1, 0, 252, 13, 215]
1546497052765;[171, 0, 17, 255, 161, 72, 68, 182, 214, 0, 0, 49, 1, 0, 44, 1, 0, 249, 13, 183]
1546497052769;[171, 0, 17, 255, 161, 72, 68, 182, 214, 0, 0, 51, 1, 0, 37, 1, 0, 244, 13, 135]
1546497052938;[171, 0, 17, 255, 161, 72, 68, 182, 214, 0, 0, 46, 1, 0, 35, 1, 0, 249, 13, 212]
1546497053286;[171, 0, 17, 255, 161, 72, 68, 182, 214, 0, 0, 43, 1, 0, 35, 1, 0, 246, 14, 32]
1546497053290;[171, 0, 17, 255, 161, 72, 68, 182, 214, 0, 0, 49, 1, 0, 39, 1, 0, 244, 14, 40]
1546497053294;[171, 0, 17, 255, 161, 72, 68, 182, 214, 0, 0, 43, 1, 0, 35, 1, 0, 247, 14, 14]
1546497053298;[171, 0, 17, 255, 161, 72, 68, 182, 214, 0, 0, 48, 1, 0, 37, 1, 0, 250, 13, 239]
1546497053458;[171, 0, 17, 255, 161, 72, 68, 182, 214, 0, 0, 40, 1, 0, 35, 1, 0, 250, 13, 185]
1546497053464;[171, 0, 4, 255, 132, 128, 84]
1546497053628;[171, 0, 17, 255, 161, 72, 68, 182, 215, 0, 0, 40, 1, 0, 35, 1, 0, 253, 13, 132]
1546497053801;[171, 0, 17, 255, 161, 72, 68, 182, 215, 0, 0, 51, 1, 0, 39, 1, 0, 242, 13, 72]
1546497053805;[171, 0, 17, 255, 161, 72, 68, 182, 215, 0, 0, 55, 1, 0, 35, 1, 0, 246, 13, 120]
1546497053974;[171, 0, 17, 255, 161, 72, 68, 182, 215, 0, 0, 36, 1, 0, 38, 1, 0, 253, 13, 176]
1546497053978;[171, 0, 17, 255, 161, 72, 68, 182, 215, 0, 0, 49, 1, 0, 34, 1, 0, 247, 13, 181]
1546497054146;[171, 0, 17, 255, 161, 72, 68, 182, 215, 0, 0, 31, 1, 0, 40, 1, 0, 246, 13, 188]
1546497054492;[171, 0, 17, 255, 161, 72, 68, 182, 215, 0, 0, 54, 1, 0, 40, 1, 0, 245, 13, 149]
1546497054496;[171, 0, 17, 255, 161, 72, 68, 182, 215, 0, 0, 40, 1, 0, 34, 1, 0, 252, 13, 106]
1546497054500;[171, 0, 17, 255, 161, 72, 68, 182, 215, 0, 0, 71, 1, 0, 28, 1, 0, 240, 13, 43]
1546497054664;[171, 0, 17, 255, 161, 72, 68, 182, 218, 1, 0, 46, 1, 0, 36, 1, 0, 246, 10, 29]
1546497054837;[171, 0, 17, 255, 161, 72, 68, 182, 218, 1, 0, 40, 1, 0, 35, 1, 0, 252, 9, 184]
1546497055183;[171, 0, 17, 255, 161, 72, 68, 182, 218, 1, 0, 44, 1, 0, 35, 1, 0, 251, 9, 89]
1546497055187;[171, 0, 17, 255, 161, 72, 68, 182, 218, 1, 0, 44, 1, 0, 34, 1, 0, 249, 9, 43]
1546497055191;[171, 0, 17, 255, 161, 72, 68, 182, 218, 0, 0, 27, 1, 0, 34, 1, 0, 255, 9, 26]
1546497055195;[171, 0, 17, 255, 161, 72, 68, 182, 218, 0, 0, 34, 1, 0, 35, 1, 0, 255, 9, 95]
1546497055356;[171, 0, 17, 255, 161, 72, 68, 182, 218, 0, 0, 66, 1, 0, 38, 1, 0, 242, 9, 119]
1546497055360;[171, 0, 17, 255, 161, 72, 68, 182, 218, 0, 0, 86, 1, 0, 39, 1, 0, 233, 9, 133]
1546497055525;[171, 0, 17, 255, 161, 72, 68, 182, 218, 0, 0, 103, 1, 0, 39, 1, 0, 228, 9, 150]
1546497055871;[171, 0, 17, 255, 161, 72, 68, 182, 218, 0, 0, 91, 1, 0, 35, 1, 0, 230, 9, 135]
1546497055875;[171, 0, 4, 255, 132, 128, 84]
1546497055881;[171, 0, 17, 255, 161, 72, 68, 182, 219, 0, 0, 52, 1, 0, 34, 1, 0, 252, 9, 108]
1546497055885;[171, 0, 17, 255, 161, 72, 68, 182, 219, 0, 0, 44, 1, 0, 37, 1, 0, 253, 9, 86]
1546497056044;[171, 0, 17, 255, 161, 72, 68, 182, 219, 0, 0, 49, 1, 0, 36, 1, 0, 250, 9, 102]
1546497056216;[171, 0, 17, 255, 161, 72, 68, 182, 219, 0, 0, 49, 1, 0, 35, 1, 0, 250, 9, 172]
1546497056220;[171, 0, 17, 255, 161, 72, 68, 182, 219, 0, 0, 44, 1, 0, 35, 1, 0, 250, 9, 198]
1546497056388;[171, 0, 17, 255, 161, 72, 68, 182, 219, 0, 0, 43, 1, 0, 35, 1, 0, 250, 9, 200]
1546497056392;[171, 0, 17, 255, 161, 72, 68, 182, 219, 0, 0, 49, 1, 0, 39, 1, 0, 252, 9, 196]
