1546498221971;[171, 0, 17, 255, 161, 72, 68, 187, 181, 0, 0, 13, 1, 0, 236, 1, 0, 88, 10, 133]
1546498221986;[171, 0, 17, 255, 161, 72, 68, 187, 181, 0, 0, 18, 1, 0, 238, 1, 0, 82, 10, 164]
1546498222143;[171, 0, 17, 255, 161, 72, 68, 187, 181, 0, 0, 21, 1, 0, 238, 1, 0, 81, 10, 159]
1546498222147;[171, 0, 17, 255, 161, 72, 68, 187, 181, 0, 0, 7, 1, 0, 244, 1, 0, 75, 10, 99]
1546498222318;[171, 0, 17, 255, 161, 72, 68, 187, 181, 0, 0, 24, 1, 0, 239, 1, 0, 79, 10, 37]
1546498222322;[171, 0, 17, 255, 161, 72, 68, 187, 181, 0, 0, 13, 1, 0, 239, 1, 0, 79, 9, 232]
1546498222489;[171, 0, 17, 255, 161, 72, 68, 187, 181, 0, 0, 21, 1, 0, 244, 1, 0, 74, 10, 130]
1546498222493;[171, 0, 17, 255, 161, 72, 68, 187, 182, 0, 0, 21, 1, 0, 238, 1, 0, 81, 10, 228]
1546498222660;[171, 0, 17, 255, 161, 72, 68, 187, 182, 0, 0, 6, 1, 0, 240, 1, 0, 79, 10, 229]
1546498222833;[171, 0, 4, 255, 132, 128, 75]
1546498222837;[171, 0, 17, 255, 161, 72, 68, 187, 182, 0, 0, 23, 1, 0, 239, 1, 0, 79, 10, 206]
1546498223180;[171, 0, 17, 255, 161, 72, 68, 187, 182, 0, 0, 11, 1, 0, 239, 1, 0, 79, 10, 131]
1546498223184;[171, 0, 17, 255, 161, 72, 68, 187, 182, 0, 0, 26, 1, 0, 239, 1, 0, 79, 10, 28]
1546498223188;[171, 0, 17, 255, 161, 72, 68, 187, 182, 0, 0, 17, 1, 0, 244, 1, 0, 74, 9, 168]
1546498223352;[171, 0, 17, 255, 161, 72, 68, 187, 182, 0, 0, 13, 1, 0, 239, 1, 0, 77, 9, 120]
1546498223356;[171, 0, 17, 255, 161, 72, 68, 187, 182, 0, 0, 21, 1, 0, 239, 1, 0, 79, 9, 201]
1546498223523;[171, 0, 17, 255, 161, 72, 68, 187, 182, 0, 0, 13, 1, 0, 236, 1, 0, 79, 9, 197]
1546498223527;[171, 0, 17, 255, 161, 72, 68, 187, 182, 0, 0, 21, 1, 0, 239, 1, 0, 80, 9, 170]
1546498223696;[171, 0, 17, 255, 161, 72, 68, 187, 183, 0, 0, 11, 1, 0, 244, 1, 0, 79, 9, 127]
1546498223700;[171, 0, 17, 255, 161, 72, 68, 187, 183, 0, 0, 25, 1, 0, 239, 1, 0, 75, 9, 28]
1546498223868;[171, 0, 4, 255, 132, 128, 75]
1546498224042;[171, 0, 17, 255, 161, 72, 68, 187, 183, 0, 0, 7, 1, 0, 238, 1, 0, 79, 8, 198]
1546498224046;[171, 0, 17, 255, 161, 72, 68, 187, 183, 0, 0, 19, 1, 0, 239, 1, 0, 79, 8, 92]
1546498224560;[171, 0, 17, 255, 161, 72, 68, 187, 183, 0, 0, 17, 1, 0, 239, 1, 0, 80, 8, 142]
1546498224564;[171, 0, 17, 255, 161, 72, 68, 187, 183, 0, 0, 16, 1, 0, 239, 1, 0, 81, 8, 136]
1546498224568;[171, 0, 17, 255, 161, 72, 68, 187, 183, 0, 0, 13, 1, 0, 239, 1, 0, 70, 8, 55]
1546498224572;[171, 0, 17, 255, 161, 72, 68, 187, 183, 0, 0, 1, 1, 0, 238, 1, 0, 97, 7, 217]
1546498224731;[171, 0, 17, 255, 161, 72, 68, 187, 183, 0, 0, 17, 1, 0, 238, 1, 0, 81, 7, 130]
1546498224736;[171, 0, 17, 255, 161, 72, 68, 187, 183, 0, 0, 27, 1, 0, 232, 1, 0, 97, 7, 40]
1546498224740;[171, 0, 17, 255, 161, 72, 68, 187, 184, 0, 0, 19, 1, 0, 231, 1, 0, 99, 6, 206]
1546498224904;[171, 0, 17, 255, 161, 72, 68, 187, 184, 0, 0, 23, 1, 0, 232, 1, 0, 98, 6, 194]
1546498224908;[171, 0, 4, 255, 132, 128, 75]
1546498225076;[171, 0, 17, 255, 161, 72, 68, 187, 184, 0, 0, 26, 1, 0, 231, 1, 0, 101, 6, 251]
1546498225249;[171, 0, 17, 255, 161, 72, 68, 187, 184, 0, 0, 25, 1, 0, 232, 1, 0, 100, 7, 3]
1546498225254;[171, 0, 17, 255, 161, 72, 68, 187, 184, 0, 0, 18, 1, 0, 232, 1, 0, 95, 6, 234]
1546498225422;[171, 0, 17, 255, 161, 72, 68, 187, 184, 0, 0, 7, 1, 0, 233, 1, 0, 95, 6, 182]
1546498225426;[171, 0, 17, 255, 161, 72, 68, 187, 184, 0, 0, 19, 1, 0, 236, 1, 0, 85, 6, 104]
1546498225766;[171, 0, 17, 255, 161, 72, 68, 187, 184, 0, 0, 6, 1, 0, 239, 1, 0, 86, 6, 9]
1546498225770;[171, 0, 17, 255, 161, 72, 68, 187, 184, 0, 0, 18, 1, 0, 239, 1, 0, 80, 5, 158]
1546498225774;[171, 0, 17, 255, 161, 72, 68, 187, 184, 0, 0, 4, 1, 0, 238, 1, 0, 82, 5, 178]
1546498225938;[171, 0, 17, 255, 161, 72, 68, 187, 185, 0, 0, 5, 1, 0, 244, 1, 0, 83, 5, 231]
1546498225942;[171, 0, 17, 255, 161, 72, 68, 187, 185, 0, 0, 19, 1, 0, 239, 1, 0, 82, 5, 214]
1546498226110;[171, 0, 4, 255, 132, 128, 76]
1546498226115;[171, 0, 17, 255, 161, 72, 68, 187, 185, 0, 0, 6, 1, 0, 239, 1, 0, 82, 5, 188]
1546498226284;[171, 0, 17, 255, 161, 72, 68, 187, 185, 0, 0, 18, 1, 0, 235, 1, 0, 84, 5, 142]
1546498226288;[171, 0, 17, 255, 161, 72, 68, 187, 185, 0, 0, 3, 1, 0, 236, 1, 0, 84, 5, 84]
1546498226455;[171, 0, 17, 255, 161, 72, 68, 187, 185, 0, 0, 19, 1, 0, 244, 1, 0, 82, 5, 11]
1546498226628;[171, 0, 17, 255, 161, 72, 68, 187, 185, 0, 0, 19, 1, 0, 237, 1, 0, 82, 4, 180]
1546498226633;[171, 0, 17, 255, 161, 72, 68, 187, 185, 0, 0, 19, 1, 0, 238, 1, 0, 82, 4, 208]
1546498226974;[171, 0, 17, 255, 161, 72, 68, 187, 185, 0, 0, 11, 1, 0, 236, 1, 0, 81, 5, 11]
1546498226978;[171, 0, 17, 255, 161, 72, 68, 187, 185, 0, 0, 7, 1, 0, 238, 1, 0, 86, 5, 1]
1546498226982;[171, 0, 17, 255, 161, 72, 68, 187, 186, 0, 0, 21, 1, 0, 244, 1, 0, 80, 5, 20]
1546498227145;[171, 0, 17, 255, 161, 72, 68, 187, 186, 0, 0, 13, 1, 0, 239, 1, 0, 81, 5, 5]
1546498227150;[171, 0, 4, 255, 132, 128, 76]
1546498227318;[171, 0, 17, 255, 161, 72, 68, 187, 186, 0, 0, 19, 1, 0, 238, 1, 0, 80, 4, 215]
1546498227322;[171, 0, 17, 255, 161, 72, 68, 187, 186, 0, 0, 11, 1, 0, 239, 1, 0, 80, 4, 179]
1546498227490;[171, 0, 17, 255, 161, 72, 68, 187, 186, 0, 0, 18, 1, 0, 236, 1, 0, 80, 4, 147]
1546498227494;[171, 0, 17, 255, 161, 72, 68, 187, 186, 0, 0, 19, 1, 0, 239, 1, 0, 80, 4, 233]
1546498227661;[171, 0, 17, 255, 161, 72, 68, 187, 186, 0, 0, 17, 1, 0, 236, 1, 0, 81, 5, 12]
1546498227835;[171, 0, 17, 255, 161, 72, 68, 187, 186, 0, 0, 19, 1, 0, 239, 1, 0, 82, 5, 16]
1546498227839;[171, 0, 17, 255, 161, 72, 68, 187, 186, 0, 0, 26, 1, 0, 239, 1, 0, 80, 5, 31]
1546498228008;[171, 0, 17, 255, 161, 72, 68, 187, 186, 0, 0, 29, 1, 0, 236, 1, 0, 82, 5, 0]
1546498228012;[171, 0, 17, 255, 161, 72, 68, 187, 187, 0, 0, 19, 1, 0, 239, 1, 0, 79, 4, 218]
1546498228354;[171, 0, 17, 255, 161, 72, 68, 187, 187, 0, 0, 27, 1, 0, 236, 1, 0, 82, 4, 170]
1546498228358;[171, 0, 4, 255, 132, 128, 77]
1546498228362;[171, 0, 17, 255, 161, 72, 68, 187, 187, 1, 0, 9, 1, 0, 244, 1, 0, 72, 4, 240]
1546498228526;[171, 0, 17, 255, 161, 72, 68, 187, 187, 0, 0, 44, 1, 0, 232, 1, 0, 88, 5, 126]
1546498228530;[171, 0, 17, 255, 161, 72, 68, 187, 187, 0, 0, 35, 1, 0, 236, 1, 0, 84, 5, 231]
1546498228697;[171, 0, 17, 255, 161, 72, 68, 187, 187, 0, 0, 19, 1, 0, 248, 1, 0, 59, 6, 30]
1546498228701;[171, 0, 17, 255, 161, 72, 68, 187, 187, 0, 0, 0, 1, 0, 240, 1, 0, 56, 6, 53]
1546498228870;[171, 0, 17, 255, 161, 72, 68, 187, 187, 0, 0, 11, 1, 0, 240, 1, 0, 65, 6, 30]
1546498229043;[171, 0, 17, 255, 161, 72, 68, 187, 187, 0, 0, 23, 1, 0, 249, 1, 0, 60, 5, 236]
1546498229048;[171, 0, 17, 255, 161, 72, 68, 187, 187, 0, 0, 18, 1, 0, 248, 1, 0, 63, 5, 171]
1546498229216;[171, 0, 17, 255, 161, 72, 68, 187, 192, 0, 0, 18, 1, 0, 240, 1, 0, 64, 6, 27]
1546498229223;[171, 0, 17, 255, 161, 72, 68, 187, 192, 0, 0, 11, 1, 0, 239, 1, 0, 63, 6, 136]
1546498229561;[171, 0, 4, 255, 132, 128, 77]
1546498229565;[171, 0, 17, 255, 161, 72, 68, 187, 192, 0, 0, 24, 1, 0, 239, 1, 0, 69, 6, 155]
1546498229570;[171, 0, 17, 255, 161, 72, 68, 187, 192, 0, 0, 6, 1, 0, 248, 1, 0, 59, 6, 161]
1546498229733;[171, 0, 17, 255, 161, 72, 68, 187, 192, 0, 0, 25, 1, 0, 236, 1, 0, 70, 6, 156]
1546498229737;[171, 0, 17, 255, 161, 72, 68, 187, 192, 0, 0, 19, 1, 0, 239, 1, 0, 68, 6, 113]
1546498229905;[171, 0, 17, 255, 161, 72, 68, 187, 192, 0, 0, 18, 1, 0, 240, 1, 0, 65, 6, 59]
1546498229910;[171, 0, 17, 255, 161, 72, 68, 187, 192, 0, 0, 24, 1, 0, 239, 1, 0, 68, 6, 37]
1546498230078;[171, 0, 17, 255, 161, 72, 68, 187, 192, 0, 0, 19, 1, 0, 239, 1, 0, 65, 6, 183]
1546498230251;[171, 0, 17, 255, 161, 72, 68, 187, 192, 0, 0, 26, 1, 0, 240, 1, 0, 70, 7, 7]
1546498230255;[171, 0, 17, 255, 161, 72, 68, 187, 193, 0, 0, 21, 1, 0, 244, 1, 0, 72, 7, 21]
1546498230424;[171, 0, 17, 255, 161, 72, 68, 187, 193, 0, 0, 18, 1, 0, 248, 1, 0, 70, 7, 37]
1546498230428;[171, 0, 4, 255, 132, 128, 77]
1546498230942;[171, 0, 17, 255, 161, 72, 68, 187, 193, 0, 0, 21, 1, 0, 239, 1, 0, 69, 7, 11]
1546498230946;[171, 0, 17, 255, 161, 72, 68, 187, 193, 0, 0, 18, 1, 0, 240, 1, 0, 69, 6, 206]
1546498230951;[171, 0, 17, 255, 161, 72, 68, 187, 193, 0, 0, 19, 1, 0, 239, 1, 0, 67, 6, 157]
1546498230955;[171, 0, 17, 255, 161, 72, 68, 187, 193, 0, 0, 19, 1, 0, 244, 1, 0, 70, 7, 27]
1546498231115;[171, 0, 17, 255, 161, 72, 68, 187, 193, 0, 0, 18, 1, 0, 239, 1, 0, 70, 7, 94]
1546498231119;[171, 0, 17, 255, 161, 72, 68, 187, 193, 0, 0, 21, 1, 0, 244, 1, 0, 69, 7, 99]
1546498231123;[171, 0, 17, 255, 161, 72, 68, 187, 193, 0, 0, 18, 1, 0, 240, 1, 0, 70, 7, 95]
1546498231287;[171, 0, 17, 255, 161, 72, 68, 187, 193, 0, 0, 25, 1, 0, 239, 1, 0, 70, 7, 51]
1546498231290;[171, 0, 17, 255, 161, 72, 68, 187, 194, 0, 0, 19, 1, 0, 240, 1, 0, 70, 6, 247]
1546498231459;[171, 0, 17, 255, 161, 72, 68, 187, 194, 0, 0, 19, 1, 0, 244, 1, 0, 71, 6, 172]
1546498233711;[171, 0, 4, 255, 132, 128, 77]
1546498233713;[171, 0, 17, 255, 161, 72, 68, 187, 194, 0, 0, 21, 1, 0, 244, 1, 0, 69, 6, 229]
1546498233715;[171, 0, 17, 255, 161, 72, 68, 187, 194, 0, 0, 23, 1, 0, 239, 1, 0, 71, 7, 73]
1546498233716;[171, 0, 17, 255, 161, 72, 68, 187, 194, 0, 0, 21, 1, 0, 244, 1, 0, 69, 7, 95]
1546498233718;[171, 0, 17, 255, 161, 72, 68, 187, 194, 0, 0, 19, 1, 0, 239, 1, 0, 74, 7, 88]
1546498233720;[171, 0, 17, 255, 161, 72, 68, 187, 194, 0, 0, 21, 1, 0, 240, 1, 0, 67, 7, 53]
1546498233721;[171, 0, 17, 255, 161, 72, 68, 187, 194, 0, 0, 21, 1, 0, 239, 1, 0, 75, 6, 233]
1546498233723;[171, 0, 17, 255, 161, 72, 68, 187, 194, 0, 0, 24, 1, 0, 239, 1, 0, 74, 6, 159]
1546498233724;[171, 0, 17, 255, 161, 72, 68, 187, 194, 0, 0, 21, 1, 0, 240, 1, 0, 70, 6, 104]
1546498233726;[171, 0, 17, 255, 161, 72, 68, 187, 195, 0, 0, 19, 1, 0, 238, 1, 0, 74, 6, 205]
1546498233728;[171, 0, 17, 255, 161, 72, 68, 187, 195, 0, 0, 28, 1, 0, 238, 1, 0, 75, 6, 230]
1546498233734;[171, 0, 4, 255, 132, 128, 78]
1546498233737;[171, 0, 17, 255, 161, 72, 68, 187, 195, 0, 0, 19, 1, 0, 240, 1, 0, 70, 6, 209]
1546498233739;[171, 0, 17, 255, 161, 72, 68, 187, 195, 0, 0, 22, 1, 0, 240, 1, 0, 69, 6, 195]
1546498233741;[171, 0, 17, 255, 161, 72, 68, 187, 195, 0, 0, 23, 1, 0, 244, 1, 0, 75, 6, 136]
1546498233743;[171, 0, 17, 255, 161, 72, 68, 187, 195, 0, 0, 19, 1, 0, 238, 1, 0, 70, 6, 64]
1546498233745;[171, 0, 17, 255, 161, 72, 68, 187, 195, 0, 0, 27, 1, 0, 239, 1, 0, 70, 5, 236]
1546498233747;[171, 0, 17, 255, 161, 72, 68, 187, 195, 0, 0, 23, 1, 0, 239, 1, 0, 71, 5, 240]
1546498233749;[171, 0, 17, 255, 161, 72, 68, 187, 195, 0, 0, 26, 1, 0, 244, 1, 0, 79, 6, 40]
1546498233751;[171, 0, 17, 255, 161, 72, 68, 187, 195, 0, 0, 21, 1, 0, 239, 1, 0, 75, 6, 38]
1546498233753;[171, 0, 17, 255, 161, 72, 68, 187, 196, 0, 0, 23, 1, 0, 240, 1, 0, 79, 6, 20]
1546498233758;[171, 0, 17, 255, 161, 72, 68, 187, 196, 0, 0, 26, 1, 0, 239, 1, 0, 71, 5, 226]
1546498233760;[171, 0, 4, 255, 132, 128, 78]
1546498233872;[171, 0, 17, 255, 161, 72, 68, 187, 196, 0, 0, 21, 1, 0, 237, 1, 0, 74, 5, 151]
1546498234045;[171, 0, 17, 255, 161, 72, 68, 187, 196, 0, 0, 27, 1, 0, 239, 1, 0, 74, 5, 58]
1546498234049;[171, 0, 17, 255, 161, 72, 68, 187, 196, 0, 0, 21, 1, 0, 239, 1, 0, 74, 4, 211]
1546498234218;[171, 0, 17, 255, 161, 72, 68, 187, 196, 0, 0, 23, 1, 0, 239, 1, 0, 79, 4, 212]
1546498234223;[171, 0, 17, 255, 161, 72, 68, 187, 196, 0, 0, 23, 1, 0, 240, 1, 0, 70, 4, 243]
1546498234391;[171, 0, 17, 255, 161, 72, 68, 187, 196, 0, 0, 21, 1, 0, 239, 1, 0, 74, 4, 233]
1546498234395;[171, 0, 17, 255, 161, 72, 68, 187, 196, 0, 0, 26, 1, 0, 244, 1, 0, 71, 4, 234]
1546498234738;[171, 0, 17, 255, 161, 72, 68, 187, 196, 0, 0, 19, 1, 0, 239, 1, 0, 72, 4, 199]
1546498234742;[171, 0, 17, 255, 161, 72, 68, 187, 197, 0, 0, 24, 1, 0, 239, 1, 0, 79, 4, 156]
1546498234746;[171, 0, 17, 255, 161, 72, 68, 187, 197, 0, 0, 23, 1, 0, 239, 1, 0, 71, 4, 106]
1546498234908;[171, 0, 4, 255, 132, 128, 78]
1546498234912;[171, 0, 17, 255, 161, 72, 68, 187, 197, 0, 0, 6, 1, 0, 239, 1, 0, 79, 4, 52]
1546498235082;[171, 0, 17, 255, 161, 72, 68, 187, 197, 0, 0, 61, 1, 0, 238, 1, 0, 40, 4, 52]
1546498235254;[171, 0, 17, 255, 161, 72, 68, 187, 197, 0, 0, 0, 1, 0, 241, 1, 0, 87, 4, 6]
1546498235258;[171, 0, 17, 255, 161, 72, 68, 187, 197, 0, 0, 40, 1, 0, 221, 1, 0, 119, 3, 186]
1546498235427;[171, 0, 17, 255, 161, 72, 68, 187, 197, 0, 0, 22, 1, 0, 219, 1, 0, 133, 3, 90]
1546498235431;[171, 0, 17, 255, 161, 72, 68, 187, 197, 0, 0, 23, 1, 0, 218, 1, 0, 124, 2, 254]
1546498235600;[171, 0, 17, 255, 161, 72, 68, 187, 197, 0, 0, 23, 1, 0, 220, 1, 0, 118, 2, 176]
1546498235604;[171, 0, 17, 255, 161, 72, 68, 187, 197, 0, 0, 18, 1, 0, 220, 1, 0, 123, 2, 87]
1546498235944;[171, 0, 17, 255, 161, 72, 68, 187, 198, 0, 0, 13, 1, 0, 222, 1, 0, 118, 2, 83]
1546498235949;[171, 0, 17, 255, 161, 72, 68, 187, 198, 0, 0, 16, 1, 0, 220, 1, 0, 117, 2, 125]
1546498235952;[171, 0, 4, 255, 132, 128, 78]
1546498236117;[171, 0, 17, 255, 161, 72, 68, 187, 198, 0, 0, 4, 1, 0, 231, 1, 0, 111, 2, 122]
1546498236120;[171, 0, 17, 255, 161, 72, 68, 187, 198, 1, 0, 3, 1, 0, 226, 1, 0, 120, 2, 118]
1546498236288;[171, 0, 17, 255, 161, 72, 68, 187, 198, 1, 0, 10, 1, 0, 233, 1, 0, 97, 2, 137]
1546498236292;[171, 0, 17, 255, 161, 72, 68, 187, 198, 0, 0, 83, 1, 0, 232, 1, 0, 89, 2, 178]
1546498236461;[171, 0, 17, 255, 161, 72, 68, 187, 198, 0, 0, 46, 1, 0, 236, 1, 0, 80, 2, 215]
1546498236634;[171, 0, 17, 255, 161, 72, 68, 187, 198, 0, 0, 3, 1, 0, 239, 1, 0, 75, 2, 205]
1546498236638;[171, 0, 17, 255, 161, 72, 68, 187, 198, 0, 0, 11, 1, 0, 238, 1, 0, 84, 3, 39]
1546498236806;[171, 0, 17, 255, 161, 72, 68, 187, 198, 0, 0, 13, 1, 0, 239, 1, 0, 85, 3, 130]
1546498236810;[171, 0, 17, 255, 161, 72, 68, 187, 199, 0, 0, 3, 1, 0, 239, 1, 0, 80, 3, 187]
1546498236979;[171, 0, 17, 255, 161, 72, 68, 187, 199, 0, 0, 17, 1, 0, 239, 1, 0, 79, 3, 236]
1546498237324;[171, 0, 4, 255, 132, 128, 78]
1546498237328;[171, 0, 17, 255, 161, 72, 68, 187, 199, 0, 0, 13, 1, 0, 238, 1, 0, 87, 3, 249]
1546498237332;[171, 0, 17, 255, 161, 72, 68, 187, 199, 0, 0, 19, 1, 0, 239, 1, 0, 82, 3, 238]
1546498237336;[171, 0, 17, 255, 161, 72, 68, 187, 199, 0, 0, 6, 1, 0, 239, 1, 0, 81, 3, 218]
1546498237496;[171, 0, 17, 255, 161, 72, 68, 187, 199, 0, 0, 13, 1, 0, 237, 1, 0, 88, 3, 227]
1546498237500;[171, 0, 17, 255, 161, 72, 68, 187, 199, 0, 0, 13, 1, 0, 236, 1, 0, 82, 4, 84]
1546498237668;[171, 0, 17, 255, 161, 72, 68, 187, 199, 0, 0, 11, 1, 0, 237, 1, 0, 85, 4, 156]
1546498237840;[171, 0, 17, 255, 161, 72, 68, 187, 199, 0, 0, 19, 1, 0, 239, 1, 0, 87, 4, 176]
1546498237844;[171, 0, 17, 255, 161, 72, 68, 187, 199, 0, 0, 6, 1, 0, 238, 1, 0, 87, 4, 200]
1546498238014;[171, 0, 17, 255, 161, 72, 68, 187, 200, 0, 0, 21, 1, 0, 235, 1, 0, 88, 4, 189]
1546498238018;[171, 0, 17, 255, 161, 72, 68, 187, 200, 0, 0, 13, 1, 0, 238, 1, 0, 88, 4, 153]
1546498238186;[171, 0, 4, 255, 132, 128, 79]
1546498238190;[171, 0, 17, 255, 161, 72, 68, 187, 200, 0, 0, 17, 1, 0, 235, 1, 0, 87, 4, 124]
1546498238531;[171, 0, 17, 255, 161, 72, 68, 187, 200, 0, 0, 7, 1, 0, 232, 1, 0, 88, 4, 112]
1546498238535;[171, 0, 17, 255, 161, 72, 68, 187, 200, 0, 0, 7, 1, 0, 233, 1, 0, 91, 4, 202]
1546498238539;[171, 0, 17, 255, 161, 72, 68, 187, 200, 0, 0, 18, 1, 0, 235, 1, 0, 88, 4, 232]
1546498238704;[171, 0, 17, 255, 161, 72, 68, 187, 200, 0, 0, 19, 1, 0, 233, 1, 0, 95, 4, 240]
1546498238708;[171, 0, 17, 255, 161, 72, 68, 187, 200, 0, 0, 19, 1, 0, 233, 1, 0, 88, 4, 247]
1546498238876;[171, 0, 17, 255, 161, 72, 68, 187, 200, 0, 0, 13, 1, 0, 235, 1, 0, 88, 4, 222]
1546498239048;[171, 0, 17, 255, 161, 72, 68, 187, 200, 0, 0, 12, 1, 0, 236, 1, 0, 92, 4, 192]
1546498239052;[171, 0, 17, 255, 161, 72, 68, 187, 201, 0, 0, 21, 1, 0, 233, 1, 0, 96, 4, 154]
1546498239221;[171, 0, 17, 255, 161, 72, 68, 187, 201, 0, 0, 18, 1, 0, 236, 1, 0, 88, 4, 233]
1546498239224;[171, 0, 4, 255, 132, 128, 79]
1546498239394;[171, 0, 17, 255, 161, 72, 68, 187, 201, 0, 0, 21, 1, 0, 232, 1, 0, 88, 5, 2]
1546498239398;[171, 0, 17, 255, 161, 72, 68, 187, 201, 0, 0, 7, 1, 0, 233, 1, 0, 88, 5, 5]
1546498239913;[171, 0, 17, 255, 161, 72, 68, 187, 201, 0, 0, 19, 1, 0, 235, 1, 0, 88, 5, 4]
1546498239917;[171, 0, 17, 255, 161, 72, 68, 187, 201, 0, 0, 21, 1, 0, 233, 1, 0, 88, 4, 226]
1546498239922;[171, 0, 17, 255, 161, 72, 68, 187, 201, 0, 0, 17, 1, 0, 236, 1, 0, 85, 4, 179]
1546498239926;[171, 0, 17, 255, 161, 72, 68, 187, 201, 0, 0, 21, 1, 0, 238, 1, 0, 87, 4, 140]
1546498240085;[171, 0, 17, 255, 161, 72, 68, 187, 201, 0, 0, 13, 1, 0, 232, 1, 0, 91, 4, 240]
1546498240088;[171, 0, 17, 255, 161, 72, 68, 187, 201, 0, 0, 18, 1, 0, 238, 1, 0, 88, 5, 32]
1546498240093;[171, 0, 17, 255, 161, 72, 68, 187, 202, 0, 0, 18, 1, 0, 233, 1, 0, 88, 5, 38]
1546498240256;[171, 0, 17, 255, 161, 72, 68, 187, 202, 0, 0, 17, 1, 0, 238, 1, 0, 82, 5, 55]
1546498240427;[171, 0, 4, 255, 132, 128, 79]
1546498240431;[171, 0, 17, 255, 161, 72, 68, 187, 202, 0, 0, 18, 1, 0, 236, 1, 0, 87, 5, 47]
1546498240601;[171, 0, 17, 255, 161, 72, 68, 187, 202, 0, 0, 13, 1, 0, 232, 1, 0, 95, 5, 25]
1546498240605;[171, 0, 17, 255, 161, 72, 68, 187, 202, 0, 0, 17, 1, 0, 238, 1, 0, 84, 4, 231]
1546498240773;[171, 0, 17, 255, 161, 72, 68, 187, 202, 0, 0, 6, 1, 0, 237, 1, 0, 79, 5, 53]
1546498241120;[171, 0, 17, 255, 161, 72, 68, 187, 202, 0, 0, 23, 1, 0, 235, 1, 0, 88, 5, 140]
1546498241124;[171, 0, 17, 255, 161, 72, 68, 187, 202, 0, 0, 7, 1, 0, 236, 1, 0, 84, 5, 180]
1546498241129;[171, 0, 17, 255, 161, 72, 68, 187, 202, 0, 0, 18, 1, 0, 236, 1, 0, 85, 5, 201]
1546498241133;[171, 0, 17, 255, 161, 72, 68, 187, 202, 0, 0, 17, 1, 0, 237, 1, 0, 87, 5, 186]
1546498241293;[171, 0, 17, 255, 161, 72, 68, 187, 203, 0, 0, 13, 1, 0, 239, 1, 0, 85, 5, 159]
1546498241296;[171, 0, 17, 255, 161, 72, 68, 187, 203, 0, 0, 19, 1, 0, 237, 1, 0, 87, 5, 119]
1546498241466;[171, 0, 4, 255, 132, 128, 79]
1546498241636;[171, 0, 17, 255, 161, 72, 68, 187, 203, 0, 0, 11, 1, 0, 235, 1, 0, 87, 5, 131]
1546498241640;[171, 0, 17, 255, 161, 72, 68, 187, 203, 0, 0, 19, 1, 0, 233, 1, 0, 84, 5, 230]
1546498241808;[171, 0, 17, 255, 161, 72, 68, 187, 203, 0, 0, 18, 1, 0, 236, 1, 0, 88, 6, 17]
1546498241812;[171, 0, 17, 255, 161, 72, 68, 187, 203, 0, 0, 17, 1, 0, 235, 1, 0, 96, 6, 30]
1546498241980;[171, 0, 17, 255, 161, 72, 68, 187, 203, 0, 0, 15, 1, 0, 241, 1, 0, 84, 5, 242]
1546498242328;[171, 0, 17, 255, 161, 72, 68, 187, 203, 0, 0, 7, 1, 0, 240, 1, 0, 64, 5, 152]
1546498242331;[171, 0, 17, 255, 161, 72, 68, 187, 203, 0, 0, 33, 1, 0, 248, 1, 0, 49, 5, 68]
1546498242336;[171, 0, 17, 255, 161, 72, 68, 187, 203, 0, 0, 40, 1, 0, 227, 1, 0, 105, 4, 212]
1546498242340;[171, 0, 17, 255, 161, 72, 68, 187, 204, 0, 0, 29, 1, 0, 226, 1, 0, 109, 4, 200]
1546498242499;[171, 0, 17, 255, 161, 72, 68, 187, 204, 0, 0, 40, 1, 0, 219, 1, 0, 124, 4, 197]
1546498242502;[171, 0, 4, 255, 132, 128, 79]
1546498242673;[171, 0, 17, 255, 161, 72, 68, 187, 204, 0, 0, 29, 1, 0, 210, 1, 0, 135, 4, 155]
1546498242844;[171, 0, 17, 255, 161, 72, 68, 187, 204, 0, 0, 50, 1, 0, 219, 1, 0, 124, 4, 122]
1546498242848;[171, 0, 17, 255, 161, 72, 68, 187, 204, 0, 0, 36, 1, 0, 219, 1, 0, 118, 4, 80]
1546498243016;[171, 0, 17, 255, 161, 72, 68, 187, 204, 0, 0, 32, 1, 0, 220, 1, 0, 124, 4, 12]
1546498243020;[171, 0, 17, 255, 161, 72, 68, 187, 204, 0, 0, 24, 1, 0, 219, 1, 0, 123, 3, 205]
1546498243187;[171, 0, 17, 255, 161, 72, 68, 187, 204, 0, 0, 23, 1, 0, 220, 1, 0, 118, 3, 157]
1546498243191;[171, 0, 17, 255, 161, 72, 68, 187, 204, 0, 0, 26, 1, 0, 217, 1, 0, 120, 3, 198]
1546498243361;[171, 0, 17, 255, 161, 72, 68, 187, 204, 0, 0, 23, 1, 0, 221, 1, 0, 119, 3, 193]
1546498243707;[171, 0, 17, 255, 161, 72, 68, 187, 205, 0, 0, 24, 1, 0, 219, 1, 0, 122, 3, 182]
1546498243711;[171, 0, 17, 255, 161, 72, 68, 187, 207, 1, 0, 40, 1, 0, 230, 1, 0, 107, 2, 71]
1546498243715;[171, 0, 17, 255, 161, 72, 68, 187, 207, 1, 0, 29, 1, 0, 230, 1, 0, 108, 2, 19]
1546498243879;[171, 0, 17, 255, 161, 72, 68, 187, 207, 1, 0, 36, 1, 0, 225, 1, 0, 106, 1, 203]
1546498244051;[171, 0, 17, 255, 161, 72, 68, 187, 207, 1, 0, 33, 1, 0, 224, 1, 0, 115, 1, 107]
1546498244222;[171, 0, 17, 255, 161, 72, 68, 187, 207, 1, 0, 32, 1, 0, 230, 1, 0, 92, 1, 58]
1546498244226;[171, 0, 17, 255, 161, 72, 68, 187, 207, 1, 0, 17, 1, 0, 232, 1, 0, 87, 1, 20]
1546498244396;[171, 0, 17, 255, 161, 72, 68, 187, 207, 1, 0, 37, 1, 0, 231, 1, 0, 92, 0, 246]
1546498244400;[171, 0, 17, 255, 161, 72, 68, 187, 207, 1, 0, 40, 1, 0, 231, 1, 0, 101, 1, 26]
1546498244567;[171, 0, 17, 255, 161, 72, 68, 187, 208, 1, 0, 25, 1, 0, 239, 1, 0, 79, 1, 106]
1546498244916;[171, 0, 17, 255, 161, 72, 68, 187, 208, 1, 0, 5, 1, 0, 232, 1, 0, 106, 1, 159]
1546498244920;[171, 0, 4, 255, 132, 128, 80]
1546498244924;[171, 0, 17, 255, 161, 72, 68, 187, 208, 0, 0, 43, 1, 0, 236, 1, 0, 89, 1, 214]
1546498244928;[171, 0, 17, 255, 161, 72, 68, 187, 208, 0, 0, 55, 1, 0, 236, 1, 0, 67, 1, 207]
1546498245085;[171, 0, 17, 255, 161, 72, 68, 187, 208, 0, 0, 35, 1, 0, 233, 1, 0, 102, 1, 136]
1546498245089;[171, 0, 17, 255, 161, 72, 68, 187, 208, 0, 0, 0, 1, 0, 239, 1, 0, 85, 1, 133]
1546498245259;[171, 0, 17, 255, 161, 72, 68, 187, 208, 0, 0, 39, 1, 0, 230, 1, 0, 103, 1, 209]
1546498245432;[171, 0, 17, 255, 161, 72, 68, 187, 208, 0, 0, 35, 1, 0, 231, 1, 0, 100, 2, 71]
1546498245436;[171, 0, 17, 255, 161, 72, 68, 187, 208, 0, 0, 26, 1, 0, 231, 1, 0, 102, 2, 134]
1546498245603;[171, 0, 17, 255, 161, 72, 68, 187, 208, 0, 0, 42, 1, 0, 230, 1, 0, 97, 2, 214]
1546498245608;[171, 0, 17, 255, 161, 72, 68, 187, 209, 0, 0, 27, 1, 0, 230, 1, 0, 102, 2, 249]
1546498245776;[171, 0, 17, 255, 161, 72, 68, 187, 209, 0, 0, 40, 1, 0, 231, 1, 0, 101, 3, 8]
1546498246295;[171, 0, 4, 255, 132, 128, 80]
1546498246299;[171, 0, 17, 255, 161, 72, 68, 187, 209, 0, 0, 26, 1, 0, 230, 1, 0, 102, 2, 240]
1546498246303;[171, 0, 17, 255, 161, 72, 68, 187, 209, 0, 0, 36, 1, 0, 232, 1, 0, 100, 2, 225]
1546498246308;[171, 0, 17, 255, 161, 72, 68, 187, 209, 0, 0, 27, 1, 0, 230, 1, 0, 98, 3, 3]
1546498246470;[171, 0, 17, 255, 161, 72, 68, 187, 209, 0, 0, 34, 1, 0, 230, 1, 0, 100, 3, 85]
1546498246475;[171, 0, 17, 255, 161, 72, 68, 187, 209, 0, 0, 29, 1, 0, 230, 1, 0, 104, 3, 120]
1546498246478;[171, 0, 17, 255, 161, 72, 68, 187, 209, 0, 0, 36, 1, 0, 230, 1, 0, 102, 3, 136]
1546498246639;[171, 0, 17, 255, 161, 72, 68, 187, 209, 0, 0, 37, 1, 0, 231, 1, 0, 97, 3, 178]
1546498246643;[171, 0, 17, 255, 161, 72, 68, 187, 209, 0, 0, 29, 1, 0, 230, 1, 0, 102, 3, 163]
1546498246811;[171, 0, 17, 255, 161, 72, 68, 187, 210, 0, 0, 37, 1, 0, 230, 1, 0, 100, 3, 130]
1546498246815;[171, 0, 17, 255, 161, 72, 68, 187, 210, 0, 0, 27, 1, 0, 226, 1, 0, 104, 3, 89]
1546498246983;[171, 0, 4, 255, 132, 128, 80]
1546498246987;[171, 0, 17, 255, 161, 72, 68, 187, 210, 0, 0, 37, 1, 0, 231, 1, 0, 98, 3, 96]
1546498247155;[171, 0, 17, 255, 161, 72, 68, 187, 210, 0, 0, 40, 1, 0, 231, 1, 0, 97, 3, 156]
1546498247502;[171, 0, 17, 255, 161, 72, 68, 187, 210, 0, 0, 43, 1, 0, 231, 1, 0, 95, 3, 183]
1546498247506;[171, 0, 17, 255, 161, 72, 68, 187, 210, 0, 0, 36, 1, 0, 231, 1, 0, 96, 3, 162]
1546498247510;[171, 0, 17, 255, 161, 72, 68, 187, 210, 0, 0, 38, 1, 0, 231, 1, 0, 97, 3, 171]
1546498247515;[171, 0, 17, 255, 161, 72, 68, 187, 210, 0, 0, 55, 1, 0, 226, 1, 0, 98, 3, 186]
1546498247673;[171, 0, 17, 255, 161, 72, 68, 187, 210, 0, 0, 46, 1, 0, 230, 1, 0, 102, 3, 177]
1546498247846;[171, 0, 17, 255, 161, 72, 68, 187, 210, 0, 0, 53, 1, 0, 223, 1, 0, 105, 3, 145]
1546498247850;[171, 0, 17, 255, 161, 72, 68, 187, 211, 0, 0, 55, 1, 0, 220, 1, 0, 108, 3, 85]
1546498248018;[171, 0, 17, 255, 161, 72, 68, 187, 211, 0, 0, 50, 1, 0, 219, 1, 0, 105, 3, 99]
1546498248022;[171, 0, 4, 255, 132, 128, 80]
1546498248191;[171, 0, 17, 255, 161, 72, 68, 187, 211, 0, 0, 46, 1, 0, 226, 1, 0, 101, 3, 116]
1546498248195;[171, 0, 17, 255, 161, 72, 68, 187, 211, 0, 0, 61, 1, 0, 219, 1, 0, 106, 3, 138]
1546498248363;[171, 0, 17, 255, 161, 72, 68, 187, 211, 0, 0, 59, 1, 0, 219, 1, 0, 110, 3, 115]
1546498248881;[171, 0, 17, 255, 161, 72, 68, 187, 211, 0, 0, 52, 1, 0, 226, 1, 0, 103, 3, 83]
1546498248885;[171, 0, 17, 255, 161, 72, 68, 187, 211, 0, 0, 58, 1, 0, 220, 1, 0, 103, 3, 45]
1546498248889;[171, 0, 17, 255, 161, 72, 68, 187, 211, 0, 0, 61, 1, 0, 220, 1, 0, 102, 2, 253]
1546498249055;[171, 0, 17, 255, 161, 72, 68, 187, 211, 0, 0, 49, 1, 0, 228, 1, 0, 103, 2, 187]
1546498249059;[171, 0, 17, 255, 161, 72, 68, 187, 211, 0, 0, 54, 1, 0, 221, 1, 0, 108, 2, 229]
1546498249063;[171, 0, 17, 255, 161, 72, 68, 187, 212, 0, 0, 57, 1, 0, 220, 1, 0, 103, 3, 8]
1546498249067;[171, 0, 17, 255, 161, 72, 68, 187, 212, 0, 0, 49, 1, 0, 225, 1, 0, 102, 2, 247]
1546498249225;[171, 0, 4, 255, 132, 128, 79]
1546498249228;[171, 0, 17, 255, 161, 72, 68, 187, 212, 0, 0, 48, 1, 0, 226, 1, 0, 103, 2, 230]
1546498249399;[171, 0, 17, 255, 161, 72, 68, 187, 212, 0, 0, 51, 1, 0, 221, 1, 0, 107, 2, 191]
1546498249403;[171, 0, 17, 255, 161, 72, 68, 187, 212, 0, 0, 55, 1, 0, 221, 1, 0, 103, 2, 161]
1546498249571;[171, 0, 17, 255, 161, 72, 68, 187, 212, 0, 0, 48, 1, 0, 225, 1, 0, 103, 2, 121]
1546498249743;[171, 0, 17, 255, 161, 72, 68, 187, 212, 0, 0, 52, 1, 0, 221, 1, 0, 101, 2, 86]
1546498249747;[171, 0, 17, 255, 161, 72, 68, 187, 212, 0, 0, 46, 1, 0, 224, 1, 0, 101, 2, 138]
1546498250091;[171, 0, 17, 255, 161, 72, 68, 187, 212, 0, 0, 51, 1, 0, 220, 1, 0, 102, 2, 152]
1546498250095;[171, 0, 17, 255, 161, 72, 68, 187, 212, 0, 0, 50, 1, 0, 230, 1, 0, 102, 2, 157]
1546498250100;[171, 0, 17, 255, 161, 72, 68, 187, 213, 0, 0, 47, 1, 0, 225, 1, 0, 101, 2, 164]
1546498250104;[171, 0, 17, 255, 161, 72, 68, 187, 213, 0, 0, 54, 1, 0, 225, 1, 0, 100, 2, 157]
1546498250261;[171, 0, 4, 255, 132, 128, 79]
1546498250433;[171, 0, 17, 255, 161, 72, 68, 187, 213, 0, 0, 46, 1, 0, 220, 1, 0, 103, 2, 129]
1546498250437;[171, 0, 17, 255, 161, 72, 68, 187, 213, 0, 0, 52, 1, 0, 226, 1, 0, 102, 2, 104]
1546498250606;[171, 0, 17, 255, 161, 72, 68, 187, 213, 0, 0, 51, 1, 0, 218, 1, 0, 106, 2, 54]
1546498250610;[171, 0, 17, 255, 161, 72, 68, 187, 213, 0, 0, 38, 1, 0, 225, 1, 0, 104, 2, 44]
1546498250778;[171, 0, 17, 255, 161, 72, 68, 187, 213, 0, 0, 44, 1, 0, 230, 1, 0, 95, 2, 16]
1546498250951;[171, 0, 17, 255, 161, 72, 68, 187, 213, 0, 0, 27, 1, 0, 237, 1, 0, 75, 1, 199]
1546498250955;[171, 0, 17, 255, 161, 72, 68, 187, 213, 0, 0, 27, 1, 0, 235, 1, 0, 84, 1, 149]
1546498251298;[171, 0, 17, 255, 161, 72, 68, 187, 213, 0, 0, 6, 1, 0, 233, 1, 0, 106, 1, 117]
1546498251302;[171, 0, 17, 255, 161, 72, 68, 187, 214, 0, 0, 22, 1, 0, 223, 1, 0, 118, 1, 81]
1546498251306;[171, 0, 17, 255, 161, 72, 68, 187, 214, 0, 0, 21, 1, 0, 226, 1, 0, 115, 1, 47]
1546498251310;[171, 0, 4, 255, 132, 128, 79]
1546498251468;[171, 0, 17, 255, 161, 72, 68, 187, 214, 0, 0, 24, 1, 0, 228, 1, 0, 109, 1, 67]
1546498251640;[171, 0, 17, 255, 161, 72, 68, 187, 214, 0, 0, 21, 1, 0, 230, 1, 0, 109, 1, 126]
1546498251644;[171, 0, 17, 255, 161, 72, 68, 187, 214, 1, 0, 1, 1, 0, 222, 1, 0, 112, 1, 128]
1546498251814;[171, 0, 17, 255, 161, 72, 68, 187, 214, 1, 0, 2, 1, 0, 226, 1, 0, 91, 1, 45]
1546498251818;[171, 0, 17, 255, 161, 72, 68, 187, 214, 0, 0, 64, 1, 0, 213, 1, 0, 80, 16, 148]
1546498251986;[171, 0, 17, 255, 161, 72, 68, 187, 214, 0, 0, 32, 1, 0, 179, 1, 0, 136, 6, 235]
1546498251990;[171, 0, 17, 255, 161, 72, 68, 187, 214, 0, 0, 50, 1, 0, 136, 1, 0, 219, 6, 39]
1546498252159;[171, 0, 17, 255, 161, 72, 68, 187, 214, 0, 0, 131, 1, 0, 113, 1, 0, 237, 5, 127]
1546498252332;[171, 0, 17, 255, 161, 72, 68, 187, 215, 0, 0, 62, 1, 0, 118, 1, 0, 223, 5, 63]
1546498252336;[171, 0, 17, 255, 161, 72, 68, 187, 215, 0, 0, 86, 1, 0, 111, 1, 0, 214, 4, 239]
1546498252676;[171, 0, 4, 255, 132, 128, 79]
1546498252680;[171, 0, 17, 255, 161, 72, 68, 187, 215, 0, 0, 71, 1, 0, 103, 1, 0, 232, 4, 138]
1546498252684;[171, 0, 17, 255, 161, 72, 68, 187, 215, 0, 0, 67, 1, 0, 103, 1, 0, 228, 4, 64]
1546498252848;[171, 0, 17, 255, 161, 72, 68, 187, 215, 0, 0, 79, 1, 0, 100, 1, 0, 219, 3, 251]
1546498252852;[171, 0, 17, 255, 161, 72, 68, 187, 215, 0, 0, 63, 1, 0, 106, 1, 0, 223, 3, 130]
1546498253020;[171, 0, 17, 255, 161, 72, 68, 187, 215, 0, 0, 53, 1, 0, 95, 1, 0, 233, 3, 19]
1546498253024;[171, 0, 17, 255, 161, 72, 68, 187, 215, 0, 0, 21, 1, 0, 95, 1, 0, 233, 2, 218]
1546498253192;[171, 0, 17, 255, 161, 72, 68, 187, 215, 0, 0, 46, 1, 0, 97, 1, 0, 232, 2, 218]
1546498253196;[171, 0, 17, 255, 161, 72, 68, 187, 215, 0, 0, 40, 1, 0, 95, 1, 0, 232, 2, 195]
1546498253366;[171, 0, 17, 255, 161, 72, 68, 187, 216, 0, 0, 31, 1, 0, 92, 1, 0, 230, 2, 145]
1546498253540;[171, 0, 17, 255, 161, 72, 68, 187, 216, 0, 0, 53, 1, 0, 91, 1, 0, 233, 2, 104]
1546498253543;[171, 0, 4, 255, 132, 128, 78]
1546498253885;[171, 0, 17, 255, 161, 72, 68, 187, 216, 0, 0, 43, 1, 0, 95, 1, 0, 233, 2, 66]
1546498253889;[171, 0, 17, 255, 161, 72, 68, 187, 216, 0, 0, 38, 1, 0, 92, 1, 0, 230, 2, 12]
1546498253894;[171, 0, 17, 255, 161, 72, 68, 187, 216, 0, 0, 48, 1, 0, 95, 1, 0, 230, 1, 223]
1546498253898;[171, 0, 17, 255, 161, 72, 68, 187, 216, 0, 0, 51, 1, 0, 91, 1, 0, 234, 1, 183]
1546498254055;[171, 0, 17, 255, 161, 72, 68, 187, 216, 0, 0, 51, 1, 0, 96, 1, 0, 231, 1, 211]
1546498254228;[171, 0, 17, 255, 161, 72, 68, 187, 216, 0, 0, 34, 1, 0, 89, 1, 0, 229, 1, 194]
1546498254232;[171, 0, 17, 255, 161, 72, 68, 187, 216, 0, 0, 40, 1, 0, 95, 1, 0, 229, 1, 191]
1546498254400;[171, 0, 17, 255, 161, 72, 68, 187, 216, 0, 0, 59, 1, 0, 94, 1, 0, 232, 1, 201]
1546498254404;[171, 0, 17, 255, 161, 72, 68, 187, 217, 0, 0, 51, 1, 0, 90, 1, 0, 234, 1, 202]
1546498254573;[171, 0, 17, 255, 161, 72, 68, 187, 217, 0, 0, 43, 1, 0, 95, 1, 0, 229, 1, 157]
1546498254745;[171, 0, 4, 255, 132, 128, 78]
1546498254749;[171, 0, 17, 255, 161, 72, 68, 187, 217, 0, 0, 43, 1, 0, 92, 1, 0, 234, 1, 95]
1546498255265;[171, 0, 17, 255, 161, 72, 68, 187, 217, 0, 0, 40, 1, 0, 95, 1, 0, 230, 1, 147]
1546498255269;[171, 0, 17, 255, 161, 72, 68, 187, 217, 1, 0, 6, 1, 0, 94, 1, 0, 238, 1, 225]
1546498255273;[171, 0, 17, 255, 161, 72, 68, 187, 217, 1, 0, 37, 1, 0, 87, 1, 0, 249, 1, 212]
1546498255277;[171, 0, 17, 255, 161, 72, 68, 187, 217, 1, 0, 9, 1, 0, 91, 1, 0, 238, 1, 198]
1546498255437;[171, 0, 17, 255, 161, 72, 68, 187, 217, 1, 0, 9, 1, 0, 89, 1, 0, 237, 1, 167]
1546498255441;[171, 0, 17, 255, 161, 72, 68, 187, 217, 1, 0, 2, 1, 0, 96, 1, 0, 235, 1, 151]
1546498255445;[171, 0, 17, 255, 161, 72, 68, 187, 217, 0, 0, 13, 1, 0, 92, 1, 0, 237, 1, 133]
1546498255609;[171, 0, 17, 255, 161, 72, 68, 187, 218, 0, 0, 36, 1, 0, 95, 1, 0, 232, 1, 93]
1546498255613;[171, 0, 17, 255, 161, 72, 68, 187, 218, 0, 0, 30, 1, 0, 89, 1, 0, 233, 1, 137]
1546498255780;[171, 0, 4, 255, 132, 128, 78]
1546498255954;[171, 0, 17, 255, 161, 72, 68, 187, 218, 0, 0, 43, 1, 0, 87, 1, 0, 234, 1, 172]
1546498255959;[171, 0, 17, 255, 161, 72, 68, 187, 218, 0, 0, 59, 1, 0, 92, 1, 0, 228, 1, 96]
1546498256125;[171, 0, 17, 255, 161, 72, 68, 187, 218, 0, 0, 63, 1, 0, 89, 1, 0, 230, 1, 31]
1546498256130;[171, 0, 17, 255, 161, 72, 68, 187, 218, 0, 0, 55, 1, 0, 89, 1, 0, 228, 0, 232]
1546498256472;[171, 0, 17, 255, 161, 72, 68, 187, 218, 0, 0, 6, 1, 0, 92, 1, 0, 235, 16, 184]
1546498256476;[171, 0, 17, 255, 161, 72, 68, 187, 218, 0, 0, 3, 1, 0, 97, 1, 0, 235, 7, 201]
1546498256480;[171, 0, 17, 255, 161, 72, 68, 187, 218, 1, 0, 3, 1, 0, 95, 1, 0, 237, 7, 195]
1546498256644;[171, 0, 17, 255, 161, 72, 68, 187, 218, 1, 0, 3, 1, 0, 91, 1, 0, 236, 8, 3]
1546498256648;[171, 0, 17, 255, 161, 72, 68, 187, 219, 1, 0, 13, 1, 0, 96, 1, 0, 235, 7, 234]
1546498256816;[171, 0, 17, 255, 161, 72, 68, 187, 219, 1, 0, 6, 1, 0, 94, 1, 0, 235, 7, 192]
1546498256820;[171, 0, 4, 255, 132, 128, 77]
1546498256988;[171, 0, 17, 255, 161, 72, 68, 187, 219, 1, 0, 3, 1, 0, 92, 1, 0, 237, 7, 219]
1546498256992;[171, 0, 17, 255, 161, 72, 68, 187, 219, 1, 0, 4, 1, 0, 92, 1, 0, 238, 7, 212]
1546498257161;[171, 0, 17, 255, 161, 72, 68, 187, 219, 1, 0, 3, 1, 0, 91, 1, 0, 237, 7, 208]
1546498257333;[171, 0, 17, 255, 161, 72, 68, 187, 219, 0, 0, 1, 1, 0, 95, 1, 0, 236, 7, 179]
1546498257340;[171, 0, 17, 255, 161, 72, 68, 187, 219, 1, 0, 4, 1, 0, 92, 1, 0, 240, 7, 133]
1546498257679;[171, 0, 17, 255, 161, 72, 68, 187, 219, 1, 0, 2, 1, 0, 93, 1, 0, 240, 7, 160]
1546498257683;[171, 0, 17, 255, 161, 72, 68, 187, 219, 0, 0, 3, 1, 0, 91, 1, 0, 237, 7, 228]
1546498257688;[171, 0, 17, 255, 161, 72, 68, 187, 219, 0, 0, 0, 1, 0, 91, 1, 0, 237, 7, 236]
1546498257851;[171, 0, 17, 255, 161, 72, 68, 187, 220, 0, 0, 26, 1, 0, 95, 1, 0, 229, 7, 221]
1546498257855;[171, 0, 17, 255, 161, 72, 68, 187, 220, 0, 0, 35, 1, 0, 91, 1, 0, 233, 7, 242]
1546498258022;[171, 0, 4, 255, 132, 128, 77]
1546498258027;[171, 0, 17, 255, 161, 72, 68, 187, 220, 0, 0, 25, 1, 0, 91, 1, 0, 235, 8, 1]
1546498258197;[171, 0, 17, 255, 161, 72, 68, 187, 220, 0, 0, 29, 1, 0, 88, 1, 0, 234, 8, 4]
1546498258200;[171, 0, 17, 255, 161, 72, 68, 187, 220, 0, 0, 41, 1, 0, 92, 1, 0, 232, 7, 231]
1546498258368;[171, 0, 17, 255, 161, 72, 68, 187, 220, 0, 0, 51, 1, 0, 88, 1, 0, 235, 8, 71]
1546498258540;[171, 0, 17, 255, 161, 72, 68, 187, 220, 0, 0, 31, 1, 0, 95, 1, 0, 234, 8, 117]
1546498258544;[171, 0, 17, 255, 161, 72, 68, 187, 220, 0, 0, 37, 1, 0, 89, 1, 0, 234, 8, 130]
1546498258713;[171, 0, 17, 255, 161, 72, 68, 187, 220, 0, 0, 43, 1, 0, 89, 1, 0, 232, 8, 141]
1546498258717;[171, 0, 17, 255, 161, 72, 68, 187, 220, 0, 0, 46, 1, 0, 89, 1, 0, 233, 8, 147]
1546498259059;[171, 0, 17, 255, 161, 72, 68, 187, 221, 0, 0, 32, 1, 0, 90, 1, 0, 237, 8, 133]
1546498259063;[171, 0, 17, 255, 161, 72, 68, 187, 221, 0, 0, 43, 1, 0, 95, 1, 0, 232, 8, 42]
1546498259067;[171, 0, 4, 255, 132, 128, 77]
1546498259232;[171, 0, 17, 255, 161, 72, 68, 187, 221, 0, 0, 36, 1, 0, 92, 1, 0, 232, 8, 19]
1546498259235;[171, 0, 17, 255, 161, 72, 68, 187, 221, 0, 0, 29, 1, 0, 89, 1, 0, 234, 8, 78]
1546498259403;[171, 0, 17, 255, 161, 72, 68, 187, 221, 0, 0, 34, 1, 0, 89, 1, 0, 235, 8, 109]
1546498259408;[171, 0, 17, 255, 161, 72, 68, 187, 221, 0, 0, 36, 1, 0, 88, 1, 0, 232, 8, 135]
1546498259575;[171, 0, 17, 255, 161, 72, 68, 187, 221, 0, 0, 63, 1, 0, 95, 1, 0, 228, 8, 133]
1546498259748;[171, 0, 17, 255, 161, 72, 68, 187, 221, 0, 0, 79, 1, 0, 88, 1, 0, 224, 8, 30]
1546498259752;[171, 0, 17, 255, 161, 72, 68, 187, 221, 0, 0, 76, 1, 0, 88, 1, 0, 228, 7, 198]
1546498259922;[171, 0, 17, 255, 161, 72, 68, 187, 221, 0, 0, 87, 1, 0, 89, 1, 0, 228, 7, 91]
1546498259926;[171, 0, 17, 255, 161, 72, 68, 187, 222, 0, 0, 64, 1, 0, 89, 1, 0, 229, 7, 123]
1546498260266;[171, 0, 17, 255, 161, 72, 68, 187, 222, 0, 0, 41, 1, 0, 91, 1, 0, 220, 7, 144]
1546498260270;[171, 0, 4, 255, 132, 128, 77]
1546498260274;[171, 0, 17, 255, 161, 72, 68, 187, 222, 0, 0, 61, 1, 0, 88, 1, 0, 229, 7, 40]
1546498260439;[171, 0, 17, 255, 161, 72, 68, 187, 222, 0, 0, 83, 1, 0, 89, 1, 0, 228, 6, 247]
1546498260443;[171, 0, 17, 255, 161, 72, 68, 187, 222, 0, 0, 63, 1, 0, 92, 1, 0, 232, 6, 204]
1546498260611;[171, 0, 17, 255, 161, 72, 68, 187, 222, 0, 0, 59, 1, 0, 87, 1, 0, 228, 6, 164]
1546498260615;[171, 0, 17, 255, 161, 72, 68, 187, 222, 0, 0, 51, 1, 0, 89, 1, 0, 229, 6, 96]
1546498260784;[171, 0, 17, 255, 161, 72, 68, 187, 222, 0, 0, 26, 1, 0, 75, 1, 0, 249, 6, 118]
1546498260788;[171, 0, 17, 255, 161, 72, 68, 187, 222, 0, 0, 61, 1, 0, 67, 1, 0, 228, 6, 134]
1546498260955;[171, 0, 17, 255, 161, 72, 68, 187, 222, 0, 0, 51, 1, 0, 91, 1, 0, 233, 6, 52]
1546498261128;[171, 0, 17, 255, 161, 72, 68, 187, 223, 0, 0, 53, 1, 0, 68, 1, 0, 235, 5, 142]
1546498261132;[171, 0, 17, 255, 161, 72, 68, 187, 223, 0, 0, 97, 1, 0, 130, 1, 1, 23, 5, 21]
1546498261301;[171, 0, 4, 255, 132, 128, 77]
1546498261305;[171, 0, 17, 255, 161, 72, 68, 187, 223, 0, 0, 71, 1, 0, 76, 1, 0, 222, 4, 248]
1546498261646;[171, 0, 17, 255, 161, 72, 68, 187, 223, 0, 0, 62, 1, 0, 89, 1, 0, 219, 4, 219]
1546498261651;[171, 0, 17, 255, 161, 72, 68, 187, 223, 0, 0, 71, 1, 0, 88, 1, 0, 229, 4, 219]
1546498261655;[171, 0, 17, 255, 161, 72, 68, 187, 223, 0, 0, 57, 1, 0, 81, 1, 0, 233, 4, 244]
1546498261819;[171, 0, 17, 255, 161, 72, 68, 187, 223, 0, 0, 72, 1, 0, 86, 1, 0, 230, 4, 237]
1546498261822;[171, 0, 17, 255, 161, 72, 68, 187, 223, 0, 0, 77, 1, 0, 87, 1, 0, 230, 4, 233]
1546498261990;[171, 0, 17, 255, 161, 72, 68, 187, 223, 0, 0, 86, 1, 0, 86, 1, 0, 224, 4, 228]
1546498261995;[171, 0, 17, 255, 161, 72, 68, 187, 223, 0, 0, 99, 1, 0, 69, 1, 0, 220, 4, 227]
1546498262164;[171, 0, 17, 255, 161, 72, 68, 187, 224, 0, 0, 126, 1, 0, 80, 1, 0, 218, 4, 208]
1546498262336;[171, 0, 17, 255, 161, 72, 68, 187, 224, 0, 0, 86, 1, 0, 82, 1, 0, 219, 4, 217]
1546498262340;[171, 0, 4, 255, 132, 128, 77]
1546498262508;[171, 0, 17, 255, 161, 72, 68, 187, 224, 0, 0, 104, 1, 0, 82, 1, 0, 217, 5, 172]
1546498262513;[171, 0, 17, 255, 161, 72, 68, 187, 224, 0, 0, 111, 1, 0, 81, 1, 0, 220, 6, 20]
1546498262855;[171, 0, 17, 255, 161, 72, 68, 187, 224, 0, 0, 114, 1, 0, 87, 1, 0, 228, 6, 70]
1546498262859;[171, 0, 17, 255, 161, 72, 68, 187, 224, 0, 0, 160, 1, 0, 65, 1, 1, 21, 6, 22]
1546498262863;[171, 0, 17, 255, 161, 72, 68, 187, 224, 0, 0, 64, 1, 0, 93, 1, 0, 207, 5, 69]
1546498263025;[171, 0, 17, 255, 161, 72, 68, 187, 224, 0, 0, 13, 1, 0, 204, 1, 0, 53, 5, 69]
1546498263029;[171, 0, 17, 255, 161, 72, 68, 187, 224, 0, 0, 26, 1, 0, 229, 1, 0, 114, 5, 65]
1546498263199;[171, 0, 17, 255, 161, 72, 68, 187, 224, 0, 0, 10, 1, 0, 197, 1, 0, 101, 5, 163]
1546498263203;[171, 0, 17, 255, 161, 72, 68, 187, 225, 1, 0, 106, 1, 0, 110, 1, 0, 118, 5, 198]
1546498263371;[171, 0, 17, 255, 161, 72, 68, 187, 225, 0, 0, 1, 1, 0, 211, 1, 0, 111, 5, 158]
1546498263543;[171, 0, 4, 255, 132, 128, 77]
1546498263547;[171, 0, 17, 255, 161, 72, 68, 187, 225, 1, 0, 65, 1, 0, 223, 1, 0, 99, 5, 162]
1546498263716;[171, 0, 17, 255, 161, 72, 68, 187, 225, 1, 0, 105, 1, 0, 218, 1, 0, 37, 6, 49]
1546498263720;[171, 0, 17, 255, 161, 72, 68, 187, 225, 1, 0, 44, 1, 0, 248, 1, 0, 45, 6, 149]
1546498264235;[171, 0, 17, 255, 161, 72, 68, 187, 225, 1, 0, 76, 1, 0, 231, 1, 0, 65, 6, 196]
1546498264240;[171, 0, 17, 255, 161, 72, 68, 187, 225, 1, 0, 73, 1, 0, 239, 1, 0, 75, 7, 34]
1546498264245;[171, 0, 17, 255, 161, 72, 68, 187, 225, 1, 0, 52, 1, 0, 232, 1, 0, 55, 7, 247]
1546498264249;[171, 0, 17, 255, 161, 72, 68, 187, 225, 1, 0, 76, 1, 0, 225, 1, 0, 84, 8, 123]
1546498264406;[171, 0, 17, 255, 161, 72, 68, 187, 225, 1, 0, 56, 1, 0, 232, 1, 0, 70, 8, 219]
1546498264410;[171, 0, 17, 255, 161, 72, 68, 187, 226, 1, 0, 63, 1, 0, 232, 1, 0, 79, 9, 32]
1546498264414;[171, 0, 17, 255, 161, 72, 68, 187, 226, 1, 0, 26, 1, 0, 232, 1, 0, 55, 9, 51]
1546498264577;[171, 0, 4, 255, 132, 128, 78]
1546498264752;[171, 0, 17, 255, 161, 72, 68, 187, 226, 1, 0, 56, 1, 0, 235, 1, 0, 80, 9, 92]
1546498264756;[171, 0, 17, 255, 161, 72, 68, 187, 226, 1, 0, 57, 1, 0, 233, 1, 0, 63, 9, 131]
1546498264924;[171, 0, 17, 255, 161, 72, 68, 187, 226, 1, 0, 52, 1, 0, 233, 1, 0, 65, 10, 96]
1546498264928;[171, 0, 17, 255, 161, 72, 68, 187, 226, 1, 0, 73, 1, 0, 230, 1, 0, 75, 10, 251]
1546498265096;[171, 0, 17, 255, 161, 72, 68, 187, 226, 1, 0, 62, 1, 0, 231, 1, 0, 69, 11, 101]
1546498265100;[171, 0, 17, 255, 161, 72, 68, 187, 226, 1, 0, 67, 1, 0, 232, 1, 0, 67, 11, 204]
1546498265442;[171, 0, 17, 255, 161, 72, 68, 187, 226, 1, 0, 61, 1, 0, 232, 1, 0, 64, 11, 254]
1546498265446;[171, 0, 17, 255, 161, 72, 68, 187, 226, 1, 0, 69, 1, 0, 232, 1, 0, 62, 12, 16]
1546498265451;[171, 0, 17, 255, 161, 72, 68, 187, 227, 1, 0, 77, 1, 0, 231, 1, 0, 62, 12, 8]
1546498265614;[171, 0, 17, 255, 161, 72, 68, 187, 229, 1, 0, 83, 1, 0, 231, 1, 0, 52, 8, 174]
1546498265786;[171, 0, 17, 255, 161, 72, 68, 187, 229, 1, 0, 79, 1, 0, 230, 1, 0, 46, 8, 174]
1546498265805;[171, 0, 17, 255, 161, 72, 68, 187, 229, 1, 0, 67, 1, 0, 236, 1, 0, 46, 9, 22]
1546498266130;[171, 0, 17, 255, 161, 72, 68, 187, 229, 1, 0, 88, 1, 0, 230, 1, 0, 51, 9, 78]
1546498266134;[171, 0, 17, 255, 161, 72, 68, 187, 229, 1, 0, 80, 1, 0, 230, 1, 0, 55, 9, 107]
1546498266303;[171, 0, 17, 255, 161, 72, 68, 187, 229, 1, 0, 83, 1, 0, 226, 1, 0, 52, 9, 81]
1546498266307;[171, 0, 17, 255, 161, 72, 68, 187, 229, 1, 0, 80, 1, 0, 232, 1, 0, 55, 9, 159]
1546498266649;[171, 0, 17, 255, 161, 72, 68, 187, 229, 1, 0, 67, 1, 0, 233, 1, 0, 48, 10, 38]
1546498266654;[171, 0, 17, 255, 161, 72, 68, 187, 230, 1, 0, 84, 1, 0, 231, 1, 0, 49, 10, 96]
1546498266658;[171, 0, 17, 255, 161, 72, 68, 187, 230, 1, 0, 83, 1, 0, 230, 1, 0, 56, 10, 144]
1546498266821;[171, 0, 4, 255, 132, 128, 78]
1546498266826;[171, 0, 17, 255, 161, 72, 68, 187, 230, 1, 0, 79, 1, 0, 232, 1, 0, 51, 10, 179]
1546498266993;[171, 0, 17, 255, 161, 72, 68, 187, 230, 1, 0, 81, 1, 0, 231, 1, 0, 49, 10, 176]
1546498266998;[171, 0, 17, 255, 161, 72, 68, 187, 230, 1, 0, 63, 1, 0, 234, 1, 0, 64, 10, 187]
1546498267165;[171, 0, 17, 255, 161, 72, 68, 187, 230, 1, 0, 86, 1, 0, 228, 1, 0, 74, 11, 18]
1546498267340;[171, 0, 17, 255, 161, 72, 68, 187, 230, 1, 0, 82, 1, 0, 231, 1, 0, 65, 11, 171]
1546498267344;[171, 0, 17, 255, 161, 72, 68, 187, 230, 1, 0, 94, 1, 0, 230, 1, 0, 53, 11, 250]
1546498267510;[171, 0, 17, 255, 161, 72, 68, 187, 230, 1, 0, 79, 1, 0, 230, 1, 0, 60, 12, 48]
1546498267513;[171, 0, 17, 255, 161, 72, 68, 187, 230, 1, 0, 74, 1, 0, 230, 1, 0, 63, 12, 88]
1546498267684;[171, 0, 17, 255, 161, 72, 68, 187, 231, 1, 0, 86, 1, 0, 225, 1, 0, 63, 12, 96]
1546498267688;[171, 0, 17, 255, 161, 72, 68, 187, 231, 1, 0, 77, 1, 0, 230, 1, 0, 64, 12, 105]
1546498268029;[171, 0, 4, 255, 132, 128, 78]
1546498268033;[171, 0, 17, 255, 161, 72, 68, 187, 231, 1, 0, 83, 1, 0, 230, 1, 0, 59, 12, 121]
1546498268037;[171, 0, 17, 255, 161, 72, 68, 187, 231, 1, 0, 79, 1, 0, 227, 1, 0, 63, 13, 5]
1546498268202;[171, 0, 17, 255, 161, 72, 68, 187, 231, 1, 0, 73, 1, 0, 231, 1, 0, 57, 13, 80]
1546498268206;[171, 0, 17, 255, 161, 72, 68, 187, 231, 1, 0, 86, 1, 0, 220, 1, 0, 60, 13, 92]
1546498268374;[171, 0, 17, 255, 161, 72, 68, 187, 231, 1, 0, 80, 1, 0, 225, 1, 0, 65, 13, 123]
1546498268556;[171, 0, 17, 255, 161, 72, 68, 187, 231, 1, 0, 83, 1, 0, 230, 1, 0, 63, 13, 140]
1546498268560;[171, 0, 17, 255, 161, 72, 68, 187, 231, 1, 0, 79, 1, 0, 231, 1, 0, 63, 13, 138]
1546498268719;[171, 0, 17, 255, 161, 72, 68, 187, 231, 1, 0, 76, 1, 0, 230, 1, 0, 62, 13, 127]
1546498268723;[171, 0, 17, 255, 161, 72, 68, 187, 232, 1, 0, 84, 1, 0, 225, 1, 0, 63, 13, 219]
1546498268891;[171, 0, 17, 255, 161, 72, 68, 187, 232, 1, 0, 84, 1, 0, 230, 1, 0, 65, 14, 12]
1546498268895;[171, 0, 4, 255, 132, 128, 79]
1546498269237;[171, 0, 17, 255, 161, 72, 68, 187, 232, 1, 0, 79, 1, 0, 228, 1, 0, 63, 14, 64]
1546498269241;[171, 0, 17, 255, 161, 72, 68, 187, 232, 1, 0, 96, 1, 0, 225, 1, 0, 65, 14, 105]
1546498269245;[171, 0, 17, 255, 161, 72, 68, 187, 232, 1, 0, 67, 1, 0, 230, 1, 0, 65, 14, 116]
1546498269408;[171, 0, 17, 255, 161, 72, 68, 187, 232, 1, 0, 73, 1, 0, 231, 1, 0, 63, 14, 110]
1546498269412;[171, 0, 17, 255, 161, 72, 68, 187, 232, 1, 0, 86, 1, 0, 221, 1, 0, 65, 14, 87]
1546498269580;[171, 0, 17, 255, 161, 72, 68, 187, 232, 1, 0, 76, 1, 0, 226, 1, 0, 70, 14, 219]
1546498269584;[171, 0, 17, 255, 161, 72, 68, 187, 232, 1, 0, 84, 1, 0, 226, 1, 0, 64, 15, 51]
1546498269753;[171, 0, 17, 255, 161, 72, 68, 187, 232, 1, 0, 74, 1, 0, 231, 1, 0, 69, 31, 106]
1546498269927;[171, 0, 17, 255, 161, 72, 68, 187, 233, 1, 0, 71, 1, 0, 232, 1, 0, 64, 7, 227]
1546498269931;[171, 0, 17, 255, 161, 72, 68, 187, 233, 1, 0, 89, 1, 0, 225, 1, 0, 68, 7, 204]
1546498270098;[171, 0, 4, 255, 132, 128, 79]
1546498270102;[171, 0, 17, 255, 161, 72, 68, 187, 233, 1, 0, 82, 1, 0, 230, 1, 0, 67, 7, 183]
1546498270616;[171, 0, 17, 255, 161, 72, 68, 187, 233, 1, 0, 80, 1, 0, 230, 1, 0, 65, 7, 144]
1546498270621;[171, 0, 17, 255, 161, 72, 68, 187, 233, 1, 0, 83, 1, 0, 230, 1, 0, 67, 7, 159]
1546498270625;[171, 0, 17, 255, 161, 72, 68, 187, 233, 1, 0, 73, 1, 0, 232, 1, 0, 62, 7, 184]
1546498270629;[171, 0, 17, 255, 161, 72, 68, 187, 233, 1, 0, 88, 1, 0, 225, 1, 0, 67, 7, 122]
1546498270789;[171, 0, 17, 255, 161, 72, 68, 187, 233, 1, 0, 84, 1, 0, 220, 1, 0, 74, 7, 39]
1546498270793;[171, 0, 17, 255, 161, 72, 68, 187, 233, 1, 0, 77, 1, 0, 228, 1, 0, 69, 6, 152]
1546498270797;[171, 0, 17, 255, 161, 72, 68, 187, 233, 1, 0, 83, 1, 0, 228, 1, 0, 66, 6, 8]
1546498270961;[171, 0, 17, 255, 161, 72, 68, 187, 234, 1, 0, 79, 1, 0, 230, 1, 0, 65, 5, 151]
1546498271133;[171, 0, 17, 255, 161, 72, 68, 187, 234, 1, 0, 75, 1, 0, 231, 1, 0, 62, 5, 113]
1546498271137;[171, 0, 4, 255, 132, 128, 80]
1546498271307;[171, 0, 17, 255, 161, 72, 68, 187, 234, 1, 0, 88, 1, 0, 220, 1, 0, 70, 5, 247]
1546498271311;[171, 0, 17, 255, 161, 72, 68, 187, 234, 1, 0, 82, 1, 0, 221, 1, 0, 74, 6, 109]
1546498271477;[171, 0, 17, 255, 161, 72, 68, 187, 234, 1, 0, 76, 1, 0, 228, 1, 0, 65, 6, 146]
1546498271826;[171, 0, 17, 255, 161, 72, 68, 187, 234, 1, 0, 83, 1, 0, 226, 1, 0, 65, 6, 70]
1546498271830;[171, 0, 17, 255, 161, 72, 68, 187, 234, 1, 0, 69, 1, 0, 231, 1, 0, 64, 5, 189]
1546498271834;[171, 0, 17, 255, 161, 72, 68, 187, 234, 1, 0, 78, 1, 0, 231, 1, 0, 64, 5, 56]
1546498271839;[171, 0, 17, 255, 161, 72, 68, 187, 234, 1, 0, 97, 1, 0, 220, 1, 0, 79, 4, 208]
1546498271997;[171, 0, 17, 255, 161, 72, 68, 187, 234, 1, 0, 80, 1, 0, 228, 1, 0, 70, 4, 140]
1546498272000;[171, 0, 17, 255, 161, 72, 68, 187, 235, 1, 0, 91, 1, 0, 226, 1, 0, 70, 4, 172]
1546498272168;[171, 0, 17, 255, 161, 72, 68, 187, 235, 1, 0, 77, 1, 0, 230, 1, 0, 69, 4, 179]
1546498272340;[171, 0, 4, 255, 132, 128, 80]
1546498272344;[171, 0, 17, 255, 161, 72, 68, 187, 235, 1, 0, 67, 1, 0, 232, 1, 0, 64, 4, 202]
1546498272515;[171, 0, 17, 255, 161, 72, 68, 187, 235, 1, 0, 86, 1, 0, 221, 1, 0, 63, 4, 253]
1546498272519;[171, 0, 17, 255, 161, 72, 68, 187, 235, 1, 0, 91, 1, 0, 219, 1, 0, 65, 5, 56]
1546498272686;[171, 0, 17, 255, 161, 72, 68, 187, 235, 1, 0, 83, 1, 0, 230, 1, 0, 68, 5, 112]
1546498272690;[171, 0, 17, 255, 161, 72, 68, 187, 235, 1, 0, 88, 1, 0, 226, 1, 0, 69, 5, 124]
1546498273031;[171, 0, 17, 255, 161, 72, 68, 187, 235, 1, 0, 83, 1, 0, 226, 1, 0, 74, 5, 150]
1546498273035;[171, 0, 17, 255, 161, 72, 68, 187, 235, 1, 0, 67, 1, 0, 233, 1, 0, 58, 5, 225]
1546498273039;[171, 0, 17, 255, 161, 72, 68, 187, 235, 1, 0, 91, 1, 0, 220, 1, 0, 65, 5, 249]
1546498273205;[171, 0, 17, 255, 161, 72, 68, 187, 236, 1, 0, 84, 1, 0, 221, 1, 0, 75, 6, 65]
1546498273208;[171, 0, 17, 255, 161, 72, 68, 187, 236, 1, 0, 79, 1, 0, 226, 1, 0, 69, 6, 67]
1546498273375;[171, 0, 4, 255, 132, 128, 81]
1546498273548;[171, 0, 17, 255, 161, 72, 68, 187, 236, 1, 0, 80, 1, 0, 220, 1, 0, 69, 5, 199]
1546498273551;[171, 0, 17, 255, 161, 72, 68, 187, 236, 1, 0, 76, 1, 0, 231, 1, 0, 67, 5, 67]
1546498273720;[171, 0, 17, 255, 161, 72, 68, 187, 236, 1, 0, 82, 1, 0, 222, 1, 0, 62, 4, 169]
1546498273725;[171, 0, 17, 255, 161, 72, 68, 187, 236, 1, 0, 89, 1, 0, 219, 1, 0, 64, 4, 131]
1546498273893;[171, 0, 17, 255, 161, 72, 68, 187, 236, 1, 0, 84, 1, 0, 224, 1, 0, 64, 5, 11]
1546498273897;[171, 0, 17, 255, 161, 72, 68, 187, 236, 1, 0, 86, 1, 0, 220, 1, 0, 68, 5, 126]
1546498274065;[171, 0, 17, 255, 161, 72, 68, 187, 236, 1, 0, 86, 1, 0, 226, 1, 0, 74, 5, 228]
1546498274412;[171, 0, 17, 255, 161, 72, 68, 187, 236, 1, 0, 80, 1, 0, 230, 1, 0, 69, 5, 236]
1546498274417;[171, 0, 17, 255, 161, 72, 68, 187, 237, 1, 0, 79, 1, 0, 221, 1, 0, 75, 5, 155]
1546498274421;[171, 0, 17, 255, 161, 72, 68, 187, 237, 1, 0, 80, 1, 0, 230, 1, 0, 80, 5, 89]
1546498274425;[171, 0, 4, 255, 132, 128, 81]
1546498274584;[171, 0, 17, 255, 161, 72, 68, 187, 237, 1, 0, 74, 1, 0, 230, 1, 0, 46, 4, 249]
1546498274588;[171, 0, 17, 255, 161, 72, 68, 187, 237, 1, 0, 74, 1, 0, 226, 1, 0, 84, 4, 117]
1546498274755;[171, 0, 17, 255, 161, 72, 68, 187, 237, 1, 0, 62, 1, 0, 232, 1, 0, 84, 3, 52]
1546498274929;[171, 0, 17, 255, 161, 72, 68, 187, 237, 1, 0, 47, 1, 0, 242, 1, 0, 3, 16, 102]
1546498274933;[171, 0, 17, 255, 161, 72, 68, 187, 237, 0, 0, 15, 1, 0, 241, 1, 0, 80, 7, 206]
1546498275101;[171, 0, 17, 255, 161, 72, 68, 187, 237, 0, 0, 1, 1, 0, 235, 1, 0, 52, 7, 145]
1546498275105;[171, 0, 17, 255, 161, 72, 68, 187, 237, 0, 0, 48, 1, 0, 232, 1, 0, 92, 7, 226]
1546498275273;[171, 0, 17, 255, 161, 72, 68, 187, 237, 0, 0, 26, 1, 0, 231, 1, 0, 99, 7, 209]
1546498275620;[171, 0, 17, 255, 161, 72, 68, 187, 238, 0, 0, 21, 1, 0, 230, 1, 0, 103, 7, 81]
1546498275624;[171, 0, 17, 255, 161, 72, 68, 187, 238, 0, 0, 51, 1, 0, 215, 1, 0, 126, 6, 220]
1546498275628;[171, 0, 4, 255, 132, 128, 81]
1546498275632;[171, 0, 17, 255, 161, 72, 68, 187, 238, 0, 0, 32, 1, 0, 213, 1, 0, 115, 6, 9]
1546498275790;[171, 0, 17, 255, 161, 72, 68, 187, 238, 0, 0, 61, 1, 0, 203, 1, 0, 141, 5, 140]
1546498275795;[171, 0, 17, 255, 161, 72, 68, 187, 238, 0, 0, 99, 1, 0, 220, 1, 0, 63, 6, 46]
1546498275964;[171, 0, 17, 255, 161, 72, 68, 187, 238, 0, 0, 65, 1, 0, 213, 1, 0, 96, 6, 178]
1546498276138;[171, 0, 17, 255, 161, 72, 68, 187, 238, 0, 0, 71, 1, 0, 209, 1, 0, 120, 6, 218]
1546498276142;[171, 0, 17, 255, 161, 72, 68, 187, 238, 0, 0, 77, 1, 0, 190, 1, 0, 155, 6, 191]
1546498276309;[171, 0, 17, 255, 161, 72, 68, 187, 238, 0, 0, 124, 1, 0, 197, 1, 0, 136, 6, 238]
1546498276313;[171, 0, 17, 255, 161, 72, 68, 187, 238, 0, 0, 116, 1, 0, 196, 1, 0, 122, 7, 106]
1546498276480;[171, 0, 17, 255, 161, 72, 68, 187, 239, 0, 0, 131, 1, 0, 202, 1, 0, 94, 7, 171]
1546498276484;[171, 0, 17, 255, 161, 72, 68, 187, 239, 0, 0, 68, 1, 0, 218, 1, 0, 92, 7, 109]
1546498276653;[171, 0, 4, 255, 132, 128, 81]
1546498277000;[171, 0, 17, 255, 161, 72, 68, 187, 239, 0, 0, 25, 1, 0, 227, 1, 0, 111, 6, 243]
1546498277004;[171, 0, 17, 255, 161, 72, 68, 187, 239, 0, 0, 15, 1, 0, 217, 1, 0, 130, 6, 139]
1546498277008;[171, 0, 17, 255, 161, 72, 68, 187, 239, 0, 0, 27, 1, 0, 219, 1, 0, 122, 6, 87]
1546498277012;[171, 0, 17, 255, 161, 72, 68, 187, 239, 0, 0, 23, 1, 0, 221, 1, 0, 112, 6, 149]
1546498277171;[171, 0, 17, 255, 161, 72, 68, 187, 239, 0, 0, 28, 1, 0, 219, 1, 0, 123, 7, 41]
1546498277343;[171, 0, 17, 255, 161, 72, 68, 187, 239, 0, 0, 45, 1, 0, 225, 1, 0, 121, 7, 178]
1546498277347;[171, 0, 17, 255, 161, 72, 68, 187, 239, 0, 0, 41, 1, 0, 225, 1, 0, 120, 8, 33]
1546498277516;[171, 0, 17, 255, 161, 72, 68, 187, 239, 0, 0, 52, 1, 0, 231, 1, 0, 80, 8, 109]
1546498277521;[171, 0, 17, 255, 161, 72, 68, 187, 240, 0, 0, 21, 1, 0, 244, 1, 0, 82, 8, 251]
1546498277688;[171, 0, 17, 255, 161, 72, 68, 187, 240, 0, 0, 15, 1, 0, 230, 1, 0, 55, 9, 188]
1546498277692;[171, 0, 4, 255, 132, 128, 82]
1546498277860;[171, 0, 17, 255, 161, 72, 68, 187, 240, 0, 0, 23, 1, 0, 215, 1, 0, 133, 9, 10]
1546498278207;[171, 0, 17, 255, 161, 72, 68, 187, 240, 0, 0, 41, 1, 0, 232, 1, 0, 92, 9, 9]
1546498278211;[171, 0, 17, 255, 161, 72, 68, 187, 240, 0, 0, 27, 1, 0, 220, 1, 0, 122, 9, 58]
1546498278216;[171, 0, 17, 255, 161, 72, 68, 187, 240, 0, 0, 54, 1, 0, 220, 1, 0, 105, 9, 101]
1546498278220;[171, 0, 17, 255, 161, 72, 68, 187, 240, 0, 0, 25, 1, 0, 222, 1, 0, 111, 9, 85]
1546498278379;[171, 0, 17, 255, 161, 72, 68, 187, 240, 0, 0, 32, 1, 0, 228, 1, 0, 105, 9, 56]
1546498278550;[171, 0, 17, 255, 161, 72, 68, 187, 240, 0, 0, 40, 1, 0, 230, 1, 0, 105, 9, 11]
1546498278554;[171, 0, 17, 255, 161, 72, 68, 187, 240, 0, 0, 6, 1, 0, 234, 1, 0, 96, 8, 235]
1546498278724;[171, 0, 17, 255, 161, 72, 68, 187, 241, 0, 0, 63, 1, 0, 215, 1, 0, 122, 9, 78]
1546498278728;[171, 0, 17, 255, 161, 72, 68, 187, 241, 0, 0, 54, 1, 0, 219, 1, 0, 102, 9, 58]
1546498278896;[171, 0, 4, 255, 132, 128, 81]
1546498278900;[171, 0, 17, 255, 161, 72, 68, 187, 241, 0, 0, 47, 1, 0, 216, 1, 0, 106, 8, 232]
1546498279068;[171, 0, 17, 255, 161, 72, 68, 187, 241, 0, 0, 124, 1, 0, 203, 1, 0, 130, 8, 220]
1546498279587;[171, 0, 17, 255, 161, 72, 68, 187, 241, 0, 0, 84, 1, 0, 206, 1, 0, 111, 8, 213]
1546498279591;[171, 0, 17, 255, 161, 72, 68, 187, 241, 0, 0, 87, 1, 0, 209, 1, 0, 111, 8, 158]
1546498279595;[171, 0, 17, 255, 161, 72, 68, 187, 241, 0, 0, 86, 1, 0, 208, 1, 0, 104, 8, 165]
1546498279600;[171, 0, 17, 255, 161, 72, 68, 187, 241, 0, 0, 86, 1, 0, 206, 1, 0, 118, 8, 203]
1546498279759;[171, 0, 17, 255, 161, 72, 68, 187, 241, 0, 0, 97, 1, 0, 208, 1, 0, 109, 8, 200]
1546498279763;[171, 0, 17, 255, 161, 72, 68, 187, 241, 0, 0, 93, 1, 0, 206, 1, 0, 106, 8, 160]
1546498279768;[171, 0, 17, 255, 161, 72, 68, 187, 242, 0, 0, 103, 1, 0, 202, 1, 0, 118, 8, 118]
1546498279931;[171, 0, 17, 255, 161, 72, 68, 187, 242, 0, 0, 91, 1, 0, 206, 1, 0, 108, 8, 76]
1546498279935;[171, 0, 4, 255, 132, 128, 80]
1546498280103;[171, 0, 17, 255, 161, 72, 68, 187, 242, 0, 0, 87, 1, 0, 204, 1, 0, 114, 7, 255]
1546498280107;[171, 0, 17, 255, 161, 72, 68, 187, 242, 0, 0, 97, 1, 0, 208, 1, 0, 105, 8, 40]
1546498280276;[171, 0, 17, 255, 161, 72, 68, 187, 242, 0, 0, 91, 1, 0, 206, 1, 0, 101, 8, 50]
1546498280448;[171, 0, 17, 255, 161, 72, 68, 187, 242, 0, 0, 101, 1, 0, 203, 1, 0, 112, 8, 16]
1546498280456;[171, 0, 17, 255, 161, 72, 68, 187, 242, 0, 0, 99, 1, 0, 205, 1, 0, 114, 7, 254]
1546498280795;[171, 0, 17, 255, 161, 72, 68, 187, 242, 0, 0, 93, 1, 0, 205, 1, 0, 104, 7, 206]
1546498280799;[171, 0, 17, 255, 161, 72, 68, 187, 242, 0, 0, 91, 1, 0, 204, 1, 0, 118, 7, 132]
1546498280804;[171, 0, 17, 255, 161, 72, 68, 187, 242, 0, 0, 85, 1, 0, 208, 1, 0, 102, 7, 79]
1546498280808;[171, 0, 17, 255, 161, 72, 68, 187, 243, 0, 0, 97, 1, 0, 206, 1, 0, 111, 7, 96]
1546498280965;[171, 0, 17, 255, 161, 72, 68, 187, 243, 0, 0, 85, 1, 0, 208, 1, 0, 115, 7, 98]
1546498281138;[171, 0, 4, 255, 132, 128, 81]
1546498281142;[171, 0, 17, 255, 161, 72, 68, 187, 243, 0, 0, 97, 1, 0, 209, 1, 0, 102, 7, 74]
1546498281310;[171, 0, 17, 255, 161, 72, 68, 187, 243, 0, 0, 83, 1, 0, 209, 1, 0, 103, 7, 30]
1546498281314;[171, 0, 17, 255, 161, 72, 68, 187, 243, 0, 0, 98, 1, 0, 208, 1, 0, 109, 6, 226]
1546498281480;[171, 0, 17, 255, 161, 72, 68, 187, 243, 0, 0, 91, 1, 0, 208, 1, 0, 102, 6, 154]
1546498281484;[171, 0, 17, 255, 161, 72, 68, 187, 243, 0, 0, 96, 1, 0, 204, 1, 0, 112, 6, 81]
1546498281656;[171, 0, 17, 255, 161, 72, 68, 187, 243, 0, 0, 96, 1, 0, 206, 1, 0, 112, 6, 113]
1546498282003;[171, 0, 17, 255, 161, 72, 68, 187, 243, 0, 0, 87, 1, 0, 209, 1, 0, 105, 6, 115]
1546498282007;[171, 0, 17, 255, 161, 72, 68, 187, 243, 0, 0, 99, 1, 0, 208, 1, 0, 115, 6, 78]
1546498282011;[171, 0, 17, 255, 161, 72, 68, 187, 244, 0, 0, 97, 1, 0, 206, 1, 0, 103, 6, 53]
1546498282015;[171, 0, 17, 255, 161, 72, 68, 187, 244, 0, 0, 91, 1, 0, 205, 1, 0, 105, 5, 245]
1546498282173;[171, 0, 4, 255, 132, 128, 81]
1546498282346;[171, 0, 17, 255, 161, 72, 68, 187, 244, 0, 0, 99, 1, 0, 204, 1, 0, 118, 5, 179]
1546498282350;[171, 0, 17, 255, 161, 72, 68, 187, 244, 0, 0, 103, 1, 0, 205, 1, 0, 106, 5, 128]
1546498282518;[171, 0, 17, 255, 161, 72, 68, 187, 244, 0, 0, 91, 1, 0, 205, 1, 0, 105, 5, 126]
1546498282522;[171, 0, 17, 255, 161, 72, 68, 187, 244, 0, 0, 98, 1, 0, 206, 1, 0, 109, 5, 124]
1546498282690;[171, 0, 17, 255, 161, 72, 68, 187, 244, 0, 0, 101, 1, 0, 206, 1, 0, 103, 5, 124]
1546498282695;[171, 0, 17, 255, 161, 72, 68, 187, 244, 0, 0, 99, 1, 0, 206, 1, 0, 110, 5, 85]
1546498282863;[171, 0, 17, 255, 161, 72, 68, 187, 244, 0, 0, 101, 1, 0, 205, 1, 0, 109, 5, 50]
1546498283036;[171, 0, 17, 255, 161, 72, 68, 187, 244, 0, 0, 99, 1, 0, 206, 1, 0, 105, 5, 4]
1546498283040;[171, 0, 17, 255, 161, 72, 68, 187, 245, 0, 0, 104, 1, 0, 205, 1, 0, 115, 4, 185]
1546498283383;[171, 0, 17, 255, 161, 72, 68, 187, 245, 0, 0, 77, 1, 0, 203, 1, 0, 136, 4, 185]
1546498283387;[171, 0, 4, 255, 132, 128, 81]
1546498283392;[171, 0, 17, 255, 161, 72, 68, 187, 245, 0, 0, 30, 1, 0, 235, 1, 0, 59, 5, 63]
1546498283396;[171, 0, 17, 255, 161, 72, 68, 187, 245, 0, 0, 16, 1, 0, 203, 1, 0, 67, 5, 32]
1546498283553;[171, 0, 17, 255, 161, 72, 68, 187, 245, 0, 0, 139, 1, 0, 203, 0, 0, 100, 4, 54]
1546498283725;[171, 0, 17, 255, 161, 72, 68, 187, 245, 0, 0, 251, 1, 0, 157, 0, 0, 59, 3, 210]
1546498283729;[171, 0, 17, 255, 161, 72, 68, 187, 245, 0, 0, 241, 1, 0, 114, 1, 0, 14, 3, 150]
1546498283900;[171, 0, 17, 255, 161, 72, 68, 187, 245, 0, 1, 18, 1, 0, 97, 1, 0, 74, 3, 106]
1546498283905;[171, 0, 17, 255, 161, 72, 68, 187, 245, 0, 0, 253, 1, 0, 98, 1, 0, 102, 3, 69]
1546498284070;[171, 0, 17, 255, 161, 72, 68, 187, 245, 0, 0, 238, 1, 0, 109, 1, 0, 87, 3, 105]
1546498284244;[171, 0, 17, 255, 161, 72, 68, 187, 246, 0, 0, 176, 1, 0, 145, 1, 0, 39, 3, 121]
1546498284248;[171, 0, 17, 255, 161, 72, 68, 187, 246, 0, 0, 122, 1, 0, 208, 0, 0, 24, 3, 125]
1546498284590;[171, 0, 4, 255, 132, 128, 82]
1546498284595;[171, 0, 17, 255, 161, 72, 68, 187, 246, 0, 0, 86, 1, 0, 231, 0, 0, 14, 3, 158]
1546498284599;[171, 0, 17, 255, 161, 72, 68, 187, 246, 0, 0, 64, 1, 0, 235, 1, 0, 29, 3, 196]
1546498284603;[171, 0, 17, 255, 161, 72, 68, 187, 246, 0, 0, 59, 1, 0, 235, 1, 0, 52, 3, 187]
1546498284761;[171, 0, 17, 255, 161, 72, 68, 187, 246, 0, 0, 59, 1, 0, 235, 1, 0, 68, 3, 132]
1546498284934;[171, 0, 17, 255, 161, 72, 68, 187, 246, 0, 0, 63, 1, 0, 240, 1, 0, 25, 3, 40]
1546498284939;[171, 0, 17, 255, 161, 72, 68, 187, 246, 0, 0, 59, 1, 0, 236, 1, 0, 58, 3, 30]
1546498285106;[171, 0, 17, 255, 161, 72, 68, 187, 246, 0, 0, 71, 1, 0, 238, 1, 0, 42, 3, 81]
1546498285110;[171, 0, 17, 255, 161, 72, 68, 187, 246, 0, 0, 83, 1, 0, 238, 1, 0, 58, 3, 105]
1546498285278;[171, 0, 17, 255, 161, 72, 68, 187, 247, 0, 0, 32, 1, 0, 239, 1, 0, 58, 3, 89]
1546498285450;[171, 0, 17, 255, 161, 72, 68, 187, 247, 0, 0, 61, 1, 0, 239, 1, 0, 63, 3, 104]
1546498285457;[171, 0, 4, 255, 132, 128, 82]
1546498285623;[171, 0, 17, 255, 161, 72, 68, 187, 247, 0, 0, 61, 1, 0, 240, 1, 0, 63, 3, 91]
1546498285627;[171, 0, 17, 255, 161, 72, 68, 187, 247, 0, 0, 56, 1, 0, 239, 1, 0, 49, 3, 70]
1546498285969;[171, 0, 17, 255, 161, 72, 68, 187, 247, 0, 0, 83, 1, 0, 233, 1, 0, 60, 3, 49]
1546498285973;[171, 0, 17, 255, 161, 72, 68, 187, 247, 0, 0, 63, 1, 0, 233, 1, 0, 64, 3, 34]
1546498285977;[171, 0, 17, 255, 161, 72, 68, 187, 247, 0, 0, 64, 1, 0, 232, 1, 0, 65, 3, 113]
1546498286141;[171, 0, 17, 255, 161, 72, 68, 187, 247, 0, 0, 52, 1, 0, 238, 1, 0, 45, 3, 168]
1546498286145;[171, 0, 17, 255, 161, 72, 68, 187, 247, 0, 0, 92, 1, 0, 233, 1, 0, 37, 3, 125]
1546498286313;[171, 0, 17, 255, 161, 72, 68, 187, 247, 0, 0, 43, 1, 0, 239, 1, 0, 60, 3, 157]
1546498286317;[171, 0, 17, 255, 161, 72, 68, 187, 248, 0, 0, 59, 1, 0, 239, 1, 0, 64, 3, 151]
1546498286485;[171, 0, 17, 255, 161, 72, 68, 187, 248, 0, 0, 43, 1, 0, 232, 1, 0, 80, 3, 145]
1546498286489;[171, 0, 4, 255, 132, 128, 82]
1546498286659;[171, 0, 17, 255, 161, 72, 68, 187, 248, 0, 0, 51, 1, 0, 240, 1, 0, 59, 3, 116]
1546498286831;[171, 0, 17, 255, 161, 72, 68, 187, 248, 0, 0, 34, 1, 0, 229, 1, 0, 92, 3, 172]
1546498286835;[171, 0, 17, 255, 161, 72, 68, 187, 248, 0, 0, 52, 1, 0, 239, 1, 0, 65, 4, 1]
1546498287177;[171, 0, 17, 255, 161, 72, 68, 187, 248, 0, 0, 33, 1, 0, 231, 1, 0, 91, 4, 27]
1546498287182;[171, 0, 17, 255, 161, 72, 68, 187, 248, 0, 0, 27, 1, 0, 236, 1, 0, 66, 4, 31]
1546498287186;[171, 0, 17, 255, 161, 72, 68, 187, 248, 0, 0, 37, 1, 0, 244, 1, 0, 65, 4, 24]
1546498287349;[171, 0, 17, 255, 161, 72, 68, 187, 248, 0, 0, 48, 1, 0, 236, 1, 0, 66, 4, 4]
1546498287353;[171, 0, 17, 255, 161, 72, 68, 187, 248, 0, 0, 23, 1, 0, 244, 1, 0, 69, 3, 228]
1546498287520;[171, 0, 17, 255, 161, 72, 68, 187, 249, 0, 0, 38, 1, 0, 244, 1, 0, 59, 3, 204]
1546498287694;[171, 0, 17, 255, 161, 72, 68, 187, 251, 1, 0, 15, 1, 0, 232, 1, 0, 90, 4, 10]
1546498287698;[171, 0, 17, 255, 161, 72, 68, 187, 251, 1, 0, 32, 1, 0, 229, 1, 0, 108, 3, 120]
1546498287865;[171, 0, 17, 255, 161, 72, 68, 187, 251, 1, 0, 39, 1, 0, 230, 1, 0, 97, 3, 113]
1546498288039;[171, 0, 17, 255, 161, 72, 68, 187, 251, 1, 0, 26, 1, 0, 231, 1, 0, 99, 3, 86]
1546498288556;[171, 0, 17, 255, 161, 72, 68, 187, 251, 1, 0, 43, 1, 0, 228, 1, 0, 112, 3, 125]
1546498288561;[171, 0, 17, 255, 161, 72, 68, 187, 251, 1, 0, 46, 1, 0, 228, 1, 0, 103, 3, 196]
1546498288565;[171, 0, 17, 255, 161, 72, 68, 187, 251, 1, 0, 42, 1, 0, 233, 1, 0, 89, 3, 215]
1546498288569;[171, 0, 17, 255, 161, 72, 68, 187, 251, 1, 0, 59, 1, 0, 231, 1, 0, 92, 3, 204]
1546498288732;[171, 0, 17, 255, 161, 72, 68, 188, 0, 1, 0, 34, 1, 0, 231, 1, 0, 85, 3, 193]
1546498288734;[171, 0, 17, 255, 161, 72, 68, 188, 0, 1, 0, 29, 1, 0, 235, 1, 0, 102, 4, 22]
1546498288738;[171, 0, 4, 255, 132, 128, 81]
1546498288900;[171, 0, 17, 255, 161, 72, 68, 188, 0, 1, 0, 62, 1, 0, 230, 1, 0, 92, 4, 53]
1546498288904;[171, 0, 17, 255, 161, 72, 68, 188, 0, 1, 0, 54, 1, 0, 219, 1, 0, 118, 4, 47]
1546498289073;[171, 0, 17, 255, 161, 72, 68, 188, 0, 1, 0, 46, 1, 0, 221, 1, 0, 105, 4, 43]
1546498289246;[171, 0, 17, 255, 161, 72, 68, 188, 0, 1, 0, 51, 1, 0, 226, 1, 0, 97, 4, 50]
1546498289250;[171, 0, 17, 255, 161, 72, 68, 188, 0, 1, 0, 46, 1, 0, 230, 1, 0, 98, 4, 36]
1546498289417;[171, 0, 17, 255, 161, 72, 68, 188, 0, 1, 0, 46, 1, 0, 226, 1, 0, 98, 4, 10]
1546498289421;[171, 0, 17, 255, 161, 72, 68, 188, 0, 1, 0, 55, 1, 0, 230, 1, 0, 96, 4, 40]
1546498289765;[171, 0, 17, 255, 161, 72, 68, 188, 0, 1, 0, 52, 1, 0, 228, 1, 0, 97, 4, 66]
1546498289769;[171, 0, 17, 255, 161, 72, 68, 188, 1, 1, 0, 53, 1, 0, 231, 1, 0, 79, 4, 65]
1546498289773;[171, 0, 17, 255, 161, 72, 68, 188, 1, 1, 0, 44, 1, 0, 218, 1, 0, 126, 4, 85]
1546498289935;[171, 0, 4, 255, 132, 128, 81]
1546498289940;[171, 0, 17, 255, 161, 72, 68, 188, 1, 1, 0, 11, 1, 0, 230, 1, 0, 115, 4, 22]
1546498290108;[171, 0, 17, 255, 161, 72, 68, 188, 1, 0, 0, 1, 1, 0, 225, 1, 0, 118, 3, 202]
1546498290112;[171, 0, 17, 255, 161, 72, 68, 188, 1, 1, 0, 22, 1, 0, 225, 1, 0, 103, 3, 154]
1546498290280;[171, 0, 17, 255, 161, 72, 68, 188, 1, 1, 0, 16, 1, 0, 222, 1, 0, 115, 3, 189]
1546498290284;[171, 0, 17, 255, 161, 72, 68, 188, 1, 1, 0, 21, 1, 0, 220, 1, 0, 127, 3, 242]
1546498290453;[171, 0, 17, 255, 161, 72, 68, 188, 1, 1, 0, 31, 1, 0, 230, 1, 0, 108, 4, 1]
1546498290625;[171, 0, 17, 255, 161, 72, 68, 188, 1, 1, 0, 16, 1, 0, 232, 1, 0, 101, 4, 10]
1546498290629;[171, 0, 17, 255, 161, 72, 68, 188, 1, 1, 0, 4, 1, 0, 231, 1, 0, 102, 4, 12]
1546498290972;[171, 0, 17, 255, 161, 72, 68, 188, 2, 1, 0, 16, 1, 0, 231, 1, 0, 98, 3, 247]
1546498290976;[171, 0, 17, 255, 161, 72, 68, 188, 2, 1, 0, 19, 1, 0, 233, 1, 0, 97, 3, 226]
1546498290980;[171, 0, 4, 255, 132, 128, 81]
1546498291144;[171, 0, 17, 255, 161, 72, 68, 188, 2, 1, 0, 9, 1, 0, 232, 1, 0, 98, 4, 16]
1546498291148;[171, 0, 17, 255, 161, 72, 68, 188, 2, 1, 0, 19, 1, 0, 231, 1, 0, 100, 4, 74]
1546498291318;[171, 0, 17, 255, 161, 72, 68, 188, 2, 1, 0, 25, 1, 0, 232, 1, 0, 95, 4, 80]
1546498291322;[171, 0, 17, 255, 161, 72, 68, 188, 2, 1, 0, 3, 1, 0, 233, 1, 0, 99, 4, 83]
1546498291488;[171, 0, 17, 255, 161, 72, 68, 188, 2, 1, 0, 4, 1, 0, 232, 1, 0, 98, 4, 62]
1546498291492;[171, 0, 17, 255, 161, 72, 68, 188, 2, 1, 0, 14, 1, 0, 231, 1, 0, 103, 4, 33]
1546498291661;[171, 0, 17, 255, 161, 72, 68, 188, 2, 1, 0, 14, 1, 0, 233, 1, 0, 92, 4, 4]
1546498291834;[171, 0, 17, 255, 161, 72, 68, 188, 2, 1, 0, 19, 1, 0, 235, 1, 0, 88, 4, 56]
1546498291837;[171, 0, 17, 255, 161, 72, 68, 188, 3, 1, 0, 16, 1, 0, 235, 1, 0, 96, 4, 99]
1546498292006;[171, 0, 17, 255, 161, 72, 68, 188, 3, 1, 0, 9, 1, 0, 233, 1, 0, 81, 4, 95]
1546498292009;[171, 0, 4, 255, 132, 128, 81]
1546498292352;[171, 0, 17, 255, 161, 72, 68, 188, 3, 1, 0, 17, 1, 0, 238, 1, 0, 79, 4, 88]
1546498292356;[171, 0, 17, 255, 161, 72, 68, 188, 3, 1, 0, 17, 1, 0, 239, 1, 0, 79, 4, 64]
1546498292360;[171, 0, 17, 255, 161, 72, 68, 188, 3, 1, 0, 19, 1, 0, 239, 1, 0, 79, 4, 26]
1546498292523;[171, 0, 17, 255, 161, 72, 68, 188, 3, 1, 0, 21, 1, 0, 244, 1, 0, 67, 3, 229]
1546498292527;[171, 0, 17, 255, 161, 72, 68, 188, 3, 1, 0, 17, 1, 0, 239, 1, 0, 79, 3, 247]
1546498292696;[171, 0, 17, 255, 161, 72, 68, 188, 3, 1, 0, 17, 1, 0, 239, 1, 0, 68, 4, 0]
1546498292700;[171, 0, 17, 255, 161, 72, 68, 188, 3, 1, 0, 21, 1, 0, 244, 1, 0, 64, 3, 209]
1546498292868;[171, 0, 17, 255, 161, 72, 68, 188, 3, 1, 0, 14, 1, 0, 244, 1, 0, 69, 3, 168]
1546498293041;[171, 0, 17, 255, 161, 72, 68, 188, 4, 1, 0, 19, 1, 0, 240, 1, 0, 67, 3, 118]
1546498293045;[171, 0, 17, 255, 161, 72, 68, 188, 4, 1, 0, 19, 1, 0, 249, 1, 0, 70, 3, 65]
1546498293213;[171, 0, 4, 255, 132, 128, 81]
1546498293218;[171, 0, 17, 255, 161, 72, 68, 188, 4, 1, 0, 15, 1, 0, 239, 1, 0, 69, 3, 25]
1546498293559;[171, 0, 17, 255, 161, 72, 68, 188, 4, 1, 0, 14, 1, 0, 244, 1, 0, 70, 3, 35]
1546498293563;[171, 0, 17, 255, 161, 72, 68, 188, 4, 1, 0, 17, 1, 0, 240, 1, 0, 69, 3, 35]
1546498293568;[171, 0, 17, 255, 161, 72, 68, 188, 4, 1, 0, 26, 1, 0, 244, 1, 0, 63, 3, 8]
1546498293731;[171, 0, 17, 255, 161, 72, 68, 188, 4, 1, 0, 40, 1, 0, 244, 1, 0, 45, 2, 254]
1546498293738;[171, 0, 17, 255, 161, 72, 68, 188, 4, 1, 0, 22, 1, 0, 239, 1, 0, 48, 2, 216]
1546498293903;[171, 0, 17, 255, 161, 72, 68, 188, 4, 0, 0, 13, 1, 0, 220, 1, 0, 66, 2, 160]
1546498293907;[171, 0, 17, 255, 161, 72, 68, 188, 4, 0, 0, 65, 1, 0, 187, 1, 0, 105, 2, 111]
1546498294075;[171, 0, 17, 255, 161, 72, 68, 188, 5, 0, 0, 64, 1, 0, 136, 1, 0, 146, 1, 202]
1546498294249;[171, 0, 17, 255, 161, 72, 68, 188, 5, 0, 0, 114, 1, 0, 79, 1, 0, 221, 1, 202]
1546498294253;[171, 0, 4, 255, 132, 128, 81]
1546498294420;[171, 0, 17, 255, 161, 72, 68, 188, 5, 0, 0, 191, 1, 0, 41, 1, 0, 227, 1, 202]
1546498294424;[171, 0, 17, 255, 161, 72, 68, 188, 5, 0, 0, 148, 1, 0, 4, 1, 0, 229, 0, 221]
1546498294940;[171, 0, 17, 255, 161, 72, 68, 188, 5, 0, 0, 24, 1, 0, 2, 1, 0, 215, 16, 150]
1546498294944;[171, 0, 17, 255, 161, 72, 68, 188, 5, 0, 0, 109, 0, 0, 37, 1, 1, 1, 7, 206]
1546498294948;[171, 0, 17, 255, 161, 72, 68, 188, 5, 0, 0, 72, 0, 0, 38, 1, 0, 250, 8, 17]
1546498294952;[171, 0, 17, 255, 161, 72, 68, 188, 5, 0, 0, 77, 0, 0, 26, 1, 0, 250, 8, 137]
1546498295113;[171, 0, 17, 255, 161, 72, 68, 188, 5, 0, 0, 98, 0, 0, 12, 1, 0, 243, 8, 189]
1546498295117;[171, 0, 17, 255, 161, 72, 68, 188, 5, 0, 0, 103, 1, 0, 4, 1, 0, 233, 8, 119]
1546498295121;[171, 0, 17, 255, 161, 72, 68, 188, 6, 0, 0, 120, 1, 0, 10, 1, 0, 224, 8, 151]
1546498295284;[171, 0, 17, 255, 161, 72, 68, 188, 6, 0, 0, 226, 0, 0, 99, 1, 1, 26, 8, 232]
1546498295288;[171, 0, 4, 255, 132, 128, 82]
1546498295457;[171, 0, 17, 255, 161, 72, 68, 188, 6, 0, 0, 91, 0, 0, 107, 1, 0, 204, 8, 131]
1546498295629;[171, 0, 17, 255, 161, 72, 68, 188, 6, 0, 0, 55, 1, 0, 11, 1, 0, 172, 8, 49]
1546498295633;[171, 0, 17, 255, 161, 72, 68, 188, 6, 0, 0, 75, 1, 0, 44, 1, 0, 194, 8, 22]
1546498295802;[171, 0, 17, 255, 161, 72, 68, 188, 6, 0, 0, 139, 1, 0, 124, 1, 0, 147, 8, 95]
1546498295806;[171, 0, 17, 255, 161, 72, 68, 188, 6, 0, 0, 113, 1, 0, 164, 1, 0, 62, 8, 205]
1546498296147;[171, 0, 17, 255, 161, 72, 68, 188, 6, 0, 0, 244, 1, 0, 137, 1, 0, 105, 8, 179]
1546498296151;[171, 0, 17, 255, 161, 72, 68, 188, 6, 0, 0, 241, 1, 0, 5, 1, 0, 100, 7, 146]
1546498296155;[171, 0, 17, 255, 161, 72, 68, 188, 6, 0, 1, 100, 0, 0, 136, 1, 2, 131, 6, 200]
1546498296319;[171, 0, 17, 255, 161, 72, 68, 188, 7, 0, 0, 121, 0, 0, 51, 1, 0, 127, 6, 162]
1546498296323;[171, 0, 17, 255, 161, 72, 68, 188, 7, 0, 0, 228, 0, 0, 39, 1, 0, 158, 6, 242]
1546498296489;[171, 0, 4, 255, 132, 128, 82]
1546498296494;[171, 0, 17, 255, 161, 72, 68, 188, 7, 0, 0, 196, 0, 0, 44, 1, 0, 154, 7, 46]
1546498296664;[171, 0, 17, 255, 161, 72, 68, 188, 7, 0, 0, 196, 0, 0, 32, 1, 0, 157, 7, 47]
1546498296835;[171, 0, 17, 255, 161, 72, 68, 188, 7, 0, 0, 219, 0, 0, 32, 1, 0, 153, 7, 85]
1546498296839;[171, 0, 17, 255, 161, 72, 68, 188, 7, 0, 0, 200, 0, 0, 35, 1, 0, 150, 7, 96]
1546498297008;[171, 0, 17, 255, 161, 72, 68, 188, 7, 0, 0, 201, 0, 0, 73, 1, 0, 143, 7, 46]
1546498297012;[171, 0, 17, 255, 161, 72, 68, 188, 7, 0, 0, 203, 0, 0, 89, 1, 0, 153, 6, 221]
1546498297356;[171, 0, 17, 255, 161, 72, 68, 188, 7, 0, 0, 221, 0, 0, 53, 1, 0, 145, 6, 161]
1546498297361;[171, 0, 17, 255, 161, 72, 68, 188, 7, 0, 0, 183, 0, 0, 52, 1, 0, 145, 6, 180]
1546498297366;[171, 0, 17, 255, 161, 72, 68, 188, 8, 0, 0, 191, 0, 0, 58, 1, 0, 135, 6, 166]
1546498297523;[171, 0, 17, 255, 161, 72, 68, 188, 8, 0, 0, 207, 0, 0, 58, 1, 0, 131, 6, 198]
1546498297526;[171, 0, 4, 255, 132, 128, 83]
1546498297698;[171, 0, 17, 255, 161, 72, 68, 188, 8, 0, 0, 244, 0, 0, 64, 1, 0, 134, 6, 239]
1546498297703;[171, 0, 17, 255, 161, 72, 68, 188, 8, 0, 0, 231, 0, 0, 40, 1, 0, 121, 7, 4]
1546498297870;[171, 0, 17, 255, 161, 72, 68, 188, 8, 0, 0, 211, 0, 0, 37, 1, 0, 121, 6, 248]
1546498298043;[171, 0, 17, 255, 161, 72, 68, 188, 8, 0, 0, 212, 0, 0, 69, 1, 0, 133, 6, 215]
1546498298047;[171, 0, 17, 255, 161, 72, 68, 188, 8, 0, 0, 206, 0, 0, 74, 1, 0, 135, 6, 210]
1546498298216;[171, 0, 17, 255, 161, 72, 68, 188, 8, 0, 0, 218, 0, 0, 63, 1, 0, 123, 7, 89]
1546498298220;[171, 0, 17, 255, 161, 72, 68, 188, 8, 0, 0, 227, 0, 0, 74, 1, 0, 109, 7, 180]
1546498298390;[171, 0, 17, 255, 161, 72, 68, 188, 8, 0, 0, 200, 0, 0, 86, 1, 0, 114, 8, 35]
1546498298394;[171, 0, 17, 255, 161, 72, 68, 188, 9, 0, 0, 197, 0, 0, 84, 1, 0, 114, 8, 158]
1546498298731;[171, 0, 17, 255, 161, 72, 68, 188, 9, 0, 0, 223, 0, 0, 77, 1, 0, 114, 8, 228]
1546498298735;[171, 0, 4, 255, 132, 128, 84]
1546498298737;[171, 0, 17, 255, 161, 72, 68, 188, 9, 0, 0, 224, 0, 0, 88, 1, 0, 104, 9, 32]
1546498298906;[171, 0, 17, 255, 161, 72, 68, 188, 9, 0, 0, 219, 0, 0, 85, 1, 0, 104, 9, 95]
1546498298910;[171, 0, 17, 255, 161, 72, 68, 188, 9, 0, 0, 221, 0, 0, 80, 1, 0, 101, 9, 217]
1546498299078;[171, 0, 17, 255, 161, 72, 68, 188, 9, 0, 0, 219, 0, 0, 82, 1, 0, 102, 10, 148]
1546498299250;[171, 0, 17, 255, 161, 72, 68, 188, 9, 0, 0, 206, 0, 0, 85, 1, 0, 114, 11, 6]
1546498299254;[171, 0, 17, 255, 161, 72, 68, 188, 9, 0, 0, 222, 0, 0, 83, 1, 0, 120, 11, 113]
1546498299424;[171, 0, 17, 255, 161, 72, 68, 188, 9, 0, 0, 223, 0, 0, 78, 1, 0, 105, 11, 185]
1546498299428;[171, 0, 17, 255, 161, 72, 68, 188, 9, 0, 0, 232, 0, 0, 70, 1, 0, 101, 11, 241]
1546498299598;[171, 0, 17, 255, 161, 72, 68, 188, 10, 0, 0, 221, 0, 0, 77, 1, 0, 99, 12, 29]
1546498299602;[171, 0, 17, 255, 161, 72, 68, 188, 10, 0, 0, 218, 0, 0, 84, 1, 0, 108, 12, 89]
1546498299941;[171, 0, 4, 255, 132, 128, 83]
1546498299945;[171, 0, 17, 255, 161, 72, 68, 188, 10, 0, 0, 244, 0, 0, 78, 1, 0, 113, 12, 203]
1546498299949;[171, 0, 17, 255, 161, 72, 68, 188, 10, 0, 0, 237, 0, 0, 73, 1, 0, 131, 12, 15]
1546498300114;[171, 0, 17, 255, 161, 72, 68, 188, 10, 0, 0, 254, 0, 0, 56, 1, 0, 133, 11, 118]
1546498300118;[171, 0, 17, 255, 161, 72, 68, 188, 10, 0, 1, 15, 0, 0, 73, 1, 0, 98, 11, 167]
1546498300286;[171, 0, 17, 255, 161, 72, 68, 188, 10, 0, 0, 234, 0, 0, 101, 1, 0, 100, 11, 182]
1546498300290;[171, 0, 17, 255, 161, 72, 68, 188, 10, 0, 0, 179, 0, 0, 168, 1, 0, 240, 10, 239]
1546498300463;[171, 0, 17, 255, 161, 72, 68, 188, 10, 0, 0, 219, 0, 0, 74, 1, 0, 215, 10, 217]
1546498300632;[171, 0, 17, 255, 161, 72, 68, 188, 10, 0, 0, 157, 1, 0, 20, 1, 0, 197, 11, 97]
1546498300635;[171, 0, 17, 255, 161, 72, 68, 188, 11, 0, 0, 14, 1, 0, 53, 1, 0, 180, 11, 137]
1546498300805;[171, 0, 17, 255, 161, 72, 68, 188, 11, 0, 0, 40, 1, 0, 53, 1, 0, 154, 11, 53]
1546498300809;[171, 0, 4, 255, 132, 128, 83]
1546498300976;[171, 0, 17, 255, 161, 72, 68, 188, 11, 0, 0, 13, 1, 0, 19, 1, 0, 188, 10, 174]
1546498301322;[171, 0, 17, 255, 161, 72, 68, 188, 11, 0, 0, 4, 1, 0, 32, 1, 0, 232, 10, 87]
1546498301326;[171, 0, 17, 255, 161, 72, 68, 188, 11, 0, 0, 11, 1, 0, 40, 1, 1, 12, 10, 3]
1546498301331;[171, 0, 17, 255, 161, 72, 68, 188, 11, 0, 0, 23, 1, 0, 22, 1, 1, 22, 9, 208]
1546498301334;[171, 0, 17, 255, 161, 72, 68, 188, 11, 0, 0, 31, 0, 0, 52, 1, 1, 10, 9, 147]
1546498301494;[171, 0, 17, 255, 161, 72, 68, 188, 11, 0, 0, 35, 0, 0, 83, 1, 1, 42, 9, 149]
1546498301498;[171, 0, 17, 255, 161, 72, 68, 188, 11, 1, 0, 2, 0, 0, 7, 1, 1, 1, 9, 178]
1546498301666;[171, 0, 17, 255, 161, 72, 68, 188, 11, 0, 0, 151, 1, 0, 1, 1, 0, 218, 9, 108]
1546498301838;[171, 0, 17, 255, 161, 72, 68, 188, 12, 0, 0, 126, 1, 0, 53, 1, 0, 216, 9, 48]
1546498301842;[171, 0, 17, 255, 161, 72, 68, 188, 12, 0, 0, 104, 1, 0, 33, 1, 0, 229, 9, 57]
1546498302015;[171, 0, 4, 255, 132, 128, 83]
1546498302017;[171, 0, 17, 255, 161, 72, 68, 188, 12, 0, 0, 114, 1, 0, 30, 1, 0, 231, 9, 57]
1546498302183;[171, 0, 17, 255, 161, 72, 68, 188, 12, 0, 0, 106, 1, 0, 30, 1, 0, 230, 9, 43]
1546498302187;[171, 0, 17, 255, 161, 72, 68, 188, 12, 0, 0, 98, 1, 0, 34, 1, 0, 230, 9, 43]
1546498302529;[171, 0, 17, 255, 161, 72, 68, 188, 12, 0, 0, 101, 1, 0, 33, 1, 0, 232, 9, 61]
1546498302534;[171, 0, 17, 255, 161, 72, 68, 188, 12, 0, 0, 103, 1, 0, 34, 1, 0, 232, 9, 74]
1546498302537;[171, 0, 17, 255, 161, 72, 68, 188, 12, 0, 0, 97, 1, 0, 33, 1, 0, 230, 9, 62]
1546498302702;[171, 0, 17, 255, 161, 72, 68, 188, 12, 0, 0, 101, 1, 0, 33, 1, 0, 230, 9, 60]
1546498302706;[171, 0, 17, 255, 161, 72, 68, 188, 12, 0, 0, 99, 1, 0, 34, 1, 0, 233, 9, 41]
1546498302873;[171, 0, 17, 255, 161, 72, 68, 188, 13, 0, 0, 98, 1, 0, 33, 1, 0, 232, 9, 19]
1546498303045;[171, 0, 17, 255, 161, 72, 68, 188, 13, 0, 0, 93, 1, 0, 35, 1, 0, 234, 9, 3]
1546498303049;[171, 0, 4, 255, 132, 128, 84]
1546498303219;[171, 0, 17, 255, 161, 72, 68, 188, 13, 0, 0, 101, 1, 0, 35, 1, 0, 234, 9, 45]
1546498303223;[171, 0, 17, 255, 161, 72, 68, 188, 13, 0, 0, 93, 1, 0, 33, 1, 0, 235, 9, 61]
1546498303391;[171, 0, 17, 255, 161, 72, 68, 188, 13, 0, 0, 98, 1, 0, 35, 1, 0, 234, 9, 55]
1546498303395;[171, 0, 17, 255, 161, 72, 68, 188, 13, 0, 0, 97, 1, 0, 34, 1, 0, 232, 9, 52]
1546498303908;[171, 0, 17, 255, 161, 72, 68, 188, 13, 0, 0, 99, 1, 0, 33, 1, 0, 232, 9, 46]
1546498303912;[171, 0, 17, 255, 161, 72, 68, 188, 13, 0, 0, 99, 1, 0, 34, 1, 0, 234, 9, 28]
1546498303917;[171, 0, 17, 255, 161, 72, 68, 188, 13, 0, 0, 93, 1, 0, 33, 1, 0, 233, 9, 29]
1546498303921;[171, 0, 17, 255, 161, 72, 68, 188, 13, 0, 0, 101, 1, 0, 35, 1, 0, 230, 9, 88]
1546498304081;[171, 0, 17, 255, 161, 72, 68, 188, 14, 0, 0, 99, 1, 0, 35, 1, 0, 232, 9, 120]
1546498304085;[171, 0, 17, 255, 161, 72, 68, 188, 14, 0, 0, 98, 1, 0, 34, 1, 0, 230, 9, 145]
1546498304089;[171, 0, 4, 255, 132, 128, 84]
1546498304253;[171, 0, 17, 255, 161, 72, 68, 188, 14, 0, 0, 101, 1, 0, 34, 1, 0, 230, 9, 171]
1546498304426;[171, 0, 17, 255, 161, 72, 68, 188, 14, 0, 0, 87, 1, 0, 33, 1, 0, 230, 9, 166]
1546498304430;[171, 0, 17, 255, 161, 72, 68, 188, 14, 0, 0, 101, 1, 0, 34, 1, 0, 230, 9, 162]
1546498304599;[171, 0, 17, 255, 161, 72, 68, 188, 14, 0, 0, 99, 1, 0, 34, 1, 0, 233, 9, 196]
1546498304603;[171, 0, 17, 255, 161, 72, 68, 188, 14, 0, 0, 101, 1, 0, 34, 1, 0, 230, 10, 11]
1546498304771;[171, 0, 17, 255, 161, 72, 68, 188, 14, 0, 0, 101, 1, 0, 35, 1, 0, 230, 10, 44]
1546498305118;[171, 0, 17, 255, 161, 72, 68, 188, 14, 0, 0, 91, 1, 0, 34, 1, 0, 234, 10, 62]
1546498305122;[171, 0, 17, 255, 161, 72, 68, 188, 14, 0, 0, 98, 1, 0, 35, 1, 0, 233, 10, 83]
