1546497390519;[171, 0, 17, 255, 161, 72, 68, 184, 65, 0, 0, 160, 0, 0, 2, 1, 0, 228, 5, 111]
1546497390528;[171, 0, 17, 255, 161, 72, 68, 184, 65, 0, 0, 143, 1, 0, 4, 1, 0, 220, 5, 45]
1546497390687;[171, 0, 17, 255, 161, 72, 68, 184, 65, 0, 0, 139, 1, 0, 1, 1, 0, 220, 4, 239]
1546497390690;[171, 0, 17, 255, 161, 72, 68, 184, 65, 0, 0, 103, 1, 0, 9, 1, 0, 249, 5, 109]
1546497390873;[171, 0, 17, 255, 161, 72, 68, 184, 65, 0, 0, 104, 1, 0, 23, 1, 1, 25, 5, 146]
1546497391208;[171, 0, 17, 255, 161, 72, 68, 184, 65, 0, 0, 51, 1, 0, 23, 1, 1, 36, 5, 165]
1546497391210;[171, 0, 17, 255, 161, 72, 68, 184, 65, 0, 0, 4, 1, 0, 14, 1, 0, 217, 5, 178]
1546497391216;[171, 0, 17, 255, 161, 72, 68, 184, 66, 1, 0, 18, 0, 0, 52, 1, 0, 195, 5, 193]
1546497391217;[171, 0, 4, 255, 132, 128, 82]
1546497391378;[171, 0, 17, 255, 161, 72, 68, 184, 66, 1, 0, 50, 0, 0, 82, 1, 0, 213, 5, 196]
1546497391380;[171, 0, 17, 255, 161, 72, 68, 184, 66, 1, 0, 69, 0, 0, 79, 1, 0, 207, 5, 198]
1546497391550;[171, 0, 17, 255, 161, 72, 68, 184, 66, 1, 0, 67, 0, 0, 57, 1, 0, 228, 6, 9]
1546497391552;[171, 0, 17, 255, 161, 72, 68, 184, 66, 1, 0, 39, 0, 0, 32, 1, 0, 241, 6, 48]
1546497393649;[171, 0, 17, 255, 161, 72, 68, 184, 66, 0, 0, 4, 1, 0, 4, 1, 1, 17, 6, 66]
1546497393652;[171, 0, 17, 255, 161, 72, 68, 184, 66, 0, 0, 18, 1, 0, 20, 1, 1, 23, 6, 88]
1546497393653;[171, 0, 17, 255, 161, 72, 68, 184, 66, 0, 0, 34, 1, 0, 15, 1, 1, 28, 6, 90]
1546497393655;[171, 0, 17, 255, 161, 72, 68, 184, 66, 0, 0, 32, 0, 0, 1, 1, 1, 16, 6, 76]
1546497393657;[171, 0, 17, 255, 161, 72, 68, 184, 66, 0, 0, 27, 0, 0, 4, 1, 0, 254, 6, 68]
1546497393659;[171, 0, 17, 255, 161, 72, 68, 184, 67, 0, 0, 36, 0, 0, 10, 1, 0, 242, 6, 117]
1546497393661;[171, 0, 4, 255, 132, 128, 82]
1546497393663;[171, 0, 17, 255, 161, 72, 68, 184, 67, 0, 0, 51, 0, 0, 1, 1, 0, 247, 6, 180]
1546497393668;[171, 0, 17, 255, 161, 72, 68, 184, 67, 0, 0, 41, 0, 0, 1, 1, 0, 253, 6, 216]
1546497393670;[171, 0, 17, 255, 161, 72, 68, 184, 67, 0, 0, 49, 0, 0, 2, 1, 0, 249, 6, 253]
1546497393672;[171, 0, 17, 255, 161, 72, 68, 184, 67, 0, 0, 59, 1, 0, 1, 1, 0, 241, 7, 9]
1546497393674;[171, 0, 17, 255, 161, 72, 68, 184, 67, 0, 0, 67, 1, 0, 4, 1, 0, 254, 7, 13]
1546497393675;[171, 0, 17, 255, 161, 72, 68, 184, 67, 0, 0, 65, 1, 0, 14, 1, 0, 247, 7, 17]
1546497393677;[171, 0, 17, 255, 161, 72, 68, 184, 67, 0, 0, 64, 1, 0, 4, 1, 0, 252, 7, 20]
1546497393679;[171, 0, 17, 255, 161, 72, 68, 184, 67, 0, 0, 72, 1, 0, 4, 1, 0, 242, 7, 90]
1546497393681;[171, 0, 17, 255, 161, 72, 68, 184, 67, 0, 0, 78, 1, 0, 1, 1, 0, 247, 7, 111]
1546497393683;[171, 0, 17, 255, 161, 72, 68, 184, 68, 0, 0, 77, 1, 0, 3, 1, 0, 240, 7, 122]
1546497393798;[171, 0, 4, 255, 132, 128, 82]
1546497393802;[171, 0, 17, 255, 161, 72, 68, 184, 68, 0, 0, 77, 0, 0, 1, 1, 0, 243, 7, 130]
1546497393811;[171, 0, 17, 255, 161, 72, 68, 184, 68, 0, 0, 71, 0, 0, 2, 1, 0, 241, 7, 120]
1546497393816;[171, 0, 17, 255, 161, 72, 68, 184, 68, 0, 0, 83, 0, 0, 0, 1, 0, 250, 7, 104]
1546497393967;[171, 0, 17, 255, 161, 72, 68, 184, 68, 0, 0, 93, 0, 0, 6, 1, 0, 234, 7, 94]
1546497393970;[171, 0, 17, 255, 161, 72, 68, 184, 68, 0, 0, 101, 1, 0, 3, 1, 0, 229, 7, 130]
1546497393973;[171, 0, 17, 255, 161, 72, 68, 184, 68, 0, 0, 106, 1, 0, 4, 1, 0, 239, 7, 134]
1546497394142;[171, 0, 17, 255, 161, 72, 68, 184, 68, 0, 0, 85, 1, 0, 15, 1, 0, 233, 7, 143]
1546497394145;[171, 0, 17, 255, 161, 72, 68, 184, 68, 0, 0, 61, 0, 0, 2, 1, 0, 251, 7, 156]
1546497394315;[171, 0, 17, 255, 161, 72, 68, 184, 68, 0, 0, 74, 0, 0, 2, 1, 0, 241, 7, 154]
1546497394487;[171, 0, 17, 255, 161, 72, 68, 184, 69, 0, 0, 101, 1, 0, 4, 1, 0, 240, 7, 109]
1546497394490;[171, 0, 4, 255, 132, 128, 82]
1546497394662;[171, 0, 17, 255, 161, 72, 68, 184, 69, 0, 0, 98, 1, 0, 17, 1, 0, 234, 7, 65]
1546497394666;[171, 0, 17, 255, 161, 72, 68, 184, 69, 0, 0, 93, 1, 0, 17, 1, 0, 229, 7, 90]
1546497395006;[171, 0, 17, 255, 161, 72, 68, 184, 69, 0, 0, 91, 1, 0, 15, 1, 0, 229, 7, 118]
1546497395010;[171, 0, 17, 255, 161, 72, 68, 184, 69, 0, 0, 81, 1, 0, 15, 1, 0, 237, 7, 119]
1546497395014;[171, 0, 17, 255, 161, 72, 68, 184, 69, 0, 0, 86, 1, 0, 15, 1, 0, 237, 7, 123]
1546497395179;[171, 0, 17, 255, 161, 72, 68, 184, 69, 0, 0, 93, 1, 0, 15, 1, 0, 233, 7, 88]
1546497395184;[171, 0, 17, 255, 161, 72, 68, 184, 69, 0, 0, 82, 1, 0, 9, 1, 0, 241, 7, 55]
1546497395350;[171, 0, 17, 255, 161, 72, 68, 184, 69, 0, 0, 87, 1, 0, 3, 1, 0, 241, 7, 15]
1546497395354;[171, 0, 17, 255, 161, 72, 68, 184, 69, 0, 0, 86, 1, 0, 4, 1, 0, 233, 7, 35]
1546497395522;[171, 0, 17, 255, 161, 72, 68, 184, 70, 0, 0, 105, 0, 0, 0, 1, 0, 220, 7, 41]
1546497395697;[171, 0, 4, 255, 132, 128, 82]
1546497395700;[171, 0, 17, 255, 161, 72, 68, 184, 70, 0, 0, 104, 0, 0, 4, 1, 0, 238, 7, 29]
1546497395870;[171, 0, 17, 255, 161, 72, 68, 184, 70, 0, 0, 93, 0, 0, 7, 1, 0, 229, 7, 25]
1546497395875;[171, 0, 17, 255, 161, 72, 68, 184, 70, 0, 0, 99, 0, 0, 16, 1, 0, 239, 7, 4]
1546497396387;[171, 0, 17, 255, 161, 72, 68, 184, 70, 0, 0, 101, 0, 0, 26, 1, 0, 247, 6, 229]
1546497396391;[171, 0, 17, 255, 161, 72, 68, 184, 70, 0, 0, 91, 0, 0, 53, 1, 1, 65, 6, 245]
1546497396395;[171, 0, 17, 255, 161, 72, 68, 184, 70, 0, 0, 175, 0, 0, 47, 1, 1, 172, 6, 226]
1546497396399;[171, 0, 17, 255, 161, 72, 68, 184, 70, 0, 0, 143, 1, 0, 139, 0, 0, 121, 6, 60]
1546497396559;[171, 0, 17, 255, 161, 72, 68, 184, 70, 0, 0, 133, 1, 0, 94, 0, 0, 154, 8, 49]
1546497396563;[171, 0, 17, 255, 161, 72, 68, 184, 70, 0, 0, 50, 1, 0, 158, 0, 0, 127, 8, 49]
1546497396566;[171, 0, 17, 255, 161, 72, 68, 184, 71, 1, 0, 6, 1, 0, 148, 0, 0, 97, 8, 49]
1546497396730;[171, 0, 4, 255, 132, 128, 82]
1546497396734;[171, 0, 17, 255, 161, 72, 68, 184, 71, 0, 0, 206, 1, 0, 235, 1, 0, 1, 11, 9]
1546497396903;[171, 0, 17, 255, 161, 72, 68, 184, 71, 0, 0, 17, 1, 0, 233, 0, 0, 159, 11, 65]
1546497397075;[171, 0, 17, 255, 161, 72, 68, 184, 71, 0, 0, 165, 1, 0, 174, 0, 0, 131, 10, 251]
1546497397081;[171, 0, 17, 255, 161, 72, 68, 184, 71, 0, 0, 193, 1, 0, 147, 0, 0, 4, 11, 43]
1546497397248;[171, 0, 17, 255, 161, 72, 68, 184, 71, 0, 1, 27, 1, 0, 118, 1, 0, 94, 10, 22]
1546497397252;[171, 0, 17, 255, 161, 72, 68, 184, 71, 1, 0, 47, 0, 0, 34, 1, 1, 3, 9, 62]
1546497397593;[171, 0, 17, 255, 161, 72, 68, 184, 71, 1, 0, 17, 0, 0, 24, 1, 1, 59, 8, 170]
1546497397597;[171, 0, 17, 255, 161, 72, 68, 184, 71, 1, 0, 19, 0, 0, 1, 1, 0, 220, 8, 51]
1546497397601;[171, 0, 17, 255, 161, 72, 68, 184, 71, 1, 0, 42, 0, 0, 8, 1, 0, 219, 8, 72]
1546497397767;[171, 0, 17, 255, 161, 72, 68, 184, 72, 1, 0, 74, 0, 0, 32, 1, 0, 220, 8, 126]
1546497397774;[171, 0, 4, 255, 132, 128, 82]
1546497398112;[171, 0, 17, 255, 161, 72, 68, 184, 72, 1, 0, 62, 0, 0, 35, 1, 0, 217, 8, 72]
1546497398116;[171, 0, 17, 255, 161, 72, 68, 184, 72, 1, 0, 81, 0, 0, 33, 1, 0, 228, 8, 135]
1546497398119;[171, 0, 17, 255, 161, 72, 68, 184, 72, 1, 0, 46, 0, 0, 36, 1, 1, 0, 8, 180]
1546497398283;[171, 0, 17, 255, 161, 72, 68, 184, 72, 1, 0, 81, 0, 0, 53, 1, 1, 16, 8, 128]
1546497398287;[171, 0, 17, 255, 161, 72, 68, 184, 72, 1, 0, 44, 0, 0, 27, 1, 0, 243, 6, 204]
1546497398456;[171, 0, 17, 255, 161, 72, 68, 184, 72, 1, 0, 39, 0, 0, 34, 1, 0, 253, 6, 143]
1546497398461;[171, 0, 17, 255, 161, 72, 68, 184, 72, 1, 0, 17, 0, 0, 39, 1, 1, 22, 6, 152]
1546497398801;[171, 0, 17, 255, 161, 72, 68, 184, 72, 1, 0, 25, 0, 0, 19, 1, 1, 27, 7, 6]
1546497398805;[171, 0, 17, 255, 161, 72, 68, 184, 72, 1, 0, 9, 0, 0, 37, 1, 0, 247, 7, 47]
1546497398809;[171, 0, 17, 255, 161, 72, 68, 184, 73, 0, 0, 3, 0, 0, 48, 1, 1, 1, 6, 183]
1546497398973;[171, 0, 4, 255, 132, 128, 82]
1546497398976;[171, 0, 17, 255, 161, 72, 68, 184, 73, 1, 0, 44, 0, 0, 52, 1, 1, 9, 6, 188]
1546497399146;[171, 0, 17, 255, 161, 72, 68, 184, 73, 0, 0, 18, 0, 0, 39, 1, 0, 235, 6, 129]
1546497399150;[171, 0, 17, 255, 161, 72, 68, 184, 73, 1, 0, 2, 0, 0, 32, 1, 1, 12, 6, 68]
1546497399319;[171, 0, 17, 255, 161, 72, 68, 184, 73, 1, 0, 14, 0, 0, 29, 1, 0, 253, 6, 88]
1546497399489;[171, 0, 17, 255, 161, 72, 68, 184, 73, 1, 0, 4, 0, 0, 32, 1, 1, 1, 6, 75]
1546497399493;[171, 0, 17, 255, 161, 72, 68, 184, 73, 1, 0, 6, 0, 0, 33, 1, 0, 254, 6, 55]
1546497399663;[171, 0, 17, 255, 161, 72, 68, 184, 73, 1, 0, 15, 0, 0, 31, 1, 0, 254, 6, 27]
1546497399667;[171, 0, 17, 255, 161, 72, 68, 184, 73, 1, 0, 9, 0, 0, 36, 1, 1, 2, 5, 250]
1546497399835;[171, 0, 17, 255, 161, 72, 68, 184, 73, 1, 0, 9, 0, 0, 30, 1, 1, 0, 5, 214]
1546497399839;[171, 0, 17, 255, 161, 72, 68, 184, 74, 1, 0, 6, 0, 0, 31, 1, 0, 247, 5, 178]
1546497400181;[171, 0, 4, 255, 132, 128, 81]
1546497400185;[171, 0, 17, 255, 161, 72, 68, 184, 74, 1, 0, 9, 0, 0, 37, 1, 1, 1, 5, 158]
1546497400189;[171, 0, 17, 255, 161, 72, 68, 184, 74, 1, 0, 3, 0, 0, 33, 1, 1, 1, 5, 143]
1546497400352;[171, 0, 17, 255, 161, 72, 68, 184, 74, 1, 0, 4, 0, 0, 35, 1, 1, 6, 5, 106]
1546497400357;[171, 0, 17, 255, 161, 72, 68, 184, 74, 0, 0, 1, 0, 0, 33, 1, 0, 253, 5, 80]
1546497400525;[171, 0, 17, 255, 161, 72, 68, 184, 74, 0, 0, 0, 0, 0, 34, 1, 0, 253, 5, 46]
1546497400699;[171, 0, 17, 255, 161, 72, 68, 184, 74, 0, 0, 0, 0, 0, 33, 1, 0, 255, 4, 253]
1546497400703;[171, 0, 17, 255, 161, 72, 68, 184, 74, 0, 0, 3, 0, 0, 34, 1, 1, 0, 4, 202]
1546497400869;[171, 0, 17, 255, 161, 72, 68, 184, 74, 0, 0, 6, 0, 0, 33, 1, 1, 0, 4, 215]
1546497401043;[171, 0, 17, 255, 161, 72, 68, 184, 74, 0, 0, 6, 0, 0, 37, 1, 0, 255, 4, 219]
1546497401047;[171, 0, 17, 255, 161, 72, 68, 184, 75, 0, 0, 7, 0, 0, 35, 1, 1, 1, 4, 190]
1546497401050;[171, 0, 4, 255, 132, 128, 81]
1546497401389;[171, 0, 17, 255, 161, 72, 68, 184, 75, 0, 0, 7, 0, 0, 34, 1, 1, 0, 4, 176]
1546497401393;[171, 0, 17, 255, 161, 72, 68, 184, 75, 0, 0, 4, 0, 0, 35, 1, 1, 0, 4, 162]
1546497401397;[171, 0, 17, 255, 161, 72, 68, 184, 75, 0, 0, 3, 0, 0, 31, 1, 0, 253, 4, 162]
1546497401560;[171, 0, 17, 255, 161, 72, 68, 184, 75, 0, 0, 3, 0, 0, 35, 1, 0, 247, 4, 131]
1546497401564;[171, 0, 17, 255, 161, 72, 68, 184, 75, 0, 0, 0, 0, 0, 39, 1, 0, 255, 4, 148]
1546497401733;[171, 0, 17, 255, 161, 72, 68, 184, 75, 0, 0, 5, 0, 0, 38, 1, 1, 7, 4, 195]
1546497401737;[171, 0, 17, 255, 161, 72, 68, 184, 75, 0, 0, 6, 0, 0, 33, 1, 1, 0, 4, 199]
1546497401906;[171, 0, 17, 255, 161, 72, 68, 184, 75, 0, 0, 7, 0, 0, 39, 1, 0, 255, 4, 201]
1546497402077;[171, 0, 17, 255, 161, 72, 68, 184, 75, 0, 0, 7, 0, 0, 38, 1, 0, 254, 4, 183]
1546497402081;[171, 0, 17, 255, 161, 72, 68, 184, 76, 0, 0, 18, 0, 0, 38, 1, 1, 0, 4, 164]
1546497402250;[171, 0, 4, 255, 132, 128, 81]
1546497402255;[171, 0, 17, 255, 161, 72, 68, 184, 76, 0, 0, 13, 0, 0, 33, 1, 0, 255, 4, 132]
1546497402769;[171, 0, 17, 255, 161, 72, 68, 184, 76, 0, 0, 11, 0, 0, 38, 1, 0, 255, 4, 144]
1546497402773;[171, 0, 17, 255, 161, 72, 68, 184, 76, 0, 0, 21, 0, 0, 39, 1, 0, 250, 4, 207]
1546497402777;[171, 0, 17, 255, 161, 72, 68, 184, 76, 0, 0, 23, 0, 0, 38, 1, 0, 247, 4, 214]
1546497402781;[171, 0, 17, 255, 161, 72, 68, 184, 76, 0, 0, 21, 0, 0, 40, 1, 0, 242, 4, 232]
1546497402943;[171, 0, 17, 255, 161, 72, 68, 184, 76, 0, 0, 3, 0, 0, 55, 1, 1, 7, 4, 246]
1546497402949;[171, 0, 17, 255, 161, 72, 68, 184, 76, 0, 0, 6, 0, 0, 56, 1, 1, 0, 4, 210]
1546497402955;[171, 0, 17, 255, 161, 72, 68, 184, 76, 0, 0, 19, 0, 0, 56, 1, 0, 244, 4, 160]
1546497403112;[171, 0, 17, 255, 161, 72, 68, 184, 76, 0, 0, 16, 0, 0, 68, 1, 0, 252, 4, 187]
1546497403286;[171, 0, 17, 255, 161, 72, 68, 184, 77, 0, 0, 17, 0, 0, 58, 1, 0, 253, 4, 224]
1546497403289;[171, 0, 4, 255, 132, 128, 81]
1546497403461;[171, 0, 17, 255, 161, 72, 68, 184, 77, 0, 0, 19, 0, 0, 58, 1, 1, 0, 4, 182]
1546497403464;[171, 0, 17, 255, 161, 72, 68, 184, 77, 0, 0, 24, 0, 0, 55, 1, 0, 252, 4, 171]
1546497403631;[171, 0, 17, 255, 161, 72, 68, 184, 77, 0, 0, 26, 0, 0, 52, 1, 1, 1, 4, 155]
1546497403635;[171, 0, 17, 255, 161, 72, 68, 184, 77, 0, 0, 19, 0, 0, 44, 1, 0, 255, 4, 169]
1546497403977;[171, 0, 17, 255, 161, 72, 68, 184, 77, 0, 0, 0, 0, 0, 50, 1, 0, 247, 4, 168]
1546497403980;[171, 0, 17, 255, 161, 72, 68, 184, 77, 0, 0, 12, 0, 0, 54, 1, 0, 255, 4, 230]
1546497403984;[171, 0, 17, 255, 161, 72, 68, 184, 77, 0, 0, 5, 0, 0, 53, 1, 0, 250, 5, 144]
1546497404147;[171, 0, 17, 255, 161, 72, 68, 184, 77, 0, 0, 3, 0, 0, 54, 1, 0, 253, 5, 249]
1546497404151;[171, 0, 17, 255, 161, 72, 68, 184, 77, 1, 0, 4, 0, 0, 55, 1, 0, 255, 6, 45]
1546497404320;[171, 0, 17, 255, 161, 72, 68, 184, 78, 1, 0, 3, 0, 0, 55, 1, 0, 253, 6, 91]
1546497404493;[171, 0, 4, 255, 132, 128, 81]
1546497404497;[171, 0, 17, 255, 161, 72, 68, 184, 78, 1, 0, 2, 0, 0, 49, 1, 0, 252, 6, 78]
1546497404667;[171, 0, 17, 255, 161, 72, 68, 184, 78, 0, 0, 3, 0, 0, 49, 1, 0, 254, 6, 24]
1546497404670;[171, 0, 17, 255, 161, 72, 68, 184, 78, 0, 0, 18, 0, 0, 40, 1, 0, 252, 5, 225]
1546497404839;[171, 0, 17, 255, 161, 72, 68, 184, 78, 0, 0, 17, 0, 0, 49, 1, 0, 252, 6, 70]
1546497404843;[171, 0, 17, 255, 161, 72, 68, 184, 78, 0, 0, 21, 0, 0, 52, 1, 0, 237, 6, 180]
1546497405184;[171, 0, 17, 255, 161, 72, 68, 184, 78, 0, 0, 40, 0, 0, 49, 1, 0, 253, 6, 216]
1546497405188;[171, 0, 17, 255, 161, 72, 68, 184, 78, 0, 0, 0, 0, 0, 44, 1, 1, 0, 7, 25]
1546497405192;[171, 0, 17, 255, 161, 72, 68, 184, 78, 0, 0, 9, 0, 0, 46, 1, 0, 253, 7, 67]
1546497405355;[171, 0, 17, 255, 161, 72, 68, 184, 78, 1, 0, 3, 0, 0, 52, 1, 1, 6, 7, 65]
1546497405359;[171, 0, 17, 255, 161, 72, 68, 184, 79, 1, 0, 3, 0, 0, 56, 1, 1, 0, 7, 45]
1546497405530;[171, 0, 4, 255, 132, 128, 81]
1546497405699;[171, 0, 17, 255, 161, 72, 68, 184, 79, 1, 0, 3, 0, 0, 49, 1, 0, 252, 7, 12]
1546497405703;[171, 0, 17, 255, 161, 72, 68, 184, 79, 0, 0, 3, 0, 0, 40, 1, 0, 254, 7, 120]
1546497405871;[171, 0, 17, 255, 161, 72, 68, 184, 79, 0, 0, 5, 0, 0, 55, 1, 0, 253, 8, 3]
1546497405876;[171, 0, 17, 255, 161, 72, 68, 184, 79, 0, 0, 21, 0, 0, 39, 1, 0, 253, 6, 198]
1546497406045;[171, 0, 17, 255, 161, 72, 68, 184, 79, 0, 0, 21, 0, 0, 39, 1, 0, 254, 8, 23]
1546497406049;[171, 0, 17, 255, 161, 72, 68, 184, 79, 0, 0, 21, 0, 0, 19, 1, 1, 0, 8, 23]
1546497406219;[171, 0, 17, 255, 161, 72, 68, 184, 79, 0, 0, 26, 0, 0, 8, 1, 1, 1, 8, 23]
1546497406564;[171, 0, 17, 255, 161, 72, 68, 184, 79, 0, 0, 23, 0, 0, 13, 1, 1, 2, 8, 23]
1546497406568;[171, 0, 17, 255, 161, 72, 68, 184, 79, 0, 0, 21, 0, 0, 12, 1, 1, 0, 7, 151]
1546497406572;[171, 0, 17, 255, 161, 72, 68, 184, 80, 0, 0, 18, 0, 0, 4, 1, 1, 7, 7, 64]
1546497406576;[171, 0, 4, 255, 132, 128, 81]
1546497406736;[171, 0, 17, 255, 161, 72, 68, 184, 80, 0, 0, 17, 0, 0, 3, 1, 1, 5, 7, 39]
1546497406740;[171, 0, 17, 255, 161, 72, 68, 184, 80, 0, 0, 17, 0, 0, 12, 1, 0, 253, 7, 27]
1546497406907;[171, 0, 17, 255, 161, 72, 68, 184, 80, 0, 0, 7, 0, 0, 13, 1, 1, 1, 4, 228]
1546497407081;[171, 0, 17, 255, 161, 72, 68, 184, 80, 1, 0, 4, 0, 0, 56, 1, 1, 9, 5, 237]
1546497407084;[171, 0, 17, 255, 161, 72, 68, 184, 80, 1, 0, 3, 0, 0, 57, 1, 0, 247, 5, 237]
1546497407252;[171, 0, 17, 255, 161, 72, 68, 184, 80, 0, 0, 4, 0, 0, 63, 1, 0, 238, 5, 237]
1546497407256;[171, 0, 17, 255, 161, 72, 68, 184, 80, 0, 0, 28, 0, 0, 75, 1, 0, 253, 8, 140]
1546497407424;[171, 0, 17, 255, 161, 72, 68, 184, 80, 0, 0, 19, 0, 0, 49, 1, 1, 0, 14, 227]
1546497407771;[171, 0, 17, 255, 161, 72, 68, 184, 80, 0, 0, 26, 0, 0, 50, 1, 0, 250, 14, 227]
1546497407775;[171, 0, 17, 255, 161, 72, 68, 184, 83, 0, 0, 19, 0, 0, 13, 1, 1, 0, 7, 100]
1546497407779;[171, 0, 17, 255, 161, 72, 68, 184, 83, 0, 0, 23, 0, 0, 13, 1, 1, 0, 7, 138]
1546497407942;[171, 0, 17, 255, 161, 72, 68, 184, 83, 0, 0, 24, 0, 0, 13, 1, 1, 1, 7, 214]
1546497407945;[171, 0, 17, 255, 161, 72, 68, 184, 83, 0, 0, 27, 0, 0, 13, 1, 0, 253, 8, 3]
1546497408287;[171, 0, 17, 255, 161, 72, 68, 184, 83, 0, 0, 23, 0, 0, 16, 1, 1, 2, 8, 43]
1546497408291;[171, 0, 17, 255, 161, 72, 68, 184, 83, 0, 0, 19, 0, 0, 13, 1, 1, 3, 8, 57]
1546497408470;[171, 0, 17, 255, 161, 72, 68, 184, 83, 0, 0, 17, 0, 0, 16, 1, 0, 253, 8, 25]
1546497408472;[171, 0, 17, 255, 161, 72, 68, 184, 83, 0, 0, 21, 0, 0, 17, 1, 1, 2, 7, 249]
1546497408631;[171, 0, 17, 255, 161, 72, 68, 184, 83, 0, 0, 17, 0, 0, 17, 1, 1, 1, 7, 218]
1546497408635;[171, 0, 17, 255, 161, 72, 68, 184, 84, 0, 0, 18, 0, 0, 17, 1, 1, 0, 7, 174]
1546497408805;[171, 0, 4, 255, 132, 128, 81]
1546497409151;[171, 0, 17, 255, 161, 72, 68, 184, 84, 0, 0, 21, 0, 0, 16, 1, 1, 0, 7, 216]
1546497409156;[171, 0, 17, 255, 161, 72, 68, 184, 84, 0, 0, 17, 0, 0, 16, 1, 0, 255, 7, 211]
1546497409160;[171, 0, 17, 255, 161, 72, 68, 184, 84, 0, 0, 18, 0, 0, 17, 1, 1, 1, 7, 189]
1546497409163;[171, 0, 17, 255, 161, 72, 68, 184, 84, 0, 0, 13, 0, 0, 11, 1, 1, 0, 7, 184]
1546497409324;[171, 0, 17, 255, 161, 72, 68, 184, 84, 0, 0, 13, 0, 0, 14, 1, 1, 4, 7, 165]
1546497409494;[171, 0, 17, 255, 161, 72, 68, 184, 84, 0, 0, 13, 0, 0, 17, 1, 1, 0, 7, 120]
1546497409497;[171, 0, 17, 255, 161, 72, 68, 184, 84, 0, 0, 13, 0, 0, 15, 1, 0, 253, 7, 70]
1546497409668;[171, 0, 17, 255, 161, 72, 68, 184, 84, 0, 0, 11, 0, 0, 17, 1, 1, 2, 7, 31]
1546497409672;[171, 0, 17, 255, 161, 72, 68, 184, 84, 0, 0, 6, 0, 0, 19, 1, 1, 5, 7, 79]
1546497409840;[171, 0, 17, 255, 161, 72, 68, 184, 85, 0, 0, 6, 0, 0, 19, 1, 0, 252, 6, 251]
1546497409844;[171, 0, 4, 255, 132, 128, 80]
1546497410011;[171, 0, 17, 255, 161, 72, 68, 184, 85, 0, 0, 7, 0, 0, 13, 1, 0, 252, 6, 164]
1546497410359;[171, 0, 17, 255, 161, 72, 68, 184, 85, 0, 0, 15, 0, 0, 13, 1, 0, 255, 6, 127]
1546497410362;[171, 0, 17, 255, 161, 72, 68, 184, 85, 0, 0, 4, 0, 0, 14, 1, 1, 11, 6, 70]
1546497410367;[171, 0, 17, 255, 161, 72, 68, 184, 85, 0, 0, 18, 0, 0, 4, 1, 0, 251, 6, 55]
1546497410370;[171, 0, 17, 255, 161, 72, 68, 184, 85, 0, 0, 18, 0, 0, 2, 1, 0, 247, 6, 28]
1546497410530;[171, 0, 17, 255, 161, 72, 68, 184, 85, 0, 0, 7, 0, 0, 6, 1, 0, 255, 5, 255]
1546497410533;[171, 0, 17, 255, 161, 72, 68, 184, 85, 0, 0, 11, 0, 0, 12, 1, 1, 10, 6, 7]
1546497410703;[171, 0, 17, 255, 161, 72, 68, 184, 85, 0, 0, 21, 0, 0, 16, 1, 1, 0, 5, 240]
1546497410876;[171, 0, 17, 255, 161, 72, 68, 184, 85, 0, 0, 21, 0, 0, 12, 1, 0, 252, 5, 189]
1546497410879;[171, 0, 17, 255, 161, 72, 68, 184, 86, 0, 0, 21, 0, 0, 4, 1, 0, 252, 5, 160]
1546497411046;[171, 0, 4, 255, 132, 128, 80]
1546497411051;[171, 0, 17, 255, 161, 72, 68, 184, 86, 0, 0, 31, 0, 0, 11, 1, 0, 242, 5, 86]
1546497411221;[171, 0, 17, 255, 161, 72, 68, 184, 86, 0, 0, 18, 0, 0, 21, 1, 1, 12, 4, 216]
1546497411740;[171, 0, 17, 255, 161, 72, 68, 184, 86, 0, 0, 25, 0, 0, 19, 1, 0, 250, 4, 107]
1546497411743;[171, 0, 17, 255, 161, 72, 68, 184, 86, 0, 0, 27, 0, 0, 19, 1, 0, 252, 4, 57]
1546497411747;[171, 0, 17, 255, 161, 72, 68, 184, 86, 0, 0, 26, 0, 0, 25, 1, 0, 255, 4, 64]
1546497411751;[171, 0, 17, 255, 161, 72, 68, 184, 86, 0, 0, 26, 0, 0, 26, 1, 1, 2, 4, 92]
1546497411911;[171, 0, 17, 255, 161, 72, 68, 184, 86, 0, 0, 27, 0, 0, 37, 1, 1, 21, 4, 108]
1546497411915;[171, 0, 17, 255, 161, 72, 68, 184, 86, 0, 0, 54, 0, 0, 16, 1, 0, 244, 4, 108]
1546497411919;[171, 0, 17, 255, 161, 72, 68, 184, 86, 0, 0, 53, 1, 0, 16, 1, 0, 230, 3, 221]
1546497412083;[171, 0, 17, 255, 161, 72, 68, 184, 87, 1, 0, 47, 0, 0, 57, 1, 1, 41, 3, 51]
1546497412087;[171, 0, 4, 255, 132, 128, 79]
1546497412255;[171, 0, 17, 255, 161, 72, 68, 184, 87, 0, 0, 59, 0, 0, 57, 1, 1, 101, 3, 39]
1546497412259;[171, 0, 17, 255, 161, 72, 68, 184, 87, 0, 0, 197, 1, 0, 87, 1, 0, 225, 3, 39]
1546497412427;[171, 0, 17, 255, 161, 72, 68, 184, 87, 0, 0, 200, 1, 0, 119, 0, 0, 6, 3, 39]
1546497412431;[171, 0, 17, 255, 161, 72, 68, 184, 87, 0, 0, 118, 1, 0, 10, 0, 0, 125, 16, 0]
1546497412601;[171, 0, 17, 255, 161, 72, 68, 184, 87, 0, 0, 93, 1, 0, 92, 0, 0, 144, 6, 91]
1546497412947;[171, 0, 17, 255, 161, 72, 68, 184, 87, 0, 0, 168, 1, 0, 119, 0, 0, 40, 6, 55]
1546497412950;[171, 0, 17, 255, 161, 72, 68, 184, 87, 0, 0, 251, 1, 0, 74, 0, 0, 9, 6, 44]
1546497412954;[171, 0, 17, 255, 161, 72, 68, 184, 87, 0, 1, 42, 1, 0, 36, 1, 0, 57, 6, 121]
1546497412958;[171, 0, 17, 255, 161, 72, 68, 184, 87, 0, 1, 20, 1, 0, 47, 1, 0, 133, 7, 246]
1546497413117;[171, 0, 17, 255, 161, 72, 68, 184, 88, 0, 0, 173, 0, 0, 6, 1, 0, 157, 9, 68]
1546497413290;[171, 0, 4, 255, 132, 128, 77]
1546497413295;[171, 0, 17, 255, 161, 72, 68, 184, 88, 0, 0, 116, 0, 0, 38, 1, 0, 189, 9, 235]
1546497413462;[171, 0, 17, 255, 161, 72, 68, 184, 88, 0, 0, 173, 0, 0, 33, 1, 0, 162, 10, 151]
1546497413466;[171, 0, 17, 255, 161, 72, 68, 184, 88, 0, 0, 173, 0, 0, 44, 1, 0, 219, 11, 61]
1546497413635;[171, 0, 17, 255, 161, 72, 68, 184, 88, 0, 0, 173, 0, 0, 44, 1, 0, 177, 11, 122]
1546497413639;[171, 0, 17, 255, 161, 72, 68, 184, 88, 0, 0, 196, 0, 0, 49, 1, 0, 175, 11, 141]
1546497413807;[171, 0, 17, 255, 161, 72, 68, 184, 88, 0, 0, 167, 0, 0, 55, 1, 0, 174, 11, 220]
1546497414154;[171, 0, 17, 255, 161, 72, 68, 184, 88, 0, 0, 191, 0, 0, 46, 1, 0, 173, 11, 255]
1546497414159;[171, 0, 17, 255, 161, 72, 68, 184, 88, 0, 0, 172, 0, 0, 44, 1, 0, 196, 12, 87]
1546497414167;[171, 0, 17, 255, 161, 72, 68, 184, 88, 0, 0, 160, 0, 0, 51, 1, 0, 190, 12, 134]
1546497414170;[171, 0, 17, 255, 161, 72, 68, 184, 89, 0, 0, 164, 0, 0, 48, 1, 0, 165, 12, 160]
1546497414323;[171, 0, 4, 255, 132, 128, 78]
1546497414496;[171, 0, 17, 255, 161, 72, 68, 184, 89, 0, 0, 157, 0, 0, 50, 1, 0, 177, 13, 10]
1546497414500;[171, 0, 17, 255, 161, 72, 68, 184, 89, 0, 0, 187, 0, 0, 56, 1, 0, 159, 12, 240]
1546497414671;[171, 0, 17, 255, 161, 72, 68, 184, 89, 0, 0, 240, 0, 0, 57, 1, 0, 93, 12, 111]
1546497414675;[171, 0, 17, 255, 161, 72, 68, 184, 89, 0, 0, 241, 0, 0, 69, 1, 0, 76, 12, 39]
1546497414844;[171, 0, 17, 255, 161, 72, 68, 184, 89, 0, 0, 251, 0, 0, 68, 1, 0, 26, 11, 255]
1546497414848;[171, 0, 17, 255, 161, 72, 68, 184, 89, 0, 0, 254, 0, 0, 61, 0, 0, 68, 12, 106]
1546497415014;[171, 0, 17, 255, 161, 72, 68, 184, 89, 0, 1, 12, 0, 0, 53, 0, 0, 29, 12, 241]
1546497415188;[171, 0, 17, 255, 161, 72, 68, 184, 89, 0, 0, 246, 0, 0, 56, 0, 0, 27, 13, 103]
1546497415192;[171, 0, 17, 255, 161, 72, 68, 184, 89, 0, 1, 1, 0, 0, 52, 0, 0, 35, 13, 196]
1546497415534;[171, 0, 17, 255, 161, 72, 68, 184, 90, 0, 0, 251, 0, 0, 38, 0, 0, 36, 13, 196]
1546497415537;[171, 0, 4, 255, 132, 128, 78]
1546497415541;[171, 0, 17, 255, 161, 72, 68, 184, 90, 0, 1, 3, 0, 0, 26, 0, 0, 40, 14, 17]
1546497415545;[171, 0, 17, 255, 161, 72, 68, 184, 90, 0, 0, 249, 0, 0, 28, 0, 0, 27, 14, 118]
1546497415705;[171, 0, 17, 255, 161, 72, 68, 184, 90, 0, 0, 243, 0, 0, 20, 0, 0, 17, 31, 157]
1546497415879;[171, 0, 17, 255, 161, 72, 68, 184, 90, 0, 0, 246, 0, 0, 8, 0, 0, 11, 8, 153]
1546497415882;[171, 0, 17, 255, 161, 72, 68, 184, 90, 0, 1, 7, 0, 0, 6, 0, 0, 10, 9, 33]
1546497416047;[171, 0, 17, 255, 161, 72, 68, 184, 90, 0, 0, 240, 0, 0, 6, 0, 0, 7, 9, 132]
1546497416051;[171, 0, 17, 255, 161, 72, 68, 184, 90, 0, 0, 246, 0, 0, 8, 0, 0, 3, 9, 204]
1546497416221;[171, 0, 17, 255, 161, 72, 68, 184, 90, 0, 1, 5, 0, 0, 4, 0, 0, 14, 9, 228]
1546497416395;[171, 0, 17, 255, 161, 72, 68, 184, 90, 0, 1, 5, 0, 0, 6, 0, 0, 32, 10, 1]
1546497416399;[171, 0, 17, 255, 161, 72, 68, 184, 91, 0, 1, 2, 0, 0, 12, 0, 0, 35, 10, 153]
1546497416741;[171, 0, 4, 255, 132, 128, 78]
1546497416745;[171, 0, 17, 255, 161, 72, 68, 184, 91, 0, 0, 253, 0, 0, 13, 0, 0, 36, 11, 104]
1546497416749;[171, 0, 17, 255, 161, 72, 68, 184, 91, 0, 1, 12, 0, 0, 12, 0, 0, 34, 11, 209]
1546497416753;[171, 0, 17, 255, 161, 72, 68, 184, 91, 0, 1, 1, 0, 0, 13, 0, 0, 28, 12, 48]
1546497416914;[171, 0, 17, 255, 161, 72, 68, 184, 91, 0, 1, 5, 0, 0, 13, 0, 0, 15, 12, 128]
1546497417085;[171, 0, 17, 255, 161, 72, 68, 184, 91, 0, 0, 251, 0, 0, 14, 0, 0, 12, 12, 161]
1546497417090;[171, 0, 17, 255, 161, 72, 68, 184, 91, 0, 1, 5, 0, 0, 16, 0, 0, 14, 12, 176]
1546497417259;[171, 0, 17, 255, 161, 72, 68, 184, 91, 0, 1, 5, 0, 0, 18, 0, 0, 6, 12, 199]
1546497417263;[171, 0, 17, 255, 161, 72, 68, 184, 91, 0, 1, 5, 0, 0, 14, 0, 0, 9, 13, 107]
1546497417430;[171, 0, 17, 255, 161, 72, 68, 184, 91, 0, 1, 2, 0, 0, 16, 0, 0, 23, 13, 251]
1546497417435;[171, 0, 17, 255, 161, 72, 68, 184, 92, 0, 1, 5, 0, 0, 16, 0, 0, 12, 14, 48]
1546497417602;[171, 0, 4, 255, 132, 128, 77]
1546497417776;[171, 0, 17, 255, 161, 72, 68, 184, 92, 0, 1, 5, 0, 0, 13, 0, 0, 15, 14, 101]
1546497417779;[171, 0, 17, 255, 161, 72, 68, 184, 92, 0, 0, 251, 0, 0, 14, 0, 0, 14, 14, 141]
1546497418120;[171, 0, 17, 255, 161, 72, 68, 184, 92, 0, 1, 2, 0, 0, 13, 0, 0, 12, 14, 156]
1546497418124;[171, 0, 17, 255, 161, 72, 68, 184, 92, 0, 1, 2, 0, 0, 19, 0, 0, 11, 14, 167]
1546497418127;[171, 0, 17, 255, 161, 72, 68, 184, 92, 0, 1, 3, 0, 0, 19, 0, 0, 27, 14, 190]
1546497418292;[171, 0, 17, 255, 161, 72, 68, 184, 92, 0, 1, 1, 0, 0, 8, 0, 0, 28, 31, 72]
1546497418296;[171, 0, 17, 255, 161, 72, 68, 184, 92, 0, 1, 1, 0, 0, 16, 0, 0, 15, 8, 11]
1546497418466;[171, 0, 17, 255, 161, 72, 68, 184, 92, 0, 1, 5, 0, 0, 19, 0, 0, 17, 8, 40]
1546497418470;[171, 0, 17, 255, 161, 72, 68, 184, 92, 0, 1, 2, 0, 0, 13, 0, 0, 21, 8, 69]
1546497418637;[171, 0, 17, 255, 161, 72, 68, 184, 93, 0, 1, 5, 0, 0, 16, 0, 0, 23, 8, 79]
1546497418641;[171, 0, 4, 255, 132, 128, 77]
1546497418810;[171, 0, 17, 255, 161, 72, 68, 184, 93, 0, 1, 1, 0, 0, 16, 0, 0, 22, 8, 76]
1546497418982;[171, 0, 17, 255, 161, 72, 68, 184, 93, 0, 0, 253, 0, 0, 14, 0, 0, 21, 8, 81]
1546497418986;[171, 0, 17, 255, 161, 72, 68, 184, 93, 0, 1, 2, 0, 0, 17, 0, 0, 20, 8, 198]
1546497419329;[171, 0, 17, 255, 161, 72, 68, 184, 93, 0, 1, 3, 0, 0, 25, 0, 0, 20, 8, 239]
1546497419333;[171, 0, 17, 255, 161, 72, 68, 184, 93, 0, 0, 253, 0, 0, 19, 0, 0, 22, 8, 236]
1546497419337;[171, 0, 17, 255, 161, 72, 68, 184, 93, 0, 1, 5, 0, 0, 24, 0, 0, 14, 8, 248]
1546497419340;[171, 0, 17, 255, 161, 72, 68, 184, 93, 0, 1, 2, 0, 0, 21, 0, 0, 15, 8, 247]
1546497419499;[171, 0, 17, 255, 161, 72, 68, 184, 93, 0, 1, 1, 0, 0, 20, 0, 0, 12, 8, 242]
1546497419672;[171, 0, 17, 255, 161, 72, 68, 184, 93, 0, 0, 253, 0, 0, 23, 0, 0, 11, 8, 223]
1546497419676;[171, 0, 17, 255, 161, 72, 68, 184, 94, 0, 1, 5, 0, 0, 19, 0, 0, 11, 9, 56]
1546497419845;[171, 0, 4, 255, 132, 128, 77]
1546497419848;[171, 0, 17, 255, 161, 72, 68, 184, 94, 0, 1, 2, 0, 0, 25, 0, 0, 11, 9, 110]
1546497420018;[171, 0, 17, 255, 161, 72, 68, 184, 94, 0, 1, 2, 0, 0, 23, 0, 0, 12, 9, 116]
1546497420187;[171, 0, 17, 255, 161, 72, 68, 184, 94, 0, 1, 3, 0, 0, 25, 0, 0, 12, 9, 136]
1546497420191;[171, 0, 17, 255, 161, 72, 68, 184, 94, 0, 1, 2, 0, 0, 23, 0, 0, 14, 9, 126]
1546497420530;[171, 0, 17, 255, 161, 72, 68, 184, 94, 0, 0, 253, 0, 0, 26, 0, 0, 13, 9, 114]
1546497420532;[171, 0, 17, 255, 161, 72, 68, 184, 94, 0, 1, 2, 0, 0, 24, 0, 0, 12, 9, 97]
1546497420534;[171, 0, 17, 255, 161, 72, 68, 184, 94, 0, 1, 3, 0, 0, 16, 0, 0, 11, 9, 124]
1546497420535;[171, 0, 17, 255, 161, 72, 68, 184, 94, 0, 1, 1, 0, 0, 21, 0, 0, 12, 9, 177]
1546497420702;[171, 0, 17, 255, 161, 72, 68, 184, 94, 0, 1, 5, 0, 0, 24, 0, 0, 12, 9, 177]
1546497420876;[171, 0, 17, 255, 161, 72, 68, 184, 95, 0, 1, 3, 0, 0, 16, 0, 0, 12, 9, 179]
1546497420877;[171, 0, 4, 255, 132, 128, 77]
1546497421048;[171, 0, 17, 255, 161, 72, 68, 184, 95, 0, 1, 3, 0, 0, 21, 0, 0, 14, 9, 177]
1546497421050;[171, 0, 17, 255, 161, 72, 68, 184, 95, 0, 1, 2, 0, 0, 25, 0, 0, 11, 9, 148]
1546497421221;[171, 0, 17, 255, 161, 72, 68, 184, 95, 0, 1, 2, 0, 0, 21, 0, 0, 13, 9, 130]
1546497421397;[171, 0, 17, 255, 161, 72, 68, 184, 95, 0, 1, 3, 0, 0, 21, 0, 0, 12, 9, 108]
1546497421401;[171, 0, 17, 255, 161, 72, 68, 184, 95, 0, 1, 2, 0, 0, 23, 0, 0, 12, 9, 169]
1546497421571;[171, 0, 17, 255, 161, 72, 68, 184, 95, 0, 1, 8, 0, 0, 16, 0, 0, 14, 9, 206]
1546497421575;[171, 0, 17, 255, 161, 72, 68, 184, 95, 0, 1, 3, 0, 0, 19, 0, 0, 12, 9, 212]
1546497421917;[171, 0, 17, 255, 161, 72, 68, 184, 95, 0, 0, 253, 0, 0, 19, 0, 0, 12, 9, 211]
1546497421921;[171, 0, 17, 255, 161, 72, 68, 184, 95, 0, 1, 2, 0, 0, 20, 0, 0, 14, 9, 194]
1546497421925;[171, 0, 17, 255, 161, 72, 68, 184, 96, 0, 1, 2, 0, 0, 19, 0, 0, 13, 9, 175]
1546497422088;[171, 0, 4, 255, 132, 128, 78]
1546497422092;[171, 0, 17, 255, 161, 72, 68, 184, 96, 0, 1, 5, 0, 0, 19, 0, 0, 17, 9, 163]
1546497422260;[171, 0, 17, 255, 161, 72, 68, 184, 96, 0, 1, 2, 0, 0, 19, 0, 0, 15, 9, 133]
1546497422264;[171, 0, 17, 255, 161, 72, 68, 184, 96, 0, 1, 2, 0, 0, 16, 0, 0, 15, 9, 156]
1546497422434;[171, 0, 17, 255, 161, 72, 68, 184, 96, 0, 0, 253, 0, 0, 21, 0, 0, 17, 9, 195]
1546497422438;[171, 0, 17, 255, 161, 72, 68, 184, 96, 0, 1, 2, 0, 0, 21, 0, 0, 17, 9, 201]
1546497422605;[171, 0, 17, 255, 161, 72, 68, 184, 96, 0, 1, 3, 0, 0, 21, 0, 0, 15, 9, 194]
1546497422779;[171, 0, 17, 255, 161, 72, 68, 184, 96, 0, 1, 3, 0, 0, 17, 0, 0, 16, 9, 189]
1546497422783;[171, 0, 17, 255, 161, 72, 68, 184, 96, 0, 1, 2, 0, 0, 20, 0, 0, 17, 9, 177]
1546497423124;[171, 0, 17, 255, 161, 72, 68, 184, 96, 0, 1, 3, 0, 0, 21, 0, 0, 22, 9, 152]
1546497423131;[171, 0, 17, 255, 161, 72, 68, 184, 97, 0, 1, 7, 0, 0, 17, 0, 0, 15, 9, 128]
1546497423136;[171, 0, 4, 255, 132, 128, 78]
1546497423294;[171, 0, 17, 255, 161, 72, 68, 184, 97, 0, 1, 2, 0, 0, 20, 0, 0, 22, 9, 111]
1546497423298;[171, 0, 17, 255, 161, 72, 68, 184, 97, 0, 1, 3, 0, 0, 16, 0, 0, 17, 9, 129]
1546497423641;[171, 0, 17, 255, 161, 72, 68, 184, 97, 0, 1, 2, 0, 0, 19, 0, 0, 20, 9, 145]
1546497423645;[171, 0, 17, 255, 161, 72, 68, 184, 97, 0, 0, 253, 0, 0, 39, 1, 0, 10, 9, 149]
1546497423649;[171, 0, 17, 255, 161, 72, 68, 184, 97, 0, 1, 7, 0, 0, 43, 1, 0, 17, 9, 139]
1546497423653;[171, 0, 17, 255, 161, 72, 68, 184, 97, 0, 1, 30, 0, 0, 21, 0, 0, 3, 9, 66]
1546497423813;[171, 0, 17, 255, 161, 72, 68, 184, 97, 0, 1, 27, 0, 0, 19, 1, 0, 75, 9, 11]
1546497423984;[171, 0, 17, 255, 161, 72, 68, 184, 97, 0, 0, 251, 0, 0, 2, 1, 0, 155, 8, 184]
1546497423989;[171, 0, 17, 255, 161, 72, 68, 184, 97, 0, 0, 239, 1, 0, 46, 1, 0, 122, 8, 57]
1546497424157;[171, 0, 17, 255, 161, 72, 68, 184, 98, 0, 0, 165, 1, 0, 89, 1, 0, 130, 7, 102]
1546497424160;[171, 0, 4, 255, 132, 128, 78]
1546497424502;[171, 0, 17, 255, 161, 72, 68, 184, 98, 0, 0, 156, 1, 0, 103, 1, 0, 117, 5, 31]
1546497424506;[171, 0, 17, 255, 161, 72, 68, 184, 98, 0, 0, 64, 1, 0, 29, 1, 0, 178, 5, 31]
1546497424510;[171, 0, 17, 255, 161, 72, 68, 184, 98, 0, 0, 114, 1, 0, 2, 1, 1, 5, 4, 222]
1546497424675;[171, 0, 17, 255, 161, 72, 68, 184, 98, 0, 0, 1, 1, 0, 25, 1, 1, 29, 4, 99]
1546497424849;[171, 0, 17, 255, 161, 72, 68, 184, 98, 1, 0, 23, 1, 0, 40, 1, 0, 240, 4, 229]
1546497424852;[171, 0, 17, 255, 161, 72, 68, 184, 98, 1, 0, 134, 1, 0, 34, 1, 0, 202, 4, 137]
1546497424856;[171, 0, 17, 255, 161, 72, 68, 184, 98, 1, 0, 14, 1, 0, 19, 1, 1, 11, 4, 5]
1546497425021;[171, 0, 17, 255, 161, 72, 68, 184, 98, 1, 0, 84, 1, 0, 21, 1, 0, 235, 3, 122]
1546497425192;[171, 0, 17, 255, 161, 72, 68, 184, 98, 1, 0, 29, 1, 0, 7, 1, 1, 4, 2, 246]
1546497425196;[171, 0, 17, 255, 161, 72, 68, 184, 99, 0, 0, 82, 1, 0, 30, 1, 1, 16, 1, 134]
1546497425365;[171, 0, 4, 255, 132, 128, 78]
1546497425369;[171, 0, 17, 255, 161, 72, 68, 184, 99, 0, 0, 88, 1, 0, 76, 1, 0, 226, 16, 60]
1546497425711;[171, 0, 17, 255, 161, 72, 68, 184, 99, 0, 0, 123, 1, 0, 94, 1, 0, 159, 6, 51]
1546497425715;[171, 0, 17, 255, 161, 72, 68, 184, 99, 0, 0, 173, 1, 0, 128, 1, 0, 99, 4, 222]
1546497425719;[171, 0, 17, 255, 161, 72, 68, 184, 99, 0, 0, 167, 1, 0, 132, 1, 0, 88, 3, 207]
1546497425884;[171, 0, 17, 255, 161, 72, 68, 184, 99, 0, 0, 196, 1, 0, 131, 1, 0, 98, 2, 240]
1546497425887;[171, 0, 17, 255, 161, 72, 68, 184, 99, 0, 0, 194, 1, 0, 125, 1, 0, 103, 2, 60]
1546497426055;[171, 0, 17, 255, 161, 72, 68, 184, 99, 0, 0, 187, 1, 0, 125, 1, 0, 115, 2, 60]
1546497426059;[171, 0, 17, 255, 161, 72, 68, 184, 99, 0, 0, 183, 1, 0, 118, 1, 0, 114, 1, 233]
1546497426228;[171, 0, 17, 255, 161, 72, 68, 184, 99, 0, 0, 186, 1, 0, 118, 1, 0, 103, 1, 151]
1546497426231;[171, 0, 17, 255, 161, 72, 68, 184, 100, 0, 0, 183, 1, 0, 120, 1, 0, 98, 1, 91]
1546497426400;[171, 0, 4, 255, 132, 128, 78]
1546497426572;[171, 0, 17, 255, 161, 72, 68, 184, 100, 0, 0, 187, 1, 0, 116, 1, 0, 115, 1, 42]
1546497426577;[171, 0, 17, 255, 161, 72, 68, 184, 100, 0, 0, 186, 1, 0, 109, 1, 0, 106, 0, 248]
1546497427091;[171, 0, 17, 255, 161, 72, 68, 184, 100, 0, 0, 203, 1, 0, 103, 1, 0, 102, 0, 206]
1546497427094;[171, 0, 17, 255, 161, 72, 68, 184, 100, 0, 0, 209, 1, 0, 115, 1, 0, 85, 16, 177]
1546497427098;[171, 0, 17, 255, 161, 72, 68, 184, 100, 0, 0, 211, 1, 0, 107, 1, 0, 51, 7, 244]
1546497427102;[171, 0, 17, 255, 161, 72, 68, 184, 100, 0, 0, 224, 1, 0, 81, 1, 0, 30, 8, 39]
1546497427263;[171, 0, 17, 255, 161, 72, 68, 184, 100, 0, 1, 14, 1, 0, 59, 1, 0, 82, 8, 85]
1546497427267;[171, 0, 17, 255, 161, 72, 68, 184, 100, 0, 1, 13, 1, 0, 49, 1, 0, 83, 8, 111]
1546497427271;[171, 0, 17, 255, 161, 72, 68, 184, 100, 0, 1, 34, 1, 0, 40, 1, 0, 84, 8, 164]
1546497427435;[171, 0, 17, 255, 161, 72, 68, 184, 101, 0, 1, 10, 1, 0, 37, 1, 0, 34, 8, 192]
1546497427438;[171, 0, 4, 255, 132, 128, 77]
1546497427607;[171, 0, 17, 255, 161, 72, 68, 184, 101, 0, 0, 237, 1, 0, 39, 1, 0, 13, 8, 208]
1546497427780;[171, 0, 17, 255, 161, 72, 68, 184, 101, 0, 1, 5, 1, 0, 28, 0, 0, 14, 8, 193]
1546497427784;[171, 0, 17, 255, 161, 72, 68, 184, 101, 0, 0, 240, 1, 0, 24, 0, 0, 7, 8, 204]
1546497427952;[171, 0, 17, 255, 161, 72, 68, 184, 101, 0, 1, 17, 1, 0, 35, 0, 0, 13, 9, 42]
1546497427956;[171, 0, 17, 255, 161, 72, 68, 184, 101, 0, 1, 20, 1, 0, 28, 1, 0, 8, 9, 146]
1546497428298;[171, 0, 17, 255, 161, 72, 68, 184, 101, 0, 1, 10, 1, 0, 18, 0, 0, 7, 9, 241]
1546497428302;[171, 0, 17, 255, 161, 72, 68, 184, 101, 0, 0, 253, 1, 0, 22, 0, 0, 7, 10, 79]
1546497428306;[171, 0, 17, 255, 161, 72, 68, 184, 101, 0, 1, 3, 1, 0, 22, 0, 0, 11, 10, 94]
1546497428472;[171, 0, 17, 255, 161, 72, 68, 184, 101, 0, 1, 14, 1, 0, 24, 0, 0, 31, 10, 122]
1546497428473;[171, 0, 17, 255, 161, 72, 68, 184, 102, 0, 0, 246, 1, 0, 24, 0, 0, 56, 10, 149]
1546497428642;[171, 0, 4, 255, 132, 128, 76]
1546497428646;[171, 0, 17, 255, 161, 72, 68, 184, 102, 0, 0, 253, 1, 0, 33, 0, 0, 52, 10, 180]
1546497428816;[171, 0, 17, 255, 161, 72, 68, 184, 102, 0, 0, 240, 1, 0, 35, 0, 0, 69, 11, 78]
1546497428988;[171, 0, 17, 255, 161, 72, 68, 184, 102, 0, 1, 9, 1, 0, 29, 0, 0, 67, 11, 175]
1546497428991;[171, 0, 17, 255, 161, 72, 68, 184, 102, 0, 0, 251, 1, 0, 51, 0, 0, 79, 11, 211]
1546497429159;[171, 0, 17, 255, 161, 72, 68, 184, 102, 0, 0, 244, 1, 0, 53, 0, 0, 99, 11, 234]
1546497429164;[171, 0, 17, 255, 161, 72, 68, 184, 102, 0, 0, 212, 1, 0, 64, 0, 0, 92, 11, 211]
1546497429505;[171, 0, 17, 255, 161, 72, 68, 184, 102, 0, 0, 216, 1, 0, 86, 0, 0, 72, 11, 169]
1546497429509;[171, 0, 17, 255, 161, 72, 68, 184, 102, 0, 0, 214, 1, 0, 73, 0, 0, 40, 11, 146]
1546497429513;[171, 0, 17, 255, 161, 72, 68, 184, 102, 0, 0, 238, 1, 0, 88, 0, 0, 27, 11, 139]
1546497429678;[171, 0, 17, 255, 161, 72, 68, 184, 105, 0, 0, 228, 1, 0, 86, 0, 0, 58, 11, 206]
1546497429850;[171, 0, 17, 255, 161, 72, 68, 184, 105, 0, 0, 231, 1, 0, 86, 0, 0, 35, 11, 234]
1546497429853;[171, 0, 17, 255, 161, 72, 68, 184, 105, 0, 0, 238, 1, 0, 86, 0, 0, 47, 12, 20]
1546497430022;[171, 0, 17, 255, 161, 72, 68, 184, 105, 0, 0, 238, 1, 0, 86, 0, 0, 58, 12, 47]
1546497430195;[171, 0, 17, 255, 161, 72, 68, 184, 105, 0, 0, 236, 1, 0, 89, 0, 0, 64, 12, 41]
1546497430368;[171, 0, 17, 255, 161, 72, 68, 184, 105, 0, 0, 229, 1, 0, 89, 0, 0, 71, 12, 42]
1546497430373;[171, 0, 17, 255, 161, 72, 68, 184, 105, 0, 0, 229, 1, 0, 81, 0, 0, 77, 12, 31]
1546497430539;[171, 0, 17, 255, 161, 72, 68, 184, 105, 0, 0, 241, 1, 0, 81, 0, 0, 83, 12, 34]
1546497430543;[171, 0, 17, 255, 161, 72, 68, 184, 105, 0, 0, 232, 1, 0, 86, 0, 0, 77, 12, 93]
1546497430885;[171, 0, 17, 255, 161, 72, 68, 184, 106, 0, 0, 236, 1, 0, 82, 0, 0, 68, 12, 119]
1546497430889;[171, 0, 4, 255, 132, 128, 73]
1546497430893;[171, 0, 17, 255, 161, 72, 68, 184, 106, 0, 0, 238, 1, 0, 92, 0, 0, 67, 12, 74]
1546497431058;[171, 0, 17, 255, 161, 72, 68, 184, 106, 0, 0, 226, 1, 0, 87, 0, 0, 63, 12, 41]
1546497431062;[171, 0, 17, 255, 161, 72, 68, 184, 106, 0, 0, 204, 1, 0, 94, 0, 0, 89, 12, 11]
1546497431231;[171, 0, 17, 255, 161, 72, 68, 184, 106, 0, 0, 221, 1, 0, 96, 0, 0, 89, 11, 222]
1546497431235;[171, 0, 17, 255, 161, 72, 68, 184, 106, 0, 0, 211, 1, 0, 94, 0, 0, 89, 11, 165]
1546497431404;[171, 0, 17, 255, 161, 72, 68, 184, 106, 0, 0, 244, 1, 0, 95, 0, 0, 69, 11, 145]
1546497431574;[171, 0, 17, 255, 161, 72, 68, 184, 106, 0, 0, 226, 1, 0, 97, 0, 0, 66, 11, 189]
1546497431580;[171, 0, 17, 255, 161, 72, 68, 184, 106, 0, 0, 231, 1, 0, 98, 0, 0, 53, 11, 213]
1546497431747;[171, 0, 17, 255, 161, 72, 68, 184, 106, 0, 0, 236, 1, 0, 97, 0, 0, 53, 11, 201]
1546497431752;[171, 0, 17, 255, 161, 72, 68, 184, 107, 0, 0, 234, 1, 0, 100, 0, 0, 53, 11, 195]
1546497432094;[171, 0, 4, 255, 132, 128, 73]
1546497432098;[171, 0, 17, 255, 161, 72, 68, 184, 107, 0, 0, 240, 1, 0, 93, 0, 0, 37, 11, 180]
1546497432101;[171, 0, 17, 255, 161, 72, 68, 184, 107, 0, 0, 234, 1, 0, 93, 0, 0, 52, 11, 167]
1546497432264;[171, 0, 17, 255, 161, 72, 68, 184, 107, 0, 0, 232, 1, 0, 92, 0, 0, 52, 11, 144]
1546497432267;[171, 0, 17, 255, 161, 72, 68, 184, 107, 0, 0, 236, 1, 0, 95, 0, 0, 53, 11, 160]
1546497432437;[171, 0, 17, 255, 161, 72, 68, 184, 107, 0, 0, 228, 1, 0, 88, 0, 0, 58, 11, 163]
1546497432441;[171, 0, 17, 255, 161, 72, 68, 184, 107, 0, 0, 228, 1, 0, 89, 0, 0, 55, 11, 159]
1546497432610;[171, 0, 17, 255, 161, 72, 68, 184, 107, 0, 0, 236, 1, 0, 95, 0, 0, 52, 11, 158]
1546497432783;[171, 0, 17, 255, 161, 72, 68, 184, 107, 0, 0, 234, 1, 0, 96, 0, 0, 43, 11, 134]
1546497432786;[171, 0, 17, 255, 161, 72, 68, 184, 107, 0, 0, 239, 1, 0, 98, 0, 0, 48, 11, 110]
1546497432955;[171, 0, 17, 255, 161, 72, 68, 184, 108, 0, 0, 222, 1, 0, 91, 0, 0, 41, 11, 100]
1546497432958;[171, 0, 4, 255, 132, 128, 74]
1546497433128;[171, 0, 17, 255, 161, 72, 68, 184, 108, 0, 0, 236, 1, 0, 95, 0, 0, 36, 11, 138]
1546497433132;[171, 0, 17, 255, 161, 72, 68, 184, 108, 0, 0, 237, 1, 0, 95, 0, 0, 34, 11, 204]
1546497433473;[171, 0, 17, 255, 161, 72, 68, 184, 108, 0, 0, 230, 1, 0, 91, 0, 0, 29, 11, 248]
1546497433477;[171, 0, 17, 255, 161, 72, 68, 184, 108, 0, 0, 237, 1, 0, 92, 0, 0, 29, 12, 29]
1546497433481;[171, 0, 17, 255, 161, 72, 68, 184, 108, 0, 0, 243, 1, 0, 92, 0, 0, 27, 12, 60]
1546497433645;[171, 0, 17, 255, 161, 72, 68, 184, 108, 0, 0, 234, 1, 0, 95, 0, 0, 29, 12, 69]
1546497433649;[171, 0, 17, 255, 161, 72, 68, 184, 108, 0, 0, 232, 1, 0, 96, 0, 0, 29, 12, 78]
1546497433819;[171, 0, 17, 255, 161, 72, 68, 184, 108, 0, 0, 232, 1, 0, 94, 0, 0, 34, 12, 83]
1546497433990;[171, 0, 17, 255, 161, 72, 68, 184, 108, 0, 0, 236, 1, 0, 96, 0, 0, 26, 12, 137]
1546497433994;[171, 0, 17, 255, 161, 72, 68, 184, 109, 0, 0, 240, 1, 0, 96, 0, 0, 28, 12, 191]
1546497434163;[171, 0, 4, 255, 132, 128, 74]
1546497434168;[171, 0, 17, 255, 161, 72, 68, 184, 109, 0, 0, 234, 1, 0, 93, 0, 0, 27, 12, 235]
1546497434335;[171, 0, 17, 255, 161, 72, 68, 184, 109, 0, 0, 231, 1, 0, 95, 0, 0, 24, 13, 10]
1546497434339;[171, 0, 17, 255, 161, 72, 68, 184, 109, 0, 0, 240, 1, 0, 96, 0, 0, 21, 13, 32]
1546497434681;[171, 0, 17, 255, 161, 72, 68, 184, 109, 0, 0, 247, 1, 0, 96, 0, 0, 12, 13, 44]
1546497434685;[171, 0, 17, 255, 161, 72, 68, 184, 109, 0, 0, 226, 1, 0, 97, 0, 0, 10, 13, 47]
1546497434689;[171, 0, 17, 255, 161, 72, 68, 184, 109, 0, 0, 219, 1, 0, 101, 0, 0, 12, 13, 65]
1546497434853;[171, 0, 17, 255, 161, 72, 68, 184, 109, 0, 0, 231, 1, 0, 111, 0, 0, 6, 13, 115]
1546497434856;[171, 0, 17, 255, 161, 72, 68, 184, 109, 0, 0, 236, 1, 0, 111, 0, 0, 3, 13, 115]
1546497435025;[171, 0, 17, 255, 161, 72, 68, 184, 109, 0, 0, 237, 1, 0, 103, 0, 0, 1, 13, 152]
1546497435197;[171, 0, 17, 255, 161, 72, 68, 184, 110, 0, 0, 224, 1, 0, 104, 1, 0, 2, 13, 192]
1546497435201;[171, 0, 4, 255, 132, 128, 75]
1546497435371;[171, 0, 17, 255, 161, 72, 68, 184, 110, 0, 0, 226, 1, 0, 107, 0, 0, 10, 13, 230]
1546497435374;[171, 0, 17, 255, 161, 72, 68, 184, 110, 0, 0, 225, 1, 0, 105, 0, 0, 11, 14, 5]
1546497435541;[171, 0, 17, 255, 161, 72, 68, 184, 110, 0, 0, 236, 1, 0, 97, 0, 0, 25, 14, 24]
1546497435545;[171, 0, 17, 255, 161, 72, 68, 184, 110, 0, 0, 231, 1, 0, 101, 0, 0, 35, 14, 1]
1546497436059;[171, 0, 17, 255, 161, 72, 68, 184, 110, 0, 0, 237, 1, 0, 106, 0, 0, 53, 13, 253]
1546497436063;[171, 0, 17, 255, 161, 72, 68, 184, 110, 0, 0, 234, 1, 0, 95, 0, 0, 53, 13, 223]
1546497436068;[171, 0, 17, 255, 161, 72, 68, 184, 110, 0, 0, 237, 1, 0, 95, 0, 0, 58, 13, 227]
1546497436072;[171, 0, 17, 255, 161, 72, 68, 184, 110, 0, 0, 242, 1, 0, 92, 0, 0, 63, 13, 233]
1546497436234;[171, 0, 17, 255, 161, 72, 68, 184, 110, 0, 0, 251, 1, 0, 83, 0, 0, 45, 13, 170]
1546497436239;[171, 0, 17, 255, 161, 72, 68, 184, 111, 0, 0, 247, 1, 0, 95, 0, 0, 50, 13, 112]
1546497436241;[171, 0, 4, 255, 132, 128, 75]
1546497436405;[171, 0, 17, 255, 161, 72, 68, 184, 111, 0, 0, 223, 1, 0, 107, 0, 0, 81, 13, 79]
1546497436577;[171, 0, 17, 255, 161, 72, 68, 184, 111, 0, 0, 194, 1, 0, 88, 0, 0, 58, 13, 18]
1546497436580;[171, 0, 17, 255, 161, 72, 68, 184, 111, 0, 0, 212, 1, 0, 112, 0, 0, 60, 13, 28]
1546497436750;[171, 0, 17, 255, 161, 72, 68, 184, 111, 0, 0, 221, 1, 0, 103, 0, 0, 69, 13, 80]
1546497436753;[171, 0, 17, 255, 161, 72, 68, 184, 111, 0, 0, 208, 1, 0, 91, 0, 0, 63, 13, 129]
1546497436922;[171, 0, 17, 255, 161, 72, 68, 184, 111, 0, 0, 218, 1, 0, 92, 0, 0, 70, 13, 161]
1546497437269;[171, 0, 17, 255, 161, 72, 68, 184, 111, 0, 0, 246, 1, 0, 76, 0, 0, 48, 13, 124]
1546497437272;[171, 0, 17, 255, 161, 72, 68, 184, 111, 0, 0, 223, 1, 0, 79, 0, 0, 38, 13, 67]
1546497437275;[171, 0, 17, 255, 161, 72, 68, 184, 111, 0, 0, 208, 1, 0, 86, 0, 0, 45, 13, 27]
1546497437277;[171, 0, 17, 255, 161, 72, 68, 184, 112, 0, 0, 226, 1, 0, 97, 0, 0, 110, 12, 144]
1546497437440;[171, 0, 4, 255, 132, 128, 75]
1546497437445;[171, 0, 17, 255, 161, 72, 68, 184, 112, 0, 0, 200, 1, 0, 86, 0, 0, 161, 11, 228]
1546497437612;[171, 0, 17, 255, 161, 72, 68, 184, 112, 0, 0, 206, 1, 0, 91, 0, 0, 163, 11, 85]
1546497437787;[171, 0, 17, 255, 161, 72, 68, 184, 112, 0, 0, 216, 1, 0, 91, 0, 0, 124, 11, 14]
1546497437789;[171, 0, 17, 255, 161, 72, 68, 184, 112, 0, 0, 219, 1, 0, 92, 0, 0, 105, 10, 222]
1546497437958;[171, 0, 17, 255, 161, 72, 68, 184, 112, 0, 0, 214, 1, 0, 100, 0, 0, 100, 10, 203]
1546497437962;[171, 0, 17, 255, 161, 72, 68, 184, 112, 0, 0, 211, 1, 0, 96, 0, 0, 96, 10, 173]
1546497438132;[171, 0, 17, 255, 161, 72, 68, 184, 112, 0, 0, 209, 1, 0, 96, 0, 0, 94, 10, 161]
1546497438135;[171, 0, 17, 255, 161, 72, 68, 184, 112, 0, 0, 222, 1, 0, 111, 0, 0, 96, 10, 163]
1546497438476;[171, 0, 17, 255, 161, 72, 68, 184, 112, 0, 0, 229, 1, 0, 102, 0, 0, 94, 10, 187]
1546497438482;[171, 0, 17, 255, 161, 72, 68, 184, 113, 0, 0, 214, 1, 0, 96, 0, 0, 89, 10, 251]
1546497438484;[171, 0, 4, 255, 132, 128, 75]
1546497438648;[171, 0, 17, 255, 161, 72, 68, 184, 113, 0, 0, 221, 1, 0, 100, 0, 0, 78, 11, 35]
1546497438651;[171, 0, 17, 255, 161, 72, 68, 184, 113, 0, 0, 218, 1, 0, 111, 0, 0, 70, 11, 31]
1546497438820;[171, 0, 17, 255, 161, 72, 68, 184, 113, 0, 0, 219, 1, 0, 106, 0, 0, 69, 11, 33]
1546497438992;[171, 0, 17, 255, 161, 72, 68, 184, 113, 0, 0, 223, 1, 0, 112, 0, 0, 62, 11, 6]
1546497438996;[171, 0, 17, 255, 161, 72, 68, 184, 113, 0, 0, 251, 1, 0, 136, 0, 0, 58, 10, 159]
1546497439165;[171, 0, 17, 255, 161, 72, 68, 184, 113, 0, 0, 219, 1, 0, 141, 0, 0, 29, 9, 128]
1546497439169;[171, 0, 17, 255, 161, 72, 68, 184, 113, 0, 0, 222, 1, 0, 125, 1, 0, 26, 9, 128]
1546497439338;[171, 0, 17, 255, 161, 72, 68, 184, 113, 0, 0, 192, 1, 0, 62, 1, 0, 111, 8, 180]
1546497439342;[171, 0, 17, 255, 161, 72, 68, 184, 113, 0, 0, 73, 1, 0, 29, 1, 0, 194, 8, 57]
1546497439510;[171, 0, 17, 255, 161, 72, 68, 184, 114, 0, 0, 27, 1, 0, 34, 1, 0, 238, 8, 110]
1546497439855;[171, 0, 4, 255, 132, 128, 75]
1546497439865;[171, 0, 17, 255, 161, 72, 68, 184, 114, 1, 0, 4, 1, 0, 40, 1, 1, 0, 8, 44]
1546497439869;[171, 0, 17, 255, 161, 72, 68, 184, 114, 0, 0, 2, 1, 0, 57, 1, 0, 233, 7, 189]
1546497439874;[171, 0, 17, 255, 161, 72, 68, 184, 114, 0, 0, 9, 1, 0, 46, 1, 0, 249, 7, 82]
1546497440030;[171, 0, 17, 255, 161, 72, 68, 184, 114, 1, 0, 4, 1, 0, 44, 1, 0, 250, 6, 221]
1546497440033;[171, 0, 17, 255, 161, 72, 68, 184, 114, 0, 0, 13, 1, 0, 48, 1, 0, 247, 6, 86]
1546497440201;[171, 0, 17, 255, 161, 72, 68, 184, 114, 0, 0, 22, 1, 0, 58, 1, 0, 249, 5, 191]
1546497440374;[171, 0, 17, 255, 161, 72, 68, 184, 114, 0, 0, 18, 1, 0, 48, 1, 0, 242, 5, 208]
1546497440378;[171, 0, 17, 255, 161, 72, 68, 184, 114, 0, 0, 37, 1, 0, 61, 1, 0, 244, 5, 228]
1546497440720;[171, 0, 17, 255, 161, 72, 68, 184, 114, 0, 0, 26, 1, 0, 54, 1, 0, 247, 5, 208]
1546497440723;[171, 0, 17, 255, 161, 72, 68, 184, 115, 0, 0, 46, 1, 0, 62, 1, 0, 247, 5, 226]
1546497440727;[171, 0, 4, 255, 132, 128, 75]
1546497441063;[171, 0, 17, 255, 161, 72, 68, 184, 115, 0, 0, 34, 1, 0, 64, 1, 0, 237, 5, 161]
1546497441067;[171, 0, 17, 255, 161, 72, 68, 184, 115, 0, 0, 75, 1, 0, 24, 1, 0, 228, 5, 24]
1546497441071;[171, 0, 17, 255, 161, 72, 68, 184, 115, 0, 0, 48, 1, 0, 60, 1, 0, 210, 4, 190]
1546497441075;[171, 0, 17, 255, 161, 72, 68, 184, 115, 0, 0, 57, 1, 0, 71, 1, 0, 237, 4, 144]
1546497441237;[171, 0, 17, 255, 161, 72, 68, 184, 115, 0, 0, 29, 1, 0, 70, 1, 0, 254, 5, 57]
1546497441240;[171, 0, 17, 255, 161, 72, 68, 184, 115, 0, 0, 58, 1, 0, 35, 1, 1, 49, 5, 45]
1546497441408;[171, 0, 17, 255, 161, 72, 68, 184, 115, 0, 0, 63, 1, 0, 28, 1, 1, 21, 4, 243]
1546497441580;[171, 0, 17, 255, 161, 72, 68, 184, 115, 0, 0, 82, 0, 0, 2, 1, 0, 240, 4, 178]
1546497441584;[171, 0, 17, 255, 161, 72, 68, 184, 115, 0, 0, 110, 1, 0, 10, 1, 0, 232, 4, 98]
1546497441752;[171, 0, 17, 255, 161, 72, 68, 184, 116, 0, 0, 158, 1, 0, 37, 1, 0, 227, 4, 27]
1546497441755;[171, 0, 4, 255, 132, 128, 75]
1546497441925;[171, 0, 17, 255, 161, 72, 68, 184, 116, 0, 0, 163, 1, 0, 93, 1, 0, 229, 3, 216]
1546497442444;[171, 0, 17, 255, 161, 72, 68, 184, 116, 0, 0, 191, 1, 0, 76, 1, 0, 184, 3, 111]
1546497442447;[171, 0, 17, 255, 161, 72, 68, 184, 116, 0, 0, 206, 1, 0, 54, 1, 0, 52, 3, 212]
1546497442454;[171, 0, 17, 255, 161, 72, 68, 184, 116, 0, 0, 182, 1, 0, 19, 0, 0, 26, 4, 41]
1546497442457;[171, 0, 17, 255, 161, 72, 68, 184, 116, 0, 0, 183, 1, 0, 101, 1, 0, 134, 4, 59]
1546497442616;[171, 0, 17, 255, 161, 72, 68, 184, 116, 0, 0, 131, 1, 0, 53, 1, 0, 36, 4, 119]
1546497442620;[171, 0, 17, 255, 161, 72, 68, 184, 116, 0, 0, 232, 0, 0, 10, 1, 0, 67, 4, 156]
1546497442623;[171, 0, 17, 255, 161, 72, 68, 184, 116, 0, 1, 10, 0, 0, 14, 1, 0, 131, 4, 228]
1546497442787;[171, 0, 17, 255, 161, 72, 68, 184, 116, 0, 1, 11, 0, 0, 69, 1, 0, 162, 5, 24]
1546497442791;[171, 0, 17, 255, 161, 72, 68, 184, 117, 0, 0, 243, 0, 0, 108, 1, 0, 136, 5, 139]
1546497442960;[171, 0, 4, 255, 132, 128, 75]
1546497442964;[171, 0, 17, 255, 161, 72, 68, 184, 117, 0, 0, 225, 0, 0, 106, 1, 0, 149, 6, 121]
1546497443132;[171, 0, 17, 255, 161, 72, 68, 184, 117, 0, 0, 204, 0, 0, 142, 1, 0, 153, 6, 230]
1546497443136;[171, 0, 17, 255, 161, 72, 68, 184, 117, 0, 0, 169, 0, 0, 134, 1, 0, 153, 6, 172]
1546497443305;[171, 0, 17, 255, 161, 72, 68, 184, 117, 0, 0, 228, 0, 0, 92, 1, 0, 96, 6, 113]
1546497443651;[171, 0, 17, 255, 161, 72, 68, 184, 117, 0, 0, 209, 0, 0, 82, 1, 0, 125, 6, 36]
1546497443655;[171, 0, 17, 255, 161, 72, 68, 184, 117, 0, 0, 217, 0, 0, 73, 1, 0, 121, 5, 174]
1546497443659;[171, 0, 17, 255, 161, 72, 68, 184, 117, 0, 0, 203, 0, 0, 79, 1, 0, 112, 5, 210]
1546497443663;[171, 0, 17, 255, 161, 72, 68, 184, 117, 0, 0, 219, 0, 0, 79, 1, 0, 110, 6, 198]
1546497443823;[171, 0, 17, 255, 161, 72, 68, 184, 117, 0, 0, 197, 0, 0, 57, 1, 0, 105, 7, 177]
1546497443995;[171, 0, 17, 255, 161, 72, 68, 184, 118, 0, 0, 236, 0, 0, 49, 1, 0, 105, 8, 85]
1546497443998;[171, 0, 4, 255, 132, 128, 75]
1546497444169;[171, 0, 17, 255, 161, 72, 68, 184, 118, 0, 0, 253, 0, 0, 51, 1, 0, 96, 8, 221]
1546497444173;[171, 0, 17, 255, 161, 72, 68, 184, 118, 0, 0, 236, 0, 0, 44, 1, 0, 96, 9, 95]
1546497444341;[171, 0, 17, 255, 161, 72, 68, 184, 118, 0, 0, 223, 0, 0, 52, 1, 0, 92, 9, 173]
1546497444344;[171, 0, 17, 255, 161, 72, 68, 184, 118, 0, 1, 23, 0, 0, 57, 1, 0, 145, 9, 203]
1546497444512;[171, 0, 17, 255, 161, 72, 68, 184, 118, 0, 1, 7, 0, 0, 52, 1, 0, 234, 9, 170]
1546497444861;[171, 0, 17, 255, 161, 72, 68, 184, 118, 0, 0, 217, 1, 0, 44, 1, 1, 148, 10, 91]
1546497444866;[171, 0, 17, 255, 161, 72, 68, 184, 118, 0, 0, 106, 1, 0, 94, 1, 0, 249, 10, 156]
1546497444870;[171, 0, 17, 255, 161, 72, 68, 184, 118, 0, 0, 238, 1, 0, 91, 1, 0, 115, 10, 38]
1546497444876;[171, 0, 17, 255, 161, 72, 68, 184, 118, 1, 0, 31, 1, 0, 1, 1, 0, 58, 10, 76]
1546497445032;[171, 0, 17, 255, 161, 72, 68, 184, 119, 1, 0, 92, 1, 0, 46, 0, 0, 21, 10, 99]
1546497445034;[171, 0, 4, 255, 132, 128, 75]
1546497445203;[171, 0, 17, 255, 161, 72, 68, 184, 119, 0, 0, 172, 1, 0, 76, 1, 0, 169, 10, 32]
1546497445375;[171, 0, 17, 255, 161, 72, 68, 184, 119, 0, 0, 58, 1, 0, 49, 1, 0, 224, 10, 29]
1546497445380;[171, 0, 17, 255, 161, 72, 68, 184, 119, 0, 0, 154, 1, 0, 33, 1, 1, 61, 9, 234]
1546497445548;[171, 0, 17, 255, 161, 72, 68, 184, 119, 0, 1, 1, 1, 0, 40, 1, 0, 207, 9, 207]
1546497445552;[171, 0, 17, 255, 161, 72, 68, 184, 119, 0, 1, 8, 1, 0, 23, 1, 0, 141, 9, 178]
1546497445720;[171, 0, 17, 255, 161, 72, 68, 184, 119, 0, 1, 13, 0, 0, 2, 1, 0, 111, 9, 93]
1546497445893;[171, 0, 17, 255, 161, 72, 68, 184, 119, 0, 0, 255, 0, 0, 26, 1, 0, 87, 9, 22]
1546497445897;[171, 0, 17, 255, 161, 72, 68, 184, 119, 0, 1, 7, 0, 0, 40, 1, 0, 54, 8, 217]
1546497446238;[171, 0, 17, 255, 161, 72, 68, 184, 119, 0, 0, 246, 0, 0, 43, 1, 0, 59, 8, 174]
1546497446242;[171, 0, 17, 255, 161, 72, 68, 184, 120, 0, 0, 211, 0, 0, 37, 1, 0, 63, 8, 143]
1546497446246;[171, 0, 4, 255, 132, 128, 75]
1546497446251;[171, 0, 17, 255, 161, 72, 68, 184, 120, 0, 0, 221, 0, 0, 35, 1, 0, 111, 8, 91]
1546497446410;[171, 0, 17, 255, 161, 72, 68, 184, 120, 0, 0, 240, 0, 0, 25, 1, 0, 157, 8, 55]
1546497446584;[171, 0, 17, 255, 161, 72, 68, 184, 120, 0, 0, 175, 0, 0, 3, 1, 0, 154, 8, 84]
1546497446588;[171, 0, 17, 255, 161, 72, 68, 184, 120, 0, 0, 194, 0, 0, 2, 1, 0, 155, 8, 73]
1546497446755;[171, 0, 17, 255, 161, 72, 68, 184, 120, 0, 0, 214, 0, 0, 23, 1, 0, 159, 8, 70]
1546497446759;[171, 0, 17, 255, 161, 72, 68, 184, 120, 0, 0, 163, 0, 0, 43, 1, 0, 165, 8, 48]
1546497446928;[171, 0, 17, 255, 161, 72, 68, 184, 120, 0, 0, 158, 0, 0, 57, 1, 0, 211, 8, 4]
1546497446932;[171, 0, 17, 255, 161, 72, 68, 184, 120, 0, 0, 139, 0, 0, 63, 1, 0, 224, 7, 209]
1546497447101;[171, 0, 17, 255, 161, 72, 68, 184, 120, 0, 0, 157, 0, 0, 38, 1, 0, 202, 7, 242]
1546497447447;[171, 0, 17, 255, 161, 72, 68, 184, 121, 0, 0, 159, 0, 0, 31, 1, 0, 200, 7, 240]
1546497447450;[171, 0, 4, 255, 132, 128, 75]
1546497447455;[171, 0, 17, 255, 161, 72, 68, 184, 121, 0, 0, 160, 0, 0, 25, 1, 0, 194, 7, 210]
1546497447462;[171, 0, 17, 255, 161, 72, 68, 184, 121, 0, 0, 157, 0, 0, 26, 1, 0, 197, 7, 195]
1546497447618;[171, 0, 17, 255, 161, 72, 68, 184, 121, 0, 0, 163, 0, 0, 26, 1, 0, 203, 7, 171]
1546497447791;[171, 0, 17, 255, 161, 72, 68, 184, 121, 0, 0, 142, 0, 0, 31, 1, 0, 211, 7, 132]
1546497447795;[171, 0, 17, 255, 161, 72, 68, 184, 121, 0, 0, 160, 0, 0, 19, 1, 0, 212, 7, 83]
1546497447964;[171, 0, 17, 255, 161, 72, 68, 184, 121, 0, 0, 161, 0, 0, 13, 1, 0, 200, 7, 80]
1546497447968;[171, 0, 17, 255, 161, 72, 68, 184, 121, 0, 0, 166, 0, 0, 8, 1, 0, 203, 7, 59]
1546497448136;[171, 0, 17, 255, 161, 72, 68, 184, 121, 0, 0, 151, 0, 0, 17, 1, 0, 193, 7, 14]
1546497448139;[171, 0, 17, 255, 161, 72, 68, 184, 121, 0, 0, 163, 0, 0, 2, 1, 0, 195, 6, 232]
1546497448307;[171, 0, 17, 255, 161, 72, 68, 184, 122, 0, 0, 164, 0, 0, 2, 1, 0, 211, 6, 176]
1546497448479;[171, 0, 4, 255, 132, 128, 76]
1546497448483;[171, 0, 17, 255, 161, 72, 68, 184, 122, 0, 0, 163, 0, 0, 13, 1, 0, 212, 6, 120]
1546497448826;[171, 0, 17, 255, 161, 72, 68, 184, 122, 0, 0, 164, 0, 0, 24, 1, 0, 202, 6, 57]
1546497448830;[171, 0, 17, 255, 161, 72, 68, 184, 122, 0, 0, 163, 0, 0, 25, 1, 0, 195, 6, 26]
1546497448834;[171, 0, 17, 255, 161, 72, 68, 184, 122, 0, 0, 166, 0, 0, 29, 1, 0, 207, 5, 253]
1546497448838;[171, 0, 17, 255, 161, 72, 68, 184, 122, 0, 0, 160, 0, 0, 30, 1, 0, 201, 5, 225]
1546497448997;[171, 0, 17, 255, 161, 72, 68, 184, 122, 0, 0, 151, 0, 0, 16, 1, 0, 202, 5, 192]
1546497449171;[171, 0, 17, 255, 161, 72, 68, 184, 122, 0, 0, 161, 0, 0, 8, 1, 0, 197, 5, 127]
1546497449175;[171, 0, 17, 255, 161, 72, 68, 184, 122, 0, 0, 161, 0, 0, 19, 1, 0, 195, 5, 88]
1546497449344;[171, 0, 17, 255, 161, 72, 68, 184, 122, 0, 0, 160, 0, 0, 26, 1, 0, 199, 5, 56]
1546497449348;[171, 0, 17, 255, 161, 72, 68, 184, 123, 0, 0, 164, 0, 0, 26, 1, 0, 201, 5, 38]
1546497449515;[171, 0, 4, 255, 132, 128, 77]
1546497449689;[171, 0, 17, 255, 161, 72, 68, 184, 123, 0, 0, 157, 0, 0, 28, 1, 0, 197, 5, 45]
1546497449692;[171, 0, 17, 255, 161, 72, 68, 184, 123, 0, 0, 163, 0, 0, 25, 1, 0, 197, 4, 252]
1546497450029;[171, 0, 17, 255, 161, 72, 68, 184, 123, 0, 0, 158, 0, 0, 26, 1, 0, 206, 4, 241]
1546497450035;[171, 0, 17, 255, 161, 72, 68, 184, 123, 0, 0, 159, 0, 0, 30, 1, 0, 201, 4, 221]
1546497450036;[171, 0, 17, 255, 161, 72, 68, 184, 123, 0, 0, 166, 0, 0, 31, 1, 0, 194, 4, 203]
1546497450037;[171, 0, 17, 255, 161, 72, 68, 184, 123, 0, 0, 163, 0, 0, 20, 1, 0, 186, 4, 193]
1546497450200;[171, 0, 17, 255, 161, 72, 68, 184, 123, 0, 0, 169, 0, 0, 16, 1, 0, 183, 4, 209]
1546497450379;[171, 0, 17, 255, 161, 72, 68, 184, 123, 0, 0, 194, 0, 0, 33, 1, 0, 195, 4, 231]
1546497450384;[171, 0, 17, 255, 161, 72, 68, 184, 123, 0, 0, 181, 0, 0, 34, 1, 0, 162, 4, 219]
1546497450545;[171, 0, 17, 255, 161, 72, 68, 184, 128, 0, 0, 196, 0, 0, 23, 1, 0, 150, 4, 235]
1546497450546;[171, 0, 4, 255, 132, 128, 79]
1546497450721;[171, 0, 17, 255, 161, 72, 68, 184, 128, 0, 0, 208, 0, 0, 38, 1, 0, 169, 4, 252]
1546497450894;[171, 0, 17, 255, 161, 72, 68, 184, 128, 0, 0, 196, 0, 0, 40, 1, 0, 162, 5, 12]
1546497450898;[171, 0, 17, 255, 161, 72, 68, 184, 128, 0, 0, 213, 0, 0, 40, 1, 0, 153, 5, 18]
1546497451413;[171, 0, 17, 255, 161, 72, 68, 184, 128, 0, 0, 203, 0, 0, 44, 1, 0, 151, 5, 70]
1546497451416;[171, 0, 17, 255, 161, 72, 68, 184, 128, 0, 0, 208, 0, 0, 44, 1, 0, 153, 5, 129]
1546497451421;[171, 0, 17, 255, 161, 72, 68, 184, 128, 0, 0, 215, 0, 0, 37, 1, 0, 151, 5, 143]
1546497451425;[171, 0, 17, 255, 161, 72, 68, 184, 128, 0, 0, 211, 0, 0, 35, 1, 0, 152, 5, 147]
1546497451584;[171, 0, 17, 255, 161, 72, 68, 184, 128, 0, 0, 173, 0, 0, 39, 1, 0, 151, 5, 131]
1546497451588;[171, 0, 17, 255, 161, 72, 68, 184, 128, 0, 0, 199, 0, 0, 16, 1, 0, 171, 5, 97]
1546497451758;[171, 0, 17, 255, 161, 72, 68, 184, 131, 0, 0, 204, 0, 0, 57, 1, 0, 145, 8, 91]
1546497451762;[171, 0, 17, 255, 161, 72, 68, 184, 131, 0, 0, 208, 0, 0, 55, 1, 0, 145, 8, 151]
1546497451930;[171, 0, 17, 255, 161, 72, 68, 184, 131, 0, 0, 209, 0, 0, 57, 1, 0, 145, 9, 21]
1546497451934;[171, 0, 17, 255, 161, 72, 68, 184, 131, 0, 0, 201, 0, 0, 57, 1, 0, 147, 9, 80]
1546497452276;[171, 0, 17, 255, 161, 72, 68, 184, 131, 0, 0, 207, 0, 0, 57, 1, 0, 145, 9, 107]
1546497452280;[171, 0, 17, 255, 161, 72, 68, 184, 131, 0, 0, 207, 0, 0, 57, 1, 0, 140, 9, 130]
1546497452644;[171, 0, 17, 255, 161, 72, 68, 184, 131, 0, 0, 201, 0, 0, 58, 1, 0, 146, 9, 139]
1546497452648;[171, 0, 17, 255, 161, 72, 68, 184, 131, 0, 0, 203, 0, 0, 57, 1, 0, 146, 9, 128]
1546497452650;[171, 0, 17, 255, 161, 72, 68, 184, 131, 0, 0, 200, 0, 0, 62, 1, 0, 146, 9, 144]
1546497452792;[171, 0, 17, 255, 161, 72, 68, 184, 132, 0, 0, 200, 0, 0, 57, 1, 0, 146, 10, 6]
1546497452797;[171, 0, 4, 255, 132, 128, 81]
1546497452967;[171, 0, 17, 255, 161, 72, 68, 184, 132, 0, 0, 203, 0, 0, 57, 1, 0, 146, 10, 61]
1546497452971;[171, 0, 17, 255, 161, 72, 68, 184, 132, 0, 0, 200, 0, 0, 57, 1, 0, 148, 10, 78]
1546497453133;[171, 0, 17, 255, 161, 72, 68, 184, 132, 0, 0, 198, 0, 0, 58, 1, 0, 148, 10, 99]
1546497453135;[171, 0, 17, 255, 161, 72, 68, 184, 132, 0, 0, 203, 0, 0, 57, 1, 0, 148, 10, 92]
1546497453309;[171, 0, 17, 255, 161, 72, 68, 184, 132, 0, 0, 203, 0, 0, 61, 1, 0, 145, 10, 70]
1546497453479;[171, 0, 17, 255, 161, 72, 68, 184, 132, 0, 0, 203, 0, 0, 57, 1, 0, 145, 10, 53]
1546497453482;[171, 0, 17, 255, 161, 72, 68, 184, 132, 0, 0, 200, 0, 0, 58, 1, 0, 145, 10, 86]
1546497453822;[171, 0, 17, 255, 161, 72, 68, 184, 132, 0, 0, 203, 0, 0, 58, 1, 0, 145, 10, 140]
1546497453827;[171, 0, 17, 255, 161, 72, 68, 184, 132, 0, 0, 197, 0, 0, 57, 1, 0, 145, 10, 161]
1546497453829;[171, 0, 17, 255, 161, 72, 68, 184, 133, 0, 0, 200, 0, 0, 57, 1, 0, 145, 10, 147]
1546497453830;[171, 0, 4, 255, 132, 128, 82]
1546497454000;[171, 0, 17, 255, 161, 72, 68, 184, 133, 0, 0, 203, 0, 0, 58, 1, 0, 145, 10, 128]
1546497454174;[171, 0, 17, 255, 161, 72, 68, 184, 133, 0, 0, 204, 0, 0, 58, 1, 0, 146, 10, 98]
1546497454178;[171, 0, 17, 255, 161, 72, 68, 184, 133, 0, 0, 201, 0, 0, 58, 1, 0, 145, 10, 60]
1546497454347;[171, 0, 17, 255, 161, 72, 68, 184, 133, 0, 0, 204, 0, 0, 58, 1, 0, 145, 10, 7]
1546497454351;[171, 0, 17, 255, 161, 72, 68, 184, 133, 0, 0, 200, 0, 0, 56, 1, 0, 147, 10, 34]
1546497454517;[171, 0, 17, 255, 161, 72, 68, 184, 133, 0, 0, 201, 0, 0, 63, 1, 0, 147, 10, 56]
1546497454691;[171, 0, 17, 255, 161, 72, 68, 184, 133, 0, 0, 203, 0, 0, 57, 1, 0, 146, 10, 35]
1546497454695;[171, 0, 17, 255, 161, 72, 68, 184, 133, 0, 0, 197, 0, 0, 58, 1, 0, 145, 10, 28]
1546497454869;[171, 0, 17, 255, 161, 72, 68, 184, 133, 0, 0, 201, 0, 0, 58, 1, 0, 145, 9, 241]
1546497454871;[171, 0, 17, 255, 161, 72, 68, 184, 134, 0, 0, 203, 0, 0, 58, 1, 0, 140, 9, 206]
1546497455210;[171, 0, 4, 255, 132, 128, 83]
1546497455215;[171, 0, 17, 255, 161, 72, 68, 184, 134, 0, 0, 203, 0, 0, 58, 1, 0, 147, 9, 155]
1546497455219;[171, 0, 17, 255, 161, 72, 68, 184, 134, 0, 0, 205, 0, 0, 62, 1, 0, 145, 9, 114]
1546497455382;[171, 0, 17, 255, 161, 72, 68, 184, 134, 0, 0, 203, 0, 0, 57, 1, 0, 145, 9, 123]
1546497455386;[171, 0, 17, 255, 161, 72, 68, 184, 134, 0, 0, 201, 0, 0, 62, 1, 0, 146, 9, 121]
1546497455553;[171, 0, 17, 255, 161, 72, 68, 184, 134, 0, 0, 198, 0, 0, 63, 1, 0, 147, 9, 87]
1546497455557;[171, 0, 17, 255, 161, 72, 68, 184, 134, 0, 0, 203, 0, 0, 58, 1, 0, 146, 9, 79]
1546497455727;[171, 0, 17, 255, 161, 72, 68, 184, 134, 0, 0, 197, 0, 0, 58, 1, 0, 146, 9, 45]
1546497455898;[171, 0, 17, 255, 161, 72, 68, 184, 134, 0, 0, 200, 0, 0, 58, 1, 0, 147, 9, 16]
1546497455902;[171, 0, 17, 255, 161, 72, 68, 184, 134, 0, 0, 197, 0, 0, 62, 1, 0, 146, 8, 241]
1546497456071;[171, 0, 17, 255, 161, 72, 68, 184, 135, 0, 0, 203, 0, 0, 63, 1, 0, 147, 8, 215]
1546497456074;[171, 0, 4, 255, 132, 128, 82]
1546497456417;[171, 0, 17, 255, 161, 72, 68, 184, 135, 0, 0, 204, 0, 0, 57, 1, 0, 145, 8, 243]
1546497456421;[171, 0, 17, 255, 161, 72, 68, 184, 135, 0, 0, 200, 0, 0, 58, 1, 0, 145, 8, 235]
1546497456425;[171, 0, 17, 255, 161, 72, 68, 184, 135, 0, 0, 200, 0, 0, 57, 1, 0, 148, 8, 217]
1546497456590;[171, 0, 17, 255, 161, 72, 68, 184, 135, 0, 0, 200, 0, 0, 58, 1, 0, 146, 8, 205]
1546497456594;[171, 0, 17, 255, 161, 72, 68, 184, 135, 0, 0, 204, 0, 0, 61, 1, 0, 156, 8, 173]
1546497456763;[171, 0, 17, 255, 161, 72, 68, 184, 135, 0, 0, 200, 0, 0, 63, 1, 0, 151, 8, 147]
1546497456767;[171, 0, 17, 255, 161, 72, 68, 184, 135, 0, 0, 203, 0, 0, 58, 1, 0, 146, 8, 119]
1546497456933;[171, 0, 17, 255, 161, 72, 68, 184, 135, 0, 0, 197, 0, 0, 62, 1, 0, 153, 8, 109]
1546497456936;[171, 0, 17, 255, 161, 72, 68, 184, 135, 0, 0, 200, 0, 0, 56, 1, 0, 148, 8, 131]
1546497457105;[171, 0, 17, 255, 161, 72, 68, 184, 136, 0, 0, 197, 0, 0, 63, 1, 0, 151, 8, 121]
1546497457278;[171, 0, 4, 255, 132, 128, 83]
1546497457283;[171, 0, 17, 255, 161, 72, 68, 184, 136, 0, 0, 186, 0, 0, 58, 1, 0, 163, 8, 111]
1546497457451;[171, 0, 17, 255, 161, 72, 68, 184, 136, 0, 0, 196, 0, 0, 57, 1, 0, 153, 8, 90]
1546497457455;[171, 0, 17, 255, 161, 72, 68, 184, 136, 0, 0, 197, 0, 0, 68, 1, 0, 149, 8, 68]
1546497457819;[171, 0, 17, 255, 161, 72, 68, 184, 136, 0, 0, 198, 0, 0, 58, 1, 0, 153, 8, 54]
1546497457822;[171, 0, 17, 255, 161, 72, 68, 184, 136, 0, 0, 196, 0, 0, 67, 1, 0, 157, 8, 41]
1546497457825;[171, 0, 17, 255, 161, 72, 68, 184, 136, 0, 0, 192, 0, 0, 68, 1, 0, 153, 8, 10]
1546497457964;[171, 0, 17, 255, 161, 72, 68, 184, 136, 0, 0, 187, 0, 0, 63, 1, 0, 161, 8, 40]
1546497457967;[171, 0, 17, 255, 161, 72, 68, 184, 136, 0, 0, 206, 0, 0, 68, 1, 0, 150, 8, 55]
1546497458139;[171, 0, 17, 255, 161, 72, 68, 184, 136, 0, 0, 187, 0, 0, 70, 1, 0, 162, 8, 57]
1546497458142;[171, 0, 17, 255, 161, 72, 68, 184, 137, 0, 0, 186, 0, 0, 69, 1, 0, 163, 8, 49]
1546497458310;[171, 0, 4, 255, 132, 128, 82]
1546497458485;[171, 0, 17, 255, 161, 72, 68, 184, 137, 0, 0, 192, 0, 0, 68, 1, 0, 162, 8, 22]
1546497458489;[171, 0, 17, 255, 161, 72, 68, 184, 137, 0, 0, 184, 0, 0, 69, 1, 0, 167, 7, 242]
1546497458660;[171, 0, 17, 255, 161, 72, 68, 184, 137, 0, 0, 187, 0, 0, 71, 1, 0, 162, 7, 195]
1546497458663;[171, 0, 17, 255, 161, 72, 68, 184, 137, 0, 0, 181, 0, 0, 69, 1, 0, 168, 7, 201]
1546497459004;[171, 0, 17, 255, 161, 72, 68, 184, 137, 0, 0, 186, 0, 0, 69, 1, 0, 163, 7, 228]
1546497459008;[171, 0, 17, 255, 161, 72, 68, 184, 137, 0, 0, 183, 0, 0, 69, 1, 0, 168, 7, 226]
1546497459013;[171, 0, 17, 255, 161, 72, 68, 184, 137, 0, 0, 183, 0, 0, 69, 1, 0, 168, 7, 219]
1546497459176;[171, 0, 17, 255, 161, 72, 68, 184, 137, 0, 0, 184, 0, 0, 73, 1, 0, 166, 7, 200]
1546497459180;[171, 0, 17, 255, 161, 72, 68, 184, 137, 0, 0, 179, 0, 0, 68, 1, 0, 168, 7, 197]
1546497459349;[171, 0, 17, 255, 161, 72, 68, 184, 138, 0, 0, 186, 0, 0, 68, 1, 0, 171, 7, 187]
1546497459352;[171, 0, 4, 255, 132, 128, 82]
1546497459520;[171, 0, 17, 255, 161, 72, 68, 184, 138, 0, 0, 183, 0, 0, 68, 1, 0, 170, 7, 195]
1546497459695;[171, 0, 17, 255, 161, 72, 68, 184, 138, 0, 0, 178, 0, 0, 71, 1, 0, 173, 7, 236]
1546497459699;[171, 0, 17, 255, 161, 72, 68, 184, 138, 0, 0, 178, 0, 0, 67, 1, 0, 174, 7, 243]
1546497459866;[171, 0, 17, 255, 161, 72, 68, 184, 138, 0, 0, 178, 0, 0, 68, 1, 0, 175, 7, 240]
1546497459870;[171, 0, 17, 255, 161, 72, 68, 184, 138, 0, 0, 173, 0, 0, 68, 1, 0, 176, 7, 227]
1546497460386;[171, 0, 17, 255, 161, 72, 68, 184, 138, 0, 0, 181, 0, 0, 68, 1, 0, 175, 7, 223]
1546497460390;[171, 0, 17, 255, 161, 72, 68, 184, 138, 0, 0, 177, 0, 0, 67, 1, 0, 169, 7, 202]
1546497460394;[171, 0, 17, 255, 161, 72, 68, 184, 138, 0, 0, 177, 0, 0, 68, 1, 0, 174, 7, 192]
1546497460399;[171, 0, 17, 255, 161, 72, 68, 184, 138, 0, 0, 179, 0, 0, 67, 1, 0, 175, 7, 229]
1546497460557;[171, 0, 17, 255, 161, 72, 68, 184, 139, 0, 0, 178, 0, 0, 68, 1, 0, 178, 7, 228]
1546497460560;[171, 0, 4, 255, 132, 128, 81]
1546497460565;[171, 0, 17, 255, 161, 72, 68, 184, 139, 0, 0, 187, 0, 0, 63, 1, 0, 170, 7, 227]
1546497460728;[171, 0, 17, 255, 161, 72, 68, 184, 139, 0, 0, 179, 0, 0, 62, 1, 0, 171, 7, 236]
1546497460732;[171, 0, 17, 255, 161, 72, 68, 184, 139, 0, 0, 178, 0, 0, 68, 1, 0, 177, 7, 246]
1546497460900;[171, 0, 17, 255, 161, 72, 68, 184, 139, 0, 0, 178, 0, 0, 68, 1, 0, 174, 7, 231]
1546497461073;[171, 0, 17, 255, 161, 72, 68, 184, 139, 0, 0, 178, 0, 0, 68, 1, 0, 174, 7, 207]
1546497461076;[171, 0, 17, 255, 161, 72, 68, 184, 139, 0, 0, 179, 0, 0, 57, 1, 0, 175, 8, 15]
1546497461246;[171, 0, 17, 255, 161, 72, 68, 184, 139, 0, 0, 167, 0, 0, 68, 1, 0, 177, 8, 76]
1546497461250;[171, 0, 17, 255, 161, 72, 68, 184, 139, 0, 0, 171, 0, 0, 62, 1, 0, 176, 8, 126]
1546497461592;[171, 0, 17, 255, 161, 72, 68, 184, 139, 0, 0, 177, 0, 0, 63, 1, 0, 177, 8, 119]
1546497461596;[171, 0, 17, 255, 161, 72, 68, 184, 140, 0, 0, 181, 0, 0, 68, 1, 0, 175, 8, 133]
1546497461600;[171, 0, 4, 255, 132, 128, 81]
1546497461764;[171, 0, 17, 255, 161, 72, 68, 184, 140, 0, 0, 181, 0, 0, 62, 1, 0, 177, 8, 164]
1546497461767;[171, 0, 17, 255, 161, 72, 68, 184, 140, 0, 0, 175, 0, 0, 62, 1, 0, 173, 8, 178]
1546497461936;[171, 0, 17, 255, 161, 72, 68, 184, 140, 0, 0, 178, 0, 0, 67, 1, 0, 176, 8, 203]
1546497461940;[171, 0, 17, 255, 161, 72, 68, 184, 140, 0, 0, 179, 0, 0, 58, 1, 0, 174, 8, 255]
1546497462108;[171, 0, 17, 255, 161, 72, 68, 184, 140, 0, 0, 175, 0, 0, 70, 1, 0, 178, 8, 250]
1546497462282;[171, 0, 17, 255, 161, 72, 68, 184, 140, 0, 0, 172, 0, 0, 68, 1, 0, 188, 8, 247]
1546497462285;[171, 0, 17, 255, 161, 72, 68, 184, 140, 0, 0, 184, 0, 0, 63, 1, 0, 172, 9, 23]
1546497462453;[171, 0, 17, 255, 161, 72, 68, 184, 140, 0, 0, 171, 0, 0, 58, 1, 0, 175, 9, 46]
1546497462461;[171, 0, 17, 255, 161, 72, 68, 184, 140, 0, 0, 179, 0, 0, 68, 1, 0, 176, 9, 14]
1546497462799;[171, 0, 17, 255, 161, 72, 68, 184, 141, 0, 0, 173, 0, 0, 69, 1, 0, 186, 8, 236]
1546497462803;[171, 0, 4, 255, 132, 128, 81]
1546497462807;[171, 0, 17, 255, 161, 72, 68, 184, 141, 0, 0, 173, 0, 0, 67, 1, 0, 184, 9, 44]
1546497462971;[171, 0, 17, 255, 161, 72, 68, 184, 141, 0, 0, 186, 0, 0, 58, 1, 0, 174, 9, 105]
1546497462975;[171, 0, 17, 255, 161, 72, 68, 184, 141, 0, 0, 158, 0, 0, 70, 1, 0, 187, 9, 93]
1546497463186;[171, 0, 17, 255, 161, 72, 68, 184, 141, 0, 0, 165, 0, 0, 65, 1, 0, 181, 9, 96]
1546497463188;[171, 0, 17, 255, 161, 72, 68, 184, 141, 0, 0, 189, 0, 0, 67, 1, 0, 174, 9, 113]
1546497463312;[171, 0, 17, 255, 161, 72, 68, 184, 141, 0, 0, 173, 0, 0, 73, 1, 0, 184, 9, 135]
1546497463490;[171, 0, 17, 255, 161, 72, 68, 184, 141, 0, 0, 157, 0, 0, 71, 1, 0, 196, 9, 126]
1546497463494;[171, 0, 17, 255, 161, 72, 68, 184, 141, 0, 0, 166, 0, 0, 70, 1, 0, 178, 9, 158]
1546497463658;[171, 0, 17, 255, 161, 72, 68, 184, 141, 0, 0, 164, 0, 0, 73, 1, 0, 181, 9, 241]
1546497463661;[171, 0, 17, 255, 161, 72, 68, 184, 142, 0, 0, 181, 0, 0, 67, 1, 0, 181, 9, 225]
1546497463834;[171, 0, 4, 255, 132, 128, 81]
1546497463838;[171, 0, 17, 255, 161, 72, 68, 184, 142, 0, 0, 177, 0, 0, 63, 1, 0, 184, 9, 167]
1546497464179;[171, 0, 17, 255, 161, 72, 68, 184, 142, 0, 0, 141, 0, 0, 61, 1, 0, 198, 9, 172]
1546497464183;[171, 0, 17, 255, 161, 72, 68, 184, 142, 0, 0, 168, 0, 0, 65, 1, 0, 188, 9, 174]
1546497464187;[171, 0, 17, 255, 161, 72, 68, 184, 142, 0, 0, 181, 0, 0, 58, 1, 0, 180, 9, 140]
1546497464350;[171, 0, 17, 255, 161, 72, 68, 184, 142, 0, 0, 208, 0, 0, 68, 1, 0, 192, 9, 64]
1546497464355;[171, 0, 17, 255, 161, 72, 68, 184, 142, 0, 0, 173, 0, 0, 47, 1, 0, 175, 9, 155]
1546497464522;[171, 0, 17, 255, 161, 72, 68, 184, 142, 0, 0, 183, 0, 0, 57, 1, 0, 176, 9, 251]
1546497464697;[171, 0, 17, 255, 161, 72, 68, 184, 142, 0, 0, 186, 0, 0, 37, 1, 0, 165, 10, 17]
1546497464702;[171, 0, 17, 255, 161, 72, 68, 184, 142, 0, 0, 204, 0, 0, 39, 1, 0, 150, 9, 103]
1546497464870;[171, 0, 17, 255, 161, 72, 68, 184, 143, 0, 0, 189, 0, 0, 35, 1, 0, 177, 8, 78]
1546497464873;[171, 0, 4, 255, 132, 128, 81]
1546497465040;[171, 0, 17, 255, 161, 72, 68, 184, 143, 0, 0, 191, 0, 0, 38, 1, 0, 153, 8, 44]
1546497465044;[171, 0, 17, 255, 161, 72, 68, 184, 143, 0, 0, 191, 0, 0, 38, 1, 0, 147, 8, 2]
1546497465387;[171, 0, 17, 255, 161, 72, 68, 184, 143, 0, 0, 209, 0, 0, 33, 1, 0, 163, 7, 226]
1546497465391;[171, 0, 17, 255, 161, 72, 68, 184, 143, 0, 0, 204, 0, 0, 44, 1, 0, 158, 7, 29]
1546497465396;[171, 0, 17, 255, 161, 72, 68, 184, 143, 0, 0, 187, 0, 0, 37, 1, 0, 172, 6, 176]
1546497465560;[171, 0, 17, 255, 161, 72, 68, 184, 143, 0, 0, 182, 0, 0, 28, 1, 0, 140, 7, 18]
1546497465564;[171, 0, 17, 255, 161, 72, 68, 184, 143, 0, 0, 194, 0, 0, 40, 1, 0, 148, 7, 36]
1546497465731;[171, 0, 17, 255, 161, 72, 68, 184, 143, 0, 0, 209, 0, 0, 35, 1, 0, 157, 6, 127]
1546497465735;[171, 0, 17, 255, 161, 72, 68, 184, 143, 0, 0, 199, 0, 0, 37, 1, 0, 164, 5, 215]
1546497465903;[171, 0, 17, 255, 161, 72, 68, 184, 144, 0, 0, 196, 0, 0, 49, 1, 0, 165, 5, 201]
1546497466076;[171, 0, 4, 255, 132, 128, 81]
1546497466080;[171, 0, 17, 255, 161, 72, 68, 184, 144, 0, 0, 195, 0, 0, 44, 1, 0, 175, 6, 31]
1546497466250;[171, 0, 17, 255, 161, 72, 68, 184, 144, 0, 0, 204, 0, 0, 29, 1, 0, 145, 6, 18]
1546497466254;[171, 0, 17, 255, 161, 72, 68, 184, 144, 0, 0, 196, 0, 0, 26, 1, 0, 163, 5, 148]
1546497466768;[171, 0, 17, 255, 161, 72, 68, 184, 144, 0, 0, 191, 0, 0, 32, 1, 0, 162, 5, 59]
1546497466772;[171, 0, 17, 255, 161, 72, 68, 184, 144, 0, 0, 218, 0, 0, 38, 1, 0, 137, 5, 92]
1546497466776;[171, 0, 17, 255, 161, 72, 68, 184, 144, 0, 0, 189, 0, 0, 34, 1, 0, 162, 5, 149]
1546497466781;[171, 0, 17, 255, 161, 72, 68, 184, 144, 0, 0, 203, 0, 0, 37, 1, 0, 150, 5, 140]
1546497466939;[171, 0, 17, 255, 161, 72, 68, 184, 144, 0, 0, 201, 0, 0, 35, 1, 0, 154, 5, 106]
1546497466943;[171, 0, 17, 255, 161, 72, 68, 184, 144, 0, 0, 196, 0, 0, 35, 1, 0, 164, 5, 42]
1546497466950;[171, 0, 17, 255, 161, 72, 68, 184, 145, 0, 0, 196, 0, 0, 37, 1, 0, 164, 4, 232]
1546497467110;[171, 0, 4, 255, 132, 128, 81]
1546497467283;[171, 0, 17, 255, 161, 72, 68, 184, 145, 0, 0, 203, 0, 0, 34, 1, 0, 161, 4, 229]
1546497467287;[171, 0, 17, 255, 161, 72, 68, 184, 145, 0, 0, 196, 0, 0, 37, 1, 0, 161, 4, 253]
1546497467457;[171, 0, 17, 255, 161, 72, 68, 184, 145, 0, 0, 192, 0, 0, 37, 1, 0, 163, 5, 0]
1546497467461;[171, 0, 17, 255, 161, 72, 68, 184, 145, 0, 0, 196, 0, 0, 39, 1, 0, 163, 4, 245]
1546497467629;[171, 0, 17, 255, 161, 72, 68, 184, 145, 0, 0, 196, 0, 0, 37, 1, 0, 162, 4, 224]
1546497467632;[171, 0, 17, 255, 161, 72, 68, 184, 145, 0, 0, 197, 0, 0, 35, 1, 0, 163, 4, 228]
1546497467976;[171, 0, 17, 255, 161, 72, 68, 184, 145, 0, 0, 196, 0, 0, 38, 1, 0, 162, 4, 221]
1546497467980;[171, 0, 17, 255, 161, 72, 68, 184, 145, 0, 0, 197, 0, 0, 33, 1, 0, 162, 4, 222]
1546497467984;[171, 0, 17, 255, 161, 72, 68, 184, 145, 0, 0, 198, 0, 0, 36, 1, 0, 163, 4, 231]
1546497468319;[171, 0, 17, 255, 161, 72, 68, 184, 146, 0, 0, 197, 0, 0, 38, 1, 0, 161, 4, 254]
1546497468323;[171, 0, 4, 255, 132, 128, 81]
1546497468327;[171, 0, 17, 255, 161, 72, 68, 184, 146, 0, 0, 196, 0, 0, 35, 1, 0, 161, 5, 12]
1546497468490;[171, 0, 17, 255, 161, 72, 68, 184, 146, 0, 0, 187, 0, 0, 38, 1, 0, 162, 5, 29]
1546497468494;[171, 0, 17, 255, 161, 72, 68, 184, 146, 0, 0, 200, 0, 0, 39, 1, 0, 164, 5, 46]
1546497468663;[171, 0, 17, 255, 161, 72, 68, 184, 146, 0, 0, 189, 0, 0, 38, 1, 0, 161, 5, 128]
1546497468668;[171, 0, 17, 255, 161, 72, 68, 184, 146, 0, 0, 197, 0, 0, 38, 1, 0, 162, 5, 192]
1546497468836;[171, 0, 17, 255, 161, 72, 68, 184, 146, 0, 0, 191, 0, 0, 35, 1, 0, 162, 5, 238]
1546497468840;[171, 0, 17, 255, 161, 72, 68, 184, 146, 0, 0, 200, 0, 0, 37, 1, 0, 154, 6, 34]
1546497469182;[171, 0, 17, 255, 161, 72, 68, 184, 146, 0, 0, 191, 0, 0, 40, 1, 0, 165, 6, 74]
1546497469186;[171, 0, 17, 255, 161, 72, 68, 184, 146, 0, 0, 196, 0, 0, 37, 1, 0, 168, 6, 115]
1546497469190;[171, 0, 17, 255, 161, 72, 68, 184, 147, 0, 0, 197, 0, 0, 25, 1, 0, 157, 6, 127]
1546497469353;[171, 0, 4, 255, 132, 128, 81]
1546497469357;[171, 0, 17, 255, 161, 72, 68, 184, 147, 0, 0, 200, 0, 0, 32, 1, 0, 161, 6, 182]
1546497469531;[171, 0, 17, 255, 161, 72, 68, 184, 147, 0, 0, 198, 0, 0, 31, 1, 0, 158, 7, 55]
1546497469532;[171, 0, 17, 255, 161, 72, 68, 184, 147, 0, 0, 201, 0, 0, 29, 1, 0, 161, 7, 118]
1546497469698;[171, 0, 17, 255, 161, 72, 68, 184, 147, 0, 0, 198, 0, 0, 34, 1, 0, 161, 7, 163]
1546497469870;[171, 0, 17, 255, 161, 72, 68, 184, 147, 0, 0, 203, 0, 0, 32, 1, 0, 153, 7, 162]
1546497469875;[171, 0, 17, 255, 161, 72, 68, 184, 147, 0, 0, 197, 0, 0, 33, 1, 0, 158, 7, 130]
1546497470043;[171, 0, 17, 255, 161, 72, 68, 184, 147, 0, 0, 204, 0, 0, 34, 1, 0, 158, 7, 113]
1546497470047;[171, 0, 17, 255, 161, 72, 68, 184, 147, 0, 0, 201, 0, 0, 37, 1, 0, 153, 7, 104]
1546497470215;[171, 0, 17, 255, 161, 72, 68, 184, 147, 0, 0, 206, 0, 0, 34, 1, 0, 157, 7, 138]
1546497470563;[171, 0, 17, 255, 161, 72, 68, 184, 148, 0, 0, 204, 0, 0, 35, 1, 0, 154, 7, 179]
1546497470567;[171, 0, 4, 255, 132, 128, 82]
1546497470571;[171, 0, 17, 255, 161, 72, 68, 184, 148, 0, 0, 200, 0, 0, 38, 1, 0, 161, 7, 208]
1546497470576;[171, 0, 17, 255, 161, 72, 68, 184, 148, 0, 0, 197, 0, 0, 37, 1, 0, 153, 8, 66]
1546497470735;[171, 0, 17, 255, 161, 72, 68, 184, 148, 0, 0, 200, 0, 0, 37, 1, 0, 157, 8, 145]
1546497470739;[171, 0, 17, 255, 161, 72, 68, 184, 148, 0, 0, 200, 0, 0, 37, 1, 0, 157, 8, 189]
1546497470905;[171, 0, 17, 255, 161, 72, 68, 184, 148, 0, 0, 197, 0, 0, 38, 1, 0, 158, 8, 184]
1546497471078;[171, 0, 17, 255, 161, 72, 68, 184, 148, 0, 0, 197, 0, 0, 35, 1, 0, 154, 8, 150]
1546497471082;[171, 0, 17, 255, 161, 72, 68, 184, 148, 0, 0, 203, 0, 0, 32, 1, 0, 157, 8, 219]
1546497471252;[171, 0, 17, 255, 161, 72, 68, 184, 148, 0, 0, 198, 0, 0, 37, 1, 0, 157, 8, 233]
1546497471256;[171, 0, 17, 255, 161, 72, 68, 184, 148, 0, 0, 206, 0, 0, 35, 1, 0, 147, 8, 244]
1546497471425;[171, 0, 17, 255, 161, 72, 68, 184, 149, 0, 0, 197, 0, 0, 37, 1, 0, 152, 9, 14]
1546497471771;[171, 0, 4, 255, 132, 128, 83]
1546497471775;[171, 0, 17, 255, 161, 72, 68, 184, 149, 0, 0, 212, 0, 0, 39, 1, 0, 157, 9, 101]
1546497471779;[171, 0, 17, 255, 161, 72, 68, 184, 149, 0, 0, 200, 0, 0, 49, 1, 0, 147, 9, 176]
1546497471783;[171, 0, 17, 255, 161, 72, 68, 184, 149, 0, 0, 208, 0, 0, 40, 1, 0, 147, 9, 239]
1546497471942;[171, 0, 17, 255, 161, 72, 68, 184, 149, 0, 0, 207, 0, 0, 49, 1, 0, 148, 10, 28]
1546497471946;[171, 0, 17, 255, 161, 72, 68, 184, 149, 0, 0, 203, 0, 0, 44, 1, 0, 146, 10, 126]
1546497472113;[171, 0, 17, 255, 161, 72, 68, 184, 149, 0, 0, 204, 0, 0, 48, 1, 0, 148, 10, 80]
1546497472287;[171, 0, 17, 255, 161, 72, 68, 184, 149, 0, 0, 208, 0, 0, 42, 1, 0, 157, 9, 140]
1546497472291;[171, 0, 17, 255, 161, 72, 68, 184, 149, 0, 0, 207, 0, 0, 39, 1, 0, 146, 9, 37]
1546497472465;[171, 0, 17, 255, 161, 72, 68, 184, 149, 0, 0, 212, 0, 0, 44, 1, 0, 157, 9, 52]
1546497472468;[171, 0, 17, 255, 161, 72, 68, 184, 150, 0, 0, 204, 0, 0, 49, 1, 0, 151, 9, 88]
1546497472631;[171, 0, 4, 255, 132, 128, 83]
1546497472635;[171, 0, 17, 255, 161, 72, 68, 184, 150, 0, 0, 206, 0, 0, 44, 1, 0, 150, 9, 132]
1546497472803;[171, 0, 17, 255, 161, 72, 68, 184, 150, 0, 0, 210, 0, 0, 40, 1, 0, 148, 9, 248]
1546497473151;[171, 0, 17, 255, 161, 72, 68, 184, 150, 0, 0, 206, 0, 0, 39, 1, 0, 153, 9, 161]
1546497473155;[171, 0, 17, 255, 161, 72, 68, 184, 150, 0, 0, 204, 0, 0, 38, 1, 0, 150, 8, 232]
1546497473159;[171, 0, 17, 255, 161, 72, 68, 184, 150, 0, 0, 203, 0, 0, 44, 1, 0, 147, 8, 156]
1546497473163;[171, 0, 17, 255, 161, 72, 68, 184, 150, 0, 0, 214, 0, 0, 38, 1, 0, 141, 8, 199]
1546497473320;[171, 0, 17, 255, 161, 72, 68, 184, 150, 0, 0, 201, 0, 0, 40, 1, 0, 152, 8, 239]
1546497473493;[171, 0, 17, 255, 161, 72, 68, 184, 150, 0, 0, 203, 0, 0, 39, 1, 0, 151, 9, 23]
1546497473498;[171, 0, 17, 255, 161, 72, 68, 184, 150, 0, 0, 203, 0, 0, 39, 1, 0, 148, 9, 77]
1546497473662;[171, 0, 17, 255, 161, 72, 68, 184, 153, 0, 0, 206, 0, 0, 40, 1, 0, 148, 6, 211]
1546497473834;[171, 0, 17, 255, 161, 72, 68, 184, 153, 0, 0, 215, 0, 0, 38, 1, 0, 145, 6, 198]
