1546497722928;[171, 0, 17, 255, 161, 72, 68, 185, 161, 0, 0, 167, 0, 0, 75, 1, 0, 182, 7, 94]
1546497722944;[171, 0, 17, 255, 161, 72, 68, 185, 161, 0, 0, 166, 0, 0, 75, 1, 0, 183, 7, 100]
1546497723101;[171, 0, 17, 255, 161, 72, 68, 185, 161, 0, 0, 167, 0, 0, 74, 1, 0, 184, 7, 85]
1546497723274;[171, 0, 17, 255, 161, 72, 68, 185, 161, 0, 0, 167, 0, 0, 73, 1, 0, 181, 7, 75]
1546497723280;[171, 0, 17, 255, 161, 72, 68, 185, 162, 0, 0, 167, 0, 0, 75, 1, 0, 183, 7, 47]
1546497723446;[171, 0, 4, 255, 132, 128, 80]
1546497723449;[171, 0, 17, 255, 161, 72, 68, 185, 162, 0, 0, 166, 0, 0, 73, 1, 0, 183, 7, 50]
1546497723620;[171, 0, 17, 255, 161, 72, 68, 185, 162, 0, 0, 171, 0, 0, 73, 1, 0, 184, 7, 72]
1546497723624;[171, 0, 17, 255, 161, 72, 68, 185, 162, 0, 0, 167, 0, 0, 73, 1, 0, 181, 7, 85]
1546497723965;[171, 0, 17, 255, 161, 72, 68, 185, 162, 0, 0, 167, 0, 0, 76, 1, 0, 181, 7, 81]
1546497723969;[171, 0, 17, 255, 161, 72, 68, 185, 162, 0, 0, 166, 0, 0, 74, 1, 0, 180, 7, 62]
1546497723973;[171, 0, 17, 255, 161, 72, 68, 185, 162, 0, 0, 165, 0, 0, 76, 1, 0, 181, 7, 51]
1546497724136;[171, 0, 17, 255, 161, 72, 68, 185, 162, 0, 0, 167, 0, 0, 71, 1, 0, 185, 7, 27]
1546497724140;[171, 0, 17, 255, 161, 72, 68, 185, 162, 0, 0, 167, 0, 0, 73, 1, 0, 181, 6, 255]
1546497724309;[171, 0, 17, 255, 161, 72, 68, 185, 162, 0, 0, 166, 0, 0, 74, 1, 0, 185, 6, 241]
1546497724480;[171, 0, 17, 255, 161, 72, 68, 185, 163, 0, 0, 166, 0, 0, 75, 1, 0, 181, 7, 5]
1546497724484;[171, 0, 4, 255, 132, 128, 80]
1546497724653;[171, 0, 17, 255, 161, 72, 68, 185, 163, 0, 0, 166, 0, 0, 74, 1, 0, 183, 7, 9]
1546497724657;[171, 0, 17, 255, 161, 72, 68, 185, 163, 0, 0, 167, 0, 0, 74, 1, 0, 184, 6, 248]
1546497724825;[171, 0, 17, 255, 161, 72, 68, 185, 163, 0, 0, 167, 0, 0, 76, 1, 0, 181, 6, 227]
1546497724829;[171, 0, 17, 255, 161, 72, 68, 185, 163, 0, 0, 166, 0, 0, 73, 1, 0, 181, 6, 192]
1546497725345;[171, 0, 17, 255, 161, 72, 68, 185, 163, 0, 0, 166, 0, 0, 74, 1, 0, 181, 6, 159]
1546497725349;[171, 0, 17, 255, 161, 72, 68, 185, 163, 0, 0, 166, 0, 0, 74, 1, 0, 181, 6, 123]
1546497725353;[171, 0, 17, 255, 161, 72, 68, 185, 163, 0, 0, 171, 0, 0, 75, 1, 0, 181, 6, 95]
1546497725357;[171, 0, 17, 255, 161, 72, 68, 185, 163, 0, 0, 171, 0, 0, 75, 1, 0, 180, 6, 110]
1546497725518;[171, 0, 17, 255, 161, 72, 68, 185, 163, 0, 0, 167, 0, 0, 75, 1, 0, 178, 6, 105]
1546497725522;[171, 0, 17, 255, 161, 72, 68, 185, 164, 0, 0, 166, 0, 0, 75, 1, 0, 181, 6, 89]
1546497725525;[171, 0, 4, 255, 132, 128, 80]
1546497726036;[171, 0, 17, 255, 161, 72, 68, 185, 164, 0, 0, 167, 0, 0, 75, 1, 0, 178, 6, 80]
1546497726041;[171, 0, 17, 255, 161, 72, 68, 185, 164, 0, 0, 167, 0, 0, 76, 1, 0, 176, 6, 64]
1546497726045;[171, 0, 17, 255, 161, 72, 68, 185, 164, 0, 0, 166, 0, 0, 74, 1, 0, 181, 6, 54]
1546497726049;[171, 0, 17, 255, 161, 72, 68, 185, 164, 0, 0, 173, 0, 0, 75, 1, 0, 179, 6, 22]
1546497726207;[171, 0, 17, 255, 161, 72, 68, 185, 164, 0, 0, 165, 0, 0, 68, 1, 0, 181, 5, 237]
1546497726210;[171, 0, 17, 255, 161, 72, 68, 185, 164, 0, 0, 167, 0, 0, 74, 1, 0, 176, 4, 117]
1546497726551;[171, 0, 17, 255, 161, 72, 68, 185, 164, 0, 0, 154, 0, 0, 75, 1, 0, 187, 4, 117]
1546497726555;[171, 0, 17, 255, 161, 72, 68, 185, 164, 0, 0, 183, 0, 0, 58, 1, 0, 184, 3, 10]
1546497726559;[171, 0, 17, 255, 161, 72, 68, 185, 164, 0, 0, 167, 0, 0, 67, 1, 0, 191, 1, 67]
1546497726563;[171, 0, 17, 255, 161, 72, 68, 185, 165, 0, 0, 183, 0, 0, 79, 1, 0, 164, 16, 0]
1546497726725;[171, 0, 4, 255, 132, 128, 79]
1546497726729;[171, 0, 17, 255, 161, 72, 68, 185, 165, 0, 0, 181, 0, 0, 107, 1, 0, 161, 7, 106]
1546497726896;[171, 0, 17, 255, 161, 72, 68, 185, 165, 0, 0, 143, 0, 0, 106, 1, 0, 187, 7, 0]
1546497727069;[171, 0, 17, 255, 161, 72, 68, 185, 165, 0, 0, 138, 0, 0, 96, 1, 0, 201, 6, 179]
1546497727073;[171, 0, 17, 255, 161, 72, 68, 185, 165, 0, 0, 139, 0, 0, 86, 1, 0, 201, 6, 107]
1546497727240;[171, 0, 17, 255, 161, 72, 68, 185, 165, 0, 0, 139, 0, 0, 85, 1, 0, 200, 6, 32]
1546497727244;[171, 0, 17, 255, 161, 72, 68, 185, 165, 0, 0, 139, 0, 0, 86, 1, 0, 201, 5, 221]
1546497727414;[171, 0, 17, 255, 161, 72, 68, 185, 165, 0, 0, 139, 0, 0, 85, 1, 0, 201, 5, 167]
1546497727418;[171, 0, 17, 255, 161, 72, 68, 185, 165, 0, 0, 142, 0, 0, 85, 1, 0, 201, 5, 115]
1546497727759;[171, 0, 17, 255, 161, 72, 68, 185, 165, 0, 0, 141, 0, 0, 88, 1, 0, 201, 5, 73]
1546497727763;[171, 0, 17, 255, 161, 72, 68, 185, 166, 0, 0, 138, 0, 0, 85, 1, 0, 202, 5, 33]
1546497727769;[171, 0, 4, 255, 132, 128, 79]
1546497727927;[171, 0, 17, 255, 161, 72, 68, 185, 166, 0, 0, 141, 0, 0, 84, 1, 0, 202, 5, 43]
1546497727930;[171, 0, 17, 255, 161, 72, 68, 185, 166, 0, 0, 141, 0, 0, 83, 1, 0, 201, 5, 54]
1546497728103;[171, 0, 17, 255, 161, 72, 68, 185, 166, 0, 0, 138, 0, 0, 84, 1, 0, 199, 5, 50]
1546497728276;[171, 0, 17, 255, 161, 72, 68, 185, 166, 0, 0, 144, 0, 0, 80, 1, 0, 199, 5, 63]
1546497728280;[171, 0, 17, 255, 161, 72, 68, 185, 166, 0, 0, 139, 0, 0, 84, 1, 0, 197, 5, 37]
1546497728447;[171, 0, 17, 255, 161, 72, 68, 185, 166, 0, 0, 146, 0, 0, 84, 1, 0, 195, 4, 253]
1546497728453;[171, 0, 17, 255, 161, 72, 68, 185, 166, 0, 0, 144, 0, 0, 85, 1, 0, 197, 4, 226]
1546497728622;[171, 0, 17, 255, 161, 72, 68, 185, 166, 0, 0, 144, 0, 0, 85, 1, 0, 199, 4, 225]
1546497728626;[171, 0, 17, 255, 161, 72, 68, 185, 166, 0, 0, 144, 0, 0, 85, 1, 0, 196, 5, 5]
1546497728794;[171, 0, 17, 255, 161, 72, 68, 185, 167, 0, 0, 144, 0, 0, 85, 1, 0, 195, 5, 22]
1546497729140;[171, 0, 4, 255, 132, 128, 79]
1546497729144;[171, 0, 17, 255, 161, 72, 68, 185, 167, 0, 0, 146, 0, 0, 85, 1, 0, 196, 5, 47]
1546497729148;[171, 0, 17, 255, 161, 72, 68, 185, 167, 0, 0, 143, 0, 0, 83, 1, 0, 200, 5, 62]
1546497729152;[171, 0, 17, 255, 161, 72, 68, 185, 167, 0, 0, 145, 0, 0, 84, 1, 0, 200, 5, 62]
1546497729312;[171, 0, 17, 255, 161, 72, 68, 185, 167, 0, 0, 146, 0, 0, 86, 1, 0, 197, 5, 109]
1546497729316;[171, 0, 17, 255, 161, 72, 68, 185, 167, 0, 0, 138, 0, 0, 84, 1, 0, 199, 5, 212]
1546497729482;[171, 0, 17, 255, 161, 72, 68, 185, 167, 0, 0, 134, 0, 0, 84, 1, 0, 204, 6, 127]
1546497729656;[171, 0, 17, 255, 161, 72, 68, 185, 167, 0, 0, 144, 0, 0, 84, 1, 0, 203, 6, 223]
1546497729660;[171, 0, 17, 255, 161, 72, 68, 185, 167, 0, 0, 143, 0, 0, 85, 1, 0, 196, 7, 20]
1546497730002;[171, 0, 17, 255, 161, 72, 68, 185, 167, 0, 0, 144, 0, 0, 85, 1, 0, 196, 7, 89]
1546497730006;[171, 0, 17, 255, 161, 72, 68, 185, 168, 0, 0, 139, 0, 0, 84, 1, 0, 206, 7, 130]
1546497730010;[171, 0, 4, 255, 132, 128, 79]
1546497730348;[171, 0, 17, 255, 161, 72, 68, 185, 168, 0, 0, 143, 0, 0, 84, 1, 0, 196, 7, 105]
1546497730352;[171, 0, 17, 255, 161, 72, 68, 185, 168, 0, 0, 146, 0, 0, 84, 1, 0, 195, 7, 133]
1546497730356;[171, 0, 17, 255, 161, 72, 68, 185, 168, 0, 0, 147, 0, 0, 86, 1, 0, 198, 8, 26]
1546497730361;[171, 0, 17, 255, 161, 72, 68, 185, 168, 0, 0, 135, 0, 0, 85, 1, 0, 199, 8, 119]
1546497730518;[171, 0, 17, 255, 161, 72, 68, 185, 168, 0, 0, 143, 0, 0, 83, 1, 0, 204, 8, 249]
1546497730522;[171, 0, 17, 255, 161, 72, 68, 185, 168, 0, 0, 144, 0, 0, 80, 1, 0, 200, 9, 50]
1546497730691;[171, 0, 17, 255, 161, 72, 68, 185, 168, 0, 0, 145, 0, 0, 83, 1, 0, 196, 9, 59]
1546497730864;[171, 0, 17, 255, 161, 72, 68, 185, 168, 0, 0, 146, 0, 0, 83, 1, 0, 201, 9, 19]
1546497730868;[171, 0, 17, 255, 161, 72, 68, 185, 168, 0, 0, 151, 0, 0, 82, 1, 0, 198, 8, 187]
1546497731036;[171, 0, 17, 255, 161, 72, 68, 185, 169, 0, 0, 143, 0, 0, 83, 1, 0, 199, 9, 48]
1546497731040;[171, 0, 4, 255, 132, 128, 79]
1546497731208;[171, 0, 17, 255, 161, 72, 68, 185, 169, 0, 0, 146, 0, 0, 84, 1, 0, 194, 9, 211]
1546497733692;[171, 0, 17, 255, 161, 72, 68, 185, 169, 0, 0, 144, 0, 0, 82, 1, 0, 196, 10, 26]
1546497733693;[171, 0, 17, 255, 161, 72, 68, 185, 169, 0, 0, 147, 0, 0, 79, 1, 0, 196, 10, 55]
1546497733695;[171, 0, 17, 255, 161, 72, 68, 185, 169, 0, 0, 144, 0, 0, 79, 1, 0, 199, 10, 25]
1546497733697;[171, 0, 17, 255, 161, 72, 68, 185, 169, 0, 0, 145, 0, 0, 80, 1, 0, 197, 9, 124]
1546497733702;[171, 0, 17, 255, 161, 72, 68, 185, 169, 0, 0, 151, 0, 0, 75, 1, 0, 200, 9, 84]
1546497733704;[171, 0, 17, 255, 161, 72, 68, 185, 169, 0, 0, 151, 0, 0, 80, 1, 0, 197, 9, 171]
1546497733705;[171, 0, 17, 255, 161, 72, 68, 185, 169, 0, 0, 151, 0, 0, 78, 1, 0, 200, 10, 70]
1546497733709;[171, 0, 17, 255, 161, 72, 68, 185, 169, 0, 0, 143, 0, 0, 79, 1, 0, 199, 10, 152]
1546497733711;[171, 0, 17, 255, 161, 72, 68, 185, 170, 0, 0, 146, 0, 0, 76, 1, 0, 199, 10, 182]
1546497733713;[171, 0, 4, 255, 132, 128, 79]
1546497733715;[171, 0, 17, 255, 161, 72, 68, 185, 170, 0, 0, 146, 0, 0, 93, 1, 0, 198, 10, 204]
1546497733717;[171, 0, 17, 255, 161, 72, 68, 185, 170, 0, 0, 155, 0, 0, 91, 1, 0, 188, 10, 212]
1546497733719;[171, 0, 17, 255, 161, 72, 68, 185, 170, 0, 0, 151, 0, 0, 75, 1, 0, 207, 10, 157]
1546497733721;[171, 0, 17, 255, 161, 72, 68, 185, 170, 0, 0, 139, 0, 0, 62, 1, 0, 201, 10, 91]
1546497733725;[171, 0, 17, 255, 161, 72, 68, 185, 170, 0, 0, 171, 0, 0, 39, 1, 0, 184, 10, 47]
1546497733727;[171, 0, 17, 255, 161, 72, 68, 185, 170, 0, 0, 183, 0, 0, 68, 1, 0, 171, 10, 28]
1546497733729;[171, 0, 17, 255, 161, 72, 68, 185, 170, 0, 0, 164, 0, 0, 75, 1, 0, 187, 9, 250]
1546497733731;[171, 0, 17, 255, 161, 72, 68, 185, 170, 0, 0, 157, 0, 0, 80, 1, 0, 192, 9, 226]
1546497733733;[171, 0, 17, 255, 161, 72, 68, 185, 170, 0, 0, 166, 0, 0, 71, 1, 0, 183, 9, 193]
1546497733735;[171, 0, 17, 255, 161, 72, 68, 185, 171, 0, 0, 166, 0, 0, 70, 1, 0, 184, 9, 140]
1546497733736;[171, 0, 4, 255, 132, 128, 79]
1546497733739;[171, 0, 17, 255, 161, 72, 68, 185, 171, 0, 0, 164, 0, 0, 75, 1, 0, 186, 9, 87]
1546497733741;[171, 0, 17, 255, 161, 72, 68, 185, 171, 0, 0, 167, 0, 0, 73, 1, 0, 185, 9, 25]
1546497733743;[171, 0, 17, 255, 161, 72, 68, 185, 171, 0, 0, 166, 0, 0, 73, 1, 0, 186, 8, 224]
1546497733744;[171, 0, 17, 255, 161, 72, 68, 185, 171, 0, 0, 166, 0, 0, 73, 1, 0, 183, 8, 216]
1546497733796;[171, 0, 17, 255, 161, 72, 68, 185, 171, 0, 0, 167, 0, 0, 82, 1, 0, 177, 8, 170]
1546497734143;[171, 0, 17, 255, 161, 72, 68, 185, 171, 0, 0, 166, 0, 0, 78, 1, 0, 181, 8, 132]
1546497734150;[171, 0, 17, 255, 161, 72, 68, 185, 171, 0, 0, 165, 0, 0, 73, 1, 0, 187, 8, 103]
1546497734155;[171, 0, 17, 255, 161, 72, 68, 185, 171, 0, 0, 171, 0, 0, 77, 1, 0, 178, 8, 47]
1546497734158;[171, 0, 17, 255, 161, 72, 68, 185, 171, 0, 0, 164, 0, 0, 79, 1, 0, 184, 7, 236]
1546497734313;[171, 0, 17, 255, 161, 72, 68, 185, 172, 0, 0, 164, 0, 0, 79, 1, 0, 184, 7, 196]
1546497734317;[171, 0, 4, 255, 132, 128, 79]
1546497734485;[171, 0, 17, 255, 161, 72, 68, 185, 172, 0, 0, 166, 0, 0, 79, 1, 0, 184, 7, 141]
1546497734659;[171, 0, 17, 255, 161, 72, 68, 185, 172, 0, 0, 167, 0, 0, 79, 1, 0, 180, 7, 144]
1546497734663;[171, 0, 17, 255, 161, 72, 68, 185, 172, 0, 0, 167, 0, 0, 78, 1, 0, 181, 7, 132]
1546497734832;[171, 0, 17, 255, 161, 72, 68, 185, 172, 0, 0, 165, 0, 0, 79, 1, 0, 184, 7, 111]
1546497734836;[171, 0, 17, 255, 161, 72, 68, 185, 172, 0, 0, 164, 0, 0, 78, 1, 0, 181, 7, 96]
1546497735003;[171, 0, 17, 255, 161, 72, 68, 185, 172, 0, 0, 166, 0, 0, 79, 1, 0, 181, 7, 72]
1546497735177;[171, 0, 17, 255, 161, 72, 68, 185, 172, 0, 0, 163, 0, 0, 80, 1, 0, 184, 7, 47]
1546497735184;[171, 0, 17, 255, 161, 72, 68, 185, 172, 0, 0, 166, 0, 0, 79, 1, 0, 186, 7, 19]
1546497735523;[171, 0, 17, 255, 161, 72, 68, 185, 172, 0, 0, 163, 0, 0, 80, 1, 0, 185, 6, 245]
1546497735526;[171, 0, 17, 255, 161, 72, 68, 185, 173, 0, 0, 163, 0, 0, 74, 1, 0, 184, 7, 4]
1546497735530;[171, 0, 4, 255, 132, 128, 79]
1546497735535;[171, 0, 17, 255, 161, 72, 68, 185, 173, 0, 0, 165, 0, 0, 79, 1, 0, 186, 6, 246]
1546497735694;[171, 0, 17, 255, 161, 72, 68, 185, 173, 0, 0, 165, 0, 0, 71, 1, 0, 187, 6, 240]
1546497735866;[171, 0, 17, 255, 161, 72, 68, 185, 173, 0, 0, 165, 0, 0, 73, 1, 0, 186, 6, 232]
1546497735870;[171, 0, 17, 255, 161, 72, 68, 185, 173, 0, 0, 165, 0, 0, 74, 1, 0, 186, 6, 212]
1546497736039;[171, 0, 17, 255, 161, 72, 68, 185, 173, 0, 0, 165, 0, 0, 71, 1, 0, 185, 6, 189]
1546497736043;[171, 0, 17, 255, 161, 72, 68, 185, 173, 0, 0, 166, 0, 0, 74, 1, 0, 186, 6, 148]
1546497736212;[171, 0, 17, 255, 161, 72, 68, 185, 173, 0, 0, 166, 0, 0, 73, 1, 0, 185, 6, 117]
1546497736216;[171, 0, 17, 255, 161, 72, 68, 185, 173, 0, 0, 166, 0, 0, 73, 1, 0, 184, 6, 128]
1546497736384;[171, 0, 17, 255, 161, 72, 68, 185, 173, 0, 0, 167, 0, 0, 74, 1, 0, 184, 6, 130]
1546497736731;[171, 0, 17, 255, 161, 72, 68, 185, 174, 0, 0, 167, 0, 0, 78, 1, 0, 185, 6, 112]
1546497736735;[171, 0, 4, 255, 132, 128, 79]
1546497736739;[171, 0, 17, 255, 161, 72, 68, 185, 174, 0, 0, 166, 0, 0, 69, 1, 0, 182, 6, 101]
1546497736743;[171, 0, 17, 255, 161, 72, 68, 185, 174, 0, 0, 166, 0, 0, 73, 1, 0, 182, 6, 86]
1546497736900;[171, 0, 17, 255, 161, 72, 68, 185, 174, 0, 0, 171, 0, 0, 71, 1, 0, 183, 6, 76]
1546497737074;[171, 0, 17, 255, 161, 72, 68, 185, 174, 0, 0, 167, 0, 0, 73, 1, 0, 183, 6, 51]
1546497737078;[171, 0, 17, 255, 161, 72, 68, 185, 174, 0, 0, 172, 0, 0, 73, 1, 0, 184, 6, 72]
1546497737247;[171, 0, 17, 255, 161, 72, 68, 185, 174, 0, 0, 166, 0, 0, 73, 1, 0, 183, 6, 108]
1546497737252;[171, 0, 17, 255, 161, 72, 68, 185, 174, 0, 0, 166, 0, 0, 70, 1, 0, 181, 6, 102]
1546497737418;[171, 0, 17, 255, 161, 72, 68, 185, 174, 0, 0, 167, 0, 0, 73, 1, 0, 181, 6, 108]
1546497737422;[171, 0, 17, 255, 161, 72, 68, 185, 175, 0, 0, 166, 0, 0, 71, 1, 0, 181, 6, 98]
1546497737764;[171, 0, 17, 255, 161, 72, 68, 185, 177, 0, 0, 173, 0, 0, 73, 1, 0, 180, 8, 245]
1546497737769;[171, 0, 17, 255, 161, 72, 68, 185, 177, 0, 0, 166, 0, 0, 73, 1, 0, 180, 8, 239]
1546497738108;[171, 0, 17, 255, 161, 72, 68, 185, 177, 0, 0, 167, 0, 0, 73, 1, 0, 178, 8, 233]
1546497738112;[171, 0, 17, 255, 161, 72, 68, 185, 177, 0, 0, 171, 0, 0, 75, 1, 0, 177, 9, 60]
1546497738282;[171, 0, 17, 255, 161, 72, 68, 185, 177, 0, 0, 173, 0, 0, 71, 1, 0, 181, 9, 129]
1546497738286;[171, 0, 17, 255, 161, 72, 68, 185, 177, 0, 0, 167, 0, 0, 71, 1, 0, 181, 9, 136]
1546497738456;[171, 0, 17, 255, 161, 72, 68, 185, 177, 0, 0, 177, 0, 0, 68, 1, 0, 178, 9, 158]
1546497738460;[171, 0, 17, 255, 161, 72, 68, 185, 177, 0, 0, 178, 0, 0, 68, 1, 0, 183, 9, 140]
1546497738626;[171, 0, 17, 255, 161, 72, 68, 185, 178, 0, 0, 171, 0, 0, 68, 1, 0, 181, 9, 120]
1546497738631;[171, 0, 17, 255, 161, 72, 68, 185, 178, 0, 0, 176, 0, 0, 71, 1, 0, 178, 9, 99]
1546497738799;[171, 0, 4, 255, 132, 128, 79]
1546497738971;[171, 0, 17, 255, 161, 72, 68, 185, 178, 0, 0, 171, 0, 0, 68, 1, 0, 181, 9, 175]
1546497738976;[171, 0, 17, 255, 161, 72, 68, 185, 178, 0, 0, 173, 0, 0, 75, 1, 0, 181, 10, 23]
1546497739319;[171, 0, 17, 255, 161, 72, 68, 185, 178, 0, 0, 167, 0, 0, 73, 1, 0, 182, 10, 66]
1546497739323;[171, 0, 17, 255, 161, 72, 68, 185, 178, 0, 0, 167, 0, 0, 73, 1, 0, 178, 10, 90]
1546497739327;[171, 0, 17, 255, 161, 72, 68, 185, 178, 0, 0, 173, 0, 0, 73, 1, 0, 180, 10, 80]
1546497739332;[171, 0, 17, 255, 161, 72, 68, 185, 178, 0, 0, 166, 0, 0, 69, 1, 0, 186, 10, 47]
1546497739488;[171, 0, 17, 255, 161, 72, 68, 185, 178, 0, 0, 166, 0, 0, 69, 1, 0, 181, 10, 8]
1546497739661;[171, 0, 17, 255, 161, 72, 68, 185, 178, 0, 0, 167, 0, 0, 71, 1, 0, 183, 9, 235]
1546497739669;[171, 0, 17, 255, 161, 72, 68, 185, 179, 0, 0, 171, 0, 0, 69, 1, 0, 183, 10, 24]
1546497739832;[171, 0, 17, 255, 161, 72, 68, 185, 179, 0, 0, 167, 0, 0, 71, 1, 0, 181, 10, 40]
1546497739835;[171, 0, 4, 255, 132, 128, 79]
1546497740007;[171, 0, 17, 255, 161, 72, 68, 185, 179, 0, 0, 166, 0, 0, 68, 1, 0, 185, 10, 34]
1546497740178;[171, 0, 17, 255, 161, 72, 68, 185, 179, 0, 0, 167, 0, 0, 68, 1, 0, 184, 10, 21]
1546497740183;[171, 0, 17, 255, 161, 72, 68, 185, 179, 0, 0, 171, 0, 0, 73, 1, 0, 181, 9, 254]
1546497740698;[171, 0, 17, 255, 161, 72, 68, 185, 179, 0, 0, 171, 0, 0, 73, 1, 0, 186, 9, 217]
1546497740703;[171, 0, 17, 255, 161, 72, 68, 185, 179, 0, 0, 167, 0, 0, 73, 1, 0, 185, 9, 173]
1546497740707;[171, 0, 17, 255, 161, 72, 68, 185, 179, 0, 0, 171, 0, 0, 69, 1, 0, 181, 9, 141]
1546497740711;[171, 0, 17, 255, 161, 72, 68, 185, 179, 0, 0, 166, 0, 0, 70, 1, 0, 184, 9, 168]
1546497740870;[171, 0, 17, 255, 161, 72, 68, 185, 179, 0, 0, 167, 0, 0, 69, 1, 0, 181, 9, 136]
1546497740874;[171, 0, 17, 255, 161, 72, 68, 185, 180, 0, 0, 171, 0, 0, 69, 1, 0, 183, 9, 101]
1546497740879;[171, 0, 17, 255, 161, 72, 68, 185, 180, 0, 0, 167, 0, 0, 69, 1, 0, 186, 9, 64]
1546497741041;[171, 0, 4, 255, 132, 128, 80]
1546497741045;[171, 0, 17, 255, 161, 72, 68, 185, 180, 0, 0, 167, 0, 0, 69, 1, 0, 178, 9, 9]
1546497741214;[171, 0, 17, 255, 161, 72, 68, 185, 180, 0, 0, 166, 0, 0, 71, 1, 0, 179, 8, 207]
1546497741219;[171, 0, 17, 255, 161, 72, 68, 185, 180, 0, 0, 167, 0, 0, 73, 1, 0, 181, 8, 146]
1546497741386;[171, 0, 17, 255, 161, 72, 68, 185, 180, 0, 0, 167, 0, 0, 73, 1, 0, 181, 8, 117]
1546497741558;[171, 0, 17, 255, 161, 72, 68, 185, 180, 0, 0, 177, 0, 0, 68, 1, 0, 181, 8, 144]
1546497741562;[171, 0, 17, 255, 161, 72, 68, 185, 180, 0, 0, 167, 0, 0, 69, 1, 0, 180, 8, 142]
1546497741904;[171, 0, 17, 255, 161, 72, 68, 185, 180, 0, 0, 171, 0, 0, 68, 1, 0, 181, 8, 131]
1546497741909;[171, 0, 17, 255, 161, 72, 68, 185, 180, 0, 0, 166, 0, 0, 71, 1, 0, 181, 8, 128]
1546497741912;[171, 0, 17, 255, 161, 72, 68, 185, 181, 0, 0, 167, 0, 0, 70, 1, 0, 181, 8, 122]
1546497742076;[171, 0, 17, 255, 161, 72, 68, 185, 181, 0, 0, 165, 0, 0, 68, 1, 0, 185, 8, 95]
1546497742080;[171, 0, 4, 255, 132, 128, 80]
1546497742249;[171, 0, 17, 255, 161, 72, 68, 185, 181, 0, 0, 166, 0, 0, 70, 1, 0, 183, 8, 80]
1546497742253;[171, 0, 17, 255, 161, 72, 68, 185, 181, 0, 0, 167, 0, 0, 74, 1, 0, 180, 8, 42]
1546497742422;[171, 0, 17, 255, 161, 72, 68, 185, 181, 0, 0, 166, 0, 0, 74, 1, 0, 181, 8, 37]
1546497742426;[171, 0, 17, 255, 161, 72, 68, 185, 181, 0, 0, 165, 0, 0, 80, 1, 0, 181, 8, 28]
1546497742594;[171, 0, 17, 255, 161, 72, 68, 185, 181, 0, 0, 167, 0, 0, 82, 1, 0, 178, 8, 18]
1546497742767;[171, 0, 17, 255, 161, 72, 68, 185, 181, 0, 0, 165, 0, 0, 84, 1, 0, 178, 8, 19]
1546497742771;[171, 0, 17, 255, 161, 72, 68, 185, 181, 0, 0, 163, 0, 0, 84, 1, 0, 176, 8, 26]
1546497743112;[171, 0, 17, 255, 161, 72, 68, 185, 181, 0, 0, 163, 0, 0, 89, 1, 0, 175, 8, 29]
1546497743116;[171, 0, 17, 255, 161, 72, 68, 185, 182, 0, 0, 166, 0, 0, 91, 1, 0, 172, 8, 49]
1546497743120;[171, 0, 17, 255, 161, 72, 68, 185, 182, 0, 0, 175, 0, 0, 101, 1, 0, 164, 8, 73]
1546497743124;[171, 0, 4, 255, 132, 128, 80]
1546497743283;[171, 0, 17, 255, 161, 72, 68, 185, 182, 0, 0, 185, 0, 0, 107, 1, 0, 158, 8, 136]
1546497743456;[171, 0, 17, 255, 161, 72, 68, 185, 182, 0, 0, 186, 0, 0, 116, 1, 0, 147, 8, 168]
1546497743462;[171, 0, 17, 255, 161, 72, 68, 185, 182, 0, 0, 178, 0, 0, 92, 1, 0, 161, 8, 173]
1546497743628;[171, 0, 17, 255, 161, 72, 68, 185, 182, 0, 0, 183, 0, 0, 72, 1, 0, 169, 8, 163]
1546497743632;[171, 0, 17, 255, 161, 72, 68, 185, 182, 0, 0, 197, 0, 0, 95, 1, 0, 140, 8, 149]
1546497743801;[171, 0, 17, 255, 161, 72, 68, 185, 182, 0, 0, 186, 0, 0, 111, 1, 0, 140, 8, 144]
1546497743974;[171, 0, 17, 255, 161, 72, 68, 185, 182, 0, 0, 201, 0, 0, 101, 1, 0, 141, 8, 153]
1546497743978;[171, 0, 17, 255, 161, 72, 68, 185, 182, 0, 0, 154, 0, 0, 110, 1, 0, 149, 8, 144]
1546497744146;[171, 0, 17, 255, 161, 72, 68, 185, 183, 0, 0, 178, 0, 0, 96, 1, 0, 196, 7, 224]
1546497744150;[171, 0, 17, 255, 161, 72, 68, 185, 183, 0, 0, 159, 0, 0, 92, 1, 0, 219, 6, 161]
1546497744489;[171, 0, 4, 255, 132, 128, 80]
1546497744666;[171, 0, 17, 255, 161, 72, 68, 185, 183, 0, 0, 135, 0, 0, 71, 1, 0, 233, 5, 165]
1546497744670;[171, 0, 17, 255, 161, 72, 68, 185, 183, 0, 0, 141, 0, 0, 35, 1, 0, 237, 5, 100]
1546497744674;[171, 0, 17, 255, 161, 72, 68, 185, 183, 0, 0, 81, 1, 0, 40, 1, 0, 228, 5, 139]
1546497744678;[171, 0, 17, 255, 161, 72, 68, 185, 183, 0, 0, 41, 1, 0, 52, 1, 0, 186, 5, 170]
1546497744836;[171, 0, 17, 255, 161, 72, 68, 185, 183, 0, 0, 129, 1, 0, 75, 1, 0, 198, 5, 1]
1546497744840;[171, 0, 17, 255, 161, 72, 68, 185, 183, 0, 0, 132, 1, 0, 70, 1, 0, 187, 4, 45]
1546497745008;[171, 0, 17, 255, 161, 72, 68, 185, 183, 0, 0, 106, 1, 0, 81, 1, 0, 206, 4, 45]
1546497745180;[171, 0, 17, 255, 161, 72, 68, 185, 183, 0, 0, 95, 1, 0, 96, 1, 0, 220, 3, 250]
1546497745184;[171, 0, 17, 255, 161, 72, 68, 185, 184, 0, 0, 86, 1, 0, 91, 1, 0, 220, 3, 200]
1546497745354;[171, 0, 17, 255, 161, 72, 68, 185, 184, 0, 0, 108, 1, 0, 81, 1, 0, 229, 3, 100]
1546497745357;[171, 0, 4, 255, 132, 128, 80]
1546497745700;[171, 0, 17, 255, 161, 72, 68, 185, 184, 0, 0, 67, 1, 0, 87, 1, 0, 235, 2, 176]
1546497745704;[171, 0, 17, 255, 161, 72, 68, 185, 184, 0, 0, 23, 1, 0, 75, 1, 0, 229, 1, 252]
1546497745708;[171, 0, 17, 255, 161, 72, 68, 185, 184, 0, 0, 36, 1, 0, 71, 1, 0, 241, 1, 187]
1546497745871;[171, 0, 17, 255, 161, 72, 68, 185, 184, 0, 0, 36, 1, 0, 64, 1, 0, 247, 2, 6]
1546497745876;[171, 0, 17, 255, 161, 72, 68, 185, 184, 0, 0, 51, 1, 0, 66, 1, 0, 241, 2, 16]
1546497746044;[171, 0, 17, 255, 161, 72, 68, 185, 184, 0, 0, 48, 1, 0, 65, 1, 0, 244, 2, 77]
1546497746048;[171, 0, 17, 255, 161, 72, 68, 185, 184, 0, 0, 63, 1, 0, 75, 1, 0, 232, 2, 184]
1546497746216;[171, 0, 17, 255, 161, 72, 68, 185, 184, 0, 0, 66, 1, 0, 65, 1, 0, 240, 2, 244]
1546497746220;[171, 0, 17, 255, 161, 72, 68, 185, 185, 0, 0, 82, 1, 0, 67, 1, 0, 238, 3, 19]
1546497746388;[171, 0, 17, 255, 161, 72, 68, 185, 185, 0, 0, 86, 1, 0, 75, 1, 0, 233, 2, 175]
1546497746561;[171, 0, 4, 255, 132, 128, 80]
1546497746565;[171, 0, 17, 255, 161, 72, 68, 185, 185, 0, 0, 72, 1, 0, 65, 1, 0, 219, 2, 116]
1546497746734;[171, 0, 17, 255, 161, 72, 68, 185, 185, 0, 0, 72, 1, 0, 65, 1, 0, 235, 2, 133]
1546497746738;[171, 0, 17, 255, 161, 72, 68, 185, 185, 0, 0, 80, 1, 0, 60, 1, 0, 229, 2, 138]
1546497747080;[171, 0, 17, 255, 161, 72, 68, 185, 185, 0, 0, 82, 1, 0, 55, 1, 0, 231, 2, 189]
1546497747084;[171, 0, 17, 255, 161, 72, 68, 185, 185, 0, 0, 77, 1, 0, 57, 1, 0, 234, 3, 29]
1546497747088;[171, 0, 17, 255, 161, 72, 68, 185, 185, 0, 0, 86, 1, 0, 64, 1, 0, 240, 3, 75]
1546497747252;[171, 0, 17, 255, 161, 72, 68, 185, 185, 0, 0, 86, 1, 0, 56, 1, 0, 225, 3, 108]
1546497747256;[171, 0, 17, 255, 161, 72, 68, 185, 185, 0, 0, 101, 1, 0, 47, 1, 0, 224, 3, 56]
1546497747423;[171, 0, 17, 255, 161, 72, 68, 185, 186, 0, 0, 98, 1, 0, 51, 1, 0, 201, 2, 248]
1546497747427;[171, 0, 17, 255, 161, 72, 68, 185, 186, 0, 0, 126, 1, 0, 44, 1, 0, 234, 2, 216]
1546497747595;[171, 0, 4, 255, 132, 128, 80]
1546497747769;[171, 0, 17, 255, 161, 72, 68, 185, 186, 0, 0, 151, 1, 0, 28, 1, 0, 232, 2, 209]
1546497747773;[171, 0, 17, 255, 161, 72, 68, 185, 186, 0, 0, 152, 0, 0, 2, 1, 0, 230, 2, 247]
1546497747940;[171, 0, 17, 255, 161, 72, 68, 185, 186, 0, 0, 151, 1, 0, 35, 1, 0, 216, 3, 18]
1546497747944;[171, 0, 17, 255, 161, 72, 68, 185, 186, 0, 0, 151, 1, 0, 29, 1, 0, 206, 3, 27]
1546497748287;[171, 0, 17, 255, 161, 72, 68, 185, 186, 0, 0, 151, 1, 0, 16, 1, 0, 212, 3, 28]
1546497748291;[171, 0, 17, 255, 161, 72, 68, 185, 186, 0, 0, 138, 1, 0, 16, 1, 0, 212, 3, 47]
1546497748295;[171, 0, 17, 255, 161, 72, 68, 185, 186, 0, 0, 137, 1, 0, 4, 1, 0, 208, 3, 183]
1546497748463;[171, 0, 17, 255, 161, 72, 68, 185, 186, 0, 0, 145, 0, 0, 19, 1, 0, 219, 4, 74]
1546497748473;[171, 0, 17, 255, 161, 72, 68, 185, 187, 0, 0, 142, 0, 0, 12, 1, 0, 217, 4, 180]
1546497748631;[171, 0, 17, 255, 161, 72, 68, 185, 187, 0, 0, 141, 0, 0, 4, 1, 0, 219, 5, 1]
1546497748635;[171, 0, 4, 255, 132, 128, 80]
1546497748804;[171, 0, 17, 255, 161, 72, 68, 185, 187, 0, 0, 134, 0, 0, 1, 1, 0, 220, 5, 65]
1546497748976;[171, 0, 17, 255, 161, 72, 68, 185, 187, 0, 0, 138, 0, 0, 19, 1, 0, 213, 5, 132]
1546497748980;[171, 0, 17, 255, 161, 72, 68, 185, 187, 0, 0, 135, 0, 0, 16, 1, 0, 217, 5, 179]
1546497749149;[171, 0, 17, 255, 161, 72, 68, 185, 187, 0, 0, 138, 0, 0, 13, 1, 0, 219, 6, 71]
1546497749153;[171, 0, 17, 255, 161, 72, 68, 185, 187, 0, 0, 135, 0, 0, 8, 1, 0, 219, 6, 226]
1546497749668;[171, 0, 17, 255, 161, 72, 68, 185, 187, 0, 0, 139, 0, 0, 17, 1, 0, 218, 7, 73]
1546497749671;[171, 0, 17, 255, 161, 72, 68, 185, 187, 0, 0, 141, 0, 0, 22, 1, 0, 219, 7, 151]
1546497749675;[171, 0, 17, 255, 161, 72, 68, 185, 187, 0, 0, 139, 0, 0, 13, 1, 0, 219, 7, 214]
1546497749679;[171, 0, 17, 255, 161, 72, 68, 185, 192, 0, 0, 139, 0, 0, 12, 1, 0, 219, 7, 240]
1546497749840;[171, 0, 17, 255, 161, 72, 68, 185, 192, 0, 0, 141, 0, 0, 4, 1, 0, 214, 8, 2]
1546497749844;[171, 0, 4, 255, 132, 128, 81]
1546497749848;[171, 0, 17, 255, 161, 72, 68, 185, 192, 0, 0, 143, 0, 0, 8, 1, 0, 217, 8, 64]
1546497750012;[171, 0, 17, 255, 161, 72, 68, 185, 192, 0, 0, 138, 0, 0, 2, 1, 0, 217, 8, 185]
1546497750016;[171, 0, 17, 255, 161, 72, 68, 185, 192, 0, 0, 141, 0, 0, 2, 1, 0, 217, 8, 249]
1546497750184;[171, 0, 17, 255, 161, 72, 68, 185, 192, 0, 0, 144, 0, 0, 4, 1, 0, 216, 9, 26]
1546497750357;[171, 0, 17, 255, 161, 72, 68, 185, 192, 0, 0, 145, 0, 0, 2, 1, 0, 212, 9, 41]
1546497750361;[171, 0, 17, 255, 161, 72, 68, 185, 192, 0, 0, 143, 0, 0, 3, 1, 0, 219, 9, 41]
1546497750528;[171, 0, 17, 255, 161, 72, 68, 185, 192, 0, 0, 145, 0, 0, 8, 1, 0, 216, 9, 14]
1546497750532;[171, 0, 17, 255, 161, 72, 68, 185, 192, 0, 0, 139, 0, 0, 3, 1, 0, 211, 8, 227]
1546497750874;[171, 0, 17, 255, 161, 72, 68, 185, 193, 0, 0, 139, 1, 0, 9, 1, 0, 213, 8, 251]
1546497750879;[171, 0, 17, 255, 161, 72, 68, 185, 193, 0, 0, 141, 1, 0, 2, 1, 0, 216, 9, 0]
1546497750883;[171, 0, 4, 255, 132, 128, 81]
1546497751047;[171, 0, 17, 255, 161, 72, 68, 185, 193, 0, 0, 141, 1, 0, 14, 1, 0, 217, 8, 238]
1546497751051;[171, 0, 17, 255, 161, 72, 68, 185, 193, 0, 0, 141, 1, 0, 9, 1, 0, 213, 8, 189]
1546497751218;[171, 0, 17, 255, 161, 72, 68, 185, 193, 0, 0, 141, 1, 0, 5, 1, 0, 217, 8, 128]
1546497751222;[171, 0, 17, 255, 161, 72, 68, 185, 193, 0, 0, 143, 1, 0, 16, 1, 0, 216, 8, 50]
1546497751392;[171, 0, 17, 255, 161, 72, 68, 185, 193, 0, 0, 139, 1, 0, 5, 1, 0, 213, 7, 213]
1546497751563;[171, 0, 17, 255, 161, 72, 68, 185, 193, 0, 0, 141, 1, 0, 20, 1, 0, 214, 7, 158]
1546497751568;[171, 0, 17, 255, 161, 72, 68, 185, 193, 0, 0, 143, 1, 0, 10, 1, 0, 214, 7, 153]
1546497751736;[171, 0, 17, 255, 161, 72, 68, 185, 193, 0, 0, 141, 1, 0, 14, 1, 0, 216, 7, 93]
1546497751740;[171, 0, 17, 255, 161, 72, 68, 185, 194, 0, 0, 144, 1, 0, 15, 1, 0, 219, 7, 56]
1546497752082;[171, 0, 17, 255, 161, 72, 68, 185, 194, 0, 0, 141, 1, 0, 26, 1, 0, 216, 7, 32]
1546497752086;[171, 0, 4, 255, 132, 128, 82]
1546497752091;[171, 0, 17, 255, 161, 72, 68, 185, 194, 0, 0, 144, 1, 0, 20, 1, 0, 218, 6, 242]
1546497752254;[171, 0, 17, 255, 161, 72, 68, 185, 194, 0, 0, 141, 1, 0, 16, 1, 0, 217, 6, 214]
1546497752258;[171, 0, 17, 255, 161, 72, 68, 185, 194, 0, 0, 139, 1, 0, 16, 1, 0, 213, 6, 237]
1546497752426;[171, 0, 17, 255, 161, 72, 68, 185, 194, 0, 0, 141, 1, 0, 4, 1, 0, 212, 7, 0]
1546497752430;[171, 0, 17, 255, 161, 72, 68, 185, 194, 0, 0, 135, 1, 0, 19, 1, 0, 217, 6, 218]
1546497752598;[171, 0, 17, 255, 161, 72, 68, 185, 194, 0, 0, 144, 0, 0, 35, 1, 0, 219, 6, 164]
1546497752771;[171, 0, 17, 255, 161, 72, 68, 185, 194, 0, 0, 122, 0, 0, 56, 1, 0, 224, 6, 138]
1546497752774;[171, 0, 17, 255, 161, 72, 68, 185, 194, 0, 0, 138, 0, 0, 57, 1, 0, 216, 6, 61]
1546497752943;[171, 0, 17, 255, 161, 72, 68, 185, 195, 0, 0, 121, 0, 0, 50, 1, 0, 219, 5, 240]
1546497752947;[171, 0, 17, 255, 161, 72, 68, 185, 195, 0, 0, 132, 0, 0, 55, 1, 0, 219, 5, 164]
1546497753116;[171, 0, 4, 255, 132, 128, 82]
1546497753120;[171, 0, 17, 255, 161, 72, 68, 185, 195, 0, 0, 117, 0, 0, 51, 1, 0, 224, 5, 79]
1546497753465;[171, 0, 17, 255, 161, 72, 68, 185, 195, 0, 0, 118, 0, 0, 75, 1, 0, 221, 5, 27]
1546497753469;[171, 0, 17, 255, 161, 72, 68, 185, 195, 0, 0, 117, 0, 0, 63, 1, 0, 223, 5, 2]
1546497753474;[171, 0, 17, 255, 161, 72, 68, 185, 195, 0, 0, 114, 0, 0, 82, 1, 0, 219, 4, 213]
1546497753634;[171, 0, 17, 255, 161, 72, 68, 185, 195, 0, 0, 135, 0, 0, 66, 1, 0, 219, 4, 139]
1546497753638;[171, 0, 17, 255, 161, 72, 68, 185, 195, 0, 0, 136, 0, 0, 58, 1, 0, 219, 4, 80]
1546497753978;[171, 0, 17, 255, 161, 72, 68, 185, 195, 0, 0, 132, 0, 0, 77, 1, 0, 228, 4, 80]
1546497753982;[171, 0, 17, 255, 161, 72, 68, 185, 195, 0, 0, 136, 0, 0, 39, 1, 0, 218, 4, 28]
1546497753986;[171, 0, 17, 255, 161, 72, 68, 185, 196, 0, 0, 101, 0, 0, 16, 1, 0, 243, 3, 158]
1546497754151;[171, 0, 17, 255, 161, 72, 68, 185, 196, 0, 0, 104, 0, 0, 1, 1, 0, 219, 3, 116]
1546497754155;[171, 0, 4, 255, 132, 128, 81]
1546497754324;[171, 0, 17, 255, 161, 72, 68, 185, 196, 0, 0, 116, 0, 0, 42, 1, 0, 237, 3, 125]
1546497754328;[171, 0, 17, 255, 161, 72, 68, 185, 196, 0, 0, 114, 0, 0, 36, 1, 1, 7, 3, 49]
1546497754668;[171, 0, 17, 255, 161, 72, 68, 185, 196, 0, 0, 131, 1, 0, 16, 1, 0, 229, 2, 30]
1546497754672;[171, 0, 17, 255, 161, 72, 68, 185, 196, 0, 0, 134, 1, 0, 77, 1, 0, 220, 1, 137]
1546497754676;[171, 0, 17, 255, 161, 72, 68, 185, 196, 0, 0, 91, 1, 0, 80, 1, 0, 221, 1, 58]
1546497754842;[171, 0, 17, 255, 161, 72, 68, 185, 196, 0, 0, 59, 1, 0, 37, 1, 0, 212, 1, 21]
1546497754846;[171, 0, 17, 255, 161, 72, 68, 185, 196, 0, 0, 76, 1, 0, 33, 1, 0, 235, 0, 244]
1546497755014;[171, 0, 17, 255, 161, 72, 68, 185, 196, 0, 0, 43, 1, 0, 59, 1, 0, 224, 0, 211]
1546497755018;[171, 0, 17, 255, 161, 72, 68, 185, 197, 0, 0, 29, 1, 0, 47, 1, 0, 250, 0, 203]
1546497755186;[171, 0, 17, 255, 161, 72, 68, 185, 197, 0, 0, 56, 1, 0, 56, 1, 0, 230, 0, 233]
1546497755358;[171, 0, 4, 255, 132, 128, 82]
1546497755362;[171, 0, 17, 255, 161, 72, 68, 185, 197, 0, 0, 54, 1, 0, 51, 1, 0, 247, 1, 26]
1546497755531;[171, 0, 17, 255, 161, 72, 68, 185, 197, 0, 0, 72, 1, 0, 61, 1, 0, 234, 1, 57]
1546497755535;[171, 0, 17, 255, 161, 72, 68, 185, 197, 0, 0, 66, 1, 0, 64, 1, 0, 238, 1, 71]
1546497756050;[171, 0, 17, 255, 161, 72, 68, 185, 197, 0, 0, 66, 1, 0, 65, 1, 0, 236, 1, 73]
1546497756054;[171, 0, 17, 255, 161, 72, 68, 185, 197, 0, 0, 61, 1, 0, 64, 1, 0, 234, 1, 62]
1546497756058;[171, 0, 17, 255, 161, 72, 68, 185, 197, 0, 0, 71, 1, 0, 71, 1, 0, 232, 0, 238]
1546497756063;[171, 0, 17, 255, 161, 72, 68, 185, 197, 0, 0, 55, 1, 0, 65, 1, 0, 249, 16, 101]
1546497756222;[171, 0, 17, 255, 161, 72, 68, 185, 197, 0, 0, 59, 1, 0, 74, 1, 0, 249, 7, 94]
1546497756226;[171, 0, 17, 255, 161, 72, 68, 185, 198, 0, 0, 62, 1, 0, 67, 1, 0, 233, 6, 237]
1546497756394;[171, 0, 17, 255, 161, 72, 68, 185, 198, 0, 0, 4, 1, 0, 44, 1, 0, 214, 6, 123]
1546497756398;[171, 0, 4, 255, 132, 128, 82]
1546497756565;[171, 0, 17, 255, 161, 72, 68, 185, 198, 0, 0, 61, 1, 0, 54, 1, 1, 51, 6, 109]
1546497756569;[171, 0, 17, 255, 161, 72, 68, 185, 198, 1, 0, 16, 1, 0, 75, 1, 1, 24, 6, 113]
1546497756738;[171, 0, 17, 255, 161, 72, 68, 185, 198, 0, 0, 131, 1, 0, 103, 1, 0, 126, 6, 7]
1546497756742;[171, 0, 17, 255, 161, 72, 68, 185, 198, 0, 1, 8, 1, 0, 156, 1, 0, 45, 5, 247]
1546497756911;[171, 0, 17, 255, 161, 72, 68, 185, 198, 0, 0, 172, 1, 0, 65, 1, 0, 121, 6, 75]
1546497756915;[171, 0, 17, 255, 161, 72, 68, 185, 198, 0, 0, 105, 0, 0, 16, 1, 0, 178, 6, 55]
1546497757431;[171, 0, 17, 255, 161, 72, 68, 185, 198, 0, 0, 169, 0, 0, 32, 1, 0, 211, 5, 237]
1546497757436;[171, 0, 17, 255, 161, 72, 68, 185, 198, 0, 0, 166, 0, 0, 19, 1, 0, 180, 5, 212]
1546497757442;[171, 0, 17, 255, 161, 72, 68, 185, 199, 1, 0, 2, 1, 0, 69, 1, 0, 80, 5, 101]
1546497757445;[171, 0, 17, 255, 161, 72, 68, 185, 199, 0, 0, 59, 1, 0, 81, 1, 0, 208, 5, 84]
1546497757601;[171, 0, 4, 255, 132, 128, 83]
1546497757605;[171, 0, 17, 255, 161, 72, 68, 185, 199, 0, 0, 116, 1, 0, 124, 1, 0, 144, 4, 247]
1546497757774;[171, 0, 17, 255, 161, 72, 68, 185, 199, 0, 0, 242, 1, 0, 157, 1, 0, 52, 4, 188]
1546497757780;[171, 0, 17, 255, 161, 72, 68, 185, 199, 0, 1, 107, 1, 0, 156, 0, 0, 67, 5, 0]
1546497757946;[171, 0, 17, 255, 161, 72, 68, 185, 199, 0, 1, 85, 1, 0, 58, 0, 0, 60, 4, 237]
1546497757950;[171, 0, 17, 255, 161, 72, 68, 185, 199, 0, 1, 51, 1, 0, 28, 1, 0, 18, 4, 143]
1546497758118;[171, 0, 17, 255, 161, 72, 68, 185, 199, 0, 1, 70, 1, 0, 91, 0, 0, 4, 4, 146]
1546497758122;[171, 0, 17, 255, 161, 72, 68, 185, 199, 0, 0, 208, 1, 0, 142, 1, 0, 18, 4, 191]
1546497758473;[171, 0, 17, 255, 161, 72, 68, 185, 199, 0, 0, 151, 1, 0, 163, 1, 0, 126, 4, 159]
1546497758475;[171, 0, 17, 255, 161, 72, 68, 185, 200, 0, 0, 190, 1, 0, 86, 1, 0, 155, 3, 189]
1546497758480;[171, 0, 17, 255, 161, 72, 68, 185, 200, 0, 0, 114, 1, 0, 92, 1, 0, 223, 3, 71]
1546497758636;[171, 0, 4, 255, 132, 128, 83]
1546497758641;[171, 0, 17, 255, 161, 72, 68, 185, 200, 0, 0, 138, 1, 0, 58, 1, 0, 111, 3, 142]
1546497758809;[171, 0, 17, 255, 161, 72, 68, 185, 200, 0, 0, 221, 0, 0, 26, 1, 0, 128, 4, 40]
1546497758980;[171, 0, 17, 255, 161, 72, 68, 185, 200, 0, 1, 10, 0, 0, 38, 1, 0, 142, 4, 65]
1546497758984;[171, 0, 17, 255, 161, 72, 68, 185, 200, 0, 0, 170, 1, 0, 28, 1, 0, 198, 4, 1]
1546497759154;[171, 0, 17, 255, 161, 72, 68, 185, 200, 0, 0, 19, 1, 0, 64, 1, 0, 144, 3, 192]
1546497759158;[171, 0, 17, 255, 161, 72, 68, 185, 200, 0, 0, 74, 1, 0, 84, 1, 0, 110, 3, 196]
1546497759325;[171, 0, 17, 255, 161, 72, 68, 185, 200, 0, 0, 250, 1, 0, 94, 1, 0, 79, 3, 221]
1546497759329;[171, 0, 17, 255, 161, 72, 68, 185, 200, 0, 0, 236, 1, 0, 151, 1, 0, 21, 4, 34]
1546497759498;[171, 0, 17, 255, 161, 72, 68, 185, 201, 0, 1, 51, 1, 0, 164, 0, 0, 131, 4, 38]
1546497759845;[171, 0, 17, 255, 161, 72, 68, 185, 203, 0, 0, 158, 1, 0, 34, 1, 0, 244, 4, 6]
1546497759849;[171, 0, 17, 255, 161, 72, 68, 185, 203, 0, 0, 199, 1, 0, 91, 1, 0, 192, 3, 252]
1546497759853;[171, 0, 17, 255, 161, 72, 68, 185, 203, 0, 0, 187, 1, 0, 142, 1, 0, 90, 4, 113]
1546497760015;[171, 0, 17, 255, 161, 72, 68, 185, 203, 0, 0, 155, 1, 0, 111, 0, 0, 65, 4, 237]
1546497760189;[171, 0, 17, 255, 161, 72, 68, 185, 203, 0, 0, 116, 1, 0, 118, 0, 0, 40, 5, 59]
1546497760361;[171, 0, 17, 255, 161, 72, 68, 185, 203, 0, 0, 192, 1, 0, 142, 1, 0, 53, 5, 183]
1546497760364;[171, 0, 17, 255, 161, 72, 68, 185, 203, 0, 1, 14, 1, 0, 125, 1, 0, 110, 5, 201]
1546497760533;[171, 0, 17, 255, 161, 72, 68, 185, 203, 0, 1, 8, 1, 0, 96, 1, 0, 175, 5, 213]
1546497760537;[171, 0, 17, 255, 161, 72, 68, 185, 204, 0, 0, 211, 1, 0, 74, 1, 0, 217, 5, 248]
1546497760706;[171, 0, 17, 255, 161, 72, 68, 185, 204, 0, 0, 206, 1, 0, 101, 1, 0, 133, 6, 59]
1546497761227;[171, 0, 4, 255, 132, 128, 82]
1546497761231;[171, 0, 17, 255, 161, 72, 68, 185, 204, 0, 0, 178, 1, 0, 112, 1, 0, 32, 6, 115]
1546497761235;[171, 0, 17, 255, 161, 72, 68, 185, 204, 0, 0, 166, 1, 0, 151, 1, 0, 4, 6, 246]
1546497761239;[171, 0, 17, 255, 161, 72, 68, 185, 204, 0, 0, 185, 1, 0, 167, 0, 0, 8, 7, 56]
1546497761396;[171, 0, 17, 255, 161, 72, 68, 185, 204, 0, 0, 151, 1, 0, 159, 0, 0, 5, 7, 101]
1546497761401;[171, 0, 17, 255, 161, 72, 68, 185, 204, 0, 0, 183, 1, 0, 160, 0, 0, 8, 7, 146]
1546497761404;[171, 0, 17, 255, 161, 72, 68, 185, 204, 0, 0, 186, 1, 0, 144, 0, 0, 26, 8, 5]
1546497761569;[171, 0, 17, 255, 161, 72, 68, 185, 204, 0, 0, 204, 1, 0, 123, 0, 0, 48, 8, 68]
1546497761573;[171, 0, 17, 255, 161, 72, 68, 185, 204, 0, 0, 253, 1, 0, 116, 1, 0, 2, 8, 118]
1546497761741;[171, 0, 17, 255, 161, 72, 68, 185, 205, 0, 1, 10, 1, 0, 81, 1, 0, 60, 8, 115]
1546497761745;[171, 0, 17, 255, 161, 72, 68, 185, 205, 0, 0, 226, 1, 0, 62, 1, 0, 74, 8, 36]
1546497761915;[171, 0, 4, 255, 132, 128, 82]
1546497761918;[171, 0, 17, 255, 161, 72, 68, 185, 205, 0, 0, 221, 1, 0, 55, 1, 0, 111, 7, 160]
1546497762086;[171, 0, 17, 255, 161, 72, 68, 185, 205, 0, 0, 237, 1, 0, 56, 1, 0, 132, 7, 97]
1546497762431;[171, 0, 17, 255, 161, 72, 68, 185, 205, 0, 0, 203, 1, 0, 55, 1, 0, 146, 7, 46]
1546497762436;[171, 0, 17, 255, 161, 72, 68, 185, 205, 0, 0, 201, 1, 0, 62, 1, 0, 136, 6, 232]
1546497762440;[171, 0, 17, 255, 161, 72, 68, 185, 205, 0, 0, 199, 1, 0, 60, 1, 0, 141, 6, 211]
1546497762444;[171, 0, 17, 255, 161, 72, 68, 185, 205, 0, 0, 184, 1, 0, 59, 1, 0, 154, 6, 183]
1546497762603;[171, 0, 17, 255, 161, 72, 68, 185, 205, 0, 0, 186, 1, 0, 61, 1, 0, 158, 6, 141]
1546497762776;[171, 0, 17, 255, 161, 72, 68, 185, 205, 0, 0, 191, 1, 0, 62, 1, 0, 163, 6, 92]
1546497762780;[171, 0, 17, 255, 161, 72, 68, 185, 206, 0, 0, 184, 1, 0, 59, 1, 0, 163, 6, 73]
1546497762950;[171, 0, 17, 255, 161, 72, 68, 185, 206, 0, 0, 183, 1, 0, 59, 1, 0, 166, 6, 34]
1546497762952;[171, 0, 4, 255, 132, 128, 83]
1546497763120;[171, 0, 17, 255, 161, 72, 68, 185, 206, 0, 0, 184, 1, 0, 56, 1, 0, 169, 5, 242]
1546497763125;[171, 0, 17, 255, 161, 72, 68, 185, 206, 0, 0, 181, 1, 0, 59, 1, 0, 166, 5, 194]
1546497763293;[171, 0, 17, 255, 161, 72, 68, 185, 206, 0, 0, 183, 1, 0, 64, 1, 0, 169, 5, 138]
1546497763639;[171, 0, 17, 255, 161, 72, 68, 185, 206, 0, 0, 181, 1, 0, 64, 1, 0, 164, 5, 62]
1546497763643;[171, 0, 17, 255, 161, 72, 68, 185, 206, 0, 0, 177, 1, 0, 60, 1, 0, 171, 5, 43]
1546497763648;[171, 0, 17, 255, 161, 72, 68, 185, 206, 0, 0, 167, 1, 0, 56, 1, 0, 177, 5, 31]
1546497763652;[171, 0, 17, 255, 161, 72, 68, 185, 206, 0, 0, 179, 1, 0, 60, 1, 0, 171, 4, 235]
1546497763811;[171, 0, 17, 255, 161, 72, 68, 185, 206, 0, 0, 184, 1, 0, 64, 1, 0, 167, 4, 201]
1546497763815;[171, 0, 17, 255, 161, 72, 68, 185, 207, 0, 0, 167, 1, 0, 60, 1, 0, 175, 4, 164]
1546497763983;[171, 0, 17, 255, 161, 72, 68, 185, 207, 0, 0, 160, 1, 0, 60, 1, 0, 190, 4, 122]
1546497764154;[171, 0, 4, 255, 132, 128, 83]
1546497764159;[171, 0, 17, 255, 161, 72, 68, 185, 207, 0, 0, 165, 1, 0, 60, 1, 0, 174, 4, 72]
1546497764328;[171, 0, 17, 255, 161, 72, 68, 185, 207, 0, 0, 167, 1, 0, 65, 1, 0, 188, 4, 73]
1546497764332;[171, 0, 17, 255, 161, 72, 68, 185, 207, 0, 0, 161, 1, 0, 61, 1, 0, 181, 4, 65]
1546497764501;[171, 0, 17, 255, 161, 72, 68, 185, 207, 0, 0, 166, 1, 0, 57, 1, 0, 181, 4, 24]
1546497765021;[171, 0, 17, 255, 161, 72, 68, 185, 207, 0, 0, 171, 1, 0, 60, 1, 0, 186, 3, 253]
1546497765025;[171, 0, 17, 255, 161, 72, 68, 185, 207, 0, 0, 172, 1, 0, 64, 1, 0, 174, 3, 215]
1546497765030;[171, 0, 17, 255, 161, 72, 68, 185, 207, 0, 0, 173, 1, 0, 61, 1, 0, 178, 3, 175]
1546497765034;[171, 0, 17, 255, 161, 72, 68, 185, 207, 0, 0, 164, 1, 0, 64, 1, 0, 184, 3, 136]
1546497765192;[171, 0, 17, 255, 161, 72, 68, 185, 208, 0, 0, 165, 1, 0, 60, 1, 0, 184, 3, 150]
1546497765197;[171, 0, 17, 255, 161, 72, 68, 185, 208, 0, 0, 166, 1, 0, 59, 1, 0, 184, 3, 130]
1546497765200;[171, 0, 4, 255, 132, 128, 84]
1546497765365;[171, 0, 17, 255, 161, 72, 68, 185, 208, 0, 0, 163, 1, 0, 56, 1, 0, 186, 3, 95]
1546497765369;[171, 0, 17, 255, 161, 72, 68, 185, 208, 0, 0, 157, 1, 0, 58, 1, 0, 196, 3, 80]
1546497765537;[171, 0, 17, 255, 161, 72, 68, 185, 208, 0, 0, 166, 1, 0, 59, 1, 0, 183, 3, 59]
1546497765541;[171, 0, 17, 255, 161, 72, 68, 185, 208, 0, 0, 166, 1, 0, 59, 1, 0, 185, 3, 35]
1546497765709;[171, 0, 17, 255, 161, 72, 68, 185, 208, 0, 0, 163, 1, 0, 59, 1, 0, 184, 3, 12]
1546497765880;[171, 0, 17, 255, 161, 72, 68, 185, 208, 0, 0, 164, 1, 0, 59, 1, 0, 185, 3, 36]
1546497765884;[171, 0, 17, 255, 161, 72, 68, 185, 208, 0, 0, 166, 1, 0, 59, 1, 0, 186, 3, 63]
1546497766227;[171, 0, 17, 255, 161, 72, 68, 185, 208, 0, 0, 165, 1, 0, 64, 1, 0, 186, 3, 4]
1546497766231;[171, 0, 17, 255, 161, 72, 68, 185, 209, 0, 0, 151, 1, 0, 58, 1, 0, 196, 2, 232]
1546497766235;[171, 0, 17, 255, 161, 72, 68, 185, 209, 0, 0, 154, 1, 0, 55, 1, 0, 199, 2, 204]
1546497766238;[171, 0, 4, 255, 132, 128, 85]
1546497766398;[171, 0, 17, 255, 161, 72, 68, 185, 209, 0, 0, 151, 1, 0, 60, 1, 0, 202, 2, 180]
1546497766572;[171, 0, 17, 255, 161, 72, 68, 185, 209, 0, 0, 156, 1, 0, 62, 1, 0, 186, 2, 126]
1546497766577;[171, 0, 17, 255, 161, 72, 68, 185, 209, 0, 0, 165, 1, 0, 76, 1, 0, 195, 2, 174]
1546497766744;[171, 0, 17, 255, 161, 72, 68, 185, 209, 0, 0, 152, 1, 0, 59, 1, 0, 195, 2, 200]
1546497766748;[171, 0, 17, 255, 161, 72, 68, 185, 209, 0, 0, 151, 1, 0, 53, 1, 0, 186, 2, 192]
1546497766916;[171, 0, 17, 255, 161, 72, 68, 185, 209, 0, 0, 151, 1, 0, 58, 1, 0, 206, 2, 165]
1546497766922;[171, 0, 17, 255, 161, 72, 68, 185, 209, 0, 0, 156, 1, 0, 64, 1, 0, 195, 2, 120]
1546497767089;[171, 0, 17, 255, 161, 72, 68, 185, 209, 0, 0, 160, 1, 0, 69, 1, 0, 199, 2, 71]
1546497767439;[171, 0, 17, 255, 161, 72, 68, 185, 210, 0, 0, 141, 1, 0, 60, 1, 0, 197, 2, 71]
1546497767441;[171, 0, 17, 255, 161, 72, 68, 185, 210, 0, 0, 164, 1, 0, 65, 1, 0, 206, 2, 80]
1546497767443;[171, 0, 4, 255, 132, 128, 86]
1546497767448;[171, 0, 17, 255, 161, 72, 68, 185, 210, 0, 0, 138, 1, 0, 49, 1, 0, 206, 2, 89]
1546497767607;[171, 0, 17, 255, 161, 72, 68, 185, 210, 0, 0, 120, 1, 0, 40, 1, 0, 211, 2, 57]
1546497767779;[171, 0, 17, 255, 161, 72, 68, 185, 210, 0, 0, 143, 1, 0, 59, 1, 0, 206, 2, 67]
1546497767783;[171, 0, 17, 255, 161, 72, 68, 185, 210, 0, 0, 145, 1, 0, 60, 1, 0, 199, 2, 109]
1546497768032;[171, 0, 17, 255, 161, 72, 68, 185, 210, 0, 0, 160, 1, 0, 62, 1, 0, 173, 2, 168]
1546497768033;[171, 0, 17, 255, 161, 72, 68, 185, 210, 0, 0, 186, 1, 0, 65, 1, 0, 161, 2, 229]
1546497768125;[171, 0, 17, 255, 161, 72, 68, 185, 210, 0, 0, 200, 1, 0, 66, 1, 0, 140, 3, 19]
1546497768128;[171, 0, 17, 255, 161, 72, 68, 185, 210, 0, 0, 209, 1, 0, 62, 1, 0, 106, 3, 216]
1546497768296;[171, 0, 17, 255, 161, 72, 68, 185, 211, 0, 0, 253, 1, 0, 58, 1, 0, 42, 5, 142]
1546497768471;[171, 0, 17, 255, 161, 72, 68, 185, 211, 0, 0, 221, 1, 0, 61, 1, 0, 29, 7, 0]
1546497768477;[171, 0, 4, 255, 132, 128, 87]
1546497768816;[171, 0, 17, 255, 161, 72, 68, 185, 211, 0, 1, 8, 1, 0, 44, 1, 0, 31, 7, 0]
1546497768820;[171, 0, 17, 255, 161, 72, 68, 185, 211, 0, 1, 10, 1, 0, 35, 1, 0, 36, 8, 42]
1546497768824;[171, 0, 17, 255, 161, 72, 68, 185, 211, 0, 1, 13, 1, 0, 24, 1, 0, 29, 9, 25]
1546497768828;[171, 0, 17, 255, 161, 72, 68, 185, 211, 0, 1, 10, 1, 0, 35, 1, 0, 30, 9, 211]
1546497768985;[171, 0, 17, 255, 161, 72, 68, 185, 211, 0, 0, 244, 1, 0, 34, 1, 0, 21, 10, 94]
1546497769159;[171, 0, 17, 255, 161, 72, 68, 185, 211, 0, 0, 236, 1, 0, 33, 1, 0, 14, 10, 204]
1546497769163;[171, 0, 17, 255, 161, 72, 68, 185, 211, 0, 0, 253, 1, 0, 39, 1, 0, 14, 11, 131]
1546497769330;[171, 0, 17, 255, 161, 72, 68, 185, 211, 0, 1, 2, 1, 0, 35, 1, 0, 19, 12, 198]
1546497769335;[171, 0, 17, 255, 161, 72, 68, 185, 212, 0, 1, 2, 1, 0, 24, 1, 0, 8, 13, 88]
1546497769503;[171, 0, 17, 255, 161, 72, 68, 185, 212, 0, 1, 12, 1, 0, 22, 1, 0, 32, 13, 185]
1546497769676;[171, 0, 4, 255, 132, 128, 87]
1546497769680;[171, 0, 17, 255, 161, 72, 68, 185, 212, 0, 1, 12, 1, 0, 24, 1, 0, 26, 14, 19]
1546497770023;[171, 0, 17, 255, 161, 72, 68, 185, 212, 0, 0, 246, 1, 0, 28, 1, 0, 45, 14, 67]
1546497770027;[171, 0, 17, 255, 161, 72, 68, 185, 212, 0, 0, 240, 1, 0, 34, 1, 0, 32, 14, 103]
1546497770031;[171, 0, 17, 255, 161, 72, 68, 185, 212, 0, 0, 242, 1, 0, 39, 1, 0, 27, 14, 106]
1546497770036;[171, 0, 17, 255, 161, 72, 68, 185, 212, 0, 1, 1, 1, 0, 41, 1, 0, 36, 14, 150]
1546497770194;[171, 0, 17, 255, 161, 72, 68, 185, 212, 0, 1, 2, 1, 0, 47, 1, 0, 46, 31, 82]
1546497770366;[171, 0, 17, 255, 161, 72, 68, 185, 212, 0, 0, 253, 1, 0, 57, 1, 0, 46, 8, 13]
1546497770369;[171, 0, 17, 255, 161, 72, 68, 185, 212, 0, 0, 244, 1, 0, 67, 1, 0, 32, 8, 13]
1546497770539;[171, 0, 17, 255, 161, 72, 68, 185, 213, 0, 0, 236, 1, 0, 81, 1, 0, 49, 7, 173]
1546497770542;[171, 0, 17, 255, 161, 72, 68, 185, 213, 0, 0, 236, 1, 0, 75, 1, 0, 60, 7, 89]
1546497770710;[171, 0, 4, 255, 132, 128, 87]
1546497770714;[171, 0, 17, 255, 161, 72, 68, 185, 213, 0, 0, 227, 1, 0, 75, 1, 0, 44, 6, 251]
1546497770888;[171, 0, 17, 255, 161, 72, 68, 185, 213, 0, 0, 224, 1, 0, 86, 1, 0, 46, 6, 171]
1546497771056;[171, 0, 17, 255, 161, 72, 68, 185, 213, 0, 0, 232, 1, 0, 82, 1, 0, 52, 6, 85]
1546497771060;[171, 0, 17, 255, 161, 72, 68, 185, 213, 0, 0, 234, 1, 0, 88, 1, 0, 51, 6, 201]
1546497771402;[171, 0, 17, 255, 161, 72, 68, 185, 213, 0, 0, 236, 1, 0, 86, 1, 0, 46, 7, 17]
1546497771406;[171, 0, 17, 255, 161, 72, 68, 185, 213, 0, 0, 240, 1, 0, 89, 1, 0, 43, 7, 10]
1546497771410;[171, 0, 17, 255, 161, 72, 68, 185, 213, 0, 0, 232, 1, 0, 87, 1, 0, 42, 7, 8]
1546497771573;[171, 0, 17, 255, 161, 72, 68, 185, 213, 0, 0, 236, 1, 0, 91, 1, 0, 36, 6, 235]
1546497771577;[171, 0, 17, 255, 161, 72, 68, 185, 214, 0, 0, 236, 1, 0, 88, 1, 0, 31, 6, 166]
1546497771747;[171, 0, 17, 255, 161, 72, 68, 185, 214, 0, 0, 232, 1, 0, 86, 1, 0, 26, 6, 33]
1546497771750;[171, 0, 4, 255, 132, 128, 86]
1546497771918;[171, 0, 17, 255, 161, 72, 68, 185, 214, 0, 0, 233, 1, 0, 83, 1, 0, 36, 5, 120]
1546497771922;[171, 0, 17, 255, 161, 72, 68, 185, 214, 0, 0, 237, 1, 0, 86, 1, 0, 32, 5, 49]
1546497772091;[171, 0, 17, 255, 161, 72, 68, 185, 214, 0, 0, 237, 1, 0, 87, 1, 0, 31, 5, 65]
1546497772264;[171, 0, 17, 255, 161, 72, 68, 185, 214, 0, 0, 234, 1, 0, 87, 1, 0, 22, 5, 26]
1546497772268;[171, 0, 17, 255, 161, 72, 68, 185, 214, 0, 0, 234, 1, 0, 86, 1, 0, 22, 4, 222]
1546497772610;[171, 0, 17, 255, 161, 72, 68, 185, 214, 0, 0, 240, 1, 0, 87, 1, 0, 22, 4, 185]
1546497772614;[171, 0, 17, 255, 161, 72, 68, 185, 214, 0, 0, 236, 1, 0, 86, 1, 0, 24, 4, 120]
1546497772618;[171, 0, 17, 255, 161, 72, 68, 185, 214, 0, 0, 239, 1, 0, 87, 1, 0, 19, 4, 100]
1546497772623;[171, 0, 17, 255, 161, 72, 68, 185, 215, 0, 0, 228, 1, 0, 82, 1, 0, 16, 4, 99]
1546497772782;[171, 0, 17, 255, 161, 72, 68, 185, 215, 0, 0, 251, 1, 0, 88, 1, 0, 8, 4, 75]
1546497772953;[171, 0, 4, 255, 132, 128, 85]
1546497772957;[171, 0, 17, 255, 161, 72, 68, 185, 215, 0, 0, 244, 1, 0, 86, 1, 0, 13, 4, 136]
1546497773128;[171, 0, 17, 255, 161, 72, 68, 185, 215, 0, 0, 240, 1, 0, 88, 1, 0, 14, 4, 196]
1546497773132;[171, 0, 17, 255, 161, 72, 68, 185, 215, 0, 0, 240, 1, 0, 86, 1, 0, 15, 4, 206]
1546497773298;[171, 0, 17, 255, 161, 72, 68, 185, 215, 0, 0, 240, 1, 0, 87, 1, 0, 3, 4, 219]
1546497773472;[171, 0, 17, 255, 161, 72, 68, 185, 215, 0, 0, 243, 1, 0, 88, 1, 0, 13, 4, 211]
1546497773476;[171, 0, 17, 255, 161, 72, 68, 185, 215, 0, 0, 243, 1, 0, 82, 1, 0, 14, 4, 154]
1546497773989;[171, 0, 17, 255, 161, 72, 68, 185, 215, 0, 0, 236, 1, 0, 76, 1, 0, 13, 4, 113]
1546497773993;[171, 0, 17, 255, 161, 72, 68, 185, 215, 0, 0, 236, 1, 0, 77, 1, 0, 13, 4, 65]
1546497773997;[171, 0, 17, 255, 161, 72, 68, 185, 216, 0, 0, 236, 1, 0, 86, 1, 0, 1, 4, 14]
1546497774001;[171, 0, 17, 255, 161, 72, 68, 185, 216, 0, 0, 245, 1, 0, 97, 0, 0, 10, 3, 241]
1546497774163;[171, 0, 4, 255, 132, 128, 83]
1546497774168;[171, 0, 17, 255, 161, 72, 68, 185, 216, 0, 0, 241, 1, 0, 112, 1, 0, 8, 3, 166]
1546497774172;[171, 0, 17, 255, 161, 72, 68, 185, 216, 0, 0, 238, 1, 0, 79, 1, 0, 18, 3, 50]
1546497774334;[171, 0, 17, 255, 161, 72, 68, 185, 216, 0, 0, 228, 1, 0, 44, 1, 0, 40, 2, 228]
1546497774338;[171, 0, 17, 255, 161, 72, 68, 185, 216, 0, 0, 241, 1, 0, 71, 1, 0, 79, 2, 228]
1546497774503;[171, 0, 17, 255, 161, 72, 68, 185, 216, 0, 0, 245, 1, 0, 89, 1, 0, 54, 2, 77]
1546497774852;[171, 0, 17, 255, 161, 72, 68, 185, 216, 0, 0, 239, 1, 0, 95, 1, 0, 42, 1, 147]
1546497774856;[171, 0, 17, 255, 161, 72, 68, 185, 216, 0, 0, 234, 1, 0, 86, 1, 0, 75, 16, 197]
1546497774860;[171, 0, 17, 255, 161, 72, 68, 185, 216, 0, 0, 189, 1, 0, 55, 1, 0, 128, 6, 179]
1546497774864;[171, 0, 17, 255, 161, 72, 68, 185, 217, 0, 0, 214, 1, 0, 87, 1, 0, 103, 5, 230]
1546497775197;[171, 0, 17, 255, 161, 72, 68, 185, 217, 0, 0, 228, 1, 0, 95, 1, 0, 74, 5, 115]
1546497775201;[171, 0, 4, 255, 132, 128, 82]
1546497775205;[171, 0, 17, 255, 161, 72, 68, 185, 217, 0, 0, 239, 1, 0, 96, 1, 0, 64, 5, 105]
1546497775369;[171, 0, 17, 255, 161, 72, 68, 185, 217, 0, 0, 253, 1, 0, 82, 1, 0, 49, 5, 51]
1546497775373;[171, 0, 17, 255, 161, 72, 68, 185, 217, 0, 0, 241, 1, 0, 64, 1, 0, 55, 5, 43]
1546497775541;[171, 0, 17, 255, 161, 72, 68, 185, 217, 0, 0, 246, 1, 0, 69, 1, 0, 63, 4, 253]
1546497775545;[171, 0, 17, 255, 161, 72, 68, 185, 217, 0, 1, 11, 1, 0, 49, 1, 0, 64, 4, 166]
1546497775715;[171, 0, 17, 255, 161, 72, 68, 185, 217, 0, 1, 35, 1, 0, 24, 1, 0, 59, 4, 2]
1546497775721;[171, 0, 17, 255, 161, 72, 68, 185, 217, 0, 1, 22, 1, 0, 124, 1, 0, 188, 2, 207]
1546497775884;[171, 0, 17, 255, 161, 72, 68, 185, 217, 0, 0, 195, 1, 0, 147, 1, 0, 229, 1, 144]
1546497776058;[171, 0, 17, 255, 161, 72, 68, 185, 218, 0, 0, 107, 1, 0, 32, 1, 0, 169, 1, 26]
1546497776062;[171, 0, 17, 255, 161, 72, 68, 185, 218, 1, 0, 141, 0, 0, 51, 1, 1, 19, 1, 115]
1546497776405;[171, 0, 4, 255, 132, 128, 80]
1546497776409;[171, 0, 17, 255, 161, 72, 68, 185, 218, 0, 0, 1, 0, 0, 9, 1, 1, 17, 1, 14]
1546497776413;[171, 0, 17, 255, 161, 72, 68, 185, 218, 1, 0, 16, 1, 0, 58, 1, 0, 193, 0, 250]
1546497776573;[171, 0, 17, 255, 161, 72, 68, 185, 218, 0, 0, 104, 0, 0, 2, 1, 0, 206, 1, 51]
1546497776575;[171, 0, 17, 255, 161, 72, 68, 185, 218, 0, 0, 3, 0, 0, 28, 1, 0, 183, 1, 34]
1546497776750;[171, 0, 17, 255, 161, 72, 68, 185, 218, 0, 0, 17, 1, 0, 85, 1, 0, 214, 1, 1]
1546497776754;[171, 0, 17, 255, 161, 72, 68, 185, 218, 1, 0, 2, 1, 0, 163, 1, 0, 234, 0, 241]
1546497776920;[171, 0, 17, 255, 161, 72, 68, 185, 218, 0, 1, 65, 1, 0, 166, 1, 0, 176, 1, 30]
1546497776924;[171, 0, 17, 255, 161, 72, 68, 185, 218, 0, 1, 68, 1, 0, 115, 1, 0, 74, 1, 6]
1546497777093;[171, 0, 17, 255, 161, 72, 68, 185, 219, 0, 0, 255, 1, 0, 43, 1, 0, 77, 0, 255]
1546497777266;[171, 0, 17, 255, 161, 72, 68, 185, 219, 0, 1, 83, 1, 0, 157, 1, 0, 18, 16, 189]
1546497777270;[171, 0, 4, 255, 132, 128, 80]
1546497777440;[171, 0, 17, 255, 161, 72, 68, 185, 219, 1, 0, 67, 1, 0, 193, 1, 0, 128, 7, 200]
1546497777444;[171, 0, 17, 255, 161, 72, 68, 185, 219, 0, 0, 103, 1, 0, 178, 1, 1, 1, 7, 10]
1546497777785;[171, 0, 17, 255, 161, 72, 68, 185, 219, 0, 0, 176, 1, 0, 124, 1, 0, 117, 7, 10]
1546497777789;[171, 0, 17, 255, 161, 72, 68, 185, 219, 0, 0, 248, 1, 0, 20, 1, 0, 173, 7, 126]
1546497777793;[171, 0, 17, 255, 161, 72, 68, 185, 219, 0, 0, 190, 1, 0, 25, 1, 0, 141, 7, 154]
1546497777956;[171, 0, 17, 255, 161, 72, 68, 185, 219, 1, 0, 24, 0, 0, 54, 1, 0, 163, 7, 179]
1546497777961;[171, 0, 17, 255, 161, 72, 68, 185, 219, 0, 0, 153, 1, 0, 110, 1, 0, 194, 7, 174]
1546497778129;[171, 0, 17, 255, 161, 72, 68, 185, 219, 0, 0, 198, 1, 0, 126, 1, 0, 128, 7, 152]
1546497778133;[171, 0, 17, 255, 161, 72, 68, 185, 220, 0, 1, 5, 1, 0, 75, 1, 0, 165, 7, 91]
1546497778301;[171, 0, 17, 255, 161, 72, 68, 185, 220, 0, 0, 233, 1, 0, 106, 1, 0, 104, 7, 56]
1546497778474;[171, 0, 4, 255, 132, 128, 78]
1546497778479;[171, 0, 17, 255, 161, 72, 68, 185, 220, 0, 0, 207, 1, 0, 129, 1, 0, 98, 7, 63]
1546497778648;[171, 0, 17, 255, 161, 72, 68, 185, 220, 0, 0, 227, 1, 0, 138, 1, 0, 58, 7, 106]
1546497778651;[171, 0, 17, 255, 161, 72, 68, 185, 220, 0, 1, 17, 1, 0, 136, 1, 0, 59, 7, 177]
1546497778993;[171, 0, 17, 255, 161, 72, 68, 185, 220, 0, 0, 237, 1, 0, 116, 1, 0, 72, 7, 218]
1546497778997;[171, 0, 17, 255, 161, 72, 68, 185, 220, 0, 0, 214, 1, 0, 104, 1, 0, 95, 8, 97]
1546497779001;[171, 0, 17, 255, 161, 72, 68, 185, 220, 0, 0, 196, 1, 0, 95, 1, 0, 114, 8, 181]
1546497779164;[171, 0, 17, 255, 161, 72, 68, 185, 220, 0, 0, 197, 1, 0, 87, 1, 0, 115, 8, 231]
1546497779168;[171, 0, 17, 255, 161, 72, 68, 185, 220, 0, 0, 211, 1, 0, 67, 1, 0, 122, 9, 32]
1546497779337;[171, 0, 17, 255, 161, 72, 68, 185, 221, 0, 0, 208, 1, 0, 61, 1, 0, 140, 9, 69]
1546497779341;[171, 0, 17, 255, 161, 72, 68, 185, 221, 0, 0, 206, 1, 0, 71, 1, 0, 137, 9, 78]
1546497779582;[171, 0, 4, 255, 132, 128, 78]
1546497779584;[171, 0, 17, 255, 161, 72, 68, 185, 221, 0, 0, 208, 1, 0, 86, 1, 0, 124, 9, 137]
1546497779681;[171, 0, 17, 255, 161, 72, 68, 185, 221, 0, 0, 206, 1, 0, 86, 1, 0, 121, 9, 233]
1546497779853;[171, 0, 17, 255, 161, 72, 68, 185, 221, 0, 0, 209, 1, 0, 87, 1, 0, 121, 10, 24]
1546497779857;[171, 0, 17, 255, 161, 72, 68, 185, 221, 0, 0, 232, 1, 0, 106, 1, 0, 151, 10, 63]
1546497780373;[171, 0, 17, 255, 161, 72, 68, 185, 221, 0, 0, 221, 1, 0, 138, 1, 0, 136, 10, 85]
1546497780377;[171, 0, 17, 255, 161, 72, 68, 185, 221, 0, 0, 233, 1, 0, 174, 1, 0, 131, 10, 77]
1546497780381;[171, 0, 17, 255, 161, 72, 68, 185, 221, 0, 0, 185, 1, 0, 154, 1, 0, 111, 10, 104]
1546497780385;[171, 0, 17, 255, 161, 72, 68, 185, 221, 0, 0, 155, 1, 0, 97, 1, 0, 145, 10, 172]
1546497780545;[171, 0, 17, 255, 161, 72, 68, 185, 222, 0, 0, 70, 1, 0, 112, 1, 0, 148, 10, 162]
1546497780549;[171, 0, 17, 255, 161, 72, 68, 185, 222, 0, 0, 25, 1, 0, 169, 1, 0, 202, 10, 135]
1546497780553;[171, 0, 4, 255, 132, 128, 77]
1546497780717;[171, 0, 17, 255, 161, 72, 68, 185, 222, 1, 0, 4, 1, 0, 214, 1, 0, 198, 10, 93]
1546497780721;[171, 0, 17, 255, 161, 72, 68, 185, 222, 1, 0, 61, 1, 0, 178, 1, 0, 167, 10, 14]
1546497780889;[171, 0, 17, 255, 161, 72, 68, 185, 222, 1, 0, 94, 1, 0, 136, 1, 0, 95, 9, 129]
1546497781060;[171, 0, 17, 255, 161, 72, 68, 185, 222, 1, 0, 232, 1, 0, 75, 0, 0, 11, 9, 135]
1546497781064;[171, 0, 17, 255, 161, 72, 68, 185, 222, 1, 0, 202, 1, 0, 74, 1, 0, 79, 9, 190]
1546497781236;[171, 0, 17, 255, 161, 72, 68, 185, 222, 1, 0, 134, 1, 0, 136, 1, 0, 84, 9, 162]
1546497781238;[171, 0, 17, 255, 161, 72, 68, 185, 222, 1, 0, 86, 1, 0, 192, 1, 0, 129, 9, 131]
1546497781578;[171, 0, 17, 255, 161, 72, 68, 185, 222, 1, 0, 12, 1, 0, 236, 1, 0, 150, 9, 84]
1546497781582;[171, 0, 17, 255, 161, 72, 68, 185, 223, 0, 0, 29, 1, 0, 230, 1, 0, 187, 9, 37]
1546497781752;[171, 0, 17, 255, 161, 72, 68, 185, 225, 0, 0, 67, 1, 0, 184, 0, 0, 86, 5, 199]
1546497781755;[171, 0, 17, 255, 161, 72, 68, 185, 225, 0, 0, 98, 1, 0, 46, 1, 2, 56, 6, 64]
1546497781923;[171, 0, 17, 255, 161, 72, 68, 185, 225, 0, 0, 176, 1, 0, 175, 0, 0, 64, 5, 142]
1546497782095;[171, 0, 17, 255, 161, 72, 68, 185, 225, 0, 0, 8, 0, 0, 67, 1, 1, 125, 6, 123]
1546497782269;[171, 0, 17, 255, 161, 72, 68, 185, 225, 0, 0, 139, 1, 0, 195, 1, 0, 29, 5, 180]
1546497782273;[171, 0, 17, 255, 161, 72, 68, 185, 225, 0, 0, 215, 1, 0, 42, 1, 0, 81, 5, 126]
1546497782441;[171, 0, 17, 255, 161, 72, 68, 185, 225, 0, 0, 166, 1, 0, 99, 1, 0, 109, 6, 59]
1546497782446;[171, 0, 17, 255, 161, 72, 68, 185, 225, 0, 1, 47, 1, 0, 126, 1, 0, 19, 6, 84]
1546497782788;[171, 0, 17, 255, 161, 72, 68, 185, 226, 0, 0, 216, 1, 0, 78, 1, 0, 121, 5, 220]
1546497782791;[171, 0, 17, 255, 161, 72, 68, 185, 226, 0, 0, 191, 1, 0, 107, 1, 0, 27, 6, 42]
1546497782795;[171, 0, 4, 255, 132, 128, 76]
1546497782959;[171, 0, 17, 255, 161, 72, 68, 185, 226, 0, 1, 91, 1, 0, 186, 1, 0, 7, 6, 183]
1546497782963;[171, 0, 17, 255, 161, 72, 68, 185, 226, 0, 0, 146, 1, 0, 129, 1, 0, 151, 7, 1]
1546497783131;[171, 0, 17, 255, 161, 72, 68, 185, 226, 0, 0, 223, 1, 0, 82, 1, 0, 11, 7, 10]
1546497783135;[171, 0, 17, 255, 161, 72, 68, 185, 226, 0, 1, 189, 0, 0, 21, 0, 0, 57, 6, 170]
1546497783304;[171, 0, 17, 255, 161, 72, 68, 185, 226, 0, 0, 115, 1, 0, 34, 1, 0, 166, 6, 80]
1546497783477;[171, 0, 17, 255, 161, 72, 68, 185, 226, 0, 0, 211, 0, 0, 47, 1, 0, 163, 5, 197]
1546497783482;[171, 0, 17, 255, 161, 72, 68, 185, 226, 0, 1, 7, 1, 0, 44, 1, 0, 95, 6, 4]
1546497783649;[171, 0, 17, 255, 161, 72, 68, 185, 226, 0, 0, 177, 1, 0, 185, 1, 0, 189, 5, 248]
1546497783653;[171, 0, 17, 255, 161, 72, 68, 185, 227, 0, 0, 48, 0, 0, 22, 1, 1, 10, 6, 36]
1546497783821;[171, 0, 17, 255, 161, 72, 68, 185, 227, 0, 0, 141, 1, 0, 49, 1, 0, 227, 6, 158]
1546497783825;[171, 0, 4, 255, 132, 128, 74]
1546497784167;[171, 0, 17, 255, 161, 72, 68, 185, 227, 0, 0, 202, 1, 0, 48, 1, 0, 134, 7, 157]
1546497784171;[171, 0, 17, 255, 161, 72, 68, 185, 227, 1, 0, 68, 1, 0, 44, 1, 0, 115, 8, 26]
1546497784175;[171, 0, 17, 255, 161, 72, 68, 185, 227, 0, 1, 40, 1, 0, 182, 0, 0, 84, 8, 73]
1546497784338;[171, 0, 17, 255, 161, 72, 68, 185, 227, 0, 1, 175, 1, 0, 141, 0, 0, 99, 8, 178]
1546497784342;[171, 0, 17, 255, 161, 72, 68, 185, 227, 0, 0, 94, 1, 0, 136, 0, 0, 54, 8, 227]
1546497784512;[171, 0, 17, 255, 161, 72, 68, 185, 227, 0, 0, 217, 0, 0, 55, 0, 0, 93, 9, 37]
1546497784519;[171, 0, 17, 255, 161, 72, 68, 185, 227, 0, 1, 136, 1, 0, 29, 0, 0, 138, 9, 141]
1546497784683;[171, 0, 17, 255, 161, 72, 68, 185, 227, 0, 1, 2, 1, 0, 100, 0, 0, 13, 10, 29]
1546497784855;[171, 0, 17, 255, 161, 72, 68, 185, 228, 0, 0, 86, 1, 0, 227, 1, 0, 65, 10, 97]
1546497784859;[171, 0, 17, 255, 161, 72, 68, 185, 228, 0, 0, 100, 1, 0, 153, 1, 0, 118, 9, 216]
1546497785029;[171, 0, 4, 255, 132, 128, 74]
1546497785033;[171, 0, 17, 255, 161, 72, 68, 185, 228, 0, 0, 170, 0, 0, 30, 1, 0, 168, 10, 26]
1546497785375;[171, 0, 17, 255, 161, 72, 68, 185, 228, 0, 0, 220, 0, 0, 135, 1, 0, 173, 10, 12]
1546497785379;[171, 0, 17, 255, 161, 72, 68, 185, 228, 0, 0, 93, 0, 0, 38, 1, 1, 2, 9, 138]
1546497785383;[171, 0, 17, 255, 161, 72, 68, 185, 228, 1, 0, 59, 1, 0, 106, 1, 0, 167, 9, 161]
1546497785546;[171, 0, 17, 255, 161, 72, 68, 185, 228, 0, 0, 56, 1, 0, 115, 1, 0, 205, 9, 232]
1546497785550;[171, 0, 17, 255, 161, 72, 68, 185, 228, 0, 0, 159, 1, 0, 154, 1, 0, 149, 9, 149]
1546497785717;[171, 0, 17, 255, 161, 72, 68, 185, 228, 0, 0, 132, 1, 0, 177, 1, 0, 73, 9, 110]
1546497785721;[171, 0, 17, 255, 161, 72, 68, 185, 228, 0, 0, 129, 1, 0, 174, 1, 0, 40, 9, 157]
1546497785891;[171, 0, 17, 255, 161, 72, 68, 185, 229, 0, 1, 19, 1, 0, 187, 1, 0, 29, 9, 138]
1546497786064;[171, 0, 17, 255, 161, 72, 68, 185, 229, 0, 0, 152, 1, 0, 85, 0, 0, 8, 9, 252]
1546497786067;[171, 0, 4, 255, 132, 128, 74]
1546497786237;[171, 0, 17, 255, 161, 72, 68, 185, 229, 0, 0, 141, 1, 0, 143, 0, 0, 21, 9, 223]
1546497786241;[171, 0, 17, 255, 161, 72, 68, 185, 229, 0, 0, 238, 1, 0, 103, 0, 0, 55, 9, 163]
1546497786408;[171, 0, 17, 255, 161, 72, 68, 185, 229, 0, 1, 91, 1, 0, 120, 0, 0, 80, 10, 21]
1546497786412;[171, 0, 17, 255, 161, 72, 68, 185, 229, 0, 0, 189, 1, 0, 23, 1, 0, 145, 9, 216]
1546497786755;[171, 0, 17, 255, 161, 72, 68, 185, 229, 0, 1, 105, 0, 0, 36, 0, 0, 102, 10, 44]
1546497786759;[171, 0, 17, 255, 161, 72, 68, 185, 229, 0, 1, 84, 0, 0, 74, 0, 0, 53, 10, 124]
1546497786764;[171, 0, 17, 255, 161, 72, 68, 185, 229, 0, 0, 228, 1, 0, 24, 1, 0, 12, 10, 146]
1546497786926;[171, 0, 17, 255, 161, 72, 68, 185, 229, 0, 0, 151, 1, 0, 62, 1, 0, 82, 10, 69]
1546497786930;[171, 0, 17, 255, 161, 72, 68, 185, 230, 0, 0, 151, 1, 0, 20, 1, 0, 22, 10, 99]
1546497787098;[171, 0, 17, 255, 161, 72, 68, 185, 230, 0, 1, 89, 1, 0, 43, 1, 0, 80, 10, 120]
1546497787270;[171, 0, 4, 255, 132, 128, 73]
1546497787275;[171, 0, 17, 255, 161, 72, 68, 185, 230, 0, 1, 5, 1, 0, 59, 1, 0, 9, 10, 107]
1546497787443;[171, 0, 17, 255, 161, 72, 68, 185, 230, 0, 0, 238, 1, 0, 48, 0, 0, 23, 10, 113]
1546497787447;[171, 0, 17, 255, 161, 72, 68, 185, 230, 0, 0, 239, 1, 0, 41, 0, 0, 18, 10, 130]
1546497787615;[171, 0, 17, 255, 161, 72, 68, 185, 230, 0, 1, 16, 1, 0, 60, 0, 0, 8, 10, 129]
1546497787619;[171, 0, 17, 255, 161, 72, 68, 185, 230, 0, 1, 5, 1, 0, 33, 1, 0, 2, 10, 105]
1546497787961;[171, 0, 17, 255, 161, 72, 68, 185, 230, 0, 0, 251, 1, 0, 24, 0, 0, 1, 10, 77]
1546497787965;[171, 0, 17, 255, 161, 72, 68, 185, 230, 0, 1, 12, 1, 0, 35, 0, 0, 8, 10, 30]
1546497787969;[171, 0, 17, 255, 161, 72, 68, 185, 230, 0, 1, 15, 1, 0, 55, 0, 0, 4, 9, 246]
1546497788133;[171, 0, 17, 255, 161, 72, 68, 185, 231, 0, 0, 253, 1, 0, 46, 1, 0, 13, 9, 233]
1546497788137;[171, 0, 17, 255, 161, 72, 68, 185, 231, 0, 0, 234, 1, 0, 40, 1, 0, 25, 9, 200]
1546497788305;[171, 0, 4, 255, 132, 128, 72]
1546497788477;[171, 0, 17, 255, 161, 72, 68, 185, 231, 0, 0, 240, 1, 0, 60, 1, 0, 16, 9, 182]
1546497788481;[171, 0, 17, 255, 161, 72, 68, 185, 231, 0, 1, 3, 1, 0, 74, 1, 0, 1, 9, 152]
1546497788652;[171, 0, 17, 255, 161, 72, 68, 185, 231, 0, 0, 246, 1, 0, 76, 0, 0, 5, 9, 119]
1546497788656;[171, 0, 17, 255, 161, 72, 68, 185, 231, 0, 0, 240, 1, 0, 70, 0, 0, 3, 9, 94]
1546497788823;[171, 0, 17, 255, 161, 72, 68, 185, 231, 0, 1, 23, 1, 0, 62, 0, 0, 4, 9, 95]
1546497788827;[171, 0, 17, 255, 161, 72, 68, 185, 231, 0, 0, 216, 1, 0, 78, 0, 0, 20, 9, 102]
1546497789341;[171, 0, 17, 255, 161, 72, 68, 185, 231, 0, 0, 231, 1, 0, 108, 0, 0, 55, 9, 83]
1546497789343;[171, 0, 17, 255, 161, 72, 68, 185, 231, 0, 0, 234, 1, 0, 94, 0, 0, 68, 9, 79]
1546497789346;[171, 0, 17, 255, 161, 72, 68, 185, 232, 0, 0, 221, 1, 0, 89, 0, 0, 62, 9, 61]
1546497789349;[171, 0, 17, 255, 161, 72, 68, 185, 232, 0, 1, 7, 1, 0, 95, 0, 0, 36, 9, 30]
1546497789515;[171, 0, 4, 255, 132, 128, 72]
1546497789519;[171, 0, 17, 255, 161, 72, 68, 185, 232, 0, 0, 241, 1, 0, 89, 0, 0, 45, 9, 26]
1546497789523;[171, 0, 17, 255, 161, 72, 68, 185, 232, 0, 0, 221, 1, 0, 88, 0, 0, 55, 9, 43]
1546497789686;[171, 0, 17, 255, 161, 72, 68, 185, 232, 0, 0, 221, 1, 0, 86, 0, 0, 53, 9, 16]
1546497789858;[171, 0, 17, 255, 161, 72, 68, 185, 232, 0, 0, 243, 1, 0, 86, 0, 0, 36, 9, 12]
1546497789862;[171, 0, 17, 255, 161, 72, 68, 185, 232, 0, 0, 247, 1, 0, 74, 0, 0, 27, 9, 1]
1546497790031;[171, 0, 17, 255, 161, 72, 68, 185, 232, 0, 0, 237, 1, 0, 75, 0, 0, 41, 8, 243]
1546497790035;[171, 0, 17, 255, 161, 72, 68, 185, 232, 0, 0, 234, 1, 0, 86, 0, 0, 53, 8, 228]
1546497790203;[171, 0, 17, 255, 161, 72, 68, 185, 232, 0, 0, 239, 1, 0, 87, 0, 0, 63, 8, 252]
1546497790550;[171, 0, 17, 255, 161, 72, 68, 185, 233, 0, 0, 237, 1, 0, 74, 0, 0, 59, 9, 12]
1546497790554;[171, 0, 17, 255, 161, 72, 68, 185, 233, 0, 0, 234, 1, 0, 82, 0, 0, 48, 9, 15]
1546497790558;[171, 0, 4, 255, 132, 128, 72]
1546497790562;[171, 0, 17, 255, 161, 72, 68, 185, 233, 0, 0, 243, 1, 0, 88, 0, 0, 53, 9, 15]
1546497790722;[171, 0, 17, 255, 161, 72, 68, 185, 233, 0, 0, 253, 1, 0, 86, 0, 0, 57, 9, 6]
1546497790726;[171, 0, 17, 255, 161, 72, 68, 185, 233, 0, 0, 245, 1, 0, 75, 0, 0, 36, 8, 245]
1546497790893;[171, 0, 17, 255, 161, 72, 68, 185, 233, 0, 0, 215, 1, 0, 70, 0, 0, 36, 9, 2]
1546497791066;[171, 0, 17, 255, 161, 72, 68, 185, 233, 0, 0, 243, 1, 0, 81, 0, 0, 36, 9, 30]
1546497791070;[171, 0, 17, 255, 161, 72, 68, 185, 233, 0, 0, 247, 1, 0, 76, 0, 0, 18, 9, 28]
1546497791238;[171, 0, 17, 255, 161, 72, 68, 185, 233, 0, 0, 240, 1, 0, 75, 0, 0, 34, 9, 48]
1546497791242;[171, 0, 17, 255, 161, 72, 68, 185, 233, 0, 0, 237, 1, 0, 74, 0, 0, 36, 9, 44]
1546497791411;[171, 0, 17, 255, 161, 72, 68, 185, 234, 0, 0, 244, 1, 0, 69, 0, 0, 36, 9, 44]
1546497791415;[171, 0, 17, 255, 161, 72, 68, 185, 234, 0, 0, 237, 1, 0, 86, 0, 0, 45, 9, 38]
1546497791756;[171, 0, 4, 255, 132, 128, 72]
1546497791760;[171, 0, 17, 255, 161, 72, 68, 185, 234, 0, 0, 236, 1, 0, 76, 0, 0, 48, 9, 84]
1546497791764;[171, 0, 17, 255, 161, 72, 68, 185, 234, 0, 0, 240, 1, 0, 73, 0, 0, 49, 9, 108]
1546497791929;[171, 0, 17, 255, 161, 72, 68, 185, 234, 0, 0, 246, 1, 0, 82, 0, 0, 45, 9, 129]
1546497791933;[171, 0, 17, 255, 161, 72, 68, 185, 234, 0, 0, 237, 1, 0, 86, 0, 0, 50, 9, 141]
1546497792101;[171, 0, 17, 255, 161, 72, 68, 185, 234, 0, 0, 234, 1, 0, 87, 0, 0, 53, 9, 146]
1546497792274;[171, 0, 17, 255, 161, 72, 68, 185, 234, 0, 0, 237, 1, 0, 86, 0, 0, 53, 9, 142]
1546497792278;[171, 0, 17, 255, 161, 72, 68, 185, 234, 0, 0, 236, 1, 0, 86, 0, 0, 53, 9, 153]
1546497792445;[171, 0, 17, 255, 161, 72, 68, 185, 234, 0, 0, 236, 1, 0, 87, 0, 0, 52, 9, 198]
1546497792449;[171, 0, 17, 255, 161, 72, 68, 185, 235, 0, 0, 236, 1, 0, 88, 0, 0, 53, 9, 220]
1546497792618;[171, 0, 17, 255, 161, 72, 68, 185, 235, 0, 0, 237, 1, 0, 77, 0, 0, 45, 9, 247]
1546497792622;[171, 0, 4, 255, 132, 128, 72]
1546497792791;[171, 0, 17, 255, 161, 72, 68, 185, 235, 0, 0, 236, 1, 0, 88, 0, 0, 46, 9, 251]
1546497793137;[171, 0, 17, 255, 161, 72, 68, 185, 235, 0, 0, 236, 1, 0, 88, 0, 0, 52, 9, 252]
1546497793141;[171, 0, 17, 255, 161, 72, 68, 185, 235, 0, 0, 236, 1, 0, 87, 0, 0, 46, 9, 253]
1546497793145;[171, 0, 17, 255, 161, 72, 68, 185, 235, 0, 0, 241, 1, 0, 75, 0, 0, 46, 10, 33]
1546497793150;[171, 0, 17, 255, 161, 72, 68, 185, 235, 0, 0, 245, 1, 0, 69, 0, 0, 53, 10, 92]
1546497793309;[171, 0, 17, 255, 161, 72, 68, 185, 235, 0, 0, 237, 1, 0, 70, 0, 0, 60, 10, 107]
1546497793313;[171, 0, 17, 255, 161, 72, 68, 185, 235, 0, 0, 230, 1, 0, 81, 0, 0, 58, 10, 134]
1546497793480;[171, 0, 17, 255, 161, 72, 68, 185, 235, 0, 0, 229, 1, 0, 98, 0, 0, 61, 10, 135]
1546497793654;[171, 0, 17, 255, 161, 72, 68, 185, 236, 0, 0, 231, 1, 0, 93, 0, 0, 67, 10, 142]
1546497793658;[171, 0, 17, 255, 161, 72, 68, 185, 236, 0, 0, 236, 1, 0, 82, 0, 0, 63, 10, 138]
1546497793827;[171, 0, 4, 255, 132, 128, 76]
1546497793831;[171, 0, 17, 255, 161, 72, 68, 185, 236, 0, 0, 234, 1, 0, 87, 0, 0, 45, 10, 185]
1546497793998;[171, 0, 17, 255, 161, 72, 68, 185, 236, 0, 0, 236, 1, 0, 92, 0, 0, 51, 10, 218]
1546497794345;[171, 0, 17, 255, 161, 72, 68, 185, 236, 0, 0, 224, 1, 0, 94, 0, 0, 63, 10, 237]
1546497794350;[171, 0, 17, 255, 161, 72, 68, 185, 236, 0, 0, 236, 1, 0, 89, 0, 0, 68, 10, 253]
1546497794354;[171, 0, 17, 255, 161, 72, 68, 185, 236, 0, 0, 236, 1, 0, 87, 0, 0, 48, 10, 252]
1546497794358;[171, 0, 17, 255, 161, 72, 68, 185, 236, 0, 0, 234, 1, 0, 89, 0, 0, 52, 10, 246]
1546497794516;[171, 0, 17, 255, 161, 72, 68, 185, 236, 0, 0, 223, 1, 0, 95, 0, 0, 52, 10, 240]
1546497794520;[171, 0, 17, 255, 161, 72, 68, 185, 236, 0, 0, 223, 1, 0, 109, 0, 0, 52, 11, 52]
1546497794688;[171, 0, 17, 255, 161, 72, 68, 185, 237, 0, 0, 234, 1, 0, 111, 0, 0, 65, 11, 90]
1546497794863;[171, 0, 17, 255, 161, 72, 68, 185, 237, 0, 0, 217, 1, 0, 100, 0, 0, 65, 11, 119]
1546497794867;[171, 0, 4, 255, 132, 128, 79]
1546497795034;[171, 0, 17, 255, 161, 72, 68, 185, 237, 0, 0, 221, 1, 0, 107, 0, 0, 57, 11, 138]
1546497795038;[171, 0, 17, 255, 161, 72, 68, 185, 237, 0, 0, 229, 1, 0, 114, 0, 0, 69, 11, 147]
1546497795206;[171, 0, 17, 255, 161, 72, 68, 185, 237, 0, 0, 221, 1, 0, 101, 0, 0, 63, 11, 151]
1546497795378;[171, 0, 17, 255, 161, 72, 68, 185, 237, 0, 0, 215, 1, 0, 107, 0, 0, 50, 11, 196]
1546497795382;[171, 0, 17, 255, 161, 72, 68, 185, 237, 0, 0, 228, 1, 0, 106, 0, 0, 68, 12, 7]
1546497795725;[171, 0, 17, 255, 161, 72, 68, 185, 237, 0, 0, 228, 1, 0, 100, 0, 0, 59, 12, 32]
1546497795729;[171, 0, 17, 255, 161, 72, 68, 185, 237, 0, 1, 24, 1, 0, 74, 0, 0, 74, 12, 67]
1546497795732;[171, 0, 17, 255, 161, 72, 68, 185, 237, 0, 0, 241, 1, 0, 108, 0, 0, 73, 12, 97]
1546497795737;[171, 0, 17, 255, 161, 72, 68, 185, 238, 0, 0, 194, 1, 0, 60, 0, 0, 76, 12, 119]
1546497795896;[171, 0, 17, 255, 161, 72, 68, 185, 238, 0, 0, 241, 1, 0, 159, 0, 0, 151, 12, 101]
1546497796068;[171, 0, 4, 255, 132, 128, 81]
1546497796072;[171, 0, 17, 255, 161, 72, 68, 185, 238, 0, 0, 199, 1, 0, 77, 0, 0, 68, 12, 179]
1546497796241;[171, 0, 17, 255, 161, 72, 68, 185, 238, 0, 0, 234, 1, 0, 76, 0, 0, 93, 12, 220]
1546497796245;[171, 0, 17, 255, 161, 72, 68, 185, 238, 0, 0, 237, 1, 0, 71, 0, 0, 76, 12, 255]
1546497796415;[171, 0, 17, 255, 161, 72, 68, 185, 238, 0, 0, 224, 1, 0, 92, 0, 0, 64, 13, 0]
1546497796422;[171, 0, 17, 255, 161, 72, 68, 185, 238, 0, 0, 228, 1, 0, 92, 0, 0, 84, 13, 13]
1546497796584;[171, 0, 17, 255, 161, 72, 68, 185, 238, 0, 0, 229, 1, 0, 87, 0, 0, 77, 13, 1]
1546497796933;[171, 0, 17, 255, 161, 72, 68, 185, 238, 0, 0, 231, 1, 0, 82, 0, 0, 68, 13, 36]
1546497796937;[171, 0, 17, 255, 161, 72, 68, 185, 238, 0, 0, 222, 1, 0, 91, 0, 0, 73, 13, 36]
1546497796941;[171, 0, 17, 255, 161, 72, 68, 185, 239, 0, 0, 227, 1, 0, 98, 0, 0, 66, 13, 70]
1546497796945;[171, 0, 17, 255, 161, 72, 68, 185, 239, 0, 0, 229, 1, 0, 82, 0, 0, 67, 13, 88]
1546497797104;[171, 0, 4, 255, 132, 128, 83]
1546497797277;[171, 0, 17, 255, 161, 72, 68, 185, 239, 0, 0, 237, 1, 0, 70, 0, 0, 60, 13, 82]
1546497797281;[171, 0, 17, 255, 161, 72, 68, 185, 239, 0, 0, 236, 1, 0, 84, 0, 0, 41, 13, 57]
1546497797450;[171, 0, 17, 255, 161, 72, 68, 185, 239, 0, 0, 245, 1, 0, 119, 0, 0, 20, 12, 245]
1546497797456;[171, 0, 17, 255, 161, 72, 68, 185, 239, 0, 0, 251, 1, 0, 115, 1, 0, 11, 12, 224]
1546497797621;[171, 0, 17, 255, 161, 72, 68, 185, 239, 0, 1, 2, 1, 0, 145, 1, 0, 84, 12, 84]
1546497797625;[171, 0, 17, 255, 161, 72, 68, 185, 239, 0, 0, 241, 1, 0, 136, 1, 0, 80, 11, 81]
1546497797793;[171, 0, 17, 255, 161, 72, 68, 185, 239, 0, 0, 186, 1, 0, 98, 1, 0, 112, 10, 143]
1546497798313;[171, 0, 17, 255, 161, 72, 68, 185, 239, 0, 0, 118, 1, 0, 86, 1, 0, 62, 9, 199]
1546497798317;[171, 0, 17, 255, 161, 72, 68, 185, 240, 0, 0, 214, 1, 0, 102, 0, 0, 21, 9, 177]
1546497798321;[171, 0, 17, 255, 161, 72, 68, 185, 240, 0, 0, 214, 1, 0, 92, 0, 0, 71, 9, 223]
1546497798325;[171, 0, 4, 255, 132, 128, 84]
1546497798484;[171, 0, 17, 255, 161, 72, 68, 185, 240, 0, 0, 238, 1, 0, 137, 0, 0, 109, 9, 191]
1546497798488;[171, 0, 17, 255, 161, 72, 68, 185, 240, 0, 0, 227, 1, 0, 90, 0, 0, 106, 9, 73]
1546497798492;[171, 0, 17, 255, 161, 72, 68, 185, 240, 0, 0, 211, 1, 0, 91, 0, 0, 57, 9, 75]
1546497798655;[171, 0, 17, 255, 161, 72, 68, 185, 240, 0, 0, 253, 1, 0, 69, 1, 0, 2, 9, 109]
1546497798659;[171, 0, 17, 255, 161, 72, 68, 185, 240, 0, 0, 216, 1, 0, 88, 1, 0, 47, 9, 129]
1546497798829;[171, 0, 17, 255, 161, 72, 68, 185, 240, 0, 0, 205, 1, 0, 73, 1, 0, 163, 8, 110]
1546497798833;[171, 0, 17, 255, 161, 72, 68, 185, 240, 0, 0, 132, 1, 0, 70, 1, 0, 196, 7, 225]
1546497799001;[171, 0, 17, 255, 161, 72, 68, 185, 240, 0, 0, 51, 1, 0, 69, 1, 0, 224, 7, 225]
1546497799173;[171, 0, 17, 255, 161, 72, 68, 185, 241, 0, 0, 31, 1, 0, 73, 1, 0, 235, 7, 161]
1546497799176;[171, 0, 17, 255, 161, 72, 68, 185, 241, 0, 0, 63, 1, 0, 82, 1, 0, 217, 7, 151]
1546497799521;[171, 0, 4, 255, 132, 128, 86]
1546497799526;[171, 0, 17, 255, 161, 72, 68, 185, 241, 0, 0, 85, 1, 0, 85, 1, 0, 215, 7, 139]
1546497799530;[171, 0, 17, 255, 161, 72, 68, 185, 241, 0, 0, 113, 1, 0, 106, 1, 0, 185, 7, 89]
1546497799534;[171, 0, 17, 255, 161, 72, 68, 185, 241, 0, 0, 163, 1, 0, 110, 1, 0, 161, 7, 46]
1546497799690;[171, 0, 17, 255, 161, 72, 68, 185, 241, 0, 0, 175, 1, 0, 70, 1, 0, 157, 7, 32]
1546497799864;[171, 0, 17, 255, 161, 72, 68, 185, 241, 0, 1, 2, 1, 0, 111, 1, 0, 114, 7, 32]
1546497799868;[171, 0, 17, 255, 161, 72, 68, 185, 241, 0, 0, 240, 1, 0, 109, 1, 0, 75, 6, 242]
1546497800036;[171, 0, 17, 255, 161, 72, 68, 185, 241, 0, 0, 201, 1, 0, 107, 1, 0, 54, 6, 239]
1546497800040;[171, 0, 17, 255, 161, 72, 68, 185, 241, 0, 0, 229, 1, 0, 100, 1, 0, 60, 6, 166]
1546497800210;[171, 0, 17, 255, 161, 72, 68, 185, 242, 0, 0, 217, 1, 0, 93, 1, 0, 79, 6, 96]
1546497800213;[171, 0, 17, 255, 161, 72, 68, 185, 242, 0, 0, 238, 1, 0, 71, 1, 0, 88, 6, 100]
1546497800381;[171, 0, 4, 255, 132, 128, 86]
1546497800728;[171, 0, 17, 255, 161, 72, 68, 185, 242, 0, 0, 228, 1, 0, 83, 1, 0, 96, 6, 127]
1546497800733;[171, 0, 17, 255, 161, 72, 68, 185, 242, 0, 0, 209, 1, 0, 96, 1, 0, 88, 6, 127]
1546497800737;[171, 0, 17, 255, 161, 72, 68, 185, 242, 0, 0, 233, 1, 0, 81, 1, 0, 54, 6, 161]
1546497800741;[171, 0, 17, 255, 161, 72, 68, 185, 242, 0, 0, 241, 1, 0, 91, 1, 0, 71, 6, 185]
1546497800896;[171, 0, 17, 255, 161, 72, 68, 185, 242, 0, 0, 227, 1, 0, 84, 1, 0, 48, 6, 131]
1546497801071;[171, 0, 17, 255, 161, 72, 68, 185, 242, 0, 0, 230, 1, 0, 89, 1, 0, 45, 6, 133]
1546497801076;[171, 0, 17, 255, 161, 72, 68, 185, 242, 0, 1, 13, 1, 0, 82, 1, 0, 49, 6, 119]
1546497801243;[171, 0, 17, 255, 161, 72, 68, 185, 242, 0, 0, 246, 1, 0, 67, 1, 0, 53, 6, 117]
1546497801247;[171, 0, 17, 255, 161, 72, 68, 185, 243, 0, 0, 224, 1, 0, 93, 1, 0, 59, 6, 144]
1546497801415;[171, 0, 17, 255, 161, 72, 68, 185, 243, 0, 0, 198, 1, 0, 66, 0, 0, 13, 6, 246]
1546497801419;[171, 0, 4, 255, 132, 128, 87]
1546497801587;[171, 0, 17, 255, 161, 72, 68, 185, 243, 0, 0, 226, 1, 0, 114, 0, 0, 73, 7, 44]
1546497801763;[171, 0, 17, 255, 161, 72, 68, 185, 243, 0, 0, 200, 1, 0, 93, 0, 0, 123, 7, 92]
1546497801767;[171, 0, 17, 255, 161, 72, 68, 185, 243, 0, 0, 166, 1, 0, 103, 0, 0, 160, 7, 137]
1546497802108;[171, 0, 17, 255, 161, 72, 68, 185, 243, 0, 0, 178, 1, 0, 117, 0, 0, 186, 7, 88]
1546497802112;[171, 0, 17, 255, 161, 72, 68, 185, 243, 0, 0, 120, 1, 0, 106, 0, 0, 194, 7, 61]
1546497802116;[171, 0, 17, 255, 161, 72, 68, 185, 243, 0, 0, 124, 1, 0, 105, 0, 0, 205, 7, 40]
1546497802120;[171, 0, 17, 255, 161, 72, 68, 185, 243, 0, 0, 104, 1, 0, 109, 0, 0, 205, 7, 22]
1546497802279;[171, 0, 17, 255, 161, 72, 68, 185, 243, 0, 0, 109, 1, 0, 106, 0, 0, 202, 6, 229]
1546497802456;[171, 0, 17, 255, 161, 72, 68, 185, 244, 0, 0, 103, 1, 0, 109, 0, 0, 206, 6, 193]
1546497802458;[171, 0, 17, 255, 161, 72, 68, 185, 244, 0, 0, 104, 1, 0, 100, 0, 0, 215, 6, 199]
1546497802624;[171, 0, 4, 255, 132, 128, 88]
1546497802628;[171, 0, 17, 255, 161, 72, 68, 185, 244, 0, 0, 101, 1, 0, 108, 0, 0, 211, 7, 13]
1546497802795;[171, 0, 17, 255, 161, 72, 68, 185, 244, 0, 0, 89, 1, 0, 92, 0, 0, 205, 7, 35]
1546497802968;[171, 0, 17, 255, 161, 72, 68, 185, 244, 0, 0, 77, 1, 0, 81, 0, 0, 196, 7, 11]
1546497802974;[171, 0, 17, 255, 161, 72, 68, 185, 244, 0, 0, 125, 1, 0, 106, 0, 0, 208, 6, 141]
1546497803316;[171, 0, 17, 255, 161, 72, 68, 185, 244, 0, 0, 101, 1, 0, 98, 0, 0, 229, 6, 94]
1546497803320;[171, 0, 17, 255, 161, 72, 68, 185, 244, 0, 0, 117, 1, 0, 85, 0, 0, 202, 6, 87]
1546497803325;[171, 0, 17, 255, 161, 72, 68, 185, 244, 0, 0, 120, 1, 0, 89, 0, 0, 208, 6, 165]
1546497803329;[171, 0, 17, 255, 161, 72, 68, 185, 244, 0, 0, 98, 1, 0, 98, 0, 0, 215, 6, 218]
1546497803485;[171, 0, 17, 255, 161, 72, 68, 185, 245, 0, 0, 88, 1, 0, 65, 0, 0, 223, 6, 175]
1546497803658;[171, 0, 17, 255, 161, 72, 68, 185, 247, 0, 0, 201, 1, 0, 109, 1, 0, 146, 12, 202]
1546497803830;[171, 0, 17, 255, 161, 72, 68, 185, 247, 0, 0, 178, 1, 0, 98, 1, 0, 145, 12, 148]
1546497803834;[171, 0, 17, 255, 161, 72, 68, 185, 247, 0, 0, 184, 1, 0, 98, 1, 0, 148, 12, 130]
1546497804178;[171, 0, 17, 255, 161, 72, 68, 185, 247, 0, 0, 191, 1, 0, 87, 1, 0, 140, 12, 140]
1546497804182;[171, 0, 17, 255, 161, 72, 68, 185, 247, 0, 0, 194, 1, 0, 95, 1, 0, 140, 12, 132]
1546497804695;[171, 0, 17, 255, 161, 72, 68, 185, 247, 0, 0, 196, 1, 0, 88, 1, 0, 137, 12, 124]
1546497804699;[171, 0, 17, 255, 161, 72, 68, 185, 247, 0, 0, 186, 1, 0, 88, 1, 0, 145, 12, 119]
1546497804703;[171, 0, 17, 255, 161, 72, 68, 185, 247, 0, 0, 186, 1, 0, 88, 1, 0, 140, 12, 105]
1546497804707;[171, 0, 17, 255, 161, 72, 68, 185, 248, 0, 0, 186, 1, 0, 89, 1, 0, 142, 12, 95]
1546497804867;[171, 0, 17, 255, 161, 72, 68, 185, 248, 0, 0, 186, 1, 0, 89, 1, 0, 148, 12, 132]
1546497804871;[171, 0, 4, 255, 132, 128, 89]
1546497804877;[171, 0, 17, 255, 161, 72, 68, 185, 248, 0, 0, 183, 1, 0, 89, 1, 0, 148, 12, 141]
1546497805041;[171, 0, 17, 255, 161, 72, 68, 185, 248, 0, 0, 179, 1, 0, 89, 1, 0, 153, 12, 138]
1546497805045;[171, 0, 17, 255, 161, 72, 68, 185, 248, 0, 0, 183, 1, 0, 89, 1, 0, 152, 12, 129]
1546497805210;[171, 0, 17, 255, 161, 72, 68, 185, 248, 0, 0, 178, 1, 0, 91, 1, 0, 151, 12, 117]
1546497805213;[171, 0, 17, 255, 161, 72, 68, 185, 248, 0, 0, 179, 1, 0, 95, 1, 0, 153, 12, 94]
1546497805384;[171, 0, 17, 255, 161, 72, 68, 185, 248, 0, 0, 181, 1, 0, 91, 1, 0, 158, 12, 122]
1546497805556;[171, 0, 17, 255, 161, 72, 68, 185, 248, 0, 0, 179, 1, 0, 93, 1, 0, 154, 12, 142]
1546497805560;[171, 0, 17, 255, 161, 72, 68, 185, 248, 0, 0, 181, 1, 0, 91, 1, 0, 154, 12, 137]
