1546496890788;[171, 0, 17, 255, 161, 72, 68, 182, 40, 0, 0, 143, 1, 0, 47, 1, 0, 207, 9, 213]
1546496890804;[171, 0, 17, 255, 161, 72, 68, 182, 40, 0, 0, 136, 1, 0, 53, 1, 0, 211, 9, 228]
1546496890805;[171, 0, 4, 255, 132, 128, 82]
1546496890808;[171, 0, 17, 255, 161, 72, 68, 182, 40, 0, 0, 139, 1, 0, 47, 1, 0, 211, 9, 238]
1546496890960;[171, 0, 17, 255, 161, 72, 68, 182, 41, 0, 0, 138, 1, 0, 51, 1, 0, 207, 10, 101]
1546496890964;[171, 0, 17, 255, 161, 72, 68, 182, 41, 0, 0, 147, 1, 0, 45, 1, 0, 195, 10, 106]
1546496891133;[171, 0, 17, 255, 161, 72, 68, 182, 41, 0, 0, 249, 1, 0, 40, 1, 0, 231, 9, 163]
1546496891305;[171, 0, 17, 255, 161, 72, 68, 182, 41, 0, 0, 143, 1, 0, 101, 1, 0, 159, 9, 155]
1546496891309;[171, 0, 17, 255, 161, 72, 68, 182, 41, 0, 0, 59, 1, 0, 114, 1, 0, 183, 9, 140]
1546496891477;[171, 0, 17, 255, 161, 72, 68, 182, 41, 0, 0, 112, 1, 0, 55, 1, 0, 233, 9, 93]
1546496891481;[171, 0, 17, 255, 161, 72, 68, 182, 41, 0, 0, 216, 1, 0, 31, 1, 0, 189, 9, 63]
1546496893648;[171, 0, 17, 255, 161, 72, 68, 182, 41, 0, 0, 151, 1, 0, 91, 1, 0, 180, 9, 187]
1546496893652;[171, 0, 17, 255, 161, 72, 68, 182, 41, 0, 0, 152, 1, 0, 98, 1, 0, 187, 10, 92]
1546496893654;[171, 0, 4, 255, 132, 128, 82]
1546496893656;[171, 0, 17, 255, 161, 72, 68, 182, 41, 0, 0, 152, 1, 0, 101, 1, 0, 186, 10, 196]
1546496893659;[171, 0, 17, 255, 161, 72, 68, 182, 42, 0, 0, 146, 1, 0, 79, 1, 0, 187, 11, 25]
1546496893661;[171, 0, 17, 255, 161, 72, 68, 182, 42, 0, 0, 146, 1, 0, 98, 1, 0, 202, 11, 79]
1546496893663;[171, 0, 17, 255, 161, 72, 68, 182, 42, 0, 0, 139, 1, 0, 108, 1, 0, 192, 11, 80]
1546496893665;[171, 0, 17, 255, 161, 72, 68, 182, 42, 0, 0, 101, 1, 0, 56, 1, 0, 178, 11, 72]
1546496893667;[171, 0, 17, 255, 161, 72, 68, 182, 42, 0, 0, 63, 1, 0, 25, 1, 0, 120, 10, 222]
1546496893668;[171, 0, 17, 255, 161, 72, 68, 182, 42, 0, 1, 3, 1, 0, 154, 1, 0, 64, 11, 32]
1546496893670;[171, 0, 17, 255, 161, 72, 68, 182, 42, 0, 0, 230, 1, 0, 174, 1, 0, 97, 11, 93]
1546496893672;[171, 0, 17, 255, 161, 72, 68, 182, 42, 0, 0, 230, 1, 0, 154, 1, 0, 76, 10, 201]
1546496893677;[171, 0, 17, 255, 161, 72, 68, 182, 42, 0, 0, 252, 1, 0, 118, 1, 0, 41, 10, 176]
1546496893678;[171, 0, 4, 255, 132, 128, 82]
1546496893681;[171, 0, 17, 255, 161, 72, 68, 182, 42, 0, 0, 245, 1, 0, 98, 0, 0, 40, 10, 250]
1546496893682;[171, 0, 17, 255, 161, 72, 68, 182, 43, 0, 0, 204, 1, 0, 92, 0, 0, 8, 11, 27]
1546496893684;[171, 0, 17, 255, 161, 72, 68, 182, 43, 0, 1, 18, 1, 0, 105, 0, 0, 8, 11, 65]
1546496893686;[171, 0, 17, 255, 161, 72, 68, 182, 43, 0, 1, 17, 1, 0, 96, 0, 0, 6, 11, 123]
1546496893688;[171, 0, 17, 255, 161, 72, 68, 182, 43, 0, 0, 214, 1, 0, 110, 1, 0, 53, 10, 190]
1546496893690;[171, 0, 17, 255, 161, 72, 68, 182, 43, 0, 0, 209, 1, 0, 142, 1, 0, 128, 9, 94]
1546496893720;[171, 0, 17, 255, 161, 72, 68, 182, 43, 0, 0, 90, 1, 0, 67, 1, 1, 34, 8, 92]
1546496893724;[171, 0, 17, 255, 161, 72, 68, 182, 43, 0, 0, 179, 1, 0, 123, 1, 0, 164, 7, 185]
1546496893892;[171, 0, 17, 255, 161, 72, 68, 182, 43, 0, 0, 81, 1, 0, 91, 1, 0, 146, 6, 229]
1546496893898;[171, 0, 17, 255, 161, 72, 68, 182, 43, 1, 0, 121, 1, 0, 96, 1, 0, 201, 6, 105]
1546496894066;[171, 0, 4, 255, 132, 128, 82]
1546496894070;[171, 0, 17, 255, 161, 72, 68, 182, 43, 0, 0, 108, 1, 0, 103, 1, 0, 223, 5, 207]
1546496894235;[171, 0, 17, 255, 161, 72, 68, 182, 44, 0, 0, 48, 1, 0, 128, 1, 1, 17, 5, 145]
1546496894587;[171, 0, 17, 255, 161, 72, 68, 182, 44, 0, 0, 69, 1, 0, 113, 1, 0, 255, 5, 49]
1546496894592;[171, 0, 17, 255, 161, 72, 68, 182, 44, 0, 0, 240, 1, 0, 145, 1, 0, 81, 4, 211]
1546496894596;[171, 0, 17, 255, 161, 72, 68, 182, 44, 0, 0, 2, 0, 0, 37, 1, 1, 167, 4, 198]
1546496894600;[171, 0, 17, 255, 161, 72, 68, 182, 44, 0, 0, 150, 1, 0, 127, 1, 0, 111, 4, 110]
1546496894754;[171, 0, 17, 255, 161, 72, 68, 182, 44, 0, 0, 124, 1, 0, 130, 1, 0, 96, 4, 137]
1546496894932;[171, 0, 17, 255, 161, 72, 68, 182, 44, 0, 0, 65, 1, 0, 80, 1, 0, 192, 4, 7]
1546496894939;[171, 0, 17, 255, 161, 72, 68, 182, 44, 0, 0, 33, 1, 0, 134, 1, 0, 137, 3, 189]
1546496895101;[171, 0, 17, 255, 161, 72, 68, 182, 44, 0, 0, 93, 1, 0, 119, 1, 0, 156, 3, 154]
1546496895104;[171, 0, 4, 255, 132, 128, 82]
1546496895273;[171, 0, 17, 255, 161, 72, 68, 182, 44, 0, 0, 144, 1, 0, 120, 1, 0, 196, 3, 175]
1546496895277;[171, 0, 17, 255, 161, 72, 68, 182, 45, 0, 0, 131, 1, 0, 88, 1, 0, 219, 3, 135]
1546496895444;[171, 0, 17, 255, 161, 72, 68, 182, 45, 0, 0, 119, 1, 0, 110, 1, 0, 241, 3, 81]
1546496895792;[171, 0, 17, 255, 161, 72, 68, 182, 45, 0, 0, 101, 1, 0, 140, 1, 0, 202, 2, 221]
1546496895796;[171, 0, 17, 255, 161, 72, 68, 182, 45, 0, 0, 64, 1, 0, 115, 1, 0, 219, 2, 65]
1546496895802;[171, 0, 17, 255, 161, 72, 68, 182, 45, 0, 0, 46, 1, 0, 132, 1, 0, 169, 1, 193]
1546496895804;[171, 0, 17, 255, 161, 72, 68, 182, 45, 0, 0, 17, 1, 0, 160, 1, 0, 197, 1, 130]
1546496895963;[171, 0, 17, 255, 161, 72, 68, 182, 45, 0, 0, 7, 1, 0, 136, 1, 0, 186, 1, 110]
1546496895967;[171, 0, 17, 255, 161, 72, 68, 182, 45, 0, 0, 54, 1, 0, 143, 1, 0, 196, 1, 99]
1546496896136;[171, 0, 17, 255, 161, 72, 68, 182, 45, 0, 0, 57, 1, 0, 145, 1, 0, 201, 1, 43]
1546496896308;[171, 0, 4, 255, 132, 128, 83]
1546496896312;[171, 0, 17, 255, 161, 72, 68, 182, 45, 0, 0, 63, 1, 0, 154, 1, 0, 204, 0, 254]
1546496896479;[171, 0, 17, 255, 161, 72, 68, 182, 46, 0, 0, 63, 1, 0, 153, 1, 0, 195, 0, 254]
1546496896483;[171, 0, 17, 255, 161, 72, 68, 182, 46, 0, 0, 63, 1, 0, 146, 1, 0, 192, 0, 216]
1546496896654;[171, 0, 17, 255, 161, 72, 68, 182, 46, 0, 0, 54, 1, 0, 144, 1, 0, 196, 16, 175]
1546496897172;[171, 0, 17, 255, 161, 72, 68, 182, 46, 0, 0, 58, 1, 0, 146, 1, 0, 194, 7, 172]
1546496897176;[171, 0, 17, 255, 161, 72, 68, 182, 46, 0, 0, 65, 1, 0, 141, 1, 0, 200, 7, 115]
1546496897179;[171, 0, 17, 255, 161, 72, 68, 182, 46, 0, 0, 67, 1, 0, 140, 1, 0, 202, 7, 64]
1546496897183;[171, 0, 17, 255, 161, 72, 68, 182, 46, 0, 0, 86, 1, 0, 141, 1, 0, 212, 7, 5]
1546496897343;[171, 0, 17, 255, 161, 72, 68, 182, 46, 0, 0, 93, 1, 0, 141, 1, 0, 199, 7, 21]
1546496897347;[171, 0, 17, 255, 161, 72, 68, 182, 46, 0, 0, 84, 1, 0, 145, 1, 0, 187, 7, 19]
1546496897350;[171, 0, 4, 255, 132, 128, 84]
1546496897519;[171, 0, 17, 255, 161, 72, 68, 182, 46, 0, 0, 81, 1, 0, 140, 1, 0, 195, 7, 18]
1546496897522;[171, 0, 17, 255, 161, 72, 68, 182, 47, 0, 0, 67, 1, 0, 133, 1, 0, 207, 7, 31]
1546496897688;[171, 0, 17, 255, 161, 72, 68, 182, 47, 0, 0, 48, 1, 0, 137, 1, 0, 200, 7, 26]
1546496897692;[171, 0, 17, 255, 161, 72, 68, 182, 47, 0, 0, 66, 1, 0, 141, 1, 0, 217, 7, 45]
1546496897862;[171, 0, 17, 255, 161, 72, 68, 182, 47, 0, 0, 143, 1, 0, 141, 1, 0, 204, 7, 46]
1546496897865;[171, 0, 17, 255, 161, 72, 68, 182, 47, 0, 0, 106, 1, 0, 136, 1, 0, 194, 7, 89]
1546496898033;[171, 0, 17, 255, 161, 72, 68, 182, 47, 0, 0, 134, 1, 0, 47, 1, 0, 169, 7, 68]
1546496898379;[171, 0, 17, 255, 161, 72, 68, 182, 47, 0, 0, 108, 1, 0, 48, 1, 0, 121, 7, 24]
1546496898383;[171, 0, 17, 255, 161, 72, 68, 182, 47, 0, 0, 148, 1, 0, 68, 1, 0, 186, 7, 44]
1546496898387;[171, 0, 17, 255, 161, 72, 68, 182, 47, 0, 0, 151, 1, 0, 100, 1, 0, 224, 7, 82]
1546496898391;[171, 0, 4, 255, 132, 128, 84]
1546496898551;[171, 0, 17, 255, 161, 72, 68, 182, 47, 0, 0, 152, 1, 0, 97, 1, 0, 216, 7, 100]
1546496898723;[171, 0, 17, 255, 161, 72, 68, 182, 48, 0, 0, 142, 1, 0, 86, 1, 0, 204, 7, 150]
1546496898727;[171, 0, 17, 255, 161, 72, 68, 182, 48, 0, 0, 117, 1, 0, 71, 1, 0, 184, 7, 164]
1546496898895;[171, 0, 17, 255, 161, 72, 68, 182, 48, 0, 0, 127, 1, 0, 69, 1, 0, 183, 7, 187]
1546496898899;[171, 0, 17, 255, 161, 72, 68, 182, 48, 0, 0, 138, 1, 0, 53, 1, 0, 181, 7, 235]
1546496899069;[171, 0, 17, 255, 161, 72, 68, 182, 48, 0, 0, 156, 1, 0, 80, 1, 0, 212, 8, 49]
1546496899073;[171, 0, 17, 255, 161, 72, 68, 182, 48, 0, 0, 160, 1, 0, 109, 1, 0, 191, 8, 96]
1546496899240;[171, 0, 17, 255, 161, 72, 68, 182, 48, 0, 0, 157, 1, 0, 88, 1, 0, 180, 8, 137]
1546496899586;[171, 0, 17, 255, 161, 72, 68, 182, 48, 0, 0, 171, 1, 0, 92, 1, 0, 167, 8, 188]
1546496899589;[171, 0, 17, 255, 161, 72, 68, 182, 50, 0, 0, 183, 0, 0, 76, 1, 0, 162, 11, 183]
1546496899757;[171, 0, 17, 255, 161, 72, 68, 182, 51, 0, 0, 187, 0, 0, 75, 1, 0, 158, 12, 58]
1546496899760;[171, 0, 17, 255, 161, 72, 68, 182, 51, 0, 0, 185, 0, 0, 80, 1, 0, 157, 12, 165]
1546496899930;[171, 0, 17, 255, 161, 72, 68, 182, 51, 0, 0, 186, 0, 0, 78, 1, 0, 162, 12, 248]
1546496900104;[171, 0, 17, 255, 161, 72, 68, 182, 51, 0, 0, 184, 0, 0, 80, 1, 0, 162, 13, 54]
1546496900108;[171, 0, 17, 255, 161, 72, 68, 182, 51, 0, 0, 189, 0, 0, 79, 1, 0, 161, 13, 88]
1546496900276;[171, 0, 17, 255, 161, 72, 68, 182, 51, 0, 0, 191, 0, 0, 82, 1, 0, 161, 13, 127]
1546496900280;[171, 0, 17, 255, 161, 72, 68, 182, 51, 0, 0, 186, 0, 0, 80, 1, 0, 163, 13, 243]
1546496900446;[171, 0, 17, 255, 161, 72, 68, 182, 51, 0, 0, 187, 0, 0, 79, 1, 0, 162, 14, 62]
1546496900621;[171, 0, 17, 255, 161, 72, 68, 182, 51, 0, 0, 185, 0, 0, 78, 1, 0, 159, 14, 100]
1546496900625;[171, 0, 4, 255, 132, 128, 88]
1546496900966;[171, 0, 17, 255, 161, 72, 68, 182, 51, 0, 0, 185, 0, 0, 82, 1, 0, 161, 14, 136]
1546496900970;[171, 0, 17, 255, 161, 72, 68, 182, 52, 0, 0, 186, 0, 0, 82, 1, 0, 162, 14, 140]
1546496900974;[171, 0, 17, 255, 161, 72, 68, 182, 52, 0, 0, 184, 0, 0, 80, 1, 0, 162, 14, 131]
1546496900978;[171, 0, 17, 255, 161, 72, 68, 182, 52, 0, 0, 183, 0, 0, 80, 1, 0, 164, 14, 119]
1546496901137;[171, 0, 17, 255, 161, 72, 68, 182, 52, 0, 0, 184, 0, 0, 78, 1, 0, 162, 14, 173]
1546496901312;[171, 0, 17, 255, 161, 72, 68, 182, 52, 0, 0, 184, 0, 0, 79, 1, 0, 163, 14, 211]
1546496901316;[171, 0, 17, 255, 161, 72, 68, 182, 52, 0, 0, 183, 0, 0, 80, 1, 0, 162, 14, 219]
1546496901481;[171, 0, 17, 255, 161, 72, 68, 182, 52, 0, 0, 186, 0, 0, 80, 1, 0, 164, 14, 220]
1546496901485;[171, 0, 17, 255, 161, 72, 68, 182, 52, 0, 0, 186, 0, 0, 77, 1, 0, 162, 14, 206]
1546496901654;[171, 0, 17, 255, 161, 72, 68, 182, 52, 0, 0, 186, 0, 0, 79, 1, 0, 162, 14, 179]
1546496901828;[171, 0, 4, 255, 132, 128, 88]
1546496901835;[171, 0, 17, 255, 161, 72, 68, 182, 52, 0, 0, 186, 0, 0, 78, 1, 0, 162, 14, 132]
1546496902174;[171, 0, 17, 255, 161, 72, 68, 182, 53, 0, 0, 183, 0, 0, 79, 1, 0, 164, 14, 116]
1546496902177;[171, 0, 17, 255, 161, 72, 68, 182, 53, 0, 0, 184, 0, 0, 78, 1, 0, 162, 14, 136]
1546496902181;[171, 0, 17, 255, 161, 72, 68, 182, 53, 0, 0, 181, 0, 0, 82, 1, 0, 164, 14, 147]
1546496902184;[171, 0, 17, 255, 161, 72, 68, 182, 53, 0, 0, 183, 0, 0, 83, 1, 0, 166, 14, 138]
1546496902345;[171, 0, 17, 255, 161, 72, 68, 182, 53, 0, 0, 177, 0, 0, 91, 1, 0, 162, 14, 112]
1546496902517;[171, 0, 17, 255, 161, 72, 68, 182, 53, 0, 0, 179, 0, 0, 85, 1, 0, 164, 14, 72]
1546496902521;[171, 0, 17, 255, 161, 72, 68, 182, 53, 0, 0, 181, 0, 0, 85, 1, 0, 167, 14, 33]
1546496902689;[171, 0, 17, 255, 161, 72, 68, 182, 53, 0, 0, 181, 0, 0, 85, 1, 0, 162, 13, 239]
1546496902694;[171, 0, 17, 255, 161, 72, 68, 182, 53, 0, 0, 176, 0, 0, 85, 1, 0, 168, 13, 231]
1546496902862;[171, 0, 4, 255, 132, 128, 89]
1546496902866;[171, 0, 17, 255, 161, 72, 68, 182, 53, 0, 0, 179, 0, 0, 85, 1, 0, 166, 13, 212]
1546496903036;[171, 0, 17, 255, 161, 72, 68, 182, 54, 0, 0, 181, 0, 0, 91, 1, 0, 164, 13, 180]
1546496903208;[171, 0, 17, 255, 161, 72, 68, 182, 54, 0, 0, 181, 0, 0, 82, 1, 0, 167, 13, 143]
1546496903212;[171, 0, 17, 255, 161, 72, 68, 182, 54, 0, 0, 179, 0, 0, 82, 1, 0, 164, 13, 98]
1546496903552;[171, 0, 17, 255, 161, 72, 68, 182, 54, 0, 0, 184, 0, 0, 82, 1, 0, 162, 13, 39]
1546496903556;[171, 0, 17, 255, 161, 72, 68, 182, 54, 0, 0, 186, 0, 0, 84, 1, 0, 164, 12, 233]
1546496903560;[171, 0, 17, 255, 161, 72, 68, 182, 54, 0, 0, 184, 0, 0, 82, 1, 0, 164, 12, 200]
1546496903726;[171, 0, 17, 255, 161, 72, 68, 182, 54, 0, 0, 184, 0, 0, 79, 1, 0, 162, 12, 191]
1546496903730;[171, 0, 17, 255, 161, 72, 68, 182, 54, 0, 0, 186, 0, 0, 81, 1, 0, 161, 12, 160]
1546496903898;[171, 0, 17, 255, 161, 72, 68, 182, 54, 0, 0, 191, 0, 0, 77, 1, 0, 161, 12, 108]
1546496903901;[171, 0, 4, 255, 132, 128, 89]
1546496904071;[171, 0, 17, 255, 161, 72, 68, 182, 54, 0, 0, 186, 0, 0, 77, 1, 0, 162, 12, 61]
1546496904074;[171, 0, 17, 255, 161, 72, 68, 182, 55, 0, 0, 189, 0, 0, 73, 1, 0, 158, 12, 9]
1546496904242;[171, 0, 17, 255, 161, 72, 68, 182, 55, 0, 0, 189, 0, 0, 73, 1, 0, 154, 11, 202]
1546496904415;[171, 0, 17, 255, 161, 72, 68, 182, 55, 0, 0, 192, 0, 0, 71, 1, 0, 158, 11, 171]
1546496904419;[171, 0, 17, 255, 161, 72, 68, 182, 55, 0, 0, 191, 0, 0, 75, 1, 0, 153, 11, 164]
1546496904763;[171, 0, 17, 255, 161, 72, 68, 182, 55, 0, 0, 191, 0, 0, 73, 1, 0, 151, 11, 143]
1546496904766;[171, 0, 17, 255, 161, 72, 68, 182, 55, 0, 0, 191, 0, 0, 73, 1, 0, 153, 11, 111]
1546496904770;[171, 0, 17, 255, 161, 72, 68, 182, 55, 0, 0, 196, 0, 0, 73, 1, 0, 162, 11, 106]
1546496904774;[171, 0, 17, 255, 161, 72, 68, 182, 55, 0, 0, 196, 0, 0, 78, 1, 0, 152, 11, 71]
1546496904932;[171, 0, 17, 255, 161, 72, 68, 182, 55, 0, 0, 187, 0, 0, 76, 1, 0, 157, 11, 47]
1546496905106;[171, 0, 4, 255, 132, 128, 89]
1546496905110;[171, 0, 17, 255, 161, 72, 68, 182, 55, 0, 0, 186, 0, 0, 77, 1, 0, 157, 11, 42]
1546496905277;[171, 0, 17, 255, 161, 72, 68, 182, 56, 0, 0, 186, 0, 0, 77, 1, 0, 153, 11, 53]
1546496905281;[171, 0, 17, 255, 161, 72, 68, 182, 56, 0, 0, 186, 0, 0, 79, 1, 0, 157, 11, 47]
1546496905449;[171, 0, 17, 255, 161, 72, 68, 182, 56, 0, 0, 187, 0, 0, 76, 1, 0, 153, 11, 46]
1546496905622;[171, 0, 17, 255, 161, 72, 68, 182, 56, 0, 0, 185, 0, 0, 76, 1, 0, 152, 11, 47]
1546496905626;[171, 0, 17, 255, 161, 72, 68, 182, 56, 0, 0, 187, 0, 0, 78, 1, 0, 153, 11, 36]
1546496906141;[171, 0, 17, 255, 161, 72, 68, 182, 56, 0, 0, 187, 0, 0, 74, 1, 0, 153, 11, 5]
1546496906145;[171, 0, 17, 255, 161, 72, 68, 182, 56, 0, 0, 197, 0, 0, 73, 1, 0, 153, 10, 252]
1546496906149;[171, 0, 17, 255, 161, 72, 68, 182, 56, 0, 0, 187, 0, 0, 75, 1, 0, 150, 11, 4]
1546496906153;[171, 0, 17, 255, 161, 72, 68, 182, 56, 0, 0, 191, 0, 0, 79, 1, 0, 147, 10, 238]
1546496906313;[171, 0, 4, 255, 132, 128, 89]
1546496906322;[171, 0, 17, 255, 161, 72, 68, 182, 56, 0, 0, 185, 0, 0, 75, 1, 0, 151, 10, 229]
1546496906325;[171, 0, 17, 255, 161, 72, 68, 182, 57, 0, 0, 196, 0, 0, 71, 1, 0, 151, 10, 202]
1546496906481;[171, 0, 17, 255, 161, 72, 68, 182, 57, 0, 0, 186, 0, 0, 68, 1, 0, 158, 10, 186]
1546496906483;[171, 0, 17, 255, 161, 72, 68, 182, 57, 0, 0, 189, 0, 0, 84, 1, 0, 177, 10, 149]
1546496906659;[171, 0, 17, 255, 161, 72, 68, 182, 57, 0, 1, 50, 0, 0, 119, 1, 0, 197, 10, 24]
1546496906663;[171, 0, 17, 255, 161, 72, 68, 182, 57, 0, 1, 83, 1, 0, 30, 1, 0, 254, 9, 216]
1546496906830;[171, 0, 17, 255, 161, 72, 68, 182, 57, 0, 0, 92, 1, 0, 67, 1, 0, 171, 10, 14]
1546496907004;[171, 0, 17, 255, 161, 72, 68, 182, 57, 0, 0, 59, 1, 0, 136, 1, 0, 66, 10, 81]
1546496907008;[171, 0, 17, 255, 161, 72, 68, 182, 57, 0, 0, 120, 1, 0, 62, 1, 0, 105, 10, 24]
1546496907349;[171, 0, 17, 255, 161, 72, 68, 182, 57, 0, 0, 151, 1, 0, 16, 1, 0, 117, 9, 103]
1546496907353;[171, 0, 4, 255, 132, 128, 89]
1546496907357;[171, 0, 17, 255, 161, 72, 68, 182, 57, 0, 0, 171, 1, 0, 47, 1, 0, 211, 8, 224]
1546496907520;[171, 0, 17, 255, 161, 72, 68, 182, 58, 0, 0, 187, 1, 0, 39, 1, 0, 202, 8, 145]
1546496907524;[171, 0, 17, 255, 161, 72, 68, 182, 58, 0, 0, 165, 1, 0, 44, 1, 0, 223, 8, 115]
1546496907693;[171, 0, 17, 255, 161, 72, 68, 182, 58, 0, 0, 172, 1, 0, 61, 1, 0, 187, 8, 65]
1546496907697;[171, 0, 17, 255, 161, 72, 68, 182, 58, 0, 0, 138, 1, 0, 69, 1, 0, 168, 8, 33]
1546496907865;[171, 0, 17, 255, 161, 72, 68, 182, 58, 0, 0, 114, 1, 0, 74, 1, 0, 129, 7, 20]
1546496907869;[171, 0, 17, 255, 161, 72, 68, 182, 58, 0, 0, 223, 1, 0, 91, 1, 0, 105, 7, 20]
1546496908039;[171, 0, 17, 255, 161, 72, 68, 182, 58, 0, 1, 47, 1, 0, 39, 1, 0, 79, 6, 161]
1546496908212;[171, 0, 17, 255, 161, 72, 68, 182, 58, 0, 1, 147, 1, 0, 16, 1, 0, 75, 6, 115]
1546496908216;[171, 0, 17, 255, 161, 72, 68, 182, 58, 0, 0, 216, 1, 0, 25, 1, 0, 22, 6, 85]
1546496908554;[171, 0, 4, 255, 132, 128, 88]
1546496908559;[171, 0, 17, 255, 161, 72, 68, 182, 58, 0, 0, 234, 1, 0, 47, 1, 0, 43, 6, 0]
1546496908563;[171, 0, 17, 255, 161, 72, 68, 182, 59, 0, 0, 223, 1, 0, 110, 0, 0, 3, 5, 163]
1546496908728;[171, 0, 17, 255, 161, 72, 68, 182, 59, 0, 1, 8, 1, 0, 188, 0, 0, 65, 5, 107]
1546496908732;[171, 0, 17, 255, 161, 72, 68, 182, 59, 0, 0, 187, 1, 0, 172, 1, 0, 48, 5, 50]
1546496908902;[171, 0, 17, 255, 161, 72, 68, 182, 59, 0, 0, 191, 1, 0, 109, 1, 0, 161, 4, 215]
1546496908906;[171, 0, 17, 255, 161, 72, 68, 182, 59, 0, 0, 194, 1, 0, 75, 1, 0, 149, 4, 153]
1546496909073;[171, 0, 17, 255, 161, 72, 68, 182, 59, 0, 0, 214, 1, 0, 83, 1, 0, 105, 4, 102]
1546496909077;[171, 0, 17, 255, 161, 72, 68, 182, 59, 0, 0, 149, 1, 0, 114, 1, 0, 95, 4, 54]
1546496909245;[171, 0, 17, 255, 161, 72, 68, 182, 59, 0, 0, 173, 1, 0, 128, 1, 0, 89, 3, 218]
1546496909418;[171, 0, 17, 255, 161, 72, 68, 182, 59, 0, 0, 219, 1, 0, 128, 1, 0, 64, 3, 131]
1546496909422;[171, 0, 4, 255, 132, 128, 88]
1546496909590;[171, 0, 17, 255, 161, 72, 68, 182, 59, 0, 0, 211, 1, 0, 136, 1, 0, 63, 3, 49]
1546496909594;[171, 0, 17, 255, 161, 72, 68, 182, 64, 0, 0, 221, 1, 0, 130, 1, 0, 52, 2, 237]
1546496909937;[171, 0, 17, 255, 161, 72, 68, 182, 64, 0, 0, 214, 1, 0, 118, 1, 0, 56, 2, 247]
1546496909941;[171, 0, 17, 255, 161, 72, 68, 182, 64, 0, 0, 217, 1, 0, 89, 1, 0, 43, 2, 237]
1546496909945;[171, 0, 17, 255, 161, 72, 68, 182, 64, 0, 0, 228, 1, 0, 106, 1, 0, 20, 2, 169]
1546496910108;[171, 0, 17, 255, 161, 72, 68, 182, 64, 0, 0, 241, 1, 0, 112, 1, 0, 42, 2, 135]
1546496910112;[171, 0, 17, 255, 161, 72, 68, 182, 64, 0, 0, 255, 1, 0, 97, 1, 0, 46, 2, 164]
1546496910280;[171, 0, 17, 255, 161, 72, 68, 182, 64, 0, 0, 221, 1, 0, 90, 1, 0, 40, 2, 178]
1546496910284;[171, 0, 17, 255, 161, 72, 68, 182, 64, 0, 1, 5, 1, 0, 86, 1, 0, 45, 2, 160]
1546496910451;[171, 0, 17, 255, 161, 72, 68, 182, 64, 0, 0, 238, 1, 0, 92, 0, 0, 9, 2, 190]
1546496910626;[171, 0, 4, 255, 132, 128, 88]
1546496910630;[171, 0, 17, 255, 161, 72, 68, 182, 64, 0, 0, 236, 1, 0, 88, 0, 0, 23, 3, 84]
1546496910801;[171, 0, 17, 255, 161, 72, 68, 182, 65, 0, 0, 225, 1, 0, 86, 0, 0, 34, 3, 221]
1546496910802;[171, 0, 17, 255, 161, 72, 68, 182, 65, 0, 0, 239, 1, 0, 106, 0, 0, 86, 3, 237]
1546496911144;[171, 0, 17, 255, 161, 72, 68, 182, 65, 0, 0, 231, 1, 0, 111, 0, 0, 89, 3, 226]
1546496911148;[171, 0, 17, 255, 161, 72, 68, 182, 65, 0, 0, 203, 1, 0, 82, 0, 0, 93, 4, 53]
1546496911152;[171, 0, 17, 255, 161, 72, 68, 182, 65, 0, 0, 195, 1, 0, 67, 0, 0, 93, 4, 89]
1546496911315;[171, 0, 17, 255, 161, 72, 68, 182, 65, 0, 0, 237, 1, 0, 71, 0, 0, 129, 4, 202]
1546496911320;[171, 0, 17, 255, 161, 72, 68, 182, 65, 0, 0, 215, 1, 0, 55, 0, 0, 140, 5, 40]
1546496911486;[171, 0, 17, 255, 161, 72, 68, 182, 65, 0, 0, 228, 1, 0, 29, 0, 0, 136, 5, 130]
1546496911490;[171, 0, 17, 255, 161, 72, 68, 182, 65, 0, 0, 242, 0, 0, 3, 0, 0, 97, 5, 229]
1546496911659;[171, 0, 4, 255, 132, 128, 88]
1546496911663;[171, 0, 17, 255, 161, 72, 68, 182, 65, 0, 1, 75, 0, 0, 12, 0, 0, 80, 6, 75]
1546496911831;[171, 0, 17, 255, 161, 72, 68, 182, 66, 0, 0, 191, 1, 0, 1, 1, 0, 37, 6, 123]
1546496912005;[171, 0, 17, 255, 161, 72, 68, 182, 66, 0, 0, 246, 0, 0, 14, 1, 0, 111, 6, 98]
1546496912009;[171, 0, 17, 255, 161, 72, 68, 182, 66, 0, 0, 238, 0, 0, 13, 1, 0, 120, 6, 147]
1546496912523;[171, 0, 17, 255, 161, 72, 68, 182, 66, 0, 0, 209, 0, 0, 26, 1, 0, 137, 6, 194]
1546496912527;[171, 0, 17, 255, 161, 72, 68, 182, 66, 0, 0, 204, 0, 0, 13, 1, 0, 145, 6, 241]
1546496912531;[171, 0, 17, 255, 161, 72, 68, 182, 66, 0, 0, 197, 0, 0, 2, 1, 0, 148, 7, 18]
1546496912535;[171, 0, 17, 255, 161, 72, 68, 182, 66, 0, 0, 226, 1, 0, 3, 1, 0, 140, 7, 30]
1546496912696;[171, 0, 17, 255, 161, 72, 68, 182, 66, 0, 0, 218, 1, 0, 4, 1, 0, 125, 7, 14]
1546496912700;[171, 0, 17, 255, 161, 72, 68, 182, 66, 0, 0, 253, 1, 0, 17, 1, 0, 111, 6, 252]
1546496912704;[171, 0, 4, 255, 132, 128, 88]
1546496912867;[171, 0, 17, 255, 161, 72, 68, 182, 66, 0, 0, 224, 1, 0, 4, 1, 0, 106, 7, 54]
1546496912871;[171, 0, 17, 255, 161, 72, 68, 182, 67, 0, 0, 245, 1, 0, 21, 1, 0, 118, 7, 81]
1546496913040;[171, 0, 17, 255, 161, 72, 68, 182, 67, 0, 0, 204, 1, 0, 12, 1, 0, 141, 7, 76]
1546496913215;[171, 0, 17, 255, 161, 72, 68, 182, 67, 0, 0, 175, 0, 0, 8, 1, 0, 146, 7, 24]
1546496913222;[171, 0, 17, 255, 161, 72, 68, 182, 67, 0, 0, 215, 1, 0, 24, 1, 0, 163, 6, 223]
1546496913385;[171, 0, 17, 255, 161, 72, 68, 182, 67, 0, 0, 198, 1, 0, 19, 1, 0, 141, 6, 192]
1546496913389;[171, 0, 17, 255, 161, 72, 68, 182, 67, 0, 0, 211, 1, 0, 29, 1, 0, 137, 6, 151]
1546496913731;[171, 0, 17, 255, 161, 72, 68, 182, 67, 0, 0, 213, 1, 0, 20, 1, 0, 123, 6, 169]
1546496913735;[171, 0, 17, 255, 161, 72, 68, 182, 67, 0, 0, 219, 1, 0, 24, 1, 0, 136, 6, 113]
1546496913739;[171, 0, 17, 255, 161, 72, 68, 182, 67, 0, 0, 219, 1, 0, 29, 1, 0, 134, 6, 101]
1546496913902;[171, 0, 4, 255, 132, 128, 88]
1546496913906;[171, 0, 17, 255, 161, 72, 68, 182, 67, 0, 0, 201, 1, 0, 24, 1, 0, 136, 6, 52]
1546496914075;[171, 0, 17, 255, 161, 72, 68, 182, 68, 0, 0, 223, 1, 0, 24, 1, 0, 124, 6, 36]
1546496914078;[171, 0, 17, 255, 161, 72, 68, 182, 68, 0, 0, 219, 1, 0, 24, 1, 0, 125, 6, 60]
1546496914247;[171, 0, 17, 255, 161, 72, 68, 182, 68, 0, 0, 221, 1, 0, 21, 1, 0, 120, 6, 62]
1546496914420;[171, 0, 17, 255, 161, 72, 68, 182, 68, 0, 0, 219, 1, 0, 23, 1, 0, 144, 6, 120]
1546496914424;[171, 0, 17, 255, 161, 72, 68, 182, 68, 0, 0, 215, 1, 0, 22, 1, 0, 128, 6, 203]
1546496914593;[171, 0, 17, 255, 161, 72, 68, 182, 68, 0, 0, 228, 1, 0, 24, 1, 0, 126, 6, 243]
1546496914597;[171, 0, 17, 255, 161, 72, 68, 182, 68, 0, 0, 221, 1, 0, 24, 1, 0, 109, 7, 29]
1546496914939;[171, 0, 17, 255, 161, 72, 68, 182, 68, 0, 0, 231, 1, 0, 24, 1, 0, 115, 7, 67]
1546496914943;[171, 0, 17, 255, 161, 72, 68, 182, 68, 0, 0, 218, 1, 0, 14, 1, 0, 122, 7, 80]
1546496914947;[171, 0, 4, 255, 132, 128, 88]
1546496915111;[171, 0, 17, 255, 161, 72, 68, 182, 68, 0, 0, 238, 1, 0, 4, 1, 0, 133, 7, 96]
1546496915116;[171, 0, 17, 255, 161, 72, 68, 182, 69, 0, 0, 212, 0, 0, 12, 1, 0, 130, 7, 98]
1546496915456;[171, 0, 17, 255, 161, 72, 68, 182, 69, 0, 0, 186, 0, 0, 3, 1, 0, 112, 7, 123]
1546496915460;[171, 0, 17, 255, 161, 72, 68, 182, 69, 0, 0, 218, 0, 0, 8, 1, 0, 125, 7, 185]
1546496915469;[171, 0, 17, 255, 161, 72, 68, 182, 69, 0, 0, 244, 0, 0, 25, 1, 0, 149, 7, 231]
1546496915471;[171, 0, 17, 255, 161, 72, 68, 182, 69, 0, 0, 231, 0, 0, 44, 1, 0, 141, 7, 223]
1546496915628;[171, 0, 17, 255, 161, 72, 68, 182, 69, 0, 0, 224, 0, 0, 79, 1, 0, 146, 7, 191]
1546496915799;[171, 0, 17, 255, 161, 72, 68, 182, 69, 0, 0, 174, 0, 0, 117, 1, 0, 146, 7, 169]
1546496915803;[171, 0, 17, 255, 161, 72, 68, 182, 69, 0, 0, 143, 0, 0, 97, 1, 0, 130, 7, 220]
1546496915972;[171, 0, 17, 255, 161, 72, 68, 182, 69, 0, 1, 16, 0, 0, 144, 1, 0, 149, 8, 40]
1546496915976;[171, 0, 4, 255, 132, 128, 88]
1546496916318;[171, 0, 17, 255, 161, 72, 68, 182, 69, 0, 0, 132, 0, 0, 104, 1, 0, 145, 8, 154]
1546496916323;[171, 0, 17, 255, 161, 72, 68, 182, 70, 0, 0, 253, 0, 0, 130, 1, 0, 158, 8, 231]
1546496916327;[171, 0, 17, 255, 161, 72, 68, 182, 70, 0, 0, 134, 0, 0, 94, 1, 0, 145, 9, 23]
1546496916490;[171, 0, 17, 255, 161, 72, 68, 182, 70, 0, 1, 23, 0, 0, 138, 1, 0, 116, 9, 70]
1546496916494;[171, 0, 17, 255, 161, 72, 68, 182, 70, 0, 0, 128, 0, 0, 85, 1, 0, 145, 9, 85]
1546496916662;[171, 0, 17, 255, 161, 72, 68, 182, 70, 0, 1, 22, 0, 0, 151, 1, 0, 131, 9, 106]
1546496916666;[171, 0, 17, 255, 161, 72, 68, 182, 70, 0, 0, 123, 0, 0, 96, 1, 0, 146, 9, 137]
1546496916835;[171, 0, 17, 255, 161, 72, 68, 182, 70, 0, 0, 226, 0, 0, 125, 1, 0, 120, 9, 204]
1546496917007;[171, 0, 17, 255, 161, 72, 68, 182, 70, 0, 0, 138, 0, 0, 98, 1, 0, 140, 9, 241]
1546496917011;[171, 0, 17, 255, 161, 72, 68, 182, 70, 0, 0, 247, 0, 0, 136, 1, 0, 125, 10, 10]
1546496917180;[171, 0, 4, 255, 132, 128, 88]
1546496917184;[171, 0, 17, 255, 161, 72, 68, 182, 70, 0, 0, 131, 0, 0, 100, 1, 0, 151, 10, 37]
1546496917525;[171, 0, 17, 255, 161, 72, 68, 182, 71, 0, 1, 5, 0, 0, 156, 1, 0, 139, 10, 52]
1546496917529;[171, 0, 17, 255, 161, 72, 68, 182, 71, 0, 0, 143, 0, 0, 104, 1, 0, 151, 10, 46]
1546496917533;[171, 0, 17, 255, 161, 72, 68, 182, 71, 0, 0, 210, 0, 0, 138, 1, 0, 137, 10, 66]
1546496917697;[171, 0, 17, 255, 161, 72, 68, 182, 71, 0, 0, 121, 0, 0, 105, 1, 0, 154, 10, 130]
1546496917701;[171, 0, 17, 255, 161, 72, 68, 182, 71, 0, 0, 239, 0, 0, 156, 1, 0, 154, 10, 191]
1546496917871;[171, 0, 17, 255, 161, 72, 68, 182, 71, 0, 0, 106, 0, 0, 110, 1, 0, 153, 10, 212]
1546496917876;[171, 0, 17, 255, 161, 72, 68, 182, 71, 0, 0, 191, 0, 0, 134, 1, 0, 152, 10, 255]
1546496918043;[171, 0, 17, 255, 161, 72, 68, 182, 71, 0, 0, 110, 0, 0, 110, 1, 0, 157, 11, 5]
1546496918216;[171, 0, 17, 255, 161, 72, 68, 182, 71, 0, 0, 226, 0, 0, 168, 1, 0, 161, 11, 32]
1546496918221;[171, 0, 4, 255, 132, 128, 88]
1546496918387;[171, 0, 17, 255, 161, 72, 68, 182, 71, 0, 0, 95, 0, 0, 116, 1, 0, 153, 11, 29]
1546496918391;[171, 0, 17, 255, 161, 72, 68, 182, 72, 0, 0, 233, 0, 0, 166, 1, 0, 177, 11, 77]
1546496918560;[171, 0, 17, 255, 161, 72, 68, 182, 72, 0, 0, 110, 0, 0, 111, 1, 0, 161, 11, 77]
1546496918566;[171, 0, 17, 255, 161, 72, 68, 182, 72, 0, 0, 206, 0, 0, 155, 1, 0, 159, 11, 115]
1546496918906;[171, 0, 17, 255, 161, 72, 68, 182, 72, 0, 0, 109, 0, 0, 120, 1, 0, 168, 11, 154]
1546496918909;[171, 0, 17, 255, 161, 72, 68, 182, 72, 0, 0, 204, 0, 0, 144, 1, 0, 165, 11, 173]
1546496918914;[171, 0, 17, 255, 161, 72, 68, 182, 72, 0, 0, 134, 0, 0, 128, 1, 0, 178, 11, 119]
1546496919077;[171, 0, 17, 255, 161, 72, 68, 182, 72, 0, 1, 35, 0, 0, 169, 1, 0, 242, 11, 34]
1546496919081;[171, 0, 17, 255, 161, 72, 68, 182, 72, 0, 0, 214, 0, 0, 10, 1, 0, 201, 10, 210]
1546496919251;[171, 0, 17, 255, 161, 72, 68, 182, 72, 0, 0, 95, 0, 0, 15, 1, 0, 16, 9, 34]
1546496919422;[171, 0, 4, 255, 132, 128, 87]
1546496919425;[171, 0, 17, 255, 161, 72, 68, 182, 72, 1, 0, 146, 0, 0, 11, 1, 0, 210, 8, 122]
1546496919596;[171, 0, 17, 255, 161, 72, 68, 182, 73, 0, 0, 104, 1, 0, 19, 0, 0, 32, 8, 122]
1546496919599;[171, 0, 17, 255, 161, 72, 68, 182, 73, 1, 1, 12, 1, 0, 88, 1, 0, 233, 8, 122]
1546496919768;[171, 0, 17, 255, 161, 72, 68, 182, 73, 0, 0, 81, 1, 0, 87, 1, 0, 221, 7, 110]
1546496919772;[171, 0, 17, 255, 161, 72, 68, 182, 73, 1, 0, 1, 1, 0, 98, 1, 0, 174, 7, 1]
1546496920114;[171, 0, 17, 255, 161, 72, 68, 182, 73, 0, 0, 122, 1, 0, 69, 1, 1, 4, 6, 227]
1546496920118;[171, 0, 17, 255, 161, 72, 68, 182, 73, 0, 0, 48, 1, 0, 83, 1, 0, 216, 7, 36]
1546496920122;[171, 0, 17, 255, 161, 72, 68, 182, 73, 0, 0, 159, 1, 0, 70, 1, 0, 244, 7, 52]
1546496920285;[171, 0, 17, 255, 161, 72, 68, 182, 73, 0, 0, 128, 1, 0, 90, 1, 0, 231, 7, 46]
1546496920292;[171, 0, 17, 255, 161, 72, 68, 182, 73, 0, 0, 129, 1, 0, 83, 1, 0, 229, 7, 26]
1546496920462;[171, 0, 4, 255, 132, 128, 86]
1546496920466;[171, 0, 17, 255, 161, 72, 68, 182, 73, 0, 0, 151, 1, 0, 68, 1, 0, 191, 6, 216]
1546496920632;[171, 0, 17, 255, 161, 72, 68, 182, 74, 0, 0, 176, 1, 0, 61, 1, 0, 190, 6, 126]
1546496920803;[171, 0, 17, 255, 161, 72, 68, 182, 74, 0, 0, 204, 1, 0, 29, 1, 0, 145, 6, 34]
1546496920807;[171, 0, 17, 255, 161, 72, 68, 182, 74, 0, 0, 194, 1, 0, 29, 1, 0, 154, 5, 220]
1546496920975;[171, 0, 17, 255, 161, 72, 68, 182, 74, 0, 0, 188, 1, 0, 22, 1, 0, 125, 5, 42]
1546496920979;[171, 0, 17, 255, 161, 72, 68, 182, 74, 0, 0, 201, 1, 0, 60, 1, 1, 7, 4, 116]
1546496921491;[171, 0, 17, 255, 161, 72, 68, 182, 74, 1, 0, 141, 1, 0, 17, 1, 1, 38, 4, 25]
1546496921496;[171, 0, 17, 255, 161, 72, 68, 182, 74, 0, 0, 241, 1, 0, 133, 1, 0, 68, 3, 39]
1546496921500;[171, 0, 17, 255, 161, 72, 68, 182, 74, 1, 0, 179, 1, 0, 101, 1, 0, 48, 3, 4]
1546496921504;[171, 0, 17, 255, 161, 72, 68, 182, 76, 0, 0, 63, 0, 0, 16, 1, 1, 66, 3, 171]
1546496921665;[171, 0, 17, 255, 161, 72, 68, 182, 77, 0, 0, 123, 1, 0, 67, 1, 0, 216, 3, 168]
1546496921847;[171, 0, 17, 255, 161, 72, 68, 182, 77, 0, 0, 108, 1, 0, 67, 1, 0, 212, 3, 174]
1546496922011;[171, 0, 17, 255, 161, 72, 68, 182, 77, 0, 0, 109, 1, 0, 12, 1, 1, 2, 3, 178]
1546496922015;[171, 0, 17, 255, 161, 72, 68, 182, 77, 0, 0, 126, 1, 0, 75, 1, 0, 216, 3, 168]
1546496922183;[171, 0, 17, 255, 161, 72, 68, 182, 77, 0, 0, 128, 1, 0, 81, 1, 0, 214, 3, 179]
1546496922187;[171, 0, 17, 255, 161, 72, 68, 182, 77, 0, 0, 99, 1, 0, 70, 1, 0, 212, 4, 4]
1546496922354;[171, 0, 17, 255, 161, 72, 68, 182, 77, 0, 0, 59, 1, 0, 77, 1, 0, 219, 3, 244]
1546496922701;[171, 0, 17, 255, 161, 72, 68, 182, 77, 0, 0, 101, 1, 0, 94, 1, 0, 217, 3, 151]
1546496922705;[171, 0, 17, 255, 161, 72, 68, 182, 77, 0, 0, 120, 1, 0, 86, 1, 0, 212, 3, 107]
1546496922708;[171, 0, 4, 255, 132, 128, 84]
1546496922713;[171, 0, 17, 255, 161, 72, 68, 182, 77, 0, 0, 158, 1, 0, 109, 1, 0, 192, 3, 84]
1546496922873;[171, 0, 17, 255, 161, 72, 68, 182, 78, 0, 0, 167, 1, 0, 106, 1, 1, 12, 3, 80]
1546496922877;[171, 0, 17, 255, 161, 72, 68, 182, 78, 0, 0, 63, 1, 0, 119, 1, 1, 68, 3, 12]
1546496923046;[171, 0, 17, 255, 161, 72, 68, 182, 78, 1, 0, 4, 1, 0, 160, 1, 0, 194, 2, 174]
1546496923218;[171, 0, 17, 255, 161, 72, 68, 182, 78, 1, 0, 5, 1, 0, 120, 1, 0, 160, 2, 115]
1546496923222;[171, 0, 17, 255, 161, 72, 68, 182, 78, 1, 0, 10, 0, 0, 32, 1, 0, 219, 2, 1]
1546496923390;[171, 0, 17, 255, 161, 72, 68, 182, 78, 1, 0, 26, 0, 0, 111, 1, 1, 21, 1, 139]
1546496923396;[171, 0, 17, 255, 161, 72, 68, 182, 78, 1, 0, 79, 0, 0, 104, 1, 1, 1, 1, 82]
1546496923561;[171, 0, 17, 255, 161, 72, 68, 182, 78, 1, 0, 149, 0, 0, 71, 1, 0, 186, 0, 251]
1546496923564;[171, 0, 17, 255, 161, 72, 68, 182, 78, 1, 0, 152, 0, 0, 62, 1, 0, 213, 16, 193]
1546496923908;[171, 0, 4, 255, 132, 128, 85]
1546496923913;[171, 0, 17, 255, 161, 72, 68, 182, 78, 1, 0, 114, 0, 0, 53, 1, 0, 230, 7, 202]
1546496923917;[171, 0, 17, 255, 161, 72, 68, 182, 79, 1, 0, 123, 0, 0, 33, 1, 0, 220, 7, 184]
1546496924085;[171, 0, 17, 255, 161, 72, 68, 182, 79, 1, 0, 116, 0, 0, 35, 1, 0, 228, 7, 170]
1546496924087;[171, 0, 17, 255, 161, 72, 68, 182, 79, 1, 0, 124, 0, 0, 34, 1, 0, 230, 7, 156]
1546496924252;[171, 0, 17, 255, 161, 72, 68, 182, 79, 1, 0, 102, 0, 0, 70, 1, 1, 6, 7, 116]
1546496924426;[171, 0, 17, 255, 161, 72, 68, 182, 79, 1, 0, 40, 0, 0, 44, 1, 0, 251, 7, 78]
1546496924430;[171, 0, 17, 255, 161, 72, 68, 182, 79, 1, 0, 67, 1, 0, 61, 1, 0, 136, 6, 251]
1546496924597;[171, 0, 17, 255, 161, 72, 68, 182, 79, 0, 0, 65, 1, 0, 132, 1, 0, 208, 6, 234]
1546496924601;[171, 0, 17, 255, 161, 72, 68, 182, 79, 0, 0, 47, 1, 0, 166, 1, 1, 36, 6, 243]
1546496924771;[171, 0, 17, 255, 161, 72, 68, 182, 79, 0, 0, 99, 1, 0, 33, 1, 0, 203, 6, 237]
1546496924775;[171, 0, 4, 255, 132, 128, 86]
1546496924944;[171, 0, 17, 255, 161, 72, 68, 182, 79, 0, 0, 110, 1, 0, 88, 1, 0, 238, 6, 189]
1546496925289;[171, 0, 17, 255, 161, 72, 68, 182, 80, 0, 0, 56, 1, 0, 53, 1, 0, 254, 6, 155]
1546496925293;[171, 0, 17, 255, 161, 72, 68, 182, 80, 0, 0, 5, 1, 0, 46, 1, 0, 255, 6, 130]
1546496925297;[171, 0, 17, 255, 161, 72, 68, 182, 80, 1, 0, 17, 1, 0, 39, 1, 0, 252, 6, 121]
1546496925301;[171, 0, 17, 255, 161, 72, 68, 182, 80, 1, 0, 44, 1, 0, 32, 1, 0, 246, 6, 96]
1546496925461;[171, 0, 17, 255, 161, 72, 68, 182, 80, 1, 0, 31, 1, 0, 40, 1, 1, 3, 6, 61]
1546496925469;[171, 0, 17, 255, 161, 72, 68, 182, 80, 1, 0, 17, 1, 0, 40, 1, 0, 240, 6, 3]
1546496925632;[171, 0, 17, 255, 161, 72, 68, 182, 80, 0, 0, 6, 1, 0, 39, 1, 0, 250, 5, 214]
1546496925806;[171, 0, 17, 255, 161, 72, 68, 182, 80, 0, 0, 13, 1, 0, 34, 1, 1, 9, 5, 172]
1546496925809;[171, 0, 17, 255, 161, 72, 68, 182, 80, 1, 0, 9, 1, 0, 24, 1, 1, 1, 5, 86]
1546496925975;[171, 0, 4, 255, 132, 128, 86]
1546496925979;[171, 0, 17, 255, 161, 72, 68, 182, 80, 1, 0, 15, 1, 0, 45, 1, 0, 248, 5, 87]
1546496926150;[171, 0, 17, 255, 161, 72, 68, 182, 81, 1, 0, 34, 1, 0, 8, 1, 0, 250, 5, 161]
1546496926495;[171, 0, 17, 255, 161, 72, 68, 182, 81, 1, 0, 74, 1, 0, 40, 1, 0, 247, 7, 1]
1546496926499;[171, 0, 17, 255, 161, 72, 68, 182, 81, 1, 0, 74, 1, 0, 24, 1, 0, 240, 10, 18]
1546496926503;[171, 0, 17, 255, 161, 72, 68, 182, 81, 1, 0, 69, 1, 0, 35, 1, 0, 243, 10, 253]
1546496926507;[171, 0, 17, 255, 161, 72, 68, 182, 81, 1, 0, 86, 1, 0, 40, 1, 0, 246, 10, 198]
1546496926668;[171, 0, 17, 255, 161, 72, 68, 182, 81, 1, 0, 92, 1, 0, 38, 1, 0, 237, 10, 83]
1546496926672;[171, 0, 17, 255, 161, 72, 68, 182, 81, 1, 0, 83, 1, 0, 34, 1, 0, 222, 10, 16]
1546496926843;[171, 0, 17, 255, 161, 72, 68, 182, 81, 1, 0, 56, 1, 0, 46, 1, 0, 241, 9, 248]
1546496927013;[171, 0, 17, 255, 161, 72, 68, 182, 81, 1, 0, 43, 1, 0, 47, 1, 0, 247, 8, 83]
1546496927016;[171, 0, 4, 255, 132, 128, 87]
1546496927185;[171, 0, 17, 255, 161, 72, 68, 182, 81, 0, 0, 23, 1, 0, 16, 1, 1, 13, 8, 33]
1546496927188;[171, 0, 17, 255, 161, 72, 68, 182, 82, 0, 0, 55, 1, 0, 23, 1, 0, 243, 8, 15]
1546496927359;[171, 0, 17, 255, 161, 72, 68, 182, 82, 0, 0, 37, 1, 0, 28, 1, 1, 4, 8, 1]
1546496927363;[171, 0, 17, 255, 161, 72, 68, 182, 82, 0, 0, 40, 1, 0, 24, 1, 0, 253, 7, 255]
1546496927531;[171, 0, 17, 255, 161, 72, 68, 182, 82, 0, 0, 40, 1, 0, 34, 1, 0, 235, 7, 217]
1546496927877;[171, 0, 17, 255, 161, 72, 68, 182, 82, 0, 0, 48, 1, 0, 24, 1, 0, 241, 7, 178]
1546496927880;[171, 0, 17, 255, 161, 72, 68, 182, 82, 0, 0, 23, 1, 0, 33, 1, 0, 249, 7, 217]
1546496927884;[171, 0, 17, 255, 161, 72, 68, 182, 82, 0, 0, 27, 1, 0, 35, 1, 0, 252, 7, 211]
1546496927888;[171, 0, 17, 255, 161, 72, 68, 182, 82, 0, 0, 23, 1, 0, 33, 1, 0, 253, 7, 183]
1546496928047;[171, 0, 17, 255, 161, 72, 68, 182, 82, 0, 0, 22, 1, 0, 35, 1, 0, 253, 7, 150]
1546496928219;[171, 0, 4, 255, 132, 128, 87]
1546496928224;[171, 0, 17, 255, 161, 72, 68, 182, 82, 0, 0, 7, 1, 0, 35, 1, 0, 246, 7, 111]
1546496928392;[171, 0, 17, 255, 161, 72, 68, 182, 83, 0, 0, 21, 1, 0, 34, 1, 0, 254, 7, 96]
1546496928396;[171, 0, 17, 255, 161, 72, 68, 182, 83, 0, 0, 40, 1, 0, 29, 1, 0, 253, 7, 79]
1546496928565;[171, 0, 17, 255, 161, 72, 68, 182, 83, 0, 0, 31, 1, 0, 30, 1, 1, 0, 7, 67]
1546496928569;[171, 0, 17, 255, 161, 72, 68, 182, 83, 0, 0, 13, 1, 0, 33, 1, 1, 0, 7, 40]
1546496928738;[171, 0, 17, 255, 161, 72, 68, 182, 83, 0, 0, 18, 1, 0, 34, 1, 0, 250, 7, 26]
1546496929083;[171, 0, 17, 255, 161, 72, 68, 182, 83, 0, 0, 29, 1, 0, 24, 1, 1, 3, 7, 20]
1546496929087;[171, 0, 17, 255, 161, 72, 68, 182, 83, 0, 0, 21, 1, 0, 35, 1, 0, 255, 7, 19]
1546496929091;[171, 0, 17, 255, 161, 72, 68, 182, 83, 0, 0, 25, 1, 0, 34, 1, 0, 255, 7, 40]
1546496929095;[171, 0, 17, 255, 161, 72, 68, 182, 83, 0, 0, 7, 1, 0, 35, 1, 0, 254, 7, 91]
1546496929255;[171, 0, 4, 255, 132, 128, 87]
1546496929259;[171, 0, 17, 255, 161, 72, 68, 182, 83, 0, 0, 18, 1, 0, 39, 1, 0, 250, 7, 160]
1546496929428;[171, 0, 17, 255, 161, 72, 68, 182, 84, 0, 0, 15, 1, 0, 37, 1, 0, 250, 7, 196]
1546496929600;[171, 0, 17, 255, 161, 72, 68, 182, 84, 0, 0, 21, 1, 0, 35, 1, 0, 250, 7, 235]
1546496929604;[171, 0, 17, 255, 161, 72, 68, 182, 84, 0, 0, 19, 1, 0, 39, 1, 0, 253, 7, 248]
1546496929773;[171, 0, 17, 255, 161, 72, 68, 182, 84, 0, 0, 15, 1, 0, 34, 1, 0, 252, 8, 9]
1546496929776;[171, 0, 17, 255, 161, 72, 68, 182, 84, 0, 0, 21, 1, 0, 39, 1, 0, 250, 8, 15]
1546496929944;[171, 0, 17, 255, 161, 72, 68, 182, 84, 0, 0, 13, 1, 0, 34, 1, 0, 253, 8, 54]
1546496930470;[171, 0, 17, 255, 161, 72, 68, 182, 84, 0, 0, 21, 1, 0, 39, 1, 0, 250, 8, 102]
1546496930472;[171, 0, 17, 255, 161, 72, 68, 182, 84, 0, 0, 13, 1, 0, 37, 1, 0, 252, 8, 127]
1546496930476;[171, 0, 17, 255, 161, 72, 68, 182, 84, 0, 0, 19, 1, 0, 37, 1, 0, 252, 8, 141]
1546496930478;[171, 0, 4, 255, 132, 128, 87]
1546496930636;[171, 0, 17, 255, 161, 72, 68, 182, 84, 0, 0, 11, 1, 0, 35, 1, 0, 250, 8, 158]
1546496930640;[171, 0, 17, 255, 161, 72, 68, 182, 85, 0, 0, 6, 1, 0, 38, 1, 0, 255, 8, 150]
1546496930644;[171, 0, 17, 255, 161, 72, 68, 182, 85, 0, 0, 7, 1, 0, 37, 1, 0, 253, 8, 146]
1546496930807;[171, 0, 17, 255, 161, 72, 68, 182, 85, 0, 0, 6, 1, 0, 35, 1, 0, 252, 8, 169]
1546496930811;[171, 0, 17, 255, 161, 72, 68, 182, 85, 0, 0, 6, 1, 0, 39, 1, 0, 251, 8, 225]
1546496930980;[171, 0, 17, 255, 161, 72, 68, 182, 85, 0, 0, 13, 1, 0, 37, 1, 0, 253, 9, 5]
1546496930984;[171, 0, 17, 255, 161, 72, 68, 182, 85, 0, 0, 7, 1, 0, 39, 1, 0, 252, 9, 2]
1546496931149;[171, 0, 17, 255, 161, 72, 68, 182, 85, 0, 0, 11, 1, 0, 39, 1, 0, 253, 9, 17]
1546496931325;[171, 0, 17, 255, 161, 72, 68, 182, 85, 0, 0, 17, 1, 0, 39, 1, 0, 252, 9, 18]
1546496931329;[171, 0, 17, 255, 161, 72, 68, 182, 85, 0, 0, 18, 1, 0, 37, 1, 0, 252, 9, 16]
1546496931672;[171, 0, 4, 255, 132, 128, 87]
1546496931676;[171, 0, 17, 255, 161, 72, 68, 182, 85, 0, 0, 7, 1, 0, 35, 1, 0, 255, 9, 44]
1546496931680;[171, 0, 17, 255, 161, 72, 68, 182, 86, 0, 0, 13, 1, 0, 35, 1, 0, 253, 9, 130]
1546496931684;[171, 0, 17, 255, 161, 72, 68, 182, 86, 0, 0, 13, 1, 0, 39, 1, 0, 253, 9, 171]
1546496931842;[171, 0, 17, 255, 161, 72, 68, 182, 86, 0, 0, 13, 1, 0, 38, 1, 0, 253, 9, 207]
1546496932015;[171, 0, 17, 255, 161, 72, 68, 182, 86, 0, 0, 11, 1, 0, 39, 1, 0, 252, 9, 232]
1546496932019;[171, 0, 17, 255, 161, 72, 68, 182, 86, 0, 0, 17, 1, 0, 38, 1, 0, 253, 9, 238]
1546496932189;[171, 0, 17, 255, 161, 72, 68, 182, 86, 0, 0, 11, 1, 0, 35, 1, 0, 252, 9, 233]
1546496932193;[171, 0, 17, 255, 161, 72, 68, 182, 86, 0, 0, 18, 1, 0, 35, 1, 0, 253, 9, 241]
1546496932362;[171, 0, 17, 255, 161, 72, 68, 182, 86, 0, 0, 19, 1, 0, 35, 1, 0, 252, 10, 57]
1546496932366;[171, 0, 17, 255, 161, 72, 68, 182, 86, 0, 0, 19, 1, 0, 35, 1, 0, 252, 10, 100]
1546496932532;[171, 0, 4, 255, 132, 128, 87]
1546496932880;[171, 0, 17, 255, 161, 72, 68, 182, 86, 0, 0, 18, 1, 0, 40, 1, 0, 253, 10, 123]
1546496932884;[171, 0, 17, 255, 161, 72, 68, 182, 87, 0, 0, 19, 1, 0, 39, 1, 0, 252, 10, 111]
1546496932888;[171, 0, 17, 255, 161, 72, 68, 182, 87, 0, 0, 13, 1, 0, 39, 1, 0, 254, 10, 89]
1546496932892;[171, 0, 17, 255, 161, 72, 68, 182, 87, 0, 0, 23, 1, 0, 40, 1, 0, 246, 10, 60]
1546496933051;[171, 0, 17, 255, 161, 72, 68, 182, 87, 0, 0, 7, 1, 0, 39, 1, 0, 254, 10, 39]
1546496933224;[171, 0, 17, 255, 161, 72, 68, 182, 87, 0, 0, 26, 1, 0, 37, 1, 1, 2, 10, 107]
1546496933227;[171, 0, 17, 255, 161, 72, 68, 182, 87, 0, 0, 6, 1, 0, 44, 1, 0, 251, 10, 152]
1546496933395;[171, 0, 17, 255, 161, 72, 68, 182, 87, 0, 0, 9, 1, 0, 44, 1, 0, 245, 10, 176]
1546496933399;[171, 0, 17, 255, 161, 72, 68, 182, 87, 0, 0, 36, 1, 0, 47, 1, 0, 247, 10, 195]
1546496933567;[171, 0, 17, 255, 161, 72, 68, 182, 87, 0, 0, 41, 1, 0, 25, 1, 0, 223, 10, 198]
1546496933573;[171, 0, 4, 255, 132, 128, 88]
1546496933740;[171, 0, 17, 255, 161, 72, 68, 182, 87, 0, 0, 48, 1, 0, 38, 1, 0, 241, 10, 196]
1546496933912;[171, 0, 17, 255, 161, 72, 68, 182, 88, 0, 0, 98, 1, 0, 46, 1, 0, 245, 10, 164]
1546496933916;[171, 0, 17, 255, 161, 72, 68, 182, 88, 0, 0, 103, 0, 0, 1, 1, 0, 233, 11, 38]
1546496934259;[171, 0, 17, 255, 161, 72, 68, 182, 88, 0, 0, 109, 0, 0, 1, 1, 0, 234, 11, 132]
1546496934264;[171, 0, 17, 255, 161, 72, 68, 182, 88, 0, 0, 134, 0, 0, 12, 1, 0, 229, 11, 147]
1546496934268;[171, 0, 17, 255, 161, 72, 68, 182, 88, 0, 0, 131, 0, 0, 23, 1, 0, 228, 11, 105]
1546496934272;[171, 0, 17, 255, 161, 72, 68, 182, 88, 0, 0, 141, 0, 0, 84, 1, 0, 196, 11, 112]
1546496934431;[171, 0, 17, 255, 161, 72, 68, 182, 88, 0, 0, 128, 0, 0, 128, 1, 0, 168, 11, 66]
1546496934602;[171, 0, 17, 255, 161, 72, 68, 182, 88, 0, 0, 135, 0, 0, 182, 1, 0, 145, 11, 28]
1546496934607;[171, 0, 17, 255, 161, 72, 68, 182, 88, 0, 0, 114, 0, 0, 201, 1, 0, 122, 11, 33]
1546496934775;[171, 0, 4, 255, 132, 128, 87]
1546496934779;[171, 0, 17, 255, 161, 72, 68, 182, 88, 0, 0, 117, 0, 0, 202, 1, 0, 118, 11, 58]
1546496934944;[171, 0, 17, 255, 161, 72, 68, 182, 89, 0, 0, 121, 0, 0, 202, 1, 0, 121, 11, 76]
1546496935120;[171, 0, 17, 255, 161, 72, 68, 182, 89, 0, 0, 114, 0, 0, 214, 1, 0, 97, 11, 114]
1546496935124;[171, 0, 17, 255, 161, 72, 68, 182, 89, 0, 0, 116, 0, 0, 225, 1, 0, 77, 11, 176]
1546496935468;[171, 0, 17, 255, 161, 72, 68, 182, 89, 0, 0, 101, 0, 0, 228, 1, 0, 72, 11, 233]
1546496935473;[171, 0, 17, 255, 161, 72, 68, 182, 89, 0, 0, 111, 0, 0, 227, 1, 0, 79, 12, 4]
1546496935479;[171, 0, 17, 255, 161, 72, 68, 182, 89, 0, 0, 109, 0, 0, 222, 1, 0, 85, 12, 49]
1546496935482;[171, 0, 17, 255, 161, 72, 68, 182, 89, 0, 0, 125, 0, 0, 197, 1, 0, 102, 12, 120]
1546496935637;[171, 0, 17, 255, 161, 72, 68, 182, 89, 0, 0, 156, 0, 0, 157, 1, 0, 145, 12, 149]
1546496935809;[171, 0, 17, 255, 161, 72, 68, 182, 89, 0, 0, 160, 0, 0, 128, 1, 0, 158, 12, 167]
1546496935813;[171, 0, 4, 255, 132, 128, 87]
1546496935982;[171, 0, 17, 255, 161, 72, 68, 182, 89, 0, 0, 173, 0, 0, 86, 1, 0, 176, 12, 177]
1546496935986;[171, 0, 17, 255, 161, 72, 68, 182, 90, 0, 0, 179, 0, 0, 46, 1, 0, 195, 12, 173]
1546496936154;[171, 0, 17, 255, 161, 72, 68, 182, 90, 0, 0, 146, 0, 0, 37, 1, 0, 212, 12, 187]
1546496936161;[171, 0, 17, 255, 161, 72, 68, 182, 90, 0, 0, 104, 0, 0, 17, 1, 0, 241, 12, 218]
1546496936327;[171, 0, 17, 255, 161, 72, 68, 182, 90, 0, 0, 48, 1, 0, 14, 1, 0, 238, 13, 29]
1546496936840;[171, 0, 17, 255, 161, 72, 68, 182, 90, 0, 0, 26, 1, 0, 56, 1, 0, 238, 13, 34]
1546496936843;[171, 0, 17, 255, 161, 72, 68, 182, 90, 0, 0, 26, 0, 0, 7, 1, 1, 18, 13, 20]
1546496936847;[171, 0, 17, 255, 161, 72, 68, 182, 90, 0, 0, 41, 1, 0, 9, 1, 0, 243, 12, 215]
1546496936848;[171, 0, 17, 255, 161, 72, 68, 182, 90, 0, 0, 55, 1, 0, 46, 1, 0, 243, 12, 158]
1546496937018;[171, 0, 17, 255, 161, 72, 68, 182, 90, 0, 0, 81, 1, 0, 14, 1, 0, 255, 12, 149]
1546496937021;[171, 0, 4, 255, 132, 128, 87]
1546496937025;[171, 0, 17, 255, 161, 72, 68, 182, 90, 0, 0, 61, 1, 0, 34, 1, 0, 229, 12, 145]
1546496937188;[171, 0, 17, 255, 161, 72, 68, 182, 91, 0, 0, 131, 1, 0, 35, 1, 0, 228, 12, 210]
1546496937191;[171, 0, 17, 255, 161, 72, 68, 182, 91, 0, 0, 121, 1, 0, 37, 1, 0, 212, 13, 5]
1546496937359;[171, 0, 17, 255, 161, 72, 68, 182, 91, 0, 0, 123, 1, 0, 38, 1, 0, 219, 13, 41]
1546496937362;[171, 0, 17, 255, 161, 72, 68, 182, 91, 0, 0, 124, 1, 0, 35, 1, 0, 219, 13, 75]
1546496937530;[171, 0, 17, 255, 161, 72, 68, 182, 91, 0, 0, 132, 1, 0, 35, 1, 0, 220, 13, 118]
1546496937709;[171, 0, 17, 255, 161, 72, 68, 182, 91, 0, 0, 116, 1, 0, 41, 1, 0, 220, 13, 136]
1546496937713;[171, 0, 17, 255, 161, 72, 68, 182, 91, 0, 0, 116, 1, 0, 40, 1, 0, 219, 13, 156]
1546496938054;[171, 0, 17, 255, 161, 72, 68, 182, 91, 0, 0, 124, 1, 0, 40, 1, 0, 220, 14, 13]
1546496938058;[171, 0, 17, 255, 161, 72, 68, 182, 91, 0, 0, 118, 1, 0, 43, 1, 0, 219, 14, 41]
1546496938062;[171, 0, 4, 255, 132, 128, 87]
1546496938225;[171, 0, 17, 255, 161, 72, 68, 182, 91, 0, 0, 121, 1, 0, 39, 1, 0, 220, 14, 13]
1546496938229;[171, 0, 17, 255, 161, 72, 68, 182, 92, 0, 0, 135, 1, 0, 39, 1, 0, 219, 13, 231]
1546496938399;[171, 0, 17, 255, 161, 72, 68, 182, 92, 0, 0, 123, 1, 0, 33, 1, 0, 217, 13, 203]
1546496938403;[171, 0, 17, 255, 161, 72, 68, 182, 92, 0, 0, 133, 1, 0, 37, 1, 0, 212, 13, 221]
1546496938572;[171, 0, 17, 255, 161, 72, 68, 182, 92, 0, 0, 163, 1, 0, 35, 1, 0, 174, 13, 162]
1546496938576;[171, 0, 17, 255, 161, 72, 68, 182, 92, 0, 0, 183, 1, 0, 30, 1, 0, 175, 13, 189]
1546496938744;[171, 0, 17, 255, 161, 72, 68, 182, 92, 0, 0, 215, 1, 0, 33, 1, 0, 118, 13, 181]
1546496938916;[171, 0, 17, 255, 161, 72, 68, 182, 92, 0, 0, 221, 1, 0, 34, 1, 0, 121, 13, 193]
1546496938920;[171, 0, 17, 255, 161, 72, 68, 182, 92, 0, 0, 240, 1, 0, 33, 1, 0, 101, 13, 192]
1546496939263;[171, 0, 17, 255, 161, 72, 68, 182, 92, 0, 0, 241, 1, 0, 40, 1, 0, 81, 13, 137]
1546496939267;[171, 0, 4, 255, 132, 128, 87]
1546496939271;[171, 0, 17, 255, 161, 72, 68, 182, 92, 0, 0, 228, 1, 0, 43, 1, 0, 96, 13, 45]
1546496939276;[171, 0, 17, 255, 161, 72, 68, 182, 93, 0, 0, 233, 1, 0, 37, 1, 0, 101, 13, 3]
1546496939434;[171, 0, 17, 255, 161, 72, 68, 182, 93, 0, 0, 236, 1, 0, 29, 1, 0, 105, 13, 81]
1546496939607;[171, 0, 17, 255, 161, 72, 68, 182, 93, 0, 0, 236, 1, 0, 33, 1, 0, 105, 13, 175]
1546496939611;[171, 0, 17, 255, 161, 72, 68, 182, 93, 0, 0, 234, 1, 0, 37, 1, 0, 102, 13, 211]
1546496939778;[171, 0, 17, 255, 161, 72, 68, 182, 93, 0, 0, 228, 1, 0, 38, 1, 0, 100, 13, 224]
1546496939782;[171, 0, 17, 255, 161, 72, 68, 182, 93, 0, 0, 237, 1, 0, 43, 1, 0, 87, 13, 235]
1546496939952;[171, 0, 17, 255, 161, 72, 68, 182, 93, 0, 0, 234, 1, 0, 46, 1, 0, 84, 13, 180]
1546496940124;[171, 0, 17, 255, 161, 72, 68, 182, 93, 0, 0, 234, 1, 0, 38, 1, 0, 91, 13, 40]
1546496940128;[171, 0, 17, 255, 161, 72, 68, 182, 93, 0, 0, 240, 1, 0, 40, 1, 0, 74, 12, 232]
1546496940296;[171, 0, 4, 255, 132, 128, 86]
1546496940300;[171, 0, 17, 255, 161, 72, 68, 182, 93, 0, 0, 246, 1, 0, 34, 1, 0, 79, 13, 11]
1546496940642;[171, 0, 17, 255, 161, 72, 68, 182, 94, 0, 0, 232, 1, 0, 46, 1, 0, 52, 13, 99]
1546496940646;[171, 0, 17, 255, 161, 72, 68, 182, 94, 0, 0, 245, 1, 0, 40, 1, 0, 39, 13, 54]
1546496940650;[171, 0, 17, 255, 161, 72, 68, 182, 94, 0, 1, 5, 1, 0, 40, 1, 0, 15, 13, 62]
1546496940813;[171, 0, 17, 255, 161, 72, 68, 182, 94, 0, 0, 245, 1, 0, 40, 0, 0, 8, 13, 82]
1546496940817;[171, 0, 17, 255, 161, 72, 68, 182, 94, 0, 0, 253, 1, 0, 40, 0, 0, 28, 13, 97]
1546496940987;[171, 0, 17, 255, 161, 72, 68, 182, 94, 0, 1, 1, 1, 0, 40, 0, 0, 45, 13, 120]
1546496940991;[171, 0, 17, 255, 161, 72, 68, 182, 94, 0, 0, 251, 1, 0, 39, 0, 0, 53, 13, 103]
1546496941160;[171, 0, 17, 255, 161, 72, 68, 182, 94, 0, 0, 243, 1, 0, 38, 0, 0, 63, 13, 54]
1546496941164;[171, 0, 17, 255, 161, 72, 68, 182, 94, 0, 0, 245, 1, 0, 38, 0, 0, 63, 13, 6]
1546496941331;[171, 0, 4, 255, 132, 128, 85]
1546496941501;[171, 0, 17, 255, 161, 72, 68, 182, 94, 0, 0, 251, 1, 0, 35, 0, 0, 68, 12, 201]
1546496941505;[171, 0, 17, 255, 161, 72, 68, 182, 95, 0, 1, 2, 1, 0, 35, 0, 0, 55, 12, 141]
1546496941843;[171, 0, 17, 255, 161, 72, 68, 182, 95, 0, 0, 251, 1, 0, 35, 0, 0, 32, 12, 131]
1546496941852;[171, 0, 17, 255, 161, 72, 68, 182, 95, 0, 0, 245, 1, 0, 46, 0, 0, 27, 12, 187]
1546496941856;[171, 0, 17, 255, 161, 72, 68, 182, 95, 0, 1, 3, 1, 0, 38, 0, 0, 23, 12, 159]
1546496942016;[171, 0, 17, 255, 161, 72, 68, 182, 95, 0, 0, 251, 1, 0, 44, 0, 0, 25, 12, 138]
1546496942018;[171, 0, 17, 255, 161, 72, 68, 182, 95, 0, 0, 253, 1, 0, 39, 0, 0, 23, 12, 82]
1546496942191;[171, 0, 17, 255, 161, 72, 68, 182, 95, 0, 0, 247, 1, 0, 39, 0, 0, 22, 12, 24]
1546496942194;[171, 0, 17, 255, 161, 72, 68, 182, 95, 0, 1, 2, 1, 0, 40, 0, 0, 20, 11, 204]
1546496942368;[171, 0, 17, 255, 161, 72, 68, 182, 95, 0, 0, 253, 1, 0, 39, 0, 0, 11, 11, 183]
1546496942371;[171, 0, 4, 255, 132, 128, 85]
1546496942538;[171, 0, 17, 255, 161, 72, 68, 182, 95, 0, 0, 247, 1, 0, 40, 0, 0, 17, 11, 204]
1546496942711;[171, 0, 17, 255, 161, 72, 68, 182, 96, 0, 0, 247, 1, 0, 39, 0, 0, 12, 11, 243]
1546496942716;[171, 0, 17, 255, 161, 72, 68, 182, 96, 0, 0, 247, 1, 0, 39, 0, 0, 26, 12, 31]
1546496942888;[171, 0, 17, 255, 161, 72, 68, 182, 96, 0, 0, 252, 1, 0, 38, 0, 0, 28, 12, 68]
1546496942890;[171, 0, 17, 255, 161, 72, 68, 182, 96, 0, 1, 1, 1, 0, 38, 0, 0, 28, 12, 28]
1546496943229;[171, 0, 17, 255, 161, 72, 68, 182, 96, 0, 0, 245, 1, 0, 39, 0, 0, 22, 11, 179]
1546496943234;[171, 0, 17, 255, 161, 72, 68, 182, 96, 0, 0, 246, 1, 0, 43, 0, 0, 21, 11, 135]
1546496943238;[171, 0, 17, 255, 161, 72, 68, 182, 96, 0, 0, 247, 1, 0, 39, 0, 0, 11, 11, 124]
1546496943402;[171, 0, 17, 255, 161, 72, 68, 182, 96, 0, 0, 247, 1, 0, 40, 0, 0, 11, 11, 125]
1546496943572;[171, 0, 17, 255, 161, 72, 68, 182, 98, 0, 1, 7, 1, 0, 35, 1, 0, 8, 11, 116]
1546496943745;[171, 0, 17, 255, 161, 72, 68, 182, 99, 0, 0, 253, 1, 0, 40, 1, 0, 5, 11, 137]
1546496943919;[171, 0, 17, 255, 161, 72, 68, 182, 99, 0, 0, 247, 1, 0, 39, 1, 0, 13, 11, 148]
1546496943923;[171, 0, 17, 255, 161, 72, 68, 182, 99, 0, 1, 0, 1, 0, 37, 1, 0, 16, 11, 208]
1546496944092;[171, 0, 17, 255, 161, 72, 68, 182, 99, 0, 1, 1, 1, 0, 40, 1, 0, 13, 11, 246]
1546496944096;[171, 0, 17, 255, 161, 72, 68, 182, 99, 0, 0, 253, 1, 0, 39, 1, 0, 16, 12, 41]
1546496944438;[171, 0, 17, 255, 161, 72, 68, 182, 99, 0, 0, 244, 1, 0, 40, 1, 0, 29, 12, 7]
1546496944442;[171, 0, 17, 255, 161, 72, 68, 182, 99, 0, 0, 241, 1, 0, 43, 1, 0, 27, 11, 192]
1546496944447;[171, 0, 17, 255, 161, 72, 68, 182, 99, 0, 0, 253, 1, 0, 40, 1, 0, 32, 11, 133]
1546496944611;[171, 0, 17, 255, 161, 72, 68, 182, 99, 0, 0, 242, 1, 0, 44, 1, 0, 23, 11, 112]
1546496944615;[171, 0, 4, 255, 132, 128, 86]
1546496944781;[171, 0, 17, 255, 161, 72, 68, 182, 99, 0, 0, 255, 1, 0, 38, 1, 0, 29, 11, 165]
1546496944784;[171, 0, 17, 255, 161, 72, 68, 182, 100, 0, 0, 237, 1, 0, 39, 1, 0, 46, 11, 87]
1546496944954;[171, 0, 17, 255, 161, 72, 68, 182, 100, 0, 0, 246, 1, 0, 41, 1, 0, 32, 11, 89]
1546496945127;[171, 0, 17, 255, 161, 72, 68, 182, 100, 0, 0, 247, 1, 0, 41, 1, 0, 37, 11, 101]
1546496945131;[171, 0, 17, 255, 161, 72, 68, 182, 100, 0, 1, 12, 1, 0, 35, 1, 0, 44, 11, 98]
1546496945298;[171, 0, 17, 255, 161, 72, 68, 182, 100, 0, 0, 222, 1, 0, 43, 1, 0, 103, 11, 128]
1546496945302;[171, 0, 17, 255, 161, 72, 68, 182, 100, 0, 0, 211, 1, 0, 43, 1, 0, 131, 11, 54]
1546496945819;[171, 0, 17, 255, 161, 72, 68, 182, 100, 0, 0, 203, 1, 0, 34, 1, 0, 152, 10, 212]
1546496945823;[171, 0, 17, 255, 161, 72, 68, 182, 100, 0, 0, 209, 1, 0, 44, 1, 0, 150, 10, 116]
1546496945828;[171, 0, 17, 255, 161, 72, 68, 182, 100, 0, 0, 156, 1, 0, 38, 1, 0, 191, 10, 64]
1546496945832;[171, 0, 4, 255, 132, 128, 86]
1546496945991;[171, 0, 17, 255, 161, 72, 68, 182, 100, 0, 0, 161, 1, 0, 34, 1, 0, 192, 10, 15]
1546496945995;[171, 0, 17, 255, 161, 72, 68, 182, 101, 0, 0, 179, 1, 0, 29, 1, 0, 199, 9, 149]
1546496945999;[171, 0, 17, 255, 161, 72, 68, 182, 101, 0, 0, 135, 1, 0, 35, 1, 0, 203, 8, 250]
1546496946161;[171, 0, 17, 255, 161, 72, 68, 182, 101, 0, 0, 166, 1, 0, 34, 1, 0, 194, 8, 114]
1546496946165;[171, 0, 17, 255, 161, 72, 68, 182, 101, 0, 0, 231, 1, 0, 25, 1, 0, 142, 8, 95]
1546496946334;[171, 0, 17, 255, 161, 72, 68, 182, 101, 0, 0, 246, 1, 0, 37, 1, 0, 46, 7, 137]
1546496946505;[171, 0, 17, 255, 161, 72, 68, 182, 101, 0, 0, 251, 1, 0, 38, 1, 0, 41, 7, 127]
1546496946510;[171, 0, 17, 255, 161, 72, 68, 182, 101, 0, 0, 251, 1, 0, 39, 0, 0, 2, 7, 183]
1546496946679;[171, 0, 17, 255, 161, 72, 68, 182, 101, 0, 1, 7, 1, 0, 39, 0, 0, 39, 7, 169]
1546496946683;[171, 0, 17, 255, 161, 72, 68, 182, 101, 0, 0, 251, 1, 0, 33, 0, 0, 10, 7, 132]
1546496947025;[171, 0, 4, 255, 132, 128, 86]
1546496947028;[171, 0, 17, 255, 161, 72, 68, 182, 101, 0, 0, 253, 1, 0, 33, 0, 0, 20, 7, 75]
1546496947032;[171, 0, 17, 255, 161, 72, 68, 182, 102, 0, 0, 253, 1, 0, 34, 0, 0, 15, 7, 107]
1546496947196;[171, 0, 17, 255, 161, 72, 68, 182, 102, 0, 1, 7, 1, 0, 34, 0, 0, 34, 7, 111]
1546496947200;[171, 0, 17, 255, 161, 72, 68, 182, 102, 0, 1, 13, 1, 0, 34, 0, 0, 24, 7, 4]
1546496947368;[171, 0, 17, 255, 161, 72, 68, 182, 102, 0, 1, 31, 1, 0, 35, 1, 0, 29, 7, 51]
1546496947372;[171, 0, 17, 255, 161, 72, 68, 182, 102, 0, 0, 212, 1, 0, 31, 1, 0, 115, 7, 94]
1546496947540;[171, 0, 17, 255, 161, 72, 68, 182, 102, 0, 0, 237, 1, 0, 35, 1, 0, 92, 7, 90]
1546496947718;[171, 0, 17, 255, 161, 72, 68, 182, 102, 0, 0, 234, 1, 0, 35, 1, 0, 104, 6, 219]
1546496947721;[171, 0, 17, 255, 161, 72, 68, 182, 102, 0, 0, 212, 1, 0, 37, 1, 0, 106, 6, 141]
1546496947883;[171, 0, 17, 255, 161, 72, 68, 182, 102, 0, 0, 246, 1, 0, 43, 1, 0, 75, 6, 157]
1546496947886;[171, 0, 4, 255, 132, 128, 86]
1546496948233;[171, 0, 17, 255, 161, 72, 68, 182, 102, 0, 0, 228, 1, 0, 34, 1, 0, 101, 6, 115]
1546496948237;[171, 0, 17, 255, 161, 72, 68, 182, 103, 0, 0, 239, 1, 0, 35, 1, 0, 92, 6, 53]
1546496948241;[171, 0, 17, 255, 161, 72, 68, 182, 103, 0, 0, 240, 1, 0, 41, 1, 0, 74, 6, 49]
1546496948404;[171, 0, 17, 255, 161, 72, 68, 182, 103, 0, 0, 238, 1, 0, 39, 1, 0, 79, 6, 41]
1546496948407;[171, 0, 17, 255, 161, 72, 68, 182, 103, 0, 0, 229, 1, 0, 39, 1, 0, 71, 6, 38]
1546496948576;[171, 0, 17, 255, 161, 72, 68, 182, 103, 0, 0, 253, 1, 0, 37, 1, 0, 59, 5, 253]
1546496948580;[171, 0, 17, 255, 161, 72, 68, 182, 103, 0, 1, 18, 1, 0, 33, 1, 0, 63, 5, 239]
1546496948750;[171, 0, 17, 255, 161, 72, 68, 182, 103, 0, 0, 236, 1, 0, 34, 1, 0, 79, 6, 34]
1546496948923;[171, 0, 17, 255, 161, 72, 68, 182, 103, 0, 0, 251, 1, 0, 33, 1, 0, 92, 6, 16]
1546496948927;[171, 0, 17, 255, 161, 72, 68, 182, 103, 0, 0, 237, 1, 0, 34, 1, 0, 104, 6, 49]
1546496949093;[171, 0, 4, 255, 132, 128, 86]
1546496949097;[171, 0, 17, 255, 161, 72, 68, 182, 103, 0, 0, 204, 1, 0, 35, 1, 0, 137, 6, 55]
1546496949266;[171, 0, 17, 255, 161, 72, 68, 182, 104, 0, 0, 194, 1, 0, 39, 1, 0, 156, 6, 20]
1546496949270;[171, 0, 17, 255, 161, 72, 68, 182, 104, 0, 0, 184, 1, 0, 37, 1, 0, 162, 5, 222]
1546496949612;[171, 0, 17, 255, 161, 72, 68, 182, 104, 0, 0, 186, 1, 0, 38, 1, 0, 168, 5, 162]
1546496949616;[171, 0, 17, 255, 161, 72, 68, 182, 104, 0, 0, 178, 1, 0, 35, 1, 0, 176, 5, 155]
1546496949620;[171, 0, 17, 255, 161, 72, 68, 182, 104, 0, 0, 173, 1, 0, 38, 1, 0, 181, 5, 97]
1546496949784;[171, 0, 17, 255, 161, 72, 68, 182, 104, 0, 0, 167, 1, 0, 38, 1, 0, 181, 5, 97]
1546496949788;[171, 0, 17, 255, 161, 72, 68, 182, 104, 0, 0, 172, 1, 0, 38, 1, 0, 177, 5, 11]
1546496949956;[171, 0, 17, 255, 161, 72, 68, 182, 104, 0, 0, 183, 1, 0, 37, 1, 0, 177, 4, 162]
1546496949960;[171, 0, 17, 255, 161, 72, 68, 182, 104, 0, 0, 182, 1, 0, 35, 1, 0, 175, 4, 64]
1546496950128;[171, 0, 4, 255, 132, 128, 86]
1546496950304;[171, 0, 17, 255, 161, 72, 68, 182, 104, 0, 0, 227, 1, 0, 33, 1, 0, 146, 4, 10]
1546496950305;[171, 0, 17, 255, 161, 72, 68, 182, 105, 0, 0, 221, 1, 0, 39, 1, 0, 123, 4, 17]
1546496950476;[171, 0, 17, 255, 161, 72, 68, 182, 105, 0, 0, 234, 1, 0, 37, 1, 0, 109, 4, 24]
1546496950481;[171, 0, 17, 255, 161, 72, 68, 182, 105, 0, 0, 240, 1, 0, 35, 1, 0, 103, 3, 252]
1546496950819;[171, 0, 17, 255, 161, 72, 68, 182, 105, 0, 0, 227, 1, 0, 35, 1, 0, 119, 3, 221]
1546496950824;[171, 0, 17, 255, 161, 72, 68, 182, 105, 0, 0, 206, 1, 0, 35, 1, 0, 148, 3, 181]
1546496950827;[171, 0, 17, 255, 161, 72, 68, 182, 105, 0, 0, 159, 1, 0, 28, 1, 0, 196, 3, 100]
1546496950992;[171, 0, 17, 255, 161, 72, 68, 182, 105, 0, 0, 157, 1, 0, 35, 1, 0, 196, 3, 19]
1546496950996;[171, 0, 17, 255, 161, 72, 68, 182, 105, 0, 0, 151, 1, 0, 35, 1, 0, 202, 2, 242]
1546496951164;[171, 0, 17, 255, 161, 72, 68, 182, 105, 0, 0, 143, 1, 0, 35, 1, 0, 207, 2, 187]
1546496951168;[171, 0, 4, 255, 132, 128, 86]
1546496951335;[171, 0, 17, 255, 161, 72, 68, 182, 105, 0, 0, 145, 1, 0, 37, 1, 0, 207, 2, 141]
1546496951508;[171, 0, 17, 255, 161, 72, 68, 182, 106, 0, 0, 147, 1, 0, 35, 1, 0, 202, 2, 92]
1546496951512;[171, 0, 17, 255, 161, 72, 68, 182, 106, 0, 0, 152, 1, 0, 46, 1, 0, 195, 2, 38]
1546496951682;[171, 0, 17, 255, 161, 72, 68, 182, 106, 0, 0, 139, 1, 0, 38, 1, 0, 198, 2, 4]
1546496951686;[171, 0, 17, 255, 161, 72, 68, 182, 106, 0, 0, 198, 1, 0, 37, 1, 0, 184, 1, 233]
1546496952200;[171, 0, 17, 255, 161, 72, 68, 182, 106, 0, 0, 181, 1, 0, 33, 1, 0, 176, 1, 211]
1546496952204;[171, 0, 17, 255, 161, 72, 68, 182, 106, 0, 0, 196, 1, 0, 35, 1, 0, 164, 1, 162]
1546496952209;[171, 0, 17, 255, 161, 72, 68, 182, 106, 0, 0, 208, 1, 0, 33, 1, 0, 154, 1, 139]
1546496952213;[171, 0, 17, 255, 161, 72, 68, 182, 106, 0, 0, 208, 1, 0, 35, 1, 0, 154, 1, 128]
1546496952370;[171, 0, 17, 255, 161, 72, 68, 182, 106, 0, 0, 182, 1, 0, 35, 1, 0, 168, 1, 109]
1546496952372;[171, 0, 4, 255, 132, 128, 85]
1546496952375;[171, 0, 17, 255, 161, 72, 68, 182, 106, 0, 0, 160, 1, 0, 35, 1, 0, 193, 1, 80]
1546496952544;[171, 0, 17, 255, 161, 72, 68, 182, 107, 0, 0, 167, 1, 0, 39, 1, 0, 191, 1, 69]
1546496952716;[171, 0, 17, 255, 161, 72, 68, 182, 107, 0, 0, 168, 1, 0, 37, 1, 0, 196, 1, 52]
1546496952720;[171, 0, 17, 255, 161, 72, 68, 182, 107, 0, 0, 128, 1, 0, 39, 1, 0, 207, 1, 25]
1546496952888;[171, 0, 17, 255, 161, 72, 68, 182, 107, 0, 0, 150, 1, 0, 35, 1, 0, 206, 0, 243]
1546496952892;[171, 0, 17, 255, 161, 72, 68, 182, 107, 0, 0, 144, 1, 0, 37, 1, 0, 197, 0, 233]
1546496953061;[171, 0, 17, 255, 161, 72, 68, 182, 107, 0, 0, 200, 1, 0, 30, 1, 0, 177, 0, 222]
1546496953066;[171, 0, 17, 255, 161, 72, 68, 182, 107, 0, 0, 197, 1, 0, 38, 1, 0, 158, 0, 223]
1546496953407;[171, 0, 17, 255, 161, 72, 68, 182, 107, 0, 0, 218, 1, 0, 40, 1, 0, 131, 1, 17]
1546496953412;[171, 0, 17, 255, 161, 72, 68, 182, 107, 0, 0, 221, 1, 0, 37, 1, 0, 146, 1, 53]
1546496953416;[171, 0, 4, 255, 132, 128, 86]
1546496953578;[171, 0, 17, 255, 161, 72, 68, 182, 107, 0, 0, 181, 1, 0, 38, 1, 0, 170, 1, 86]
1546496953582;[171, 0, 17, 255, 161, 72, 68, 182, 108, 0, 0, 146, 1, 0, 35, 1, 0, 201, 1, 55]
1546496953752;[171, 0, 17, 255, 161, 72, 68, 182, 108, 0, 0, 165, 1, 0, 43, 1, 0, 196, 1, 19]
1546496953923;[171, 0, 17, 255, 161, 72, 68, 182, 108, 0, 0, 143, 1, 0, 38, 1, 0, 208, 0, 255]
1546496953927;[171, 0, 17, 255, 161, 72, 68, 182, 108, 0, 0, 147, 1, 0, 44, 1, 0, 200, 1, 33]
1546496954095;[171, 0, 17, 255, 161, 72, 68, 182, 108, 0, 0, 151, 1, 0, 43, 1, 0, 197, 1, 64]
1546496954100;[171, 0, 17, 255, 161, 72, 68, 182, 108, 0, 0, 145, 1, 0, 41, 1, 0, 200, 1, 84]
1546496954269;[171, 0, 17, 255, 161, 72, 68, 182, 108, 0, 0, 163, 1, 0, 37, 1, 0, 194, 1, 105]
1546496954274;[171, 0, 17, 255, 161, 72, 68, 182, 108, 0, 0, 181, 1, 0, 34, 1, 0, 190, 1, 107]
1546496954787;[171, 0, 17, 255, 161, 72, 68, 182, 108, 0, 0, 182, 1, 0, 35, 1, 0, 178, 1, 84]
1546496954791;[171, 0, 4, 255, 132, 128, 85]
1546496954795;[171, 0, 17, 255, 161, 72, 68, 182, 108, 0, 0, 203, 1, 0, 39, 1, 0, 166, 1, 103]
1546496954800;[171, 0, 17, 255, 161, 72, 68, 182, 109, 0, 0, 184, 1, 0, 37, 1, 0, 172, 1, 192]
1546496954961;[171, 0, 17, 255, 161, 72, 68, 182, 109, 0, 0, 157, 1, 0, 35, 1, 0, 197, 1, 231]
1546496954965;[171, 0, 17, 255, 161, 72, 68, 182, 109, 0, 0, 160, 1, 0, 39, 1, 0, 202, 1, 222]
1546496954969;[171, 0, 17, 255, 161, 72, 68, 182, 109, 0, 0, 145, 1, 0, 39, 1, 0, 197, 1, 223]
1546496955131;[171, 0, 17, 255, 161, 72, 68, 182, 109, 0, 0, 164, 1, 0, 40, 1, 0, 203, 1, 185]
1546496955304;[171, 0, 17, 255, 161, 72, 68, 182, 109, 0, 0, 132, 1, 0, 23, 1, 0, 224, 1, 177]
1546496955308;[171, 0, 17, 255, 161, 72, 68, 182, 109, 0, 0, 156, 1, 0, 39, 1, 0, 200, 1, 239]
1546496955477;[171, 0, 17, 255, 161, 72, 68, 182, 109, 0, 0, 149, 1, 0, 40, 1, 0, 187, 2, 124]
1546496955481;[171, 0, 17, 255, 161, 72, 68, 182, 109, 0, 0, 183, 1, 0, 35, 1, 0, 181, 2, 189]
1546496955648;[171, 0, 4, 255, 132, 128, 84]
1546496955994;[171, 0, 17, 255, 161, 72, 68, 182, 109, 0, 0, 191, 1, 0, 28, 1, 0, 176, 2, 216]
1546496955999;[171, 0, 17, 255, 161, 72, 68, 182, 110, 0, 0, 186, 1, 0, 35, 1, 0, 164, 2, 220]
1546496956003;[171, 0, 17, 255, 161, 72, 68, 182, 110, 0, 0, 218, 1, 0, 34, 1, 0, 141, 2, 241]
1546496956007;[171, 0, 17, 255, 161, 72, 68, 182, 110, 0, 0, 218, 1, 0, 33, 1, 0, 145, 3, 4]
1546496956167;[171, 0, 17, 255, 161, 72, 68, 182, 110, 0, 0, 182, 1, 0, 30, 1, 0, 177, 3, 5]
1546496956171;[171, 0, 17, 255, 161, 72, 68, 182, 110, 0, 0, 160, 1, 0, 28, 1, 0, 201, 3, 69]
1546496956338;[171, 0, 17, 255, 161, 72, 68, 182, 110, 0, 0, 161, 1, 0, 34, 1, 0, 194, 3, 105]
1546496956511;[171, 0, 17, 255, 161, 72, 68, 182, 110, 0, 0, 149, 1, 0, 33, 1, 0, 211, 3, 125]
1546496956515;[171, 0, 17, 255, 161, 72, 68, 182, 110, 0, 0, 139, 1, 0, 35, 1, 0, 207, 3, 144]
1546496956684;[171, 0, 17, 255, 161, 72, 68, 182, 110, 0, 0, 144, 1, 0, 34, 1, 0, 209, 3, 150]
1546496956687;[171, 0, 4, 255, 132, 128, 84]
1546496956855;[171, 0, 17, 255, 161, 72, 68, 182, 110, 0, 0, 157, 1, 0, 34, 1, 0, 200, 3, 149]
1546496956859;[171, 0, 17, 255, 161, 72, 68, 182, 111, 0, 0, 144, 1, 0, 33, 1, 0, 206, 3, 146]
1546496957202;[171, 0, 17, 255, 161, 72, 68, 182, 111, 0, 0, 165, 1, 0, 35, 1, 0, 194, 3, 213]
1546496957206;[171, 0, 17, 255, 161, 72, 68, 182, 111, 0, 0, 161, 1, 0, 33, 1, 0, 197, 3, 252]
1546496957210;[171, 0, 17, 255, 161, 72, 68, 182, 111, 0, 0, 164, 1, 0, 35, 1, 0, 195, 3, 253]
1546496957375;[171, 0, 17, 255, 161, 72, 68, 182, 111, 0, 0, 164, 1, 0, 34, 1, 0, 195, 3, 253]
1546496957379;[171, 0, 17, 255, 161, 72, 68, 182, 111, 0, 0, 157, 1, 0, 35, 1, 0, 195, 3, 242]
1546496957543;[171, 0, 17, 255, 161, 72, 68, 182, 111, 0, 0, 161, 1, 0, 35, 1, 0, 196, 3, 218]
1546496957719;[171, 0, 17, 255, 161, 72, 68, 182, 111, 0, 0, 167, 1, 0, 34, 1, 0, 200, 3, 201]
1546496957723;[171, 0, 17, 255, 161, 72, 68, 182, 111, 0, 0, 152, 1, 0, 33, 1, 0, 201, 3, 235]
1546496957891;[171, 0, 4, 255, 132, 128, 83]
1546496957895;[171, 0, 17, 255, 161, 72, 68, 182, 111, 0, 0, 177, 1, 0, 37, 1, 0, 184, 4, 46]
1546496958063;[171, 0, 17, 255, 161, 72, 68, 182, 112, 0, 0, 130, 1, 0, 34, 1, 0, 211, 4, 107]
1546496958067;[171, 0, 17, 255, 161, 72, 68, 182, 112, 0, 0, 151, 1, 0, 37, 1, 0, 205, 4, 102]
1546496958237;[171, 0, 17, 255, 161, 72, 68, 182, 112, 0, 0, 199, 1, 0, 34, 1, 0, 164, 4, 84]
1546496958583;[171, 0, 17, 255, 161, 72, 68, 182, 112, 0, 0, 200, 1, 0, 24, 1, 0, 167, 4, 25]
1546496958587;[171, 0, 17, 255, 161, 72, 68, 182, 112, 0, 0, 214, 1, 0, 35, 1, 0, 119, 3, 223]
1546496958592;[171, 0, 17, 255, 161, 72, 68, 182, 112, 0, 0, 238, 1, 0, 35, 1, 0, 97, 3, 224]
1546496958596;[171, 0, 17, 255, 161, 72, 68, 182, 112, 0, 0, 234, 1, 0, 33, 1, 0, 114, 3, 248]
1546496958753;[171, 0, 17, 255, 161, 72, 68, 182, 112, 0, 0, 166, 1, 0, 33, 1, 0, 172, 4, 12]
1546496958927;[171, 0, 17, 255, 161, 72, 68, 182, 112, 0, 0, 164, 1, 0, 33, 1, 0, 195, 3, 239]
1546496958931;[171, 0, 4, 255, 132, 128, 83]
1546496959098;[171, 0, 17, 255, 161, 72, 68, 182, 112, 0, 0, 173, 1, 0, 36, 1, 0, 196, 3, 200]
1546496959102;[171, 0, 17, 255, 161, 72, 68, 182, 113, 0, 0, 154, 1, 0, 35, 1, 0, 197, 3, 152]
1546496959271;[171, 0, 17, 255, 161, 72, 68, 182, 113, 0, 0, 156, 1, 0, 39, 1, 0, 191, 3, 141]
1546496959274;[171, 0, 17, 255, 161, 72, 68, 182, 113, 0, 0, 154, 1, 0, 35, 1, 0, 175, 3, 138]
1546496959444;[171, 0, 17, 255, 161, 72, 68, 182, 113, 0, 0, 181, 1, 0, 35, 1, 0, 161, 3, 80]
1546496959789;[171, 0, 17, 255, 161, 72, 68, 182, 113, 0, 0, 165, 1, 0, 34, 1, 0, 175, 3, 63]
1546496959793;[171, 0, 17, 255, 161, 72, 68, 182, 113, 0, 0, 196, 1, 0, 33, 1, 0, 169, 3, 68]
1546496959797;[171, 0, 17, 255, 161, 72, 68, 182, 113, 0, 0, 187, 1, 0, 35, 1, 0, 170, 3, 59]
1546496959801;[171, 0, 17, 255, 161, 72, 68, 182, 113, 0, 0, 161, 1, 0, 38, 1, 0, 190, 3, 45]
1546496959962;[171, 0, 17, 255, 161, 72, 68, 182, 113, 0, 0, 156, 1, 0, 38, 1, 0, 195, 3, 17]
1546496959965;[171, 0, 4, 255, 132, 128, 83]
1546496960133;[171, 0, 17, 255, 161, 72, 68, 182, 113, 0, 0, 166, 1, 0, 35, 1, 0, 196, 2, 247]
1546496960307;[171, 0, 17, 255, 161, 72, 68, 182, 114, 0, 0, 162, 1, 0, 35, 1, 0, 196, 2, 232]
1546496960311;[171, 0, 17, 255, 161, 72, 68, 182, 114, 0, 0, 163, 1, 0, 35, 1, 0, 191, 2, 223]
1546496960482;[171, 0, 17, 255, 161, 72, 68, 182, 114, 0, 0, 171, 1, 0, 24, 1, 0, 197, 2, 238]
1546496960484;[171, 0, 17, 255, 161, 72, 68, 182, 114, 0, 0, 181, 1, 0, 33, 1, 0, 184, 2, 218]
1546496960651;[171, 0, 17, 255, 161, 72, 68, 182, 114, 0, 0, 197, 1, 0, 29, 1, 0, 169, 2, 188]
1546496961169;[171, 0, 17, 255, 161, 72, 68, 182, 114, 0, 0, 200, 1, 0, 35, 1, 0, 162, 2, 184]
1546496961173;[171, 0, 17, 255, 161, 72, 68, 182, 114, 0, 0, 183, 1, 0, 34, 1, 0, 175, 2, 176]
1546496961177;[171, 0, 17, 255, 161, 72, 68, 182, 114, 0, 0, 163, 1, 0, 34, 1, 0, 194, 2, 128]
1546496961182;[171, 0, 17, 255, 161, 72, 68, 182, 114, 0, 0, 173, 1, 0, 34, 1, 0, 190, 2, 71]
1546496961343;[171, 0, 4, 255, 132, 128, 83]
1546496961347;[171, 0, 17, 255, 161, 72, 68, 182, 114, 0, 0, 159, 1, 0, 33, 1, 0, 200, 2, 14]
1546496961351;[171, 0, 17, 255, 161, 72, 68, 182, 115, 0, 0, 160, 1, 0, 37, 1, 0, 195, 1, 252]
1546496961513;[171, 0, 17, 255, 161, 72, 68, 182, 115, 0, 0, 157, 1, 0, 37, 1, 0, 199, 2, 24]
1546496961517;[171, 0, 17, 255, 161, 72, 68, 182, 115, 0, 0, 161, 1, 0, 35, 1, 0, 192, 2, 48]
1546496961687;[171, 0, 17, 255, 161, 72, 68, 182, 115, 0, 0, 157, 1, 0, 35, 1, 0, 189, 2, 51]
1546496961691;[171, 0, 17, 255, 161, 72, 68, 182, 115, 0, 0, 174, 1, 0, 34, 1, 0, 196, 1, 248]
1546496961858;[171, 0, 17, 255, 161, 72, 68, 182, 115, 0, 0, 169, 1, 0, 33, 1, 0, 194, 1, 179]
1546496961863;[171, 0, 17, 255, 161, 72, 68, 182, 115, 0, 0, 166, 1, 0, 33, 1, 0, 192, 1, 83]
1546496962031;[171, 0, 17, 255, 161, 72, 68, 182, 115, 0, 0, 181, 1, 0, 33, 1, 0, 181, 1, 25]
1546496962378;[171, 0, 17, 255, 161, 72, 68, 182, 115, 0, 0, 175, 1, 0, 33, 1, 0, 179, 1, 19]
1546496962382;[171, 0, 4, 255, 132, 128, 83]
1546496962386;[171, 0, 17, 255, 161, 72, 68, 182, 115, 0, 0, 167, 1, 0, 33, 1, 0, 191, 1, 1]
1546496962391;[171, 0, 17, 255, 161, 72, 68, 182, 116, 0, 0, 165, 1, 0, 34, 1, 0, 191, 0, 220]
1546496962548;[171, 0, 17, 255, 161, 72, 68, 182, 116, 0, 0, 171, 1, 0, 33, 1, 0, 195, 16, 185]
1546496962721;[171, 0, 17, 255, 161, 72, 68, 182, 116, 0, 0, 152, 1, 0, 38, 1, 0, 187, 7, 179]
1546496962725;[171, 0, 17, 255, 161, 72, 68, 182, 116, 0, 0, 160, 1, 0, 35, 1, 0, 195, 7, 148]
1546496962894;[171, 0, 17, 255, 161, 72, 68, 182, 116, 0, 0, 163, 1, 0, 35, 1, 0, 191, 7, 122]
1546496962898;[171, 0, 17, 255, 161, 72, 68, 182, 116, 0, 0, 161, 1, 0, 39, 1, 0, 194, 7, 96]
1546496963067;[171, 0, 17, 255, 161, 72, 68, 182, 116, 0, 0, 177, 1, 0, 33, 1, 0, 192, 7, 129]
1546496963071;[171, 0, 17, 255, 161, 72, 68, 182, 116, 0, 0, 163, 1, 0, 34, 1, 0, 187, 7, 137]
1546496963240;[171, 0, 17, 255, 161, 72, 68, 182, 116, 0, 0, 171, 1, 0, 35, 1, 0, 185, 7, 107]
1546496963587;[171, 0, 4, 255, 132, 128, 82]
1546496963591;[171, 0, 17, 255, 161, 72, 68, 182, 116, 0, 0, 173, 1, 0, 33, 1, 0, 185, 7, 82]
1546496963595;[171, 0, 17, 255, 161, 72, 68, 182, 117, 0, 0, 178, 1, 0, 35, 1, 0, 184, 7, 51]
1546496963599;[171, 0, 17, 255, 161, 72, 68, 182, 117, 0, 0, 177, 1, 0, 35, 1, 0, 186, 7, 26]
1546496963756;[171, 0, 17, 255, 161, 72, 68, 182, 117, 0, 0, 161, 1, 0, 33, 1, 0, 194, 6, 251]
1546496963759;[171, 0, 17, 255, 161, 72, 68, 182, 117, 0, 0, 173, 1, 0, 38, 1, 0, 184, 6, 242]
1546496963929;[171, 0, 17, 255, 161, 72, 68, 182, 117, 0, 0, 162, 1, 0, 34, 1, 0, 197, 6, 241]
1546496964101;[171, 0, 17, 255, 161, 72, 68, 182, 117, 0, 0, 186, 1, 0, 34, 1, 0, 174, 6, 196]
1546496964105;[171, 0, 17, 255, 161, 72, 68, 182, 117, 0, 0, 181, 1, 0, 35, 1, 0, 180, 6, 176]
1546496964273;[171, 0, 17, 255, 161, 72, 68, 182, 117, 0, 0, 164, 1, 0, 40, 1, 0, 192, 6, 165]
1546496964277;[171, 0, 17, 255, 161, 72, 68, 182, 117, 0, 0, 145, 1, 0, 37, 1, 0, 200, 6, 138]
1546496964449;[171, 0, 4, 255, 132, 128, 82]
1546496964620;[171, 0, 17, 255, 161, 72, 68, 182, 117, 0, 0, 148, 1, 0, 39, 1, 0, 188, 6, 119]
1546496964624;[171, 0, 17, 255, 161, 72, 68, 182, 118, 0, 0, 176, 1, 0, 36, 1, 0, 168, 6, 101]
1546496964965;[171, 0, 17, 255, 161, 72, 68, 182, 118, 0, 0, 161, 1, 0, 35, 1, 0, 187, 6, 100]
1546496964969;[171, 0, 17, 255, 161, 72, 68, 182, 118, 0, 0, 187, 1, 0, 33, 1, 0, 167, 6, 134]
1546496964974;[171, 0, 17, 255, 161, 72, 68, 182, 118, 0, 0, 210, 1, 0, 33, 1, 0, 157, 6, 157]
1546496964978;[171, 0, 17, 255, 161, 72, 68, 182, 118, 0, 0, 190, 1, 0, 33, 1, 0, 164, 6, 154]
1546496965137;[171, 0, 17, 255, 161, 72, 68, 182, 118, 0, 0, 152, 1, 0, 24, 1, 0, 200, 6, 133]
1546496965310;[171, 0, 17, 255, 161, 72, 68, 182, 118, 0, 0, 159, 1, 0, 28, 1, 0, 197, 6, 100]
1546496965314;[171, 0, 17, 255, 161, 72, 68, 182, 118, 0, 0, 160, 1, 0, 35, 1, 0, 206, 6, 70]
1546496965480;[171, 0, 17, 255, 161, 72, 68, 182, 120, 0, 0, 139, 1, 0, 35, 1, 0, 203, 8, 206]
1546496965827;[171, 0, 17, 255, 161, 72, 68, 182, 121, 0, 0, 166, 1, 0, 40, 1, 0, 185, 9, 30]
1546496965831;[171, 0, 17, 255, 161, 72, 68, 182, 121, 0, 0, 167, 1, 0, 39, 1, 0, 194, 9, 207]
1546496966172;[171, 0, 17, 255, 161, 72, 68, 182, 121, 0, 0, 158, 1, 0, 43, 1, 0, 196, 10, 100]
1546496966176;[171, 0, 17, 255, 161, 72, 68, 182, 121, 0, 0, 166, 1, 0, 46, 1, 0, 192, 10, 216]
1546496966181;[171, 0, 17, 255, 161, 72, 68, 182, 121, 0, 0, 160, 1, 0, 41, 1, 0, 189, 11, 67]
1546496966185;[171, 0, 17, 255, 161, 72, 68, 182, 121, 0, 0, 165, 1, 0, 44, 1, 0, 194, 11, 153]
1546496966343;[171, 0, 17, 255, 161, 72, 68, 182, 121, 0, 0, 166, 1, 0, 40, 1, 0, 187, 11, 210]
1546496966515;[171, 0, 17, 255, 161, 72, 68, 182, 121, 0, 0, 163, 1, 0, 44, 1, 0, 192, 12, 16]
1546496966519;[171, 0, 17, 255, 161, 72, 68, 182, 121, 0, 0, 167, 1, 0, 46, 1, 0, 195, 12, 122]
1546496966688;[171, 0, 4, 255, 132, 128, 81]
1546496966692;[171, 0, 17, 255, 161, 72, 68, 182, 121, 0, 0, 166, 1, 0, 48, 1, 0, 191, 12, 157]
1546496966861;[171, 0, 17, 255, 161, 72, 68, 182, 122, 0, 0, 164, 1, 0, 53, 1, 0, 190, 12, 153]
1546496966865;[171, 0, 17, 255, 161, 72, 68, 182, 122, 0, 0, 166, 1, 0, 51, 1, 0, 186, 12, 145]
1546496967035;[171, 0, 17, 255, 161, 72, 68, 182, 122, 0, 0, 161, 1, 0, 48, 1, 0, 195, 12, 135]
1546496967206;[171, 0, 17, 255, 161, 72, 68, 182, 122, 0, 0, 167, 1, 0, 51, 1, 0, 186, 12, 102]
1546496967210;[171, 0, 17, 255, 161, 72, 68, 182, 122, 0, 0, 163, 1, 0, 52, 1, 0, 193, 12, 80]
1546496967551;[171, 0, 17, 255, 161, 72, 68, 182, 122, 0, 0, 166, 1, 0, 51, 1, 0, 187, 12, 153]
1546496967560;[171, 0, 17, 255, 161, 72, 68, 182, 122, 0, 0, 164, 1, 0, 50, 1, 0, 194, 12, 178]
1546496967563;[171, 0, 17, 255, 161, 72, 68, 182, 122, 0, 0, 163, 1, 0, 48, 1, 0, 187, 12, 166]
1546496967723;[171, 0, 17, 255, 161, 72, 68, 182, 122, 0, 0, 163, 1, 0, 47, 1, 0, 194, 12, 151]
1546496967727;[171, 0, 4, 255, 132, 128, 81]
1546496967896;[171, 0, 17, 255, 161, 72, 68, 182, 122, 0, 0, 165, 1, 0, 52, 1, 0, 186, 12, 115]
1546496967899;[171, 0, 17, 255, 161, 72, 68, 182, 123, 0, 0, 157, 1, 0, 49, 1, 0, 196, 12, 71]
1546496968069;[171, 0, 17, 255, 161, 72, 68, 182, 123, 0, 0, 163, 1, 0, 46, 1, 0, 186, 12, 64]
1546496968072;[171, 0, 17, 255, 161, 72, 68, 182, 123, 0, 0, 156, 1, 0, 52, 1, 0, 170, 12, 146]
1546496968241;[171, 0, 17, 255, 161, 72, 68, 182, 123, 0, 0, 196, 1, 0, 34, 1, 0, 184, 12, 168]
1546496968413;[171, 0, 17, 255, 161, 72, 68, 182, 123, 0, 0, 188, 1, 0, 16, 1, 0, 196, 12, 105]
1546496968417;[171, 0, 17, 255, 161, 72, 68, 182, 123, 0, 0, 203, 1, 0, 35, 1, 0, 142, 12, 147]
1546496968764;[171, 0, 17, 255, 161, 72, 68, 182, 123, 0, 0, 237, 1, 0, 44, 1, 0, 69, 13, 37]
1546496968767;[171, 0, 17, 255, 161, 72, 68, 182, 123, 0, 0, 247, 1, 0, 35, 1, 0, 65, 13, 153]
1546496968775;[171, 0, 17, 255, 161, 72, 68, 182, 123, 0, 0, 247, 1, 0, 39, 1, 0, 64, 13, 220]
1546496968777;[171, 0, 4, 255, 132, 128, 80]
1546496968931;[171, 0, 17, 255, 161, 72, 68, 182, 123, 0, 0, 249, 1, 0, 40, 1, 0, 79, 14, 92]
1546496969103;[171, 0, 17, 255, 161, 72, 68, 182, 128, 0, 0, 241, 1, 0, 39, 1, 0, 87, 14, 249]
1546496969107;[171, 0, 17, 255, 161, 72, 68, 182, 128, 0, 0, 229, 1, 0, 39, 1, 0, 102, 31, 104]
1546496969277;[171, 0, 17, 255, 161, 72, 68, 182, 128, 0, 0, 216, 1, 0, 40, 1, 0, 118, 8, 53]
1546496969280;[171, 0, 17, 255, 161, 72, 68, 182, 128, 0, 0, 209, 1, 0, 37, 1, 0, 134, 8, 53]
1546496969454;[171, 0, 17, 255, 161, 72, 68, 182, 128, 0, 0, 203, 1, 0, 39, 1, 0, 138, 8, 116]
1546496969617;[171, 0, 17, 255, 161, 72, 68, 182, 128, 0, 0, 201, 1, 0, 38, 1, 0, 161, 8, 157]
1546496969619;[171, 0, 17, 255, 161, 72, 68, 182, 128, 0, 0, 201, 1, 0, 46, 1, 0, 153, 8, 154]
1546496970141;[171, 0, 17, 255, 161, 72, 68, 182, 128, 0, 0, 186, 1, 0, 35, 1, 0, 165, 8, 178]
1546496970145;[171, 0, 17, 255, 161, 72, 68, 182, 128, 0, 0, 221, 1, 0, 38, 1, 0, 110, 8, 225]
1546496970149;[171, 0, 4, 255, 132, 128, 80]
1546496970153;[171, 0, 17, 255, 161, 72, 68, 182, 128, 0, 0, 236, 1, 0, 47, 1, 0, 88, 9, 37]
1546496970311;[171, 0, 17, 255, 161, 72, 68, 182, 129, 0, 0, 244, 1, 0, 43, 1, 0, 70, 9, 87]
1546496970316;[171, 0, 17, 255, 161, 72, 68, 182, 129, 0, 0, 246, 1, 0, 38, 1, 0, 75, 9, 98]
1546496970320;[171, 0, 17, 255, 161, 72, 68, 182, 129, 0, 0, 238, 1, 0, 38, 1, 0, 84, 9, 94]
1546496970485;[171, 0, 17, 255, 161, 72, 68, 182, 129, 0, 0, 236, 1, 0, 37, 1, 0, 100, 9, 84]
1546496970488;[171, 0, 17, 255, 161, 72, 68, 182, 129, 0, 0, 221, 1, 0, 39, 1, 0, 117, 9, 32]
1546496970657;[171, 0, 17, 255, 161, 72, 68, 182, 129, 0, 0, 216, 1, 0, 47, 1, 0, 110, 8, 201]
1546496970661;[171, 0, 17, 255, 161, 72, 68, 182, 129, 0, 0, 221, 1, 0, 35, 1, 0, 124, 8, 44]
1546496970828;[171, 0, 17, 255, 161, 72, 68, 182, 129, 0, 0, 215, 1, 0, 37, 1, 0, 123, 7, 144]
1546496971001;[171, 0, 17, 255, 161, 72, 68, 182, 129, 0, 0, 213, 1, 0, 37, 1, 0, 126, 7, 32]
1546496971004;[171, 0, 4, 255, 132, 128, 81]
1546496971347;[171, 0, 17, 255, 161, 72, 68, 182, 129, 0, 0, 215, 1, 0, 37, 1, 0, 134, 6, 206]
1546496971351;[171, 0, 17, 255, 161, 72, 68, 182, 130, 0, 0, 217, 1, 0, 35, 1, 0, 134, 6, 132]
1546496971355;[171, 0, 17, 255, 161, 72, 68, 182, 130, 0, 0, 218, 1, 0, 40, 1, 0, 122, 5, 253]
1546496971517;[171, 0, 17, 255, 161, 72, 68, 182, 130, 0, 0, 219, 1, 0, 39, 1, 0, 120, 5, 116]
1546496971521;[171, 0, 17, 255, 161, 72, 68, 182, 130, 0, 0, 232, 1, 0, 36, 1, 0, 123, 5, 103]
1546496971691;[171, 0, 17, 255, 161, 72, 68, 182, 130, 0, 0, 236, 1, 0, 35, 1, 0, 105, 5, 94]
1546496971695;[171, 0, 17, 255, 161, 72, 68, 182, 130, 0, 1, 0, 1, 0, 42, 1, 0, 70, 5, 104]
1546496971862;[171, 0, 17, 255, 161, 72, 68, 182, 130, 0, 0, 232, 1, 0, 43, 1, 0, 99, 5, 144]
1546496971867;[171, 0, 17, 255, 161, 72, 68, 182, 130, 0, 0, 234, 1, 0, 53, 1, 0, 74, 5, 8]
1546496972037;[171, 0, 17, 255, 161, 72, 68, 182, 130, 0, 0, 201, 1, 0, 34, 1, 0, 151, 4, 105]
1546496972208;[171, 0, 4, 255, 132, 128, 81]
1546496972212;[171, 0, 17, 255, 161, 72, 68, 182, 130, 0, 0, 209, 1, 0, 37, 1, 0, 140, 4, 105]
1546496972556;[171, 0, 17, 255, 161, 72, 68, 182, 131, 0, 0, 197, 1, 0, 38, 1, 0, 153, 3, 238]
1546496972560;[171, 0, 17, 255, 161, 72, 68, 182, 131, 0, 0, 209, 1, 0, 42, 1, 0, 124, 3, 155]
1546496972565;[171, 0, 17, 255, 161, 72, 68, 182, 131, 0, 0, 215, 1, 0, 37, 1, 0, 145, 3, 127]
1546496972569;[171, 0, 17, 255, 161, 72, 68, 182, 131, 0, 0, 211, 1, 0, 39, 1, 0, 123, 3, 133]
1546496972725;[171, 0, 17, 255, 161, 72, 68, 182, 131, 0, 0, 231, 1, 0, 35, 1, 0, 115, 3, 154]
1546496972898;[171, 0, 17, 255, 161, 72, 68, 182, 131, 0, 0, 234, 1, 0, 35, 1, 0, 108, 3, 157]
1546496972902;[171, 0, 17, 255, 161, 72, 68, 182, 131, 0, 0, 219, 1, 0, 35, 1, 0, 115, 3, 159]
1546496973072;[171, 0, 17, 255, 161, 72, 68, 182, 131, 0, 0, 206, 1, 0, 38, 1, 0, 142, 3, 131]
1546496973077;[171, 0, 17, 255, 161, 72, 68, 182, 131, 0, 0, 200, 1, 0, 35, 1, 0, 161, 3, 145]
1546496973242;[171, 0, 4, 255, 132, 128, 81]
1546496973416;[171, 0, 17, 255, 161, 72, 68, 182, 131, 0, 0, 196, 1, 0, 35, 1, 0, 154, 3, 150]
1546496973420;[171, 0, 17, 255, 161, 72, 68, 182, 132, 0, 0, 197, 1, 0, 37, 1, 0, 150, 3, 50]
1546496973592;[171, 0, 17, 255, 161, 72, 68, 182, 132, 0, 0, 198, 1, 0, 35, 1, 0, 154, 2, 191]
