1552550739027;[171, 0, 15, 255, 146, 192, 3, 7, 212, 241, 78, 66, 165, 124, 120, 0, 11, 2]
1552550739124;[171, 0, 5, 255, 145, 128, 0, 40]
1552550741125;[171, 0, 4, 255, 132, 128, 67]
1552550741228;[171, 0, 14, 255, 81, 8, 0, 0, 0, 0, 0, 0, 0, 0, 0, 0, 0]
1552550741662;[171, 0, 22, 255, 81, 32, 19, 3, 7, 16, 0, 0, 23, 0, 0, 0, 0, 0, 0, 0]
1552550741762;[0, 0, 0, 0, 0, 0]
1552550741863;[171, 0, 22, 255, 81, 32, 19, 3, 7, 17, 0, 0, 23, 0, 0, 0, 0, 0, 0, 0]
1552550741963;[0, 0, 0, 0, 0, 0]
1552550742114;[171, 0, 22, 255, 81, 32, 19, 3, 7, 18, 0, 0, 23, 0, 0, 0, 0, 0, 0, 0]
1552550742197;[0, 0, 0, 0, 0, 0]
1552550742247;[171, 0, 4, 255, 132, 128, 67]
1552550742347;[171, 0, 22, 255, 81, 32, 19, 3, 7, 19, 0, 0, 23, 0, 0, 0, 0, 0, 0, 0]
1552550742448;[0, 0, 0, 0, 0, 0]
1552550742548;[171, 0, 22, 255, 81, 32, 19, 3, 7, 20, 0, 0, 23, 0, 0, 0, 0, 0, 0, 0]
1552550742648;[0, 0, 0, 0, 0, 0]
1552550742748;[171, 0, 22, 255, 81, 32, 19, 3, 7, 21, 0, 0, 23, 0, 0, 0, 0, 0, 0, 0]
1552550742882;[0, 0, 0, 0, 0, 0]
1552550742932;[171, 0, 22, 255, 81, 32, 19, 3, 7, 22, 0, 0, 23, 0, 0, 0, 0, 0, 0, 0]
1552550743266;[0, 0, 0, 0, 0, 0]
1552550743433;[171, 0, 22, 255, 81, 32, 19, 3, 8, 0, 0, 0, 177, 0, 0, 6, 0, 0, 0, 0]
1552550743434;[0, 0, 0, 0, 0, 0]
1552550743434;[171, 0, 4, 255, 132, 128, 66]
1552550743436;[171, 0, 22, 255, 81, 32, 19, 3, 8, 1, 0, 1, 74, 0, 0, 12, 0, 0, 0, 0]
1552550743600;[0, 0, 0, 0, 0, 0]
1552550743784;[171, 0, 22, 255, 81, 32, 19, 3, 8, 2, 0, 5, 123, 0, 0, 52, 0, 0, 0, 0]
1552550743785;[0, 0, 0, 0, 0, 0]
1552550743952;[171, 0, 22, 255, 81, 32, 19, 3, 8, 3, 0, 7, 103, 0, 0, 70, 0, 0, 0, 0]
1552550743952;[0, 0, 0, 0, 0, 0]
1552550744118;[171, 0, 22, 255, 81, 32, 19, 3, 8, 4, 0, 7, 103, 0, 0, 70, 0, 0, 0, 0]
1552550744119;[0, 0, 0, 0, 0, 0]
1552550744303;[171, 0, 22, 255, 81, 32, 19, 3, 8, 5, 0, 7, 103, 0, 0, 70, 0, 0, 0, 0]
1552550744469;[0, 0, 0, 0, 0, 0]
1552550744470;[171, 0, 4, 255, 132, 128, 66]
1552550744636;[171, 0, 22, 255, 81, 32, 19, 3, 8, 6, 0, 7, 103, 0, 0, 70, 0, 0, 0, 0]
1552550744637;[0, 0, 0, 0, 0, 0]
1552550744820;[171, 0, 22, 255, 81, 32, 19, 3, 8, 7, 0, 7, 103, 0, 0, 70, 0, 0, 0, 0]
1552550744988;[0, 0, 0, 0, 0, 0]
1552550744989;[171, 0, 22, 255, 81, 32, 19, 3, 8, 8, 0, 7, 103, 0, 0, 70, 0, 0, 0, 0]
1552550745155;[0, 0, 0, 0, 0, 0]
1552550745155;[171, 0, 22, 255, 81, 32, 19, 3, 8, 9, 0, 7, 103, 0, 0, 70, 0, 0, 0, 0]
1552550745338;[0, 0, 0, 0, 0, 0]
1552550745338;[171, 0, 22, 255, 81, 32, 19, 3, 8, 10, 0, 7, 103, 0, 0, 70, 0, 0, 0, 0]
1552550745505;[0, 0, 0, 0, 0, 0]
1552550745672;[171, 0, 4, 255, 132, 128, 66]
1552550745673;[171, 0, 22, 255, 81, 32, 19, 3, 8, 11, 0, 7, 103, 0, 0, 70, 0, 0, 0, 0]
1552550746023;[0, 0, 0, 0, 0, 0]
1552550746024;[171, 0, 22, 255, 81, 32, 19, 3, 8, 12, 0, 7, 103, 0, 0, 70, 0, 0, 0, 0]
1552550746024;[0, 0, 0, 0, 0, 0]
1552550746025;[171, 0, 17, 255, 161, 76, 221, 1, 110, 1, 0, 18, 0, 0, 28, 1, 0, 249, 9, 132]
1552550746190;[171, 0, 22, 255, 81, 32, 19, 3, 8, 13, 0, 7, 103, 0, 0, 70, 0, 0, 0, 0]
1552550748399;[0, 0, 0, 0, 0, 0]
1552550748401;[171, 0, 17, 255, 161, 76, 221, 1, 110, 1, 0, 18, 0, 0, 29, 1, 0, 254, 9, 105]
1552550748401;[171, 0, 17, 255, 161, 76, 221, 1, 110, 1, 0, 18, 0, 0, 29, 1, 0, 254, 9, 59]
1552550748402;[171, 0, 22, 255, 81, 32, 19, 3, 8, 14, 0, 7, 103, 0, 0, 70, 0, 0, 0, 0]
1552550748402;[0, 0, 0, 0, 0, 0]
1552550748403;[171, 0, 17, 255, 161, 76, 221, 1, 110, 1, 0, 19, 0, 0, 27, 1, 0, 250, 9, 27]
1552550748403;[171, 0, 17, 255, 161, 76, 221, 1, 110, 1, 0, 18, 0, 0, 28, 1, 0, 250, 9, 32]
1552550748404;[171, 0, 22, 255, 81, 32, 19, 3, 8, 15, 0, 7, 103, 0, 0, 70, 0, 0, 0, 0]
1552550748404;[0, 0, 0, 0, 0, 0]
1552550748405;[171, 0, 17, 255, 161, 76, 221, 1, 110, 1, 0, 21, 0, 0, 28, 1, 0, 254, 9, 70]
1552550748406;[171, 0, 4, 255, 132, 128, 65]
1552550748407;[171, 0, 17, 255, 161, 76, 221, 1, 110, 1, 0, 18, 0, 0, 30, 1, 0, 250, 9, 98]
1552550748407;[171, 0, 17, 255, 161, 76, 221, 1, 112, 1, 0, 18, 0, 0, 29, 1, 0, 250, 8, 219]
1552550748408;[171, 0, 22, 255, 81, 32, 19, 3, 8, 23, 0, 16, 45, 0, 0, 153, 0, 0, 0, 0]
1552550748408;[0, 0, 0, 0, 0, 0]
1552550748408;[171, 0, 17, 255, 161, 76, 221, 1, 112, 1, 0, 20, 0, 0, 30, 1, 0, 254, 8, 176]
1552550748409;[171, 0, 17, 255, 161, 76, 221, 1, 112, 1, 0, 18, 0, 0, 28, 1, 0, 250, 8, 144]
1552550748409;[171, 0, 22, 255, 81, 32, 19, 3, 11, 2, 0, 0, 68, 0, 0, 2, 0, 0, 0, 0]
1552550748409;[0, 0, 0, 0, 0, 0]
1552550748430;[171, 0, 17, 255, 161, 76, 221, 1, 112, 1, 0, 18, 0, 0, 28, 1, 0, 254, 8, 162]
1552550748430;[171, 0, 17, 255, 161, 76, 221, 1, 112, 1, 0, 19, 0, 0, 28, 1, 0, 248, 8, 190]
1552550748613;[171, 0, 22, 255, 81, 32, 19, 3, 11, 3, 0, 7, 60, 0, 0, 68, 0, 0, 0, 0]
1552550748613;[0, 0, 0, 0, 0, 0]
1552550748780;[171, 0, 17, 255, 161, 76, 221, 1, 112, 1, 0, 19, 0, 0, 28, 1, 0, 249, 8, 204]
1552550748947;[171, 0, 4, 255, 132, 128, 65]
1552550748948;[171, 0, 17, 255, 161, 76, 221, 1, 112, 1, 0, 18, 0, 0, 29, 1, 0, 250, 8, 206]
1552550749131;[171, 0, 22, 255, 81, 32, 19, 3, 11, 4, 0, 7, 60, 0, 0, 68, 0, 0, 0, 0]
1552550749132;[0, 0, 0, 0, 0, 0]
1552550749298;[171, 0, 17, 255, 161, 76, 221, 1, 112, 1, 0, 18, 0, 0, 29, 1, 0, 250, 8, 196]
1552550749299;[171, 0, 17, 255, 161, 76, 221, 1, 112, 1, 0, 15, 0, 0, 29, 1, 0, 249, 8, 174]
1552550749465;[171, 0, 22, 255, 81, 32, 19, 3, 11, 5, 0, 7, 60, 0, 0, 68, 0, 0, 0, 0]
1552550749649;[0, 0, 0, 0, 0, 0]
1552550749650;[171, 0, 17, 255, 161, 76, 221, 1, 112, 1, 0, 18, 0, 0, 30, 1, 0, 249, 8, 149]
1552550749816;[171, 0, 17, 255, 161, 76, 221, 1, 113, 1, 0, 19, 0, 0, 29, 1, 0, 246, 8, 118]
1552550749984;[171, 0, 17, 255, 161, 76, 221, 1, 114, 1, 0, 19, 0, 0, 28, 1, 0, 250, 8, 44]
1552550750501;[171, 0, 22, 255, 81, 32, 19, 3, 11, 13, 0, 7, 60, 0, 0, 68, 0, 0, 0, 0]
1552550750502;[0, 0, 0, 0, 0, 0]
1552550750502;[171, 0, 17, 255, 161, 76, 221, 1, 114, 1, 0, 20, 0, 0, 30, 1, 0, 249, 8, 53]
1552550750503;[171, 0, 4, 255, 132, 128, 65]
1552550750521;[171, 0, 17, 255, 161, 76, 221, 1, 114, 1, 0, 20, 0, 0, 29, 1, 0, 249, 8, 46]
1552550750685;[171, 0, 22, 255, 81, 32, 19, 3, 11, 14, 0, 7, 60, 0, 0, 68, 0, 0, 0, 0]
1552550750852;[0, 0, 0, 0, 0, 0]
1552550750852;[171, 0, 17, 255, 161, 76, 221, 1, 114, 1, 0, 24, 0, 0, 29, 1, 0, 250, 8, 19]
1552550751020;[171, 0, 17, 255, 161, 76, 221, 1, 114, 1, 0, 17, 0, 0, 27, 1, 0, 249, 7, 248]
1552550751020;[171, 0, 22, 255, 81, 32, 19, 3, 11, 15, 0, 7, 127, 0, 0, 71, 0, 0, 0, 0]
1552550751186;[0, 0, 0, 0, 0, 0]
1552550751204;[171, 0, 17, 255, 161, 76, 221, 1, 114, 1, 0, 18, 0, 0, 28, 1, 0, 250, 7, 210]
1552550751370;[171, 0, 17, 255, 161, 76, 221, 1, 115, 1, 0, 24, 0, 0, 27, 1, 0, 255, 7, 152]
1552550751537;[171, 0, 22, 255, 81, 32, 19, 3, 11, 16, 0, 13, 88, 0, 0, 126, 0, 0, 0, 0]
1552550751537;[0, 0, 0, 0, 0, 0]
1552550751704;[171, 0, 17, 255, 161, 76, 221, 1, 115, 1, 0, 19, 0, 0, 28, 1, 0, 248, 7, 94]
1552550751721;[171, 0, 17, 255, 161, 76, 221, 1, 115, 1, 0, 24, 0, 0, 22, 1, 0, 248, 7, 76]
1552550752055;[171, 0, 22, 255, 81, 32, 19, 3, 12, 15, 0, 0, 60, 0, 0, 2, 0, 0, 0, 0]
1552550752055;[0, 0, 0, 0, 0, 0]
1552550752056;[171, 0, 17, 255, 161, 76, 221, 1, 115, 1, 0, 19, 0, 0, 25, 1, 0, 249, 7, 73]
1552550752222;[171, 0, 17, 255, 161, 76, 221, 1, 115, 1, 0, 21, 0, 0, 27, 1, 0, 247, 7, 56]
1552550752239;[171, 0, 22, 255, 81, 32, 19, 3, 12, 16, 0, 0, 60, 0, 0, 2, 0, 0, 0, 0]
1552550752406;[0, 0, 0, 0, 0, 0]
1552550752573;[171, 0, 17, 255, 161, 76, 221, 1, 116, 1, 0, 51, 0, 0, 21, 1, 0, 240, 3, 250]
1552550752740;[171, 0, 22, 255, 81, 32, 19, 3, 12, 23, 0, 0, 60, 0, 0, 2, 0, 0, 0, 0]
1552550752741;[0, 0, 0, 0, 0, 0]
1552550752924;[171, 0, 17, 255, 161, 76, 221, 1, 117, 1, 0, 22, 0, 0, 16, 1, 0, 255, 3, 206]
1552550753091;[171, 0, 17, 255, 161, 76, 221, 1, 117, 1, 0, 53, 0, 0, 11, 1, 0, 246, 3, 207]
1552550753258;[171, 0, 22, 255, 81, 32, 19, 3, 13, 11, 0, 1, 169, 0, 0, 15, 0, 0, 0, 0]
1552550753259;[0, 0, 0, 0, 0, 0]
1552550753275;[171, 0, 17, 255, 161, 76, 221, 1, 117, 1, 0, 43, 0, 0, 11, 1, 0, 255, 3, 199]
1552550753441;[171, 0, 17, 255, 161, 76, 221, 1, 117, 1, 0, 41, 0, 0, 9, 1, 0, 253, 3, 201]
1552550753442;[171, 0, 22, 255, 81, 32, 19, 3, 13, 12, 0, 1, 217, 0, 0, 17, 0, 0, 0, 0]
1552550753608;[0, 0, 0, 0, 0, 0]
1552550753609;[171, 0, 17, 255, 161, 76, 221, 1, 117, 1, 0, 46, 0, 0, 10, 1, 0, 249, 3, 202]
1552550753775;[171, 0, 17, 255, 161, 76, 221, 1, 117, 1, 0, 39, 0, 0, 10, 1, 0, 255, 3, 167]
1552550753776;[171, 0, 4, 255, 132, 128, 64]
1552550753959;[171, 0, 22, 255, 81, 32, 19, 3, 13, 13, 0, 2, 122, 0, 0, 23, 0, 0, 0, 0]
1552550754126;[0, 0, 0, 0, 0, 0]
1552550754127;[171, 0, 17, 255, 161, 76, 221, 1, 117, 1, 0, 50, 0, 0, 10, 1, 0, 249, 3, 144]
1552550754293;[171, 0, 17, 255, 161, 76, 221, 1, 117, 1, 0, 46, 0, 0, 11, 1, 0, 250, 3, 113]
1552550754293;[171, 0, 22, 255, 81, 32, 19, 3, 13, 14, 0, 2, 198, 0, 0, 26, 0, 0, 0, 0]
1552550754477;[0, 0, 0, 0, 0, 0]
1552550754716;[171, 0, 17, 255, 161, 76, 221, 1, 117, 1, 0, 40, 0, 0, 7, 1, 0, 250, 3, 77]
1552550754717;[171, 0, 17, 255, 161, 76, 221, 1, 117, 1, 0, 39, 0, 0, 7, 1, 0, 255, 3, 60]
1552550754812;[171, 0, 22, 255, 81, 32, 19, 3, 13, 15, 0, 2, 198, 0, 0, 26, 0, 0, 0, 0]
1552550754813;[0, 0, 0, 0, 0, 0]
1552550754995;[171, 0, 17, 255, 161, 76, 221, 1, 119, 1, 0, 40, 0, 0, 10, 1, 0, 255, 2, 198]
1552550755162;[171, 0, 17, 255, 161, 76, 221, 1, 119, 1, 0, 40, 0, 0, 9, 1, 0, 254, 2, 180]
1552550755330;[171, 0, 4, 255, 132, 128, 64]
1552550755331;[171, 0, 22, 255, 81, 32, 19, 3, 13, 23, 0, 3, 12, 0, 0, 28, 0, 0, 0, 0]
1552550755513;[0, 0, 0, 0, 0, 0]
1552550755514;[171, 0, 17, 255, 161, 76, 221, 1, 119, 1, 0, 33, 0, 0, 9, 1, 0, 250, 2, 152]
1552550755680;[171, 0, 17, 255, 161, 76, 221, 1, 119, 1, 0, 40, 0, 0, 10, 1, 0, 250, 2, 126]
1552550755848;[171, 0, 17, 255, 161, 76, 221, 1, 119, 1, 0, 37, 0, 0, 9, 1, 0, 250, 2, 110]
1552550755848;[171, 0, 17, 255, 161, 76, 221, 1, 119, 1, 0, 39, 0, 0, 11, 1, 0, 246, 2, 128]
1552550756031;[171, 0, 17, 255, 161, 76, 221, 1, 120, 1, 0, 37, 0, 0, 11, 1, 0, 255, 2, 132]
1552550756032;[171, 0, 17, 255, 161, 76, 221, 1, 120, 1, 0, 39, 0, 0, 8, 1, 0, 249, 2, 131]
1552550756199;[171, 0, 17, 255, 161, 76, 221, 1, 120, 1, 0, 33, 0, 0, 10, 1, 0, 250, 2, 123]
1552550756199;[171, 0, 17, 255, 161, 76, 221, 1, 120, 1, 0, 39, 0, 0, 9, 1, 0, 249, 2, 108]
1552550756366;[171, 0, 17, 255, 161, 76, 221, 1, 120, 1, 0, 40, 0, 0, 11, 1, 0, 253, 2, 86]
1552550756549;[171, 0, 17, 255, 161, 76, 221, 1, 120, 1, 0, 35, 0, 0, 10, 1, 0, 249, 2, 64]
1552550756550;[171, 0, 4, 255, 132, 128, 64]
1552550756717;[171, 0, 17, 255, 161, 76, 221, 1, 120, 1, 0, 37, 0, 0, 9, 1, 0, 254, 2, 35]
1552550756718;[171, 0, 17, 255, 161, 76, 221, 1, 120, 1, 0, 37, 0, 0, 10, 1, 1, 3, 2, 10]
1552550756884;[171, 0, 17, 255, 161, 76, 221, 1, 120, 1, 0, 33, 0, 0, 10, 1, 0, 250, 2, 28]
1552550757068;[171, 0, 17, 255, 161, 76, 221, 1, 120, 1, 0, 40, 0, 0, 10, 1, 0, 254, 2, 49]
1552550757068;[171, 0, 17, 255, 161, 76, 221, 1, 121, 1, 0, 40, 0, 0, 10, 1, 0, 255, 2, 59]
1552550757235;[171, 0, 17, 255, 161, 76, 221, 1, 121, 1, 0, 33, 0, 0, 9, 1, 0, 250, 2, 64]
1552550757236;[171, 0, 17, 255, 161, 76, 221, 1, 121, 1, 0, 31, 0, 0, 11, 1, 0, 254, 2, 61]
1552550757401;[171, 0, 17, 255, 161, 76, 221, 1, 121, 1, 0, 35, 0, 0, 9, 1, 1, 3, 2, 61]
1552550757402;[171, 0, 17, 255, 161, 76, 221, 1, 121, 1, 0, 40, 0, 0, 8, 1, 0, 249, 2, 45]
1552550757568;[171, 0, 17, 255, 161, 76, 221, 1, 121, 1, 0, 39, 0, 0, 8, 1, 0, 250, 2, 14]
1552550757752;[171, 0, 4, 255, 132, 128, 64]
1552550757753;[171, 0, 17, 255, 161, 76, 221, 1, 121, 1, 0, 37, 0, 0, 10, 1, 1, 3, 1, 247]
1552550758086;[171, 0, 17, 255, 161, 76, 221, 1, 121, 1, 0, 40, 0, 0, 9, 1, 0, 254, 2, 7]
1552550758270;[171, 0, 17, 255, 161, 76, 221, 1, 121, 1, 0, 35, 0, 0, 11, 1, 0, 249, 2, 38]
1552550758271;[171, 0, 17, 255, 161, 76, 221, 1, 121, 1, 0, 32, 0, 0, 9, 1, 0, 249, 2, 56]
1552550758272;[171, 0, 17, 255, 161, 76, 221, 1, 122, 1, 0, 45, 0, 0, 11, 1, 0, 249, 2, 62]
1552550758272;[171, 0, 17, 255, 161, 76, 221, 1, 122, 1, 0, 48, 0, 0, 8, 1, 0, 236, 2, 89]
1552550758437;[171, 0, 17, 255, 161, 76, 221, 1, 122, 1, 0, 39, 0, 0, 19, 1, 1, 7, 2, 138]
1552550758437;[171, 0, 17, 255, 161, 76, 221, 1, 122, 1, 0, 46, 0, 0, 0, 1, 0, 247, 2, 162]
1552550758789;[171, 0, 17, 255, 161, 76, 221, 1, 122, 1, 0, 57, 0, 0, 9, 1, 0, 247, 2, 193]
1552550758789;[171, 0, 17, 255, 161, 76, 221, 1, 122, 1, 0, 53, 0, 0, 3, 1, 0, 246, 2, 198]
1552550758790;[171, 0, 4, 255, 132, 128, 64]
1552550758956;[171, 0, 17, 255, 161, 76, 221, 1, 122, 1, 0, 56, 1, 0, 6, 1, 0, 246, 2, 201]
1552550758956;[171, 0, 17, 255, 161, 76, 221, 1, 122, 1, 0, 76, 0, 0, 8, 1, 0, 242, 2, 228]
1552550759123;[171, 0, 17, 255, 161, 76, 221, 1, 122, 1, 0, 75, 0, 0, 6, 1, 0, 255, 3, 0]
1552550759124;[171, 0, 17, 255, 161, 76, 221, 1, 122, 1, 0, 73, 0, 0, 4, 1, 0, 241, 3, 35]
1552550759307;[171, 0, 17, 255, 161, 76, 221, 1, 123, 1, 0, 75, 0, 0, 6, 1, 0, 240, 3, 22]
1552550759308;[171, 0, 17, 255, 161, 76, 221, 1, 123, 1, 0, 81, 0, 0, 2, 1, 1, 3, 2, 230]
1552550759473;[171, 0, 17, 255, 161, 76, 221, 1, 123, 1, 0, 72, 0, 0, 5, 1, 0, 243, 3, 8]
1552550759640;[171, 0, 17, 255, 161, 76, 221, 1, 123, 1, 0, 74, 0, 0, 0, 1, 0, 243, 2, 234]
1552550759641;[171, 0, 17, 255, 161, 76, 221, 1, 123, 1, 0, 77, 0, 0, 5, 1, 0, 242, 2, 89]
1552550759824;[171, 0, 17, 255, 161, 76, 221, 1, 123, 1, 0, 77, 1, 0, 1, 1, 0, 255, 1, 229]
1552550759825;[171, 0, 4, 255, 132, 128, 64]
1552550759992;[171, 0, 17, 255, 161, 76, 221, 1, 123, 1, 0, 71, 0, 0, 2, 1, 0, 241, 1, 193]
1552550759992;[171, 0, 17, 255, 161, 76, 221, 1, 123, 1, 0, 103, 0, 0, 4, 1, 0, 246, 1, 241]
1552550760158;[171, 0, 17, 255, 161, 76, 221, 1, 123, 1, 0, 74, 0, 0, 9, 1, 0, 240, 2, 5]
1552550760342;[171, 0, 17, 255, 161, 76, 221, 1, 123, 1, 0, 75, 0, 0, 10, 1, 0, 242, 2, 21]
1552550760343;[171, 0, 17, 255, 161, 76, 221, 1, 128, 1, 0, 74, 0, 0, 4, 1, 0, 249, 2, 19]
1552550760509;[171, 0, 17, 255, 161, 76, 221, 1, 128, 1, 0, 75, 0, 0, 9, 1, 0, 245, 2, 11]
1552550760510;[171, 0, 17, 255, 161, 76, 221, 1, 128, 1, 0, 74, 0, 0, 3, 1, 0, 249, 2, 1]
1552550760677;[171, 0, 17, 255, 161, 76, 221, 1, 128, 1, 0, 73, 0, 0, 8, 1, 0, 245, 1, 254]
1552550760861;[171, 0, 17, 255, 161, 76, 221, 1, 128, 1, 0, 72, 0, 0, 4, 1, 0, 249, 2, 27]
1552550760862;[171, 0, 17, 255, 161, 76, 221, 1, 128, 1, 0, 73, 0, 0, 4, 1, 0, 243, 2, 82]
1552550761027;[171, 0, 4, 255, 132, 128, 64]
1552550761028;[171, 0, 17, 255, 161, 76, 221, 1, 128, 1, 0, 74, 0, 0, 8, 1, 0, 245, 2, 131]
1552550761194;[171, 0, 17, 255, 161, 76, 221, 1, 128, 1, 0, 71, 0, 0, 6, 1, 0, 249, 2, 175]
1552550761378;[171, 0, 17, 255, 161, 76, 221, 1, 128, 1, 0, 77, 0, 0, 4, 1, 0, 245, 2, 205]
1552550761379;[171, 0, 17, 255, 161, 76, 221, 1, 128, 1, 0, 74, 0, 0, 6, 1, 0, 245, 2, 230]
1552550761545;[171, 0, 17, 255, 161, 76, 221, 1, 129, 1, 0, 73, 0, 0, 5, 1, 0, 248, 2, 239]
1552550761546;[171, 0, 17, 255, 161, 76, 221, 1, 129, 1, 0, 72, 0, 0, 6, 1, 0, 246, 2, 236]
1552550761712;[171, 0, 17, 255, 161, 76, 221, 1, 129, 1, 0, 74, 0, 0, 8, 1, 0, 248, 3, 1]
1552550761896;[171, 0, 17, 255, 161, 76, 221, 1, 129, 1, 0, 73, 0, 0, 4, 1, 0, 245, 3, 60]
1552550761896;[171, 0, 17, 255, 161, 76, 221, 1, 129, 1, 0, 71, 0, 0, 5, 1, 0, 246, 3, 100]
1552550761897;[171, 0, 17, 255, 161, 76, 221, 1, 129, 1, 0, 74, 0, 0, 5, 1, 0, 245, 3, 130]
1552550762063;[171, 0, 4, 255, 132, 128, 64]
1552550762230;[171, 0, 17, 255, 161, 76, 221, 1, 129, 1, 0, 74, 0, 0, 3, 1, 0, 248, 3, 141]
1552550762414;[171, 0, 17, 255, 161, 76, 221, 1, 129, 1, 0, 72, 0, 0, 8, 1, 0, 243, 3, 141]
1552550762415;[171, 0, 17, 255, 161, 76, 221, 1, 129, 1, 0, 72, 0, 0, 4, 1, 0, 248, 3, 134]
1552550762415;[171, 0, 17, 255, 161, 76, 221, 1, 129, 1, 0, 74, 0, 0, 4, 1, 0, 247, 3, 128]
1552550762581;[171, 0, 17, 255, 161, 76, 221, 1, 130, 1, 0, 75, 0, 0, 6, 1, 0, 246, 3, 149]
1552550762748;[171, 0, 17, 255, 161, 76, 221, 1, 130, 1, 0, 75, 0, 0, 3, 1, 0, 245, 3, 213]
1552550762749;[171, 0, 17, 255, 161, 76, 221, 1, 130, 1, 0, 72, 0, 0, 3, 1, 0, 249, 4, 0]
1552550762932;[171, 0, 17, 255, 161, 76, 221, 1, 130, 1, 0, 75, 0, 0, 4, 1, 0, 248, 4, 25]
1552550762933;[171, 0, 17, 255, 161, 76, 221, 1, 130, 1, 0, 75, 0, 0, 3, 1, 0, 246, 4, 37]
1552550763099;[171, 0, 17, 255, 161, 76, 221, 1, 130, 1, 0, 75, 0, 0, 5, 1, 0, 246, 4, 50]
1552550763100;[171, 0, 4, 255, 132, 128, 64]
1552550763266;[171, 0, 17, 255, 161, 76, 221, 1, 130, 1, 0, 74, 0, 0, 4, 1, 0, 246, 4, 32]
1552550763450;[171, 0, 17, 255, 161, 76, 221, 1, 130, 1, 0, 73, 0, 0, 4, 1, 0, 249, 4, 2]
1552550763450;[171, 0, 17, 255, 161, 76, 221, 1, 130, 1, 0, 77, 0, 0, 8, 1, 0, 246, 3, 238]
1552550763616;[171, 0, 17, 255, 161, 76, 221, 1, 130, 1, 0, 73, 0, 0, 4, 1, 0, 243, 4, 21]
1552550763617;[171, 0, 17, 255, 161, 76, 221, 1, 131, 1, 0, 72, 0, 0, 6, 1, 0, 242, 4, 69]
1552550763784;[171, 0, 17, 255, 161, 76, 221, 1, 131, 1, 0, 74, 0, 0, 3, 1, 0, 249, 4, 76]
1552550763967;[171, 0, 17, 255, 161, 76, 221, 1, 131, 1, 0, 74, 0, 0, 8, 1, 0, 245, 4, 87]
1552550764135;[171, 0, 17, 255, 161, 76, 221, 1, 131, 1, 0, 72, 0, 0, 6, 1, 0, 247, 4, 64]
1552550764136;[171, 0, 17, 255, 161, 76, 221, 1, 131, 1, 0, 73, 0, 0, 4, 1, 0, 248, 4, 48]
1552550764136;[171, 0, 17, 255, 161, 76, 221, 1, 131, 1, 0, 71, 0, 0, 4, 1, 0, 246, 4, 19]
1552550764302;[171, 0, 4, 255, 132, 128, 64]
1552550764303;[171, 0, 17, 255, 161, 76, 221, 1, 131, 1, 0, 74, 0, 0, 4, 1, 0, 243, 3, 229]
1552550764469;[171, 0, 17, 255, 161, 76, 221, 1, 131, 1, 0, 74, 0, 0, 6, 1, 0, 245, 3, 189]
1552550764653;[171, 0, 17, 255, 161, 76, 221, 1, 131, 1, 0, 73, 0, 0, 4, 1, 0, 245, 3, 183]
1552550764653;[171, 0, 17, 255, 161, 76, 221, 1, 131, 1, 0, 73, 0, 0, 4, 1, 0, 246, 3, 212]
1552550764820;[171, 0, 17, 255, 161, 76, 221, 1, 132, 1, 0, 73, 0, 0, 4, 1, 0, 246, 3, 214]
1552550764821;[171, 0, 17, 255, 161, 76, 221, 1, 132, 1, 0, 73, 0, 0, 4, 1, 0, 248, 3, 217]
1552550764987;[171, 0, 17, 255, 161, 76, 221, 1, 132, 1, 0, 73, 0, 0, 6, 1, 0, 243, 3, 196]
1552550765003;[171, 0, 17, 255, 161, 76, 221, 1, 132, 1, 0, 73, 0, 0, 3, 1, 0, 242, 3, 180]
1552550765171;[171, 0, 17, 255, 161, 76, 221, 1, 132, 1, 0, 73, 0, 0, 5, 1, 0, 250, 3, 148]
1552550765338;[171, 0, 17, 255, 161, 76, 221, 1, 132, 1, 0, 71, 0, 0, 4, 1, 0, 249, 3, 118]
1552550765339;[171, 0, 4, 255, 132, 128, 65]
1552550765505;[171, 0, 17, 255, 161, 76, 221, 1, 132, 1, 0, 75, 0, 0, 6, 1, 0, 248, 3, 71]
1552550765505;[171, 0, 17, 255, 161, 76, 221, 1, 132, 1, 0, 73, 0, 0, 3, 1, 0, 249, 3, 82]
1552550765856;[171, 0, 17, 255, 161, 76, 221, 1, 132, 1, 0, 75, 0, 0, 8, 1, 0, 245, 3, 87]
1552550765856;[171, 0, 17, 255, 161, 76, 221, 1, 132, 1, 0, 72, 0, 0, 5, 1, 0, 242, 3, 92]
1552550765857;[171, 0, 17, 255, 161, 76, 221, 1, 133, 1, 0, 73, 0, 0, 6, 1, 0, 248, 3, 91]
1552550766023;[171, 0, 17, 255, 161, 76, 221, 1, 133, 1, 0, 72, 0, 0, 5, 1, 0, 248, 3, 77]
1552550766023;[171, 0, 17, 255, 161, 76, 221, 1, 133, 1, 0, 72, 0, 0, 2, 1, 0, 246, 3, 49]
1552550766206;[171, 0, 17, 255, 161, 76, 221, 1, 133, 1, 0, 74, 0, 0, 4, 1, 0, 246, 3, 16]
1552550766207;[171, 0, 17, 255, 161, 76, 221, 1, 133, 1, 0, 73, 0, 0, 9, 1, 0, 249, 2, 238]
1552550766396;[171, 0, 17, 255, 161, 76, 221, 1, 133, 1, 0, 74, 0, 0, 6, 1, 0, 247, 2, 200]
1552550766546;[171, 0, 4, 255, 132, 128, 65]
1552550766548;[171, 0, 17, 255, 161, 76, 221, 1, 133, 1, 0, 74, 0, 0, 3, 1, 0, 245, 2, 162]
1552550766728;[171, 0, 17, 255, 161, 76, 221, 1, 133, 1, 0, 77, 0, 0, 4, 1, 0, 249, 2, 170]
1552550766729;[171, 0, 17, 255, 161, 76, 221, 1, 133, 1, 0, 72, 0, 0, 5, 1, 0, 248, 2, 174]
1552550766892;[171, 0, 17, 255, 161, 76, 221, 1, 133, 1, 0, 74, 0, 0, 4, 1, 0, 246, 2, 169]
1552550767060;[171, 0, 17, 255, 161, 76, 221, 1, 134, 1, 0, 72, 0, 0, 4, 1, 0, 245, 2, 159]
1552550767060;[171, 0, 17, 255, 161, 76, 221, 1, 134, 1, 0, 72, 0, 0, 4, 1, 0, 246, 2, 154]
1552550767410;[171, 0, 17, 255, 161, 76, 221, 1, 134, 1, 0, 73, 0, 0, 6, 1, 0, 247, 2, 134]
1552550767411;[171, 0, 17, 255, 161, 76, 221, 1, 134, 1, 0, 72, 0, 0, 4, 1, 0, 249, 2, 99]
1552550767412;[171, 0, 17, 255, 161, 76, 221, 1, 134, 1, 0, 71, 0, 0, 6, 1, 0, 243, 2, 63]
1552550767412;[171, 0, 17, 255, 161, 76, 221, 1, 134, 1, 0, 71, 0, 0, 4, 1, 0, 246, 2, 28]
1552550767580;[171, 0, 4, 255, 132, 128, 66]
1552550767765;[171, 0, 17, 255, 161, 76, 221, 1, 134, 1, 0, 72, 0, 0, 6, 1, 0, 246, 2, 5]
1552550767931;[171, 0, 17, 255, 161, 76, 221, 1, 134, 1, 0, 74, 0, 0, 4, 1, 0, 245, 2, 6]
1552550767932;[171, 0, 17, 255, 161, 76, 221, 1, 134, 1, 0, 72, 0, 0, 4, 1, 0, 245, 2, 8]
1552550767933;[171, 0, 17, 255, 161, 76, 221, 1, 134, 1, 0, 75, 0, 0, 8, 1, 0, 248, 1, 250]
1552550768095;[171, 0, 17, 255, 161, 76, 221, 1, 135, 1, 0, 72, 0, 0, 4, 1, 0, 245, 1, 240]
1552550768095;[171, 0, 17, 255, 161, 76, 221, 1, 135, 1, 0, 74, 0, 0, 4, 1, 0, 247, 1, 204]
1552550768279;[171, 0, 17, 255, 161, 76, 221, 1, 135, 1, 0, 74, 0, 0, 5, 1, 0, 246, 1, 181]
1552550768446;[171, 0, 17, 255, 161, 76, 221, 1, 135, 1, 0, 72, 0, 0, 4, 1, 0, 248, 1, 135]
1552550768446;[171, 0, 17, 255, 161, 76, 221, 1, 135, 1, 0, 74, 0, 0, 6, 1, 0, 245, 1, 106]
1552550768613;[171, 0, 17, 255, 161, 76, 221, 1, 135, 1, 0, 73, 0, 0, 6, 1, 0, 248, 1, 71]
1552550768614;[171, 0, 4, 255, 132, 128, 66]
1552550768797;[171, 0, 17, 255, 161, 76, 221, 1, 135, 1, 0, 73, 0, 0, 4, 1, 0, 248, 1, 69]
1552550768963;[171, 0, 17, 255, 161, 76, 221, 1, 135, 1, 0, 74, 0, 0, 8, 1, 0, 243, 1, 68]
1552550769130;[171, 0, 17, 255, 161, 76, 221, 1, 135, 1, 0, 74, 0, 0, 6, 1, 0, 248, 1, 71]
1552550769131;[171, 0, 17, 255, 161, 76, 221, 1, 135, 1, 0, 75, 0, 0, 4, 1, 0, 245, 1, 58]
1552550769131;[171, 0, 17, 255, 161, 76, 221, 1, 136, 1, 0, 74, 0, 0, 4, 1, 0, 245, 1, 31]
1552550769314;[171, 0, 17, 255, 161, 76, 221, 1, 136, 1, 0, 73, 0, 0, 3, 1, 0, 245, 1, 8]
1552550769315;[171, 0, 17, 255, 161, 76, 221, 1, 136, 1, 0, 73, 0, 0, 6, 1, 0, 248, 0, 233]
1552550769481;[171, 0, 17, 255, 161, 76, 221, 1, 136, 1, 0, 74, 0, 0, 4, 1, 0, 245, 16, 197]
1552550769816;[171, 0, 17, 255, 161, 76, 221, 1, 136, 1, 0, 73, 0, 0, 3, 1, 0, 245, 7, 170]
1552550769832;[171, 0, 17, 255, 161, 76, 221, 1, 136, 1, 0, 75, 0, 0, 4, 1, 0, 249, 7, 159]
1552550769833;[171, 0, 4, 255, 132, 128, 66]
1552550769834;[171, 0, 17, 255, 161, 76, 221, 1, 136, 1, 0, 74, 0, 0, 8, 1, 0, 247, 7, 177]
1552550769999;[171, 0, 17, 255, 161, 76, 221, 1, 136, 1, 0, 74, 0, 0, 4, 1, 0, 248, 7, 175]
1552550770166;[171, 0, 17, 255, 161, 76, 221, 1, 136, 1, 0, 74, 0, 0, 5, 1, 0, 245, 7, 181]
1552550770167;[171, 0, 17, 255, 161, 76, 221, 1, 136, 1, 0, 75, 0, 0, 6, 1, 0, 246, 7, 172]
1552550770334;[171, 0, 17, 255, 161, 76, 221, 1, 137, 1, 0, 71, 0, 0, 6, 1, 0, 248, 7, 159]
1552550770350;[171, 0, 17, 255, 161, 76, 221, 1, 137, 1, 0, 73, 0, 0, 3, 1, 0, 248, 7, 144]
1552550770517;[171, 0, 17, 255, 161, 76, 221, 1, 137, 1, 0, 75, 0, 0, 6, 1, 0, 245, 7, 117]
1552550770685;[171, 0, 17, 255, 161, 76, 221, 1, 137, 1, 0, 75, 0, 0, 4, 1, 0, 248, 7, 99]
1552550770685;[171, 0, 17, 255, 161, 76, 221, 1, 137, 1, 0, 73, 0, 0, 3, 1, 0, 249, 7, 93]
1552550770851;[171, 0, 17, 255, 161, 76, 221, 1, 137, 1, 0, 73, 0, 0, 4, 1, 0, 246, 7, 113]
1552550770869;[171, 0, 4, 255, 132, 128, 66]
1552550771039;[171, 0, 17, 255, 161, 76, 221, 1, 137, 1, 0, 72, 0, 0, 6, 1, 0, 244, 7, 128]
1552550771040;[171, 0, 17, 255, 161, 76, 221, 1, 137, 1, 0, 73, 0, 0, 3, 1, 0, 245, 7, 140]
1552550771206;[171, 0, 17, 255, 161, 76, 221, 1, 137, 1, 0, 73, 0, 0, 4, 1, 0, 245, 7, 144]
1552550771207;[171, 0, 17, 255, 161, 76, 221, 1, 137, 1, 0, 73, 0, 0, 4, 1, 0, 249, 7, 138]
1552550771373;[171, 0, 17, 255, 161, 76, 221, 1, 138, 1, 0, 73, 0, 0, 8, 1, 0, 248, 7, 120]
1552550771553;[171, 0, 17, 255, 161, 76, 221, 1, 138, 1, 0, 73, 0, 0, 5, 1, 0, 248, 7, 104]
1552550771554;[171, 0, 17, 255, 161, 76, 221, 1, 138, 1, 0, 74, 0, 0, 4, 1, 0, 247, 7, 80]
1552550771721;[171, 0, 17, 255, 161, 76, 221, 1, 138, 1, 0, 73, 0, 0, 5, 1, 0, 248, 7, 61]
1552550771721;[171, 0, 17, 255, 161, 76, 221, 1, 138, 1, 0, 73, 0, 0, 6, 1, 0, 246, 7, 76]
1552550771888;[171, 0, 17, 255, 161, 76, 221, 1, 138, 1, 0, 73, 0, 0, 4, 1, 0, 245, 7, 96]
1552550771888;[171, 0, 4, 255, 132, 128, 66]
1552550772239;[171, 0, 17, 255, 161, 76, 221, 1, 138, 1, 0, 74, 0, 0, 3, 1, 0, 246, 7, 104]
1552550772239;[171, 0, 17, 255, 161, 76, 221, 1, 138, 1, 0, 74, 0, 0, 3, 1, 0, 243, 7, 111]
1552550772240;[171, 0, 17, 255, 161, 76, 221, 1, 138, 1, 0, 79, 0, 0, 4, 1, 0, 245, 7, 100]
1552550772406;[171, 0, 17, 255, 161, 76, 221, 1, 138, 1, 0, 73, 0, 0, 5, 1, 0, 246, 7, 92]
1552550772406;[171, 0, 17, 255, 161, 76, 221, 1, 139, 1, 0, 73, 0, 0, 4, 1, 0, 245, 7, 67]
1552550772589;[171, 0, 17, 255, 161, 76, 221, 1, 139, 1, 0, 75, 0, 0, 3, 1, 0, 248, 7, 48]
1552550772756;[171, 0, 17, 255, 161, 76, 221, 1, 139, 1, 0, 72, 0, 0, 8, 1, 0, 248, 7, 24]
1552550772757;[171, 0, 17, 255, 161, 76, 221, 1, 139, 1, 0, 75, 0, 0, 4, 1, 0, 243, 7, 33]
1552550772924;[171, 0, 17, 255, 161, 76, 221, 1, 139, 1, 0, 73, 0, 0, 5, 1, 0, 245, 7, 61]
1552550772925;[171, 0, 17, 255, 161, 76, 221, 1, 139, 1, 0, 75, 0, 0, 8, 1, 0, 243, 7, 77]
1552550773107;[171, 0, 4, 255, 132, 128, 66]
1552550773108;[171, 0, 17, 255, 161, 76, 221, 1, 139, 1, 0, 72, 0, 0, 3, 1, 0, 243, 7, 97]
1552550773442;[171, 0, 17, 255, 161, 76, 221, 1, 139, 1, 0, 73, 0, 0, 4, 1, 0, 246, 7, 95]
1552550773458;[171, 0, 17, 255, 161, 76, 221, 1, 139, 1, 0, 73, 0, 0, 4, 1, 0, 246, 7, 95]
1552550773625;[171, 0, 17, 255, 161, 76, 221, 1, 139, 1, 0, 72, 0, 0, 8, 1, 0, 246, 7, 89]
1552550773626;[171, 0, 17, 255, 161, 76, 221, 1, 140, 1, 0, 72, 0, 0, 5, 1, 0, 243, 7, 73]
1552550773626;[171, 0, 17, 255, 161, 76, 221, 1, 140, 1, 0, 73, 0, 0, 6, 1, 0, 245, 7, 46]
1552550773793;[171, 0, 17, 255, 161, 76, 221, 1, 140, 1, 0, 73, 0, 0, 4, 1, 0, 248, 7, 22]
1552550773793;[171, 0, 17, 255, 161, 76, 221, 1, 140, 1, 0, 73, 0, 0, 4, 1, 0, 248, 7, 57]
1552550773960;[171, 0, 17, 255, 161, 76, 221, 1, 140, 1, 0, 75, 0, 0, 4, 1, 0, 245, 7, 87]
1552550774143;[171, 0, 17, 255, 161, 76, 221, 1, 142, 1, 0, 73, 0, 0, 5, 1, 0, 245, 7, 149]
1552550774311;[171, 0, 17, 255, 161, 76, 221, 1, 142, 1, 0, 73, 0, 0, 6, 1, 0, 249, 7, 141]
1552550774311;[171, 0, 17, 255, 161, 76, 221, 1, 142, 1, 0, 75, 0, 0, 4, 1, 0, 246, 7, 127]
1552550774478;[171, 0, 17, 255, 161, 76, 221, 1, 142, 1, 0, 73, 0, 0, 6, 1, 0, 245, 7, 104]
1552550774661;[171, 0, 17, 255, 161, 76, 221, 1, 143, 1, 0, 73, 0, 0, 5, 1, 0, 245, 7, 82]
1552550774829;[171, 0, 17, 255, 161, 76, 221, 1, 143, 1, 0, 74, 0, 0, 4, 1, 0, 249, 7, 123]
1552550774830;[171, 0, 17, 255, 161, 76, 221, 1, 143, 1, 0, 73, 0, 0, 4, 1, 0, 247, 7, 163]
1552550774995;[171, 0, 17, 255, 161, 76, 221, 1, 143, 1, 0, 74, 0, 0, 6, 1, 0, 244, 7, 182]
1552550774996;[171, 0, 17, 255, 161, 76, 221, 1, 143, 1, 0, 74, 0, 0, 4, 1, 0, 246, 7, 198]
1552550775179;[171, 0, 17, 255, 161, 76, 221, 1, 143, 1, 0, 74, 0, 0, 3, 1, 0, 245, 7, 185]
1552550775346;[171, 0, 4, 255, 132, 128, 65]
1552550775347;[171, 0, 17, 255, 161, 76, 221, 1, 143, 1, 0, 74, 0, 0, 5, 1, 0, 246, 7, 188]
1552550775514;[171, 0, 17, 255, 161, 76, 221, 1, 143, 1, 0, 74, 0, 0, 3, 1, 0, 248, 7, 183]
1552550775680;[171, 0, 17, 255, 161, 76, 221, 1, 143, 1, 0, 71, 0, 0, 4, 1, 0, 246, 7, 177]
1552550775865;[171, 0, 17, 255, 161, 76, 221, 1, 143, 1, 0, 72, 0, 0, 4, 1, 0, 249, 7, 163]
1552550775865;[171, 0, 17, 255, 161, 76, 221, 1, 144, 1, 0, 74, 0, 0, 3, 1, 0, 245, 7, 202]
1552550775866;[171, 0, 17, 255, 161, 76, 221, 1, 144, 1, 0, 71, 0, 0, 4, 1, 0, 248, 7, 225]
1552550776032;[171, 0, 17, 255, 161, 76, 221, 1, 144, 1, 0, 73, 0, 0, 5, 1, 0, 248, 7, 245]
1552550776198;[171, 0, 17, 255, 161, 76, 221, 1, 144, 1, 0, 72, 0, 0, 4, 1, 0, 249, 8, 5]
1552550776215;[171, 0, 17, 255, 161, 76, 221, 1, 144, 1, 0, 73, 0, 0, 5, 1, 0, 247, 8, 3]
1552550776216;[171, 0, 17, 255, 161, 76, 221, 1, 144, 1, 0, 73, 0, 0, 6, 1, 0, 248, 7, 236]
1552550776382;[171, 0, 4, 255, 132, 128, 65]
1552550776717;[171, 0, 17, 255, 161, 76, 221, 1, 144, 1, 0, 71, 0, 0, 4, 1, 0, 246, 7, 227]
1552550776733;[171, 0, 17, 255, 161, 76, 221, 1, 144, 1, 0, 74, 0, 0, 6, 1, 0, 245, 7, 208]
1552550776734;[171, 0, 17, 255, 161, 76, 221, 1, 144, 1, 0, 77, 0, 0, 6, 1, 0, 248, 7, 219]
1552550776734;[171, 0, 17, 255, 161, 76, 221, 1, 144, 1, 0, 74, 0, 0, 5, 1, 0, 245, 7, 252]
1552550776900;[171, 0, 17, 255, 161, 76, 221, 1, 145, 1, 0, 73, 0, 0, 4, 1, 0, 248, 8, 11]
1552550776901;[171, 0, 17, 255, 161, 76, 221, 1, 145, 1, 0, 74, 0, 0, 4, 1, 0, 249, 8, 16]
1552550777068;[171, 0, 17, 255, 161, 76, 221, 1, 145, 1, 0, 71, 0, 0, 5, 1, 0, 250, 8, 4]
1552550777235;[171, 0, 17, 255, 161, 76, 221, 1, 145, 1, 0, 73, 0, 0, 6, 1, 0, 248, 8, 3]
1552550777252;[171, 0, 17, 255, 161, 76, 221, 1, 145, 1, 0, 73, 0, 0, 5, 1, 0, 247, 7, 231]
1552550777418;[171, 0, 17, 255, 161, 76, 221, 1, 145, 1, 0, 71, 0, 0, 4, 1, 0, 246, 7, 204]
1552550777419;[171, 0, 4, 255, 132, 128, 65]
1552550777585;[171, 0, 17, 255, 161, 76, 221, 1, 145, 1, 0, 73, 0, 0, 3, 1, 0, 247, 7, 176]
1552550777752;[171, 0, 17, 255, 161, 76, 221, 1, 145, 1, 0, 74, 0, 0, 4, 1, 0, 246, 7, 180]
1552550777936;[171, 0, 17, 255, 161, 76, 221, 1, 145, 1, 0, 72, 0, 0, 4, 1, 0, 246, 7, 223]
1552550778103;[171, 0, 17, 255, 161, 76, 221, 1, 145, 1, 0, 73, 0, 0, 4, 1, 0, 248, 8, 1]
1552550778103;[171, 0, 17, 255, 161, 76, 221, 1, 146, 1, 0, 74, 0, 0, 4, 1, 0, 243, 8, 14]
1552550778104;[171, 0, 17, 255, 161, 76, 221, 1, 146, 1, 0, 73, 0, 0, 2, 1, 0, 248, 8, 22]
1552550778104;[171, 0, 17, 255, 161, 76, 221, 1, 146, 1, 0, 75, 0, 0, 5, 1, 0, 247, 8, 14]
1552550778270;[171, 0, 17, 255, 161, 76, 221, 1, 146, 1, 0, 72, 0, 0, 5, 1, 0, 249, 8, 1]
1552550778454;[171, 0, 17, 255, 161, 76, 221, 1, 146, 1, 0, 71, 0, 0, 6, 1, 0, 247, 7, 235]
1552550778454;[171, 0, 17, 255, 161, 76, 221, 1, 146, 1, 0, 73, 0, 0, 5, 1, 0, 248, 7, 208]
1552550778788;[171, 0, 4, 255, 132, 128, 65]
1552550778790;[171, 0, 17, 255, 161, 76, 221, 1, 146, 1, 0, 73, 0, 0, 5, 1, 0, 249, 7, 177]
1552550778808;[171, 0, 17, 255, 161, 76, 221, 1, 146, 1, 0, 72, 0, 0, 6, 1, 0, 248, 7, 172]
1552550778808;[171, 0, 17, 255, 161, 76, 221, 1, 146, 1, 0, 73, 0, 0, 4, 1, 0, 247, 7, 210]
1552550778972;[171, 0, 17, 255, 161, 76, 221, 1, 146, 1, 0, 72, 0, 0, 4, 1, 0, 246, 7, 241]
1552550779139;[171, 0, 17, 255, 161, 76, 221, 1, 147, 1, 0, 77, 0, 0, 4, 1, 0, 245, 8, 14]
1552550779140;[171, 0, 17, 255, 161, 76, 221, 1, 147, 1, 0, 73, 0, 0, 3, 1, 0, 245, 8, 29]
1552550779490;[171, 0, 17, 255, 161, 76, 221, 1, 147, 1, 0, 74, 0, 0, 5, 1, 0, 243, 8, 25]
1552550779491;[171, 0, 17, 255, 161, 76, 221, 1, 147, 1, 0, 72, 0, 0, 4, 1, 0, 243, 8, 6]
1552550779491;[171, 0, 17, 255, 161, 76, 221, 1, 147, 1, 0, 72, 0, 0, 4, 1, 0, 249, 7, 239]
1552550779656;[171, 0, 17, 255, 161, 76, 221, 1, 147, 1, 0, 73, 0, 0, 4, 1, 0, 247, 7, 220]
1552550779657;[171, 0, 4, 255, 132, 128, 65]
1552550779824;[171, 0, 17, 255, 161, 76, 221, 1, 147, 1, 0, 74, 0, 0, 4, 1, 0, 245, 7, 184]
1552550779824;[171, 0, 17, 255, 161, 76, 221, 1, 147, 1, 0, 72, 0, 0, 6, 1, 0, 249, 7, 178]
1552550780008;[171, 0, 17, 255, 161, 76, 221, 1, 147, 1, 0, 75, 0, 0, 5, 1, 0, 246, 7, 212]
1552550780008;[171, 0, 17, 255, 161, 76, 221, 1, 147, 1, 0, 72, 0, 0, 4, 1, 0, 246, 7, 220]
1552550780175;[171, 0, 17, 255, 161, 76, 221, 1, 148, 1, 0, 72, 0, 0, 4, 1, 0, 245, 7, 226]
1552550780342;[171, 0, 17, 255, 161, 76, 221, 1, 148, 1, 0, 75, 0, 0, 6, 1, 0, 246, 7, 220]
1552550780343;[171, 0, 17, 255, 161, 76, 221, 1, 148, 1, 0, 72, 0, 0, 6, 1, 0, 247, 7, 215]
1552550780525;[171, 0, 17, 255, 161, 76, 221, 1, 148, 1, 0, 75, 0, 0, 3, 1, 0, 246, 7, 190]
1552550780526;[171, 0, 17, 255, 161, 76, 221, 1, 148, 1, 0, 74, 0, 0, 4, 1, 0, 248, 7, 155]
1552550780693;[171, 0, 17, 255, 161, 76, 221, 1, 148, 1, 0, 73, 0, 0, 4, 1, 0, 246, 7, 130]
1552550780693;[171, 0, 4, 255, 132, 128, 65]
1552550780860;[171, 0, 17, 255, 161, 76, 221, 1, 148, 1, 0, 72, 0, 0, 4, 1, 0, 246, 7, 90]
1552550781044;[171, 0, 17, 255, 161, 76, 221, 1, 148, 1, 0, 74, 0, 0, 3, 1, 0, 249, 7, 78]
1552550781045;[171, 0, 17, 255, 161, 76, 221, 1, 148, 1, 0, 73, 0, 0, 4, 1, 0, 248, 7, 111]
1552550781211;[171, 0, 17, 255, 161, 76, 221, 1, 148, 1, 0, 72, 0, 0, 4, 1, 0, 249, 7, 128]
1552550781212;[171, 0, 17, 255, 161, 76, 221, 1, 149, 1, 0, 73, 0, 0, 3, 1, 0, 245, 7, 139]
1552550781378;[171, 0, 17, 255, 161, 76, 221, 1, 149, 1, 0, 72, 0, 0, 3, 1, 0, 246, 7, 135]
1552550781567;[171, 0, 17, 255, 161, 76, 221, 1, 149, 1, 0, 74, 0, 0, 5, 1, 0, 248, 7, 134]
1552550781568;[171, 0, 17, 255, 161, 76, 221, 1, 149, 1, 0, 72, 0, 0, 8, 1, 0, 249, 7, 117]
1552550781729;[171, 0, 17, 255, 161, 76, 221, 1, 149, 1, 0, 74, 0, 0, 3, 1, 0, 245, 7, 96]
1552550781730;[171, 0, 17, 255, 161, 76, 221, 1, 149, 1, 0, 73, 0, 0, 5, 1, 0, 245, 7, 63]
1552550781896;[171, 0, 4, 255, 132, 128, 65]
1552550781897;[171, 0, 17, 255, 161, 76, 221, 1, 149, 1, 0, 72, 0, 0, 3, 1, 0, 246, 7, 35]
1552550782084;[171, 0, 17, 255, 161, 76, 221, 1, 149, 1, 0, 72, 0, 0, 6, 1, 0, 248, 7, 38]
1552550782251;[171, 0, 17, 255, 161, 76, 221, 1, 149, 1, 0, 71, 0, 0, 6, 1, 0, 249, 7, 66]
1552550782251;[171, 0, 17, 255, 161, 76, 221, 1, 149, 1, 0, 73, 0, 0, 4, 1, 0, 246, 7, 71]
1552550782418;[171, 0, 17, 255, 161, 76, 221, 1, 150, 1, 0, 73, 0, 0, 6, 1, 0, 246, 7, 84]
1552550782419;[171, 0, 17, 255, 161, 76, 221, 1, 150, 1, 0, 73, 0, 0, 3, 1, 0, 249, 7, 82]
1552550782598;[171, 0, 17, 255, 161, 76, 221, 1, 150, 1, 0, 71, 0, 0, 8, 1, 0, 248, 7, 68]
1552550782598;[171, 0, 17, 255, 161, 76, 221, 1, 150, 1, 0, 73, 0, 0, 5, 1, 0, 249, 7, 40]
1552550782765;[171, 0, 17, 255, 161, 76, 221, 1, 150, 1, 0, 72, 0, 0, 3, 1, 0, 248, 7, 12]
1552550782932;[171, 0, 17, 255, 161, 76, 221, 1, 150, 1, 0, 73, 0, 0, 3, 1, 0, 249, 6, 237]
1552550782933;[171, 0, 4, 255, 132, 128, 65]
1552550783283;[171, 0, 17, 255, 161, 76, 221, 1, 150, 1, 0, 71, 0, 0, 4, 1, 0, 246, 6, 209]
1552550783284;[171, 0, 17, 255, 161, 76, 221, 1, 150, 1, 0, 73, 0, 0, 4, 1, 0, 248, 6, 239]
1552550783284;[171, 0, 17, 255, 161, 76, 221, 1, 150, 1, 0, 72, 0, 0, 3, 1, 0, 245, 7, 9]
1552550783450;[171, 0, 17, 255, 161, 76, 221, 1, 150, 1, 0, 72, 0, 0, 9, 1, 0, 249, 7, 16]
1552550783451;[171, 0, 17, 255, 161, 76, 221, 1, 151, 1, 0, 71, 0, 0, 4, 1, 0, 249, 7, 25]
1552550783618;[171, 0, 17, 255, 161, 76, 221, 1, 151, 1, 0, 72, 0, 0, 4, 1, 0, 247, 7, 8]
1552550783634;[171, 0, 17, 255, 161, 76, 221, 1, 151, 1, 0, 74, 0, 0, 8, 1, 0, 248, 6, 248]
1552550783800;[171, 0, 17, 255, 161, 76, 221, 1, 151, 1, 0, 72, 0, 0, 4, 1, 0, 247, 6, 230]
1552550783801;[171, 0, 17, 255, 161, 76, 221, 1, 151, 1, 0, 73, 0, 0, 4, 1, 0, 248, 6, 199]
1552550783968;[171, 0, 17, 255, 161, 76, 221, 1, 151, 1, 0, 72, 0, 0, 6, 1, 0, 248, 6, 169]
1552550784135;[171, 0, 4, 255, 132, 128, 64]
1552550784155;[171, 0, 17, 255, 161, 76, 221, 1, 151, 1, 0, 72, 0, 0, 4, 1, 0, 248, 6, 169]
1552550784318;[171, 0, 17, 255, 161, 76, 221, 1, 151, 1, 0, 73, 0, 0, 4, 1, 0, 246, 6, 192]
1552550784319;[171, 0, 17, 255, 161, 76, 221, 1, 151, 1, 0, 73, 0, 0, 6, 1, 0, 246, 6, 216]
1552550784486;[171, 0, 17, 255, 161, 76, 221, 1, 151, 1, 0, 73, 0, 0, 4, 1, 0, 246, 6, 235]
1552550784653;[171, 0, 17, 255, 161, 76, 221, 1, 152, 1, 0, 72, 0, 0, 4, 1, 0, 245, 6, 251]
1552550784837;[171, 0, 17, 255, 161, 76, 221, 1, 152, 1, 0, 71, 0, 0, 5, 1, 0, 246, 6, 248]
1552550784838;[171, 0, 17, 255, 161, 76, 221, 1, 152, 1, 0, 73, 0, 0, 4, 1, 0, 248, 6, 241]
1552550784838;[171, 0, 17, 255, 161, 76, 221, 1, 152, 1, 0, 72, 0, 0, 3, 1, 0, 248, 6, 230]
1552550785004;[171, 0, 17, 255, 161, 76, 221, 1, 152, 1, 0, 72, 0, 0, 6, 1, 0, 246, 6, 213]
1552550785004;[171, 0, 17, 255, 161, 76, 221, 1, 152, 1, 0, 71, 0, 0, 6, 1, 0, 246, 6, 189]
1552550785171;[171, 0, 4, 255, 132, 128, 64]
1552550785354;[171, 0, 17, 255, 161, 76, 221, 1, 152, 1, 0, 72, 0, 0, 5, 1, 0, 246, 6, 202]
1552550785521;[171, 0, 17, 255, 161, 76, 221, 1, 152, 1, 0, 67, 0, 0, 5, 1, 0, 248, 6, 238]
1552550785522;[171, 0, 17, 255, 161, 76, 221, 1, 152, 1, 0, 71, 0, 0, 5, 1, 0, 248, 7, 19]
1552550785522;[171, 0, 17, 255, 161, 76, 221, 1, 152, 1, 0, 71, 0, 0, 4, 1, 0, 254, 7, 68]
1552550785689;[171, 0, 17, 255, 161, 76, 221, 1, 153, 1, 0, 72, 0, 0, 6, 1, 0, 246, 7, 97]
1552550785689;[171, 0, 17, 255, 161, 76, 221, 1, 153, 1, 0, 72, 0, 0, 8, 1, 0, 248, 7, 110]
1552550786039;[171, 0, 17, 255, 161, 76, 221, 1, 153, 1, 0, 72, 0, 0, 6, 1, 0, 245, 7, 108]
1552550786040;[171, 0, 17, 255, 161, 76, 221, 1, 153, 1, 0, 72, 0, 0, 4, 1, 0, 249, 7, 102]
1552550786041;[171, 0, 17, 255, 161, 76, 221, 1, 153, 1, 0, 71, 0, 0, 4, 1, 0, 249, 7, 82]
1552550786207;[171, 0, 17, 255, 161, 76, 221, 1, 153, 1, 0, 73, 0, 0, 4, 1, 0, 249, 7, 98]
1552550786208;[171, 0, 4, 255, 132, 128, 64]
1552550786391;[171, 0, 17, 255, 161, 76, 221, 1, 153, 1, 0, 71, 0, 0, 4, 1, 0, 249, 7, 151]
1552550786558;[171, 0, 17, 255, 161, 76, 221, 1, 153, 1, 0, 73, 0, 0, 6, 1, 0, 248, 7, 201]
1552550786558;[171, 0, 17, 255, 161, 76, 221, 1, 153, 1, 0, 72, 0, 0, 3, 1, 0, 249, 7, 233]
1552550786725;[171, 0, 17, 255, 161, 76, 221, 1, 153, 1, 0, 72, 0, 0, 3, 1, 0, 248, 7, 255]
1552550786725;[171, 0, 17, 255, 161, 76, 221, 1, 154, 1, 0, 71, 0, 0, 4, 1, 0, 245, 7, 244]
1552550786909;[171, 0, 17, 255, 161, 76, 221, 1, 154, 1, 0, 72, 0, 0, 5, 1, 0, 246, 7, 237]
1552550786910;[171, 0, 17, 255, 161, 76, 221, 1, 154, 1, 0, 72, 0, 0, 4, 1, 0, 247, 7, 229]
1552550787076;[171, 0, 17, 255, 161, 76, 221, 1, 154, 1, 0, 71, 0, 0, 6, 1, 0, 246, 7, 206]
1552550787243;[171, 0, 17, 255, 161, 76, 221, 1, 154, 1, 0, 72, 0, 0, 3, 1, 0, 249, 7, 187]
1552550787243;[171, 0, 17, 255, 161, 76, 221, 1, 154, 1, 0, 73, 0, 0, 4, 1, 0, 245, 7, 213]
1552550787426;[171, 0, 4, 255, 132, 128, 64]
1552550787427;[171, 0, 17, 255, 161, 76, 221, 1, 154, 1, 0, 71, 0, 0, 5, 1, 0, 246, 7, 247]
1552550787594;[171, 0, 17, 255, 161, 76, 221, 1, 154, 1, 0, 72, 0, 0, 2, 1, 0, 246, 8, 9]
1552550787595;[171, 0, 17, 255, 161, 76, 221, 1, 154, 1, 0, 71, 0, 0, 6, 1, 0, 248, 8, 31]
1552550787761;[171, 0, 17, 255, 161, 76, 221, 1, 154, 1, 0, 73, 0, 0, 5, 1, 0, 243, 8, 35]
1552550787945;[171, 0, 17, 255, 161, 76, 221, 1, 155, 1, 0, 71, 0, 0, 5, 1, 0, 245, 8, 27]
1552550787945;[171, 0, 17, 255, 161, 76, 221, 1, 155, 1, 0, 73, 0, 0, 3, 1, 0, 246, 8, 11]
1552550788112;[171, 0, 17, 255, 161, 76, 221, 1, 155, 1, 0, 72, 0, 0, 4, 1, 0, 248, 7, 252]
1552550788279;[171, 0, 17, 255, 161, 76, 221, 1, 155, 1, 0, 74, 0, 0, 4, 1, 0, 249, 7, 224]
1552550788279;[171, 0, 17, 255, 161, 76, 221, 1, 155, 1, 0, 73, 0, 0, 4, 1, 0, 249, 7, 214]
1552550788445;[171, 0, 17, 255, 161, 76, 221, 1, 155, 1, 0, 73, 0, 0, 4, 1, 0, 248, 7, 253]
1552550788463;[171, 0, 4, 255, 132, 128, 64]
1552550788629;[171, 0, 17, 255, 161, 76, 221, 1, 155, 1, 0, 71, 0, 0, 6, 1, 0, 248, 8, 13]
1552550788630;[171, 0, 17, 255, 161, 76, 221, 1, 155, 1, 0, 71, 0, 0, 4, 1, 0, 246, 8, 29]
1552550788797;[171, 0, 17, 255, 161, 76, 221, 1, 155, 1, 0, 72, 0, 0, 4, 1, 0, 249, 8, 34]
1552550788797;[171, 0, 17, 255, 161, 76, 221, 1, 155, 1, 0, 71, 0, 0, 4, 1, 0, 246, 8, 22]
1552550788964;[171, 0, 17, 255, 161, 76, 221, 1, 156, 1, 0, 72, 0, 0, 6, 1, 0, 249, 8, 7]
1552550789147;[171, 0, 17, 255, 161, 76, 221, 1, 156, 1, 0, 72, 0, 0, 4, 1, 0, 249, 7, 232]
1552550789148;[171, 0, 17, 255, 161, 76, 221, 1, 156, 1, 0, 72, 0, 0, 3, 1, 0, 243, 7, 207]
1552550789315;[171, 0, 17, 255, 161, 76, 221, 1, 156, 1, 0, 67, 0, 0, 4, 1, 0, 245, 7, 220]
1552550789331;[171, 0, 17, 255, 161, 76, 221, 1, 156, 1, 0, 75, 0, 0, 4, 1, 0, 246, 7, 254]
1552550789482;[171, 0, 17, 255, 161, 76, 221, 1, 156, 1, 0, 72, 0, 0, 4, 1, 0, 248, 8, 12]
1552550789499;[171, 0, 4, 255, 132, 128, 63]
1552550789832;[171, 0, 17, 255, 161, 76, 221, 1, 156, 1, 0, 72, 0, 0, 4, 1, 0, 246, 8, 20]
1552550789833;[171, 0, 17, 255, 161, 76, 221, 1, 156, 1, 0, 74, 0, 0, 4, 1, 0, 245, 8, 11]
1552550789834;[171, 0, 17, 255, 161, 76, 221, 1, 156, 1, 0, 71, 0, 0, 3, 1, 0, 249, 7, 253]
1552550789999;[171, 0, 17, 255, 161, 76, 221, 1, 156, 1, 0, 72, 0, 0, 5, 1, 0, 245, 7, 232]
1552550790016;[171, 0, 17, 255, 161, 76, 221, 1, 157, 1, 0, 72, 0, 0, 5, 1, 0, 245, 7, 204]
1552550790183;[171, 0, 17, 255, 161, 76, 221, 1, 157, 1, 0, 73, 0, 0, 4, 1, 0, 248, 7, 176]
1552550790350;[171, 0, 17, 255, 161, 76, 221, 1, 157, 1, 0, 71, 0, 0, 4, 1, 0, 248, 7, 189]
1552550790351;[171, 0, 17, 255, 161, 76, 221, 1, 157, 1, 0, 73, 0, 0, 3, 1, 0, 249, 7, 213]
1552550790517;[171, 0, 17, 255, 161, 76, 221, 1, 157, 1, 0, 72, 0, 0, 4, 1, 0, 247, 7, 224]
1552550790517;[171, 0, 17, 255, 161, 76, 221, 1, 157, 1, 0, 73, 0, 0, 3, 1, 0, 245, 7, 236]
1552550790701;[171, 0, 4, 255, 132, 128, 63]
1552550790702;[171, 0, 17, 255, 161, 76, 221, 1, 157, 1, 0, 71, 0, 0, 5, 1, 0, 246, 7, 225]
1552550790868;[171, 0, 17, 255, 161, 76, 221, 1, 157, 1, 0, 74, 0, 0, 3, 1, 0, 246, 7, 209]
1552550791035;[171, 0, 17, 255, 161, 76, 221, 1, 157, 1, 0, 73, 0, 0, 3, 1, 0, 246, 7, 184]
1552550791036;[171, 0, 17, 255, 161, 76, 221, 1, 157, 1, 0, 74, 0, 0, 4, 1, 0, 246, 7, 151]
1552550791219;[171, 0, 17, 255, 161, 76, 221, 1, 158, 1, 0, 72, 0, 0, 3, 1, 0, 246, 7, 108]
1552550791220;[171, 0, 17, 255, 161, 76, 221, 1, 158, 1, 0, 71, 0, 0, 5, 1, 0, 246, 7, 95]
1552550791386;[171, 0, 17, 255, 161, 76, 221, 1, 158, 1, 0, 72, 0, 0, 3, 1, 0, 250, 7, 124]
1552550791387;[171, 0, 17, 255, 161, 76, 221, 1, 158, 1, 0, 72, 0, 0, 4, 1, 0, 249, 7, 146]
1552550791553;[171, 0, 17, 255, 161, 76, 221, 1, 158, 1, 0, 73, 0, 0, 4, 1, 0, 246, 7, 151]
1552550791737;[171, 0, 17, 255, 161, 76, 221, 1, 158, 1, 0, 72, 0, 0, 8, 1, 0, 247, 7, 147]
1552550791738;[171, 0, 4, 255, 132, 128, 63]
1552550792072;[171, 0, 17, 255, 161, 76, 221, 1, 158, 1, 0, 73, 0, 0, 5, 1, 0, 249, 7, 137]
1552550792072;[171, 0, 17, 255, 161, 76, 221, 1, 158, 1, 0, 72, 0, 0, 3, 1, 0, 246, 7, 119]
1552550792073;[171, 0, 17, 255, 161, 76, 221, 1, 158, 1, 0, 72, 0, 0, 6, 1, 0, 247, 7, 77]
1552550792255;[171, 0, 17, 255, 161, 76, 221, 1, 158, 1, 0, 72, 0, 0, 4, 1, 0, 250, 7, 45]
1552550792255;[171, 0, 17, 255, 161, 76, 221, 1, 159, 1, 0, 73, 0, 0, 3, 1, 0, 249, 7, 17]
1552550792422;[171, 0, 17, 255, 161, 76, 221, 1, 159, 1, 0, 72, 0, 0, 4, 1, 0, 248, 7, 34]
1552550792423;[171, 0, 17, 255, 161, 76, 221, 1, 159, 1, 0, 72, 0, 0, 4, 1, 0, 248, 7, 51]
1552550792589;[171, 0, 17, 255, 161, 76, 221, 1, 159, 1, 0, 72, 0, 0, 2, 1, 0, 248, 7, 50]
1552550792590;[171, 0, 17, 255, 161, 76, 221, 1, 159, 1, 0, 72, 0, 0, 5, 1, 0, 245, 7, 54]
1552550792773;[171, 0, 17, 255, 161, 76, 221, 1, 159, 1, 0, 71, 0, 0, 4, 1, 0, 246, 7, 39]
1552550792940;[171, 0, 4, 255, 132, 128, 64]
1552550792942;[171, 0, 17, 255, 161, 76, 221, 1, 159, 1, 0, 67, 0, 0, 4, 1, 0, 245, 7, 25]
1552550793107;[171, 0, 17, 255, 161, 76, 221, 1, 159, 1, 0, 71, 0, 0, 4, 1, 0, 249, 6, 232]
1552550793108;[171, 0, 17, 255, 161, 76, 221, 1, 159, 1, 0, 71, 0, 0, 4, 1, 0, 243, 6, 202]
1552550793291;[171, 0, 17, 255, 161, 76, 221, 1, 159, 1, 0, 71, 0, 0, 4, 1, 0, 250, 6, 176]
1552550793459;[171, 0, 17, 255, 161, 76, 221, 1, 160, 1, 0, 72, 0, 0, 3, 1, 0, 246, 6, 189]
1552550793459;[171, 0, 17, 255, 161, 76, 221, 1, 160, 1, 0, 71, 0, 0, 4, 1, 0, 249, 6, 208]
1552550793625;[171, 0, 17, 255, 161, 76, 221, 1, 160, 1, 0, 67, 0, 0, 5, 1, 0, 248, 6, 211]
1552550793626;[171, 0, 17, 255, 161, 76, 221, 1, 160, 1, 0, 73, 0, 0, 4, 1, 0, 246, 6, 225]
1552550793809;[171, 0, 17, 255, 161, 76, 221, 1, 160, 1, 0, 71, 0, 0, 5, 1, 0, 248, 6, 218]
1552550793810;[171, 0, 17, 255, 161, 76, 221, 1, 160, 1, 0, 71, 0, 0, 4, 1, 0, 246, 6, 207]
1552550793975;[171, 0, 4, 255, 132, 128, 64]
1552550794143;[171, 0, 17, 255, 161, 76, 221, 1, 160, 1, 0, 67, 0, 0, 4, 1, 0, 249, 6, 189]
1552550794144;[171, 0, 17, 255, 161, 76, 221, 1, 160, 1, 0, 72, 0, 0, 4, 1, 0, 248, 6, 160]
1552550794327;[171, 0, 17, 255, 161, 76, 221, 1, 160, 1, 0, 66, 0, 0, 5, 1, 0, 249, 6, 150]
1552550794328;[171, 0, 17, 255, 161, 76, 221, 1, 160, 1, 0, 72, 0, 0, 4, 1, 0, 249, 6, 80]
1552550794494;[171, 0, 17, 255, 161, 76, 221, 1, 161, 1, 0, 72, 0, 0, 2, 1, 0, 245, 6, 86]
1552550794494;[171, 0, 17, 255, 161, 76, 221, 1, 161, 1, 0, 72, 0, 0, 2, 1, 0, 245, 6, 117]
1552550794661;[171, 0, 17, 255, 161, 76, 221, 1, 161, 1, 0, 67, 0, 0, 3, 1, 0, 249, 6, 155]
1552550794828;[171, 0, 17, 255, 161, 76, 221, 1, 161, 1, 0, 67, 0, 0, 2, 1, 0, 246, 6, 188]
1552550794845;[171, 0, 17, 255, 161, 76, 221, 1, 161, 1, 0, 71, 0, 0, 3, 1, 0, 249, 6, 190]
1552550795012;[171, 0, 17, 255, 161, 76, 221, 1, 161, 1, 0, 72, 0, 0, 3, 1, 0, 249, 6, 186]
1552550795012;[171, 0, 4, 255, 132, 128, 64]
1552550795347;[171, 0, 17, 255, 161, 76, 221, 1, 161, 1, 0, 72, 0, 0, 3, 1, 0, 249, 6, 179]
1552550795363;[171, 0, 17, 255, 161, 76, 221, 1, 161, 1, 0, 73, 0, 0, 3, 1, 0, 248, 6, 151]
1552550795364;[171, 0, 17, 255, 161, 76, 221, 1, 161, 1, 0, 72, 0, 0, 3, 1, 0, 249, 6, 129]
1552550795530;[171, 0, 17, 255, 161, 76, 221, 1, 161, 1, 0, 67, 0, 0, 2, 1, 0, 246, 6, 168]
1552550795530;[171, 0, 17, 255, 161, 76, 221, 1, 162, 1, 0, 71, 0, 0, 1, 1, 0, 246, 6, 195]
1552550795697;[171, 0, 17, 255, 161, 76, 221, 1, 162, 1, 0, 72, 0, 0, 3, 1, 0, 249, 6, 184]
1552550795698;[171, 0, 17, 255, 161, 76, 221, 1, 162, 1, 0, 72, 0, 0, 3, 1, 0, 246, 6, 182]
1552550795864;[171, 0, 17, 255, 161, 76, 221, 1, 162, 1, 0, 72, 0, 0, 1, 1, 0, 249, 6, 171]
1552550796048;[171, 0, 17, 255, 161, 76, 221, 1, 162, 1, 0, 71, 0, 0, 3, 1, 0, 248, 6, 146]
1552550796216;[171, 0, 17, 255, 161, 76, 221, 1, 164, 1, 0, 73, 0, 0, 3, 1, 0, 249, 6, 138]
1552550796386;[171, 0, 17, 255, 161, 76, 221, 1, 164, 1, 0, 72, 0, 0, 3, 1, 0, 243, 6, 159]
1552550796401;[171, 0, 17, 255, 161, 76, 221, 1, 164, 1, 0, 67, 0, 0, 4, 1, 0, 248, 6, 166]
1552550796401;[171, 0, 17, 255, 161, 76, 221, 1, 164, 1, 0, 71, 0, 0, 3, 1, 0, 249, 6, 172]
1552550796737;[171, 0, 17, 255, 161, 76, 221, 1, 165, 1, 0, 73, 0, 0, 3, 1, 0, 246, 6, 148]
1552550796737;[171, 0, 17, 255, 161, 76, 221, 1, 165, 1, 0, 72, 0, 0, 3, 1, 0, 245, 6, 122]
1552550796900;[171, 0, 17, 255, 161, 76, 221, 1, 165, 1, 0, 71, 0, 0, 1, 1, 0, 249, 6, 97]
1552550796901;[171, 0, 17, 255, 161, 76, 221, 1, 165, 1, 0, 71, 0, 0, 0, 1, 0, 248, 6, 64]
1552550797084;[171, 0, 17, 255, 161, 76, 221, 1, 165, 1, 0, 71, 0, 0, 3, 1, 0, 246, 6, 57]
1552550797251;[171, 0, 17, 255, 161, 76, 221, 1, 165, 1, 0, 68, 0, 0, 3, 1, 0, 246, 6, 86]
1552550797251;[171, 0, 4, 255, 132, 128, 64]
1552550797605;[171, 0, 17, 255, 161, 76, 221, 1, 165, 1, 0, 67, 0, 0, 3, 1, 0, 249, 6, 117]
1552550797606;[171, 0, 17, 255, 161, 76, 221, 1, 165, 1, 0, 71, 0, 0, 3, 1, 0, 243, 6, 126]
1552550797606;[171, 0, 17, 255, 161, 76, 221, 1, 165, 1, 0, 71, 0, 0, 3, 1, 0, 248, 6, 131]
1552550797607;[171, 0, 17, 255, 161, 76, 221, 1, 165, 1, 0, 67, 0, 0, 3, 1, 0, 248, 6, 124]
1552550797772;[171, 0, 17, 255, 161, 76, 221, 1, 166, 1, 0, 67, 0, 0, 4, 1, 0, 245, 6, 107]
1552550798120;[171, 0, 17, 255, 161, 76, 221, 1, 166, 1, 0, 72, 0, 0, 2, 1, 0, 248, 6, 93]
1552550798120;[171, 0, 17, 255, 161, 76, 221, 1, 166, 1, 0, 67, 0, 0, 4, 1, 0, 245, 6, 78]
1552550798121;[171, 0, 17, 255, 161, 76, 221, 1, 166, 1, 0, 72, 0, 0, 2, 1, 0, 249, 6, 58]
1552550798122;[171, 0, 17, 255, 161, 76, 221, 1, 166, 1, 0, 71, 0, 0, 4, 1, 0, 248, 6, 57]
1552550798286;[171, 0, 17, 255, 161, 76, 221, 1, 166, 1, 0, 67, 0, 0, 2, 1, 0, 249, 6, 91]
1552550798287;[171, 0, 4, 255, 132, 128, 64]
1552550798454;[171, 0, 17, 255, 161, 76, 221, 1, 166, 1, 0, 71, 0, 0, 3, 1, 0, 248, 6, 116]
1552550798637;[171, 0, 17, 255, 161, 76, 221, 1, 166, 1, 0, 62, 0, 0, 3, 1, 0, 246, 6, 132]
1552550798638;[171, 0, 17, 255, 161, 76, 221, 1, 166, 1, 0, 71, 0, 0, 1, 1, 0, 249, 6, 149]
1552550798805;[171, 0, 17, 255, 161, 76, 221, 1, 166, 1, 0, 71, 0, 0, 3, 1, 0, 249, 6, 136]
1552550798805;[171, 0, 17, 255, 161, 76, 221, 1, 167, 1, 0, 71, 0, 0, 0, 1, 0, 246, 6, 123]
1552550798971;[171, 0, 17, 255, 161, 76, 221, 1, 167, 1, 0, 71, 0, 0, 4, 1, 0, 249, 6, 110]
1552550799155;[171, 0, 17, 255, 161, 76, 221, 1, 167, 1, 0, 71, 0, 0, 3, 1, 0, 248, 6, 80]
1552550799156;[171, 0, 17, 255, 161, 76, 221, 1, 167, 1, 0, 71, 0, 0, 3, 1, 0, 249, 6, 60]
1552550799490;[171, 0, 17, 255, 161, 76, 221, 1, 167, 1, 0, 72, 0, 0, 3, 1, 0, 249, 6, 73]
1552550799491;[171, 0, 17, 255, 161, 76, 221, 1, 167, 1, 0, 71, 0, 0, 3, 1, 0, 246, 6, 66]
1552550799491;[171, 0, 4, 255, 132, 128, 64]
1552550799509;[171, 0, 17, 255, 161, 76, 221, 1, 167, 1, 0, 71, 0, 0, 3, 1, 0, 250, 6, 83]
1552550799674;[171, 0, 17, 255, 161, 76, 221, 1, 167, 1, 0, 67, 0, 0, 3, 1, 0, 248, 6, 80]
1552550799841;[171, 0, 17, 255, 161, 76, 221, 1, 167, 1, 0, 71, 0, 0, 3, 1, 0, 249, 6, 64]
1552550799842;[171, 0, 17, 255, 161, 76, 221, 1, 167, 1, 0, 67, 0, 0, 4, 1, 0, 246, 6, 43]
1552550800008;[171, 0, 17, 255, 161, 76, 221, 1, 168, 1, 0, 71, 0, 0, 1, 1, 0, 249, 6, 28]
1552550800008;[171, 0, 17, 255, 161, 76, 221, 1, 168, 1, 0, 65, 0, 0, 3, 1, 0, 249, 5, 250]
1552550800192;[171, 0, 17, 255, 161, 76, 221, 1, 168, 1, 0, 67, 0, 0, 0, 1, 0, 248, 5, 229]
1552550800359;[171, 0, 17, 255, 161, 76, 221, 1, 168, 1, 0, 71, 0, 0, 3, 1, 0, 248, 5, 248]
1552550800360;[171, 0, 17, 255, 161, 76, 221, 1, 168, 1, 0, 62, 0, 0, 3, 1, 0, 248, 6, 7]
1552550800526;[171, 0, 17, 255, 161, 76, 221, 1, 168, 1, 0, 71, 0, 0, 3, 1, 0, 249, 6, 8]
1552550800526;[171, 0, 4, 255, 132, 128, 64]
1552550800709;[171, 0, 17, 255, 161, 76, 221, 1, 168, 1, 0, 67, 0, 0, 3, 1, 0, 245, 6, 23]
1552550800710;[171, 0, 17, 255, 161, 76, 221, 1, 168, 1, 0, 71, 0, 0, 3, 1, 0, 250, 6, 20]
1552550800876;[171, 0, 17, 255, 161, 76, 221, 1, 168, 1, 0, 71, 0, 0, 0, 1, 0, 248, 6, 12]
1552550801044;[171, 0, 17, 255, 161, 76, 221, 1, 168, 1, 0, 67, 0, 0, 3, 1, 0, 248, 5, 248]
1552550801044;[171, 0, 17, 255, 161, 76, 221, 1, 169, 1, 0, 71, 0, 0, 3, 1, 0, 250, 5, 218]
1552550801228;[171, 0, 17, 255, 161, 76, 221, 1, 169, 1, 0, 71, 0, 0, 3, 1, 0, 249, 5, 179]
1552550801228;[171, 0, 17, 255, 161, 76, 221, 1, 169, 1, 0, 71, 0, 0, 5, 1, 0, 248, 5, 176]
1552550801395;[171, 0, 17, 255, 161, 76, 221, 1, 169, 1, 0, 71, 0, 0, 3, 1, 0, 247, 5, 184]
1552550801395;[171, 0, 17, 255, 161, 76, 221, 1, 169, 1, 0, 65, 0, 0, 3, 1, 0, 245, 5, 179]
1552550801562;[171, 0, 17, 255, 161, 76, 221, 1, 169, 1, 0, 71, 0, 0, 3, 1, 0, 249, 5, 170]
1552550801912;[171, 0, 4, 255, 132, 128, 64]
1552550801913;[171, 0, 17, 255, 161, 76, 221, 1, 169, 1, 0, 72, 0, 0, 3, 1, 0, 248, 5, 148]
1552550801914;[171, 0, 17, 255, 161, 76, 221, 1, 169, 1, 0, 71, 0, 0, 3, 1, 0, 247, 5, 121]
1552550801914;[171, 0, 17, 255, 161, 76, 221, 1, 169, 1, 0, 61, 0, 0, 3, 1, 0, 249, 5, 82]
1552550802080;[171, 0, 17, 255, 161, 76, 221, 1, 169, 1, 0, 71, 0, 0, 3, 1, 0, 248, 5, 43]
1552550802247;[171, 0, 17, 255, 161, 76, 221, 1, 170, 1, 0, 71, 0, 0, 0, 1, 0, 249, 4, 249]
1552550802264;[171, 0, 17, 255, 161, 76, 221, 1, 170, 1, 0, 67, 0, 0, 3, 1, 0, 249, 4, 228]
1552550802430;[171, 0, 17, 255, 161, 76, 221, 1, 170, 1, 0, 72, 0, 0, 3, 1, 0, 249, 4, 244]
1552550802431;[171, 0, 17, 255, 161, 76, 221, 1, 170, 1, 0, 67, 0, 0, 4, 1, 0, 249, 4, 236]
1552550802598;[171, 0, 17, 255, 161, 76, 221, 1, 170, 1, 0, 71, 0, 0, 4, 1, 0, 241, 5, 8]
1552550802598;[171, 0, 17, 255, 161, 76, 221, 1, 170, 1, 0, 53, 0, 0, 3, 1, 1, 3, 5, 38]
1552550802765;[171, 0, 4, 255, 132, 128, 64]
1552550802949;[171, 0, 17, 255, 161, 76, 221, 1, 170, 1, 0, 56, 0, 0, 3, 1, 0, 250, 5, 37]
1552550802950;[171, 0, 17, 255, 161, 76, 221, 1, 170, 1, 0, 61, 0, 0, 4, 1, 0, 250, 5, 40]
1552550803283;[171, 0, 17, 255, 161, 76, 221, 1, 170, 1, 0, 60, 0, 0, 2, 1, 0, 249, 5, 22]
1552550803299;[171, 0, 17, 255, 161, 76, 221, 1, 170, 1, 0, 60, 0, 0, 4, 1, 0, 249, 4, 254]
1552550803300;[171, 0, 17, 255, 161, 76, 221, 1, 171, 1, 0, 59, 0, 0, 4, 1, 0, 246, 4, 237]
1552550803300;[171, 0, 17, 255, 161, 76, 221, 1, 171, 1, 0, 60, 0, 0, 3, 1, 0, 245, 5, 2]
1552550803466;[171, 0, 17, 255, 161, 76, 221, 1, 171, 1, 0, 59, 0, 0, 3, 1, 0, 249, 5, 13]
1552550803634;[171, 0, 17, 255, 161, 76, 221, 1, 171, 1, 0, 59, 0, 0, 4, 1, 0, 254, 5, 32]
1552550803635;[171, 0, 17, 255, 161, 76, 221, 1, 171, 1, 0, 57, 0, 0, 3, 1, 0, 250, 5, 37]
1552550803801;[171, 0, 17, 255, 161, 76, 221, 1, 171, 1, 0, 59, 0, 0, 3, 1, 0, 249, 5, 37]
1552550803801;[171, 0, 4, 255, 132, 128, 65]
1552550804152;[171, 0, 17, 255, 161, 76, 221, 1, 171, 1, 0, 59, 0, 0, 4, 1, 0, 249, 5, 18]
1552550804153;[171, 0, 17, 255, 161, 76, 221, 1, 171, 1, 0, 59, 0, 0, 4, 1, 0, 250, 4, 255]
1552550804154;[171, 0, 17, 255, 161, 76, 221, 1, 171, 1, 0, 60, 0, 0, 3, 1, 0, 249, 4, 224]
1552550804319;[171, 0, 17, 255, 161, 76, 221, 1, 171, 1, 0, 61, 0, 0, 4, 1, 0, 249, 4, 224]
1552550804319;[171, 0, 17, 255, 161, 76, 221, 1, 172, 1, 0, 59, 0, 0, 3, 1, 0, 249, 4, 232]
1552550804503;[171, 0, 17, 255, 161, 76, 221, 1, 172, 1, 0, 58, 0, 0, 3, 1, 0, 248, 4, 224]
1552550804503;[171, 0, 17, 255, 161, 76, 221, 1, 172, 1, 0, 59, 0, 0, 3, 1, 0, 248, 4, 224]
1552550804670;[171, 0, 17, 255, 161, 76, 221, 1, 172, 1, 0, 58, 0, 0, 2, 1, 0, 249, 4, 203]
1552550805020;[171, 0, 17, 255, 161, 76, 221, 1, 172, 1, 0, 59, 0, 0, 5, 1, 0, 249, 4, 174]
1552550805021;[171, 0, 17, 255, 161, 76, 221, 1, 172, 1, 0, 58, 0, 0, 4, 1, 0, 250, 4, 150]
1552550805022;[171, 0, 4, 255, 132, 128, 65]
1552550805023;[171, 0, 17, 255, 161, 76, 221, 1, 172, 1, 0, 60, 0, 0, 3, 1, 0, 248, 4, 126]
1552550805188;[171, 0, 17, 255, 161, 76, 221, 1, 172, 1, 0, 61, 0, 0, 4, 1, 0, 248, 4, 106]
1552550805188;[171, 0, 17, 255, 161, 76, 221, 1, 172, 1, 0, 60, 0, 0, 3, 1, 0, 250, 4, 133]
1552550805372;[171, 0, 17, 255, 161, 76, 221, 1, 172, 1, 0, 60, 0, 0, 3, 1, 0, 248, 4, 155]
1552550805538;[171, 0, 17, 255, 161, 76, 221, 1, 173, 1, 0, 62, 0, 0, 3, 1, 0, 248, 4, 156]
1552550805539;[171, 0, 17, 255, 161, 76, 221, 1, 173, 1, 0, 60, 0, 0, 3, 1, 0, 249, 4, 160]
1552550805706;[171, 0, 17, 255, 161, 76, 221, 1, 173, 1, 0, 60, 0, 0, 4, 1, 0, 249, 4, 162]
1552550805706;[171, 0, 17, 255, 161, 76, 221, 1, 173, 1, 0, 59, 0, 0, 2, 1, 0, 249, 4, 140]
1552550805872;[171, 0, 17, 255, 161, 76, 221, 1, 173, 1, 0, 60, 0, 0, 3, 1, 0, 248, 4, 123]
1552550806056;[171, 0, 17, 255, 161, 76, 221, 1, 173, 1, 0, 60, 0, 0, 4, 1, 0, 249, 4, 97]
1552550806057;[171, 0, 4, 255, 132, 128, 65]
1552550806223;[171, 0, 17, 255, 161, 76, 221, 1, 173, 1, 0, 60, 0, 0, 3, 1, 0, 248, 4, 84]
1552550806224;[171, 0, 17, 255, 161, 76, 221, 1, 173, 1, 0, 60, 0, 0, 3, 1, 0, 245, 4, 107]
1552550806391;[171, 0, 17, 255, 161, 76, 221, 1, 173, 1, 0, 57, 0, 0, 3, 1, 0, 249, 4, 143]
1552550806391;[171, 0, 17, 255, 161, 76, 221, 1, 173, 1, 0, 57, 0, 0, 3, 1, 0, 249, 4, 161]
1552550806574;[171, 0, 17, 255, 161, 76, 221, 1, 174, 1, 0, 62, 0, 0, 4, 1, 0, 246, 4, 174]
1552550806909;[171, 0, 17, 255, 161, 76, 221, 1, 174, 1, 0, 60, 0, 0, 3, 1, 0, 248, 4, 177]
1552550806909;[171, 0, 17, 255, 161, 76, 221, 1, 174, 1, 0, 60, 0, 0, 2, 1, 0, 246, 4, 174]
1552550806910;[171, 0, 17, 255, 161, 76, 221, 1, 174, 1, 0, 61, 0, 0, 3, 1, 0, 249, 4, 165]
1552550806911;[171, 0, 17, 255, 161, 76, 221, 1, 174, 1, 0, 59, 0, 0, 3, 1, 0, 249, 4, 144]
1552550807075;[171, 0, 17, 255, 161, 76, 221, 1, 174, 1, 0, 59, 0, 0, 2, 1, 0, 249, 4, 126]
1552550807259;[171, 0, 4, 255, 132, 128, 65]
1552550807261;[171, 0, 17, 255, 161, 76, 221, 1, 174, 1, 0, 60, 0, 0, 3, 1, 0, 248, 4, 150]
1552550807426;[171, 0, 17, 255, 161, 76, 221, 1, 174, 1, 0, 60, 0, 0, 4, 1, 0, 248, 4, 163]
1552550807427;[171, 0, 17, 255, 161, 76, 221, 1, 174, 1, 0, 60, 0, 0, 2, 1, 0, 249, 4, 164]
1552550807594;[171, 0, 17, 255, 161, 76, 221, 1, 174, 1, 0, 61, 0, 0, 0, 1, 0, 246, 4, 171]
1552550807611;[171, 0, 17, 255, 161, 76, 221, 1, 175, 1, 0, 60, 0, 0, 4, 1, 0, 250, 4, 157]
1552550807777;[171, 0, 17, 255, 161, 76, 221, 1, 175, 1, 0, 59, 0, 0, 0, 1, 0, 249, 4, 135]
1552550807944;[171, 0, 17, 255, 161, 76, 221, 1, 175, 1, 0, 61, 0, 0, 3, 1, 0, 249, 4, 112]
1552550807945;[171, 0, 17, 255, 161, 76, 221, 1, 175, 1, 0, 60, 0, 0, 3, 1, 0, 254, 4, 83]
1552550808111;[171, 0, 17, 255, 161, 76, 221, 1, 175, 1, 0, 59, 0, 0, 3, 1, 0, 247, 4, 63]
1552550808127;[171, 0, 17, 255, 161, 76, 221, 1, 175, 1, 0, 56, 0, 0, 5, 1, 0, 249, 4, 90]
1552550808294;[171, 0, 4, 255, 132, 128, 65]
1552550808462;[171, 0, 17, 255, 161, 76, 221, 1, 175, 1, 0, 61, 0, 0, 3, 1, 0, 249, 4, 112]
1552550808629;[171, 0, 17, 255, 161, 76, 221, 1, 175, 1, 0, 60, 0, 0, 3, 1, 0, 249, 4, 114]
1552550808645;[171, 0, 17, 255, 161, 76, 221, 1, 175, 1, 0, 59, 0, 0, 3, 1, 0, 248, 4, 123]
1552550808646;[171, 0, 17, 255, 161, 76, 221, 1, 175, 1, 0, 61, 0, 0, 3, 1, 0, 249, 4, 116]
1552550808813;[171, 0, 17, 255, 161, 76, 221, 1, 176, 1, 0, 59, 0, 0, 3, 1, 0, 246, 4, 99]
1552550808813;[171, 0, 17, 255, 161, 76, 221, 1, 176, 1, 0, 60, 0, 0, 3, 1, 0, 249, 4, 75]
1552550808980;[171, 0, 17, 255, 161, 76, 221, 1, 176, 1, 0, 60, 0, 0, 4, 1, 0, 253, 4, 45]
1552550809147;[171, 0, 17, 255, 161, 76, 221, 1, 176, 1, 0, 60, 0, 0, 4, 1, 0, 246, 4, 32]
1552550809148;[171, 0, 17, 255, 161, 76, 221, 1, 176, 1, 0, 60, 0, 0, 2, 1, 0, 249, 4, 48]
1552550809330;[171, 0, 17, 255, 161, 76, 221, 1, 176, 1, 0, 61, 0, 0, 2, 1, 0, 249, 4, 92]
1552550809331;[171, 0, 4, 255, 132, 128, 65]
1552550809665;[171, 0, 17, 255, 161, 76, 221, 1, 176, 1, 0, 59, 0, 0, 3, 1, 0, 248, 4, 110]
1552550809666;[171, 0, 17, 255, 161, 76, 221, 1, 176, 1, 0, 61, 0, 0, 3, 1, 0, 248, 4, 123]
1552550809681;[171, 0, 17, 255, 161, 76, 221, 1, 176, 1, 0, 60, 0, 0, 3, 1, 0, 246, 4, 116]
1552550809849;[171, 0, 17, 255, 161, 76, 221, 1, 176, 1, 0, 61, 0, 0, 3, 1, 0, 250, 4, 116]
1552550809849;[171, 0, 17, 255, 161, 76, 221, 1, 177, 1, 0, 60, 0, 0, 3, 1, 0, 254, 4, 105]
1552550810016;[171, 0, 17, 255, 161, 76, 221, 1, 177, 1, 0, 60, 0, 0, 3, 1, 0, 249, 4, 82]
1552550810016;[171, 0, 17, 255, 161, 76, 221, 1, 177, 1, 0, 60, 0, 0, 2, 1, 0, 250, 4, 84]
1552550810183;[171, 0, 17, 255, 161, 76, 221, 1, 177, 1, 0, 59, 0, 0, 3, 1, 0, 250, 4, 119]
1552550810183;[171, 0, 17, 255, 161, 76, 221, 1, 177, 1, 0, 59, 0, 0, 2, 1, 0, 248, 4, 138]
1552550810367;[171, 0, 17, 255, 161, 76, 221, 1, 177, 1, 0, 61, 0, 0, 3, 1, 0, 249, 4, 152]
1552550810533;[171, 0, 4, 255, 132, 128, 65]
1552550810701;[171, 0, 17, 255, 161, 76, 221, 1, 177, 1, 0, 59, 0, 0, 3, 1, 0, 248, 4, 141]
1552550810885;[171, 0, 17, 255, 161, 76, 221, 1, 177, 1, 0, 60, 0, 0, 3, 1, 0, 249, 4, 130]
1552550810886;[171, 0, 17, 255, 161, 76, 221, 1, 177, 1, 0, 59, 0, 0, 3, 1, 0, 248, 4, 108]
1552550810886;[171, 0, 17, 255, 161, 76, 221, 1, 177, 1, 0, 60, 0, 0, 3, 1, 0, 249, 4, 81]
1552550811052;[171, 0, 17, 255, 161, 76, 221, 1, 178, 1, 0, 60, 0, 0, 3, 1, 0, 249, 4, 49]
1552550811052;[171, 0, 17, 255, 161, 76, 221, 1, 178, 1, 0, 61, 0, 0, 3, 1, 0, 249, 4, 57]
1552550811219;[171, 0, 17, 255, 161, 76, 221, 1, 178, 1, 0, 60, 0, 0, 3, 1, 0, 250, 4, 88]
1552550811220;[171, 0, 17, 255, 161, 76, 221, 1, 178, 1, 0, 65, 0, 0, 3, 1, 0, 249, 4, 109]
1552550811402;[171, 0, 17, 255, 161, 76, 221, 1, 178, 1, 0, 60, 0, 0, 2, 1, 0, 249, 4, 116]
1552550811403;[171, 0, 17, 255, 161, 76, 221, 1, 178, 1, 0, 60, 0, 0, 3, 1, 0, 249, 4, 115]
1552550811920;[171, 0, 4, 255, 132, 128, 66]
1552550811921;[171, 0, 17, 255, 161, 76, 221, 1, 178, 1, 0, 60, 0, 0, 3, 1, 0, 249, 4, 104]
1552550811922;[171, 0, 17, 255, 161, 76, 221, 1, 178, 1, 0, 64, 0, 0, 4, 1, 0, 249, 4, 87]
1552550811922;[171, 0, 17, 255, 161, 76, 221, 1, 178, 1, 0, 60, 0, 0, 3, 1, 0, 249, 4, 66]
1552550811923;[171, 0, 17, 255, 161, 76, 221, 1, 178, 1, 0, 61, 0, 0, 0, 1, 0, 249, 4, 43]
1552550812088;[171, 0, 17, 255, 161, 76, 221, 1, 179, 1, 0, 59, 0, 0, 5, 1, 0, 249, 4, 41]
1552550812088;[171, 0, 17, 255, 161, 76, 221, 1, 179, 1, 0, 60, 0, 0, 3, 1, 0, 249, 4, 71]
1552550812255;[171, 0, 17, 255, 161, 76, 221, 1, 179, 1, 0, 60, 0, 0, 3, 1, 0, 249, 4, 103]
1552550812439;[171, 0, 17, 255, 161, 76, 221, 1, 179, 1, 0, 65, 0, 0, 4, 1, 0, 248, 4, 121]
1552550812439;[171, 0, 17, 255, 161, 76, 221, 1, 179, 1, 0, 60, 0, 0, 3, 1, 0, 248, 4, 132]
1552550812606;[171, 0, 17, 255, 161, 76, 221, 1, 179, 1, 0, 59, 0, 0, 3, 1, 0, 249, 4, 124]
1552550812607;[171, 0, 4, 255, 132, 128, 66]
1552550812957;[171, 0, 17, 255, 161, 76, 221, 1, 179, 1, 0, 58, 0, 0, 3, 1, 0, 249, 4, 103]
1552550812958;[171, 0, 17, 255, 161, 76, 221, 1, 179, 1, 0, 62, 0, 0, 4, 1, 0, 249, 4, 92]
1552550812958;[171, 0, 17, 255, 161, 76, 221, 1, 179, 1, 0, 58, 0, 0, 2, 1, 0, 249, 4, 62]
1552550813123;[171, 0, 17, 255, 161, 76, 221, 1, 179, 1, 0, 56, 0, 0, 4, 1, 0, 249, 4, 60]
1552550813124;[171, 0, 17, 255, 161, 76, 221, 1, 180, 1, 0, 67, 0, 0, 3, 1, 0, 249, 4, 86]
1552550813291;[171, 0, 17, 255, 161, 76, 221, 1, 180, 1, 0, 60, 0, 0, 3, 1, 0, 248, 4, 109]
1552550813292;[171, 0, 17, 255, 161, 76, 221, 1, 180, 1, 0, 57, 0, 0, 0, 1, 0, 249, 4, 110]
1552550813459;[171, 0, 17, 255, 161, 76, 221, 1, 180, 1, 0, 61, 0, 0, 3, 1, 0, 249, 4, 107]
1552550813643;[171, 0, 17, 255, 161, 76, 221, 1, 180, 1, 0, 60, 0, 0, 3, 1, 0, 249, 4, 95]
1552550813643;[171, 0, 17, 255, 161, 76, 221, 1, 180, 1, 0, 59, 0, 0, 4, 1, 0, 250, 4, 73]
1552550813975;[171, 0, 4, 255, 132, 128, 66]
1552550813996;[171, 0, 17, 255, 161, 76, 221, 1, 180, 1, 0, 65, 0, 0, 3, 1, 0, 249, 4, 45]
1552550813996;[171, 0, 17, 255, 161, 76, 221, 1, 180, 1, 0, 61, 0, 0, 5, 1, 0, 249, 4, 7]
1552550813997;[171, 0, 17, 255, 161, 76, 221, 1, 180, 1, 0, 60, 0, 0, 4, 1, 0, 245, 3, 248]
1552550814159;[171, 0, 17, 255, 161, 76, 221, 1, 180, 1, 0, 58, 0, 0, 3, 1, 0, 249, 4, 10]
1552550814326;[171, 0, 17, 255, 161, 76, 221, 1, 181, 1, 0, 65, 0, 0, 3, 1, 0, 249, 4, 44]
1552550814327;[171, 0, 17, 255, 161, 76, 221, 1, 181, 1, 0, 56, 0, 0, 4, 1, 0, 249, 4, 54]
1552550814494;[171, 0, 17, 255, 161, 76, 221, 1, 181, 1, 0, 59, 0, 0, 3, 1, 0, 249, 4, 53]
1552550814510;[171, 0, 17, 255, 161, 76, 221, 1, 181, 1, 0, 60, 0, 0, 4, 1, 0, 249, 4, 47]
1552550814677;[171, 0, 17, 255, 161, 76, 221, 1, 181, 1, 0, 62, 0, 0, 4, 1, 0, 249, 4, 27]
1552550814844;[171, 0, 17, 255, 161, 76, 221, 1, 181, 1, 0, 61, 0, 0, 4, 1, 0, 249, 4, 10]
1552550814845;[171, 0, 4, 255, 132, 128, 66]
1552550815011;[171, 0, 17, 255, 161, 76, 221, 1, 181, 1, 0, 62, 0, 0, 2, 1, 0, 248, 3, 246]
1552550815195;[171, 0, 17, 255, 161, 76, 221, 1, 181, 1, 0, 60, 0, 0, 3, 1, 0, 249, 3, 230]
1552550815196;[171, 0, 17, 255, 161, 76, 221, 1, 181, 1, 0, 60, 0, 0, 2, 1, 0, 249, 3, 254]
1552550815196;[171, 0, 17, 255, 161, 76, 221, 1, 181, 1, 0, 61, 0, 0, 3, 1, 0, 249, 4, 22]
1552550815362;[171, 0, 17, 255, 161, 76, 221, 1, 182, 1, 0, 65, 0, 0, 3, 1, 0, 247, 4, 47]
1552550815530;[171, 0, 17, 255, 161, 76, 221, 1, 182, 1, 0, 60, 0, 0, 4, 1, 0, 249, 4, 46]
1552550815546;[171, 0, 17, 255, 161, 76, 221, 1, 182, 1, 0, 59, 0, 0, 4, 1, 0, 250, 4, 52]
1552550815713;[171, 0, 17, 255, 161, 76, 221, 1, 182, 1, 0, 58, 0, 0, 2, 1, 0, 249, 4, 45]
1552550815714;[171, 0, 17, 255, 161, 76, 221, 1, 182, 1, 0, 60, 0, 0, 3, 1, 0, 250, 4, 26]
1552550815881;[171, 0, 17, 255, 161, 76, 221, 1, 182, 1, 0, 59, 0, 0, 3, 1, 0, 246, 4, 15]
1552550816048;[171, 0, 4, 255, 132, 128, 66]
1552550816049;[171, 0, 17, 255, 161, 76, 221, 1, 182, 1, 0, 59, 0, 0, 2, 1, 0, 249, 3, 233]
1552550816232;[171, 0, 17, 255, 161, 76, 221, 1, 182, 1, 0, 56, 0, 0, 4, 1, 0, 247, 3, 230]
1552550816233;[171, 0, 17, 255, 161, 76, 221, 1, 182, 1, 0, 60, 0, 0, 3, 1, 0, 249, 4, 7]
1552550816399;[171, 0, 17, 255, 161, 76, 221, 1, 182, 1, 0, 59, 0, 0, 3, 1, 0, 248, 4, 22]
1552550816399;[171, 0, 17, 255, 161, 76, 221, 1, 183, 1, 0, 59, 0, 0, 3, 1, 0, 249, 4, 33]
1552550816916;[171, 0, 17, 255, 161, 76, 221, 1, 183, 1, 0, 61, 0, 0, 4, 1, 0, 248, 4, 29]
1552550816917;[171, 0, 17, 255, 161, 76, 221, 1, 183, 1, 0, 60, 0, 0, 5, 1, 0, 249, 4, 8]
1552550816917;[171, 0, 17, 255, 161, 76, 221, 1, 183, 1, 0, 60, 0, 0, 2, 1, 0, 249, 3, 230]
1552550816918;[171, 0, 17, 255, 161, 76, 221, 1, 183, 1, 0, 62, 0, 0, 3, 1, 0, 249, 3, 200]
1552550816918;[171, 0, 17, 255, 161, 76, 221, 1, 183, 1, 0, 61, 0, 0, 2, 1, 0, 248, 3, 163]
1552550817084;[171, 0, 4, 255, 132, 128, 66]
1552550817085;[171, 0, 17, 255, 161, 76, 221, 1, 183, 1, 0, 61, 0, 0, 5, 1, 0, 246, 3, 143]
1552550817268;[171, 0, 17, 255, 161, 76, 221, 1, 183, 1, 0, 60, 1, 0, 1, 1, 0, 245, 3, 159]
1552550817785;[171, 0, 17, 255, 161, 76, 221, 1, 183, 1, 0, 59, 0, 0, 4, 1, 0, 249, 3, 186]
1552550817786;[171, 0, 17, 255, 161, 76, 221, 1, 183, 1, 0, 60, 0, 0, 3, 1, 0, 249, 3, 193]
1552550817786;[171, 0, 17, 255, 161, 76, 221, 1, 184, 1, 0, 60, 0, 0, 4, 1, 0, 246, 3, 200]
1552550817787;[171, 0, 17, 255, 161, 76, 221, 1, 184, 1, 0, 59, 0, 0, 2, 1, 0, 249, 3, 186]
1552550817787;[171, 0, 17, 255, 161, 76, 221, 1, 184, 1, 0, 60, 0, 0, 4, 1, 0, 249, 3, 166]
1552550817952;[171, 0, 17, 255, 161, 76, 221, 1, 184, 1, 0, 61, 0, 0, 5, 1, 0, 249, 3, 146]
1552550817953;[171, 0, 17, 255, 161, 76, 221, 1, 184, 1, 0, 60, 0, 0, 2, 1, 0, 249, 3, 114]
1552550818119;[171, 0, 17, 255, 161, 76, 221, 1, 186, 1, 0, 72, 0, 0, 4, 1, 0, 240, 2, 162]
1552550818303;[171, 0, 17, 255, 161, 76, 221, 1, 186, 1, 0, 75, 0, 0, 7, 1, 0, 243, 2, 106]
1552550818304;[171, 0, 17, 255, 161, 76, 221, 1, 186, 1, 0, 73, 0, 0, 6, 1, 0, 254, 2, 63]
1552550818471;[171, 0, 17, 255, 161, 76, 221, 1, 186, 1, 0, 61, 0, 0, 6, 1, 0, 245, 2, 37]
1552550818638;[171, 0, 17, 255, 161, 76, 221, 1, 187, 1, 0, 59, 0, 0, 3, 1, 0, 250, 1, 235]
1552550818821;[171, 0, 17, 255, 161, 76, 221, 1, 187, 1, 0, 60, 0, 0, 4, 1, 0, 254, 1, 171]
1552550818822;[171, 0, 17, 255, 161, 76, 221, 1, 187, 1, 0, 57, 0, 0, 6, 1, 0, 250, 1, 171]
1552550818988;[171, 0, 17, 255, 161, 76, 221, 1, 187, 1, 0, 67, 0, 0, 8, 1, 0, 244, 1, 164]
1552550818989;[171, 0, 17, 255, 161, 76, 221, 1, 187, 1, 0, 60, 0, 0, 8, 1, 1, 3, 1, 193]
1552550819155;[171, 0, 17, 255, 161, 76, 221, 1, 187, 1, 0, 56, 0, 0, 9, 1, 0, 249, 1, 196]
1552550819339;[171, 0, 4, 255, 132, 128, 66]
1552550819340;[171, 0, 17, 255, 161, 76, 221, 1, 187, 1, 0, 59, 0, 0, 9, 1, 0, 250, 1, 214]
1552550819507;[171, 0, 17, 255, 161, 76, 221, 1, 187, 1, 0, 60, 0, 0, 9, 1, 0, 247, 1, 223]
1552550819507;[171, 0, 17, 255, 161, 76, 221, 1, 187, 1, 0, 53, 0, 0, 9, 1, 0, 254, 1, 233]
1552550819673;[171, 0, 17, 255, 161, 76, 221, 1, 187, 1, 0, 54, 0, 0, 6, 1, 0, 248, 1, 237]
1552550819857;[171, 0, 17, 255, 161, 76, 221, 1, 192, 1, 0, 54, 0, 0, 8, 1, 0, 248, 1, 232]
1552550819858;[171, 0, 17, 255, 161, 76, 221, 1, 192, 1, 0, 56, 0, 0, 8, 1, 0, 249, 2, 9]
1552550820024;[171, 0, 17, 255, 161, 76, 221, 1, 192, 1, 0, 55, 0, 0, 9, 1, 0, 249, 2, 57]
1552550820025;[171, 0, 17, 255, 161, 76, 221, 1, 192, 1, 0, 58, 0, 0, 9, 1, 0, 249, 2, 95]
1552550820191;[171, 0, 17, 255, 161, 76, 221, 1, 192, 1, 0, 56, 0, 0, 8, 1, 0, 250, 2, 126]
1552550820192;[171, 0, 17, 255, 161, 76, 221, 1, 192, 1, 0, 59, 0, 0, 8, 1, 0, 250, 2, 154]
1552550820359;[171, 0, 4, 255, 132, 128, 66]
1552550820543;[171, 0, 17, 255, 161, 76, 221, 1, 192, 1, 0, 58, 0, 0, 8, 1, 0, 249, 2, 157]
1552550820543;[171, 0, 17, 255, 161, 76, 221, 1, 192, 1, 0, 56, 0, 0, 8, 1, 0, 249, 2, 171]
1552550820709;[171, 0, 17, 255, 161, 76, 221, 1, 192, 1, 0, 57, 0, 0, 8, 1, 0, 250, 2, 166]
1552550820710;[171, 0, 17, 255, 161, 76, 221, 1, 192, 1, 0, 59, 0, 0, 8, 1, 0, 249, 2, 188]
1552550820877;[171, 0, 17, 255, 161, 76, 221, 1, 193, 1, 0, 59, 0, 0, 9, 1, 0, 249, 2, 248]
1552550820893;[171, 0, 17, 255, 161, 76, 221, 1, 193, 1, 0, 58, 0, 0, 8, 1, 0, 249, 3, 30]
1552550821060;[171, 0, 17, 255, 161, 76, 221, 1, 193, 1, 0, 57, 0, 0, 8, 1, 0, 250, 3, 70]
1552550821227;[171, 0, 17, 255, 161, 76, 221, 1, 193, 1, 0, 67, 0, 0, 11, 1, 0, 244, 3, 90]
1552550821228;[171, 0, 17, 255, 161, 76, 221, 1, 193, 1, 0, 55, 0, 0, 11, 1, 0, 245, 3, 116]
1552550821395;[171, 0, 17, 255, 161, 76, 221, 1, 193, 1, 0, 18, 0, 0, 1, 1, 1, 4, 3, 97]
1552550821411;[171, 0, 4, 255, 132, 128, 66]
1552550821745;[171, 0, 17, 255, 161, 76, 221, 1, 193, 1, 0, 40, 0, 0, 3, 1, 0, 250, 3, 24]
1552550821746;[171, 0, 17, 255, 161, 76, 221, 1, 193, 1, 0, 36, 0, 0, 4, 1, 1, 3, 2, 213]
1552550821746;[171, 0, 17, 255, 161, 76, 221, 1, 193, 1, 0, 40, 1, 0, 2, 1, 1, 3, 2, 187]
1552550821912;[171, 0, 17, 255, 161, 76, 221, 1, 193, 1, 0, 41, 0, 0, 3, 1, 0, 246, 2, 178]
1552550821913;[171, 0, 17, 255, 161, 76, 221, 1, 194, 1, 0, 46, 0, 0, 3, 1, 1, 0, 2, 150]
1552550822096;[171, 0, 17, 255, 161, 76, 221, 1, 194, 1, 0, 59, 0, 0, 5, 1, 0, 255, 2, 130]
1552550822097;[171, 0, 17, 255, 161, 76, 221, 1, 194, 1, 0, 54, 0, 0, 4, 1, 0, 242, 2, 134]
1552550822263;[171, 0, 17, 255, 161, 76, 221, 1, 194, 1, 0, 54, 0, 0, 3, 1, 0, 248, 2, 124]
1552550822431;[171, 0, 17, 255, 161, 76, 221, 1, 194, 1, 0, 57, 0, 0, 5, 1, 0, 249, 2, 103]
1552550822431;[171, 0, 17, 255, 161, 76, 221, 1, 194, 1, 0, 72, 0, 0, 8, 1, 0, 243, 2, 67]
1552550822614;[171, 0, 4, 255, 132, 128, 66]
1552550822615;[171, 0, 17, 255, 161, 76, 221, 1, 194, 1, 0, 59, 0, 0, 6, 1, 0, 248, 2, 52]
1552550822948;[171, 0, 17, 255, 161, 76, 221, 1, 194, 1, 0, 65, 0, 0, 4, 1, 0, 245, 2, 32]
1552550822949;[171, 0, 17, 255, 161, 76, 221, 1, 194, 1, 0, 60, 0, 0, 8, 1, 0, 249, 1, 255]
1552550822949;[171, 0, 17, 255, 161, 76, 221, 1, 194, 1, 0, 65, 0, 0, 7, 1, 0, 248, 2, 9]
1552550823132;[171, 0, 17, 255, 161, 76, 221, 1, 195, 1, 0, 24, 0, 0, 4, 1, 1, 3, 2, 48]
1552550823133;[171, 0, 17, 255, 161, 76, 221, 1, 195, 1, 0, 53, 0, 0, 3, 1, 0, 248, 2, 104]
1552550823299;[171, 0, 17, 255, 161, 76, 221, 1, 195, 1, 0, 45, 0, 0, 6, 1, 1, 3, 2, 135]
1552550823300;[171, 0, 17, 255, 161, 76, 221, 1, 195, 1, 0, 46, 0, 0, 6, 1, 0, 254, 2, 152]
1552550823466;[171, 0, 17, 255, 161, 76, 221, 1, 195, 1, 0, 50, 0, 0, 4, 1, 0, 255, 2, 147]
1552550823817;[171, 0, 17, 255, 161, 76, 221, 1, 195, 1, 0, 43, 0, 0, 4, 1, 1, 5, 2, 85]
1552550823818;[171, 0, 4, 255, 132, 128, 66]
1552550823819;[171, 0, 17, 255, 161, 76, 221, 1, 195, 1, 0, 40, 0, 0, 3, 1, 0, 241, 2, 46]
1552550823820;[171, 0, 17, 255, 161, 76, 221, 1, 195, 1, 0, 40, 0, 0, 0, 1, 0, 242, 1, 212]
1552550823984;[171, 0, 17, 255, 161, 76, 221, 1, 195, 1, 0, 48, 0, 0, 4, 1, 1, 7, 1, 154]
1552550823985;[171, 0, 17, 255, 161, 76, 221, 1, 195, 1, 0, 51, 0, 0, 5, 1, 0, 250, 1, 120]
1552550824168;[171, 0, 17, 255, 161, 76, 221, 1, 196, 1, 0, 72, 0, 0, 8, 1, 0, 245, 1, 118]
1552550824336;[171, 0, 17, 255, 161, 76, 221, 1, 196, 1, 0, 58, 0, 0, 6, 1, 0, 248, 1, 138]
1552550824337;[171, 0, 17, 255, 161, 76, 221, 1, 196, 1, 0, 65, 0, 0, 4, 1, 0, 248, 1, 144]
1552550824502;[171, 0, 17, 255, 161, 76, 221, 1, 196, 1, 0, 60, 0, 0, 8, 1, 0, 247, 1, 147]
1552550824503;[171, 0, 17, 255, 161, 76, 221, 1, 196, 1, 0, 65, 0, 0, 5, 1, 0, 248, 1, 152]
1552550824686;[171, 0, 17, 255, 161, 76, 221, 1, 196, 1, 0, 67, 0, 0, 7, 1, 0, 249, 1, 140]
1552550824853;[171, 0, 4, 255, 132, 128, 66]
1552550824854;[171, 0, 17, 255, 161, 76, 221, 1, 196, 1, 0, 61, 0, 0, 8, 1, 0, 248, 1, 137]
1552550825020;[171, 0, 17, 255, 161, 76, 221, 1, 196, 1, 0, 59, 0, 0, 6, 1, 0, 249, 1, 129]
1552550825021;[171, 0, 17, 255, 161, 76, 221, 1, 196, 1, 0, 61, 0, 0, 5, 1, 0, 246, 1, 111]
1552550825204;[171, 0, 17, 255, 161, 76, 221, 1, 196, 1, 0, 60, 0, 0, 4, 1, 0, 245, 1, 98]
1552550825204;[171, 0, 17, 255, 161, 76, 221, 1, 197, 1, 0, 60, 0, 0, 5, 1, 0, 249, 1, 78]
1552550825371;[171, 0, 17, 255, 161, 76, 221, 1, 197, 1, 0, 60, 0, 0, 6, 1, 0, 246, 1, 113]
1552550825538;[171, 0, 17, 255, 161, 76, 221, 1, 197, 1, 0, 60, 0, 0, 8, 1, 0, 249, 1, 143]
1552550825539;[171, 0, 17, 255, 161, 76, 221, 1, 197, 1, 0, 61, 0, 0, 8, 1, 0, 246, 1, 166]
1552550825722;[171, 0, 17, 255, 161, 76, 221, 1, 197, 1, 0, 59, 0, 0, 7, 1, 0, 249, 1, 185]
1552550825722;[171, 0, 17, 255, 161, 76, 221, 1, 197, 1, 0, 60, 0, 0, 5, 1, 0, 246, 1, 203]
1552550825889;[171, 0, 4, 255, 132, 128, 66]
1552550825890;[171, 0, 17, 255, 161, 76, 221, 1, 197, 1, 0, 57, 0, 0, 8, 1, 0, 254, 1, 199]
1552550826056;[171, 0, 17, 255, 161, 76, 221, 1, 197, 1, 0, 60, 0, 0, 8, 1, 0, 249, 1, 199]
1552550826230;[171, 0, 17, 255, 161, 76, 221, 1, 197, 1, 0, 60, 0, 0, 6, 1, 0, 254, 1, 191]
1552550826240;[171, 0, 17, 255, 161, 76, 221, 1, 197, 1, 0, 60, 0, 0, 9, 1, 0, 249, 1, 176]
1552550826408;[171, 0, 17, 255, 161, 76, 221, 1, 198, 1, 0, 56, 0, 0, 6, 1, 0, 248, 1, 169]
1552550826409;[171, 0, 17, 255, 161, 76, 221, 1, 198, 1, 0, 58, 0, 0, 4, 1, 0, 246, 1, 199]
1552550826579;[171, 0, 17, 255, 161, 76, 221, 1, 198, 1, 0, 61, 0, 0, 5, 1, 0, 249, 1, 218]
1552550826744;[171, 0, 17, 255, 161, 76, 221, 1, 198, 1, 0, 60, 0, 0, 6, 1, 0, 249, 1, 227]
1552550826761;[171, 0, 17, 255, 161, 76, 221, 1, 198, 1, 0, 58, 0, 0, 4, 1, 0, 249, 1, 236]
1552550826929;[171, 0, 17, 255, 161, 76, 221, 1, 198, 1, 0, 60, 0, 0, 5, 1, 0, 249, 1, 233]
1552550826929;[171, 0, 4, 255, 132, 128, 66]
1552550827096;[171, 0, 17, 255, 161, 76, 221, 1, 198, 1, 0, 57, 0, 0, 5, 1, 0, 246, 1, 228]
1552550827096;[171, 0, 17, 255, 161, 76, 221, 1, 198, 1, 0, 60, 0, 0, 8, 1, 0, 248, 1, 213]
1552550827263;[171, 0, 17, 255, 161, 76, 221, 1, 198, 1, 0, 61, 0, 0, 5, 1, 0, 249, 1, 202]
1552550827446;[171, 0, 17, 255, 161, 76, 221, 1, 198, 1, 0, 60, 0, 0, 6, 1, 0, 249, 1, 182]
1552550827447;[171, 0, 17, 255, 161, 76, 221, 1, 199, 1, 0, 60, 0, 0, 8, 1, 0, 249, 1, 189]
1552550827780;[171, 0, 17, 255, 161, 76, 221, 1, 199, 1, 0, 59, 0, 0, 8, 1, 0, 249, 1, 212]
1552550827797;[171, 0, 17, 255, 161, 76, 221, 1, 199, 1, 0, 59, 0, 0, 5, 1, 0, 249, 1, 237]
1552550827798;[171, 0, 17, 255, 161, 76, 221, 1, 199, 1, 0, 59, 0, 0, 6, 1, 0, 250, 2, 3]
1552550827799;[171, 0, 17, 255, 161, 76, 221, 1, 199, 1, 0, 60, 0, 0, 5, 1, 0, 249, 2, 9]
1552550827964;[171, 0, 17, 255, 161, 76, 221, 1, 199, 1, 0, 58, 0, 0, 4, 1, 0, 247, 2, 5]
1552550828295;[171, 0, 4, 255, 132, 128, 66]
1552550828296;[171, 0, 17, 255, 161, 76, 221, 1, 199, 1, 0, 60, 0, 0, 4, 1, 0, 250, 1, 250]
1552550828314;[171, 0, 17, 255, 161, 76, 221, 1, 199, 1, 0, 59, 0, 0, 8, 1, 0, 248, 1, 234]
1552550828315;[171, 0, 17, 255, 161, 76, 221, 1, 199, 1, 0, 57, 0, 0, 5, 1, 0, 248, 1, 221]
1552550828483;[171, 0, 17, 255, 161, 76, 221, 1, 199, 1, 0, 60, 0, 0, 4, 1, 0, 248, 1, 193]
1552550828646;[171, 0, 17, 255, 161, 76, 221, 1, 200, 1, 0, 60, 0, 0, 6, 1, 0, 247, 1, 220]
1552550828814;[171, 0, 17, 255, 161, 76, 221, 1, 200, 1, 0, 61, 0, 0, 6, 1, 0, 248, 1, 249]
1552550828814;[171, 0, 17, 255, 161, 76, 221, 1, 200, 1, 0, 60, 0, 0, 6, 1, 0, 249, 2, 24]
1552550828829;[171, 0, 17, 255, 161, 76, 221, 1, 200, 1, 0, 59, 0, 0, 6, 1, 1, 3, 2, 51]
1552550828996;[171, 0, 17, 255, 161, 76, 221, 1, 200, 1, 0, 60, 0, 0, 6, 1, 0, 250, 2, 64]
1552550828997;[171, 0, 17, 255, 161, 76, 221, 1, 200, 1, 0, 59, 0, 0, 6, 1, 0, 249, 2, 63]
1552550829163;[171, 0, 4, 255, 132, 128, 65]
1552550829331;[171, 0, 17, 255, 161, 76, 221, 1, 200, 1, 0, 59, 0, 0, 6, 1, 0, 249, 2, 61]
1552550829332;[171, 0, 17, 255, 161, 76, 221, 1, 200, 1, 0, 61, 0, 0, 6, 1, 0, 249, 2, 53]
1552550829514;[171, 0, 17, 255, 161, 76, 221, 1, 200, 1, 0, 57, 0, 0, 4, 1, 0, 248, 2, 29]
1552550829515;[171, 0, 17, 255, 161, 76, 221, 1, 200, 1, 0, 59, 0, 0, 8, 1, 0, 248, 2, 36]
