1552551233643;[171, 0, 15, 255, 146, 192, 3, 7, 212, 241, 78, 66, 165, 124, 120, 0, 11, 2]
1552551233740;[171, 0, 5, 255, 145, 128, 0, 40]
1552551235790;[171, 0, 4, 255, 132, 128, 64]
1552551235893;[171, 0, 14, 255, 81, 8, 0, 0, 0, 0, 0, 0, 0, 0, 0, 0, 0]
1552551236094;[171, 0, 10, 255, 81, 17, 18, 12, 12, 15, 50, 72, 72]
1552551236194;[171, 0, 10, 255, 81, 17, 18, 12, 12, 15, 55, 56, 56]
1552551236278;[171, 0, 10, 255, 81, 17, 18, 12, 12, 16, 0, 65, 65]
1552551236378;[171, 0, 10, 255, 81, 17, 18, 12, 12, 16, 5, 71, 71]
1552551236479;[171, 0, 10, 255, 81, 17, 18, 12, 12, 16, 10, 71, 71]
1552551236579;[171, 0, 10, 255, 81, 17, 18, 12, 12, 16, 15, 71, 71]
1552551236678;[171, 0, 10, 255, 81, 17, 18, 12, 12, 16, 20, 71, 71]
1552551236779;[171, 0, 4, 255, 132, 128, 64]
1552551236862;[171, 0, 10, 255, 81, 17, 18, 12, 12, 16, 25, 70, 70]
1552551236963;[171, 0, 10, 255, 81, 17, 18, 12, 12, 16, 30, 70, 70]
1552551237063;[171, 0, 10, 255, 81, 17, 18, 12, 12, 16, 35, 73, 73]
1552551237164;[171, 0, 10, 255, 81, 17, 18, 12, 12, 16, 40, 69, 69]
1552551237264;[171, 0, 10, 255, 81, 17, 18, 12, 12, 16, 45, 82, 82]
1552551237365;[171, 0, 10, 255, 81, 17, 18, 12, 12, 16, 50, 78, 78]
1552551237448;[171, 0, 10, 255, 81, 17, 18, 12, 12, 16, 55, 89, 89]
1552551237648;[171, 0, 10, 255, 81, 17, 18, 12, 12, 17, 0, 76, 76]
1552551237815;[171, 0, 10, 255, 81, 17, 18, 12, 12, 17, 5, 74, 74]
1552551237815;[171, 0, 10, 255, 81, 17, 18, 12, 12, 17, 10, 79, 79]
1552551237982;[171, 0, 4, 255, 132, 128, 65]
1552551237983;[171, 0, 10, 255, 81, 17, 18, 12, 12, 17, 15, 76, 76]
1552551238333;[171, 0, 10, 255, 81, 17, 18, 12, 12, 17, 20, 72, 72]
1552551238334;[171, 0, 10, 255, 81, 17, 18, 12, 12, 17, 25, 71, 71]
1552551238334;[171, 0, 10, 255, 81, 17, 18, 12, 12, 17, 30, 72, 72]
1552551238500;[171, 0, 10, 255, 81, 17, 18, 12, 12, 17, 35, 76, 76]
1552551238501;[171, 0, 10, 255, 81, 17, 18, 12, 12, 17, 40, 77, 77]
1552551238684;[171, 0, 10, 255, 81, 17, 18, 12, 12, 17, 45, 79, 79]
1552551238684;[171, 0, 10, 255, 81, 17, 18, 12, 12, 17, 50, 69, 69]
1552551238851;[171, 0, 10, 255, 81, 17, 18, 12, 12, 17, 55, 76, 76]
1552551239018;[171, 0, 10, 255, 81, 17, 18, 12, 12, 18, 0, 77, 77]
1552551239019;[171, 0, 4, 255, 132, 128, 65]
1552551239202;[171, 0, 10, 255, 81, 17, 18, 12, 12, 18, 5, 72, 72]
1552551239202;[171, 0, 10, 255, 81, 17, 18, 12, 12, 18, 10, 75, 75]
1552551239369;[171, 0, 10, 255, 81, 17, 18, 12, 12, 18, 15, 72, 72]
1552551239370;[171, 0, 10, 255, 81, 17, 18, 12, 12, 18, 20, 80, 80]
1552551239536;[171, 0, 10, 255, 81, 17, 18, 12, 12, 18, 25, 88, 88]
1552551239720;[171, 0, 10, 255, 81, 17, 18, 12, 12, 18, 30, 71, 71]
1552551239720;[171, 0, 10, 255, 81, 17, 18, 12, 12, 18, 35, 55, 55]
1552551239887;[171, 0, 10, 255, 81, 17, 18, 12, 12, 18, 40, 71, 71]
1552551239888;[171, 0, 10, 255, 81, 17, 18, 12, 12, 18, 45, 70, 70]
1552551240054;[171, 0, 10, 255, 81, 17, 18, 12, 13, 9, 5, 72, 72]
1552551240054;[171, 0, 4, 255, 132, 128, 65]
1552551240238;[171, 0, 10, 255, 81, 17, 18, 12, 13, 9, 10, 81, 81]
1552551240405;[171, 0, 10, 255, 81, 17, 18, 12, 13, 9, 15, 76, 76]
1552551240406;[171, 0, 10, 255, 81, 17, 18, 12, 13, 9, 20, 70, 70]
1552551240572;[171, 0, 10, 255, 81, 17, 18, 12, 13, 9, 25, 88, 88]
1552551240572;[171, 0, 17, 255, 161, 76, 221, 3, 123, 1, 0, 71, 0, 0, 9, 1, 0, 247, 2, 190]
1552551240756;[171, 0, 10, 255, 81, 17, 18, 12, 13, 9, 30, 78, 78]
1552551240923;[171, 0, 17, 255, 161, 76, 221, 3, 123, 1, 0, 71, 0, 0, 11, 1, 0, 246, 2, 181]
1552551240923;[171, 0, 10, 255, 81, 17, 18, 12, 13, 9, 35, 78, 78]
1552551241090;[171, 0, 17, 255, 161, 76, 221, 3, 123, 1, 0, 72, 0, 0, 10, 1, 0, 246, 2, 167]
1552551241091;[171, 0, 10, 255, 81, 17, 18, 12, 13, 9, 40, 75, 75]
1552551241257;[171, 0, 17, 255, 161, 76, 221, 3, 123, 1, 0, 71, 0, 0, 11, 1, 0, 249, 2, 176]
1552551241274;[171, 0, 10, 255, 81, 17, 18, 12, 13, 9, 45, 81, 81]
1552551241441;[171, 0, 17, 255, 161, 76, 221, 3, 128, 1, 0, 74, 0, 0, 9, 1, 0, 244, 2, 190]
1552551241609;[171, 0, 10, 255, 81, 17, 18, 12, 13, 9, 50, 77, 77]
1552551241609;[171, 0, 17, 255, 161, 76, 221, 3, 128, 1, 0, 74, 0, 0, 11, 1, 0, 246, 2, 201]
1552551241775;[171, 0, 10, 255, 81, 17, 18, 12, 13, 9, 55, 67, 67]
1552551241792;[171, 0, 17, 255, 161, 76, 221, 3, 128, 1, 0, 72, 0, 0, 11, 1, 0, 249, 2, 199]
1552551241959;[171, 0, 4, 255, 132, 128, 65]
1552551242126;[171, 0, 17, 255, 161, 76, 221, 3, 129, 1, 0, 72, 0, 0, 11, 1, 0, 248, 3, 163]
1552551242293;[171, 0, 10, 255, 81, 17, 18, 12, 13, 11, 10, 61, 61]
1552551242294;[171, 0, 17, 255, 161, 76, 221, 3, 129, 1, 0, 77, 0, 0, 11, 1, 0, 243, 3, 178]
1552551242644;[171, 0, 10, 255, 81, 17, 18, 12, 13, 11, 15, 73, 73]
1552551242645;[171, 0, 17, 255, 161, 76, 221, 3, 129, 1, 0, 74, 0, 0, 16, 1, 0, 245, 3, 189]
1552551242645;[171, 0, 10, 255, 81, 17, 18, 12, 13, 11, 20, 67, 67]
1552551242811;[171, 0, 17, 255, 161, 76, 221, 3, 129, 1, 0, 75, 0, 0, 10, 1, 0, 242, 3, 200]
1552551242811;[171, 0, 10, 255, 81, 17, 18, 12, 13, 11, 25, 76, 76]
1552551242995;[171, 0, 17, 255, 161, 76, 221, 3, 130, 1, 0, 75, 0, 0, 11, 1, 0, 246, 3, 201]
1552551243162;[171, 0, 10, 255, 81, 17, 18, 12, 13, 11, 30, 75, 75]
1552551243329;[171, 0, 17, 255, 161, 76, 221, 3, 130, 1, 0, 74, 0, 0, 9, 1, 0, 248, 3, 223]
1552551243330;[171, 0, 10, 255, 81, 17, 18, 12, 13, 11, 35, 74, 74]
1552551243330;[171, 0, 17, 255, 161, 76, 221, 3, 130, 1, 0, 74, 0, 0, 11, 1, 0, 245, 3, 251]
1552551243512;[171, 0, 4, 255, 132, 128, 65]
1552551243680;[171, 0, 10, 255, 81, 17, 18, 12, 13, 11, 40, 76, 76]
1552551243681;[171, 0, 17, 255, 161, 76, 221, 3, 130, 1, 0, 73, 0, 0, 11, 1, 0, 248, 4, 16]
1552551243681;[171, 0, 10, 255, 81, 17, 18, 12, 13, 11, 45, 80, 80]
1552551243846;[171, 0, 17, 255, 161, 76, 221, 3, 130, 1, 0, 74, 0, 0, 11, 1, 0, 245, 4, 11]
1552551244198;[171, 0, 10, 255, 81, 17, 18, 12, 13, 11, 50, 83, 83]
1552551244198;[171, 0, 17, 255, 161, 76, 221, 3, 130, 1, 0, 73, 0, 0, 11, 1, 0, 246, 4, 10]
1552551244199;[171, 0, 10, 255, 81, 17, 18, 12, 13, 11, 55, 75, 75]
1552551244199;[171, 0, 17, 255, 161, 76, 221, 3, 130, 1, 0, 77, 0, 0, 11, 1, 0, 243, 4, 6]
1552551244365;[171, 0, 10, 255, 81, 17, 18, 12, 13, 12, 0, 69, 69]
1552551244365;[171, 0, 17, 255, 161, 76, 221, 3, 130, 1, 0, 73, 0, 0, 11, 1, 0, 244, 3, 240]
1552551244715;[171, 0, 17, 255, 161, 76, 221, 3, 132, 1, 0, 73, 0, 0, 8, 1, 0, 245, 2, 109]
1552551244716;[171, 0, 10, 255, 81, 17, 18, 12, 13, 13, 15, 70, 70]
1552551244882;[171, 0, 17, 255, 161, 76, 221, 3, 132, 1, 0, 74, 0, 0, 10, 1, 0, 249, 2, 73]
1552551244883;[171, 0, 4, 255, 132, 128, 67]
1552551245067;[171, 0, 10, 255, 81, 17, 18, 12, 13, 13, 20, 86, 86]
1552551245067;[171, 0, 17, 255, 161, 76, 221, 3, 132, 1, 0, 75, 0, 0, 16, 1, 0, 249, 2, 30]
1552551245234;[171, 0, 10, 255, 81, 17, 18, 12, 13, 13, 25, 89, 89]
1552551245401;[171, 0, 17, 255, 161, 76, 221, 3, 132, 1, 0, 73, 0, 0, 11, 1, 0, 249, 2, 0]
1552551245401;[171, 0, 10, 255, 81, 17, 18, 12, 13, 13, 30, 89, 89]
1552551245584;[171, 0, 17, 255, 161, 76, 221, 3, 132, 1, 0, 73, 0, 0, 11, 1, 0, 246, 1, 239]
1552551245585;[171, 0, 10, 255, 81, 17, 18, 12, 13, 13, 35, 89, 89]
1552551245752;[171, 0, 17, 255, 161, 76, 221, 3, 132, 1, 0, 75, 0, 0, 11, 1, 0, 248, 1, 204]
1552551245919;[171, 0, 10, 255, 81, 17, 18, 12, 13, 13, 40, 91, 91]
1552551245920;[171, 0, 17, 255, 161, 76, 221, 3, 132, 1, 0, 75, 0, 0, 11, 1, 0, 245, 1, 182]
1552551246102;[171, 0, 10, 255, 81, 17, 18, 12, 13, 13, 45, 76, 76]
1552551246103;[171, 0, 17, 255, 161, 76, 221, 3, 132, 1, 0, 75, 0, 0, 11, 1, 0, 245, 1, 153]
1552551246270;[171, 0, 10, 255, 81, 17, 18, 12, 24, 10, 0, 90, 90]
1552551246270;[171, 0, 17, 255, 161, 76, 221, 3, 132, 1, 0, 72, 0, 0, 11, 1, 0, 246, 1, 130]
1552551246436;[171, 0, 10, 255, 81, 17, 18, 12, 25, 14, 40, 90, 90]
1552551246604;[171, 0, 17, 255, 161, 76, 221, 3, 133, 1, 0, 74, 0, 0, 11, 1, 0, 246, 1, 89]
1552551246620;[171, 0, 10, 255, 81, 17, 18, 12, 25, 14, 45, 168, 168]
1552551246788;[171, 0, 17, 255, 161, 76, 221, 3, 133, 1, 0, 73, 0, 0, 11, 1, 0, 248, 1, 57]
1552551246954;[171, 0, 10, 255, 81, 17, 18, 12, 25, 14, 55, 187, 187]
1552551246955;[171, 0, 17, 255, 161, 76, 221, 3, 133, 1, 0, 73, 0, 0, 11, 1, 0, 245, 1, 26]
1552551247121;[171, 0, 10, 255, 81, 17, 19, 2, 28, 13, 5, 87, 87]
1552551247473;[171, 0, 17, 255, 161, 76, 221, 3, 134, 1, 0, 73, 0, 0, 11, 1, 0, 246, 6, 202]
1552551247474;[171, 0, 10, 255, 81, 17, 19, 2, 28, 13, 10, 77, 77]
1552551247474;[171, 0, 17, 255, 161, 76, 221, 3, 134, 1, 0, 74, 0, 0, 11, 1, 0, 246, 6, 182]
1552551247475;[171, 0, 10, 255, 81, 17, 19, 2, 28, 13, 15, 72, 72]
1552551247639;[171, 0, 17, 255, 161, 76, 221, 3, 134, 1, 0, 74, 0, 0, 11, 1, 0, 247, 6, 169]
1552551247823;[171, 0, 10, 255, 81, 17, 19, 2, 28, 13, 20, 71, 71]
1552551247824;[171, 0, 17, 255, 161, 76, 221, 3, 134, 1, 0, 73, 0, 0, 11, 1, 0, 248, 6, 147]
1552551247990;[171, 0, 10, 255, 81, 17, 19, 2, 28, 13, 25, 70, 70]
1552551247991;[171, 0, 17, 255, 161, 76, 221, 3, 135, 1, 0, 73, 0, 0, 11, 1, 0, 245, 6, 138]
1552551248158;[171, 0, 10, 255, 81, 17, 19, 2, 28, 13, 30, 73, 73]
1552551248174;[171, 0, 17, 255, 161, 76, 221, 3, 135, 1, 0, 74, 0, 0, 11, 1, 0, 247, 6, 119]
1552551248342;[171, 0, 10, 255, 81, 17, 19, 2, 28, 13, 35, 71, 71]
1552551248509;[171, 0, 17, 255, 161, 76, 221, 3, 135, 1, 0, 73, 0, 0, 10, 1, 0, 246, 6, 101]
1552551248676;[171, 0, 4, 255, 132, 128, 69]
1552551248677;[171, 0, 10, 255, 81, 17, 19, 2, 28, 13, 40, 74, 74]
1552551248695;[171, 0, 17, 255, 161, 76, 221, 3, 135, 1, 0, 71, 0, 0, 11, 1, 0, 249, 6, 95]
1552551248860;[171, 0, 10, 255, 81, 17, 19, 2, 28, 13, 45, 74, 74]
1552551248860;[171, 0, 17, 255, 161, 76, 221, 3, 135, 1, 0, 72, 0, 0, 11, 1, 0, 248, 6, 83]
1552551249026;[171, 0, 10, 255, 81, 17, 19, 2, 28, 13, 50, 72, 72]
1552551249193;[171, 0, 17, 255, 161, 76, 221, 3, 135, 1, 0, 72, 0, 0, 11, 1, 0, 244, 6, 78]
1552551249194;[171, 0, 10, 255, 81, 17, 19, 2, 28, 13, 55, 69, 69]
1552551249377;[171, 0, 17, 255, 161, 76, 221, 3, 135, 1, 0, 73, 0, 0, 11, 1, 0, 243, 6, 66]
1552551249544;[171, 0, 17, 255, 161, 76, 221, 3, 137, 1, 0, 73, 0, 0, 11, 1, 0, 243, 5, 190]
1552551249711;[171, 0, 10, 255, 81, 17, 19, 2, 28, 15, 10, 65, 65]
1552551249711;[171, 0, 17, 255, 161, 76, 221, 3, 137, 1, 0, 73, 0, 0, 11, 1, 0, 245, 5, 179]
1552551249895;[171, 0, 10, 255, 81, 17, 19, 2, 28, 15, 15, 61, 61]
1552551249896;[171, 0, 17, 255, 161, 76, 221, 3, 137, 1, 0, 73, 0, 0, 11, 1, 0, 244, 5, 180]
1552551250062;[171, 0, 4, 255, 132, 128, 70]
1552551250063;[171, 0, 10, 255, 81, 17, 19, 2, 28, 15, 20, 63, 63]
1552551250230;[171, 0, 17, 255, 161, 76, 221, 3, 137, 1, 0, 73, 0, 0, 15, 1, 0, 246, 5, 192]
1552551250413;[171, 0, 10, 255, 81, 17, 19, 2, 28, 15, 25, 69, 69]
1552551250414;[171, 0, 17, 255, 161, 76, 221, 3, 137, 1, 0, 73, 0, 0, 10, 1, 0, 248, 5, 197]
1552551250581;[171, 0, 10, 255, 81, 17, 19, 2, 28, 15, 30, 64, 64]
1552551250581;[171, 0, 17, 255, 161, 76, 221, 3, 137, 1, 0, 73, 0, 0, 11, 1, 0, 249, 5, 206]
1552551250747;[171, 0, 17, 255, 161, 76, 221, 3, 137, 1, 0, 72, 0, 0, 10, 1, 0, 246, 5, 214]
1552551250931;[171, 0, 10, 255, 81, 17, 19, 2, 28, 15, 35, 63, 63]
1552551250932;[171, 0, 17, 255, 161, 76, 221, 3, 137, 1, 0, 75, 0, 0, 11, 1, 0, 245, 5, 223]
1552551251098;[171, 0, 10, 255, 81, 17, 19, 2, 28, 15, 40, 60, 60]
1552551251099;[171, 0, 17, 255, 161, 76, 221, 3, 137, 1, 0, 71, 0, 0, 11, 1, 0, 246, 5, 228]
1552551251265;[171, 0, 10, 255, 81, 17, 19, 2, 28, 15, 45, 59, 59]
1552551251266;[171, 0, 17, 255, 161, 76, 221, 3, 137, 1, 0, 72, 0, 0, 11, 1, 0, 243, 5, 231]
1552551251449;[171, 0, 10, 255, 81, 17, 19, 2, 28, 15, 50, 75, 75]
1552551251616;[171, 0, 17, 255, 161, 76, 221, 3, 138, 1, 0, 73, 0, 0, 10, 1, 0, 250, 5, 235]
1552551251617;[171, 0, 10, 255, 81, 17, 19, 2, 28, 15, 55, 66, 66]
1552551251784;[171, 0, 17, 255, 161, 76, 221, 3, 138, 1, 0, 73, 0, 0, 10, 1, 0, 246, 6, 0]
1552551251784;[171, 0, 10, 255, 81, 17, 19, 2, 28, 16, 0, 71, 71]
1552551251967;[171, 0, 17, 255, 161, 76, 221, 3, 138, 1, 0, 72, 0, 0, 11, 1, 0, 248, 6, 45]
1552551252134;[171, 0, 10, 255, 81, 17, 19, 2, 28, 17, 10, 85, 85]
1552551252301;[171, 0, 17, 255, 161, 76, 221, 3, 139, 1, 0, 73, 0, 0, 11, 1, 0, 248, 9, 55]
1552551252302;[171, 0, 10, 255, 81, 17, 19, 2, 28, 17, 15, 77, 77]
1552551252485;[171, 0, 17, 255, 161, 76, 221, 3, 139, 1, 0, 73, 0, 0, 11, 1, 0, 243, 9, 105]
1552551252486;[171, 0, 10, 255, 81, 17, 19, 2, 28, 17, 20, 64, 64]
1552551252653;[171, 0, 17, 255, 161, 76, 221, 3, 139, 1, 0, 73, 0, 0, 11, 1, 0, 249, 9, 148]
1552551253003;[171, 0, 10, 255, 81, 17, 19, 2, 28, 17, 25, 63, 63]
1552551253004;[171, 0, 17, 255, 161, 76, 221, 3, 139, 1, 0, 73, 0, 0, 16, 1, 0, 248, 9, 253]
1552551253004;[171, 0, 10, 255, 81, 17, 19, 2, 28, 17, 30, 63, 63]
1552551253005;[171, 0, 17, 255, 161, 76, 221, 3, 140, 1, 0, 74, 0, 0, 11, 1, 0, 245, 10, 145]
1552551253170;[171, 0, 10, 255, 81, 17, 19, 2, 28, 17, 35, 68, 68]
1552551253171;[171, 0, 17, 255, 161, 76, 221, 3, 140, 1, 0, 73, 0, 0, 11, 1, 0, 245, 10, 239]
1552551253337;[171, 0, 10, 255, 81, 17, 19, 2, 28, 17, 40, 67, 67]
1552551253521;[171, 0, 17, 255, 161, 76, 221, 3, 140, 1, 0, 73, 0, 0, 11, 1, 0, 246, 11, 88]
1552551253521;[171, 0, 4, 255, 132, 128, 71]
1552551253687;[171, 0, 10, 255, 81, 17, 19, 2, 28, 17, 45, 80, 80]
1552551253688;[171, 0, 17, 255, 161, 76, 221, 3, 140, 1, 0, 74, 0, 0, 16, 1, 0, 245, 11, 170]
1552551253855;[171, 0, 10, 255, 81, 17, 19, 2, 28, 17, 50, 63, 63]
1552551253855;[171, 0, 17, 255, 161, 76, 221, 3, 140, 1, 0, 74, 0, 0, 11, 1, 0, 243, 11, 229]
1552551254022;[171, 0, 10, 255, 81, 17, 19, 2, 28, 17, 55, 60, 60]
1552551254205;[171, 0, 17, 255, 161, 76, 221, 3, 140, 1, 0, 73, 0, 0, 11, 1, 0, 245, 12, 25]
1552551254206;[171, 0, 10, 255, 81, 17, 19, 2, 28, 18, 0, 64, 64]
1552551254373;[171, 0, 17, 255, 161, 76, 221, 3, 140, 1, 0, 73, 0, 0, 11, 1, 0, 248, 12, 66]
1552551254723;[171, 0, 17, 255, 161, 76, 221, 3, 142, 1, 0, 72, 0, 0, 11, 1, 0, 246, 7, 226]
1552551254724;[171, 0, 10, 255, 81, 17, 19, 2, 28, 22, 15, 73, 73]
1552551254891;[171, 0, 17, 255, 161, 76, 221, 3, 142, 1, 0, 72, 0, 0, 11, 1, 0, 245, 7, 223]
1552551254891;[171, 0, 10, 255, 81, 17, 19, 2, 28, 22, 20, 82, 82]
1552551255241;[171, 0, 17, 255, 161, 76, 221, 3, 142, 1, 0, 71, 0, 0, 8, 1, 0, 247, 7, 201]
1552551255242;[171, 0, 4, 255, 132, 128, 71]
1552551255243;[171, 0, 10, 255, 81, 17, 19, 2, 28, 22, 25, 80, 80]
1552551255409;[171, 0, 17, 255, 161, 76, 221, 3, 142, 1, 0, 73, 0, 0, 16, 1, 0, 246, 7, 176]
1552551255409;[171, 0, 10, 255, 81, 17, 19, 2, 28, 22, 30, 84, 84]
1552551255576;[171, 0, 17, 255, 161, 76, 221, 3, 142, 1, 0, 73, 0, 0, 11, 1, 0, 245, 7, 237]
1552551255576;[171, 0, 10, 255, 81, 17, 19, 2, 28, 22, 35, 76, 76]
1552551255760;[171, 0, 17, 255, 161, 76, 221, 3, 142, 1, 0, 71, 0, 0, 11, 1, 0, 246, 8, 35]
1552551255760;[171, 0, 10, 255, 81, 17, 19, 2, 28, 22, 40, 72, 72]
1552551255927;[171, 0, 17, 255, 161, 76, 221, 3, 142, 1, 0, 72, 0, 0, 11, 1, 0, 243, 8, 44]
1552551256094;[171, 0, 10, 255, 81, 17, 19, 2, 28, 22, 45, 76, 76]
1552551256094;[171, 0, 17, 255, 161, 76, 221, 3, 142, 1, 0, 71, 0, 0, 11, 1, 0, 246, 8, 42]
1552551256278;[171, 0, 10, 255, 81, 17, 19, 2, 28, 22, 50, 62, 62]
1552551256279;[171, 0, 17, 255, 161, 76, 221, 3, 142, 1, 0, 72, 0, 0, 10, 1, 0, 248, 8, 24]
1552551256445;[171, 0, 10, 255, 81, 17, 19, 2, 28, 22, 55, 73, 73]
1552551256612;[171, 0, 17, 255, 161, 76, 221, 3, 142, 1, 0, 73, 0, 0, 11, 1, 0, 246, 7, 242]
1552551256612;[171, 0, 10, 255, 81, 17, 19, 2, 28, 23, 0, 93, 93]
1552551256795;[171, 0, 17, 255, 161, 76, 221, 3, 143, 1, 0, 72, 0, 0, 11, 1, 0, 249, 7, 214]
1552551256963;[171, 0, 10, 255, 81, 17, 19, 2, 28, 23, 50, 75, 75]
1552551256963;[171, 0, 17, 255, 161, 76, 221, 3, 144, 1, 0, 69, 0, 0, 11, 1, 0, 243, 8, 35]
1552551257130;[171, 0, 10, 255, 81, 17, 19, 2, 28, 23, 55, 57, 57]
1552551257313;[171, 0, 17, 255, 161, 76, 221, 3, 144, 1, 0, 73, 0, 0, 11, 1, 0, 246, 7, 242]
1552551257314;[171, 0, 10, 255, 81, 17, 19, 3, 1, 0, 0, 69, 69]
1552551257481;[171, 0, 17, 255, 161, 76, 221, 3, 144, 1, 0, 73, 0, 0, 11, 1, 0, 243, 7, 193]
1552551257498;[171, 0, 10, 255, 81, 17, 19, 3, 1, 0, 5, 70, 70]
1552551257648;[171, 0, 17, 255, 161, 76, 221, 3, 144, 1, 0, 73, 0, 0, 11, 1, 0, 248, 7, 131]
1552551257648;[171, 0, 10, 255, 81, 17, 19, 3, 1, 0, 10, 76, 76]
1552551257832;[171, 0, 17, 255, 161, 76, 221, 3, 144, 1, 0, 74, 0, 0, 11, 1, 0, 245, 7, 140]
1552551257999;[171, 0, 10, 255, 81, 17, 19, 3, 1, 0, 15, 69, 69]
1552551258000;[171, 0, 17, 255, 161, 76, 221, 3, 144, 1, 0, 72, 0, 0, 16, 1, 0, 248, 7, 165]
1552551258166;[171, 0, 10, 255, 81, 17, 19, 3, 1, 0, 20, 70, 70]
1552551258166;[171, 0, 17, 255, 161, 76, 221, 3, 145, 1, 0, 74, 0, 0, 11, 1, 0, 246, 7, 152]
1552551258333;[171, 0, 10, 255, 81, 17, 19, 3, 1, 0, 25, 74, 74]
1552551258517;[171, 0, 17, 255, 161, 76, 221, 3, 145, 1, 0, 73, 0, 0, 11, 1, 0, 248, 7, 147]
1552551258517;[171, 0, 10, 255, 81, 17, 19, 3, 1, 0, 30, 75, 75]
1552551258684;[171, 0, 17, 255, 161, 76, 221, 3, 145, 1, 0, 73, 0, 0, 10, 1, 0, 249, 7, 125]
1552551258685;[171, 0, 4, 255, 132, 128, 71]
1552551259035;[171, 0, 10, 255, 81, 17, 19, 3, 1, 0, 35, 69, 69]
1552551259035;[171, 0, 17, 255, 161, 76, 221, 3, 145, 1, 0, 73, 0, 0, 11, 1, 0, 246, 7, 81]
1552551259036;[171, 0, 10, 255, 81, 17, 19, 3, 1, 0, 40, 72, 72]
1552551259202;[171, 0, 17, 255, 161, 76, 221, 3, 145, 1, 0, 75, 0, 0, 11, 1, 0, 246, 7, 30]
1552551259369;[171, 0, 17, 255, 161, 76, 221, 3, 146, 1, 0, 74, 0, 0, 11, 1, 0, 248, 5, 179]
1552551259386;[171, 0, 10, 255, 81, 17, 19, 3, 6, 23, 35, 57, 57]
1552551259553;[171, 0, 17, 255, 161, 76, 221, 3, 146, 1, 0, 72, 0, 0, 10, 1, 0, 245, 5, 158]
1552551259720;[171, 0, 10, 255, 81, 17, 19, 3, 6, 23, 40, 74, 74]
1552551259721;[171, 0, 17, 255, 161, 76, 221, 3, 147, 1, 0, 72, 0, 0, 11, 1, 0, 248, 5, 114]
1552551259887;[171, 0, 10, 255, 81, 17, 19, 3, 6, 23, 45, 60, 60]
1552551259903;[171, 0, 17, 255, 161, 76, 221, 3, 147, 1, 0, 74, 0, 0, 11, 1, 0, 243, 5, 79]
1552551260071;[171, 0, 10, 255, 81, 17, 19, 3, 6, 23, 50, 60, 60]
1552551260071;[171, 0, 17, 255, 161, 76, 221, 3, 147, 1, 0, 73, 0, 0, 11, 1, 0, 248, 5, 24]
1552551260238;[171, 0, 4, 255, 132, 128, 72]
1552551260405;[171, 0, 10, 255, 81, 17, 19, 3, 6, 23, 55, 64, 64]
1552551260406;[171, 0, 17, 255, 161, 76, 221, 3, 147, 1, 0, 73, 0, 0, 11, 1, 0, 246, 4, 223]
1552551260589;[171, 0, 10, 255, 81, 17, 19, 3, 7, 0, 0, 78, 78]
1552551260590;[171, 0, 17, 255, 161, 76, 221, 3, 147, 1, 0, 73, 0, 0, 11, 1, 0, 247, 4, 173]
1552551260756;[171, 0, 10, 255, 81, 17, 19, 3, 7, 0, 5, 65, 65]
1552551260756;[171, 0, 17, 255, 161, 76, 221, 3, 147, 1, 0, 73, 0, 0, 11, 1, 0, 242, 4, 186]
1552551260923;[171, 0, 10, 255, 81, 17, 19, 3, 7, 0, 10, 65, 65]
1552551261106;[171, 0, 17, 255, 161, 76, 221, 3, 147, 1, 0, 72, 0, 0, 11, 1, 0, 247, 4, 193]
1552551261108;[171, 0, 10, 255, 81, 17, 19, 3, 7, 0, 15, 63, 63]
1552551261274;[171, 0, 17, 255, 161, 76, 221, 3, 147, 1, 0, 73, 0, 0, 16, 1, 0, 248, 4, 180]
1552551261274;[171, 0, 10, 255, 81, 17, 19, 3, 7, 0, 20, 64, 64]
1552551261441;[171, 0, 17, 255, 161, 76, 221, 3, 147, 1, 0, 72, 0, 0, 11, 1, 0, 245, 4, 164]
1552551261625;[171, 0, 10, 255, 81, 17, 19, 3, 7, 0, 25, 69, 69]
1552551261625;[171, 0, 17, 255, 161, 76, 221, 3, 147, 1, 0, 72, 0, 0, 11, 1, 0, 246, 4, 147]
1552551261799;[171, 0, 10, 255, 81, 17, 19, 3, 8, 2, 20, 60, 60]
1552551261960;[171, 0, 17, 255, 161, 76, 221, 3, 149, 1, 0, 73, 0, 0, 10, 1, 0, 249, 3, 20]
1552551261960;[171, 0, 10, 255, 81, 17, 19, 3, 8, 2, 25, 66, 66]
1552551262143;[171, 0, 17, 255, 161, 76, 221, 3, 149, 1, 0, 73, 0, 0, 16, 1, 0, 248, 3, 8]
1552551262310;[171, 0, 10, 255, 81, 17, 19, 3, 8, 2, 30, 62, 62]
1552551262311;[171, 0, 17, 255, 161, 76, 221, 3, 149, 1, 0, 74, 0, 0, 11, 1, 0, 243, 3, 28]
1552551262477;[171, 0, 10, 255, 81, 17, 19, 3, 8, 2, 40, 62, 62]
1552551262478;[171, 0, 17, 255, 161, 76, 221, 3, 149, 1, 0, 72, 0, 0, 16, 1, 0, 246, 3, 27]
1552551262660;[171, 0, 10, 255, 81, 17, 19, 3, 12, 15, 25, 80, 80]
1552551262661;[171, 0, 17, 255, 161, 76, 221, 3, 149, 1, 0, 72, 0, 0, 11, 1, 0, 243, 3, 29]
1552551262828;[171, 0, 10, 255, 81, 17, 19, 3, 12, 15, 30, 62, 62]
1552551262995;[171, 0, 17, 255, 161, 76, 221, 3, 149, 1, 0, 74, 0, 0, 11, 1, 0, 248, 3, 17]
1552551262995;[171, 0, 10, 255, 81, 17, 19, 3, 12, 15, 35, 67, 67]
1552551263179;[171, 0, 17, 255, 161, 76, 221, 3, 149, 1, 0, 74, 0, 0, 11, 1, 0, 243, 3, 2]
1552551263179;[171, 0, 10, 255, 81, 17, 19, 3, 12, 15, 40, 62, 62]
1552551263512;[171, 0, 17, 255, 161, 76, 221, 3, 150, 1, 0, 75, 0, 0, 16, 1, 0, 249, 2, 229]
1552551263513;[171, 0, 10, 255, 81, 17, 19, 3, 12, 15, 45, 70, 70]
1552551263513;[171, 0, 17, 255, 161, 76, 221, 3, 150, 1, 0, 72, 0, 0, 10, 1, 0, 243, 2, 203]
1552551263696;[171, 0, 10, 255, 81, 17, 19, 3, 12, 15, 50, 61, 61]
1552551263697;[171, 0, 17, 255, 161, 76, 221, 3, 150, 1, 0, 73, 0, 0, 16, 1, 0, 248, 2, 174]
1552551264031;[171, 0, 4, 255, 132, 128, 71]
1552551264032;[171, 0, 10, 255, 81, 17, 19, 3, 12, 15, 55, 66, 66]
1552551264033;[171, 0, 17, 255, 161, 76, 221, 3, 150, 1, 0, 73, 0, 0, 16, 1, 0, 242, 2, 152]
1552551264215;[171, 0, 17, 255, 161, 76, 221, 3, 151, 1, 0, 79, 0, 0, 16, 1, 0, 243, 3, 47]
1552551264381;[171, 0, 10, 255, 81, 17, 19, 3, 13, 11, 45, 77, 77]
1552551264382;[171, 0, 17, 255, 161, 76, 221, 3, 151, 1, 0, 73, 0, 0, 11, 1, 0, 243, 3, 29]
1552551264548;[171, 0, 17, 255, 161, 76, 221, 3, 151, 1, 0, 80, 0, 0, 11, 1, 0, 249, 2, 254]
1552551264549;[171, 0, 10, 255, 81, 17, 19, 3, 13, 11, 50, 83, 83]
1552551264732;[171, 0, 17, 255, 161, 76, 221, 3, 152, 1, 0, 72, 0, 0, 16, 1, 0, 248, 2, 228]
1552551264899;[171, 0, 10, 255, 81, 17, 19, 3, 13, 11, 55, 84, 84]
1552551264900;[171, 0, 17, 255, 161, 76, 221, 3, 152, 1, 0, 79, 0, 0, 11, 1, 0, 245, 2, 248]
1552551265066;[171, 0, 10, 255, 81, 17, 19, 3, 13, 12, 0, 83, 83]
1552551265067;[171, 0, 17, 255, 161, 76, 221, 3, 152, 1, 0, 74, 0, 0, 20, 1, 0, 244, 2, 235]
1552551265233;[171, 0, 4, 255, 132, 128, 70]
1552551265417;[171, 0, 10, 255, 81, 17, 19, 3, 13, 12, 5, 83, 83]
1552551265418;[171, 0, 17, 255, 161, 76, 221, 3, 152, 1, 0, 74, 0, 0, 11, 1, 0, 243, 2, 220]
1552551265584;[171, 0, 10, 255, 81, 17, 19, 3, 13, 12, 10, 81, 81]
1552551265585;[171, 0, 17, 255, 161, 76, 221, 3, 152, 1, 0, 75, 0, 0, 11, 1, 0, 243, 2, 208]
1552551265751;[171, 0, 10, 255, 81, 17, 19, 3, 13, 12, 15, 78, 78]
1552551265768;[171, 0, 17, 255, 161, 76, 221, 3, 152, 1, 0, 74, 0, 0, 11, 1, 0, 245, 2, 193]
1552551266103;[171, 0, 10, 255, 81, 17, 19, 3, 13, 12, 20, 77, 77]
1552551266103;[171, 0, 17, 255, 161, 76, 221, 3, 152, 1, 0, 73, 0, 0, 11, 1, 0, 246, 2, 169]
1552551266104;[171, 0, 10, 255, 81, 17, 19, 3, 13, 12, 25, 74, 74]
1552551266269;[171, 0, 17, 255, 161, 76, 221, 3, 152, 1, 0, 73, 0, 0, 11, 1, 0, 244, 2, 136]
1552551266286;[171, 0, 10, 255, 81, 17, 19, 3, 13, 12, 30, 73, 73]
1552551266453;[171, 0, 17, 255, 161, 76, 221, 3, 152, 1, 0, 71, 0, 0, 11, 1, 0, 245, 2, 122]
1552551266621;[171, 0, 10, 255, 81, 17, 19, 3, 13, 12, 35, 73, 73]
1552551266621;[171, 0, 17, 255, 161, 76, 221, 3, 152, 1, 0, 73, 0, 0, 11, 1, 0, 245, 2, 142]
1552551266788;[171, 0, 10, 255, 81, 17, 19, 3, 13, 13, 45, 86, 86]
1552551266971;[171, 0, 17, 255, 161, 76, 221, 3, 154, 1, 0, 76, 0, 0, 11, 1, 0, 246, 2, 39]
1552551266972;[171, 0, 10, 255, 81, 17, 19, 3, 13, 13, 50, 80, 80]
1552551267138;[171, 0, 17, 255, 161, 76, 221, 3, 154, 1, 0, 73, 0, 0, 11, 1, 0, 247, 2, 33]
1552551267306;[171, 0, 10, 255, 81, 17, 19, 3, 13, 14, 0, 71, 71]
1552551267322;[171, 0, 17, 255, 161, 76, 221, 3, 154, 1, 0, 71, 0, 0, 10, 1, 0, 248, 2, 47]
1552551267489;[171, 0, 10, 255, 81, 17, 19, 3, 13, 14, 5, 73, 73]
1552551267490;[171, 0, 17, 255, 161, 76, 221, 3, 154, 1, 0, 74, 0, 0, 11, 1, 0, 248, 2, 47]
1552551267657;[171, 0, 10, 255, 81, 17, 19, 3, 13, 14, 10, 77, 77]
1552551267657;[171, 0, 17, 255, 161, 76, 221, 3, 154, 1, 0, 73, 0, 0, 11, 1, 0, 248, 2, 26]
1552551267823;[171, 0, 10, 255, 81, 17, 19, 3, 13, 14, 15, 75, 75]
1552551268007;[171, 0, 17, 255, 161, 76, 221, 3, 154, 1, 0, 73, 0, 0, 11, 1, 0, 248, 2, 22]
1552551268008;[171, 0, 10, 255, 81, 17, 19, 3, 13, 14, 20, 79, 79]
1552551268341;[171, 0, 17, 255, 161, 76, 221, 3, 154, 1, 0, 73, 0, 0, 11, 1, 0, 245, 2, 4]
1552551268342;[171, 0, 10, 255, 81, 17, 19, 3, 13, 14, 25, 75, 75]
1552551268358;[171, 0, 17, 255, 161, 76, 221, 3, 155, 1, 0, 72, 0, 0, 11, 1, 0, 246, 1, 225]
1552551268525;[171, 0, 10, 255, 81, 17, 19, 3, 13, 14, 30, 78, 78]
1552551268526;[171, 0, 17, 255, 161, 76, 221, 3, 155, 1, 0, 74, 0, 0, 11, 1, 0, 248, 1, 203]
1552551268692;[171, 0, 10, 255, 81, 17, 19, 3, 13, 14, 35, 71, 71]
1552551268693;[171, 0, 17, 255, 161, 76, 221, 3, 155, 1, 0, 73, 0, 0, 11, 1, 0, 241, 1, 177]
1552551268859;[171, 0, 4, 255, 132, 128, 69]
1552551268860;[171, 0, 10, 255, 81, 17, 19, 3, 13, 14, 40, 70, 70]
1552551269043;[171, 0, 17, 255, 161, 76, 221, 3, 155, 1, 0, 74, 0, 0, 11, 1, 0, 244, 1, 186]
1552551269210;[171, 0, 17, 255, 161, 76, 221, 3, 156, 1, 0, 74, 0, 0, 10, 1, 0, 246, 7, 176]
1552551269561;[171, 0, 10, 255, 81, 17, 19, 3, 13, 15, 55, 67, 67]
1552551269561;[171, 0, 17, 255, 161, 76, 221, 3, 156, 1, 0, 73, 0, 0, 11, 1, 0, 245, 7, 133]
1552551269562;[171, 0, 10, 255, 81, 17, 19, 3, 13, 16, 0, 77, 77]
1552551269562;[171, 0, 17, 255, 161, 76, 221, 3, 156, 1, 0, 73, 0, 0, 11, 1, 0, 246, 7, 104]
1552551269728;[171, 0, 10, 255, 81, 17, 19, 3, 13, 16, 5, 71, 71]
1552551269895;[171, 0, 17, 255, 161, 76, 221, 3, 157, 1, 0, 74, 0, 0, 11, 1, 0, 246, 7, 79]
1552551269895;[171, 0, 10, 255, 81, 17, 19, 3, 13, 16, 10, 72, 72]
1552551270079;[171, 0, 17, 255, 161, 76, 221, 3, 157, 1, 0, 73, 0, 0, 20, 1, 0, 243, 7, 81]
1552551270079;[171, 0, 10, 255, 81, 17, 19, 3, 13, 16, 15, 79, 79]
1552551270246;[171, 0, 17, 255, 161, 76, 221, 3, 157, 1, 0, 73, 0, 0, 11, 1, 0, 243, 7, 85]
1552551270413;[171, 0, 4, 255, 132, 128, 70]
1552551270414;[171, 0, 10, 255, 81, 17, 19, 3, 13, 16, 20, 77, 77]
1552551270597;[171, 0, 17, 255, 161, 76, 221, 3, 157, 1, 0, 74, 0, 0, 11, 1, 0, 245, 7, 85]
1552551270597;[171, 0, 10, 255, 81, 17, 19, 3, 13, 16, 25, 61, 61]
1552551270764;[171, 0, 17, 255, 161, 76, 221, 3, 157, 1, 0, 73, 0, 0, 15, 1, 0, 245, 7, 100]
1552551270765;[171, 0, 10, 255, 81, 17, 19, 3, 13, 16, 30, 74, 74]
1552551270931;[171, 0, 17, 255, 161, 76, 221, 3, 157, 1, 0, 73, 0, 0, 11, 1, 0, 245, 7, 92]
1552551271115;[171, 0, 10, 255, 81, 17, 19, 3, 13, 16, 35, 71, 71]
1552551271116;[171, 0, 17, 255, 161, 76, 221, 3, 157, 1, 0, 71, 0, 0, 11, 1, 0, 245, 7, 91]
1552551271282;[171, 0, 10, 255, 81, 17, 19, 3, 13, 16, 40, 77, 77]
1552551271282;[171, 0, 17, 255, 161, 76, 221, 3, 157, 1, 0, 74, 0, 0, 16, 1, 0, 248, 7, 83]
1552551271449;[171, 0, 10, 255, 81, 17, 19, 3, 13, 16, 45, 76, 76]
1552551271450;[171, 0, 17, 255, 161, 76, 221, 3, 157, 1, 0, 72, 0, 0, 16, 1, 0, 248, 7, 74]
1552551271800;[171, 0, 17, 255, 161, 76, 221, 3, 159, 1, 0, 74, 0, 0, 11, 1, 0, 246, 6, 241]
1552551271800;[171, 0, 4, 255, 132, 128, 69]
1552551271967;[171, 0, 10, 255, 81, 17, 19, 3, 13, 18, 0, 74, 74]
1552551271968;[171, 0, 17, 255, 161, 76, 221, 3, 159, 1, 0, 73, 0, 0, 11, 1, 0, 243, 6, 223]
1552551272134;[171, 0, 10, 255, 81, 17, 19, 3, 13, 18, 5, 77, 77]
1552551272318;[171, 0, 17, 255, 161, 76, 221, 3, 159, 1, 0, 74, 0, 0, 15, 1, 0, 245, 6, 216]
1552551272319;[171, 0, 10, 255, 81, 17, 19, 3, 13, 18, 10, 78, 78]
1552551272485;[171, 0, 17, 255, 161, 76, 221, 3, 159, 1, 0, 73, 0, 0, 11, 1, 0, 248, 6, 185]
1552551272502;[171, 0, 10, 255, 81, 17, 19, 3, 14, 15, 55, 69, 69]
1552551272653;[171, 0, 17, 255, 161, 76, 221, 3, 159, 1, 0, 74, 0, 0, 16, 1, 0, 243, 6, 171]
1552551272653;[171, 0, 10, 255, 81, 17, 19, 3, 14, 16, 0, 66, 66]
1552551272836;[171, 0, 17, 255, 161, 76, 221, 3, 159, 1, 0, 75, 0, 0, 11, 1, 0, 247, 6, 189]
1552551273003;[171, 0, 10, 255, 81, 17, 19, 3, 14, 16, 5, 64, 64]
1552551273004;[171, 0, 17, 255, 161, 76, 221, 3, 159, 1, 0, 73, 0, 0, 11, 1, 0, 245, 6, 195]
1552551273170;[171, 0, 10, 255, 81, 17, 19, 3, 14, 16, 10, 67, 67]
1552551273171;[171, 0, 17, 255, 161, 76, 221, 3, 159, 1, 0, 73, 0, 0, 15, 1, 0, 242, 6, 177]
1552551273354;[171, 0, 17, 255, 161, 76, 221, 3, 160, 1, 0, 74, 0, 0, 11, 1, 0, 245, 6, 145]
1552551273521;[171, 0, 17, 255, 161, 76, 221, 3, 160, 1, 0, 75, 0, 0, 11, 1, 0, 242, 6, 136]
1552551273521;[171, 0, 22, 255, 81, 32, 19, 3, 7, 16, 0, 0, 23, 0, 0, 0, 0, 0, 0, 0]
1552551273688;[0, 0, 0, 0, 0, 0]
1552551273688;[171, 0, 17, 255, 161, 76, 221, 3, 160, 1, 0, 75, 0, 0, 16, 1, 0, 246, 6, 134]
1552551273872;[171, 0, 4, 255, 132, 128, 69]
1552551273873;[171, 0, 17, 255, 161, 76, 221, 3, 160, 1, 0, 73, 0, 0, 11, 1, 0, 249, 6, 123]
1552551274039;[171, 0, 22, 255, 81, 32, 19, 3, 7, 17, 0, 0, 23, 0, 0, 0, 0, 0, 0, 0]
1552551274390;[0, 0, 0, 0, 0, 0]
1552551274390;[171, 0, 17, 255, 161, 76, 221, 3, 161, 1, 0, 76, 0, 0, 20, 1, 0, 242, 5, 238]
1552551274556;[171, 0, 17, 255, 161, 76, 221, 3, 161, 1, 0, 80, 0, 0, 11, 1, 0, 242, 5, 249]
1552551274557;[171, 0, 22, 255, 81, 32, 19, 3, 8, 2, 0, 5, 123, 0, 0, 52, 0, 0, 0, 0]
1552551274723;[0, 0, 0, 0, 0, 0]
1552551274907;[171, 0, 17, 255, 161, 76, 221, 3, 162, 1, 0, 85, 0, 0, 16, 1, 0, 228, 5, 227]
1552551274908;[171, 0, 17, 255, 161, 76, 221, 3, 162, 1, 0, 56, 0, 0, 11, 1, 0, 252, 5, 141]
1552551275074;[171, 0, 22, 255, 81, 32, 19, 3, 8, 3, 0, 7, 103, 0, 0, 70, 0, 0, 0, 0]
1552551275075;[0, 0, 0, 0, 0, 0]
1552551275241;[171, 0, 17, 255, 161, 76, 221, 3, 162, 1, 0, 90, 0, 0, 9, 1, 0, 234, 5, 130]
1552551275592;[171, 0, 4, 255, 132, 128, 70]
1552551275593;[171, 0, 17, 255, 161, 76, 221, 3, 162, 1, 0, 61, 0, 0, 16, 1, 1, 5, 5, 138]
1552551275594;[171, 0, 22, 255, 81, 32, 19, 3, 8, 4, 0, 7, 103, 0, 0, 70, 0, 0, 0, 0]
1552551275594;[0, 0, 0, 0, 0, 0]
1552551275760;[171, 0, 17, 255, 161, 76, 221, 3, 162, 1, 0, 81, 0, 0, 10, 1, 0, 242, 5, 134]
1552551275760;[171, 0, 17, 255, 161, 76, 221, 3, 162, 1, 0, 77, 0, 0, 16, 1, 0, 248, 5, 139]
1552551275943;[171, 0, 22, 255, 81, 32, 19, 3, 8, 5, 0, 7, 103, 0, 0, 70, 0, 0, 0, 0]
1552551276111;[0, 0, 0, 0, 0, 0]
1552551276111;[171, 0, 17, 255, 161, 76, 221, 3, 162, 1, 0, 75, 0, 0, 11, 1, 0, 243, 5, 139]
1552551276278;[171, 0, 17, 255, 161, 76, 221, 3, 162, 1, 0, 75, 0, 0, 11, 1, 0, 243, 5, 143]
1552551276278;[171, 0, 22, 255, 81, 32, 19, 3, 8, 6, 0, 7, 103, 0, 0, 70, 0, 0, 0, 0]
1552551276461;[0, 0, 0, 0, 0, 0]
1552551276462;[171, 0, 17, 255, 161, 76, 221, 3, 162, 1, 0, 73, 0, 0, 11, 1, 0, 246, 5, 140]
1552551276628;[171, 0, 17, 255, 161, 76, 221, 3, 162, 1, 0, 73, 0, 0, 9, 1, 0, 247, 5, 139]
1552551276795;[171, 0, 4, 255, 132, 128, 69]
1552551276796;[171, 0, 17, 255, 161, 76, 221, 3, 164, 1, 0, 74, 0, 0, 11, 1, 0, 243, 4, 170]
1552551276979;[171, 0, 22, 255, 81, 32, 19, 3, 8, 14, 0, 7, 103, 0, 0, 70, 0, 0, 0, 0]
1552551276980;[0, 0, 0, 0, 0, 0]
1552551277147;[171, 0, 17, 255, 161, 76, 221, 3, 164, 1, 0, 74, 0, 0, 10, 1, 0, 243, 4, 152]
1552551277314;[171, 0, 17, 255, 161, 76, 221, 3, 164, 1, 0, 74, 0, 0, 11, 1, 0, 249, 4, 121]
1552551277315;[171, 0, 22, 255, 81, 32, 19, 3, 8, 15, 0, 7, 103, 0, 0, 70, 0, 0, 0, 0]
1552551277481;[0, 0, 0, 0, 0, 0]
1552551277497;[171, 0, 17, 255, 161, 76, 221, 3, 164, 1, 0, 74, 0, 0, 16, 1, 0, 246, 4, 96]
1552551277665;[171, 0, 17, 255, 161, 76, 221, 3, 164, 1, 0, 75, 0, 0, 11, 1, 0, 248, 4, 74]
1552551277665;[171, 0, 22, 255, 81, 32, 19, 3, 8, 16, 0, 10, 169, 0, 0, 101, 0, 0, 0, 0]
1552551277831;[0, 0, 0, 0, 0, 0]
1552551278000;[171, 0, 17, 255, 161, 76, 221, 3, 164, 1, 0, 73, 0, 0, 11, 1, 0, 248, 4, 74]
1552551278016;[171, 0, 17, 255, 161, 76, 221, 3, 164, 1, 0, 73, 0, 0, 10, 1, 0, 248, 4, 65]
1552551278182;[171, 0, 22, 255, 81, 32, 19, 3, 8, 17, 0, 16, 45, 0, 0, 153, 0, 0, 0, 0]
1552551278183;[0, 0, 0, 0, 0, 0]
1552551278350;[171, 0, 17, 255, 161, 76, 221, 3, 165, 1, 0, 73, 0, 0, 11, 1, 0, 245, 4, 68]
1552551278350;[171, 0, 17, 255, 161, 76, 221, 3, 165, 1, 0, 75, 0, 0, 11, 1, 0, 246, 4, 63]
1552551278517;[171, 0, 22, 255, 81, 32, 19, 3, 8, 18, 0, 16, 45, 0, 0, 153, 0, 0, 0, 0]
1552551278701;[0, 0, 0, 0, 0, 0]
1552551278701;[171, 0, 17, 255, 161, 76, 221, 3, 165, 1, 0, 74, 0, 0, 11, 1, 0, 242, 4, 48]
1552551278868;[171, 0, 4, 255, 132, 128, 70]
1552551278869;[171, 0, 17, 255, 161, 76, 221, 3, 165, 1, 0, 73, 0, 0, 16, 1, 0, 249, 4, 29]
1552551279035;[171, 0, 22, 255, 81, 32, 19, 3, 8, 19, 0, 16, 45, 0, 0, 153, 0, 0, 0, 0]
1552551279219;[0, 0, 0, 0, 0, 0]
1552551279385;[171, 0, 22, 255, 81, 32, 19, 3, 11, 4, 0, 7, 60, 0, 0, 68, 0, 0, 0, 0]
1552551279552;[0, 0, 0, 0, 0, 0]
1552551279569;[171, 0, 17, 255, 161, 76, 221, 3, 166, 1, 0, 74, 0, 0, 11, 1, 0, 246, 4, 137]
1552551279736;[171, 0, 17, 255, 161, 76, 221, 3, 167, 1, 0, 73, 0, 0, 11, 1, 0, 247, 4, 105]
1552551279903;[171, 0, 22, 255, 81, 32, 19, 3, 11, 5, 0, 7, 60, 0, 0, 68, 0, 0, 0, 0]
1552551279904;[0, 0, 0, 0, 0, 0]
1552551280071;[171, 0, 17, 255, 161, 76, 221, 3, 167, 1, 0, 75, 0, 0, 16, 1, 0, 246, 4, 93]
1552551280071;[171, 0, 17, 255, 161, 76, 221, 3, 167, 1, 0, 74, 0, 0, 11, 1, 0, 243, 4, 67]
1552551280254;[171, 0, 4, 255, 132, 128, 70]
1552551280421;[171, 0, 22, 255, 81, 32, 19, 3, 11, 6, 0, 7, 60, 0, 0, 68, 0, 0, 0, 0]
1552551280422;[0, 0, 0, 0, 0, 0]
1552551280588;[171, 0, 17, 255, 161, 76, 221, 3, 167, 1, 0, 74, 0, 0, 11, 1, 0, 248, 4, 68]
1552551280589;[171, 0, 17, 255, 161, 76, 221, 3, 167, 1, 0, 73, 0, 0, 11, 1, 0, 245, 4, 73]
1552551280772;[171, 0, 22, 255, 81, 32, 19, 3, 11, 7, 0, 7, 60, 0, 0, 68, 0, 0, 0, 0]
1552551280772;[0, 0, 0, 0, 0, 0]
1552551280939;[171, 0, 17, 255, 161, 76, 221, 3, 167, 1, 0, 75, 0, 0, 11, 1, 0, 243, 4, 65]
1552551281106;[171, 0, 17, 255, 161, 76, 221, 3, 167, 1, 0, 72, 0, 0, 11, 1, 0, 245, 4, 58]
1552551281107;[171, 0, 22, 255, 81, 32, 19, 3, 11, 8, 0, 7, 60, 0, 0, 68, 0, 0, 0, 0]
1552551281290;[0, 0, 0, 0, 0, 0]
1552551281291;[171, 0, 17, 255, 161, 76, 221, 3, 167, 1, 0, 73, 0, 0, 11, 1, 0, 246, 4, 47]
1552551281457;[171, 0, 17, 255, 161, 76, 221, 3, 167, 1, 0, 73, 0, 0, 10, 1, 0, 249, 4, 23]
1552551281624;[171, 0, 22, 255, 81, 32, 19, 3, 11, 9, 0, 7, 60, 0, 0, 68, 0, 0, 0, 0]
1552551281807;[0, 0, 0, 0, 0, 0]
1552551281808;[171, 0, 22, 255, 81, 32, 19, 3, 11, 16, 0, 13, 88, 0, 0, 126, 0, 0, 0, 0]
1552551281975;[0, 0, 0, 0, 0, 0]
1552551281976;[171, 0, 17, 255, 161, 76, 221, 3, 169, 1, 0, 71, 0, 0, 11, 1, 0, 246, 3, 42]
1552551282142;[171, 0, 17, 255, 161, 76, 221, 3, 169, 1, 0, 71, 0, 0, 9, 1, 0, 248, 3, 25]
1552551282326;[171, 0, 22, 255, 81, 32, 19, 3, 12, 15, 0, 0, 60, 0, 0, 2, 0, 0, 0, 0]
1552551282326;[0, 0, 0, 0, 0, 0]
1552551282659;[171, 0, 17, 255, 161, 76, 221, 3, 169, 1, 0, 71, 0, 0, 11, 1, 0, 247, 3, 11]
1552551282676;[171, 0, 17, 255, 161, 76, 221, 3, 169, 1, 0, 72, 0, 0, 11, 1, 0, 249, 2, 242]
1552551282677;[171, 0, 22, 255, 81, 32, 19, 3, 12, 16, 0, 0, 60, 0, 0, 2, 0, 0, 0, 0]
1552551282843;[0, 0, 0, 0, 0, 0]
1552551282844;[171, 0, 17, 255, 161, 76, 221, 3, 169, 1, 0, 72, 0, 0, 11, 1, 0, 246, 2, 226]
1552551283011;[171, 0, 17, 255, 161, 76, 221, 3, 169, 1, 0, 73, 0, 0, 11, 1, 0, 249, 2, 207]
1552551283011;[171, 0, 22, 255, 81, 32, 19, 3, 12, 17, 0, 0, 60, 0, 0, 2, 0, 0, 0, 0]
1552551283178;[0, 0, 0, 0, 0, 0]
1552551283178;[171, 0, 17, 255, 161, 76, 221, 3, 169, 1, 0, 72, 0, 0, 10, 1, 0, 245, 2, 198]
1552551283362;[171, 0, 17, 255, 161, 76, 221, 3, 170, 1, 0, 73, 0, 0, 11, 1, 0, 247, 2, 194]
1552551283529;[171, 0, 22, 255, 81, 32, 19, 3, 12, 18, 0, 0, 60, 0, 0, 2, 0, 0, 0, 0]
1552551283529;[0, 0, 0, 0, 0, 0]
1552551283696;[171, 0, 17, 255, 161, 76, 221, 3, 170, 1, 0, 71, 0, 0, 11, 1, 0, 246, 2, 187]
1552551283696;[171, 0, 17, 255, 161, 76, 221, 3, 170, 1, 0, 71, 0, 0, 11, 1, 0, 247, 2, 183]
1552551283879;[171, 0, 4, 255, 132, 128, 71]
1552551283880;[171, 0, 22, 255, 81, 32, 19, 3, 12, 19, 0, 0, 60, 0, 0, 2, 0, 0, 0, 0]
1552551284046;[0, 0, 0, 0, 0, 0]
1552551284381;[171, 0, 17, 255, 161, 76, 221, 3, 171, 1, 0, 67, 0, 0, 11, 1, 0, 246, 2, 134]
1552551284398;[171, 0, 17, 255, 161, 76, 221, 3, 171, 1, 0, 72, 0, 0, 11, 1, 0, 245, 2, 153]
1552551284565;[171, 0, 22, 255, 81, 32, 19, 3, 13, 14, 0, 2, 198, 0, 0, 26, 0, 0, 0, 0]
1552551284565;[0, 0, 0, 0, 0, 0]
1552551284732;[171, 0, 17, 255, 161, 76, 221, 3, 171, 1, 0, 72, 0, 0, 11, 1, 0, 242, 2, 180]
1552551284900;[171, 0, 17, 255, 161, 76, 221, 3, 172, 1, 0, 71, 0, 0, 15, 1, 0, 248, 2, 203]
1552551284916;[171, 0, 22, 255, 81, 32, 19, 3, 13, 15, 0, 2, 198, 0, 0, 26, 0, 0, 0, 0]
1552551285083;[0, 0, 0, 0, 0, 0]
1552551285083;[171, 0, 17, 255, 161, 76, 221, 3, 172, 1, 0, 73, 0, 0, 11, 1, 0, 248, 2, 210]
1552551285250;[171, 0, 17, 255, 161, 76, 221, 3, 172, 1, 0, 73, 0, 0, 11, 1, 0, 243, 2, 213]
1552551285251;[171, 0, 4, 255, 132, 128, 71]
1552551285417;[171, 0, 22, 255, 81, 32, 19, 3, 13, 16, 0, 3, 12, 0, 0, 28, 0, 0, 0, 0]
1552551285601;[0, 0, 0, 0, 0, 0]
1552551285601;[171, 0, 17, 255, 161, 76, 221, 3, 172, 1, 0, 67, 0, 0, 10, 1, 0, 246, 2, 218]
1552551285768;[171, 0, 17, 255, 161, 76, 221, 3, 172, 1, 0, 72, 0, 0, 11, 1, 0, 249, 2, 222]
1552551285768;[171, 0, 22, 255, 81, 32, 19, 3, 13, 17, 0, 3, 12, 0, 0, 28, 0, 0, 0, 0]
1552551285935;[0, 0, 0, 0, 0, 0]
1552551286119;[171, 0, 17, 255, 161, 76, 221, 3, 172, 1, 0, 72, 0, 0, 11, 1, 0, 248, 2, 214]
1552551286119;[171, 0, 17, 255, 161, 76, 221, 3, 172, 1, 0, 72, 0, 0, 11, 1, 0, 247, 2, 204]
1552551286286;[171, 0, 22, 255, 81, 32, 19, 3, 13, 18, 0, 3, 12, 0, 0, 28, 0, 0, 0, 0]
1552551286286;[0, 0, 0, 0, 0, 0]
1552551286453;[171, 0, 17, 255, 161, 76, 221, 3, 172, 1, 0, 62, 0, 0, 11, 1, 0, 249, 2, 238]
1552551286454;[171, 0, 17, 255, 161, 76, 221, 3, 172, 1, 0, 71, 0, 0, 16, 1, 0, 246, 3, 28]
1552551286636;[171, 0, 22, 255, 81, 32, 19, 3, 13, 19, 0, 3, 12, 0, 0, 28, 0, 0, 0, 0]
1552551286804;[0, 0, 0, 0, 0, 0]
1552551286804;[171, 0, 17, 255, 161, 76, 221, 3, 172, 1, 0, 71, 0, 0, 11, 1, 0, 248, 3, 63]
1552551286971;[171, 0, 17, 255, 161, 76, 221, 3, 173, 1, 0, 68, 0, 0, 11, 1, 0, 247, 3, 97]
1552551286972;[171, 0, 22, 255, 81, 32, 19, 3, 13, 20, 0, 3, 12, 0, 0, 28, 0, 0, 0, 0]
1552551287154;[0, 0, 0, 0, 0, 0]
1552551287155;[171, 0, 17, 255, 161, 76, 221, 3, 173, 1, 0, 71, 0, 0, 11, 1, 0, 249, 3, 126]
1552551287321;[171, 0, 17, 255, 161, 76, 221, 3, 173, 1, 0, 71, 0, 0, 16, 1, 0, 245, 3, 140]
1552551287489;[171, 0, 4, 255, 132, 128, 71]
1552551287672;[171, 0, 17, 255, 161, 76, 221, 3, 175, 1, 0, 74, 0, 0, 10, 1, 0, 245, 5, 251]
1552551287673;[171, 0, 17, 255, 161, 76, 221, 3, 175, 1, 0, 72, 0, 0, 11, 1, 0, 246, 5, 236]
1552551287840;[171, 0, 4, 255, 132, 128, 70]
1552551288006;[171, 0, 17, 255, 161, 76, 221, 3, 175, 1, 0, 74, 0, 0, 11, 1, 0, 248, 5, 209]
1552551288007;[171, 0, 17, 255, 161, 76, 221, 3, 175, 1, 0, 73, 0, 0, 11, 1, 0, 243, 5, 186]
1552551288191;[171, 0, 17, 255, 161, 76, 221, 3, 175, 1, 0, 74, 0, 0, 11, 1, 0, 243, 5, 217]
1552551288191;[171, 0, 17, 255, 161, 76, 221, 3, 175, 1, 0, 74, 0, 0, 11, 1, 0, 246, 6, 9]
1552551288358;[171, 0, 17, 255, 161, 76, 221, 3, 175, 1, 0, 77, 0, 0, 16, 1, 0, 243, 6, 20]
1552551288358;[171, 0, 17, 255, 161, 76, 221, 3, 175, 1, 0, 77, 0, 0, 11, 1, 0, 243, 6, 48]
1552551288525;[171, 0, 17, 255, 161, 76, 221, 3, 175, 1, 0, 74, 0, 0, 16, 1, 0, 246, 6, 59]
1552551288709;[171, 0, 17, 255, 161, 76, 221, 3, 176, 1, 0, 72, 0, 0, 11, 1, 0, 246, 6, 53]
1552551288709;[171, 0, 17, 255, 161, 76, 221, 3, 176, 1, 0, 77, 0, 0, 16, 1, 0, 243, 6, 29]
1552551288876;[171, 0, 17, 255, 161, 76, 221, 3, 176, 1, 0, 74, 0, 0, 11, 1, 0, 245, 6, 8]
1552551288876;[171, 0, 4, 255, 132, 128, 69]
1552551289043;[171, 0, 17, 255, 161, 76, 221, 3, 176, 1, 0, 77, 0, 0, 16, 1, 0, 247, 6, 7]
1552551289226;[171, 0, 17, 255, 161, 76, 221, 3, 176, 1, 0, 74, 0, 0, 11, 1, 0, 246, 6, 61]
1552551289227;[171, 0, 17, 255, 161, 76, 221, 3, 176, 1, 0, 74, 0, 0, 11, 1, 0, 246, 6, 96]
1552551289393;[171, 0, 17, 255, 161, 76, 221, 3, 176, 1, 0, 73, 0, 0, 11, 1, 0, 248, 6, 121]
1552551289394;[171, 0, 17, 255, 161, 76, 221, 3, 176, 1, 0, 75, 0, 0, 16, 1, 0, 246, 6, 134]
1552551289561;[171, 0, 17, 255, 161, 76, 221, 3, 176, 1, 0, 77, 0, 0, 11, 1, 0, 244, 6, 138]
1552551289561;[171, 0, 17, 255, 161, 76, 221, 3, 176, 1, 0, 75, 0, 0, 16, 1, 0, 245, 6, 152]
1552551289744;[171, 0, 17, 255, 161, 76, 221, 3, 177, 1, 0, 74, 0, 0, 16, 1, 0, 246, 6, 142]
1552551289911;[171, 0, 17, 255, 161, 76, 221, 3, 177, 1, 0, 72, 0, 0, 11, 1, 0, 248, 6, 115]
1552551289912;[171, 0, 17, 255, 161, 76, 221, 3, 177, 1, 0, 75, 0, 0, 11, 1, 0, 243, 6, 125]
1552551290078;[171, 0, 4, 255, 132, 128, 69]
1552551290080;[171, 0, 17, 255, 161, 76, 221, 3, 177, 1, 0, 75, 0, 0, 11, 1, 0, 245, 6, 179]
1552551290263;[171, 0, 17, 255, 161, 76, 221, 3, 177, 1, 0, 75, 0, 0, 11, 1, 0, 243, 6, 206]
1552551290281;[171, 0, 17, 255, 161, 76, 221, 3, 177, 1, 0, 79, 0, 0, 11, 1, 0, 243, 6, 228]
1552551290429;[171, 0, 17, 255, 161, 76, 221, 3, 177, 1, 0, 75, 0, 0, 16, 1, 0, 247, 6, 240]
1552551290597;[171, 0, 17, 255, 161, 76, 221, 3, 177, 1, 0, 73, 0, 0, 11, 1, 0, 243, 6, 239]
1552551290598;[171, 0, 17, 255, 161, 76, 221, 3, 177, 1, 0, 74, 0, 0, 15, 1, 0, 243, 6, 224]
1552551290765;[171, 0, 17, 255, 161, 76, 221, 3, 177, 1, 0, 75, 0, 0, 11, 1, 0, 243, 6, 203]
1552551290782;[171, 0, 17, 255, 161, 76, 221, 3, 178, 1, 0, 75, 0, 0, 16, 1, 0, 243, 6, 191]
1552551290948;[171, 0, 17, 255, 161, 76, 221, 3, 178, 1, 0, 75, 0, 0, 16, 1, 0, 247, 6, 228]
1552551291114;[171, 0, 17, 255, 161, 76, 221, 3, 178, 1, 0, 73, 0, 0, 11, 1, 0, 243, 6, 253]
1552551291115;[171, 0, 4, 255, 132, 128, 68]
1552551291465;[171, 0, 17, 255, 161, 76, 221, 3, 178, 1, 0, 74, 0, 0, 20, 1, 0, 246, 7, 8]
1552551291466;[171, 0, 17, 255, 161, 76, 221, 3, 178, 1, 0, 73, 0, 0, 11, 1, 0, 243, 7, 22]
1552551291466;[171, 0, 17, 255, 161, 76, 221, 3, 178, 1, 0, 75, 0, 0, 11, 1, 0, 247, 7, 3]
1552551291467;[171, 0, 17, 255, 161, 76, 221, 3, 178, 1, 0, 73, 0, 0, 15, 1, 0, 246, 6, 238]
1552551291632;[171, 0, 17, 255, 161, 76, 221, 3, 178, 1, 0, 75, 0, 0, 11, 1, 0, 246, 6, 214]
1552551291983;[171, 0, 17, 255, 161, 76, 221, 3, 178, 1, 0, 73, 0, 0, 16, 1, 0, 249, 6, 172]
1552551291984;[171, 0, 17, 255, 161, 76, 221, 3, 178, 1, 0, 74, 0, 0, 11, 1, 0, 245, 6, 168]
1552551291984;[171, 0, 17, 255, 161, 76, 221, 3, 179, 1, 0, 75, 0, 0, 16, 1, 0, 246, 6, 216]
1552551291985;[171, 0, 17, 255, 161, 76, 221, 3, 179, 1, 0, 77, 0, 0, 11, 1, 0, 246, 6, 242]
1552551292151;[171, 0, 17, 255, 161, 76, 221, 3, 179, 1, 0, 75, 0, 0, 11, 1, 0, 245, 6, 255]
1552551292151;[171, 0, 4, 255, 132, 128, 68]
1552551292501;[171, 0, 17, 255, 161, 76, 221, 3, 179, 1, 0, 77, 0, 0, 16, 1, 0, 243, 7, 7]
1552551292502;[171, 0, 17, 255, 161, 76, 221, 3, 179, 1, 0, 75, 0, 0, 16, 1, 0, 244, 6, 246]
1552551292502;[171, 0, 17, 255, 161, 76, 221, 3, 179, 1, 0, 75, 0, 0, 11, 1, 0, 247, 6, 218]
1552551292669;[171, 0, 17, 255, 161, 76, 221, 3, 179, 1, 0, 74, 0, 0, 11, 1, 0, 246, 6, 192]
1552551292669;[171, 0, 17, 255, 161, 76, 221, 3, 179, 1, 0, 75, 0, 0, 16, 1, 0, 246, 6, 165]
1552551293019;[171, 0, 17, 255, 161, 76, 221, 3, 179, 1, 0, 79, 0, 0, 11, 1, 0, 245, 6, 148]
1552551293020;[171, 0, 17, 255, 161, 76, 221, 3, 179, 1, 0, 79, 0, 0, 11, 1, 0, 246, 6, 176]
1552551293020;[171, 0, 17, 255, 161, 76, 221, 3, 180, 1, 0, 74, 0, 0, 11, 1, 0, 246, 6, 200]
1552551293187;[171, 0, 17, 255, 161, 76, 221, 3, 180, 1, 0, 74, 0, 0, 11, 1, 0, 246, 6, 202]
1552551293188;[171, 0, 17, 255, 161, 76, 221, 3, 180, 1, 0, 73, 0, 0, 11, 1, 0, 243, 6, 206]
1552551293353;[171, 0, 4, 255, 132, 128, 68]
1552551293354;[171, 0, 17, 255, 161, 76, 221, 3, 180, 1, 0, 75, 0, 0, 21, 1, 0, 242, 6, 192]
1552551293537;[171, 0, 17, 255, 161, 76, 221, 3, 180, 1, 0, 74, 0, 0, 11, 1, 0, 248, 6, 169]
1552551293704;[171, 0, 17, 255, 161, 76, 221, 3, 180, 1, 0, 79, 0, 0, 11, 1, 0, 246, 6, 147]
1552551293705;[171, 0, 17, 255, 161, 76, 221, 3, 180, 1, 0, 76, 0, 0, 16, 1, 0, 245, 6, 123]
1552551293872;[171, 0, 17, 255, 161, 76, 221, 3, 180, 1, 0, 73, 0, 0, 10, 1, 0, 246, 6, 158]
1552551293888;[171, 0, 17, 255, 161, 76, 221, 3, 180, 1, 0, 75, 0, 0, 11, 1, 0, 242, 6, 182]
1552551294222;[171, 0, 17, 255, 161, 76, 221, 3, 180, 1, 0, 75, 0, 0, 16, 1, 0, 242, 6, 184]
1552551294223;[171, 0, 17, 255, 161, 76, 221, 3, 181, 1, 0, 75, 0, 0, 15, 1, 0, 244, 6, 174]
1552551294223;[171, 0, 17, 255, 161, 76, 221, 3, 181, 1, 0, 74, 0, 0, 11, 1, 0, 246, 6, 157]
1552551294389;[171, 0, 17, 255, 161, 76, 221, 3, 181, 1, 0, 74, 0, 0, 16, 1, 0, 242, 6, 125]
1552551294390;[171, 0, 4, 255, 132, 128, 68]
1552551294573;[171, 0, 17, 255, 161, 76, 221, 3, 181, 1, 0, 73, 0, 0, 21, 1, 0, 245, 6, 81]
1552551294573;[171, 0, 17, 255, 161, 76, 221, 3, 181, 1, 0, 75, 0, 0, 16, 1, 0, 248, 6, 59]
1552551294740;[171, 0, 17, 255, 161, 76, 221, 3, 181, 1, 0, 75, 0, 0, 11, 1, 0, 246, 6, 86]
1552551294907;[171, 0, 17, 255, 161, 76, 221, 3, 181, 1, 0, 75, 0, 0, 15, 1, 0, 245, 6, 132]
1552551294908;[171, 0, 17, 255, 161, 76, 221, 3, 181, 1, 0, 75, 0, 0, 11, 1, 0, 243, 6, 134]
1552551295091;[171, 0, 17, 255, 161, 76, 221, 3, 181, 1, 0, 79, 0, 0, 11, 1, 0, 244, 6, 150]
1552551295092;[171, 0, 17, 255, 161, 76, 221, 3, 181, 1, 0, 77, 0, 0, 11, 1, 0, 245, 6, 141]
1552551295258;[171, 0, 17, 255, 161, 76, 221, 3, 182, 1, 0, 73, 0, 0, 16, 1, 0, 243, 6, 123]
1552551295259;[171, 0, 17, 255, 161, 76, 221, 3, 182, 1, 0, 73, 0, 0, 11, 1, 0, 248, 6, 88]
1552551295425;[171, 0, 17, 255, 161, 76, 221, 3, 182, 1, 0, 75, 0, 0, 16, 1, 0, 243, 6, 58]
1552551295609;[171, 0, 4, 255, 132, 128, 68]
1552551295610;[171, 0, 17, 255, 161, 76, 221, 3, 182, 1, 0, 75, 0, 0, 11, 1, 0, 242, 6, 87]
1552551295776;[171, 0, 17, 255, 161, 76, 221, 3, 182, 1, 0, 73, 0, 0, 11, 1, 0, 248, 6, 131]
1552551295777;[171, 0, 17, 255, 161, 76, 221, 3, 182, 1, 0, 74, 0, 0, 11, 1, 0, 246, 6, 150]
1552551295943;[171, 0, 17, 255, 161, 76, 221, 3, 182, 1, 0, 75, 0, 0, 11, 1, 0, 243, 6, 163]
1552551296127;[171, 0, 17, 255, 161, 76, 221, 3, 182, 1, 0, 77, 0, 0, 11, 1, 0, 243, 6, 167]
1552551296128;[171, 0, 17, 255, 161, 76, 221, 3, 182, 1, 0, 74, 0, 0, 11, 1, 0, 243, 6, 146]
1552551296294;[171, 0, 17, 255, 161, 76, 221, 3, 182, 1, 0, 74, 0, 0, 11, 1, 0, 243, 6, 129]
1552551296295;[171, 0, 17, 255, 161, 76, 221, 3, 183, 1, 0, 74, 0, 0, 16, 1, 0, 243, 6, 97]
1552551296461;[171, 0, 17, 255, 161, 76, 221, 3, 183, 1, 0, 73, 0, 0, 11, 1, 0, 250, 6, 113]
1552551296462;[171, 0, 17, 255, 161, 76, 221, 3, 183, 1, 0, 73, 0, 0, 11, 1, 0, 245, 6, 152]
1552551296645;[171, 0, 4, 255, 132, 128, 68]
1552551296812;[171, 0, 17, 255, 161, 76, 221, 3, 183, 1, 0, 73, 0, 0, 11, 1, 0, 243, 6, 160]
1552551296812;[171, 0, 17, 255, 161, 76, 221, 3, 183, 1, 0, 77, 0, 0, 11, 1, 0, 243, 6, 167]
1552551296979;[171, 0, 17, 255, 161, 76, 221, 3, 183, 1, 0, 75, 0, 0, 16, 1, 0, 249, 6, 159]
1552551296980;[171, 0, 17, 255, 161, 76, 221, 3, 183, 1, 0, 73, 0, 0, 16, 1, 0, 247, 6, 129]
1552551297146;[171, 0, 17, 255, 161, 76, 221, 3, 183, 1, 0, 73, 0, 0, 16, 1, 0, 243, 6, 102]
1552551297330;[171, 0, 17, 255, 161, 76, 221, 3, 183, 1, 0, 74, 0, 0, 20, 1, 0, 246, 6, 71]
1552551297330;[171, 0, 17, 255, 161, 76, 221, 3, 183, 1, 0, 74, 0, 0, 16, 1, 0, 246, 6, 37]
1552551297497;[171, 0, 17, 255, 161, 76, 221, 3, 184, 1, 0, 74, 0, 0, 11, 1, 0, 249, 6, 75]
1552551297498;[171, 0, 17, 255, 161, 76, 221, 3, 184, 1, 0, 79, 0, 0, 20, 1, 0, 242, 6, 111]
1552551297664;[171, 0, 17, 255, 161, 76, 221, 3, 184, 1, 0, 76, 0, 0, 11, 1, 0, 243, 6, 130]
1552551297680;[171, 0, 4, 255, 132, 128, 68]
1552551297848;[171, 0, 17, 255, 161, 76, 221, 3, 184, 1, 0, 73, 0, 0, 16, 1, 0, 246, 6, 132]
1552551298015;[171, 0, 17, 255, 161, 76, 221, 3, 184, 1, 0, 74, 0, 0, 16, 1, 0, 249, 6, 112]
1552551298016;[171, 0, 17, 255, 161, 76, 221, 3, 184, 1, 0, 79, 0, 0, 16, 1, 0, 243, 6, 91]
1552551298182;[171, 0, 17, 255, 161, 76, 221, 3, 184, 1, 0, 77, 0, 0, 16, 1, 0, 243, 6, 46]
1552551298199;[171, 0, 17, 255, 161, 76, 221, 3, 184, 1, 0, 74, 0, 0, 11, 1, 0, 243, 5, 250]
1552551298533;[171, 0, 17, 255, 161, 76, 221, 3, 184, 1, 0, 74, 0, 0, 11, 1, 0, 243, 5, 201]
1552551298533;[171, 0, 17, 255, 161, 76, 221, 3, 184, 1, 0, 77, 0, 0, 10, 1, 0, 243, 5, 182]
1552551298534;[171, 0, 17, 255, 161, 76, 221, 3, 185, 1, 0, 74, 0, 0, 11, 1, 0, 245, 5, 199]
1552551298701;[171, 0, 17, 255, 161, 76, 221, 3, 185, 1, 0, 73, 0, 0, 16, 1, 0, 249, 5, 202]
1552551298716;[171, 0, 17, 255, 161, 76, 221, 3, 185, 1, 0, 75, 0, 0, 11, 1, 0, 248, 5, 190]
1552551298884;[171, 0, 4, 255, 132, 128, 68]
1552551298885;[171, 0, 17, 255, 161, 76, 221, 3, 185, 1, 0, 74, 0, 0, 11, 1, 0, 243, 5, 170]
1552551299051;[171, 0, 17, 255, 161, 76, 221, 3, 185, 1, 0, 79, 0, 0, 11, 1, 0, 243, 5, 137]
1552551299052;[171, 0, 17, 255, 161, 76, 221, 3, 185, 1, 0, 75, 0, 0, 11, 1, 0, 246, 5, 101]
1552551299218;[171, 0, 17, 255, 161, 76, 221, 3, 185, 1, 0, 73, 0, 0, 11, 1, 0, 248, 5, 64]
1552551299402;[171, 0, 17, 255, 161, 76, 221, 3, 185, 1, 0, 74, 0, 0, 16, 1, 0, 243, 5, 14]
1552551299403;[171, 0, 17, 255, 161, 76, 221, 3, 185, 1, 0, 74, 0, 0, 11, 1, 0, 246, 4, 225]
1552551299569;[171, 0, 17, 255, 161, 76, 221, 3, 185, 1, 0, 77, 0, 0, 11, 1, 0, 242, 4, 226]
1552551299570;[171, 0, 17, 255, 161, 76, 221, 3, 186, 1, 0, 73, 0, 0, 16, 1, 0, 245, 4, 220]
1552551299736;[171, 0, 17, 255, 161, 76, 221, 3, 186, 1, 0, 77, 0, 0, 16, 1, 0, 245, 4, 193]
1552551299920;[171, 0, 17, 255, 161, 76, 221, 3, 186, 1, 0, 74, 0, 0, 16, 1, 0, 248, 4, 173]
1552551299920;[171, 0, 4, 255, 132, 128, 69]
1552551300087;[171, 0, 17, 255, 161, 76, 221, 3, 186, 1, 0, 74, 0, 0, 11, 1, 0, 245, 4, 140]
1552551300087;[171, 0, 17, 255, 161, 76, 221, 3, 186, 1, 0, 75, 0, 0, 11, 1, 0, 245, 4, 91]
1552551300253;[171, 0, 17, 255, 161, 76, 221, 3, 186, 1, 0, 75, 0, 0, 16, 1, 0, 245, 4, 42]
1552551300254;[171, 0, 17, 255, 161, 76, 221, 3, 186, 1, 0, 74, 0, 0, 16, 1, 0, 246, 3, 252]
1552551300437;[171, 0, 17, 255, 161, 76, 221, 3, 186, 1, 0, 73, 0, 0, 11, 1, 0, 243, 3, 203]
1552551300771;[171, 0, 17, 255, 161, 76, 221, 3, 186, 1, 0, 79, 0, 0, 16, 1, 0, 242, 3, 182]
1552551300772;[171, 0, 17, 255, 161, 76, 221, 3, 186, 1, 0, 77, 0, 0, 16, 1, 0, 246, 3, 172]
1552551300772;[171, 0, 17, 255, 161, 76, 221, 3, 187, 1, 0, 73, 0, 0, 11, 1, 0, 245, 3, 158]
1552551300772;[171, 0, 17, 255, 161, 76, 221, 3, 187, 1, 0, 74, 0, 0, 11, 1, 0, 245, 3, 140]
1552551300956;[171, 0, 17, 255, 161, 76, 221, 3, 187, 1, 0, 66, 0, 0, 16, 1, 0, 248, 3, 94]
1552551300957;[171, 0, 4, 255, 132, 128, 69]
1552551301123;[171, 0, 17, 255, 161, 76, 221, 3, 187, 1, 0, 74, 0, 0, 11, 1, 0, 245, 3, 47]
1552551301290;[171, 0, 17, 255, 161, 76, 221, 3, 187, 1, 0, 73, 0, 0, 11, 1, 0, 248, 2, 233]
1552551301290;[171, 0, 17, 255, 161, 76, 221, 3, 187, 1, 0, 74, 0, 0, 16, 1, 0, 246, 2, 170]
1552551301473;[171, 0, 17, 255, 161, 76, 221, 3, 187, 1, 0, 73, 0, 0, 16, 1, 0, 245, 2, 97]
1552551301474;[171, 0, 17, 255, 161, 76, 221, 3, 187, 1, 0, 73, 0, 0, 11, 1, 0, 246, 2, 44]
1552551301641;[171, 0, 17, 255, 161, 76, 221, 3, 187, 1, 0, 66, 0, 0, 11, 1, 0, 249, 2, 17]
1552551301808;[171, 0, 17, 255, 161, 76, 221, 3, 187, 1, 0, 79, 0, 0, 11, 1, 0, 246, 2, 20]
1552551301808;[171, 0, 17, 255, 161, 76, 221, 3, 192, 1, 0, 75, 0, 0, 11, 1, 0, 243, 2, 31]
1552551301991;[171, 0, 17, 255, 161, 76, 221, 3, 192, 1, 0, 75, 0, 0, 16, 1, 0, 249, 2, 24]
1552551301992;[171, 0, 17, 255, 161, 76, 221, 3, 192, 1, 0, 75, 0, 0, 16, 1, 0, 249, 2, 0]
1552551302325;[171, 0, 4, 255, 132, 128, 69]
1552551302326;[171, 0, 17, 255, 161, 76, 221, 3, 192, 1, 0, 67, 0, 0, 11, 1, 0, 246, 1, 211]
1552551302327;[171, 0, 17, 255, 161, 76, 221, 3, 192, 1, 0, 75, 0, 0, 11, 1, 0, 246, 1, 153]
1552551302492;[171, 0, 17, 255, 161, 76, 221, 3, 192, 1, 0, 79, 0, 0, 21, 1, 0, 246, 1, 116]
1552551302509;[171, 0, 17, 255, 161, 76, 221, 3, 192, 1, 0, 82, 0, 0, 11, 1, 0, 245, 1, 114]
1552551302676;[171, 0, 17, 255, 161, 76, 221, 3, 192, 1, 0, 77, 0, 0, 16, 1, 0, 245, 1, 131]
1552551302677;[171, 0, 17, 255, 161, 76, 221, 3, 192, 1, 0, 82, 0, 0, 16, 1, 0, 246, 1, 149]
1552551302843;[171, 0, 17, 255, 161, 76, 221, 3, 192, 1, 0, 82, 0, 0, 16, 1, 0, 241, 1, 162]
1552551303011;[171, 0, 17, 255, 161, 76, 221, 3, 193, 1, 0, 81, 0, 0, 16, 1, 0, 243, 1, 168]
1552551303027;[171, 0, 17, 255, 161, 76, 221, 3, 193, 1, 0, 77, 0, 0, 11, 1, 0, 246, 1, 166]
1552551303194;[171, 0, 17, 255, 161, 76, 221, 3, 193, 1, 0, 81, 0, 0, 11, 1, 0, 243, 1, 164]
1552551303195;[171, 0, 4, 255, 132, 128, 68]
1552551303361;[171, 0, 17, 255, 161, 76, 221, 3, 193, 1, 0, 81, 0, 0, 11, 1, 0, 244, 1, 164]
1552551303362;[171, 0, 17, 255, 161, 76, 221, 3, 193, 1, 0, 79, 0, 0, 11, 1, 0, 243, 1, 152]
1552551303529;[171, 0, 17, 255, 161, 76, 221, 3, 193, 1, 0, 75, 0, 0, 20, 1, 0, 243, 1, 135]
1552551303712;[171, 0, 17, 255, 161, 76, 221, 3, 193, 1, 0, 79, 0, 0, 16, 1, 0, 244, 1, 161]
1552551303712;[171, 0, 17, 255, 161, 76, 221, 3, 193, 1, 0, 75, 0, 0, 16, 1, 0, 243, 1, 187]
1552551304046;[171, 0, 17, 255, 161, 76, 221, 3, 193, 1, 0, 77, 0, 0, 11, 1, 0, 242, 1, 206]
1552551304047;[171, 0, 17, 255, 161, 76, 221, 3, 193, 1, 0, 79, 0, 0, 16, 1, 0, 246, 1, 211]
1552551304231;[171, 0, 17, 255, 161, 76, 221, 3, 194, 1, 0, 79, 0, 0, 16, 1, 0, 245, 1, 217]
1552551304397;[171, 0, 17, 255, 161, 76, 221, 3, 194, 1, 0, 79, 0, 0, 11, 1, 0, 245, 1, 222]
1552551304398;[171, 0, 17, 255, 161, 76, 221, 3, 194, 1, 0, 75, 0, 0, 11, 1, 0, 245, 1, 219]
1552551304398;[171, 0, 4, 255, 132, 128, 68]
1552551304399;[171, 0, 17, 255, 161, 76, 221, 3, 194, 1, 0, 79, 0, 0, 11, 1, 0, 244, 1, 197]
1552551304564;[171, 0, 17, 255, 161, 76, 221, 3, 194, 1, 0, 79, 0, 0, 15, 1, 0, 245, 1, 206]
1552551304581;[171, 0, 17, 255, 161, 76, 221, 3, 194, 1, 0, 77, 0, 0, 11, 1, 0, 248, 1, 236]
1552551304749;[171, 0, 17, 255, 161, 76, 221, 3, 194, 1, 0, 77, 0, 0, 11, 1, 0, 245, 2, 1]
1552551304915;[171, 0, 17, 255, 161, 76, 221, 3, 194, 1, 0, 73, 0, 0, 16, 1, 0, 245, 2, 7]
1552551304915;[171, 0, 17, 255, 161, 76, 221, 3, 194, 1, 0, 82, 0, 0, 16, 1, 0, 244, 2, 20]
1552551305083;[171, 0, 17, 255, 161, 76, 221, 3, 194, 1, 0, 77, 0, 0, 16, 1, 0, 243, 2, 19]
1552551305083;[171, 0, 17, 255, 161, 76, 221, 3, 195, 1, 0, 79, 0, 0, 16, 1, 0, 243, 2, 5]
1552551305266;[171, 0, 17, 255, 161, 76, 221, 3, 195, 1, 0, 75, 0, 0, 16, 1, 0, 243, 1, 245]
1552551305267;[171, 0, 17, 255, 161, 76, 221, 3, 195, 1, 0, 77, 0, 0, 16, 1, 0, 242, 1, 239]
1552551305433;[171, 0, 4, 255, 132, 128, 68]
1552551305600;[171, 0, 17, 255, 161, 76, 221, 3, 195, 1, 0, 78, 0, 0, 20, 1, 0, 248, 2, 22]
1552551305600;[171, 0, 17, 255, 161, 76, 221, 3, 195, 1, 0, 77, 0, 0, 11, 1, 0, 245, 2, 40]
1552551305784;[171, 0, 17, 255, 161, 76, 221, 3, 195, 1, 0, 81, 0, 0, 11, 1, 0, 246, 2, 60]
1552551305784;[171, 0, 17, 255, 161, 76, 221, 3, 195, 1, 0, 82, 0, 0, 11, 1, 0, 243, 2, 67]
1552551305951;[171, 0, 17, 255, 161, 76, 221, 3, 195, 1, 0, 81, 0, 0, 16, 1, 0, 245, 2, 64]
1552551305952;[171, 0, 17, 255, 161, 76, 221, 3, 195, 1, 0, 77, 0, 0, 16, 1, 0, 245, 2, 68]
1552551306119;[171, 0, 17, 255, 161, 76, 221, 3, 195, 1, 0, 75, 0, 0, 11, 1, 0, 243, 2, 48]
1552551306302;[171, 0, 17, 255, 161, 76, 221, 3, 196, 1, 0, 75, 0, 0, 11, 1, 0, 246, 2, 27]
1552551306469;[171, 0, 17, 255, 161, 76, 221, 3, 196, 1, 0, 75, 0, 0, 16, 1, 0, 243, 2, 39]
1552551306636;[171, 0, 17, 255, 161, 76, 221, 3, 196, 1, 0, 75, 0, 0, 11, 1, 0, 242, 2, 78]
1552551306636;[171, 0, 4, 255, 132, 128, 68]
1552551306637;[171, 0, 17, 255, 161, 76, 221, 3, 196, 1, 0, 75, 0, 0, 11, 1, 0, 245, 2, 89]
1552551306820;[171, 0, 17, 255, 161, 76, 221, 3, 196, 1, 0, 77, 0, 0, 11, 1, 0, 248, 2, 94]
1552551306820;[171, 0, 17, 255, 161, 76, 221, 3, 196, 1, 0, 79, 0, 0, 16, 1, 0, 246, 2, 96]
1552551306987;[171, 0, 17, 255, 161, 76, 221, 3, 196, 1, 0, 75, 0, 0, 11, 1, 0, 242, 2, 89]
1552551306988;[171, 0, 17, 255, 161, 76, 221, 3, 196, 1, 0, 75, 0, 0, 16, 1, 0, 243, 2, 74]
1552551307155;[171, 0, 17, 255, 161, 76, 221, 3, 196, 1, 0, 74, 0, 0, 11, 1, 0, 243, 2, 54]
1552551307155;[171, 0, 17, 255, 161, 76, 221, 3, 196, 1, 0, 76, 0, 0, 11, 1, 0, 243, 2, 30]
1552551307338;[171, 0, 17, 255, 161, 76, 221, 3, 197, 1, 0, 79, 0, 0, 11, 1, 0, 243, 2, 51]
1552551307505;[171, 0, 17, 255, 161, 76, 221, 3, 197, 1, 0, 79, 0, 0, 15, 1, 0, 246, 2, 76]
1552551307505;[171, 0, 17, 255, 161, 76, 221, 3, 197, 1, 0, 79, 0, 0, 11, 1, 0, 246, 2, 68]
1552551307856;[171, 0, 4, 255, 132, 128, 68]
1552551307857;[171, 0, 17, 255, 161, 76, 221, 3, 197, 1, 0, 75, 0, 0, 11, 1, 0, 249, 2, 66]
1552551307857;[171, 0, 17, 255, 161, 76, 221, 3, 197, 1, 0, 75, 0, 0, 11, 1, 0, 246, 2, 61]
1552551307858;[171, 0, 17, 255, 161, 76, 221, 3, 197, 1, 0, 74, 0, 0, 11, 1, 0, 245, 2, 42]
1552551308023;[171, 0, 17, 255, 161, 76, 221, 3, 197, 1, 0, 75, 0, 0, 11, 1, 0, 243, 2, 18]
1552551308190;[171, 0, 17, 255, 161, 76, 221, 3, 197, 1, 0, 76, 0, 0, 11, 1, 0, 243, 1, 252]
1552551308191;[171, 0, 17, 255, 161, 76, 221, 3, 197, 1, 0, 79, 0, 0, 16, 1, 0, 245, 1, 239]
1552551308374;[171, 0, 17, 255, 161, 76, 221, 3, 197, 1, 0, 79, 0, 0, 11, 1, 0, 242, 1, 251]
1552551308375;[171, 0, 17, 255, 161, 76, 221, 3, 198, 1, 0, 77, 0, 0, 16, 1, 0, 244, 2, 5]
1552551308541;[171, 0, 17, 255, 161, 76, 221, 3, 198, 1, 0, 75, 0, 0, 20, 1, 0, 245, 1, 251]
1552551308708;[171, 0, 17, 255, 161, 76, 221, 3, 198, 1, 0, 77, 0, 0, 16, 1, 0, 246, 1, 252]
1552551308709;[171, 0, 4, 255, 132, 128, 68]
1552551308876;[171, 0, 17, 255, 161, 76, 221, 3, 198, 1, 0, 81, 0, 0, 21, 1, 0, 246, 1, 241]
1552551308892;[171, 0, 17, 255, 161, 76, 221, 3, 198, 1, 0, 79, 0, 0, 11, 1, 0, 246, 1, 211]
1552551309059;[171, 0, 17, 255, 161, 76, 221, 3, 198, 1, 0, 75, 0, 0, 11, 1, 0, 245, 1, 183]
1552551309060;[171, 0, 17, 255, 161, 76, 221, 3, 198, 1, 0, 80, 0, 0, 11, 1, 0, 241, 1, 163]
1552551309227;[171, 0, 17, 255, 161, 76, 221, 3, 198, 1, 0, 77, 0, 0, 16, 1, 0, 243, 1, 135]
1552551309577;[171, 0, 17, 255, 161, 76, 221, 3, 198, 1, 0, 76, 0, 0, 11, 1, 0, 243, 1, 154]
1552551309578;[171, 0, 17, 255, 161, 76, 221, 3, 198, 1, 0, 75, 0, 0, 11, 1, 0, 246, 1, 160]
1552551309578;[171, 0, 17, 255, 161, 76, 221, 3, 199, 1, 0, 76, 0, 0, 20, 1, 0, 246, 1, 150]
1552551309579;[171, 0, 17, 255, 161, 76, 221, 3, 199, 1, 0, 79, 0, 0, 11, 1, 0, 243, 1, 157]
1552551310095;[171, 0, 17, 255, 161, 76, 221, 3, 201, 1, 0, 77, 0, 0, 16, 1, 0, 243, 0, 230]
1552551310095;[171, 0, 17, 255, 161, 76, 221, 3, 201, 1, 0, 79, 0, 0, 11, 1, 0, 245, 0, 237]
1552551310096;[171, 0, 17, 255, 161, 76, 221, 3, 201, 1, 0, 75, 0, 0, 11, 1, 0, 243, 1, 6]
1552551310272;[171, 0, 17, 255, 161, 76, 221, 3, 201, 1, 0, 74, 0, 0, 11, 1, 0, 245, 1, 23]
1552551310273;[171, 0, 17, 255, 161, 76, 221, 3, 201, 1, 0, 75, 0, 0, 16, 1, 0, 248, 1, 33]
1552551310430;[171, 0, 17, 255, 161, 76, 221, 3, 201, 1, 0, 75, 0, 0, 15, 1, 0, 245, 1, 23]
1552551310613;[171, 0, 17, 255, 161, 76, 221, 3, 201, 1, 0, 79, 0, 0, 11, 1, 0, 242, 1, 22]
1552551310614;[171, 0, 17, 255, 161, 76, 221, 3, 202, 1, 0, 74, 0, 0, 20, 1, 0, 246, 1, 7]
1552551310780;[171, 0, 17, 255, 161, 76, 221, 3, 202, 1, 0, 75, 0, 0, 11, 1, 0, 243, 1, 1]
1552551310780;[171, 0, 17, 255, 161, 76, 221, 3, 202, 1, 0, 75, 0, 0, 11, 1, 0, 247, 0, 242]
1552551310947;[171, 0, 4, 255, 132, 128, 68]
1552551310948;[171, 0, 17, 255, 161, 76, 221, 3, 202, 1, 0, 75, 0, 0, 11, 1, 0, 244, 1, 22]
1552551311131;[171, 0, 17, 255, 161, 76, 221, 3, 202, 1, 0, 74, 0, 0, 16, 1, 0, 246, 1, 43]
1552551311298;[171, 0, 17, 255, 161, 76, 221, 3, 202, 1, 0, 75, 0, 0, 16, 1, 0, 243, 1, 60]
1552551311299;[171, 0, 17, 255, 161, 76, 221, 3, 202, 1, 0, 75, 0, 0, 11, 1, 0, 247, 1, 64]
1552551311465;[171, 0, 17, 255, 161, 76, 221, 3, 202, 1, 0, 74, 0, 0, 11, 1, 0, 249, 1, 75]
1552551311466;[171, 0, 17, 255, 161, 76, 221, 3, 202, 1, 0, 75, 0, 0, 20, 1, 0, 245, 1, 65]
1552551311649;[171, 0, 17, 255, 161, 76, 221, 3, 202, 1, 0, 77, 0, 0, 11, 1, 0, 243, 1, 65]
1552551311816;[171, 0, 17, 255, 161, 76, 221, 3, 203, 1, 0, 79, 0, 0, 16, 1, 0, 242, 1, 44]
1552551311817;[171, 0, 17, 255, 161, 76, 221, 3, 203, 1, 0, 79, 0, 0, 16, 1, 0, 249, 1, 80]
1552551311983;[171, 0, 17, 255, 161, 76, 221, 3, 203, 1, 0, 75, 0, 0, 15, 1, 0, 246, 1, 113]
1552551311983;[171, 0, 4, 255, 132, 128, 68]
1552551312335;[171, 0, 17, 255, 161, 76, 221, 3, 203, 1, 0, 73, 0, 0, 16, 1, 0, 242, 1, 131]
1552551312335;[171, 0, 17, 255, 161, 76, 221, 3, 203, 1, 0, 74, 0, 0, 16, 1, 0, 249, 1, 153]
1552551312336;[171, 0, 17, 255, 161, 76, 221, 3, 203, 1, 0, 74, 0, 0, 16, 1, 0, 243, 1, 163]
1552551312501;[171, 0, 17, 255, 161, 76, 221, 3, 203, 1, 0, 77, 0, 0, 11, 1, 0, 246, 1, 156]
1552551312502;[171, 0, 17, 255, 161, 76, 221, 3, 203, 1, 0, 77, 0, 0, 16, 1, 0, 245, 1, 147]
1552551312685;[171, 0, 17, 255, 161, 76, 221, 3, 203, 1, 0, 77, 0, 0, 11, 1, 0, 246, 1, 139]
1552551312685;[171, 0, 17, 255, 161, 76, 221, 3, 203, 1, 0, 75, 0, 0, 16, 1, 0, 243, 1, 141]
1552551312852;[171, 0, 17, 255, 161, 76, 221, 3, 204, 1, 0, 79, 0, 0, 20, 1, 0, 245, 1, 183]
1552551312852;[171, 0, 17, 255, 161, 76, 221, 3, 204, 1, 0, 77, 0, 0, 16, 1, 0, 245, 1, 214]
1552551313019;[171, 0, 17, 255, 161, 76, 221, 3, 204, 1, 0, 75, 0, 0, 11, 1, 0, 242, 1, 239]
1552551313202;[171, 0, 4, 255, 132, 128, 68]
1552551313203;[171, 0, 17, 255, 161, 76, 221, 3, 204, 1, 0, 75, 0, 0, 21, 1, 0, 247, 2, 1]
1552551313370;[171, 0, 17, 255, 161, 76, 221, 3, 204, 1, 0, 75, 0, 0, 15, 1, 0, 243, 2, 2]
1552551313371;[171, 0, 17, 255, 161, 76, 221, 3, 204, 1, 0, 75, 0, 0, 11, 1, 0, 243, 1, 255]
1552551313537;[171, 0, 17, 255, 161, 76, 221, 3, 204, 1, 0, 75, 0, 0, 16, 1, 0, 244, 1, 240]
1552551313721;[171, 0, 17, 255, 161, 76, 221, 3, 204, 1, 0, 77, 0, 0, 11, 1, 0, 245, 1, 229]
1552551313721;[171, 0, 17, 255, 161, 76, 221, 3, 204, 1, 0, 79, 0, 0, 11, 1, 0, 246, 1, 233]
1552551313888;[171, 0, 17, 255, 161, 76, 221, 3, 204, 1, 0, 77, 0, 0, 16, 1, 0, 245, 2, 33]
1552551313889;[171, 0, 17, 255, 161, 76, 221, 3, 205, 1, 0, 75, 0, 0, 11, 1, 0, 245, 2, 62]
1552551314055;[171, 0, 17, 255, 161, 76, 221, 3, 205, 1, 0, 75, 0, 0, 11, 1, 0, 246, 2, 83]
1552551314055;[171, 0, 17, 255, 161, 76, 221, 3, 205, 1, 0, 75, 0, 0, 16, 1, 0, 248, 2, 98]
1552551314239;[171, 0, 4, 255, 132, 128, 68]
1552551314406;[171, 0, 17, 255, 161, 76, 221, 3, 205, 1, 0, 74, 0, 0, 11, 1, 0, 243, 2, 88]
1552551314406;[171, 0, 17, 255, 161, 76, 221, 3, 205, 1, 0, 74, 0, 0, 20, 1, 0, 245, 2, 79]
1552551314573;[171, 0, 17, 255, 161, 76, 221, 3, 205, 1, 0, 82, 0, 0, 11, 1, 0, 246, 2, 64]
1552551314574;[171, 0, 17, 255, 161, 76, 221, 3, 205, 1, 0, 77, 0, 0, 20, 1, 0, 245, 2, 45]
1552551314758;[171, 0, 17, 255, 161, 76, 221, 3, 205, 1, 0, 79, 0, 0, 11, 1, 0, 246, 2, 86]
1552551314759;[171, 0, 17, 255, 161, 76, 221, 3, 205, 1, 0, 75, 0, 0, 11, 1, 0, 246, 2, 113]
1552551314924;[171, 0, 17, 255, 161, 76, 221, 3, 205, 1, 0, 74, 0, 0, 16, 1, 0, 245, 2, 126]
1552551315091;[171, 0, 17, 255, 161, 76, 221, 3, 206, 1, 0, 75, 0, 0, 16, 1, 0, 242, 2, 119]
1552551315092;[171, 0, 17, 255, 161, 76, 221, 3, 206, 1, 0, 75, 0, 0, 11, 1, 0, 243, 2, 107]
1552551315275;[171, 0, 17, 255, 161, 76, 221, 3, 206, 1, 0, 79, 0, 0, 16, 1, 0, 243, 2, 93]
1552551315277;[171, 0, 4, 255, 132, 128, 68]
1552551315442;[171, 0, 17, 255, 161, 76, 221, 3, 206, 1, 0, 79, 0, 0, 20, 1, 0, 243, 2, 61]
1552551315609;[171, 0, 17, 255, 161, 76, 221, 3, 206, 1, 0, 75, 0, 0, 11, 1, 0, 243, 2, 33]
1552551315609;[171, 0, 17, 255, 161, 76, 221, 3, 206, 1, 0, 77, 0, 0, 16, 1, 0, 243, 2, 20]
1552551315776;[171, 0, 17, 255, 161, 76, 221, 3, 206, 1, 0, 75, 0, 0, 16, 1, 0, 245, 2, 40]
1552551315792;[171, 0, 17, 255, 161, 76, 221, 3, 206, 1, 0, 75, 0, 0, 11, 1, 0, 246, 2, 52]
1552551315960;[171, 0, 17, 255, 161, 76, 221, 3, 206, 1, 0, 75, 0, 0, 11, 1, 0, 243, 2, 50]
1552551315961;[171, 0, 17, 255, 161, 76, 221, 3, 206, 1, 0, 74, 0, 0, 11, 1, 0, 245, 2, 49]
1552551316127;[171, 0, 17, 255, 161, 76, 221, 3, 207, 1, 0, 75, 0, 0, 16, 1, 0, 243, 2, 35]
1552551316294;[171, 0, 17, 255, 161, 76, 221, 3, 207, 1, 0, 74, 0, 0, 11, 1, 0, 245, 2, 14]
1552551316311;[171, 0, 17, 255, 161, 76, 221, 3, 207, 1, 0, 75, 0, 0, 16, 1, 0, 244, 1, 243]
1552551316478;[171, 0, 4, 255, 132, 128, 68]
1552551316479;[171, 0, 17, 255, 161, 76, 221, 3, 207, 1, 0, 77, 0, 0, 16, 1, 0, 247, 1, 196]
1552551316645;[171, 0, 17, 255, 161, 76, 221, 3, 207, 1, 0, 77, 0, 0, 16, 1, 0, 243, 1, 175]
1552551316812;[171, 0, 17, 255, 161, 76, 221, 3, 207, 1, 0, 75, 0, 0, 11, 1, 0, 243, 1, 192]
1552551316829;[171, 0, 17, 255, 161, 76, 221, 3, 207, 1, 0, 79, 0, 0, 16, 1, 0, 249, 1, 189]
1552551316996;[171, 0, 17, 255, 161, 76, 221, 3, 207, 1, 0, 79, 0, 0, 15, 1, 0, 246, 1, 184]
1552551316996;[171, 0, 17, 255, 161, 76, 221, 3, 207, 1, 0, 79, 0, 0, 20, 1, 0, 243, 1, 173]
1552551317163;[171, 0, 17, 255, 161, 76, 221, 3, 207, 1, 0, 75, 0, 0, 11, 1, 0, 246, 1, 157]
1552551317163;[171, 0, 17, 255, 161, 76, 221, 3, 208, 1, 0, 77, 0, 0, 16, 1, 0, 245, 1, 134]
1552551317330;[171, 0, 17, 255, 161, 76, 221, 3, 208, 1, 0, 77, 0, 0, 11, 1, 0, 245, 1, 97]
1552551317513;[171, 0, 17, 255, 161, 76, 221, 3, 208, 1, 0, 74, 0, 0, 11, 1, 0, 243, 1, 63]
1552551317514;[171, 0, 4, 255, 132, 128, 68]
1552551317681;[171, 0, 17, 255, 161, 76, 221, 3, 208, 1, 0, 75, 0, 0, 11, 1, 0, 246, 1, 48]
1552551317681;[171, 0, 17, 255, 161, 76, 221, 3, 208, 1, 0, 77, 0, 0, 11, 1, 0, 243, 1, 54]
1552551317901;[171, 0, 17, 255, 161, 76, 221, 3, 208, 1, 0, 75, 0, 0, 20, 1, 0, 246, 1, 41]
1552551317904;[171, 0, 17, 255, 161, 76, 221, 3, 208, 1, 0, 75, 0, 0, 16, 1, 0, 243, 1, 30]
1552551318032;[171, 0, 17, 255, 161, 76, 221, 3, 208, 1, 0, 75, 0, 0, 11, 1, 0, 243, 1, 1]
1552551318366;[171, 0, 17, 255, 161, 76, 221, 3, 208, 1, 0, 75, 0, 0, 16, 1, 0, 246, 0, 227]
1552551318366;[171, 0, 17, 255, 161, 76, 221, 3, 208, 1, 0, 75, 0, 0, 11, 1, 0, 243, 0, 202]
1552551318383;[171, 0, 17, 255, 161, 76, 221, 3, 209, 1, 0, 77, 0, 0, 11, 1, 0, 246, 16, 156]
1552551318383;[171, 0, 17, 255, 161, 76, 221, 3, 209, 1, 0, 79, 0, 0, 16, 1, 0, 242, 7, 185]
1552551318534;[171, 0, 17, 255, 161, 76, 221, 3, 209, 1, 0, 79, 0, 0, 11, 1, 0, 243, 7, 181]
1552551319051;[171, 0, 4, 255, 132, 128, 68]
1552551319069;[171, 0, 17, 255, 161, 76, 221, 3, 209, 1, 0, 75, 0, 0, 20, 1, 0, 243, 7, 167]
1552551319070;[171, 0, 17, 255, 161, 76, 221, 3, 209, 1, 0, 77, 0, 0, 16, 1, 0, 242, 7, 153]
1552551319070;[171, 0, 17, 255, 161, 76, 221, 3, 209, 1, 0, 75, 0, 0, 16, 1, 0, 245, 7, 129]
1552551319070;[171, 0, 17, 255, 161, 76, 221, 3, 209, 1, 0, 77, 0, 0, 16, 1, 0, 243, 7, 108]
1552551319071;[171, 0, 17, 255, 161, 76, 221, 3, 209, 1, 0, 81, 0, 0, 15, 1, 0, 243, 7, 79]
1552551319224;[171, 0, 17, 255, 161, 76, 221, 3, 209, 1, 0, 79, 0, 0, 11, 1, 0, 244, 7, 43]
1552551319396;[171, 0, 17, 255, 161, 76, 221, 3, 209, 1, 0, 74, 0, 0, 16, 1, 0, 245, 7, 5]
1552551319398;[171, 0, 17, 255, 161, 76, 221, 3, 210, 1, 0, 77, 0, 0, 11, 1, 0, 243, 6, 239]
1552551319569;[171, 0, 17, 255, 161, 76, 221, 3, 210, 1, 0, 75, 0, 0, 11, 1, 0, 245, 6, 243]
1552551319571;[171, 0, 17, 255, 161, 76, 221, 3, 210, 1, 0, 79, 0, 0, 11, 1, 0, 247, 6, 218]
1552551319914;[171, 0, 4, 255, 132, 128, 68]
1552551319916;[171, 0, 17, 255, 161, 76, 221, 3, 210, 1, 0, 77, 0, 0, 11, 1, 0, 243, 6, 207]
1552551319917;[171, 0, 17, 255, 161, 76, 221, 3, 210, 1, 0, 75, 0, 0, 11, 1, 0, 243, 6, 192]
1552551320086;[171, 0, 17, 255, 161, 76, 221, 3, 210, 1, 0, 75, 0, 0, 16, 1, 0, 249, 6, 159]
1552551320088;[171, 0, 17, 255, 161, 76, 221, 3, 210, 1, 0, 74, 0, 0, 11, 1, 0, 243, 6, 140]
1552551320259;[171, 0, 17, 255, 161, 76, 221, 3, 210, 1, 0, 81, 0, 0, 16, 1, 0, 247, 6, 114]
1552551320260;[171, 0, 17, 255, 161, 76, 221, 3, 210, 1, 0, 74, 0, 0, 16, 1, 0, 245, 6, 94]
1552551320431;[171, 0, 17, 255, 161, 76, 221, 3, 210, 1, 0, 75, 0, 0, 20, 1, 0, 242, 6, 94]
1552551320605;[171, 0, 17, 255, 161, 76, 221, 3, 211, 1, 0, 74, 0, 0, 11, 1, 0, 246, 6, 88]
1552551320607;[171, 0, 17, 255, 161, 76, 221, 3, 211, 1, 0, 79, 0, 0, 11, 1, 0, 243, 6, 81]
1552551320777;[171, 0, 17, 255, 161, 76, 221, 3, 211, 1, 0, 77, 0, 0, 16, 1, 0, 249, 6, 68]
1552551320778;[171, 0, 4, 255, 132, 128, 68]
1552551320949;[171, 0, 17, 255, 161, 76, 221, 3, 211, 1, 0, 75, 0, 0, 20, 1, 0, 243, 6, 53]
1552551321123;[171, 0, 17, 255, 161, 76, 221, 3, 211, 1, 0, 79, 0, 0, 16, 1, 0, 242, 6, 31]
1552551321124;[171, 0, 17, 255, 161, 76, 221, 3, 211, 1, 0, 79, 0, 0, 16, 1, 0, 245, 6, 7]
1552551321295;[171, 0, 17, 255, 161, 76, 221, 3, 211, 1, 0, 77, 0, 0, 15, 1, 0, 247, 5, 237]
1552551321297;[171, 0, 17, 255, 161, 76, 221, 3, 211, 1, 0, 75, 0, 0, 15, 1, 0, 242, 5, 240]
1552551321468;[171, 0, 17, 255, 161, 76, 221, 3, 211, 1, 0, 75, 0, 0, 16, 1, 0, 245, 5, 235]
1552551321470;[171, 0, 17, 255, 161, 76, 221, 3, 211, 1, 0, 75, 0, 0, 16, 1, 0, 243, 5, 239]
1552551321640;[171, 0, 17, 255, 161, 76, 221, 3, 212, 1, 0, 75, 0, 0, 11, 1, 0, 243, 5, 226]
1552551321642;[171, 0, 17, 255, 161, 76, 221, 3, 212, 1, 0, 77, 0, 0, 16, 1, 0, 247, 5, 210]
1552551321813;[171, 0, 17, 255, 161, 76, 221, 3, 212, 1, 0, 77, 0, 0, 16, 1, 0, 246, 5, 194]
1552551321985;[171, 0, 4, 255, 132, 128, 68]
1552551322158;[171, 0, 17, 255, 161, 76, 221, 3, 212, 1, 0, 81, 0, 0, 16, 1, 0, 247, 5, 176]
1552551322330;[171, 0, 17, 255, 161, 76, 221, 3, 212, 1, 0, 79, 0, 0, 16, 1, 0, 243, 5, 150]
1552551322332;[171, 0, 17, 255, 161, 76, 221, 3, 212, 1, 0, 79, 0, 0, 20, 1, 0, 243, 5, 139]
1552551322334;[171, 0, 17, 255, 161, 76, 221, 3, 212, 1, 0, 79, 0, 0, 11, 1, 0, 245, 5, 153]
1552551322502;[171, 0, 17, 255, 161, 76, 221, 3, 212, 1, 0, 77, 0, 0, 16, 1, 0, 245, 5, 145]
1552551322504;[171, 0, 17, 255, 161, 76, 221, 3, 212, 1, 0, 77, 0, 0, 11, 1, 0, 242, 5, 146]
1552551322675;[171, 0, 17, 255, 161, 76, 221, 3, 212, 1, 0, 75, 0, 0, 16, 1, 0, 246, 5, 156]
1552551322677;[171, 0, 17, 255, 161, 76, 221, 3, 213, 1, 0, 75, 0, 0, 20, 1, 0, 242, 5, 146]
1552551322909;[171, 0, 17, 255, 161, 76, 221, 3, 213, 1, 0, 79, 0, 0, 16, 1, 0, 243, 5, 130]
1552551322910;[171, 0, 17, 255, 161, 76, 221, 3, 213, 1, 0, 75, 0, 0, 11, 1, 0, 246, 5, 122]
1552551323020;[171, 0, 4, 255, 132, 128, 68]
1552551323192;[171, 0, 17, 255, 161, 76, 221, 3, 213, 1, 0, 75, 0, 0, 11, 1, 0, 243, 5, 109]
1552551323193;[171, 0, 17, 255, 161, 76, 221, 3, 213, 1, 0, 75, 0, 0, 16, 1, 0, 245, 5, 118]
1552551323364;[171, 0, 17, 255, 161, 76, 221, 3, 213, 1, 0, 79, 0, 0, 16, 1, 0, 245, 5, 138]
1552551323366;[171, 0, 17, 255, 161, 76, 221, 3, 213, 1, 0, 73, 0, 0, 11, 1, 0, 243, 5, 135]
1552551323538;[171, 0, 17, 255, 161, 76, 221, 3, 213, 1, 0, 75, 0, 0, 16, 1, 0, 246, 5, 139]
1552551323540;[171, 0, 17, 255, 161, 76, 221, 3, 213, 1, 0, 74, 0, 0, 11, 1, 0, 245, 5, 136]
1552551323710;[171, 0, 17, 255, 161, 76, 221, 3, 213, 1, 0, 75, 0, 0, 16, 1, 0, 246, 5, 124]
1552551323882;[171, 0, 17, 255, 161, 76, 221, 3, 214, 1, 0, 75, 0, 0, 16, 1, 0, 247, 5, 114]
1552551324055;[171, 0, 17, 255, 161, 76, 221, 3, 214, 1, 0, 79, 0, 0, 11, 1, 0, 243, 5, 101]
1552551324057;[171, 0, 17, 255, 161, 76, 221, 3, 214, 1, 0, 74, 0, 0, 20, 1, 0, 242, 5, 97]
1552551324060;[171, 0, 4, 255, 132, 128, 69]
1552551324228;[171, 0, 17, 255, 161, 76, 221, 3, 214, 1, 0, 79, 0, 0, 11, 1, 0, 246, 5, 119]
1552551324400;[171, 0, 17, 255, 161, 76, 221, 3, 214, 1, 0, 81, 0, 0, 11, 1, 0, 242, 5, 141]
1552551324402;[171, 0, 17, 255, 161, 76, 221, 3, 214, 1, 0, 75, 0, 0, 11, 1, 0, 242, 5, 142]
1552551324572;[171, 0, 17, 255, 161, 76, 221, 3, 214, 1, 0, 75, 0, 0, 16, 1, 0, 245, 5, 139]
1552551324574;[171, 0, 17, 255, 161, 76, 221, 3, 214, 1, 0, 74, 0, 0, 11, 1, 0, 246, 5, 138]
1552551324745;[171, 0, 17, 255, 161, 76, 221, 3, 214, 1, 0, 77, 0, 0, 11, 1, 0, 243, 5, 125]
1552551324747;[171, 0, 17, 255, 161, 76, 221, 3, 214, 1, 0, 81, 0, 0, 11, 1, 0, 248, 5, 120]
1552551324917;[171, 0, 17, 255, 161, 76, 221, 3, 215, 1, 0, 79, 0, 0, 16, 1, 0, 247, 5, 105]
1552551325090;[171, 0, 17, 255, 161, 76, 221, 3, 215, 1, 0, 75, 0, 0, 11, 1, 0, 248, 5, 123]
1552551325092;[171, 0, 17, 255, 161, 76, 221, 3, 215, 1, 0, 77, 0, 0, 15, 1, 0, 246, 5, 152]
1552551325435;[171, 0, 4, 255, 132, 128, 69]
1552551325437;[171, 0, 17, 255, 161, 76, 221, 3, 215, 1, 0, 75, 0, 0, 16, 1, 0, 244, 5, 171]
1552551325439;[171, 0, 17, 255, 161, 76, 221, 3, 215, 1, 0, 78, 0, 0, 11, 1, 0, 246, 5, 185]
1552551325607;[171, 0, 17, 255, 161, 76, 221, 3, 215, 1, 0, 74, 0, 0, 16, 1, 0, 242, 5, 192]
1552551325609;[171, 0, 17, 255, 161, 76, 221, 3, 215, 1, 0, 75, 0, 0, 16, 1, 0, 243, 5, 192]
1552551325780;[171, 0, 17, 255, 161, 76, 221, 3, 215, 1, 0, 75, 0, 0, 11, 1, 0, 247, 5, 183]
1552551325782;[171, 0, 17, 255, 161, 76, 221, 3, 215, 1, 0, 75, 0, 0, 16, 1, 0, 246, 5, 175]
1552551325952;[171, 0, 17, 255, 161, 76, 221, 3, 215, 1, 0, 75, 0, 0, 16, 1, 0, 243, 5, 188]
1552551325954;[171, 0, 17, 255, 161, 76, 221, 3, 216, 1, 0, 75, 0, 0, 11, 1, 0, 243, 5, 211]
1552551326125;[171, 0, 17, 255, 161, 76, 221, 3, 216, 1, 0, 79, 0, 0, 16, 1, 0, 243, 5, 234]
1552551326298;[171, 0, 17, 255, 161, 76, 221, 3, 216, 1, 0, 77, 0, 0, 11, 1, 0, 242, 5, 244]
1552551326300;[171, 0, 4, 255, 132, 128, 69]
1552551326470;[171, 0, 17, 255, 161, 76, 221, 3, 216, 1, 0, 77, 0, 0, 11, 1, 0, 243, 5, 247]
1552551326472;[171, 0, 17, 255, 161, 76, 221, 3, 216, 1, 0, 81, 0, 0, 20, 1, 0, 246, 5, 253]
1552551326642;[171, 0, 17, 255, 161, 76, 221, 3, 216, 1, 0, 79, 0, 0, 16, 1, 0, 243, 5, 236]
1552551326644;[171, 0, 17, 255, 161, 76, 221, 3, 216, 1, 0, 75, 0, 0, 16, 1, 0, 243, 5, 226]
1552551326815;[171, 0, 17, 255, 161, 76, 221, 3, 216, 1, 0, 76, 0, 0, 16, 1, 0, 246, 5, 208]
1552551326988;[171, 0, 17, 255, 161, 76, 221, 3, 216, 1, 0, 79, 0, 0, 11, 1, 0, 243, 5, 203]
1552551326990;[171, 0, 17, 255, 161, 76, 221, 3, 216, 1, 0, 77, 0, 0, 16, 1, 0, 243, 5, 235]
1552551327160;[171, 0, 17, 255, 161, 76, 221, 3, 217, 1, 0, 79, 0, 0, 16, 1, 0, 243, 6, 1]
1552551327162;[171, 0, 17, 255, 161, 76, 221, 3, 217, 1, 0, 79, 0, 0, 11, 1, 0, 249, 6, 12]
1552551327333;[171, 0, 17, 255, 161, 76, 221, 3, 217, 1, 0, 75, 0, 0, 16, 1, 0, 246, 6, 22]
1552551327505;[171, 0, 4, 255, 132, 128, 69]
1552551327507;[171, 0, 17, 255, 161, 76, 221, 3, 217, 1, 0, 82, 0, 0, 16, 1, 0, 246, 6, 19]
1552551327677;[171, 0, 17, 255, 161, 76, 221, 3, 217, 1, 0, 80, 0, 0, 11, 1, 0, 243, 6, 14]
1552551327679;[171, 0, 17, 255, 161, 76, 221, 3, 217, 1, 0, 74, 0, 0, 16, 1, 0, 244, 6, 4]
1552551327850;[171, 0, 17, 255, 161, 76, 221, 3, 217, 1, 0, 75, 0, 0, 11, 1, 0, 243, 5, 238]
1552551327852;[171, 0, 17, 255, 161, 76, 221, 3, 217, 1, 0, 74, 0, 0, 16, 1, 0, 243, 5, 234]
1552551328023;[171, 0, 17, 255, 161, 76, 221, 3, 217, 1, 0, 82, 0, 0, 16, 1, 0, 244, 6, 2]
1552551328195;[171, 0, 17, 255, 161, 76, 221, 3, 217, 1, 0, 75, 0, 0, 16, 1, 0, 248, 6, 33]
1552551328197;[171, 0, 17, 255, 161, 76, 221, 3, 218, 1, 0, 75, 0, 0, 11, 1, 0, 245, 6, 50]
1552551328368;[171, 0, 17, 255, 161, 76, 221, 3, 218, 1, 0, 77, 0, 0, 11, 1, 0, 245, 6, 54]
1552551328370;[171, 0, 17, 255, 161, 76, 221, 3, 218, 1, 0, 79, 0, 0, 11, 1, 0, 243, 6, 69]
