1552551753757;[171, 0, 4, 255, 132, 128, 58]
1552551753762;[171, 0, 17, 255, 161, 76, 221, 5, 160, 0, 0, 207, 0, 0, 100, 0, 0, 95, 5, 6]
1552551753763;[171, 0, 17, 255, 161, 76, 221, 5, 160, 0, 0, 206, 0, 0, 100, 0, 0, 96, 4, 223]
1552551753763;[171, 0, 17, 255, 161, 76, 221, 5, 160, 0, 0, 206, 0, 0, 97, 0, 0, 96, 4, 170]
1552551753925;[171, 0, 17, 255, 161, 76, 221, 5, 160, 0, 0, 207, 0, 0, 97, 0, 0, 99, 4, 101]
1552551754108;[171, 0, 17, 255, 161, 76, 221, 5, 160, 0, 0, 204, 0, 0, 101, 0, 0, 97, 4, 19]
1552551754109;[171, 0, 17, 255, 161, 76, 221, 5, 160, 0, 0, 206, 0, 0, 96, 0, 0, 99, 4, 50]
1552551754275;[171, 0, 17, 255, 161, 76, 221, 5, 160, 0, 0, 207, 0, 0, 96, 0, 0, 97, 4, 90]
1552551754276;[171, 0, 17, 255, 161, 76, 221, 5, 160, 0, 0, 204, 0, 0, 96, 0, 0, 99, 4, 109]
1552551754442;[171, 0, 17, 255, 161, 76, 221, 5, 160, 0, 0, 207, 0, 0, 103, 0, 0, 98, 4, 124]
1552551754626;[171, 0, 17, 255, 161, 76, 221, 5, 160, 0, 0, 202, 0, 0, 97, 0, 0, 97, 4, 122]
1552551754627;[171, 0, 4, 255, 132, 128, 58]
1552551754628;[171, 0, 17, 255, 161, 76, 221, 5, 161, 0, 0, 206, 0, 0, 97, 0, 0, 97, 4, 97]
1552551756673;[171, 0, 17, 255, 161, 76, 221, 5, 161, 0, 0, 207, 0, 0, 96, 0, 0, 97, 4, 48]
1552551756674;[171, 0, 17, 255, 161, 76, 221, 5, 161, 0, 0, 206, 0, 0, 97, 0, 0, 99, 3, 241]
1552551756675;[171, 0, 17, 255, 161, 76, 221, 5, 161, 0, 0, 208, 0, 0, 97, 0, 0, 96, 3, 204]
1552551756675;[171, 0, 17, 255, 161, 76, 221, 5, 161, 0, 0, 206, 0, 0, 100, 0, 0, 99, 4, 19]
1552551756676;[171, 0, 17, 255, 161, 76, 221, 5, 161, 0, 0, 206, 0, 0, 97, 0, 0, 96, 4, 69]
1552551756676;[171, 0, 17, 255, 161, 76, 221, 5, 161, 0, 0, 205, 0, 0, 97, 0, 0, 98, 4, 100]
1552551756677;[171, 0, 17, 255, 161, 76, 221, 5, 161, 0, 0, 208, 0, 0, 97, 0, 0, 96, 4, 149]
1552551756677;[171, 0, 17, 255, 161, 76, 221, 5, 161, 0, 0, 204, 0, 0, 100, 0, 0, 95, 4, 207]
1552551756678;[171, 0, 17, 255, 161, 76, 221, 5, 161, 0, 0, 205, 0, 0, 97, 0, 0, 97, 5, 29]
1552551756678;[171, 0, 4, 255, 132, 128, 58]
1552551756679;[171, 0, 17, 255, 161, 76, 221, 5, 162, 0, 0, 206, 0, 0, 97, 0, 0, 96, 5, 109]
1552551756680;[171, 0, 17, 255, 161, 76, 221, 5, 162, 0, 0, 206, 0, 0, 97, 0, 0, 97, 5, 143]
1552551756680;[171, 0, 17, 255, 161, 76, 221, 5, 162, 0, 0, 207, 0, 0, 96, 0, 0, 96, 5, 151]
1552551756680;[171, 0, 17, 255, 161, 76, 221, 5, 162, 0, 0, 206, 0, 0, 100, 0, 0, 96, 5, 164]
1552551756681;[171, 0, 17, 255, 161, 76, 221, 5, 162, 0, 0, 202, 0, 0, 100, 0, 0, 95, 6, 19]
1552551756681;[171, 0, 17, 255, 161, 76, 221, 5, 162, 0, 0, 206, 0, 0, 98, 0, 0, 96, 6, 111]
1552551756682;[171, 0, 17, 255, 161, 76, 221, 5, 162, 0, 0, 205, 0, 0, 97, 0, 0, 99, 6, 149]
1552551756682;[171, 0, 17, 255, 161, 76, 221, 5, 162, 0, 0, 206, 0, 0, 97, 0, 0, 97, 6, 178]
1552551756683;[171, 0, 17, 255, 161, 76, 221, 5, 162, 0, 0, 207, 0, 0, 97, 0, 0, 96, 6, 201]
1552551756696;[171, 0, 17, 255, 161, 76, 221, 5, 162, 0, 0, 206, 0, 0, 101, 0, 0, 101, 6, 200]
1552551756865;[171, 0, 4, 255, 132, 128, 58]
1552551756866;[171, 0, 17, 255, 161, 76, 221, 5, 163, 0, 0, 208, 0, 0, 97, 0, 0, 96, 6, 210]
1552551757032;[171, 0, 17, 255, 161, 76, 221, 5, 163, 0, 0, 206, 0, 0, 97, 0, 0, 96, 6, 219]
1552551757033;[171, 0, 17, 255, 161, 76, 221, 5, 163, 0, 0, 208, 0, 0, 96, 0, 0, 96, 6, 231]
1552551757383;[171, 0, 17, 255, 161, 76, 221, 5, 163, 0, 0, 205, 0, 0, 103, 0, 0, 99, 6, 243]
1552551757383;[171, 0, 17, 255, 161, 76, 221, 5, 163, 0, 0, 206, 0, 0, 97, 0, 0, 97, 6, 221]
1552551757384;[171, 0, 17, 255, 161, 76, 221, 5, 163, 0, 0, 207, 0, 0, 101, 0, 0, 97, 7, 3]
1552551757550;[171, 0, 17, 255, 161, 76, 221, 5, 163, 0, 0, 205, 0, 0, 97, 0, 0, 101, 7, 120]
1552551757550;[171, 0, 17, 255, 161, 76, 221, 5, 163, 0, 0, 207, 0, 0, 96, 0, 0, 96, 7, 203]
1552551757733;[171, 0, 17, 255, 161, 76, 221, 5, 163, 0, 0, 204, 0, 0, 97, 0, 0, 96, 7, 230]
1552551757734;[171, 0, 17, 255, 161, 76, 221, 5, 163, 0, 0, 204, 0, 0, 99, 0, 0, 97, 7, 236]
1552551757901;[171, 0, 4, 255, 132, 128, 58]
1552551758068;[171, 0, 17, 255, 161, 76, 221, 5, 164, 0, 0, 204, 0, 0, 99, 0, 0, 88, 7, 228]
1552551758068;[171, 0, 17, 255, 161, 76, 221, 5, 164, 0, 0, 204, 0, 0, 97, 0, 0, 95, 7, 213]
1552551758252;[171, 0, 17, 255, 161, 76, 221, 5, 164, 0, 0, 208, 0, 0, 98, 0, 0, 95, 7, 210]
1552551758252;[171, 0, 17, 255, 161, 76, 221, 5, 164, 0, 0, 207, 0, 0, 97, 0, 0, 92, 7, 200]
1552551758419;[171, 0, 17, 255, 161, 76, 221, 5, 164, 0, 0, 202, 0, 0, 98, 0, 0, 95, 7, 172]
1552551758420;[171, 0, 17, 255, 161, 76, 221, 5, 164, 0, 0, 204, 0, 0, 101, 0, 0, 90, 7, 123]
1552551758585;[171, 0, 17, 255, 161, 76, 221, 5, 164, 0, 0, 207, 0, 0, 100, 0, 0, 87, 7, 142]
1552551758937;[171, 0, 17, 255, 161, 76, 221, 5, 164, 0, 0, 207, 0, 0, 98, 0, 0, 85, 7, 188]
1552551758937;[171, 0, 17, 255, 161, 76, 221, 5, 164, 0, 0, 206, 0, 0, 103, 0, 0, 88, 7, 194]
1552551758938;[171, 0, 17, 255, 161, 76, 221, 5, 164, 0, 0, 209, 0, 0, 103, 0, 0, 84, 7, 170]
1552551758939;[171, 0, 4, 255, 132, 128, 59]
1552551759104;[171, 0, 17, 255, 161, 76, 221, 5, 165, 0, 0, 213, 0, 0, 104, 0, 0, 66, 7, 108]
1552551759287;[171, 0, 17, 255, 161, 76, 221, 5, 165, 0, 0, 222, 0, 0, 106, 0, 0, 33, 7, 60]
1552551759288;[171, 0, 17, 255, 161, 76, 221, 5, 165, 0, 0, 206, 0, 0, 112, 1, 0, 19, 7, 38]
1552551759455;[171, 0, 17, 255, 161, 76, 221, 5, 165, 0, 0, 179, 0, 0, 106, 1, 0, 97, 6, 4]
1552551759455;[171, 0, 17, 255, 161, 76, 221, 5, 165, 0, 0, 122, 0, 0, 103, 1, 0, 165, 2, 142]
1552551759622;[171, 0, 17, 255, 161, 76, 221, 5, 165, 0, 0, 66, 0, 0, 86, 1, 0, 216, 16, 0]
1552551759622;[171, 0, 17, 255, 161, 76, 221, 5, 165, 0, 0, 43, 0, 0, 81, 1, 0, 228, 8, 70]
1552551759806;[171, 0, 17, 255, 161, 76, 221, 5, 165, 0, 0, 27, 0, 0, 77, 1, 0, 234, 8, 250]
1552551759973;[171, 0, 17, 255, 161, 76, 221, 5, 165, 0, 0, 13, 0, 0, 75, 1, 0, 234, 8, 160]
1552551759973;[171, 0, 17, 255, 161, 76, 221, 5, 165, 0, 0, 11, 0, 0, 60, 1, 0, 243, 7, 190]
1552551760140;[171, 0, 4, 255, 132, 128, 59]
1552551760141;[171, 0, 17, 255, 161, 76, 221, 5, 166, 0, 0, 9, 0, 0, 54, 1, 0, 245, 6, 203]
1552551760308;[171, 0, 17, 255, 161, 76, 221, 5, 166, 0, 0, 13, 0, 0, 53, 1, 0, 246, 6, 203]
1552551760324;[171, 0, 17, 255, 161, 76, 221, 5, 166, 0, 0, 7, 0, 0, 52, 1, 0, 241, 6, 8]
1552551760491;[171, 0, 17, 255, 161, 76, 221, 5, 166, 0, 0, 26, 0, 0, 54, 1, 0, 243, 5, 67]
1552551760658;[171, 0, 17, 255, 161, 76, 221, 5, 166, 0, 0, 2, 0, 0, 46, 1, 0, 249, 4, 116]
1552551760659;[171, 0, 17, 255, 161, 76, 221, 5, 166, 0, 0, 15, 0, 0, 46, 1, 0, 245, 3, 198]
1552551760825;[171, 0, 17, 255, 161, 76, 221, 5, 166, 0, 0, 13, 0, 0, 50, 1, 0, 243, 3, 166]
1552551760842;[171, 0, 17, 255, 161, 76, 221, 5, 166, 0, 0, 19, 0, 0, 46, 1, 0, 243, 3, 150]
1552551761176;[171, 0, 17, 255, 161, 76, 221, 5, 166, 0, 0, 23, 0, 0, 44, 1, 0, 245, 3, 130]
1552551761176;[171, 0, 17, 255, 161, 76, 221, 5, 166, 0, 0, 25, 0, 0, 47, 1, 0, 246, 3, 118]
1552551761177;[171, 0, 4, 255, 132, 128, 59]
1552551761343;[171, 0, 17, 255, 161, 76, 221, 5, 167, 0, 0, 24, 0, 0, 42, 1, 0, 243, 3, 83]
1552551761359;[171, 0, 17, 255, 161, 76, 221, 5, 167, 0, 0, 23, 0, 0, 44, 1, 0, 245, 3, 48]
1552551761527;[171, 0, 17, 255, 161, 76, 221, 5, 167, 0, 0, 24, 0, 0, 43, 1, 0, 244, 2, 254]
1552551761542;[171, 0, 17, 255, 161, 76, 221, 5, 167, 0, 0, 25, 0, 0, 46, 1, 0, 242, 2, 191]
1552551761693;[171, 0, 17, 255, 161, 76, 221, 5, 167, 0, 0, 25, 0, 0, 49, 1, 0, 243, 2, 181]
1552551761860;[171, 0, 17, 255, 161, 76, 221, 5, 167, 0, 0, 27, 0, 0, 46, 1, 0, 242, 2, 188]
1552551761861;[171, 0, 17, 255, 161, 76, 221, 5, 167, 0, 0, 24, 0, 0, 44, 1, 0, 242, 2, 176]
1552551762043;[171, 0, 17, 255, 161, 76, 221, 5, 167, 0, 0, 26, 0, 0, 46, 1, 0, 242, 2, 169]
1552551762044;[171, 0, 17, 255, 161, 76, 221, 5, 167, 0, 0, 28, 0, 0, 46, 1, 0, 243, 2, 173]
1552551762211;[171, 0, 17, 255, 161, 76, 221, 5, 167, 0, 0, 25, 0, 0, 46, 1, 0, 243, 2, 171]
1552551762378;[171, 0, 4, 255, 132, 128, 59]
1552551762379;[171, 0, 17, 255, 161, 76, 221, 5, 168, 0, 0, 28, 0, 0, 46, 1, 0, 242, 2, 157]
1552551762562;[171, 0, 17, 255, 161, 76, 221, 5, 168, 0, 0, 26, 0, 0, 43, 1, 0, 242, 2, 145]
1552551762563;[171, 0, 17, 255, 161, 76, 221, 5, 168, 0, 0, 30, 0, 0, 46, 1, 0, 242, 2, 123]
1552551762729;[171, 0, 17, 255, 161, 76, 221, 5, 168, 0, 0, 26, 0, 0, 46, 1, 0, 242, 2, 157]
1552551762730;[171, 0, 17, 255, 161, 76, 221, 5, 168, 0, 0, 26, 0, 0, 44, 1, 0, 245, 2, 240]
1552551762897;[171, 0, 17, 255, 161, 76, 221, 5, 168, 0, 0, 25, 0, 0, 46, 1, 0, 242, 3, 50]
1552551763080;[171, 0, 17, 255, 161, 76, 221, 5, 168, 0, 0, 28, 0, 0, 47, 1, 0, 243, 3, 76]
1552551763081;[171, 0, 17, 255, 161, 76, 221, 5, 168, 0, 0, 25, 0, 0, 49, 1, 0, 242, 3, 16]
1552551763248;[171, 0, 17, 255, 161, 76, 221, 5, 168, 0, 0, 25, 0, 0, 41, 1, 0, 241, 2, 156]
1552551763414;[171, 0, 17, 255, 161, 76, 221, 5, 168, 0, 0, 25, 0, 0, 47, 1, 0, 245, 2, 36]
1552551763415;[171, 0, 4, 255, 132, 128, 59]
1552551763433;[171, 0, 17, 255, 161, 76, 221, 5, 169, 0, 0, 28, 0, 0, 46, 1, 0, 243, 2, 36]
1552551763598;[171, 0, 17, 255, 161, 76, 221, 5, 169, 0, 0, 27, 0, 0, 49, 1, 0, 243, 2, 37]
1552551763933;[171, 0, 17, 255, 161, 76, 221, 5, 169, 0, 0, 26, 0, 0, 44, 1, 0, 242, 2, 26]
1552551763933;[171, 0, 17, 255, 161, 76, 221, 5, 169, 0, 0, 28, 0, 0, 42, 1, 0, 243, 2, 17]
1552551763934;[171, 0, 17, 255, 161, 76, 221, 5, 169, 0, 0, 30, 0, 0, 46, 1, 0, 243, 2, 108]
1552551763949;[171, 0, 17, 255, 161, 76, 221, 5, 169, 0, 0, 27, 0, 0, 47, 1, 0, 243, 2, 211]
1552551764116;[171, 0, 17, 255, 161, 76, 221, 5, 169, 0, 0, 25, 0, 0, 46, 1, 0, 243, 3, 25]
1552551764283;[171, 0, 17, 255, 161, 76, 221, 5, 169, 0, 0, 32, 0, 0, 44, 1, 0, 243, 3, 99]
1552551764284;[171, 0, 17, 255, 161, 76, 221, 5, 169, 0, 0, 28, 0, 0, 46, 1, 0, 242, 3, 145]
1552551764634;[171, 0, 17, 255, 161, 76, 221, 5, 172, 0, 0, 37, 0, 0, 54, 1, 0, 241, 3, 207]
1552551764635;[171, 0, 17, 255, 161, 76, 221, 5, 172, 0, 0, 43, 0, 0, 52, 1, 0, 242, 2, 184]
1552551764969;[171, 0, 17, 255, 161, 76, 221, 5, 172, 0, 0, 43, 0, 0, 53, 1, 0, 241, 1, 148]
1552551764970;[171, 0, 17, 255, 161, 76, 221, 5, 172, 0, 0, 39, 0, 0, 51, 1, 0, 239, 16, 154]
1552551764970;[171, 0, 17, 255, 161, 76, 221, 5, 172, 0, 0, 39, 0, 0, 49, 1, 0, 241, 6, 249]
1552551765152;[171, 0, 17, 255, 161, 76, 221, 5, 172, 0, 0, 44, 0, 0, 51, 1, 0, 239, 6, 79]
1552551765153;[171, 0, 17, 255, 161, 76, 221, 5, 172, 0, 0, 43, 0, 0, 53, 1, 0, 239, 5, 208]
1552551765320;[171, 0, 17, 255, 161, 76, 221, 5, 172, 0, 0, 43, 0, 0, 53, 1, 0, 240, 5, 83]
1552551765320;[171, 0, 17, 255, 161, 76, 221, 5, 172, 0, 0, 45, 0, 0, 44, 1, 0, 248, 4, 226]
1552551765487;[171, 0, 17, 255, 161, 76, 221, 5, 172, 0, 0, 40, 0, 0, 41, 1, 0, 242, 4, 90]
1552551765670;[171, 0, 4, 255, 132, 128, 59]
1552551765671;[171, 0, 17, 255, 161, 76, 221, 5, 173, 0, 0, 47, 0, 0, 52, 1, 0, 240, 3, 172]
1552551765838;[171, 0, 17, 255, 161, 76, 221, 5, 173, 0, 0, 39, 0, 0, 44, 1, 0, 239, 3, 59]
1552551765838;[171, 0, 17, 255, 161, 76, 221, 5, 173, 0, 0, 44, 0, 0, 46, 1, 0, 240, 3, 59]
1552551766004;[171, 0, 17, 255, 161, 76, 221, 5, 173, 0, 0, 44, 0, 0, 46, 1, 0, 241, 2, 201]
1552551766172;[171, 0, 17, 255, 161, 76, 221, 5, 173, 0, 0, 45, 0, 0, 47, 1, 0, 234, 2, 93]
1552551766188;[171, 0, 17, 255, 161, 76, 221, 5, 173, 0, 0, 45, 0, 0, 44, 1, 0, 242, 2, 21]
1552551766355;[171, 0, 17, 255, 161, 76, 221, 5, 173, 0, 0, 47, 0, 0, 44, 1, 0, 241, 1, 245]
1552551766356;[171, 0, 17, 255, 161, 76, 221, 5, 173, 0, 0, 47, 0, 0, 41, 1, 0, 240, 1, 223]
1552551766522;[171, 0, 17, 255, 161, 76, 221, 5, 173, 0, 0, 50, 0, 0, 42, 1, 0, 240, 1, 213]
1552551766523;[171, 0, 17, 255, 161, 76, 221, 5, 173, 0, 0, 45, 0, 0, 44, 1, 0, 240, 1, 191]
1552551766689;[171, 0, 4, 255, 132, 128, 59]
1552551766873;[171, 0, 17, 255, 161, 76, 221, 5, 174, 0, 0, 49, 0, 0, 46, 1, 0, 239, 1, 167]
1552551766874;[171, 0, 17, 255, 161, 76, 221, 5, 174, 0, 0, 43, 0, 0, 41, 1, 0, 240, 1, 157]
1552551767041;[171, 0, 17, 255, 161, 76, 221, 5, 174, 0, 0, 39, 0, 0, 42, 1, 0, 242, 1, 149]
1552551767042;[171, 0, 17, 255, 161, 76, 221, 5, 174, 0, 0, 43, 0, 0, 44, 1, 0, 240, 1, 151]
1552551767207;[171, 0, 17, 255, 161, 76, 221, 5, 174, 0, 0, 47, 0, 0, 46, 1, 0, 239, 1, 235]
1552551767224;[171, 0, 17, 255, 161, 76, 221, 5, 174, 0, 0, 43, 0, 0, 42, 1, 0, 242, 2, 45]
1552551767391;[171, 0, 17, 255, 161, 76, 221, 5, 174, 0, 0, 39, 0, 0, 42, 1, 0, 240, 2, 121]
1552551767558;[171, 0, 17, 255, 161, 76, 221, 5, 174, 0, 0, 43, 0, 0, 41, 1, 0, 242, 2, 191]
1552551767559;[171, 0, 17, 255, 161, 76, 221, 5, 174, 0, 0, 40, 0, 0, 42, 1, 0, 242, 2, 234]
1552551767725;[171, 0, 17, 255, 161, 76, 221, 5, 174, 0, 0, 43, 0, 0, 44, 1, 0, 241, 3, 17]
1552551767742;[171, 0, 4, 255, 132, 128, 58]
1552551767909;[171, 0, 17, 255, 161, 76, 221, 5, 175, 0, 0, 44, 0, 0, 41, 1, 0, 240, 3, 64]
1552551768076;[171, 0, 17, 255, 161, 76, 221, 5, 175, 0, 0, 41, 0, 0, 42, 1, 0, 241, 3, 115]
1552551768076;[171, 0, 17, 255, 161, 76, 221, 5, 175, 0, 0, 45, 0, 0, 42, 1, 0, 240, 3, 184]
1552551768243;[171, 0, 17, 255, 161, 76, 221, 5, 175, 0, 0, 43, 0, 0, 43, 1, 0, 239, 4, 38]
1552551768243;[171, 0, 17, 255, 161, 76, 221, 5, 175, 0, 0, 43, 0, 0, 43, 1, 0, 240, 5, 40]
1552551768427;[171, 0, 17, 255, 161, 76, 221, 5, 175, 0, 0, 41, 0, 0, 40, 1, 0, 242, 5, 189]
1552551768428;[171, 0, 17, 255, 161, 76, 221, 5, 175, 0, 0, 41, 0, 0, 50, 1, 0, 240, 5, 235]
1552551768595;[171, 0, 17, 255, 161, 76, 221, 5, 175, 0, 0, 43, 0, 0, 44, 1, 0, 239, 6, 7]
1552551768761;[171, 0, 17, 255, 161, 76, 221, 5, 175, 0, 0, 41, 0, 0, 42, 1, 0, 243, 6, 39]
1552551768762;[171, 0, 17, 255, 161, 76, 221, 5, 175, 0, 0, 43, 0, 0, 46, 1, 0, 240, 6, 39]
1552551768945;[171, 0, 4, 255, 132, 128, 58]
1552551768946;[171, 0, 17, 255, 161, 76, 221, 5, 176, 0, 0, 44, 0, 0, 42, 1, 0, 239, 6, 26]
1552551769112;[171, 0, 17, 255, 161, 76, 221, 5, 176, 0, 0, 52, 0, 0, 48, 1, 0, 236, 6, 78]
1552551769279;[171, 0, 17, 255, 161, 76, 221, 5, 176, 0, 0, 45, 0, 0, 39, 1, 0, 241, 6, 91]
1552551769280;[171, 0, 17, 255, 161, 76, 221, 5, 176, 0, 0, 41, 0, 0, 45, 1, 0, 242, 6, 154]
1552551769463;[171, 0, 17, 255, 161, 76, 221, 5, 176, 0, 0, 41, 0, 0, 46, 1, 0, 241, 7, 1]
1552551769464;[171, 0, 17, 255, 161, 76, 221, 5, 176, 0, 0, 41, 0, 0, 41, 1, 0, 241, 7, 45]
1552551769630;[171, 0, 17, 255, 161, 76, 221, 5, 176, 0, 0, 24, 0, 0, 41, 1, 0, 242, 7, 117]
1552551769631;[171, 0, 17, 255, 161, 76, 221, 5, 176, 0, 0, 43, 0, 0, 41, 1, 0, 245, 7, 125]
1552551769797;[171, 0, 17, 255, 161, 76, 221, 5, 176, 0, 0, 34, 0, 0, 46, 1, 0, 239, 7, 105]
1552551769981;[171, 0, 17, 255, 161, 76, 221, 5, 176, 0, 0, 43, 0, 0, 44, 1, 0, 241, 7, 81]
1552551769981;[171, 0, 4, 255, 132, 128, 58]
1552551770148;[171, 0, 17, 255, 161, 76, 221, 5, 177, 0, 0, 47, 0, 0, 41, 1, 0, 241, 7, 79]
1552551770149;[171, 0, 17, 255, 161, 76, 221, 5, 177, 0, 0, 40, 0, 0, 42, 1, 0, 242, 7, 27]
1552551770315;[171, 0, 17, 255, 161, 76, 221, 5, 177, 0, 0, 38, 0, 0, 44, 1, 0, 239, 7, 2]
1552551770316;[171, 0, 17, 255, 161, 76, 221, 5, 177, 0, 0, 45, 0, 0, 38, 1, 0, 234, 7, 119]
1552551770499;[171, 0, 17, 255, 161, 76, 221, 5, 177, 0, 0, 48, 0, 0, 41, 1, 0, 240, 7, 203]
1552551770666;[171, 0, 17, 255, 161, 76, 221, 5, 177, 0, 0, 43, 0, 0, 47, 1, 0, 236, 7, 208]
1552551770666;[171, 0, 17, 255, 161, 76, 221, 5, 177, 0, 0, 42, 0, 0, 42, 1, 0, 242, 7, 218]
1552551771017;[171, 0, 17, 255, 161, 76, 221, 5, 177, 0, 0, 39, 0, 0, 41, 1, 0, 246, 7, 204]
1552551771017;[171, 0, 17, 255, 161, 76, 221, 5, 177, 0, 0, 36, 0, 0, 46, 1, 0, 240, 7, 144]
1552551771018;[171, 0, 17, 255, 161, 76, 221, 5, 177, 0, 0, 43, 0, 0, 42, 1, 0, 241, 7, 72]
1552551771184;[171, 0, 4, 255, 132, 128, 59]
1552551771185;[171, 0, 17, 255, 161, 76, 221, 5, 178, 0, 0, 48, 0, 0, 42, 1, 0, 243, 7, 15]
1552551771535;[171, 0, 17, 255, 161, 76, 221, 5, 178, 0, 0, 39, 0, 0, 42, 1, 0, 245, 6, 198]
1552551771535;[171, 0, 17, 255, 161, 76, 221, 5, 178, 0, 0, 41, 0, 0, 40, 1, 0, 234, 6, 187]
1552551771536;[171, 0, 17, 255, 161, 76, 221, 5, 178, 0, 0, 37, 0, 0, 44, 1, 0, 241, 7, 47]
1552551771536;[171, 0, 17, 255, 161, 76, 221, 5, 178, 0, 0, 41, 0, 0, 40, 1, 0, 241, 7, 116]
1552551771702;[171, 0, 17, 255, 161, 76, 221, 5, 178, 0, 0, 36, 0, 0, 46, 1, 0, 239, 7, 128]
1552551771869;[171, 0, 17, 255, 161, 76, 221, 5, 178, 0, 0, 47, 0, 0, 36, 1, 0, 251, 7, 162]
1552551772052;[171, 0, 17, 255, 161, 76, 221, 5, 178, 0, 0, 37, 0, 0, 41, 1, 0, 241, 7, 202]
1552551772053;[171, 0, 17, 255, 161, 76, 221, 5, 178, 0, 0, 39, 0, 0, 44, 1, 0, 242, 7, 255]
1552551772054;[171, 0, 17, 255, 161, 76, 221, 5, 178, 0, 0, 37, 0, 0, 41, 1, 0, 241, 8, 21]
1552551772221;[171, 0, 4, 255, 132, 128, 59]
1552551772222;[171, 0, 17, 255, 161, 76, 221, 5, 179, 0, 0, 34, 0, 0, 42, 1, 0, 243, 7, 247]
1552551772389;[171, 0, 17, 255, 161, 76, 221, 5, 179, 0, 0, 38, 0, 0, 41, 1, 0, 241, 7, 204]
1552551772572;[171, 0, 17, 255, 161, 76, 221, 5, 179, 0, 0, 36, 0, 0, 46, 1, 0, 239, 7, 189]
1552551772573;[171, 0, 17, 255, 161, 76, 221, 5, 179, 0, 0, 43, 0, 0, 41, 1, 0, 249, 8, 47]
1552551772738;[171, 0, 17, 255, 161, 76, 221, 5, 179, 0, 0, 41, 0, 0, 42, 1, 0, 239, 8, 176]
1552551772739;[171, 0, 17, 255, 161, 76, 221, 5, 179, 0, 0, 34, 0, 0, 42, 1, 0, 241, 9, 33]
1552551772905;[171, 0, 17, 255, 161, 76, 221, 5, 179, 0, 0, 31, 0, 0, 40, 1, 0, 240, 9, 160]
1552551773072;[171, 0, 17, 255, 161, 76, 221, 5, 179, 0, 0, 40, 0, 0, 44, 1, 0, 241, 9, 231]
1552551773089;[171, 0, 17, 255, 161, 76, 221, 5, 179, 0, 0, 36, 0, 0, 42, 1, 0, 242, 9, 214]
1552551773255;[171, 0, 17, 255, 161, 76, 221, 5, 179, 0, 0, 39, 0, 0, 46, 1, 0, 240, 9, 160]
1552551773256;[171, 0, 4, 255, 132, 128, 59]
1552551773423;[171, 0, 17, 255, 161, 76, 221, 5, 180, 0, 0, 34, 0, 0, 41, 1, 0, 243, 9, 85]
1552551773423;[171, 0, 17, 255, 161, 76, 221, 5, 180, 0, 0, 34, 0, 0, 43, 1, 0, 242, 9, 33]
1552551773590;[171, 0, 17, 255, 161, 76, 221, 5, 180, 0, 0, 38, 0, 0, 42, 1, 0, 242, 8, 246]
1552551773774;[171, 0, 17, 255, 161, 76, 221, 5, 180, 0, 0, 36, 0, 0, 42, 1, 0, 243, 9, 46]
1552551773774;[171, 0, 17, 255, 161, 76, 221, 5, 180, 0, 0, 36, 0, 0, 42, 1, 0, 246, 9, 128]
1552551773941;[171, 0, 17, 255, 161, 76, 221, 5, 180, 0, 0, 33, 0, 0, 42, 1, 0, 242, 9, 175]
1552551773942;[171, 0, 17, 255, 161, 76, 221, 5, 180, 0, 0, 39, 0, 0, 42, 1, 0, 242, 9, 184]
1552551774108;[171, 0, 17, 255, 161, 76, 221, 5, 180, 0, 0, 36, 0, 0, 44, 1, 0, 240, 9, 135]
1552551774108;[171, 0, 17, 255, 161, 76, 221, 5, 180, 0, 0, 38, 0, 0, 42, 1, 0, 241, 9, 81]
1552551774291;[171, 0, 17, 255, 161, 76, 221, 5, 180, 0, 0, 37, 0, 0, 41, 1, 0, 243, 9, 39]
1552551774459;[171, 0, 4, 255, 132, 128, 59]
1552551774460;[171, 0, 17, 255, 161, 76, 221, 5, 181, 0, 0, 38, 0, 0, 42, 1, 0, 242, 8, 218]
1552551774626;[171, 0, 17, 255, 161, 76, 221, 5, 181, 0, 0, 40, 0, 0, 41, 1, 0, 243, 8, 151]
1552551774626;[171, 0, 17, 255, 161, 76, 221, 5, 181, 0, 0, 38, 0, 0, 42, 1, 0, 241, 8, 99]
1552551774810;[171, 0, 17, 255, 161, 76, 221, 5, 181, 0, 0, 38, 0, 0, 41, 1, 0, 241, 8, 19]
1552551775143;[171, 0, 17, 255, 161, 76, 221, 5, 181, 0, 0, 39, 0, 0, 41, 1, 0, 241, 7, 244]
1552551775144;[171, 0, 17, 255, 161, 76, 221, 5, 181, 0, 0, 35, 0, 0, 42, 1, 0, 242, 8, 52]
1552551775160;[171, 0, 17, 255, 161, 76, 221, 5, 181, 0, 0, 39, 0, 0, 44, 1, 0, 241, 8, 83]
1552551775161;[171, 0, 17, 255, 161, 76, 221, 5, 181, 0, 0, 38, 0, 0, 46, 1, 0, 243, 8, 83]
1552551775495;[171, 0, 17, 255, 161, 76, 221, 5, 181, 0, 0, 35, 0, 0, 46, 1, 0, 242, 8, 58]
1552551775495;[171, 0, 17, 255, 161, 76, 221, 5, 181, 0, 0, 39, 0, 0, 41, 1, 0, 242, 8, 22]
1552551775496;[171, 0, 4, 255, 132, 128, 59]
1552551775662;[171, 0, 17, 255, 161, 76, 221, 5, 182, 0, 0, 45, 0, 0, 42, 1, 0, 243, 7, 241]
1552551775662;[171, 0, 17, 255, 161, 76, 221, 5, 182, 0, 0, 36, 0, 0, 42, 1, 0, 241, 7, 179]
1552551775845;[171, 0, 17, 255, 161, 76, 221, 5, 182, 0, 0, 38, 0, 0, 43, 1, 0, 242, 7, 97]
1552551775846;[171, 0, 17, 255, 161, 76, 221, 5, 182, 0, 0, 36, 0, 0, 42, 1, 0, 241, 7, 41]
1552551776013;[171, 0, 17, 255, 161, 76, 221, 5, 182, 0, 0, 40, 0, 0, 43, 1, 0, 241, 7, 79]
1552551776180;[171, 0, 17, 255, 161, 76, 221, 5, 182, 0, 0, 38, 0, 0, 42, 1, 0, 241, 7, 246]
1552551776180;[171, 0, 17, 255, 161, 76, 221, 5, 182, 0, 0, 38, 0, 0, 42, 1, 0, 243, 8, 99]
1552551776364;[171, 0, 17, 255, 161, 76, 221, 5, 182, 0, 0, 36, 0, 0, 44, 1, 0, 240, 8, 151]
1552551776364;[171, 0, 17, 255, 161, 76, 221, 5, 182, 0, 0, 54, 0, 0, 30, 1, 0, 250, 8, 177]
1552551776531;[171, 0, 17, 255, 161, 76, 221, 5, 182, 0, 0, 43, 0, 0, 47, 1, 0, 246, 8, 230]
1552551776532;[171, 0, 4, 255, 132, 128, 59]
1552551776698;[171, 0, 17, 255, 161, 76, 221, 5, 183, 0, 0, 80, 0, 0, 68, 1, 0, 255, 8, 239]
1552551776882;[171, 0, 17, 255, 161, 76, 221, 5, 183, 0, 0, 123, 0, 0, 69, 1, 0, 221, 9, 27]
1552551776883;[171, 0, 17, 255, 161, 76, 221, 5, 183, 0, 0, 115, 0, 0, 166, 1, 0, 176, 9, 196]
1552551777049;[171, 0, 17, 255, 161, 76, 221, 5, 183, 0, 0, 33, 0, 0, 190, 1, 0, 146, 10, 93]
1552551777049;[171, 0, 17, 255, 161, 76, 221, 5, 183, 1, 0, 22, 0, 0, 195, 1, 0, 138, 10, 247]
1552551777216;[171, 0, 17, 255, 161, 76, 221, 5, 183, 1, 0, 17, 0, 0, 173, 1, 0, 151, 11, 215]
1552551777216;[171, 0, 17, 255, 161, 76, 221, 5, 183, 1, 0, 37, 0, 0, 170, 1, 0, 161, 12, 151]
1552551777400;[171, 0, 17, 255, 161, 76, 221, 5, 183, 0, 0, 7, 0, 0, 198, 1, 0, 138, 13, 60]
1552551777567;[171, 0, 17, 255, 161, 76, 221, 5, 183, 1, 0, 1, 0, 0, 188, 1, 0, 162, 13, 60]
1552551777567;[171, 0, 17, 255, 161, 76, 221, 5, 183, 0, 0, 4, 0, 0, 197, 1, 0, 158, 13, 162]
1552551777734;[171, 0, 4, 255, 132, 128, 59]
1552551777735;[171, 0, 17, 255, 161, 76, 221, 5, 184, 1, 0, 15, 0, 0, 202, 1, 0, 157, 13, 228]
1552551777917;[171, 0, 17, 255, 161, 76, 221, 5, 184, 0, 0, 1, 0, 0, 188, 1, 0, 157, 14, 12]
1552551778085;[171, 0, 17, 255, 161, 76, 221, 5, 184, 1, 0, 14, 0, 0, 193, 1, 0, 162, 14, 34]
1552551778252;[171, 0, 17, 255, 161, 76, 221, 5, 184, 1, 0, 1, 0, 0, 198, 1, 0, 157, 14, 129]
1552551778253;[171, 0, 17, 255, 161, 76, 221, 5, 184, 0, 0, 3, 0, 0, 190, 1, 0, 164, 31, 90]
1552551778253;[171, 0, 17, 255, 161, 76, 221, 5, 184, 0, 0, 3, 0, 0, 188, 1, 0, 164, 8, 105]
1552551778435;[171, 0, 17, 255, 161, 76, 221, 5, 184, 0, 0, 2, 0, 0, 188, 1, 0, 167, 8, 205]
1552551778436;[171, 0, 17, 255, 161, 76, 221, 5, 184, 0, 0, 3, 0, 0, 188, 1, 0, 167, 9, 47]
1552551778603;[171, 0, 17, 255, 161, 76, 221, 5, 184, 0, 0, 7, 0, 0, 182, 1, 0, 172, 9, 74]
1552551778770;[171, 0, 17, 255, 161, 76, 221, 5, 184, 0, 0, 17, 0, 0, 182, 1, 0, 167, 9, 81]
1552551778770;[171, 0, 4, 255, 132, 128, 59]
1552551778937;[171, 0, 17, 255, 161, 76, 221, 5, 185, 0, 0, 9, 0, 0, 186, 1, 0, 168, 9, 81]
1552551778953;[171, 0, 17, 255, 161, 76, 221, 5, 185, 0, 0, 17, 0, 0, 182, 1, 0, 164, 9, 69]
1552551779120;[171, 0, 17, 255, 161, 76, 221, 5, 185, 1, 0, 1, 0, 0, 182, 1, 0, 176, 9, 185]
1552551779121;[171, 0, 17, 255, 161, 76, 221, 5, 185, 0, 0, 7, 0, 0, 187, 1, 0, 163, 10, 43]
1552551779288;[171, 0, 17, 255, 161, 76, 221, 5, 185, 0, 0, 10, 0, 0, 187, 1, 0, 164, 10, 74]
1552551779455;[171, 0, 17, 255, 161, 76, 221, 5, 185, 0, 0, 5, 0, 0, 181, 1, 0, 177, 10, 106]
1552551779472;[171, 0, 17, 255, 161, 76, 221, 5, 185, 0, 0, 19, 0, 0, 193, 1, 0, 171, 10, 123]
1552551779639;[171, 0, 17, 255, 161, 76, 221, 5, 185, 0, 0, 10, 0, 0, 180, 1, 0, 165, 10, 114]
1552551779639;[171, 0, 17, 255, 161, 76, 221, 5, 185, 0, 0, 9, 0, 0, 181, 1, 0, 171, 10, 75]
1552551779806;[171, 0, 17, 255, 161, 76, 221, 5, 185, 0, 0, 12, 0, 0, 182, 1, 0, 171, 10, 31]
1552551779972;[171, 0, 4, 255, 132, 128, 59]
1552551779973;[171, 0, 17, 255, 161, 76, 221, 5, 186, 0, 0, 12, 0, 0, 176, 1, 0, 171, 9, 247]
1552551780156;[171, 0, 17, 255, 161, 76, 221, 5, 186, 0, 0, 9, 0, 0, 180, 1, 0, 176, 10, 26]
1552551780157;[171, 0, 17, 255, 161, 76, 221, 5, 186, 0, 0, 25, 0, 0, 179, 1, 0, 163, 10, 139]
1552551780323;[171, 0, 17, 255, 161, 76, 221, 5, 186, 0, 0, 25, 0, 0, 160, 1, 0, 150, 10, 139]
1552551780324;[171, 0, 17, 255, 161, 76, 221, 5, 186, 1, 0, 11, 0, 0, 173, 1, 0, 155, 10, 120]
1552551780491;[171, 0, 17, 255, 161, 76, 221, 5, 186, 1, 0, 6, 0, 0, 157, 1, 0, 206, 10, 106]
1552551780674;[171, 0, 17, 255, 161, 76, 221, 5, 186, 0, 0, 11, 0, 0, 125, 1, 0, 226, 10, 76]
1552551780675;[171, 0, 17, 255, 161, 76, 221, 5, 186, 0, 0, 43, 0, 0, 106, 1, 0, 228, 10, 33]
1552551780842;[171, 0, 17, 255, 161, 76, 221, 5, 186, 0, 0, 51, 0, 0, 105, 1, 0, 227, 9, 248]
1552551780842;[171, 0, 17, 255, 161, 76, 221, 5, 186, 0, 0, 52, 0, 0, 96, 1, 0, 228, 9, 208]
1552551781009;[171, 0, 4, 255, 132, 128, 59]
1552551781010;[171, 0, 17, 255, 161, 76, 221, 5, 187, 0, 0, 45, 0, 0, 87, 1, 0, 235, 9, 145]
1552551781192;[171, 0, 17, 255, 161, 76, 221, 5, 187, 0, 0, 39, 0, 0, 87, 1, 0, 239, 9, 76]
1552551781360;[171, 0, 17, 255, 161, 76, 221, 5, 187, 0, 0, 36, 0, 0, 96, 1, 0, 242, 8, 227]
1552551781360;[171, 0, 17, 255, 161, 76, 221, 5, 187, 0, 0, 23, 0, 0, 96, 1, 0, 235, 8, 69]
1552551781526;[171, 0, 17, 255, 161, 76, 221, 5, 187, 0, 0, 24, 0, 0, 84, 1, 0, 235, 8, 15]
1552551781527;[171, 0, 17, 255, 161, 76, 221, 5, 187, 0, 0, 2, 0, 0, 79, 1, 0, 220, 7, 237]
1552551781710;[171, 0, 17, 255, 161, 76, 221, 5, 187, 0, 0, 7, 0, 0, 56, 1, 0, 235, 7, 197]
1552551782044;[171, 0, 17, 255, 161, 76, 221, 5, 187, 0, 0, 28, 0, 0, 53, 1, 0, 230, 7, 137]
1552551782045;[171, 0, 17, 255, 161, 76, 221, 5, 187, 0, 0, 19, 0, 0, 36, 1, 0, 255, 7, 55]
1552551782061;[171, 0, 17, 255, 161, 76, 221, 5, 187, 0, 0, 28, 0, 0, 22, 1, 0, 240, 6, 181]
1552551782062;[171, 0, 4, 255, 132, 128, 60]
1552551782228;[171, 0, 17, 255, 161, 76, 221, 5, 192, 0, 0, 40, 0, 0, 34, 1, 1, 11, 6, 15]
1552551782229;[171, 0, 17, 255, 161, 76, 221, 5, 192, 0, 0, 24, 0, 0, 25, 1, 0, 255, 5, 47]
1552551782396;[171, 0, 17, 255, 161, 76, 221, 5, 192, 0, 0, 10, 0, 0, 42, 1, 0, 254, 4, 24]
1552551782562;[171, 0, 17, 255, 161, 76, 221, 5, 192, 0, 0, 28, 0, 0, 21, 1, 0, 246, 3, 93]
1552551782563;[171, 0, 17, 255, 161, 76, 221, 5, 192, 0, 0, 22, 0, 0, 11, 1, 0, 250, 3, 82]
1552551782746;[171, 0, 17, 255, 161, 76, 221, 5, 192, 0, 0, 24, 0, 0, 11, 1, 0, 255, 3, 117]
1552551782747;[171, 0, 17, 255, 161, 76, 221, 5, 192, 0, 0, 28, 0, 0, 10, 1, 0, 244, 3, 111]
1552551783081;[171, 0, 17, 255, 161, 76, 221, 5, 192, 0, 0, 17, 0, 0, 11, 1, 0, 248, 3, 87]
1552551783081;[171, 0, 17, 255, 161, 76, 221, 5, 192, 0, 0, 2, 0, 0, 11, 1, 0, 250, 3, 42]
1552551783082;[171, 0, 17, 255, 161, 76, 221, 5, 192, 0, 0, 2, 0, 0, 20, 1, 0, 247, 2, 225]
1552551783264;[171, 0, 4, 255, 132, 128, 60]
1552551783265;[171, 0, 17, 255, 161, 76, 221, 5, 193, 0, 0, 19, 0, 0, 10, 1, 0, 248, 2, 114]
1552551783432;[171, 0, 17, 255, 161, 76, 221, 5, 193, 0, 0, 10, 0, 0, 7, 1, 0, 249, 1, 223]
1552551783432;[171, 0, 17, 255, 161, 76, 221, 5, 193, 0, 0, 11, 0, 0, 10, 1, 0, 249, 1, 52]
1552551783599;[171, 0, 17, 255, 161, 76, 221, 5, 193, 1, 0, 1, 0, 0, 10, 1, 0, 250, 1, 52]
1552551783782;[171, 0, 17, 255, 161, 76, 221, 5, 193, 1, 0, 6, 0, 0, 16, 1, 0, 243, 1, 20]
1552551783782;[171, 0, 17, 255, 161, 76, 221, 5, 193, 1, 0, 14, 0, 0, 6, 1, 1, 3, 0, 246]
1552551783949;[171, 0, 17, 255, 161, 76, 221, 5, 193, 1, 0, 8, 0, 0, 11, 1, 1, 3, 0, 207]
1552551783950;[171, 0, 17, 255, 161, 76, 221, 5, 193, 1, 0, 8, 0, 0, 8, 1, 1, 3, 16, 146]
1552551784116;[171, 0, 17, 255, 161, 76, 221, 5, 193, 1, 0, 8, 0, 0, 16, 1, 0, 246, 7, 135]
1552551784300;[171, 0, 17, 255, 161, 76, 221, 5, 193, 1, 0, 8, 0, 0, 9, 1, 0, 255, 7, 43]
1552551784301;[171, 0, 4, 255, 132, 128, 61]
1552551784467;[171, 0, 17, 255, 161, 76, 221, 5, 194, 1, 0, 1, 0, 0, 16, 1, 0, 250, 6, 206]
1552551784468;[171, 0, 17, 255, 161, 76, 221, 5, 194, 1, 0, 1, 0, 0, 16, 1, 0, 250, 6, 99]
1552551784818;[171, 0, 17, 255, 161, 76, 221, 5, 194, 1, 0, 3, 0, 0, 16, 1, 0, 255, 6, 28]
1552551784818;[171, 0, 17, 255, 161, 76, 221, 5, 194, 1, 0, 6, 0, 0, 11, 1, 0, 255, 6, 50]
1552551784819;[171, 0, 17, 255, 161, 76, 221, 5, 194, 1, 0, 10, 0, 0, 11, 1, 1, 3, 6, 64]
1552551784985;[171, 0, 17, 255, 161, 76, 221, 5, 194, 1, 0, 1, 0, 0, 10, 1, 0, 254, 6, 52]
1552551784985;[171, 0, 17, 255, 161, 76, 221, 5, 194, 1, 0, 7, 0, 0, 11, 1, 0, 250, 6, 41]
1552551785152;[171, 0, 17, 255, 161, 76, 221, 5, 194, 1, 0, 3, 0, 0, 16, 1, 1, 3, 6, 18]
1552551785153;[171, 0, 17, 255, 161, 76, 221, 5, 194, 1, 0, 12, 0, 0, 8, 1, 0, 249, 5, 242]
1552551785319;[171, 0, 17, 255, 161, 76, 221, 5, 194, 1, 0, 1, 0, 0, 10, 1, 0, 250, 5, 202]
1552551785503;[171, 0, 4, 255, 132, 128, 61]
1552551785670;[171, 0, 17, 255, 161, 76, 221, 5, 195, 1, 0, 3, 0, 0, 11, 1, 0, 250, 5, 168]
1552551785671;[171, 0, 17, 255, 161, 76, 221, 5, 195, 1, 0, 1, 0, 0, 9, 1, 0, 250, 5, 233]
1552551785672;[171, 0, 17, 255, 161, 76, 221, 5, 195, 1, 0, 11, 0, 0, 8, 1, 0, 249, 6, 20]
1552551785837;[171, 0, 17, 255, 161, 76, 221, 5, 195, 1, 0, 3, 0, 0, 11, 1, 0, 254, 6, 29]
1552551785854;[171, 0, 17, 255, 161, 76, 221, 5, 195, 1, 0, 3, 0, 0, 11, 1, 0, 249, 6, 31]
1552551786021;[171, 0, 17, 255, 161, 76, 221, 5, 195, 1, 0, 6, 0, 0, 11, 1, 0, 248, 6, 31]
1552551786021;[171, 0, 17, 255, 161, 76, 221, 5, 195, 1, 0, 3, 0, 0, 11, 1, 0, 249, 6, 36]
1552551786188;[171, 0, 17, 255, 161, 76, 221, 5, 195, 1, 0, 6, 0, 0, 10, 1, 0, 255, 6, 19]
1552551786355;[171, 0, 17, 255, 161, 76, 221, 5, 195, 1, 0, 6, 0, 0, 15, 1, 0, 250, 6, 16]
1552551786538;[171, 0, 17, 255, 161, 76, 221, 5, 198, 1, 0, 6, 0, 0, 11, 1, 0, 250, 6, 243]
1552551786706;[171, 0, 17, 255, 161, 76, 221, 5, 198, 1, 0, 6, 0, 0, 11, 1, 0, 250, 6, 200]
1552551786872;[171, 0, 17, 255, 161, 76, 221, 5, 198, 1, 0, 11, 0, 0, 11, 1, 0, 250, 6, 154]
1552551786873;[171, 0, 17, 255, 161, 76, 221, 5, 198, 1, 0, 6, 0, 0, 11, 1, 0, 249, 6, 95]
1552551787056;[171, 0, 17, 255, 161, 76, 221, 5, 198, 1, 0, 10, 0, 0, 11, 1, 0, 250, 6, 112]
1552551787057;[171, 0, 17, 255, 161, 76, 221, 5, 198, 1, 0, 11, 0, 0, 11, 1, 0, 250, 6, 179]
1552551787223;[171, 0, 17, 255, 161, 76, 221, 5, 198, 1, 0, 12, 0, 0, 10, 1, 0, 250, 6, 205]
1552551787224;[171, 0, 17, 255, 161, 76, 221, 5, 198, 1, 0, 3, 0, 0, 11, 1, 0, 249, 6, 217]
1552551787391;[171, 0, 17, 255, 161, 76, 221, 5, 198, 1, 0, 12, 0, 0, 9, 1, 0, 248, 6, 209]
1552551787574;[171, 0, 17, 255, 161, 76, 221, 5, 198, 1, 0, 6, 0, 0, 10, 1, 0, 254, 6, 171]
1552551787741;[171, 0, 4, 255, 132, 128, 63]
1552551788092;[171, 0, 17, 255, 161, 76, 221, 5, 199, 1, 0, 12, 0, 0, 11, 1, 0, 248, 6, 141]
1552551788093;[171, 0, 17, 255, 161, 76, 221, 5, 199, 1, 0, 11, 0, 0, 10, 1, 0, 250, 6, 96]
1552551788093;[171, 0, 17, 255, 161, 76, 221, 5, 199, 1, 0, 8, 0, 0, 11, 1, 0, 250, 6, 45]
1552551788094;[171, 0, 17, 255, 161, 76, 221, 5, 199, 1, 0, 12, 0, 0, 10, 1, 0, 254, 5, 253]
1552551788094;[171, 0, 17, 255, 161, 76, 221, 5, 199, 1, 0, 12, 0, 0, 10, 1, 0, 250, 6, 37]
1552551788778;[171, 0, 17, 255, 161, 76, 221, 5, 199, 1, 0, 11, 0, 0, 10, 1, 0, 249, 6, 71]
1552551788778;[171, 0, 17, 255, 161, 76, 221, 5, 199, 1, 0, 12, 0, 0, 11, 1, 0, 255, 6, 84]
1552551788779;[171, 0, 17, 255, 161, 76, 221, 5, 199, 1, 0, 12, 0, 0, 11, 1, 0, 250, 6, 92]
1552551788779;[171, 0, 17, 255, 161, 76, 221, 5, 199, 1, 0, 8, 0, 0, 8, 1, 0, 249, 6, 85]
1552551788780;[171, 0, 17, 255, 161, 76, 221, 5, 199, 1, 0, 12, 0, 0, 9, 1, 0, 254, 6, 59]
1552551788780;[171, 0, 4, 255, 132, 128, 64]
1552551788797;[171, 0, 17, 255, 161, 76, 221, 5, 200, 1, 0, 12, 0, 0, 10, 1, 0, 253, 6, 23]
1552551789128;[171, 0, 17, 255, 161, 76, 221, 5, 200, 1, 0, 12, 0, 0, 9, 1, 0, 249, 5, 241]
1552551789129;[171, 0, 17, 255, 161, 76, 221, 5, 200, 1, 0, 8, 0, 0, 10, 1, 0, 254, 5, 213]
1552551789129;[171, 0, 17, 255, 161, 76, 221, 5, 200, 1, 0, 8, 0, 0, 10, 1, 0, 250, 6, 17]
1552551789130;[171, 0, 17, 255, 161, 76, 221, 5, 200, 1, 0, 11, 0, 0, 11, 1, 0, 255, 6, 65]
1552551789295;[171, 0, 17, 255, 161, 76, 221, 5, 200, 1, 0, 11, 0, 0, 16, 1, 0, 250, 6, 70]
1552551789463;[171, 0, 17, 255, 161, 76, 221, 5, 200, 1, 0, 12, 0, 0, 11, 1, 0, 255, 6, 82]
1552551789464;[171, 0, 17, 255, 161, 76, 221, 5, 200, 1, 0, 12, 0, 0, 10, 1, 0, 249, 6, 75]
1552551789646;[171, 0, 17, 255, 161, 76, 221, 5, 200, 1, 0, 12, 0, 0, 10, 1, 0, 249, 6, 56]
1552551789647;[171, 0, 17, 255, 161, 76, 221, 5, 200, 1, 0, 11, 0, 0, 11, 1, 0, 254, 6, 24]
1552551789813;[171, 0, 4, 255, 132, 128, 64]
1552551789814;[171, 0, 17, 255, 161, 76, 221, 5, 201, 1, 0, 7, 0, 0, 11, 1, 0, 249, 5, 240]
1552551790164;[171, 0, 17, 255, 161, 76, 221, 5, 201, 1, 0, 12, 0, 0, 9, 1, 0, 254, 5, 220]
1552551790331;[171, 0, 17, 255, 161, 76, 221, 5, 201, 1, 0, 11, 0, 0, 11, 1, 0, 255, 6, 30]
1552551790499;[171, 0, 17, 255, 161, 76, 221, 5, 201, 1, 0, 11, 0, 0, 10, 1, 0, 249, 6, 96]
1552551790499;[171, 0, 17, 255, 161, 76, 221, 5, 201, 1, 0, 11, 0, 0, 10, 1, 0, 249, 6, 118]
1552551790500;[171, 0, 17, 255, 161, 76, 221, 5, 201, 1, 0, 12, 0, 0, 10, 1, 0, 249, 6, 141]
1552551790516;[171, 0, 17, 255, 161, 76, 221, 5, 201, 1, 0, 10, 0, 0, 11, 1, 0, 255, 6, 155]
1552551790683;[171, 0, 17, 255, 161, 76, 221, 5, 201, 1, 0, 11, 0, 0, 10, 1, 0, 250, 6, 142]
1552551790684;[171, 0, 17, 255, 161, 76, 221, 5, 201, 1, 0, 14, 0, 0, 11, 1, 0, 250, 6, 119]
1552551790849;[171, 0, 17, 255, 161, 76, 221, 5, 201, 1, 0, 12, 0, 0, 10, 1, 0, 250, 6, 95]
1552551790850;[171, 0, 4, 255, 132, 128, 64]
1552551791017;[171, 0, 17, 255, 161, 76, 221, 5, 202, 1, 0, 11, 0, 0, 10, 1, 0, 249, 6, 61]
1552551791017;[171, 0, 17, 255, 161, 76, 221, 5, 202, 1, 0, 12, 0, 0, 11, 1, 0, 250, 6, 127]
1552551791368;[171, 0, 17, 255, 161, 76, 221, 5, 202, 1, 0, 13, 0, 0, 11, 1, 0, 250, 6, 197]
1552551791368;[171, 0, 17, 255, 161, 76, 221, 5, 202, 1, 0, 12, 0, 0, 11, 1, 0, 255, 6, 242]
1552551791369;[171, 0, 17, 255, 161, 76, 221, 5, 202, 1, 0, 12, 0, 0, 10, 1, 0, 254, 7, 20]
1552551791535;[171, 0, 17, 255, 161, 76, 221, 5, 202, 1, 0, 7, 0, 0, 10, 1, 0, 249, 7, 36]
1552551791535;[171, 0, 17, 255, 161, 76, 221, 5, 202, 1, 0, 11, 0, 0, 11, 1, 0, 254, 7, 27]
1552551791702;[171, 0, 17, 255, 161, 76, 221, 5, 202, 1, 0, 11, 0, 0, 9, 1, 0, 250, 7, 19]
1552551791886;[171, 0, 17, 255, 161, 76, 221, 5, 202, 1, 0, 6, 0, 0, 11, 1, 0, 249, 6, 249]
1552551791886;[171, 0, 17, 255, 161, 76, 221, 5, 202, 1, 0, 12, 0, 0, 11, 1, 0, 250, 6, 223]
1552551792053;[171, 0, 4, 255, 132, 128, 65]
1552551792054;[171, 0, 17, 255, 161, 76, 221, 5, 203, 1, 0, 12, 0, 0, 10, 1, 0, 250, 7, 11]
1552551792236;[171, 0, 17, 255, 161, 76, 221, 5, 203, 1, 0, 11, 0, 0, 10, 1, 0, 250, 7, 82]
1552551792237;[171, 0, 17, 255, 161, 76, 221, 5, 203, 1, 0, 8, 0, 0, 11, 1, 0, 254, 7, 123]
1552551792404;[171, 0, 17, 255, 161, 76, 221, 5, 203, 1, 0, 4, 0, 0, 11, 1, 0, 249, 7, 148]
1552551792571;[171, 0, 17, 255, 161, 76, 221, 5, 203, 1, 0, 11, 0, 0, 10, 1, 0, 249, 7, 165]
1552551792571;[171, 0, 17, 255, 161, 76, 221, 5, 203, 1, 0, 15, 0, 0, 11, 1, 0, 249, 7, 159]
1552551792738;[171, 0, 17, 255, 161, 76, 221, 5, 203, 1, 0, 8, 0, 0, 9, 1, 0, 254, 7, 132]
1552551792754;[171, 0, 17, 255, 161, 76, 221, 5, 203, 1, 0, 12, 0, 0, 9, 1, 1, 3, 7, 107]
1552551792922;[171, 0, 17, 255, 161, 76, 221, 5, 203, 1, 0, 12, 0, 0, 10, 1, 0, 254, 7, 75]
1552551792922;[171, 0, 17, 255, 161, 76, 221, 5, 203, 1, 0, 11, 0, 0, 15, 1, 0, 254, 7, 157]
1552551793089;[171, 0, 4, 255, 132, 128, 65]
1552551793256;[171, 0, 17, 255, 161, 76, 221, 5, 204, 1, 0, 10, 0, 0, 11, 1, 0, 249, 7, 221]
1552551793257;[171, 0, 17, 255, 161, 76, 221, 5, 204, 1, 0, 11, 0, 0, 11, 1, 0, 249, 7, 254]
1552551793440;[171, 0, 17, 255, 161, 76, 221, 5, 204, 1, 0, 11, 0, 0, 11, 1, 0, 250, 8, 24]
1552551793440;[171, 0, 17, 255, 161, 76, 221, 5, 204, 1, 0, 8, 0, 0, 11, 1, 0, 250, 8, 32]
1552551793607;[171, 0, 17, 255, 161, 76, 221, 5, 204, 1, 0, 12, 0, 0, 11, 1, 0, 254, 8, 24]
1552551793774;[171, 0, 17, 255, 161, 76, 221, 5, 204, 1, 0, 13, 0, 0, 11, 1, 0, 249, 7, 241]
1552551793774;[171, 0, 17, 255, 161, 76, 221, 5, 204, 1, 0, 11, 0, 0, 16, 1, 0, 248, 7, 207]
1552551793958;[171, 0, 17, 255, 161, 76, 221, 5, 204, 1, 0, 11, 0, 0, 11, 1, 0, 255, 7, 165]
1552551793959;[171, 0, 17, 255, 161, 76, 221, 5, 204, 1, 0, 11, 0, 0, 10, 1, 0, 255, 7, 239]
1552551794125;[171, 0, 17, 255, 161, 76, 221, 5, 204, 1, 0, 12, 0, 0, 11, 1, 0, 250, 8, 68]
1552551794125;[171, 0, 4, 255, 132, 128, 66]
1552551794291;[171, 0, 17, 255, 161, 76, 221, 5, 205, 1, 0, 6, 0, 0, 11, 1, 0, 250, 8, 107]
1552551794475;[171, 0, 17, 255, 161, 76, 221, 5, 205, 1, 0, 11, 0, 0, 11, 1, 0, 254, 8, 138]
1552551794476;[171, 0, 17, 255, 161, 76, 221, 5, 205, 1, 0, 11, 0, 0, 11, 1, 0, 249, 8, 143]
1552551794658;[171, 0, 17, 255, 161, 76, 221, 5, 205, 1, 0, 13, 0, 0, 11, 1, 0, 250, 8, 128]
1552551794659;[171, 0, 17, 255, 161, 76, 221, 5, 205, 1, 0, 14, 0, 0, 10, 1, 0, 249, 8, 110]
1552551794809;[171, 0, 17, 255, 161, 76, 221, 5, 205, 1, 0, 11, 0, 0, 11, 1, 0, 250, 8, 65]
1552551795160;[171, 0, 17, 255, 161, 76, 221, 5, 205, 1, 0, 12, 0, 0, 15, 1, 0, 250, 8, 14]
1552551795160;[171, 0, 17, 255, 161, 76, 221, 5, 205, 1, 0, 11, 0, 0, 11, 1, 0, 249, 8, 9]
1552551795161;[171, 0, 17, 255, 161, 76, 221, 5, 205, 1, 0, 11, 0, 0, 11, 1, 0, 254, 8, 99]
1552551795161;[171, 0, 17, 255, 161, 76, 221, 5, 205, 1, 0, 10, 0, 0, 11, 1, 0, 249, 8, 155]
1552551795329;[171, 0, 4, 255, 132, 128, 66]
1552551795511;[171, 0, 17, 255, 161, 76, 221, 5, 206, 1, 0, 11, 0, 0, 11, 1, 0, 250, 8, 189]
1552551795512;[171, 0, 17, 255, 161, 76, 221, 5, 206, 1, 0, 11, 0, 0, 11, 1, 0, 250, 8, 199]
1552551795679;[171, 0, 17, 255, 161, 76, 221, 5, 206, 1, 0, 12, 0, 0, 10, 1, 0, 250, 8, 199]
1552551795679;[171, 0, 17, 255, 161, 76, 221, 5, 206, 1, 0, 12, 0, 0, 10, 1, 1, 3, 8, 178]
1552551796029;[171, 0, 17, 255, 161, 76, 221, 5, 206, 1, 0, 8, 0, 0, 11, 1, 0, 254, 8, 135]
1552551796030;[171, 0, 17, 255, 161, 76, 221, 5, 206, 1, 0, 12, 0, 0, 10, 1, 0, 250, 8, 102]
1552551796030;[171, 0, 17, 255, 161, 76, 221, 5, 206, 1, 0, 10, 0, 0, 11, 1, 0, 250, 8, 97]
1552551796031;[171, 0, 17, 255, 161, 76, 221, 5, 206, 1, 0, 11, 0, 0, 11, 1, 0, 254, 8, 189]
1552551796196;[171, 0, 17, 255, 161, 76, 221, 5, 206, 1, 0, 12, 0, 0, 11, 1, 0, 249, 8, 234]
1552551796363;[171, 0, 17, 255, 161, 76, 221, 5, 206, 1, 0, 12, 0, 0, 11, 1, 0, 249, 8, 252]
1552551796547;[171, 0, 4, 255, 132, 128, 66]
1552551796548;[171, 0, 17, 255, 161, 76, 221, 5, 207, 1, 0, 15, 0, 0, 10, 1, 0, 254, 9, 6]
1552551796714;[171, 0, 17, 255, 161, 76, 221, 5, 207, 1, 0, 11, 0, 0, 11, 1, 0, 255, 8, 247]
1552551796881;[171, 0, 17, 255, 161, 76, 221, 5, 207, 1, 0, 11, 0, 0, 11, 1, 0, 250, 8, 210]
1552551796881;[171, 0, 17, 255, 161, 76, 221, 5, 207, 1, 0, 12, 0, 0, 11, 1, 0, 254, 8, 168]
1552551796882;[171, 0, 17, 255, 161, 76, 221, 5, 207, 1, 0, 11, 0, 0, 10, 1, 0, 249, 8, 121]
1552551797065;[171, 0, 17, 255, 161, 76, 221, 5, 207, 1, 0, 10, 0, 0, 11, 1, 0, 248, 8, 55]
1552551797065;[171, 0, 17, 255, 161, 76, 221, 5, 207, 1, 0, 11, 0, 0, 11, 1, 0, 249, 8, 127]
1552551797399;[171, 0, 17, 255, 161, 76, 221, 5, 207, 1, 0, 14, 0, 0, 11, 1, 0, 249, 8, 201]
1552551797399;[171, 0, 17, 255, 161, 76, 221, 5, 207, 1, 0, 8, 0, 0, 11, 1, 0, 255, 8, 241]
1552551797400;[171, 0, 17, 255, 161, 76, 221, 5, 207, 1, 0, 12, 0, 0, 11, 1, 0, 255, 9, 7]
1552551797566;[171, 0, 4, 255, 132, 128, 66]
1552551797586;[171, 0, 17, 255, 161, 76, 221, 5, 208, 1, 0, 10, 0, 0, 10, 1, 0, 249, 9, 8]
1552551797917;[171, 0, 17, 255, 161, 76, 221, 5, 208, 1, 0, 14, 0, 0, 11, 1, 0, 254, 8, 246]
1552551797918;[171, 0, 17, 255, 161, 76, 221, 5, 208, 1, 0, 12, 0, 0, 11, 1, 0, 255, 8, 220]
1552551797918;[171, 0, 17, 255, 161, 76, 221, 5, 208, 1, 0, 11, 0, 0, 10, 1, 0, 254, 8, 178]
1552551797919;[171, 0, 17, 255, 161, 76, 221, 5, 208, 1, 0, 14, 0, 0, 10, 1, 0, 249, 8, 127]
1552551798268;[171, 0, 17, 255, 161, 76, 221, 5, 208, 1, 0, 10, 0, 0, 10, 1, 0, 249, 8, 115]
1552551798269;[171, 0, 17, 255, 161, 76, 221, 5, 208, 1, 0, 11, 0, 0, 11, 1, 0, 250, 8, 213]
1552551798269;[171, 0, 17, 255, 161, 76, 221, 5, 208, 1, 0, 12, 0, 0, 11, 1, 0, 254, 9, 19]
1552551798435;[171, 0, 17, 255, 161, 76, 221, 5, 208, 1, 0, 12, 0, 0, 11, 1, 0, 250, 9, 52]
1552551798436;[171, 0, 17, 255, 161, 76, 221, 5, 208, 1, 0, 12, 0, 0, 11, 1, 0, 249, 9, 88]
1552551798602;[171, 0, 4, 255, 132, 128, 66]
1552551798786;[171, 0, 17, 255, 161, 76, 221, 5, 209, 1, 0, 7, 0, 0, 9, 1, 1, 3, 9, 109]
1552551798953;[171, 0, 17, 255, 161, 76, 221, 5, 209, 0, 0, 0, 1, 0, 14, 1, 1, 60, 9, 128]
1552551799120;[171, 0, 17, 255, 161, 76, 221, 5, 209, 1, 0, 34, 1, 0, 12, 1, 1, 100, 9, 25]
1552551799121;[171, 0, 17, 255, 161, 76, 221, 5, 209, 0, 0, 122, 0, 0, 106, 1, 1, 6, 8, 97]
1552551799137;[171, 0, 17, 255, 161, 76, 221, 5, 209, 0, 0, 105, 0, 0, 182, 1, 0, 121, 9, 13]
1552551799138;[171, 0, 17, 255, 161, 76, 221, 5, 209, 0, 0, 10, 0, 0, 172, 1, 0, 45, 9, 218]
1552551799304;[171, 0, 17, 255, 161, 76, 221, 5, 209, 1, 0, 52, 0, 0, 130, 1, 0, 86, 10, 107]
1552551799639;[171, 0, 17, 255, 161, 76, 221, 5, 209, 1, 0, 149, 0, 0, 97, 1, 0, 122, 10, 29]
1552551799639;[171, 0, 17, 255, 161, 76, 221, 5, 209, 1, 0, 170, 0, 0, 106, 1, 0, 143, 9, 104]
1552551799655;[171, 0, 17, 255, 161, 76, 221, 5, 209, 1, 0, 141, 0, 0, 160, 1, 0, 93, 9, 25]
1552551799655;[171, 0, 4, 255, 132, 128, 66]
1552551799822;[171, 0, 17, 255, 161, 76, 221, 5, 210, 1, 0, 167, 0, 0, 130, 1, 0, 144, 7, 248]
1552551799823;[171, 0, 17, 255, 161, 76, 221, 5, 210, 1, 0, 122, 0, 0, 151, 1, 0, 153, 6, 161]
1552551799989;[171, 0, 17, 255, 161, 76, 221, 5, 210, 1, 0, 169, 0, 0, 126, 1, 0, 129, 6, 114]
1552551800156;[171, 0, 17, 255, 161, 76, 221, 5, 210, 1, 0, 161, 0, 0, 147, 1, 0, 156, 5, 8]
1552551800156;[171, 0, 17, 255, 161, 76, 221, 5, 210, 1, 0, 113, 0, 0, 151, 1, 0, 157, 4, 109]
1552551800340;[171, 0, 17, 255, 161, 76, 221, 5, 210, 1, 0, 161, 0, 0, 129, 1, 0, 121, 4, 174]
1552551800341;[171, 0, 17, 255, 161, 76, 221, 5, 210, 1, 0, 171, 0, 0, 153, 1, 0, 144, 3, 166]
1552551800507;[171, 0, 17, 255, 161, 76, 221, 5, 210, 1, 0, 155, 0, 0, 145, 1, 0, 146, 3, 166]
1552551800674;[171, 0, 17, 255, 161, 76, 221, 5, 210, 1, 0, 171, 0, 0, 144, 1, 0, 118, 3, 224]
1552551800674;[171, 0, 17, 255, 161, 76, 221, 5, 210, 1, 0, 174, 0, 0, 157, 1, 0, 141, 2, 245]
1552551800857;[171, 0, 4, 255, 132, 128, 66]
1552551800858;[171, 0, 17, 255, 161, 76, 221, 5, 211, 1, 0, 123, 0, 0, 148, 1, 0, 156, 2, 102]
1552551801024;[171, 0, 17, 255, 161, 76, 221, 5, 211, 1, 0, 176, 0, 0, 163, 1, 0, 142, 2, 148]
1552551801192;[171, 0, 17, 255, 161, 76, 221, 5, 211, 1, 0, 146, 0, 0, 154, 1, 0, 150, 2, 121]
1552551801375;[171, 0, 17, 255, 161, 76, 221, 5, 211, 1, 0, 151, 0, 0, 157, 1, 0, 148, 1, 252]
1552551801376;[171, 0, 17, 255, 161, 76, 221, 5, 211, 1, 0, 167, 0, 0, 167, 1, 0, 135, 2, 27]
1552551801376;[171, 0, 17, 255, 161, 76, 221, 5, 211, 1, 0, 144, 0, 0, 142, 1, 0, 155, 1, 217]
1552551801543;[171, 0, 17, 255, 161, 76, 221, 5, 211, 1, 0, 147, 0, 0, 156, 1, 0, 156, 1, 1]
1552551801543;[171, 0, 17, 255, 161, 76, 221, 5, 211, 1, 0, 142, 0, 0, 156, 1, 0, 147, 0, 211]
1552551801710;[171, 0, 17, 255, 161, 76, 221, 5, 211, 1, 0, 163, 0, 0, 141, 1, 0, 114, 16, 182]
1552551801711;[171, 0, 17, 255, 161, 76, 221, 5, 211, 1, 0, 167, 0, 0, 164, 1, 0, 156, 7, 58]
1552551801894;[171, 0, 4, 255, 132, 128, 66]
1552551802061;[171, 0, 17, 255, 161, 76, 221, 5, 212, 1, 0, 153, 0, 0, 144, 1, 0, 144, 7, 10]
1552551802061;[171, 0, 17, 255, 161, 76, 221, 5, 212, 1, 0, 136, 0, 0, 122, 1, 0, 138, 7, 186]
1552551802228;[171, 0, 17, 255, 161, 76, 221, 5, 212, 1, 0, 165, 0, 0, 135, 1, 0, 125, 8, 12]
1552551802229;[171, 0, 17, 255, 161, 76, 221, 5, 212, 1, 0, 127, 0, 0, 181, 1, 0, 93, 8, 213]
1552551802413;[171, 0, 17, 255, 161, 76, 221, 5, 212, 1, 0, 81, 0, 0, 204, 1, 0, 60, 9, 163]
1552551802579;[171, 0, 17, 255, 161, 76, 221, 5, 212, 0, 0, 16, 0, 0, 220, 1, 0, 99, 10, 106]
1552551802580;[171, 0, 17, 255, 161, 76, 221, 5, 212, 0, 0, 120, 0, 0, 154, 1, 0, 195, 11, 30]
1552551802930;[171, 0, 17, 255, 161, 76, 221, 5, 212, 1, 0, 73, 0, 0, 18, 1, 1, 67, 11, 164]
1552551802931;[171, 0, 17, 255, 161, 76, 221, 5, 212, 1, 0, 65, 1, 0, 33, 1, 1, 32, 12, 138]
1552551802931;[171, 0, 17, 255, 161, 76, 221, 5, 212, 1, 0, 44, 0, 0, 26, 1, 1, 132, 13, 215]
1552551802932;[171, 0, 4, 255, 132, 128, 66]
1552551803096;[171, 0, 17, 255, 161, 76, 221, 5, 213, 1, 0, 57, 0, 0, 42, 1, 0, 255, 15, 13]
1552551803447;[171, 0, 17, 255, 161, 76, 221, 5, 213, 1, 0, 67, 0, 0, 16, 1, 1, 3, 31, 255]
1552551803448;[171, 0, 17, 255, 161, 76, 221, 5, 213, 1, 0, 24, 0, 0, 22, 1, 1, 3, 8, 160]
1552551803615;[171, 0, 17, 255, 161, 76, 221, 5, 213, 1, 0, 60, 0, 0, 30, 1, 0, 250, 9, 66]
1552551803615;[171, 0, 17, 255, 161, 76, 221, 5, 213, 1, 0, 46, 0, 0, 26, 1, 0, 246, 9, 200]
1552551803616;[171, 0, 17, 255, 161, 76, 221, 5, 213, 1, 0, 22, 0, 0, 52, 1, 0, 233, 10, 62]
1552551803617;[171, 0, 17, 255, 161, 76, 221, 5, 213, 1, 0, 6, 0, 0, 40, 1, 1, 5, 10, 232]
1552551803781;[171, 0, 17, 255, 161, 76, 221, 5, 213, 1, 0, 6, 0, 0, 46, 1, 0, 236, 10, 232]
1552551803965;[171, 0, 17, 255, 161, 76, 221, 5, 213, 0, 0, 17, 0, 0, 52, 1, 0, 248, 10, 232]
1552551803966;[171, 0, 17, 255, 161, 76, 221, 5, 213, 0, 0, 5, 0, 0, 52, 1, 0, 246, 11, 185]
1552551804132;[171, 0, 4, 255, 132, 128, 66]
1552551804133;[171, 0, 17, 255, 161, 76, 221, 5, 214, 0, 0, 12, 0, 0, 57, 1, 0, 239, 12, 67]
1552551804300;[171, 0, 17, 255, 161, 76, 221, 5, 214, 0, 0, 17, 0, 0, 31, 1, 1, 44, 12, 156]
1552551804466;[171, 0, 17, 255, 161, 76, 221, 5, 214, 0, 0, 50, 0, 0, 103, 1, 0, 224, 12, 145]
1552551804483;[171, 0, 17, 255, 161, 76, 221, 5, 214, 0, 0, 41, 0, 0, 77, 1, 0, 220, 12, 150]
1552551804650;[171, 0, 17, 255, 161, 76, 221, 5, 214, 0, 0, 19, 0, 0, 59, 1, 0, 244, 12, 125]
1552551804651;[171, 0, 17, 255, 161, 76, 221, 5, 214, 0, 0, 34, 0, 0, 58, 1, 0, 240, 13, 24]
1552551804818;[171, 0, 17, 255, 161, 76, 221, 5, 214, 0, 0, 38, 0, 0, 70, 1, 0, 239, 13, 176]
1552551804818;[171, 0, 17, 255, 161, 76, 221, 5, 214, 0, 0, 53, 0, 0, 80, 1, 0, 216, 13, 239]
1552551804985;[171, 0, 17, 255, 161, 76, 221, 5, 214, 1, 0, 8, 0, 0, 61, 1, 1, 3, 14, 26]
1552551805168;[171, 0, 17, 255, 161, 76, 221, 5, 214, 0, 0, 34, 0, 0, 58, 1, 0, 211, 13, 230]
1552551805169;[171, 0, 4, 255, 132, 128, 67]
1552551805335;[171, 0, 17, 255, 161, 76, 221, 5, 215, 0, 0, 27, 0, 0, 47, 1, 0, 254, 13, 156]
1552551805336;[171, 0, 17, 255, 161, 76, 221, 5, 215, 0, 0, 21, 0, 0, 44, 1, 0, 240, 13, 62]
1552551805502;[171, 0, 17, 255, 161, 76, 221, 5, 215, 0, 0, 33, 0, 0, 62, 1, 0, 234, 12, 176]
1552551805686;[171, 0, 17, 255, 161, 76, 221, 5, 215, 0, 0, 19, 0, 0, 58, 1, 0, 243, 12, 86]
1552551805687;[171, 0, 17, 255, 161, 76, 221, 5, 215, 0, 0, 24, 0, 0, 58, 1, 0, 240, 12, 29]
1552551805854;[171, 0, 17, 255, 161, 76, 221, 5, 215, 0, 0, 27, 0, 0, 58, 1, 0, 237, 12, 84]
1552551805854;[171, 0, 17, 255, 161, 76, 221, 5, 215, 0, 0, 25, 0, 0, 60, 1, 0, 243, 12, 120]
1552551806538;[171, 0, 17, 255, 161, 76, 221, 5, 215, 0, 0, 25, 0, 0, 58, 1, 0, 239, 12, 83]
1552551806555;[171, 0, 17, 255, 161, 76, 221, 5, 215, 0, 0, 23, 0, 0, 54, 1, 0, 242, 12, 38]
1552551806556;[171, 0, 17, 255, 161, 76, 221, 5, 215, 0, 0, 24, 0, 0, 54, 1, 0, 242, 11, 227]
1552551806556;[171, 0, 4, 255, 132, 128, 67]
1552551806557;[171, 0, 17, 255, 161, 76, 221, 5, 216, 0, 0, 24, 0, 0, 56, 1, 0, 241, 11, 136]
1552551806558;[171, 0, 17, 255, 161, 76, 221, 5, 216, 0, 0, 23, 0, 0, 53, 1, 0, 243, 11, 29]
1552551806558;[171, 0, 17, 255, 161, 76, 221, 5, 216, 0, 0, 13, 0, 0, 49, 1, 0, 248, 10, 169]
1552551806890;[171, 0, 17, 255, 161, 76, 221, 5, 216, 0, 0, 12, 0, 0, 52, 1, 0, 246, 10, 100]
1552551806890;[171, 0, 17, 255, 161, 76, 221, 5, 216, 0, 0, 12, 0, 0, 47, 1, 0, 245, 10, 101]
1552551806891;[171, 0, 17, 255, 161, 76, 221, 5, 216, 0, 0, 12, 0, 0, 50, 1, 0, 241, 10, 61]
1552551807057;[171, 0, 17, 255, 161, 76, 221, 5, 216, 0, 0, 12, 0, 0, 50, 1, 0, 246, 10, 3]
1552551807057;[171, 0, 17, 255, 161, 76, 221, 5, 216, 0, 0, 12, 0, 0, 46, 1, 0, 245, 9, 187]
1552551807240;[171, 0, 17, 255, 161, 76, 221, 5, 216, 0, 0, 12, 0, 0, 50, 1, 0, 243, 9, 105]
1552551807407;[171, 0, 17, 255, 161, 76, 221, 5, 216, 0, 0, 10, 0, 0, 53, 1, 0, 247, 9, 7]
1552551807408;[171, 0, 4, 255, 132, 128, 67]
1552551807575;[171, 0, 17, 255, 161, 76, 221, 5, 217, 0, 0, 11, 0, 0, 51, 1, 0, 245, 8, 164]
1552551807575;[171, 0, 17, 255, 161, 76, 221, 5, 217, 0, 0, 13, 0, 0, 49, 1, 0, 248, 8, 61]
1552551807758;[171, 0, 17, 255, 161, 76, 221, 5, 217, 0, 0, 11, 0, 0, 48, 1, 0, 242, 7, 209]
1552551807925;[171, 0, 17, 255, 161, 76, 221, 5, 217, 0, 0, 9, 0, 0, 47, 1, 0, 243, 7, 185]
1552551808092;[171, 0, 17, 255, 161, 76, 221, 5, 217, 0, 0, 7, 0, 0, 52, 1, 0, 241, 7, 159]
1552551808093;[171, 0, 17, 255, 161, 76, 221, 5, 217, 0, 0, 11, 0, 0, 50, 1, 0, 245, 7, 107]
1552551808093;[171, 0, 17, 255, 161, 76, 221, 5, 217, 0, 0, 8, 0, 0, 50, 1, 0, 243, 7, 51]
1552551808443;[171, 0, 17, 255, 161, 76, 221, 5, 217, 0, 0, 5, 0, 0, 52, 1, 0, 248, 6, 230]
1552551808444;[171, 0, 17, 255, 161, 76, 221, 5, 217, 0, 0, 9, 0, 0, 48, 1, 0, 243, 6, 156]
1552551808610;[171, 0, 17, 255, 161, 76, 221, 5, 220, 0, 0, 9, 0, 0, 45, 1, 0, 244, 2, 250]
1552551808611;[171, 0, 17, 255, 161, 76, 221, 5, 220, 0, 0, 7, 0, 0, 48, 1, 0, 245, 2, 225]
1552551808961;[171, 0, 17, 255, 161, 76, 221, 5, 220, 0, 0, 5, 0, 0, 46, 1, 0, 246, 2, 179]
1552551808962;[171, 0, 17, 255, 161, 76, 221, 5, 220, 0, 0, 9, 0, 0, 49, 1, 0, 246, 2, 161]
1552551808962;[171, 0, 17, 255, 161, 76, 221, 5, 220, 0, 0, 3, 0, 0, 44, 1, 0, 247, 2, 240]
1552551809128;[171, 0, 17, 255, 161, 76, 221, 5, 220, 0, 0, 5, 0, 0, 48, 1, 0, 246, 3, 80]
1552551809129;[171, 0, 17, 255, 161, 76, 221, 5, 220, 0, 0, 5, 0, 0, 46, 1, 0, 246, 3, 141]
1552551809312;[171, 0, 17, 255, 161, 76, 221, 5, 220, 0, 0, 1, 0, 0, 43, 1, 0, 249, 3, 214]
1552551809479;[171, 0, 17, 255, 161, 76, 221, 5, 220, 0, 0, 5, 0, 0, 46, 1, 0, 242, 3, 246]
1552551809480;[171, 0, 17, 255, 161, 76, 221, 5, 220, 0, 0, 5, 0, 0, 46, 1, 0, 245, 4, 22]
1552551809646;[171, 0, 4, 255, 132, 128, 66]
1552551809647;[171, 0, 17, 255, 161, 76, 221, 5, 221, 0, 0, 5, 0, 0, 48, 1, 0, 246, 4, 47]
1552551809830;[171, 0, 17, 255, 161, 76, 221, 5, 221, 1, 0, 1, 0, 0, 46, 1, 0, 243, 4, 48]
1552551809831;[171, 0, 17, 255, 161, 76, 221, 5, 221, 0, 0, 9, 0, 0, 44, 1, 0, 245, 4, 55]
1552551809997;[171, 0, 17, 255, 161, 76, 221, 5, 221, 0, 0, 3, 0, 0, 47, 1, 0, 246, 4, 136]
1552551810164;[171, 0, 17, 255, 161, 76, 221, 5, 221, 0, 0, 1, 0, 0, 44, 1, 0, 246, 5, 40]
1552551810348;[171, 0, 17, 255, 161, 76, 221, 5, 221, 0, 0, 2, 0, 0, 42, 1, 0, 245, 5, 159]
1552551810348;[171, 0, 17, 255, 161, 76, 221, 5, 221, 0, 0, 1, 0, 0, 46, 1, 0, 246, 5, 252]
1552551810349;[171, 0, 17, 255, 161, 76, 221, 5, 221, 0, 0, 2, 0, 0, 46, 1, 0, 248, 6, 68]
1552551810515;[171, 0, 17, 255, 161, 76, 221, 5, 221, 0, 0, 3, 0, 0, 47, 1, 0, 250, 6, 106]
1552551810516;[171, 0, 17, 255, 161, 76, 221, 5, 221, 1, 0, 1, 0, 0, 46, 1, 0, 243, 6, 124]
1552551810682;[171, 0, 4, 255, 132, 128, 66]
1552551810849;[171, 0, 17, 255, 161, 76, 221, 5, 222, 0, 0, 1, 0, 0, 46, 1, 0, 246, 6, 126]
1552551810866;[171, 0, 17, 255, 161, 76, 221, 5, 222, 0, 0, 2, 0, 0, 44, 1, 0, 248, 6, 122]
1552551811033;[171, 0, 17, 255, 161, 76, 221, 5, 222, 0, 0, 3, 0, 0, 44, 1, 0, 246, 6, 117]
1552551811033;[171, 0, 17, 255, 161, 76, 221, 5, 222, 0, 0, 1, 0, 0, 43, 1, 0, 249, 6, 239]
1552551811200;[171, 0, 17, 255, 161, 76, 221, 5, 222, 0, 0, 3, 0, 0, 46, 1, 0, 246, 7, 101]
1552551811367;[171, 0, 17, 255, 161, 76, 221, 5, 222, 0, 0, 2, 0, 0, 46, 1, 0, 246, 7, 155]
1552551811368;[171, 0, 17, 255, 161, 76, 221, 5, 222, 0, 0, 2, 0, 0, 44, 1, 0, 246, 7, 211]
1552551811551;[171, 0, 17, 255, 161, 76, 221, 5, 222, 0, 0, 2, 0, 0, 43, 1, 0, 242, 7, 221]
1552551811551;[171, 0, 17, 255, 161, 76, 221, 5, 222, 0, 0, 2, 0, 0, 46, 1, 0, 245, 7, 220]
1552551811718;[171, 0, 17, 255, 161, 76, 221, 5, 222, 0, 0, 2, 0, 0, 46, 1, 0, 246, 7, 194]
1552551811719;[171, 0, 4, 255, 132, 128, 65]
1552551811885;[171, 0, 17, 255, 161, 76, 221, 5, 223, 1, 0, 1, 0, 0, 42, 1, 0, 243, 7, 160]
1552551812236;[171, 0, 17, 255, 161, 76, 221, 5, 223, 0, 0, 1, 0, 0, 49, 1, 0, 249, 7, 182]
1552551812237;[171, 0, 17, 255, 161, 76, 221, 5, 223, 0, 0, 2, 0, 0, 46, 1, 0, 245, 8, 29]
1552551812237;[171, 0, 17, 255, 161, 76, 221, 5, 223, 0, 0, 1, 0, 0, 43, 1, 0, 249, 8, 81]
1552551812238;[171, 0, 17, 255, 161, 76, 221, 5, 223, 0, 0, 3, 0, 0, 46, 1, 0, 246, 8, 89]
1552551812403;[171, 0, 17, 255, 161, 76, 221, 5, 223, 1, 0, 6, 0, 0, 46, 1, 0, 250, 8, 97]
1552551812587;[171, 0, 17, 255, 161, 76, 221, 5, 223, 0, 0, 7, 0, 0, 49, 1, 0, 245, 8, 73]
1552551812754;[171, 0, 17, 255, 161, 76, 221, 5, 223, 1, 0, 1, 0, 0, 44, 1, 0, 247, 8, 30]
1552551812754;[171, 0, 17, 255, 161, 76, 221, 5, 223, 0, 0, 2, 0, 0, 44, 1, 0, 248, 7, 234]
1552551812755;[171, 0, 17, 255, 161, 76, 221, 5, 223, 0, 0, 1, 0, 0, 44, 1, 0, 249, 7, 182]
1552551812921;[171, 0, 4, 255, 132, 128, 65]
1552551812922;[171, 0, 17, 255, 161, 76, 221, 5, 224, 0, 0, 1, 0, 0, 46, 1, 0, 250, 7, 179]
1552551813105;[171, 0, 17, 255, 161, 76, 221, 5, 224, 0, 0, 1, 0, 0, 44, 1, 0, 246, 8, 5]
1552551813272;[171, 0, 17, 255, 161, 76, 221, 5, 224, 0, 0, 2, 0, 0, 44, 1, 0, 245, 8, 58]
1552551813272;[171, 0, 17, 255, 161, 76, 221, 5, 224, 0, 0, 1, 0, 0, 42, 1, 0, 245, 8, 60]
1552551813439;[171, 0, 17, 255, 161, 76, 221, 5, 224, 0, 0, 1, 0, 0, 44, 1, 0, 250, 8, 54]
1552551813440;[171, 0, 17, 255, 161, 76, 221, 5, 224, 0, 0, 2, 0, 0, 46, 1, 0, 246, 8, 21]
1552551813623;[171, 0, 17, 255, 161, 76, 221, 5, 224, 0, 0, 2, 0, 0, 44, 1, 0, 250, 7, 228]
1552551813623;[171, 0, 17, 255, 161, 76, 221, 5, 224, 0, 0, 2, 0, 0, 44, 1, 0, 243, 7, 170]
1552551813790;[171, 0, 17, 255, 161, 76, 221, 5, 224, 0, 0, 1, 0, 0, 43, 1, 0, 248, 7, 107]
1552551813957;[171, 0, 17, 255, 161, 76, 221, 5, 224, 0, 0, 1, 0, 0, 42, 1, 0, 245, 7, 41]
1552551813958;[171, 0, 4, 255, 132, 128, 65]
1552551814141;[171, 0, 17, 255, 161, 76, 221, 5, 225, 0, 0, 2, 0, 0, 47, 1, 0, 249, 7, 87]
1552551814142;[171, 0, 17, 255, 161, 76, 221, 5, 225, 0, 0, 1, 0, 0, 44, 1, 0, 246, 7, 141]
1552551814308;[171, 0, 17, 255, 161, 76, 221, 5, 225, 0, 0, 1, 0, 0, 42, 1, 0, 248, 7, 146]
1552551814492;[171, 0, 17, 255, 161, 76, 221, 5, 225, 0, 0, 1, 0, 0, 42, 1, 0, 246, 7, 150]
1552551814493;[171, 0, 17, 255, 161, 76, 221, 5, 225, 1, 0, 1, 0, 0, 44, 1, 0, 246, 7, 127]
1552551814662;[171, 0, 17, 255, 161, 76, 221, 5, 225, 0, 0, 2, 0, 0, 46, 1, 0, 248, 7, 88]
1552551814662;[171, 0, 17, 255, 161, 76, 221, 5, 225, 0, 0, 3, 0, 0, 46, 1, 0, 246, 7, 41]
1552551814826;[171, 0, 17, 255, 161, 76, 221, 5, 225, 0, 0, 1, 0, 0, 43, 1, 0, 245, 6, 237]
1552551814993;[171, 0, 17, 255, 161, 76, 221, 5, 225, 1, 0, 1, 0, 0, 44, 1, 0, 245, 6, 169]
1552551814993;[171, 0, 17, 255, 161, 76, 221, 5, 225, 1, 0, 1, 0, 0, 46, 1, 0, 245, 6, 165]
1552551815177;[171, 0, 4, 255, 132, 128, 65]
1552551815178;[171, 0, 17, 255, 161, 76, 221, 5, 226, 0, 0, 3, 0, 0, 46, 1, 0, 246, 6, 195]
1552551815511;[171, 0, 17, 255, 161, 76, 221, 5, 226, 0, 0, 1, 0, 0, 43, 1, 0, 241, 6, 180]
1552551815512;[171, 0, 17, 255, 161, 76, 221, 5, 226, 0, 0, 13, 0, 0, 38, 1, 0, 244, 6, 135]
1552551815512;[171, 0, 17, 255, 161, 76, 221, 5, 226, 0, 0, 10, 0, 0, 52, 1, 0, 240, 6, 117]
1552551815528;[171, 0, 17, 255, 161, 76, 221, 5, 226, 0, 0, 23, 0, 0, 54, 1, 0, 243, 6, 81]
1552551815695;[171, 0, 17, 255, 161, 76, 221, 5, 226, 0, 0, 37, 0, 0, 53, 1, 0, 242, 6, 57]
1552551815862;[171, 0, 17, 255, 161, 76, 221, 5, 226, 0, 0, 28, 0, 0, 49, 1, 0, 246, 6, 20]
1552551815863;[171, 0, 17, 255, 161, 76, 221, 5, 226, 0, 0, 24, 0, 0, 52, 1, 0, 241, 5, 230]
1552551816029;[171, 0, 17, 255, 161, 76, 221, 5, 226, 0, 0, 28, 0, 0, 49, 1, 0, 243, 5, 189]
1552551816030;[171, 0, 17, 255, 161, 76, 221, 5, 226, 0, 0, 24, 0, 0, 42, 1, 0, 242, 5, 236]
1552551816212;[171, 0, 4, 255, 132, 128, 64]
1552551816547;[171, 0, 17, 255, 161, 76, 221, 5, 227, 0, 0, 27, 0, 0, 42, 1, 0, 232, 6, 2]
1552551816548;[171, 0, 17, 255, 161, 76, 221, 5, 227, 0, 0, 40, 0, 0, 36, 1, 0, 243, 6, 6]
1552551816548;[171, 0, 17, 255, 161, 76, 221, 5, 227, 0, 0, 24, 0, 0, 35, 1, 0, 243, 6, 18]
1552551816564;[171, 0, 17, 255, 161, 76, 221, 5, 227, 0, 0, 25, 0, 0, 30, 1, 0, 246, 6, 16]
1552551816714;[171, 0, 17, 255, 161, 76, 221, 5, 227, 0, 0, 25, 0, 0, 40, 1, 0, 246, 5, 250]
1552551816731;[171, 0, 17, 255, 161, 76, 221, 5, 227, 0, 0, 30, 0, 0, 28, 1, 0, 243, 5, 233]
1552551816898;[171, 0, 17, 255, 161, 76, 221, 5, 227, 0, 0, 28, 0, 0, 30, 1, 0, 246, 5, 208]
1552551817065;[171, 0, 17, 255, 161, 76, 221, 5, 227, 0, 0, 28, 0, 0, 30, 1, 0, 242, 5, 219]
1552551817232;[171, 0, 17, 255, 161, 76, 221, 5, 227, 0, 0, 25, 0, 0, 30, 1, 0, 243, 6, 33]
1552551817249;[171, 0, 17, 255, 161, 76, 221, 5, 227, 0, 0, 30, 0, 0, 30, 1, 0, 242, 6, 88]
1552551817249;[171, 0, 4, 255, 132, 128, 64]
1552551817416;[171, 0, 17, 255, 161, 76, 221, 5, 228, 0, 0, 26, 0, 0, 30, 1, 0, 248, 6, 108]
1552551817416;[171, 0, 17, 255, 161, 76, 221, 5, 228, 0, 0, 28, 0, 0, 30, 1, 0, 243, 6, 116]
1552551817583;[171, 0, 17, 255, 161, 76, 221, 5, 228, 0, 0, 32, 0, 0, 28, 1, 0, 248, 6, 85]
1552551817750;[171, 0, 17, 255, 161, 76, 221, 5, 228, 0, 0, 21, 0, 0, 30, 1, 0, 246, 5, 197]
1552551817766;[171, 0, 17, 255, 161, 76, 221, 5, 228, 0, 0, 5, 0, 0, 56, 1, 1, 19, 5, 6]
1552551817933;[171, 0, 17, 255, 161, 76, 221, 5, 228, 1, 0, 52, 0, 0, 25, 1, 0, 249, 4, 101]
1552551817934;[171, 0, 17, 255, 161, 76, 221, 5, 228, 1, 0, 40, 1, 0, 8, 1, 0, 214, 3, 157]
1552551818101;[171, 0, 17, 255, 161, 76, 221, 5, 228, 1, 0, 46, 1, 0, 30, 1, 0, 218, 3, 68]
1552551818268;[171, 0, 17, 255, 161, 76, 221, 5, 228, 1, 0, 29, 0, 0, 16, 1, 1, 32, 3, 70]
1552551818284;[171, 0, 17, 255, 161, 76, 221, 5, 228, 1, 0, 6, 0, 0, 58, 1, 0, 249, 3, 70]
1552551818452;[171, 0, 4, 255, 132, 128, 64]
1552551818453;[171, 0, 17, 255, 161, 76, 221, 5, 229, 1, 0, 33, 0, 0, 32, 1, 0, 246, 3, 37]
1552551818619;[171, 0, 17, 255, 161, 76, 221, 5, 229, 1, 0, 25, 0, 0, 7, 1, 1, 9, 2, 249]
1552551818619;[171, 0, 17, 255, 161, 76, 221, 5, 229, 1, 0, 47, 0, 0, 28, 1, 0, 226, 2, 174]
1552551818786;[171, 0, 17, 255, 161, 76, 221, 5, 229, 1, 0, 45, 0, 0, 16, 1, 0, 247, 2, 148]
1552551818969;[171, 0, 17, 255, 161, 76, 221, 5, 229, 1, 0, 22, 0, 0, 24, 1, 1, 3, 2, 131]
1552551818970;[171, 0, 17, 255, 161, 76, 221, 5, 229, 1, 0, 18, 0, 0, 21, 1, 0, 249, 2, 68]
1552551819137;[171, 0, 17, 255, 161, 76, 221, 5, 229, 1, 0, 23, 0, 0, 22, 1, 0, 250, 2, 1]
1552551819137;[171, 0, 17, 255, 161, 76, 221, 5, 229, 1, 0, 22, 0, 0, 27, 1, 0, 249, 1, 155]
1552551819304;[171, 0, 17, 255, 161, 76, 221, 5, 229, 1, 0, 27, 0, 0, 21, 1, 1, 3, 1, 25]
1552551819488;[171, 0, 17, 255, 161, 76, 221, 5, 229, 1, 0, 19, 0, 0, 24, 1, 0, 248, 16, 135]
1552551819489;[171, 0, 4, 255, 132, 128, 64]
1552551819655;[171, 0, 17, 255, 161, 76, 221, 5, 230, 1, 0, 14, 0, 0, 20, 1, 1, 3, 7, 208]
1552551819655;[171, 0, 17, 255, 161, 76, 221, 5, 230, 0, 0, 2, 0, 0, 22, 1, 0, 234, 6, 66]
1552551819822;[171, 0, 17, 255, 161, 76, 221, 5, 230, 1, 0, 6, 0, 0, 16, 1, 0, 242, 4, 111]
1552551819822;[171, 0, 17, 255, 161, 76, 221, 5, 230, 1, 0, 12, 0, 0, 24, 1, 1, 11, 4, 0]
1552551820005;[171, 0, 17, 255, 161, 76, 221, 5, 230, 0, 0, 1, 0, 0, 20, 1, 0, 245, 4, 36]
1552551820173;[171, 0, 17, 255, 161, 76, 221, 5, 230, 1, 0, 3, 0, 0, 20, 1, 0, 249, 4, 77]
1552551820173;[171, 0, 17, 255, 161, 76, 221, 5, 230, 1, 0, 1, 0, 0, 21, 1, 0, 250, 4, 95]
1552551820340;[171, 0, 17, 255, 161, 76, 221, 5, 230, 1, 0, 1, 0, 0, 20, 1, 0, 254, 4, 124]
1552551820341;[171, 0, 17, 255, 161, 76, 221, 5, 230, 1, 0, 3, 0, 0, 16, 1, 0, 250, 4, 124]
1552551820524;[171, 0, 17, 255, 161, 76, 221, 5, 230, 1, 0, 8, 0, 0, 21, 1, 0, 254, 4, 109]
1552551820524;[171, 0, 4, 255, 132, 128, 64]
1552551820858;[171, 0, 17, 255, 161, 76, 221, 5, 231, 1, 0, 6, 0, 0, 16, 1, 0, 249, 4, 96]
1552551820858;[171, 0, 17, 255, 161, 76, 221, 5, 231, 1, 0, 1, 0, 0, 16, 1, 0, 250, 4, 68]
1552551820875;[171, 0, 17, 255, 161, 76, 221, 5, 231, 1, 0, 1, 0, 0, 21, 1, 0, 249, 4, 27]
1552551821041;[171, 0, 17, 255, 161, 76, 221, 5, 231, 1, 0, 3, 0, 0, 21, 1, 0, 249, 4, 4]
1552551821042;[171, 0, 17, 255, 161, 76, 221, 5, 231, 1, 0, 8, 0, 0, 16, 1, 0, 249, 4, 48]
1552551821208;[171, 0, 17, 255, 161, 76, 221, 5, 231, 1, 0, 4, 0, 0, 21, 1, 0, 249, 4, 56]
1552551821376;[171, 0, 17, 255, 161, 76, 221, 5, 231, 1, 0, 1, 0, 0, 16, 1, 0, 250, 4, 36]
1552551821376;[171, 0, 17, 255, 161, 76, 221, 5, 231, 1, 0, 8, 0, 0, 21, 1, 0, 250, 4, 22]
1552551821560;[171, 0, 17, 255, 161, 76, 221, 5, 231, 1, 0, 3, 0, 0, 20, 1, 0, 249, 3, 239]
1552551821560;[171, 0, 17, 255, 161, 76, 221, 5, 231, 0, 0, 1, 0, 0, 21, 1, 0, 249, 3, 194]
1552551821726;[171, 0, 4, 255, 132, 128, 64]
1552551821727;[171, 0, 17, 255, 161, 76, 221, 5, 232, 0, 0, 1, 0, 0, 16, 1, 0, 250, 3, 152]
1552551822078;[171, 0, 17, 255, 161, 76, 221, 5, 232, 1, 0, 1, 0, 0, 20, 1, 0, 249, 3, 128]
1552551822078;[171, 0, 17, 255, 161, 76, 221, 5, 232, 1, 0, 16, 0, 0, 16, 1, 1, 9, 3, 57]
1552551822079;[171, 0, 17, 255, 161, 76, 221, 5, 232, 0, 0, 47, 0, 0, 21, 1, 0, 226, 1, 229]
1552551822245;[171, 0, 17, 255, 161, 76, 221, 5, 232, 1, 0, 11, 0, 0, 16, 1, 0, 242, 1, 229]
1552551822245;[171, 0, 17, 255, 161, 76, 221, 5, 232, 1, 0, 3, 0, 0, 22, 1, 1, 8, 1, 219]
1552551822579;[171, 0, 17, 255, 161, 76, 221, 5, 232, 1, 0, 12, 0, 0, 26, 1, 0, 243, 2, 46]
1552551822595;[171, 0, 17, 255, 161, 76, 221, 5, 232, 1, 0, 17, 0, 0, 20, 1, 0, 255, 2, 120]
1552551822596;[171, 0, 17, 255, 161, 76, 221, 5, 232, 1, 0, 17, 0, 0, 20, 1, 0, 255, 2, 170]
1552551822763;[171, 0, 17, 255, 161, 76, 221, 5, 232, 1, 0, 17, 0, 0, 25, 1, 0, 248, 2, 227]
1552551822763;[171, 0, 4, 255, 132, 128, 64]
1552551822930;[171, 0, 17, 255, 161, 76, 221, 5, 233, 1, 0, 16, 0, 0, 30, 1, 1, 9, 3, 34]
1552551822931;[171, 0, 17, 255, 161, 76, 221, 5, 233, 0, 0, 16, 0, 0, 16, 1, 0, 255, 3, 74]
1552551823097;[171, 0, 17, 255, 161, 76, 221, 5, 233, 1, 0, 8, 1, 0, 4, 1, 0, 254, 3, 89]
1552551823281;[171, 0, 17, 255, 161, 76, 221, 5, 233, 1, 0, 3, 0, 0, 10, 1, 0, 250, 3, 84]
1552551823281;[171, 0, 17, 255, 161, 76, 221, 5, 233, 0, 0, 19, 0, 0, 16, 1, 1, 17, 2, 175]
1552551823448;[171, 0, 17, 255, 161, 76, 221, 5, 233, 0, 0, 13, 0, 0, 10, 1, 0, 231, 1, 78]
1552551823798;[171, 0, 17, 255, 161, 76, 221, 5, 233, 1, 0, 1, 0, 0, 10, 1, 1, 14, 16, 175]
1552551823799;[171, 0, 17, 255, 161, 76, 221, 5, 233, 1, 0, 14, 0, 0, 16, 1, 1, 3, 8, 55]
1552551823799;[171, 0, 17, 255, 161, 76, 221, 5, 233, 1, 0, 22, 0, 0, 40, 1, 0, 241, 8, 139]
1552551823800;[171, 0, 17, 255, 161, 76, 221, 5, 233, 1, 0, 22, 0, 0, 36, 1, 0, 246, 8, 209]
1552551823966;[171, 0, 4, 255, 132, 128, 64]
1552551823967;[171, 0, 17, 255, 161, 76, 221, 5, 234, 1, 0, 12, 0, 0, 27, 1, 0, 255, 9, 14]
1552551824132;[171, 0, 17, 255, 161, 76, 221, 5, 234, 1, 0, 25, 0, 0, 33, 1, 0, 254, 9, 44]
1552551824150;[171, 0, 17, 255, 161, 76, 221, 5, 234, 1, 0, 21, 0, 0, 29, 1, 1, 3, 9, 63]
1552551824316;[171, 0, 17, 255, 161, 76, 221, 5, 234, 1, 0, 14, 0, 0, 29, 1, 0, 249, 9, 53]
1552551824317;[171, 0, 17, 255, 161, 76, 221, 5, 234, 1, 0, 19, 0, 0, 24, 1, 1, 3, 9, 70]
1552551824484;[171, 0, 17, 255, 161, 76, 221, 5, 234, 1, 0, 15, 0, 0, 29, 1, 0, 246, 9, 82]
1552551824651;[171, 0, 17, 255, 161, 76, 221, 5, 234, 1, 0, 14, 0, 0, 28, 1, 0, 249, 9, 106]
1552551824651;[171, 0, 17, 255, 161, 76, 221, 5, 234, 1, 0, 18, 0, 0, 27, 1, 0, 254, 9, 242]
1552551824834;[171, 0, 17, 255, 161, 76, 221, 5, 234, 1, 0, 3, 0, 0, 25, 1, 0, 246, 10, 63]
1552551824835;[171, 0, 17, 255, 161, 76, 221, 5, 234, 1, 0, 17, 0, 0, 25, 1, 0, 249, 10, 146]
1552551825001;[171, 0, 4, 255, 132, 128, 64]
1552551825169;[171, 0, 17, 255, 161, 76, 221, 5, 235, 1, 0, 12, 0, 0, 24, 1, 0, 255, 10, 223]
1552551825169;[171, 0, 17, 255, 161, 76, 221, 5, 235, 1, 0, 17, 0, 0, 28, 1, 0, 249, 11, 8]
1552551825352;[171, 0, 17, 255, 161, 76, 221, 5, 235, 1, 0, 12, 0, 0, 27, 1, 0, 254, 11, 18]
1552551825353;[171, 0, 17, 255, 161, 76, 221, 5, 235, 0, 0, 30, 0, 0, 27, 1, 0, 252, 10, 201]
1552551825519;[171, 0, 17, 255, 161, 76, 221, 5, 235, 1, 0, 29, 0, 0, 23, 1, 0, 230, 10, 49]
1552551825520;[171, 0, 17, 255, 161, 76, 221, 5, 235, 1, 0, 8, 0, 0, 30, 1, 0, 249, 9, 161]
1552551825687;[171, 0, 17, 255, 161, 76, 221, 5, 235, 0, 0, 1, 0, 0, 29, 1, 0, 249, 9, 206]
1552551825870;[171, 0, 17, 255, 161, 76, 221, 5, 235, 1, 0, 6, 0, 0, 27, 1, 0, 254, 10, 62]
1552551825871;[171, 0, 17, 255, 161, 76, 221, 5, 235, 1, 0, 6, 0, 0, 27, 1, 0, 250, 10, 148]
1552551826037;[171, 0, 17, 255, 161, 76, 221, 5, 235, 1, 0, 22, 0, 0, 27, 1, 1, 3, 10, 226]
1552551826038;[171, 0, 4, 255, 132, 128, 63]
1552551826205;[171, 0, 17, 255, 161, 76, 221, 5, 236, 1, 0, 7, 0, 0, 28, 1, 0, 250, 11, 20]
1552551826397;[171, 0, 17, 255, 161, 76, 221, 5, 236, 1, 0, 12, 0, 0, 27, 1, 0, 254, 11, 68]
1552551826397;[171, 0, 17, 255, 161, 76, 221, 5, 236, 1, 0, 16, 0, 0, 29, 1, 0, 245, 11, 124]
1552551826556;[171, 0, 17, 255, 161, 76, 221, 5, 236, 1, 0, 12, 0, 0, 27, 1, 0, 249, 11, 141]
1552551826556;[171, 0, 17, 255, 161, 76, 221, 5, 236, 1, 0, 6, 0, 0, 25, 1, 1, 3, 11, 135]
1552551826722;[171, 0, 17, 255, 161, 76, 221, 5, 236, 1, 0, 14, 0, 0, 27, 1, 0, 254, 11, 111]
1552551826723;[171, 0, 17, 255, 161, 76, 221, 5, 236, 1, 0, 11, 0, 0, 28, 1, 0, 249, 11, 135]
1552551826907;[171, 0, 17, 255, 161, 76, 221, 5, 236, 0, 0, 7, 0, 0, 16, 1, 1, 13, 11, 207]
1552551827073;[171, 0, 17, 255, 161, 76, 221, 5, 236, 1, 0, 8, 0, 0, 28, 1, 0, 234, 11, 176]
1552551827074;[171, 0, 17, 255, 161, 76, 221, 5, 236, 1, 0, 41, 0, 0, 29, 1, 0, 250, 11, 126]
1552551827240;[171, 0, 4, 255, 132, 128, 63]
1552551827241;[171, 0, 17, 255, 161, 76, 221, 5, 237, 1, 0, 3, 0, 0, 29, 1, 0, 255, 11, 60]
1552551827424;[171, 0, 17, 255, 161, 76, 221, 5, 237, 1, 0, 25, 0, 0, 21, 1, 0, 240, 10, 214]
1552551827425;[171, 0, 17, 255, 161, 76, 221, 5, 237, 1, 0, 17, 0, 0, 30, 1, 0, 254, 10, 153]
1552551827591;[171, 0, 17, 255, 161, 76, 221, 5, 237, 1, 0, 14, 0, 0, 27, 1, 0, 246, 10, 147]
1552551827758;[171, 0, 17, 255, 161, 76, 221, 5, 237, 1, 0, 15, 0, 0, 29, 1, 0, 255, 10, 155]
1552551827759;[171, 0, 17, 255, 161, 76, 221, 5, 237, 1, 0, 16, 0, 0, 29, 1, 0, 249, 10, 141]
1552551827942;[171, 0, 17, 255, 161, 76, 221, 5, 237, 1, 0, 18, 0, 0, 28, 1, 0, 248, 10, 147]
1552551827943;[171, 0, 17, 255, 161, 76, 221, 5, 237, 1, 0, 18, 0, 0, 27, 1, 0, 250, 10, 248]
1552551828109;[171, 0, 17, 255, 161, 76, 221, 5, 237, 1, 0, 22, 0, 0, 30, 1, 0, 247, 11, 74]
1552551828276;[171, 0, 17, 255, 161, 76, 221, 5, 237, 0, 0, 7, 0, 0, 29, 1, 0, 246, 11, 121]
1552551828277;[171, 0, 4, 255, 132, 128, 62]
1552551828627;[171, 0, 17, 255, 161, 76, 221, 5, 238, 0, 0, 5, 0, 0, 30, 1, 0, 249, 11, 129]
1552551828628;[171, 0, 17, 255, 161, 76, 221, 5, 238, 1, 0, 18, 0, 0, 24, 1, 0, 244, 11, 92]
1552551828628;[171, 0, 17, 255, 161, 76, 221, 5, 238, 1, 0, 14, 0, 0, 28, 1, 1, 3, 11, 90]
1552551828629;[171, 0, 17, 255, 161, 76, 221, 5, 238, 1, 0, 14, 0, 0, 25, 1, 0, 250, 11, 93]
1552551828795;[171, 0, 17, 255, 161, 76, 221, 5, 238, 1, 0, 12, 0, 0, 27, 1, 0, 250, 11, 91]
1552551828962;[171, 0, 17, 255, 161, 76, 221, 5, 238, 1, 0, 15, 0, 0, 28, 1, 0, 255, 11, 79]
1552551828978;[171, 0, 17, 255, 161, 76, 221, 5, 238, 1, 0, 17, 0, 0, 27, 1, 0, 249, 11, 105]
1552551829145;[171, 0, 17, 255, 161, 76, 221, 5, 238, 1, 0, 14, 0, 0, 28, 1, 0, 254, 11, 206]
1552551829145;[171, 0, 17, 255, 161, 76, 221, 5, 238, 1, 0, 23, 0, 0, 28, 1, 0, 254, 12, 21]
1552551829312;[171, 0, 17, 255, 161, 76, 221, 5, 238, 0, 0, 30, 0, 0, 21, 1, 0, 234, 12, 0]
1552551829313;[171, 0, 4, 255, 132, 128, 62]
1552551829480;[171, 0, 17, 255, 161, 76, 221, 5, 239, 1, 0, 6, 0, 0, 24, 1, 0, 254, 11, 215]
1552551829830;[171, 0, 17, 255, 161, 76, 221, 5, 239, 1, 0, 10, 0, 0, 24, 1, 1, 5, 11, 187]
1552551829831;[171, 0, 17, 255, 161, 76, 221, 5, 239, 1, 0, 1, 0, 0, 27, 1, 0, 249, 11, 170]
1552551829831;[171, 0, 17, 255, 161, 76, 221, 5, 239, 1, 0, 8, 0, 0, 24, 1, 0, 249, 11, 172]
1552551829832;[171, 0, 17, 255, 161, 76, 221, 5, 239, 1, 0, 8, 0, 0, 24, 1, 0, 250, 11, 175]
1552551829997;[171, 0, 17, 255, 161, 76, 221, 5, 239, 1, 0, 10, 0, 0, 22, 1, 0, 254, 11, 160]
1552551830181;[171, 0, 17, 255, 161, 76, 221, 5, 239, 1, 0, 14, 0, 0, 24, 1, 0, 249, 11, 131]
1552551830181;[171, 0, 17, 255, 161, 76, 221, 5, 239, 1, 0, 11, 0, 0, 26, 1, 0, 249, 11, 183]
1552551830348;[171, 0, 17, 255, 161, 76, 221, 5, 239, 1, 0, 14, 0, 0, 27, 1, 0, 249, 12, 36]
1552551830515;[171, 0, 17, 255, 161, 76, 221, 5, 242, 1, 0, 8, 0, 0, 29, 1, 0, 249, 13, 124]
1552551830699;[171, 0, 17, 255, 161, 76, 221, 5, 242, 1, 0, 11, 0, 0, 26, 1, 0, 248, 13, 198]
1552551830866;[171, 0, 17, 255, 161, 76, 221, 5, 242, 1, 0, 8, 0, 0, 30, 1, 0, 250, 14, 10]
1552551830867;[171, 0, 17, 255, 161, 76, 221, 5, 242, 1, 0, 1, 0, 0, 27, 1, 0, 249, 14, 59]
1552551831033;[171, 0, 17, 255, 161, 76, 221, 5, 242, 0, 0, 32, 0, 0, 21, 1, 0, 250, 14, 91]
1552551831033;[171, 0, 17, 255, 161, 76, 221, 5, 242, 1, 0, 18, 0, 0, 27, 1, 0, 251, 13, 209]
1552551831217;[171, 0, 17, 255, 161, 76, 221, 5, 242, 0, 0, 4, 0, 0, 28, 1, 0, 255, 12, 212]
1552551831218;[171, 0, 17, 255, 161, 76, 221, 5, 242, 0, 0, 28, 0, 0, 28, 1, 0, 236, 12, 27]
1552551831384;[171, 0, 17, 255, 161, 76, 221, 5, 242, 0, 0, 2, 0, 0, 30, 1, 1, 3, 11, 216]
1552551831551;[171, 0, 17, 255, 161, 76, 221, 5, 242, 0, 0, 13, 0, 0, 30, 1, 0, 243, 11, 217]
1552551831552;[171, 0, 4, 255, 132, 128, 61]
1552551831735;[171, 0, 17, 255, 161, 76, 221, 5, 243, 0, 0, 13, 0, 0, 29, 1, 0, 246, 11, 228]
1552551831735;[171, 0, 17, 255, 161, 76, 221, 5, 243, 0, 0, 13, 0, 0, 30, 1, 0, 248, 11, 219]
1552551831902;[171, 0, 17, 255, 161, 76, 221, 5, 243, 0, 0, 12, 0, 0, 30, 1, 0, 243, 11, 205]
1552551832069;[171, 0, 17, 255, 161, 76, 221, 5, 243, 0, 0, 17, 0, 0, 29, 1, 0, 246, 11, 182]
1552551832070;[171, 0, 17, 255, 161, 76, 221, 5, 243, 0, 0, 12, 0, 0, 29, 1, 0, 249, 11, 151]
1552551832254;[171, 0, 17, 255, 161, 76, 221, 5, 243, 0, 0, 13, 0, 0, 30, 1, 0, 247, 11, 113]
1552551832255;[171, 0, 17, 255, 161, 76, 221, 5, 243, 0, 0, 19, 0, 0, 30, 1, 0, 245, 11, 47]
1552551832421;[171, 0, 17, 255, 161, 76, 221, 5, 243, 0, 0, 9, 0, 0, 29, 1, 0, 239, 10, 246]
1552551832422;[171, 0, 17, 255, 161, 76, 221, 5, 243, 1, 0, 1, 0, 0, 30, 1, 0, 254, 11, 11]
1552551832587;[171, 0, 17, 255, 161, 76, 221, 5, 243, 1, 0, 1, 0, 0, 28, 1, 0, 248, 11, 89]
1552551832771;[171, 0, 4, 255, 132, 128, 60]
1552551832772;[171, 0, 17, 255, 161, 76, 221, 5, 244, 0, 0, 1, 0, 0, 28, 1, 0, 249, 11, 246]
1552551833105;[171, 0, 17, 255, 161, 76, 221, 5, 244, 0, 0, 1, 0, 0, 28, 1, 0, 249, 12, 117]
1552551833105;[171, 0, 17, 255, 161, 76, 221, 5, 244, 1, 0, 3, 0, 0, 27, 1, 0, 249, 12, 194]
1552551833106;[171, 0, 17, 255, 161, 76, 221, 5, 244, 1, 0, 3, 0, 0, 26, 1, 0, 249, 13, 11]
1552551833122;[171, 0, 17, 255, 161, 76, 221, 5, 244, 1, 0, 8, 0, 0, 27, 1, 0, 249, 13, 48]
1552551833289;[171, 0, 17, 255, 161, 76, 221, 5, 244, 1, 0, 1, 0, 0, 27, 1, 0, 248, 13, 50]
1552551833456;[171, 0, 17, 255, 161, 76, 221, 5, 244, 1, 0, 6, 0, 0, 28, 1, 0, 249, 13, 69]
1552551833457;[171, 0, 17, 255, 161, 76, 221, 5, 244, 1, 0, 12, 0, 0, 27, 1, 0, 249, 13, 75]
1552551833623;[171, 0, 17, 255, 161, 76, 221, 5, 244, 1, 0, 3, 0, 0, 29, 1, 1, 3, 13, 35]
1552551833624;[171, 0, 17, 255, 161, 76, 221, 5, 244, 0, 0, 3, 0, 0, 29, 1, 0, 235, 12, 221]
1552551834141;[171, 0, 4, 255, 132, 128, 60]
1552551834142;[171, 0, 17, 255, 161, 76, 221, 5, 245, 1, 0, 4, 0, 0, 27, 1, 0, 248, 12, 159]
1552551834143;[171, 0, 17, 255, 161, 76, 221, 5, 245, 1, 0, 1, 0, 0, 25, 1, 0, 250, 12, 248]
1552551834143;[171, 0, 17, 255, 161, 76, 221, 5, 245, 1, 0, 3, 0, 0, 29, 1, 0, 254, 13, 72]
1552551834160;[171, 0, 17, 255, 161, 76, 221, 5, 245, 1, 0, 12, 0, 0, 27, 1, 0, 250, 13, 143]
1552551834325;[171, 0, 17, 255, 161, 76, 221, 5, 245, 1, 0, 11, 0, 0, 30, 1, 0, 246, 13, 197]
1552551834325;[171, 0, 17, 255, 161, 76, 221, 5, 245, 1, 0, 12, 0, 0, 28, 1, 0, 250, 13, 233]
1552551834491;[171, 0, 17, 255, 161, 76, 221, 5, 245, 1, 0, 17, 0, 0, 23, 1, 1, 5, 13, 223]
1552551834660;[171, 0, 17, 255, 161, 76, 221, 5, 245, 0, 0, 26, 0, 0, 29, 1, 0, 239, 13, 69]
1552551834661;[171, 0, 17, 255, 161, 76, 221, 5, 245, 0, 0, 1, 0, 0, 29, 1, 0, 254, 12, 169]
1552551834843;[171, 0, 17, 255, 161, 76, 221, 5, 245, 0, 0, 13, 0, 0, 30, 1, 0, 242, 12, 36]
1552551835010;[171, 0, 4, 255, 132, 128, 60]
1552551835177;[171, 0, 17, 255, 161, 76, 221, 5, 246, 0, 0, 10, 0, 0, 30, 1, 0, 249, 11, 182]
1552551835177;[171, 0, 17, 255, 161, 76, 221, 5, 246, 0, 0, 12, 0, 0, 30, 1, 0, 246, 11, 95]
1552551835178;[171, 0, 17, 255, 161, 76, 221, 5, 246, 0, 0, 11, 0, 0, 30, 1, 0, 250, 11, 74]
1552551835344;[171, 0, 17, 255, 161, 76, 221, 5, 246, 0, 0, 12, 0, 0, 30, 1, 0, 249, 11, 118]
1552551835361;[171, 0, 17, 255, 161, 76, 221, 5, 246, 0, 0, 11, 0, 0, 29, 1, 0, 247, 11, 130]
1552551835528;[171, 0, 17, 255, 161, 76, 221, 5, 246, 0, 0, 13, 0, 0, 30, 1, 0, 248, 11, 129]
1552551835529;[171, 0, 17, 255, 161, 76, 221, 5, 246, 0, 0, 12, 0, 0, 30, 1, 0, 249, 11, 99]
1552551835862;[171, 0, 17, 255, 161, 76, 221, 5, 246, 0, 0, 12, 0, 0, 35, 1, 0, 249, 11, 98]
1552551835878;[171, 0, 17, 255, 161, 76, 221, 5, 246, 0, 0, 12, 0, 0, 30, 1, 0, 247, 11, 27]
1552551835879;[171, 0, 17, 255, 161, 76, 221, 5, 246, 0, 0, 12, 0, 0, 29, 1, 0, 249, 10, 238]
1552551836045;[171, 0, 4, 255, 132, 128, 59]
1552551836046;[171, 0, 17, 255, 161, 76, 221, 5, 247, 0, 0, 11, 0, 0, 29, 1, 0, 249, 10, 189]
1552551836380;[171, 0, 17, 255, 161, 76, 221, 5, 247, 0, 0, 13, 0, 0, 28, 1, 0, 249, 10, 116]
1552551836381;[171, 0, 17, 255, 161, 76, 221, 5, 247, 0, 0, 12, 0, 0, 30, 1, 0, 246, 10, 66]
1552551836396;[171, 0, 17, 255, 161, 76, 221, 5, 247, 0, 0, 12, 0, 0, 30, 1, 0, 247, 10, 95]
1552551836564;[171, 0, 17, 255, 161, 76, 221, 5, 247, 0, 0, 11, 0, 0, 29, 1, 0, 246, 10, 144]
1552551836564;[171, 0, 17, 255, 161, 76, 221, 5, 247, 0, 0, 12, 0, 0, 30, 1, 0, 246, 10, 150]
1552551836898;[171, 0, 17, 255, 161, 76, 221, 5, 247, 0, 0, 13, 0, 0, 30, 1, 0, 246, 10, 162]
1552551836899;[171, 0, 17, 255, 161, 76, 221, 5, 247, 0, 0, 12, 0, 0, 29, 1, 0, 249, 10, 148]
1552551836915;[171, 0, 17, 255, 161, 76, 221, 5, 247, 0, 0, 13, 0, 0, 30, 1, 0, 248, 10, 115]
1552551837081;[171, 0, 17, 255, 161, 76, 221, 5, 247, 0, 0, 12, 0, 0, 29, 1, 0, 249, 10, 68]
1552551837082;[171, 0, 4, 255, 132, 128, 59]
1552551837249;[171, 0, 17, 255, 161, 76, 221, 5, 248, 0, 0, 11, 0, 0, 29, 1, 0, 249, 10, 36]
1552551837249;[171, 0, 17, 255, 161, 76, 221, 5, 248, 0, 0, 13, 0, 0, 30, 1, 0, 249, 9, 240]
1552551837415;[171, 0, 17, 255, 161, 76, 221, 5, 248, 0, 0, 14, 0, 0, 34, 1, 0, 243, 9, 181]
1552551837416;[171, 0, 17, 255, 161, 76, 221, 5, 248, 1, 0, 8, 0, 0, 30, 1, 0, 242, 9, 201]
1552551837600;[171, 0, 17, 255, 161, 76, 221, 5, 248, 1, 0, 6, 0, 0, 28, 1, 1, 3, 10, 79]
