1552552971671;[171, 0, 15, 255, 146, 192, 3, 7, 212, 241, 78, 66, 165, 124, 120, 0, 11, 2]
1552552971816;[171, 0, 5, 255, 145, 128, 0, 40]
1552552973866;[171, 0, 4, 255, 132, 128, 61]
1552552973966;[171, 0, 14, 255, 81, 8, 0, 0, 0, 0, 0, 0, 0, 0, 0, 0, 0]
1552552974165;[171, 0, 10, 255, 81, 17, 18, 12, 12, 15, 50, 72, 72]
1552552974315;[171, 0, 10, 255, 81, 17, 18, 12, 12, 15, 55, 56, 56]
1552552974365;[171, 0, 10, 255, 81, 17, 18, 12, 12, 16, 0, 65, 65]
1552552974499;[171, 0, 10, 255, 81, 17, 18, 12, 12, 16, 5, 71, 71]
1552552974567;[171, 0, 10, 255, 81, 17, 18, 12, 12, 16, 10, 71, 71]
1552552974649;[171, 0, 10, 255, 81, 17, 18, 12, 12, 16, 15, 71, 71]
1552552974750;[171, 0, 10, 255, 81, 17, 18, 12, 12, 16, 20, 71, 71]
1552552974851;[171, 0, 4, 255, 132, 128, 60]
1552552974951;[171, 0, 10, 255, 81, 17, 18, 12, 12, 16, 25, 70, 70]
1552552975052;[171, 0, 10, 255, 81, 17, 18, 12, 12, 16, 30, 70, 70]
1552552975135;[171, 0, 10, 255, 81, 17, 18, 12, 12, 16, 35, 73, 73]
1552552975236;[171, 0, 10, 255, 81, 17, 18, 12, 12, 16, 40, 69, 69]
1552552975334;[171, 0, 10, 255, 81, 17, 18, 12, 12, 16, 45, 82, 82]
1552552975434;[171, 0, 10, 255, 81, 17, 18, 12, 12, 16, 50, 78, 78]
1552552975535;[171, 0, 10, 255, 81, 17, 18, 12, 12, 16, 55, 89, 89]
1552552975752;[171, 0, 10, 255, 81, 17, 18, 12, 12, 17, 0, 76, 76]
1552552975920;[171, 0, 10, 255, 81, 17, 18, 12, 12, 17, 5, 74, 74]
1552552975921;[171, 0, 10, 255, 81, 17, 18, 12, 12, 17, 10, 79, 79]
1552552976088;[171, 0, 4, 255, 132, 128, 58]
1552552976091;[171, 0, 10, 255, 81, 17, 18, 12, 12, 17, 15, 76, 76]
1552552976271;[171, 0, 10, 255, 81, 17, 18, 12, 12, 17, 20, 72, 72]
1552552976272;[171, 0, 10, 255, 81, 17, 18, 12, 12, 17, 25, 71, 71]
1552552976438;[171, 0, 10, 255, 81, 17, 18, 12, 12, 17, 30, 72, 72]
1552552976439;[171, 0, 10, 255, 81, 17, 18, 12, 12, 17, 35, 76, 76]
1552552976606;[171, 0, 10, 255, 81, 17, 18, 12, 12, 17, 40, 77, 77]
1552552976789;[171, 0, 10, 255, 81, 17, 18, 12, 12, 17, 45, 79, 79]
1552552976790;[171, 0, 10, 255, 81, 17, 18, 12, 12, 17, 50, 69, 69]
1552552976956;[171, 0, 10, 255, 81, 17, 18, 12, 12, 17, 55, 76, 76]
1552552976957;[171, 0, 10, 255, 81, 17, 18, 12, 12, 18, 0, 77, 77]
1552552977122;[171, 0, 4, 255, 132, 128, 57]
1552552977307;[171, 0, 10, 255, 81, 17, 18, 12, 12, 18, 5, 72, 72]
1552552977308;[171, 0, 10, 255, 81, 17, 18, 12, 12, 18, 10, 75, 75]
1552552977474;[171, 0, 10, 255, 81, 17, 18, 12, 12, 18, 15, 72, 72]
1552552977475;[171, 0, 10, 255, 81, 17, 18, 12, 12, 18, 20, 80, 80]
1552552977641;[171, 0, 10, 255, 81, 17, 18, 12, 12, 18, 25, 88, 88]
1552552977642;[171, 0, 10, 255, 81, 17, 18, 12, 12, 18, 30, 71, 71]
1552552977825;[171, 0, 10, 255, 81, 17, 18, 12, 12, 18, 35, 55, 55]
1552552977992;[171, 0, 10, 255, 81, 17, 18, 12, 12, 18, 40, 71, 71]
1552552977993;[171, 0, 10, 255, 81, 17, 18, 12, 12, 18, 45, 70, 70]
1552552978159;[171, 0, 10, 255, 81, 17, 18, 12, 13, 9, 5, 72, 72]
1552552978159;[171, 0, 4, 255, 132, 128, 56]
1552552978342;[171, 0, 10, 255, 81, 17, 18, 12, 13, 9, 10, 81, 81]
1552552978343;[171, 0, 10, 255, 81, 17, 18, 12, 13, 9, 15, 76, 76]
1552552978510;[171, 0, 10, 255, 81, 17, 18, 12, 13, 9, 20, 70, 70]
1552552978845;[171, 0, 10, 255, 81, 17, 18, 12, 13, 9, 25, 88, 88]
1552552978861;[171, 0, 17, 255, 161, 76, 221, 10, 185, 0, 0, 190, 1, 0, 142, 0, 0, 53, 2, 116]
1552552978862;[171, 0, 10, 255, 81, 17, 18, 12, 13, 9, 30, 78, 78]
1552552978863;[171, 0, 17, 255, 161, 76, 221, 10, 186, 0, 0, 187, 1, 0, 146, 0, 0, 53, 2, 126]
1552552979027;[171, 0, 10, 255, 81, 17, 18, 12, 13, 9, 35, 78, 78]
1552552979195;[171, 0, 17, 255, 161, 76, 221, 10, 186, 0, 0, 192, 1, 0, 145, 0, 0, 53, 2, 127]
1552552979196;[171, 0, 10, 255, 81, 17, 18, 12, 13, 9, 40, 75, 75]
1552552979361;[171, 0, 17, 255, 161, 76, 221, 10, 186, 0, 0, 187, 1, 0, 146, 0, 0, 52, 2, 113]
1552552979378;[171, 0, 10, 255, 81, 17, 18, 12, 13, 9, 45, 81, 81]
1552552979546;[171, 0, 17, 255, 161, 76, 221, 10, 186, 0, 0, 187, 1, 0, 143, 0, 0, 52, 2, 82]
1552552979547;[171, 0, 10, 255, 81, 17, 18, 12, 13, 9, 50, 77, 77]
1552552979711;[171, 0, 17, 255, 161, 76, 221, 10, 186, 0, 0, 190, 1, 0, 143, 0, 0, 53, 2, 54]
1552552979879;[171, 0, 10, 255, 81, 17, 18, 12, 13, 9, 55, 67, 67]
1552552979897;[171, 0, 17, 255, 161, 76, 221, 10, 186, 0, 0, 181, 1, 0, 140, 0, 0, 52, 2, 16]
1552552980079;[171, 0, 4, 255, 132, 128, 55]
1552552980230;[171, 0, 17, 255, 161, 76, 221, 10, 187, 0, 0, 185, 1, 0, 143, 0, 0, 51, 2, 86]
1552552980230;[171, 0, 10, 255, 81, 17, 18, 12, 13, 11, 10, 61, 61]
1552552980415;[171, 0, 17, 255, 161, 76, 221, 10, 192, 0, 0, 192, 1, 0, 143, 0, 0, 53, 2, 150]
1552552980581;[171, 0, 10, 255, 81, 17, 18, 12, 13, 11, 15, 73, 73]
1552552980582;[171, 0, 17, 255, 161, 76, 221, 10, 192, 0, 0, 192, 1, 0, 139, 0, 0, 53, 2, 194]
1552552980749;[171, 0, 10, 255, 81, 17, 18, 12, 13, 11, 20, 67, 67]
1552552980766;[171, 0, 17, 255, 161, 76, 221, 10, 192, 0, 0, 181, 1, 0, 143, 0, 0, 53, 2, 219]
1552552980916;[171, 0, 10, 255, 81, 17, 18, 12, 13, 11, 25, 76, 76]
1552552981099;[171, 0, 17, 255, 161, 76, 221, 10, 192, 0, 0, 189, 1, 0, 136, 0, 0, 53, 2, 224]
1552552981100;[171, 0, 10, 255, 81, 17, 18, 12, 13, 11, 30, 75, 75]
1552552981267;[171, 0, 17, 255, 161, 76, 221, 10, 192, 0, 0, 187, 1, 0, 143, 0, 0, 52, 2, 202]
1552552981267;[171, 0, 10, 255, 81, 17, 18, 12, 13, 11, 35, 74, 74]
1552552981617;[171, 0, 17, 255, 161, 76, 221, 10, 192, 0, 0, 185, 1, 0, 139, 0, 0, 53, 2, 175]
1552552981618;[171, 0, 4, 255, 132, 128, 54]
1552552981620;[171, 0, 10, 255, 81, 17, 18, 12, 13, 11, 40, 76, 76]
1552552981785;[171, 0, 17, 255, 161, 76, 221, 10, 192, 0, 0, 192, 1, 0, 144, 0, 0, 53, 2, 128]
1552552981787;[171, 0, 10, 255, 81, 17, 18, 12, 13, 11, 45, 80, 80]
1552552981952;[171, 0, 17, 255, 161, 76, 221, 10, 192, 0, 0, 191, 1, 0, 144, 0, 0, 51, 2, 86]
1552552981954;[171, 0, 10, 255, 81, 17, 18, 12, 13, 11, 50, 83, 83]
1552552982136;[171, 0, 17, 255, 161, 76, 221, 10, 192, 0, 0, 187, 1, 0, 142, 0, 0, 53, 2, 45]
1552552982137;[171, 0, 10, 255, 81, 17, 18, 12, 13, 11, 55, 75, 75]
1552552982303;[171, 0, 17, 255, 161, 76, 221, 10, 192, 0, 0, 185, 1, 0, 143, 0, 0, 52, 2, 17]
1552552982470;[171, 0, 10, 255, 81, 17, 18, 12, 13, 12, 0, 69, 69]
1552552982471;[171, 0, 17, 255, 161, 76, 221, 10, 193, 0, 0, 181, 1, 0, 140, 0, 0, 53, 2, 96]
1552552982654;[171, 0, 17, 255, 161, 76, 221, 10, 194, 0, 0, 165, 1, 0, 180, 1, 0, 41, 7, 143]
1552552982821;[171, 0, 10, 255, 81, 17, 18, 12, 13, 13, 15, 70, 70]
1552552982988;[171, 0, 17, 255, 161, 76, 221, 10, 194, 0, 0, 149, 1, 0, 169, 1, 0, 53, 7, 117]
1552552983171;[171, 0, 4, 255, 132, 128, 54]
1552552983173;[171, 0, 10, 255, 81, 17, 18, 12, 13, 13, 20, 86, 86]
1552552983338;[171, 0, 17, 255, 161, 76, 221, 10, 194, 0, 0, 146, 1, 0, 162, 1, 0, 83, 7, 100]
1552552983339;[171, 0, 10, 255, 81, 17, 18, 12, 13, 13, 25, 89, 89]
1552552983506;[171, 0, 17, 255, 161, 76, 221, 10, 194, 0, 0, 151, 1, 0, 174, 1, 0, 96, 7, 101]
1552552983507;[171, 0, 10, 255, 81, 17, 18, 12, 13, 13, 30, 89, 89]
1552552983856;[171, 0, 17, 255, 161, 76, 221, 10, 194, 0, 0, 127, 1, 0, 160, 1, 0, 92, 7, 136]
1552552983857;[171, 0, 10, 255, 81, 17, 18, 12, 13, 13, 35, 89, 89]
1552552983858;[171, 0, 17, 255, 161, 76, 221, 10, 194, 0, 0, 124, 1, 0, 168, 1, 0, 96, 8, 3]
1552552984022;[171, 0, 10, 255, 81, 17, 18, 12, 13, 13, 40, 91, 91]
1552552984023;[171, 0, 17, 255, 161, 76, 221, 10, 195, 0, 0, 132, 1, 0, 167, 1, 0, 99, 8, 110]
1552552984190;[171, 0, 10, 255, 81, 17, 18, 12, 13, 13, 45, 76, 76]
1552552984206;[171, 0, 17, 255, 161, 76, 221, 10, 195, 0, 0, 124, 1, 0, 148, 1, 0, 130, 8, 179]
1552552984375;[171, 0, 10, 255, 81, 17, 18, 12, 24, 10, 0, 90, 90]
1552552984542;[171, 0, 17, 255, 161, 76, 221, 10, 195, 0, 0, 139, 1, 0, 148, 1, 0, 107, 8, 251]
1552552984542;[171, 0, 10, 255, 81, 17, 18, 12, 25, 14, 40, 90, 90]
1552552984707;[171, 0, 17, 255, 161, 76, 221, 10, 195, 0, 0, 139, 1, 0, 148, 1, 0, 139, 8, 186]
1552552984708;[171, 0, 10, 255, 81, 17, 18, 12, 25, 14, 45, 168, 168]
1552552984890;[171, 0, 17, 255, 161, 76, 221, 10, 195, 0, 0, 118, 1, 0, 153, 1, 0, 142, 8, 203]
1552552985060;[171, 0, 10, 255, 81, 17, 18, 12, 25, 14, 55, 187, 187]
1552552985061;[171, 0, 17, 255, 161, 76, 221, 10, 195, 0, 0, 112, 1, 0, 152, 1, 0, 133, 8, 218]
1552552985227;[171, 0, 10, 255, 81, 17, 19, 2, 28, 13, 5, 87, 87]
1552552985411;[171, 0, 17, 255, 161, 76, 221, 10, 196, 0, 0, 112, 1, 1, 7, 1, 0, 33, 11, 114]
1552552985412;[171, 0, 10, 255, 81, 17, 19, 2, 28, 13, 10, 77, 77]
1552552985578;[171, 0, 17, 255, 161, 76, 221, 10, 197, 0, 0, 118, 1, 0, 249, 1, 0, 7, 11, 180]
1552552985745;[171, 0, 10, 255, 81, 17, 19, 2, 28, 13, 15, 72, 72]
1552552985760;[171, 0, 17, 255, 161, 76, 221, 10, 197, 0, 0, 101, 1, 1, 24, 0, 0, 10, 11, 48]
1552552986096;[171, 0, 10, 255, 81, 17, 19, 2, 28, 13, 20, 71, 71]
1552552986097;[171, 0, 17, 255, 161, 76, 221, 10, 197, 0, 0, 219, 1, 0, 236, 0, 0, 15, 10, 76]
1552552986097;[171, 0, 10, 255, 81, 17, 19, 2, 28, 13, 25, 70, 70]
1552552986098;[171, 0, 17, 255, 161, 76, 221, 10, 197, 0, 0, 160, 1, 0, 232, 1, 0, 5, 10, 74]
1552552986262;[171, 0, 10, 255, 81, 17, 19, 2, 28, 13, 30, 73, 73]
1552552986446;[171, 0, 17, 255, 161, 76, 221, 10, 197, 0, 0, 149, 1, 0, 172, 0, 0, 45, 11, 16]
1552552986448;[171, 0, 10, 255, 81, 17, 19, 2, 28, 13, 35, 71, 71]
1552552986614;[171, 0, 17, 255, 161, 76, 221, 10, 197, 0, 0, 91, 1, 0, 127, 0, 0, 6, 11, 115]
1552552986615;[171, 0, 4, 255, 132, 128, 53]
1552552986780;[171, 0, 10, 255, 81, 17, 19, 2, 28, 13, 40, 74, 74]
1552552986963;[171, 0, 17, 255, 161, 76, 221, 10, 197, 0, 0, 185, 1, 0, 119, 0, 0, 44, 11, 152]
1552552986964;[171, 0, 10, 255, 81, 17, 19, 2, 28, 13, 45, 74, 74]
1552552989014;[171, 0, 17, 255, 161, 76, 221, 10, 197, 0, 0, 158, 1, 0, 179, 1, 0, 11, 11, 234]
1552552989015;[171, 0, 10, 255, 81, 17, 19, 2, 28, 13, 50, 72, 72]
1552552989016;[171, 0, 17, 255, 161, 76, 221, 10, 197, 0, 1, 42, 1, 0, 127, 0, 0, 54, 11, 244]
1552552989016;[171, 0, 10, 255, 81, 17, 19, 2, 28, 13, 55, 69, 69]
1552552989017;[171, 0, 17, 255, 161, 76, 221, 10, 197, 0, 0, 156, 1, 0, 151, 1, 0, 144, 12, 53]
1552552989018;[171, 0, 17, 255, 161, 76, 221, 10, 199, 0, 0, 45, 1, 0, 22, 1, 0, 241, 7, 96]
1552552989018;[171, 0, 17, 255, 161, 76, 221, 10, 199, 0, 0, 54, 0, 0, 4, 1, 0, 249, 5, 234]
1552552989019;[171, 0, 10, 255, 81, 17, 19, 2, 28, 15, 10, 65, 65]
1552552989020;[171, 0, 17, 255, 161, 76, 221, 10, 199, 0, 0, 51, 0, 0, 2, 1, 1, 8, 5, 14]
1552552989020;[171, 0, 4, 255, 132, 128, 52]
1552552989022;[171, 0, 10, 255, 81, 17, 19, 2, 28, 15, 15, 61, 61]
1552552991039;[171, 0, 17, 255, 161, 76, 221, 10, 199, 0, 0, 61, 0, 0, 26, 1, 0, 242, 4, 232]
1552552991040;[171, 0, 10, 255, 81, 17, 19, 2, 28, 15, 20, 63, 63]
1552552991041;[171, 0, 17, 255, 161, 76, 221, 10, 199, 0, 0, 59, 0, 0, 29, 1, 1, 5, 5, 26]
1552552991042;[171, 0, 10, 255, 81, 17, 19, 2, 28, 15, 25, 69, 69]
1552552991043;[171, 0, 17, 255, 161, 76, 221, 10, 199, 0, 0, 62, 0, 0, 16, 1, 0, 243, 4, 174]
1552552991043;[171, 0, 10, 255, 81, 17, 19, 2, 28, 15, 30, 64, 64]
1552552991044;[171, 0, 17, 255, 161, 76, 221, 10, 199, 0, 0, 63, 0, 0, 16, 1, 0, 235, 4, 40]
1552552991054;[171, 0, 10, 255, 81, 17, 19, 2, 28, 15, 35, 63, 63]
1552552991055;[171, 0, 17, 255, 161, 76, 221, 10, 200, 0, 0, 61, 0, 0, 16, 1, 0, 234, 4, 40]
1552552991057;[171, 0, 10, 255, 81, 17, 19, 2, 28, 15, 40, 60, 60]
1552552991058;[171, 0, 17, 255, 161, 76, 221, 10, 200, 0, 0, 72, 0, 0, 28, 1, 0, 228, 3, 142]
1552552991058;[171, 0, 10, 255, 81, 17, 19, 2, 28, 15, 45, 59, 59]
1552552991071;[171, 0, 17, 255, 161, 76, 221, 10, 200, 0, 0, 70, 0, 0, 25, 1, 0, 226, 2, 244]
1552552991071;[171, 0, 10, 255, 81, 17, 19, 2, 28, 15, 50, 75, 75]
1552552991072;[171, 0, 17, 255, 161, 76, 221, 10, 200, 0, 0, 72, 0, 0, 11, 1, 0, 234, 2, 90]
1552552991072;[171, 0, 10, 255, 81, 17, 19, 2, 28, 15, 55, 66, 66]
1552552991073;[171, 0, 17, 255, 161, 76, 221, 10, 200, 0, 0, 73, 0, 0, 20, 1, 0, 239, 1, 223]
1552552991075;[171, 0, 10, 255, 81, 17, 19, 2, 28, 16, 0, 71, 71]
1552552991075;[171, 0, 17, 255, 161, 76, 221, 10, 201, 0, 0, 73, 0, 0, 11, 1, 0, 228, 5, 166]
1552552991075;[171, 0, 10, 255, 81, 17, 19, 2, 28, 17, 10, 85, 85]
1552552991076;[171, 0, 17, 255, 161, 76, 221, 10, 201, 0, 0, 72, 0, 0, 11, 1, 0, 228, 5, 166]
1552552991076;[171, 0, 10, 255, 81, 17, 19, 2, 28, 17, 15, 77, 77]
1552552991076;[171, 0, 17, 255, 161, 76, 221, 10, 202, 0, 0, 73, 0, 0, 20, 1, 0, 234, 5, 118]
1552552991077;[171, 0, 10, 255, 81, 17, 19, 2, 28, 17, 20, 64, 64]
1552552991077;[171, 0, 17, 255, 161, 76, 221, 10, 202, 0, 0, 72, 0, 0, 16, 1, 0, 228, 5, 70]
1552552991077;[171, 0, 10, 255, 81, 17, 19, 2, 28, 17, 25, 63, 63]
1552552991078;[171, 0, 17, 255, 161, 76, 221, 10, 202, 0, 0, 74, 0, 0, 20, 1, 0, 228, 5, 39]
1552552991090;[171, 0, 10, 255, 81, 17, 19, 2, 28, 17, 30, 63, 63]
1552552991090;[171, 0, 17, 255, 161, 76, 221, 10, 202, 0, 0, 74, 0, 0, 11, 1, 0, 230, 5, 8]
1552552991442;[171, 0, 10, 255, 81, 17, 19, 2, 28, 17, 35, 68, 68]
1552552991443;[171, 0, 17, 255, 161, 76, 221, 10, 202, 0, 0, 72, 0, 0, 28, 1, 0, 234, 4, 235]
1552552991444;[171, 0, 10, 255, 81, 17, 19, 2, 28, 17, 40, 67, 67]
1552552991609;[171, 0, 17, 255, 161, 76, 221, 10, 202, 0, 0, 69, 0, 0, 16, 1, 0, 239, 4, 192]
1552552991625;[171, 0, 4, 255, 132, 128, 52]
1552552991792;[171, 0, 10, 255, 81, 17, 19, 2, 28, 17, 45, 80, 80]
1552552991960;[171, 0, 17, 255, 161, 76, 221, 10, 202, 0, 0, 70, 0, 0, 11, 1, 0, 230, 4, 115]
1552552991962;[171, 0, 10, 255, 81, 17, 19, 2, 28, 17, 50, 63, 63]
1552552992127;[171, 0, 17, 255, 161, 76, 221, 10, 202, 0, 0, 72, 0, 0, 16, 1, 0, 235, 4, 32]
1552552992143;[171, 0, 10, 255, 81, 17, 19, 2, 28, 17, 55, 60, 60]
1552552992310;[171, 0, 17, 255, 161, 76, 221, 10, 202, 0, 0, 74, 0, 0, 27, 1, 0, 229, 3, 235]
1552552992311;[171, 0, 10, 255, 81, 17, 19, 2, 28, 18, 0, 64, 64]
1552552992644;[171, 0, 10, 255, 81, 17, 19, 2, 28, 22, 10, 80, 80]
1552552992662;[171, 0, 17, 255, 161, 76, 221, 10, 204, 0, 0, 78, 0, 0, 21, 1, 0, 224, 2, 245]
1552552992830;[171, 0, 10, 255, 81, 17, 19, 2, 28, 22, 15, 73, 73]
1552552992831;[171, 0, 17, 255, 161, 76, 221, 10, 204, 0, 0, 74, 0, 0, 16, 1, 0, 230, 2, 232]
1552552992996;[171, 0, 10, 255, 81, 17, 19, 2, 28, 22, 20, 82, 82]
1552552992996;[171, 0, 17, 255, 161, 76, 221, 10, 204, 0, 0, 75, 0, 0, 16, 1, 0, 226, 2, 214]
1552552993163;[171, 0, 4, 255, 132, 128, 53]
1552552993514;[171, 0, 10, 255, 81, 17, 19, 2, 28, 22, 25, 80, 80]
1552552993515;[171, 0, 17, 255, 161, 76, 221, 10, 204, 0, 0, 80, 0, 0, 16, 1, 0, 228, 2, 197]
1552552993515;[171, 0, 10, 255, 81, 17, 19, 2, 28, 22, 30, 84, 84]
1552552993530;[171, 0, 17, 255, 161, 76, 221, 10, 204, 0, 0, 75, 0, 0, 16, 1, 0, 227, 2, 186]
1552552993680;[171, 0, 10, 255, 81, 17, 19, 2, 28, 22, 35, 76, 76]
1552552993865;[171, 0, 17, 255, 161, 76, 221, 10, 204, 0, 0, 74, 0, 0, 16, 1, 0, 228, 2, 234]
1552552993866;[171, 0, 10, 255, 81, 17, 19, 2, 28, 22, 40, 72, 72]
1552552994030;[171, 0, 17, 255, 161, 76, 221, 10, 204, 0, 0, 78, 0, 0, 21, 1, 0, 228, 3, 22]
1552552994031;[171, 0, 10, 255, 81, 17, 19, 2, 28, 22, 45, 76, 76]
1552552994199;[171, 0, 17, 255, 161, 76, 221, 10, 205, 0, 0, 80, 0, 0, 21, 1, 0, 228, 3, 62]
1552552994199;[171, 0, 10, 255, 81, 17, 19, 2, 28, 22, 50, 62, 62]
1552552994382;[171, 0, 17, 255, 161, 76, 221, 10, 205, 0, 0, 74, 0, 0, 16, 1, 0, 228, 3, 90]
1552552994549;[171, 0, 10, 255, 81, 17, 19, 2, 28, 22, 55, 73, 73]
1552552994550;[171, 0, 17, 255, 161, 76, 221, 10, 205, 0, 0, 73, 0, 0, 21, 1, 0, 228, 3, 117]
1552552994716;[171, 0, 10, 255, 81, 17, 19, 2, 28, 23, 0, 93, 93]
1552552994717;[171, 0, 17, 255, 161, 76, 221, 10, 205, 0, 0, 74, 0, 0, 16, 1, 0, 228, 3, 132]
1552552994901;[171, 0, 10, 255, 81, 17, 19, 2, 28, 23, 5, 60, 60]
1552552995069;[171, 0, 17, 255, 161, 76, 221, 10, 206, 0, 0, 73, 0, 0, 22, 1, 0, 228, 5, 25]
1552552995234;[171, 0, 10, 255, 81, 17, 19, 2, 28, 23, 55, 57, 57]
1552552995234;[171, 0, 17, 255, 161, 76, 221, 10, 206, 0, 0, 74, 0, 0, 20, 1, 0, 234, 5, 54]
1552552995419;[171, 0, 10, 255, 81, 17, 19, 3, 1, 0, 0, 69, 69]
1552552995420;[171, 0, 17, 255, 161, 76, 221, 10, 206, 0, 0, 74, 0, 0, 20, 1, 0, 228, 5, 79]
1552552995585;[171, 0, 10, 255, 81, 17, 19, 3, 1, 0, 5, 70, 70]
1552552995752;[171, 0, 17, 255, 161, 76, 221, 10, 207, 0, 0, 73, 0, 0, 21, 1, 0, 228, 5, 91]
1552552995753;[171, 0, 10, 255, 81, 17, 19, 3, 1, 0, 10, 76, 76]
1552552995936;[171, 0, 17, 255, 161, 76, 221, 10, 207, 0, 0, 73, 0, 0, 20, 1, 0, 228, 5, 93]
1552552995937;[171, 0, 10, 255, 81, 17, 19, 3, 1, 0, 15, 69, 69]
1552552996102;[171, 0, 17, 255, 161, 76, 221, 10, 207, 0, 0, 75, 0, 0, 20, 1, 0, 234, 5, 77]
1552552996102;[171, 0, 10, 255, 81, 17, 19, 3, 1, 0, 20, 70, 70]
1552552996270;[171, 0, 17, 255, 161, 76, 221, 10, 207, 0, 0, 73, 0, 0, 21, 1, 0, 228, 5, 70]
1552552996454;[171, 0, 10, 255, 81, 17, 19, 3, 1, 0, 25, 74, 74]
1552552996455;[171, 0, 17, 255, 161, 76, 221, 10, 207, 0, 0, 74, 0, 0, 21, 1, 0, 230, 5, 42]
1552552996621;[171, 0, 10, 255, 81, 17, 19, 3, 1, 0, 30, 75, 75]
1552552996622;[171, 0, 17, 255, 161, 76, 221, 10, 207, 0, 0, 72, 0, 0, 16, 1, 0, 230, 5, 27]
1552552996789;[171, 0, 4, 255, 132, 128, 54]
1552552996955;[171, 0, 10, 255, 81, 17, 19, 3, 1, 0, 35, 69, 69]
1552552996972;[171, 0, 17, 255, 161, 76, 221, 10, 207, 0, 0, 74, 0, 0, 21, 1, 0, 234, 5, 43]
1552552997139;[171, 0, 10, 255, 81, 17, 19, 3, 1, 0, 40, 72, 72]
1552552997140;[171, 0, 17, 255, 161, 76, 221, 10, 207, 0, 0, 73, 0, 0, 21, 1, 0, 228, 5, 32]
1552552997306;[171, 0, 10, 255, 81, 17, 19, 3, 5, 2, 25, 74, 74]
1552552997473;[171, 0, 17, 255, 161, 76, 221, 10, 207, 0, 0, 73, 0, 0, 20, 1, 0, 228, 4, 249]
1552552997657;[171, 0, 17, 255, 161, 76, 221, 10, 209, 0, 0, 72, 0, 0, 24, 1, 0, 234, 2, 215]
1552552997658;[171, 0, 10, 255, 81, 17, 19, 3, 6, 23, 40, 74, 74]
1552552997825;[171, 0, 17, 255, 161, 76, 221, 10, 209, 0, 0, 87, 0, 0, 16, 1, 0, 217, 2, 137]
1552552997826;[171, 0, 10, 255, 81, 17, 19, 3, 6, 23, 45, 60, 60]
1552552997991;[171, 0, 17, 255, 161, 76, 221, 10, 209, 0, 0, 73, 0, 0, 16, 1, 0, 228, 2, 110]
1552552998008;[171, 0, 10, 255, 81, 17, 19, 3, 6, 23, 50, 60, 60]
1552552998175;[171, 0, 17, 255, 161, 76, 221, 10, 209, 0, 0, 74, 0, 0, 16, 1, 0, 230, 2, 106]
1552552998343;[171, 0, 4, 255, 132, 128, 56]
1552552998345;[171, 0, 10, 255, 81, 17, 19, 3, 6, 23, 55, 64, 64]
1552552998510;[171, 0, 17, 255, 161, 76, 221, 10, 209, 0, 0, 93, 0, 0, 11, 1, 0, 236, 2, 89]
1552552998525;[171, 0, 10, 255, 81, 17, 19, 3, 7, 0, 0, 78, 78]
1552552998693;[171, 0, 17, 255, 161, 76, 221, 10, 209, 0, 0, 80, 0, 0, 16, 1, 0, 206, 1, 255]
1552552998860;[171, 0, 10, 255, 81, 17, 19, 3, 7, 0, 5, 65, 65]
1552552998861;[171, 0, 17, 255, 161, 76, 221, 10, 209, 0, 0, 85, 0, 0, 8, 1, 0, 247, 1, 180]
1552552999026;[171, 0, 10, 255, 81, 17, 19, 3, 7, 0, 10, 65, 65]
1552552999027;[171, 0, 17, 255, 161, 76, 221, 10, 209, 0, 0, 80, 0, 0, 16, 1, 0, 224, 1, 170]
1552552999211;[171, 0, 10, 255, 81, 17, 19, 3, 7, 0, 15, 63, 63]
1552552999212;[171, 0, 17, 255, 161, 76, 221, 10, 210, 0, 0, 70, 0, 0, 16, 1, 0, 227, 1, 166]
1552552999379;[171, 0, 10, 255, 81, 17, 19, 3, 7, 0, 20, 64, 64]
1552552999545;[171, 0, 17, 255, 161, 76, 221, 10, 210, 0, 0, 73, 0, 0, 20, 1, 0, 228, 1, 146]
1552552999562;[171, 0, 10, 255, 81, 17, 19, 3, 7, 0, 25, 69, 69]
1552552999730;[171, 0, 17, 255, 161, 76, 221, 10, 210, 0, 0, 72, 0, 0, 21, 1, 0, 228, 1, 122]
1552552999731;[171, 0, 10, 255, 81, 17, 19, 3, 7, 0, 30, 68, 68]
1552552999896;[171, 0, 17, 255, 161, 76, 221, 10, 210, 0, 0, 73, 0, 0, 16, 1, 0, 228, 1, 102]
1552553000064;[171, 0, 10, 255, 81, 17, 19, 3, 8, 2, 25, 66, 66]
1552553000235;[171, 0, 17, 255, 161, 76, 221, 10, 211, 0, 0, 78, 0, 0, 16, 1, 0, 227, 2, 133]
1552553000247;[171, 0, 10, 255, 81, 17, 19, 3, 8, 2, 30, 62, 62]
1552553000415;[171, 0, 17, 255, 161, 76, 221, 10, 211, 0, 0, 87, 0, 0, 11, 1, 0, 231, 2, 75]
1552553000415;[171, 0, 10, 255, 81, 17, 19, 3, 8, 2, 40, 62, 62]
1552553000597;[171, 0, 17, 255, 161, 76, 221, 10, 211, 0, 0, 73, 0, 0, 21, 1, 0, 228, 2, 66]
1552553000764;[171, 0, 10, 255, 81, 17, 19, 3, 12, 15, 25, 80, 80]
1552553000766;[171, 0, 17, 255, 161, 76, 221, 10, 212, 0, 0, 85, 0, 0, 5, 1, 0, 228, 2, 103]
1552553000933;[171, 0, 10, 255, 81, 17, 19, 3, 12, 15, 30, 62, 62]
1552553000933;[171, 0, 17, 255, 161, 76, 221, 10, 212, 0, 0, 86, 0, 0, 8, 1, 0, 226, 2, 127]
1552553001099;[171, 0, 10, 255, 81, 17, 19, 3, 12, 15, 35, 67, 67]
1552553001100;[171, 0, 17, 255, 161, 76, 221, 10, 212, 0, 0, 93, 0, 0, 8, 1, 0, 225, 2, 149]
1552553001282;[171, 0, 10, 255, 81, 17, 19, 3, 12, 15, 40, 62, 62]
1552553001449;[171, 0, 17, 255, 161, 76, 221, 10, 212, 0, 0, 86, 0, 0, 3, 1, 0, 224, 2, 158]
1552553001450;[171, 0, 10, 255, 81, 17, 19, 3, 12, 15, 45, 70, 70]
1552553001618;[171, 0, 17, 255, 161, 76, 221, 10, 212, 0, 0, 96, 0, 0, 4, 1, 0, 216, 2, 217]
1552553001620;[171, 0, 10, 255, 81, 17, 19, 3, 12, 15, 50, 61, 61]
1552553001801;[171, 0, 17, 255, 161, 76, 221, 10, 212, 0, 0, 95, 0, 0, 1, 1, 0, 224, 3, 24]
1552553001802;[171, 0, 4, 255, 132, 128, 60]
1552553001969;[171, 0, 10, 255, 81, 17, 19, 3, 12, 15, 55, 66, 66]
1552553002135;[171, 0, 17, 255, 161, 76, 221, 10, 212, 0, 0, 91, 1, 0, 3, 1, 0, 213, 3, 84]
1552553002135;[171, 0, 10, 255, 81, 17, 19, 3, 12, 16, 0, 65, 65]
1552553002319;[171, 0, 17, 255, 161, 76, 221, 10, 212, 0, 0, 109, 0, 0, 9, 1, 0, 220, 3, 149]
1552553002486;[171, 0, 10, 255, 81, 17, 19, 3, 13, 11, 45, 77, 77]
1552553002654;[171, 0, 17, 255, 161, 76, 221, 10, 214, 0, 0, 85, 0, 0, 8, 1, 0, 223, 6, 156]
1552553002655;[171, 0, 10, 255, 81, 17, 19, 3, 13, 11, 50, 83, 83]
1552553002837;[171, 0, 17, 255, 161, 76, 221, 10, 214, 0, 0, 86, 0, 0, 8, 1, 0, 225, 6, 190]
1552553002839;[171, 0, 10, 255, 81, 17, 19, 3, 13, 11, 55, 84, 84]
1552553003004;[171, 0, 17, 255, 161, 76, 221, 10, 214, 0, 0, 86, 0, 0, 8, 1, 0, 226, 7, 15]
1552553003005;[171, 0, 10, 255, 81, 17, 19, 3, 13, 12, 0, 83, 83]
1552553003171;[171, 0, 17, 255, 161, 76, 221, 10, 214, 0, 0, 86, 0, 0, 8, 1, 0, 224, 7, 64]
1552553003355;[171, 0, 4, 255, 132, 128, 61]
1552553003356;[171, 0, 10, 255, 81, 17, 19, 3, 13, 12, 5, 83, 83]
1552553003520;[171, 0, 17, 255, 161, 76, 221, 10, 214, 0, 0, 85, 0, 0, 8, 1, 0, 225, 7, 104]
1552553003521;[171, 0, 10, 255, 81, 17, 19, 3, 13, 12, 10, 81, 81]
1552553003689;[171, 0, 17, 255, 161, 76, 221, 10, 214, 0, 0, 86, 0, 0, 8, 1, 0, 228, 7, 134]
1552553003689;[171, 0, 10, 255, 81, 17, 19, 3, 13, 12, 15, 78, 78]
1552553003854;[171, 0, 17, 255, 161, 76, 221, 10, 214, 0, 0, 86, 0, 0, 11, 1, 0, 227, 7, 145]
1552553004039;[171, 0, 10, 255, 81, 17, 19, 3, 13, 12, 20, 77, 77]
1552553004039;[171, 0, 17, 255, 161, 76, 221, 10, 214, 0, 0, 86, 0, 0, 10, 1, 0, 224, 7, 148]
1552553004206;[171, 0, 10, 255, 81, 17, 19, 3, 13, 12, 25, 74, 74]
1552553004206;[171, 0, 17, 255, 161, 76, 221, 10, 215, 0, 0, 86, 0, 0, 9, 1, 0, 223, 7, 146]
1552553004373;[171, 0, 10, 255, 81, 17, 19, 3, 13, 12, 30, 73, 73]
1552553004558;[171, 0, 17, 255, 161, 76, 221, 10, 215, 0, 0, 85, 0, 0, 8, 1, 0, 225, 7, 142]
1552553004559;[171, 0, 10, 255, 81, 17, 19, 3, 13, 12, 35, 73, 73]
1552553004724;[171, 0, 17, 255, 161, 76, 221, 10, 215, 0, 0, 86, 0, 0, 9, 1, 0, 224, 7, 187]
1552553004725;[171, 0, 10, 255, 81, 17, 19, 3, 13, 12, 40, 73, 73]
1552553004892;[171, 0, 17, 255, 161, 76, 221, 10, 216, 0, 0, 85, 0, 0, 9, 1, 0, 227, 8, 20]
1552553005074;[171, 0, 10, 255, 81, 17, 19, 3, 13, 13, 50, 80, 80]
1552553005408;[171, 0, 17, 255, 161, 76, 221, 10, 216, 0, 0, 86, 0, 0, 8, 1, 0, 224, 7, 245]
1552553005408;[171, 0, 10, 255, 81, 17, 19, 3, 13, 14, 0, 71, 71]
1552553005409;[171, 0, 17, 255, 161, 76, 221, 10, 216, 0, 0, 83, 0, 0, 6, 1, 0, 225, 7, 205]
1552553005425;[171, 0, 10, 255, 81, 17, 19, 3, 13, 14, 5, 73, 73]
1552553005592;[171, 0, 17, 255, 161, 76, 221, 10, 216, 0, 0, 85, 0, 0, 8, 1, 0, 225, 7, 198]
1552553005760;[171, 0, 10, 255, 81, 17, 19, 3, 13, 14, 10, 77, 77]
1552553005760;[171, 0, 17, 255, 161, 76, 221, 10, 217, 0, 0, 85, 0, 0, 9, 1, 0, 222, 7, 223]
1552553005926;[171, 0, 10, 255, 81, 17, 19, 3, 13, 14, 15, 75, 75]
1552553006278;[171, 0, 17, 255, 161, 76, 221, 10, 217, 0, 0, 86, 0, 0, 10, 1, 0, 224, 7, 245]
1552553006446;[171, 0, 10, 255, 81, 17, 19, 3, 13, 14, 20, 79, 79]
1552553006446;[171, 0, 17, 255, 161, 76, 221, 10, 217, 0, 0, 89, 0, 0, 9, 1, 0, 224, 7, 255]
1552553006447;[171, 0, 10, 255, 81, 17, 19, 3, 13, 14, 25, 75, 75]
1552553006447;[171, 0, 17, 255, 161, 76, 221, 10, 217, 0, 0, 87, 0, 0, 10, 1, 0, 222, 8, 3]
1552553006447;[171, 0, 10, 255, 81, 17, 19, 3, 13, 14, 30, 78, 78]
1552553006795;[171, 0, 17, 255, 161, 76, 221, 10, 217, 0, 0, 86, 0, 0, 8, 1, 0, 227, 7, 251]
1552553006795;[171, 0, 10, 255, 81, 17, 19, 3, 13, 14, 35, 71, 71]
1552553006796;[171, 0, 17, 255, 161, 76, 221, 10, 217, 0, 0, 86, 0, 0, 9, 1, 0, 225, 7, 227]
1552553006796;[171, 0, 4, 255, 132, 128, 61]
1552553006962;[171, 0, 10, 255, 81, 17, 19, 3, 13, 14, 40, 70, 70]
1552553007130;[171, 0, 17, 255, 161, 76, 221, 10, 217, 0, 0, 85, 0, 0, 8, 1, 0, 225, 7, 199]
1552553007147;[171, 0, 10, 255, 81, 17, 19, 3, 13, 14, 45, 71, 71]
1552553007314;[171, 0, 10, 255, 81, 17, 19, 3, 13, 15, 55, 67, 67]
1552553007481;[171, 0, 17, 255, 161, 76, 221, 10, 219, 0, 0, 86, 0, 0, 9, 1, 0, 224, 6, 166]
1552553007664;[171, 0, 10, 255, 81, 17, 19, 3, 13, 16, 0, 77, 77]
1552553007665;[171, 0, 17, 255, 161, 76, 221, 10, 219, 0, 0, 86, 0, 0, 10, 1, 0, 224, 6, 168]
1552553007832;[171, 0, 10, 255, 81, 17, 19, 3, 13, 16, 5, 71, 71]
1552553007832;[171, 0, 17, 255, 161, 76, 221, 10, 219, 0, 0, 85, 0, 0, 10, 1, 0, 225, 6, 174]
1552553008165;[171, 0, 10, 255, 81, 17, 19, 3, 13, 16, 10, 72, 72]
1552553008182;[171, 0, 17, 255, 161, 76, 221, 10, 219, 0, 0, 86, 0, 0, 9, 1, 0, 224, 6, 189]
1552553008183;[171, 0, 10, 255, 81, 17, 19, 3, 13, 16, 15, 79, 79]
1552553008350;[171, 0, 17, 255, 161, 76, 221, 10, 219, 0, 0, 85, 0, 0, 10, 1, 0, 227, 6, 191]
1552553008350;[171, 0, 4, 255, 132, 128, 62]
1552553008516;[171, 0, 10, 255, 81, 17, 19, 3, 13, 16, 20, 77, 77]
1552553008516;[171, 0, 17, 255, 161, 76, 221, 10, 219, 0, 0, 89, 0, 0, 8, 1, 0, 224, 6, 186]
1552553008684;[171, 0, 10, 255, 81, 17, 19, 3, 13, 16, 25, 61, 61]
1552553008684;[171, 0, 17, 255, 161, 76, 221, 10, 219, 0, 0, 86, 0, 0, 9, 1, 0, 227, 6, 175]
1552553008867;[171, 0, 10, 255, 81, 17, 19, 3, 13, 16, 30, 74, 74]
1552553009034;[171, 0, 17, 255, 161, 76, 221, 10, 219, 0, 0, 85, 0, 0, 9, 1, 0, 225, 6, 160]
1552553009034;[171, 0, 10, 255, 81, 17, 19, 3, 13, 16, 35, 71, 71]
1552553009201;[171, 0, 17, 255, 161, 76, 221, 10, 219, 0, 0, 85, 0, 0, 9, 1, 0, 225, 6, 138]
1552553009219;[171, 0, 10, 255, 81, 17, 19, 3, 13, 16, 40, 77, 77]
1552553009385;[171, 0, 17, 255, 161, 76, 221, 10, 220, 0, 0, 86, 0, 0, 8, 1, 0, 223, 6, 108]
1552553009552;[171, 0, 10, 255, 81, 17, 19, 3, 13, 16, 45, 76, 76]
1552553009552;[171, 0, 17, 255, 161, 76, 221, 10, 220, 0, 0, 87, 0, 0, 9, 1, 0, 225, 6, 71]
1552553009719;[171, 0, 10, 255, 81, 17, 19, 3, 13, 16, 50, 72, 72]
1552553009903;[171, 0, 4, 255, 132, 128, 62]
1552553009904;[171, 0, 10, 255, 81, 17, 19, 3, 13, 18, 0, 74, 74]
1552553010071;[171, 0, 17, 255, 161, 76, 221, 10, 221, 0, 0, 89, 0, 0, 6, 1, 0, 224, 6, 197]
1552553010237;[171, 0, 10, 255, 81, 17, 19, 3, 13, 18, 5, 77, 77]
1552553010237;[171, 0, 17, 255, 161, 76, 221, 10, 221, 0, 0, 87, 0, 0, 9, 1, 0, 224, 6, 226]
1552553010421;[171, 0, 10, 255, 81, 17, 19, 3, 13, 18, 10, 78, 78]
1552553010422;[171, 0, 17, 255, 161, 76, 221, 10, 221, 0, 0, 87, 0, 0, 8, 1, 0, 225, 6, 240]
1552553010588;[171, 0, 10, 255, 81, 17, 19, 3, 14, 15, 55, 69, 69]
1552553010588;[171, 0, 17, 255, 161, 76, 221, 10, 221, 0, 0, 87, 0, 0, 11, 1, 0, 225, 6, 243]
1552553010755;[171, 0, 10, 255, 81, 17, 19, 3, 14, 16, 0, 66, 66]
1552553010938;[171, 0, 17, 255, 161, 76, 221, 10, 222, 0, 0, 89, 0, 0, 9, 1, 0, 225, 6, 243]
1552553010939;[171, 0, 10, 255, 81, 17, 19, 3, 14, 16, 5, 64, 64]
1552553011273;[171, 0, 17, 255, 161, 76, 221, 10, 222, 0, 0, 85, 0, 0, 10, 1, 0, 225, 6, 229]
1552553011273;[171, 0, 10, 255, 81, 17, 19, 3, 14, 16, 10, 67, 67]
1552553011273;[171, 0, 17, 255, 161, 76, 221, 10, 222, 0, 0, 86, 0, 0, 10, 1, 0, 224, 6, 238]
1552553011456;[171, 0, 10, 255, 81, 17, 19, 3, 14, 16, 15, 68, 68]
1552553011457;[171, 0, 17, 255, 161, 76, 221, 10, 222, 0, 0, 86, 0, 0, 10, 1, 0, 224, 7, 44]
1552553011624;[171, 0, 10, 255, 81, 17, 19, 3, 14, 16, 20, 75, 75]
1552553011625;[171, 0, 17, 255, 161, 76, 221, 10, 222, 0, 0, 86, 0, 0, 8, 1, 0, 224, 7, 97]
1552553011791;[171, 0, 10, 255, 81, 17, 19, 3, 14, 16, 25, 66, 66]
1552553011791;[171, 0, 17, 255, 161, 76, 221, 10, 222, 0, 0, 86, 0, 0, 11, 1, 0, 224, 7, 144]
1552553011974;[171, 0, 4, 255, 132, 128, 62]
1552553012141;[171, 0, 10, 255, 81, 17, 19, 3, 14, 16, 30, 68, 68]
1552553012142;[171, 0, 17, 255, 161, 76, 221, 10, 222, 0, 0, 86, 0, 0, 9, 1, 0, 225, 7, 171]
1552553012309;[171, 0, 10, 255, 81, 17, 19, 3, 14, 16, 35, 66, 66]
1552553012309;[171, 0, 17, 255, 161, 76, 221, 10, 222, 0, 0, 86, 0, 0, 8, 1, 0, 224, 7, 189]
1552553012829;[171, 0, 17, 255, 161, 76, 221, 10, 224, 0, 0, 87, 0, 0, 10, 1, 0, 225, 8, 67]
1552553012830;[171, 0, 22, 255, 81, 32, 19, 3, 7, 22, 0, 0, 23, 0, 0, 0, 0, 0, 0, 0]
1552553012845;[0, 0, 0, 0, 0, 0]
1552553012846;[171, 0, 17, 255, 161, 76, 221, 10, 224, 0, 0, 85, 0, 0, 9, 1, 0, 224, 8, 107]
1552553013011;[171, 0, 17, 255, 161, 76, 221, 10, 224, 0, 0, 89, 0, 0, 8, 1, 0, 225, 8, 137]
1552553013012;[171, 0, 22, 255, 81, 32, 19, 3, 8, 0, 0, 0, 177, 0, 0, 6, 0, 0, 0, 0]
1552553013179;[0, 0, 0, 0, 0, 0]
1552553013347;[171, 0, 17, 255, 161, 76, 221, 10, 224, 0, 0, 87, 0, 0, 8, 1, 0, 224, 8, 140]
1552553013348;[171, 0, 4, 255, 132, 128, 61]
1552553013612;[171, 0, 17, 255, 161, 76, 221, 10, 224, 0, 0, 87, 0, 0, 10, 1, 0, 225, 8, 137]
1552553013612;[171, 0, 22, 255, 81, 32, 19, 3, 8, 1, 0, 1, 74, 0, 0, 12, 0, 0, 0, 0]
1552553013696;[0, 0, 0, 0, 0, 0]
1552553013697;[171, 0, 17, 255, 161, 76, 221, 10, 224, 0, 0, 87, 0, 0, 6, 1, 0, 224, 8, 117]
1552553013862;[171, 0, 17, 255, 161, 76, 221, 10, 224, 0, 0, 85, 0, 0, 9, 1, 0, 224, 8, 96]
1552553014046;[171, 0, 22, 255, 81, 32, 19, 3, 8, 2, 0, 5, 123, 0, 0, 52, 0, 0, 0, 0]
1552553014047;[0, 0, 0, 0, 0, 0]
1552553014214;[171, 0, 17, 255, 161, 76, 221, 10, 224, 0, 0, 87, 0, 0, 8, 1, 0, 222, 8, 74]
1552553014214;[171, 0, 17, 255, 161, 76, 221, 10, 225, 0, 0, 87, 0, 0, 8, 1, 0, 224, 8, 36]
1552553014381;[171, 0, 22, 255, 81, 32, 19, 3, 8, 3, 0, 7, 103, 0, 0, 70, 0, 0, 0, 0]
1552553014564;[0, 0, 0, 0, 0, 0]
1552553014565;[171, 0, 17, 255, 161, 76, 221, 10, 225, 0, 0, 86, 0, 0, 9, 1, 0, 225, 8, 4]
1552553014733;[171, 0, 17, 255, 161, 76, 221, 10, 225, 0, 0, 91, 0, 0, 9, 1, 0, 224, 8, 50]
1552553014733;[171, 0, 22, 255, 81, 32, 19, 3, 8, 4, 0, 7, 103, 0, 0, 70, 0, 0, 0, 0]
1552553014899;[0, 0, 0, 0, 0, 0]
1552553015066;[171, 0, 22, 255, 81, 32, 19, 3, 8, 11, 0, 7, 103, 0, 0, 70, 0, 0, 0, 0]
1552553015249;[0, 0, 0, 0, 0, 0]
1552553015250;[171, 0, 17, 255, 161, 76, 221, 10, 226, 0, 0, 89, 0, 0, 9, 1, 0, 225, 8, 139]
1552553015416;[171, 0, 17, 255, 161, 76, 221, 10, 226, 0, 0, 86, 0, 0, 10, 1, 0, 222, 8, 122]
1552553015417;[171, 0, 22, 255, 81, 32, 19, 3, 8, 12, 0, 7, 103, 0, 0, 70, 0, 0, 0, 0]
1552553015583;[0, 0, 0, 0, 0, 0]
1552553015584;[171, 0, 17, 255, 161, 76, 221, 10, 226, 0, 0, 91, 0, 0, 8, 1, 0, 224, 8, 95]
1552553015767;[171, 0, 17, 255, 161, 76, 221, 10, 227, 0, 0, 85, 0, 0, 11, 1, 0, 224, 8, 61]
1552553015934;[171, 0, 22, 255, 81, 32, 19, 3, 8, 13, 0, 7, 103, 0, 0, 70, 0, 0, 0, 0]
1552553015935;[0, 0, 0, 0, 0, 0]
1552553016157;[171, 0, 17, 255, 161, 76, 221, 10, 227, 0, 0, 86, 0, 0, 9, 1, 0, 224, 8, 77]
1552553016158;[171, 0, 17, 255, 161, 76, 221, 10, 227, 0, 0, 86, 0, 0, 9, 1, 0, 221, 8, 126]
1552553016304;[171, 0, 22, 255, 81, 32, 19, 3, 8, 14, 0, 7, 103, 0, 0, 70, 0, 0, 0, 0]
1552553016453;[0, 0, 0, 0, 0, 0]
1552553016454;[171, 0, 17, 255, 161, 76, 221, 10, 227, 0, 0, 87, 0, 0, 9, 1, 0, 222, 8, 154]
1552553016620;[171, 0, 17, 255, 161, 76, 221, 10, 227, 0, 0, 91, 0, 0, 8, 1, 0, 224, 8, 157]
1552553016620;[171, 0, 22, 255, 81, 32, 19, 3, 8, 15, 0, 7, 103, 0, 0, 70, 0, 0, 0, 0]
1552553016971;[0, 0, 0, 0, 0, 0]
1552553016972;[171, 0, 17, 255, 161, 76, 221, 10, 227, 0, 0, 89, 0, 0, 10, 1, 0, 222, 8, 154]
1552553016972;[171, 0, 4, 255, 132, 128, 61]
1552553017321;[171, 0, 17, 255, 161, 76, 221, 10, 227, 0, 0, 86, 0, 0, 10, 1, 0, 224, 8, 153]
1552553017322;[171, 0, 17, 255, 161, 76, 221, 10, 227, 0, 0, 86, 0, 0, 9, 1, 0, 224, 8, 134]
1552553017492;[171, 0, 22, 255, 81, 32, 19, 3, 8, 16, 0, 10, 169, 0, 0, 101, 0, 0, 0, 0]
1552553017655;[0, 0, 0, 0, 0, 0]
1552553017655;[171, 0, 17, 255, 161, 76, 221, 10, 229, 0, 0, 86, 0, 0, 9, 1, 0, 222, 8, 91]
1552553017655;[171, 0, 17, 255, 161, 76, 221, 10, 229, 0, 0, 87, 0, 0, 10, 1, 0, 224, 8, 135]
1552553017840;[171, 0, 22, 255, 81, 32, 19, 3, 11, 2, 0, 0, 68, 0, 0, 2, 0, 0, 0, 0]
1552553017841;[0, 0, 0, 0, 0, 0]
1552553018008;[171, 0, 17, 255, 161, 76, 221, 10, 229, 0, 0, 86, 0, 0, 11, 1, 0, 224, 8, 147]
1552553018175;[171, 0, 17, 255, 161, 76, 221, 10, 229, 0, 0, 87, 0, 0, 8, 1, 0, 224, 8, 146]
1552553018176;[171, 0, 4, 255, 132, 128, 61]
1552553018359;[171, 0, 22, 255, 81, 32, 19, 3, 11, 3, 0, 7, 60, 0, 0, 68, 0, 0, 0, 0]
1552553018359;[0, 0, 0, 0, 0, 0]
1552553018525;[171, 0, 17, 255, 161, 76, 221, 10, 229, 0, 0, 86, 0, 0, 9, 1, 0, 223, 8, 133]
1552553018526;[171, 0, 17, 255, 161, 76, 221, 10, 229, 0, 0, 87, 0, 0, 10, 1, 0, 224, 8, 110]
1552553018877;[171, 0, 22, 255, 81, 32, 19, 3, 11, 4, 0, 7, 60, 0, 0, 68, 0, 0, 0, 0]
1552553018877;[0, 0, 0, 0, 0, 0]
1552553018878;[171, 0, 17, 255, 161, 76, 221, 10, 229, 0, 0, 87, 0, 0, 9, 1, 0, 224, 8, 84]
1552553019042;[171, 0, 17, 255, 161, 76, 221, 10, 229, 0, 0, 87, 0, 0, 9, 1, 0, 223, 8, 40]
1552553019043;[171, 0, 22, 255, 81, 32, 19, 3, 11, 5, 0, 7, 60, 0, 0, 68, 0, 0, 0, 0]
1552553019210;[0, 0, 0, 0, 0, 0]
1552553019394;[171, 0, 17, 255, 161, 76, 221, 10, 230, 0, 0, 86, 0, 0, 10, 1, 0, 224, 7, 252]
1552553019394;[171, 0, 17, 255, 161, 76, 221, 10, 230, 0, 0, 86, 0, 0, 9, 1, 0, 220, 8, 6]
1552553019560;[171, 0, 22, 255, 81, 32, 19, 3, 11, 6, 0, 7, 60, 0, 0, 68, 0, 0, 0, 0]
1552553019561;[0, 0, 0, 0, 0, 0]
1552553019727;[171, 0, 17, 255, 161, 76, 221, 10, 230, 0, 0, 86, 0, 0, 8, 1, 0, 224, 8, 49]
1552553019728;[171, 0, 17, 255, 161, 76, 221, 10, 230, 0, 0, 87, 0, 0, 9, 1, 0, 222, 8, 75]
1552553020078;[171, 0, 17, 255, 161, 76, 221, 10, 231, 0, 0, 89, 0, 0, 9, 1, 0, 224, 7, 197]
1552553020079;[171, 0, 22, 255, 81, 32, 19, 3, 11, 14, 0, 7, 60, 0, 0, 68, 0, 0, 0, 0]
1552553020245;[0, 0, 0, 0, 0, 0]
1552553020246;[171, 0, 17, 255, 161, 76, 221, 10, 231, 0, 0, 89, 0, 0, 9, 1, 0, 224, 7, 171]
1552553020596;[171, 0, 17, 255, 161, 76, 221, 10, 231, 0, 0, 86, 0, 0, 11, 1, 0, 224, 7, 131]
1552553020596;[171, 0, 22, 255, 81, 32, 19, 3, 11, 15, 0, 7, 127, 0, 0, 71, 0, 0, 0, 0]
1552553020597;[0, 0, 0, 0, 0, 0]
1552553020763;[171, 0, 17, 255, 161, 76, 221, 10, 232, 0, 0, 85, 0, 0, 8, 1, 0, 224, 7, 90]
1552553020764;[171, 0, 17, 255, 161, 76, 221, 10, 232, 0, 0, 89, 0, 0, 10, 1, 0, 224, 7, 50]
1552553021117;[171, 0, 22, 255, 81, 32, 19, 3, 11, 16, 0, 13, 88, 0, 0, 126, 0, 0, 0, 0]
1552553021118;[0, 0, 0, 0, 0, 0]
1552553021119;[171, 0, 17, 255, 161, 76, 221, 10, 232, 0, 0, 86, 0, 0, 11, 1, 0, 224, 7, 59]
1552553021282;[171, 0, 17, 255, 161, 76, 221, 10, 232, 0, 0, 89, 0, 0, 11, 1, 0, 222, 7, 98]
1552553021283;[171, 0, 22, 255, 81, 32, 19, 3, 12, 15, 0, 0, 60, 0, 0, 2, 0, 0, 0, 0]
1552553021448;[0, 0, 0, 0, 0, 0]
1552553021465;[171, 0, 17, 255, 161, 76, 221, 10, 232, 0, 0, 86, 0, 0, 8, 1, 0, 224, 7, 119]
1552553021632;[171, 0, 17, 255, 161, 76, 221, 10, 232, 0, 0, 86, 0, 0, 10, 1, 0, 224, 7, 129]
1552553021800;[171, 0, 4, 255, 132, 128, 61]
1552553021968;[171, 0, 22, 255, 81, 32, 19, 3, 12, 16, 0, 0, 60, 0, 0, 2, 0, 0, 0, 0]
1552553021968;[0, 0, 0, 0, 0, 0]
1552553021984;[171, 0, 17, 255, 161, 76, 221, 10, 232, 0, 0, 86, 0, 0, 8, 1, 0, 225, 7, 127]
1552553022150;[171, 0, 17, 255, 161, 76, 221, 10, 232, 0, 0, 85, 0, 0, 11, 1, 0, 224, 7, 109]
1552553022150;[171, 0, 22, 255, 81, 32, 19, 3, 12, 17, 0, 0, 60, 0, 0, 2, 0, 0, 0, 0]
1552553022318;[0, 0, 0, 0, 0, 0]
1552553022670;[171, 0, 17, 255, 161, 76, 221, 10, 234, 0, 0, 93, 0, 0, 11, 1, 0, 224, 6, 208]
1552553022670;[171, 0, 17, 255, 161, 76, 221, 10, 234, 0, 0, 91, 0, 0, 10, 1, 0, 221, 7, 1]
1552553022835;[171, 0, 22, 255, 81, 32, 19, 3, 13, 12, 0, 1, 217, 0, 0, 17, 0, 0, 0, 0]
1552553022836;[0, 0, 0, 0, 0, 0]
1552553023002;[171, 0, 17, 255, 161, 76, 221, 10, 234, 0, 0, 86, 0, 0, 11, 1, 0, 220, 7, 60]
1552553023186;[171, 0, 17, 255, 161, 76, 221, 10, 234, 0, 0, 91, 0, 0, 9, 1, 0, 222, 7, 89]
1552553023354;[171, 0, 4, 255, 132, 128, 61]
1552553023355;[171, 0, 22, 255, 81, 32, 19, 3, 13, 13, 0, 2, 122, 0, 0, 23, 0, 0, 0, 0]
1552553023355;[0, 0, 0, 0, 0, 0]
1552553023521;[171, 0, 17, 255, 161, 76, 221, 10, 234, 0, 0, 86, 0, 0, 10, 1, 0, 217, 7, 117]
1552553023521;[171, 0, 17, 255, 161, 76, 221, 10, 234, 0, 0, 87, 0, 0, 9, 1, 0, 223, 7, 125]
1552553023874;[171, 0, 22, 255, 81, 32, 19, 3, 13, 14, 0, 2, 198, 0, 0, 26, 0, 0, 0, 0]
1552553023875;[0, 0, 0, 0, 0, 0]
1552553023876;[171, 0, 17, 255, 161, 76, 221, 10, 234, 0, 0, 89, 0, 0, 7, 1, 0, 224, 7, 121]
1552553024041;[171, 0, 17, 255, 161, 76, 221, 10, 234, 0, 0, 87, 0, 0, 10, 1, 0, 223, 7, 108]
1552553024042;[171, 0, 22, 255, 81, 32, 19, 3, 13, 15, 0, 2, 198, 0, 0, 26, 0, 0, 0, 0]
1552553024222;[0, 0, 0, 0, 0, 0]
1552553024391;[171, 0, 17, 255, 161, 76, 221, 10, 235, 0, 0, 89, 0, 0, 10, 1, 0, 223, 7, 85]
1552553024392;[171, 0, 17, 255, 161, 76, 221, 10, 235, 0, 0, 89, 0, 0, 11, 1, 0, 224, 7, 50]
1552553024559;[171, 0, 22, 255, 81, 32, 19, 3, 13, 16, 0, 3, 12, 0, 0, 28, 0, 0, 0, 0]
1552553024560;[0, 0, 0, 0, 0, 0]
1552553024742;[171, 0, 17, 255, 161, 76, 221, 10, 235, 0, 0, 87, 0, 0, 9, 1, 0, 221, 7, 26]
1552553024743;[171, 0, 17, 255, 161, 76, 221, 10, 235, 0, 0, 86, 0, 0, 10, 1, 0, 224, 7, 78]
1552553025077;[171, 0, 17, 255, 161, 76, 221, 10, 236, 0, 0, 93, 0, 0, 9, 1, 0, 224, 7, 165]
1552553025078;[171, 0, 17, 255, 161, 76, 221, 10, 236, 0, 0, 93, 0, 0, 9, 1, 0, 224, 7, 151]
1552553025259;[171, 0, 17, 255, 161, 76, 221, 10, 236, 0, 0, 87, 0, 0, 10, 1, 0, 224, 7, 134]
1552553025426;[171, 0, 17, 255, 161, 76, 221, 10, 237, 0, 0, 89, 0, 0, 9, 1, 0, 225, 7, 96]
1552553025427;[171, 0, 17, 255, 161, 76, 221, 10, 237, 0, 0, 93, 0, 0, 11, 1, 0, 220, 7, 63]
1552553025594;[171, 0, 17, 255, 161, 76, 221, 10, 237, 0, 0, 86, 0, 0, 9, 1, 0, 222, 7, 20]
1552553025778;[171, 0, 17, 255, 161, 76, 221, 10, 237, 0, 0, 91, 0, 0, 9, 1, 0, 224, 7, 14]
1552553025778;[171, 0, 17, 255, 161, 76, 221, 10, 237, 0, 0, 86, 0, 0, 9, 1, 0, 221, 7, 47]
1552553025943;[171, 0, 17, 255, 161, 76, 221, 10, 237, 0, 0, 89, 0, 0, 10, 1, 0, 221, 7, 69]
1552553025943;[171, 0, 4, 255, 132, 128, 60]
1552553026110;[171, 0, 17, 255, 161, 76, 221, 10, 237, 0, 0, 89, 0, 0, 11, 1, 0, 223, 7, 65]
1552553026295;[171, 0, 17, 255, 161, 76, 221, 10, 237, 0, 0, 87, 0, 0, 11, 1, 0, 224, 7, 56]
1552553026628;[171, 0, 17, 255, 161, 76, 221, 10, 237, 0, 0, 86, 0, 0, 11, 1, 0, 220, 7, 30]
1552553026629;[171, 0, 17, 255, 161, 76, 221, 10, 237, 0, 0, 91, 0, 0, 11, 1, 0, 221, 6, 255]
1552553026629;[171, 0, 17, 255, 161, 76, 221, 10, 238, 0, 0, 89, 0, 0, 11, 1, 0, 224, 6, 212]
1552553026645;[171, 0, 17, 255, 161, 76, 221, 10, 238, 0, 0, 93, 0, 0, 9, 1, 0, 222, 6, 168]
1552553026646;[171, 0, 17, 255, 161, 76, 221, 10, 238, 0, 0, 89, 0, 0, 9, 1, 0, 225, 6, 108]
1552553026812;[171, 0, 17, 255, 161, 76, 221, 10, 238, 0, 0, 93, 0, 0, 10, 1, 0, 224, 6, 99]
1552553026987;[171, 0, 17, 255, 161, 76, 221, 10, 238, 0, 0, 91, 0, 0, 9, 1, 0, 222, 6, 124]
1552553026987;[171, 0, 17, 255, 161, 76, 221, 10, 238, 0, 0, 89, 0, 0, 11, 1, 0, 224, 6, 135]
1552553027149;[171, 0, 4, 255, 132, 128, 60]
1552553027151;[171, 0, 17, 255, 161, 76, 221, 10, 238, 0, 0, 89, 0, 0, 10, 1, 0, 223, 6, 140]
1552553027315;[171, 0, 17, 255, 161, 76, 221, 10, 238, 0, 0, 86, 0, 0, 10, 1, 0, 223, 6, 133]
1552553027496;[171, 0, 17, 255, 161, 76, 221, 10, 238, 0, 0, 89, 0, 0, 10, 1, 0, 225, 6, 109]
1552553027664;[171, 0, 17, 255, 161, 76, 221, 10, 238, 0, 0, 85, 0, 0, 10, 1, 0, 221, 6, 83]
1552553027665;[171, 0, 17, 255, 161, 76, 221, 10, 239, 0, 0, 89, 0, 0, 10, 1, 0, 221, 6, 48]
1552553027665;[171, 0, 17, 255, 161, 76, 221, 10, 239, 0, 0, 89, 0, 0, 9, 1, 0, 220, 6, 3]
1552553027848;[171, 0, 17, 255, 161, 76, 221, 10, 239, 0, 0, 87, 0, 0, 8, 1, 0, 224, 5, 223]
1552553027849;[171, 0, 17, 255, 161, 76, 221, 10, 239, 0, 0, 87, 0, 0, 10, 1, 0, 225, 5, 168]
1552553028017;[171, 0, 17, 255, 161, 76, 221, 10, 239, 0, 0, 89, 0, 0, 8, 1, 0, 222, 5, 171]
1552553028185;[171, 0, 17, 255, 161, 76, 221, 10, 239, 0, 0, 87, 0, 0, 9, 1, 0, 224, 5, 196]
1552553028186;[171, 0, 4, 255, 132, 128, 60]
1552553028350;[171, 0, 17, 255, 161, 76, 221, 10, 239, 0, 0, 91, 0, 0, 10, 1, 0, 222, 5, 215]
1552553028350;[171, 0, 17, 255, 161, 76, 221, 10, 239, 0, 0, 91, 0, 0, 10, 1, 0, 219, 5, 226]
1552553028533;[171, 0, 17, 255, 161, 76, 221, 10, 239, 0, 0, 93, 0, 0, 10, 1, 0, 224, 5, 228]
1552553028533;[171, 0, 17, 255, 161, 76, 221, 10, 239, 0, 0, 86, 0, 0, 7, 1, 0, 222, 5, 206]
1552553029402;[171, 0, 17, 255, 161, 76, 221, 10, 240, 0, 0, 87, 0, 0, 10, 1, 0, 224, 5, 189]
1552553029403;[171, 0, 17, 255, 161, 76, 221, 10, 240, 0, 0, 87, 0, 0, 8, 1, 0, 224, 5, 161]
1552553029404;[171, 0, 17, 255, 161, 76, 221, 10, 240, 0, 0, 89, 0, 0, 8, 1, 0, 224, 5, 121]
1552553029405;[171, 0, 17, 255, 161, 76, 221, 10, 240, 0, 0, 91, 0, 0, 10, 1, 0, 222, 5, 91]
1552553029405;[171, 0, 17, 255, 161, 76, 221, 10, 240, 0, 0, 89, 0, 0, 8, 1, 0, 224, 5, 84]
1552553029406;[171, 0, 17, 255, 161, 76, 221, 10, 240, 0, 0, 88, 0, 0, 8, 1, 0, 224, 5, 117]
1552553029406;[171, 0, 4, 255, 132, 128, 60]
1552553029407;[171, 0, 17, 255, 161, 76, 221, 10, 240, 0, 0, 91, 0, 0, 7, 1, 0, 222, 5, 141]
1552553029570;[171, 0, 17, 255, 161, 76, 221, 10, 240, 0, 0, 89, 0, 0, 11, 1, 0, 224, 5, 149]
1552553029571;[171, 0, 17, 255, 161, 76, 221, 10, 240, 0, 0, 89, 0, 0, 10, 1, 0, 224, 5, 168]
1552553029904;[171, 0, 17, 255, 161, 76, 221, 10, 240, 0, 0, 94, 0, 0, 10, 1, 0, 224, 5, 153]
1552553029921;[171, 0, 17, 255, 161, 76, 221, 10, 241, 0, 0, 89, 0, 0, 10, 1, 0, 222, 5, 134]
1552553029922;[171, 0, 17, 255, 161, 76, 221, 10, 241, 0, 0, 87, 0, 0, 9, 1, 0, 222, 5, 114]
1552553030087;[171, 0, 17, 255, 161, 76, 221, 10, 241, 0, 0, 89, 0, 0, 10, 1, 0, 223, 5, 78]
1552553030087;[171, 0, 17, 255, 161, 76, 221, 10, 241, 0, 0, 93, 0, 0, 9, 1, 0, 222, 5, 43]
1552553030255;[171, 0, 17, 255, 161, 76, 221, 10, 241, 0, 0, 87, 0, 0, 11, 1, 0, 226, 5, 56]
1552553030255;[171, 0, 17, 255, 161, 76, 221, 10, 241, 0, 0, 89, 0, 0, 9, 1, 0, 224, 5, 111]
1552553030422;[171, 0, 4, 255, 132, 128, 60]
1552553030445;[171, 0, 17, 255, 161, 76, 221, 10, 241, 0, 0, 89, 0, 0, 9, 1, 0, 224, 5, 139]
1552553030607;[171, 0, 17, 255, 161, 76, 221, 10, 241, 0, 0, 87, 0, 0, 8, 1, 0, 224, 5, 165]
1552553030774;[171, 0, 17, 255, 161, 76, 221, 10, 241, 0, 0, 89, 0, 0, 6, 1, 0, 224, 5, 179]
1552553030774;[171, 0, 17, 255, 161, 76, 221, 10, 241, 0, 0, 93, 0, 0, 9, 1, 0, 223, 5, 188]
1552553030941;[171, 0, 17, 255, 161, 76, 221, 10, 242, 0, 0, 91, 0, 0, 10, 1, 0, 225, 5, 170]
1552553030941;[171, 0, 17, 255, 161, 76, 221, 10, 242, 0, 0, 89, 0, 0, 10, 1, 0, 223, 5, 153]
1552553031124;[171, 0, 17, 255, 161, 76, 221, 10, 242, 0, 0, 93, 0, 0, 10, 1, 0, 220, 5, 128]
1552553031291;[171, 0, 17, 255, 161, 76, 221, 10, 242, 0, 0, 89, 0, 0, 11, 1, 0, 220, 5, 111]
1552553031291;[171, 0, 17, 255, 161, 76, 221, 10, 242, 0, 0, 91, 0, 0, 11, 1, 0, 224, 5, 158]
1552553031468;[171, 0, 17, 255, 161, 76, 221, 10, 242, 0, 0, 89, 0, 0, 10, 1, 0, 219, 5, 222]
1552553031469;[171, 0, 4, 255, 132, 128, 60]
1552553031643;[171, 0, 17, 255, 161, 76, 221, 10, 242, 0, 0, 91, 0, 0, 11, 1, 0, 224, 5, 249]
1552553031644;[171, 0, 17, 255, 161, 76, 221, 10, 242, 0, 0, 86, 0, 0, 10, 1, 0, 223, 6, 15]
1552553031808;[171, 0, 17, 255, 161, 76, 221, 10, 242, 0, 0, 86, 0, 0, 9, 1, 0, 224, 6, 21]
1552553031977;[171, 0, 17, 255, 161, 76, 221, 10, 242, 0, 0, 93, 0, 0, 10, 1, 0, 219, 6, 18]
1552553031993;[171, 0, 17, 255, 161, 76, 221, 10, 243, 0, 0, 87, 0, 0, 10, 1, 0, 225, 6, 3]
1552553032161;[171, 0, 17, 255, 161, 76, 221, 10, 243, 0, 0, 87, 0, 0, 10, 1, 0, 224, 5, 247]
1552553032163;[171, 0, 17, 255, 161, 76, 221, 10, 243, 0, 0, 89, 0, 0, 9, 1, 0, 224, 5, 212]
1552553032326;[171, 0, 17, 255, 161, 76, 221, 10, 243, 0, 0, 89, 0, 0, 10, 1, 0, 224, 5, 218]
1552553032326;[171, 0, 17, 255, 161, 76, 221, 10, 243, 0, 0, 86, 0, 0, 11, 1, 0, 222, 6, 24]
1552553032661;[171, 0, 17, 255, 161, 76, 221, 10, 243, 0, 0, 89, 0, 0, 9, 1, 0, 222, 6, 60]
1552553032677;[171, 0, 4, 255, 132, 128, 60]
1552553032678;[171, 0, 17, 255, 161, 76, 221, 10, 243, 0, 0, 91, 0, 0, 8, 1, 0, 220, 6, 87]
1552553033363;[171, 0, 17, 255, 161, 76, 221, 10, 243, 0, 0, 89, 0, 0, 10, 1, 0, 224, 6, 103]
1552553033533;[171, 0, 17, 255, 161, 76, 221, 10, 243, 0, 0, 91, 0, 0, 11, 1, 0, 224, 6, 95]
1552553033534;[171, 0, 17, 255, 161, 76, 221, 10, 243, 0, 0, 89, 0, 0, 9, 1, 0, 224, 6, 87]
1552553033547;[171, 0, 17, 255, 161, 76, 221, 10, 244, 0, 0, 86, 0, 0, 8, 1, 0, 224, 6, 58]
1552553033714;[171, 0, 17, 255, 161, 76, 221, 10, 244, 0, 0, 87, 0, 0, 9, 1, 0, 222, 6, 24]
1552553033715;[171, 0, 17, 255, 161, 76, 221, 10, 244, 0, 0, 86, 0, 0, 10, 1, 0, 224, 5, 237]
1552553033716;[171, 0, 17, 255, 161, 76, 221, 10, 244, 0, 0, 87, 0, 0, 10, 1, 0, 224, 5, 247]
1552553033716;[171, 0, 17, 255, 161, 76, 221, 10, 244, 0, 0, 89, 0, 0, 9, 1, 0, 222, 6, 39]
1552553033717;[171, 0, 17, 255, 161, 76, 221, 10, 244, 0, 0, 91, 0, 0, 10, 1, 0, 224, 6, 79]
1552553033881;[171, 0, 4, 255, 132, 128, 60]
1552553033883;[171, 0, 17, 255, 161, 76, 221, 10, 244, 0, 0, 91, 0, 0, 10, 1, 0, 221, 6, 95]
1552553034049;[171, 0, 17, 255, 161, 76, 221, 10, 244, 0, 0, 89, 0, 0, 9, 1, 0, 224, 6, 104]
1552553034050;[171, 0, 17, 255, 161, 76, 221, 10, 244, 0, 0, 86, 0, 0, 11, 1, 0, 222, 6, 95]
1552553034232;[171, 0, 17, 255, 161, 76, 221, 10, 244, 0, 0, 89, 0, 0, 10, 1, 0, 221, 6, 75]
1552553034234;[171, 0, 17, 255, 161, 76, 221, 10, 245, 0, 0, 87, 0, 0, 8, 1, 0, 224, 6, 40]
1552553034399;[171, 0, 17, 255, 161, 76, 221, 10, 245, 0, 0, 87, 0, 0, 10, 1, 0, 224, 5, 250]
1552553034566;[171, 0, 17, 255, 161, 76, 221, 10, 245, 0, 0, 86, 0, 0, 9, 1, 0, 222, 5, 206]
1552553034567;[171, 0, 17, 255, 161, 76, 221, 10, 245, 0, 0, 87, 0, 0, 10, 1, 0, 221, 5, 152]
1552553034750;[171, 0, 17, 255, 161, 76, 221, 10, 245, 0, 0, 86, 0, 0, 11, 1, 0, 224, 5, 145]
1552553034751;[171, 0, 17, 255, 161, 76, 221, 10, 245, 0, 0, 87, 0, 0, 11, 1, 0, 224, 5, 174]
1552553034917;[171, 0, 4, 255, 132, 128, 60]
1552553035249;[171, 0, 17, 255, 161, 76, 221, 10, 245, 0, 0, 87, 0, 0, 10, 1, 0, 224, 5, 188]
1552553035433;[171, 0, 17, 255, 161, 76, 221, 10, 245, 0, 0, 91, 0, 0, 9, 1, 0, 225, 5, 192]
1552553035600;[171, 0, 17, 255, 161, 76, 221, 10, 245, 0, 0, 89, 0, 0, 9, 1, 0, 224, 5, 182]
1552553035601;[171, 0, 17, 255, 161, 76, 221, 10, 245, 0, 0, 87, 0, 0, 11, 1, 0, 222, 5, 164]
1552553035601;[171, 0, 17, 255, 161, 76, 221, 10, 246, 0, 0, 87, 0, 0, 10, 1, 0, 223, 5, 127]
1552553035602;[171, 0, 17, 255, 161, 76, 221, 10, 246, 0, 0, 85, 0, 0, 11, 1, 0, 224, 5, 82]
1552553035602;[171, 0, 17, 255, 161, 76, 221, 10, 246, 0, 0, 86, 0, 0, 10, 1, 0, 224, 5, 30]
1552553035767;[171, 0, 17, 255, 161, 76, 221, 10, 246, 0, 0, 89, 0, 0, 11, 1, 0, 222, 4, 247]
1552553035768;[171, 0, 17, 255, 161, 76, 221, 10, 246, 0, 0, 89, 0, 0, 9, 1, 0, 222, 4, 201]
1552553035951;[171, 0, 17, 255, 161, 76, 221, 10, 246, 0, 0, 89, 0, 0, 8, 1, 0, 224, 4, 217]
1552553035951;[171, 0, 4, 255, 132, 128, 60]
1552553036119;[171, 0, 17, 255, 161, 76, 221, 10, 246, 0, 0, 87, 0, 0, 10, 1, 0, 224, 4, 234]
1552553036286;[171, 0, 17, 255, 161, 76, 221, 10, 246, 0, 0, 87, 0, 0, 11, 1, 0, 222, 4, 224]
1552553036287;[171, 0, 17, 255, 161, 76, 221, 10, 246, 0, 0, 86, 0, 0, 8, 1, 0, 223, 4, 221]
1552553036470;[171, 0, 17, 255, 161, 76, 221, 10, 246, 0, 0, 89, 0, 0, 11, 1, 0, 220, 4, 194]
1552553036471;[171, 0, 17, 255, 161, 76, 221, 10, 247, 0, 0, 89, 0, 0, 10, 1, 0, 224, 4, 167]
1552553036636;[171, 0, 17, 255, 161, 76, 221, 10, 247, 0, 0, 86, 0, 0, 10, 1, 0, 224, 4, 124]
1552553036637;[171, 0, 17, 255, 161, 76, 221, 10, 247, 0, 0, 86, 0, 0, 8, 1, 0, 224, 4, 81]
1552553036807;[171, 0, 17, 255, 161, 76, 221, 10, 247, 0, 0, 86, 0, 0, 9, 1, 0, 222, 4, 28]
1552553036987;[171, 0, 17, 255, 161, 76, 221, 10, 247, 0, 0, 93, 0, 0, 11, 1, 0, 224, 4, 10]
1552553036988;[171, 0, 17, 255, 161, 76, 221, 10, 247, 0, 0, 86, 0, 0, 8, 1, 0, 224, 4, 26]
1552553037155;[171, 0, 4, 255, 132, 128, 60]
1552553037157;[171, 0, 17, 255, 161, 76, 221, 10, 247, 0, 0, 93, 0, 0, 10, 1, 0, 222, 4, 49]
1552553037321;[171, 0, 17, 255, 161, 76, 221, 10, 247, 0, 0, 87, 0, 0, 10, 1, 0, 222, 4, 38]
1552553037322;[171, 0, 17, 255, 161, 76, 221, 10, 247, 0, 0, 93, 0, 0, 9, 1, 0, 224, 4, 47]
1552553039546;[171, 0, 17, 255, 161, 76, 221, 10, 247, 0, 0, 86, 0, 0, 9, 1, 0, 224, 4, 30]
1552553039546;[171, 0, 17, 255, 161, 76, 221, 10, 248, 0, 0, 93, 0, 0, 10, 1, 0, 224, 4, 4]
1552553039547;[171, 0, 17, 255, 161, 76, 221, 10, 248, 0, 0, 93, 0, 0, 10, 1, 0, 224, 3, 222]
1552553039547;[171, 0, 17, 255, 161, 76, 221, 10, 248, 0, 0, 91, 0, 0, 9, 1, 0, 224, 3, 185]
1552553039548;[171, 0, 17, 255, 161, 76, 221, 10, 248, 0, 0, 89, 0, 0, 11, 1, 0, 222, 3, 145]
1552553039560;[171, 0, 17, 255, 161, 76, 221, 10, 248, 0, 0, 87, 0, 0, 10, 1, 0, 224, 3, 135]
1552553039560;[171, 0, 17, 255, 161, 76, 221, 10, 248, 0, 0, 91, 0, 0, 9, 1, 0, 222, 3, 168]
1552553039561;[171, 0, 4, 255, 132, 128, 60]
1552553039562;[171, 0, 17, 255, 161, 76, 221, 10, 248, 0, 0, 89, 0, 0, 11, 1, 0, 225, 3, 192]
1552553039563;[171, 0, 17, 255, 161, 76, 221, 10, 248, 0, 0, 89, 0, 0, 11, 1, 0, 222, 3, 210]
1552553039563;[171, 0, 17, 255, 161, 76, 221, 10, 248, 0, 0, 86, 0, 0, 10, 1, 0, 224, 3, 221]
1552553039563;[171, 0, 17, 255, 161, 76, 221, 10, 248, 0, 0, 89, 0, 0, 9, 1, 0, 220, 3, 212]
1552553039564;[171, 0, 17, 255, 161, 76, 221, 10, 249, 0, 0, 89, 0, 0, 9, 1, 0, 223, 3, 203]
1552553039564;[171, 0, 17, 255, 161, 76, 221, 10, 249, 0, 0, 86, 0, 0, 11, 1, 0, 225, 3, 177]
1552553039579;[171, 0, 17, 255, 161, 76, 221, 10, 249, 0, 0, 89, 0, 0, 9, 1, 0, 220, 3, 152]
1552553039580;[171, 0, 17, 255, 161, 76, 221, 10, 249, 0, 0, 89, 0, 0, 11, 1, 0, 222, 3, 120]
1552553039580;[171, 0, 17, 255, 161, 76, 221, 10, 249, 0, 0, 93, 0, 0, 10, 1, 0, 221, 3, 159]
1552553039580;[171, 0, 17, 255, 161, 76, 221, 10, 249, 0, 0, 91, 0, 0, 11, 1, 0, 222, 3, 202]
1552553039581;[171, 0, 4, 255, 132, 128, 60]
1552553039581;[171, 0, 17, 255, 161, 76, 221, 10, 249, 0, 0, 89, 0, 0, 11, 1, 0, 222, 3, 230]
1552553039582;[171, 0, 17, 255, 161, 76, 221, 10, 249, 0, 0, 86, 0, 0, 10, 1, 0, 219, 4, 2]
1552553039582;[171, 0, 17, 255, 161, 76, 221, 10, 249, 0, 0, 89, 0, 0, 10, 1, 0, 224, 4, 18]
1552553039744;[171, 0, 17, 255, 161, 76, 221, 10, 249, 0, 0, 91, 0, 0, 9, 1, 0, 224, 4, 3]
1552553039744;[171, 0, 17, 255, 161, 76, 221, 10, 250, 0, 0, 86, 0, 0, 11, 1, 0, 225, 3, 253]
1552553039913;[171, 0, 17, 255, 161, 76, 221, 10, 250, 0, 0, 93, 0, 0, 9, 1, 0, 223, 3, 231]
1552553040096;[171, 0, 17, 255, 161, 76, 221, 10, 250, 0, 0, 89, 0, 0, 11, 1, 0, 224, 3, 213]
1552553040096;[171, 0, 17, 255, 161, 76, 221, 10, 250, 0, 0, 91, 0, 0, 10, 1, 0, 224, 4, 15]
1552553040262;[171, 0, 17, 255, 161, 76, 221, 10, 250, 0, 0, 93, 0, 0, 10, 1, 0, 220, 4, 61]
1552553040263;[171, 0, 17, 255, 161, 76, 221, 10, 250, 0, 0, 86, 0, 0, 10, 1, 0, 225, 4, 97]
1552553040431;[171, 0, 4, 255, 132, 128, 60]
1552553040433;[171, 0, 17, 255, 161, 76, 221, 10, 250, 0, 0, 89, 0, 0, 11, 1, 0, 224, 4, 124]
1552553040615;[171, 0, 17, 255, 161, 76, 221, 10, 250, 0, 0, 89, 0, 0, 10, 1, 0, 224, 4, 140]
1552553040781;[171, 0, 17, 255, 161, 76, 221, 10, 250, 0, 0, 85, 0, 0, 10, 1, 0, 224, 4, 125]
1552553040783;[171, 0, 17, 255, 161, 76, 221, 10, 250, 0, 0, 91, 0, 0, 10, 1, 0, 224, 4, 114]
1552553040950;[171, 0, 17, 255, 161, 76, 221, 10, 251, 0, 0, 85, 0, 0, 8, 1, 0, 221, 4, 94]
1552553040951;[171, 0, 17, 255, 161, 76, 221, 10, 251, 0, 0, 89, 0, 0, 11, 1, 0, 227, 4, 58]
1552553041299;[171, 0, 17, 255, 161, 76, 221, 10, 251, 0, 0, 89, 0, 0, 9, 1, 0, 224, 4, 97]
1552553041300;[171, 0, 17, 255, 161, 76, 221, 10, 251, 0, 0, 89, 0, 0, 10, 1, 0, 219, 4, 160]
1552553041466;[171, 0, 17, 255, 161, 76, 221, 10, 251, 0, 0, 86, 0, 0, 10, 1, 0, 223, 4, 197]
1552553041467;[171, 0, 17, 255, 161, 76, 221, 10, 251, 0, 0, 89, 0, 0, 11, 1, 0, 224, 4, 230]
1552553041468;[171, 0, 4, 255, 132, 128, 60]
1552553041650;[171, 0, 17, 255, 161, 76, 221, 10, 251, 0, 0, 89, 0, 0, 11, 1, 0, 224, 4, 248]
1552553041651;[171, 0, 17, 255, 161, 76, 221, 10, 251, 0, 0, 87, 0, 0, 10, 1, 0, 224, 4, 236]
1552553041815;[171, 0, 17, 255, 161, 76, 221, 10, 251, 0, 0, 89, 0, 0, 10, 1, 0, 222, 4, 220]
1552553041985;[171, 0, 17, 255, 161, 76, 221, 10, 251, 0, 0, 86, 0, 0, 9, 1, 0, 224, 4, 196]
1552553041986;[171, 0, 17, 255, 161, 76, 221, 11, 0, 0, 0, 86, 0, 0, 11, 1, 0, 222, 4, 164]
1552553042151;[171, 0, 17, 255, 161, 76, 221, 11, 0, 0, 0, 93, 0, 0, 10, 1, 0, 224, 4, 120]
1552553042168;[171, 0, 17, 255, 161, 76, 221, 11, 0, 0, 0, 89, 0, 0, 9, 1, 0, 220, 4, 163]
1552553042503;[171, 0, 17, 255, 161, 76, 221, 11, 0, 0, 0, 86, 0, 0, 9, 1, 0, 222, 4, 207]
1552553042504;[171, 0, 17, 255, 161, 76, 221, 11, 0, 0, 0, 89, 0, 0, 9, 1, 0, 224, 4, 238]
1552553042505;[171, 0, 17, 255, 161, 76, 221, 11, 0, 0, 0, 86, 0, 0, 10, 1, 0, 225, 4, 252]
1552553042669;[171, 0, 4, 255, 132, 128, 60]
1552553042670;[171, 0, 17, 255, 161, 76, 221, 11, 0, 0, 0, 89, 0, 0, 9, 1, 0, 222, 4, 251]
1552553042854;[171, 0, 17, 255, 161, 76, 221, 11, 0, 0, 0, 89, 0, 0, 10, 1, 0, 223, 4, 234]
1552553042855;[171, 0, 17, 255, 161, 76, 221, 11, 0, 0, 0, 86, 0, 0, 10, 1, 0, 224, 4, 209]
1552553043021;[171, 0, 17, 255, 161, 76, 221, 11, 0, 0, 0, 86, 0, 0, 8, 1, 0, 222, 4, 171]
1552553043188;[171, 0, 17, 255, 161, 76, 221, 11, 1, 0, 0, 86, 0, 0, 8, 1, 0, 223, 4, 138]
1552553043205;[171, 0, 17, 255, 161, 76, 221, 11, 1, 0, 0, 93, 0, 0, 9, 1, 0, 221, 4, 158]
1552553043372;[171, 0, 17, 255, 161, 76, 221, 11, 1, 0, 0, 91, 0, 0, 9, 1, 0, 224, 4, 193]
1552553043373;[171, 0, 17, 255, 161, 76, 221, 11, 1, 0, 0, 91, 0, 0, 10, 1, 0, 222, 4, 208]
1552553043538;[171, 0, 17, 255, 161, 76, 221, 11, 1, 0, 0, 86, 0, 0, 9, 1, 0, 222, 4, 214]
1552553043539;[171, 0, 17, 255, 161, 76, 221, 11, 1, 0, 0, 87, 0, 0, 9, 1, 0, 224, 4, 201]
1552553043706;[171, 0, 4, 255, 132, 128, 60]
1552553043890;[171, 0, 17, 255, 161, 76, 221, 11, 1, 0, 0, 87, 0, 0, 9, 1, 0, 221, 4, 173]
1552553043891;[171, 0, 17, 255, 161, 76, 221, 11, 1, 0, 0, 89, 0, 0, 11, 1, 0, 224, 4, 133]
1552553044056;[171, 0, 17, 255, 161, 76, 221, 11, 1, 0, 0, 89, 0, 0, 9, 1, 0, 220, 4, 101]
1552553044057;[171, 0, 17, 255, 161, 76, 221, 11, 1, 0, 0, 91, 0, 0, 9, 1, 0, 223, 4, 52]
1552553044224;[171, 0, 17, 255, 161, 76, 221, 11, 2, 0, 0, 89, 0, 0, 10, 1, 0, 222, 4, 70]
1552553044224;[171, 0, 17, 255, 161, 76, 221, 11, 2, 0, 0, 89, 0, 0, 8, 1, 0, 227, 4, 119]
1552553044408;[171, 0, 17, 255, 161, 76, 221, 11, 2, 0, 0, 86, 0, 0, 10, 1, 0, 224, 4, 130]
1552553044575;[171, 0, 17, 255, 161, 76, 221, 11, 2, 0, 0, 89, 0, 0, 8, 1, 0, 224, 4, 141]
1552553044740;[171, 0, 17, 255, 161, 76, 221, 11, 2, 0, 0, 91, 0, 0, 11, 1, 0, 224, 4, 135]
1552553044741;[171, 0, 17, 255, 161, 76, 221, 11, 2, 0, 0, 87, 0, 0, 10, 1, 0, 225, 4, 113]
1552553044756;[171, 0, 4, 255, 132, 128, 60]
1552553045093;[171, 0, 17, 255, 161, 76, 221, 11, 2, 0, 0, 86, 0, 0, 10, 1, 0, 224, 4, 83]
1552553045094;[171, 0, 17, 255, 161, 76, 221, 11, 2, 0, 0, 86, 0, 0, 8, 1, 0, 224, 4, 40]
1552553045095;[171, 0, 17, 255, 161, 76, 221, 11, 2, 0, 0, 86, 0, 0, 9, 1, 0, 221, 3, 252]
