1552551000809;[171, 0, 17, 255, 161, 76, 221, 2, 128, 1, 0, 72, 0, 0, 0, 1, 0, 248, 8, 72]
1552551000975;[171, 0, 17, 255, 161, 76, 221, 2, 128, 1, 0, 71, 0, 0, 2, 1, 0, 249, 8, 134]
1552551000975;[171, 0, 17, 255, 161, 76, 221, 2, 128, 1, 0, 73, 1, 0, 1, 1, 0, 249, 8, 174]
1552551001142;[171, 0, 17, 255, 161, 76, 221, 2, 129, 1, 0, 72, 0, 0, 3, 1, 0, 248, 8, 172]
1552551001326;[171, 0, 17, 255, 161, 76, 221, 2, 129, 1, 0, 72, 0, 0, 0, 1, 0, 248, 8, 168]
1552551001327;[171, 0, 17, 255, 161, 76, 221, 2, 129, 1, 0, 73, 0, 0, 0, 1, 0, 248, 8, 161]
1552551001493;[171, 0, 17, 255, 161, 76, 221, 2, 129, 1, 0, 67, 0, 0, 0, 1, 0, 248, 8, 135]
1552551001493;[171, 0, 17, 255, 161, 76, 221, 2, 129, 1, 0, 74, 1, 0, 1, 1, 0, 245, 8, 47]
1552551001660;[171, 0, 17, 255, 161, 76, 221, 2, 129, 1, 0, 73, 1, 0, 1, 1, 0, 243, 7, 207]
1552551001844;[171, 0, 17, 255, 161, 76, 221, 2, 129, 1, 0, 73, 1, 0, 1, 1, 0, 248, 7, 127]
1552551001844;[171, 0, 4, 255, 132, 128, 67]
1552551002178;[171, 0, 17, 255, 161, 76, 221, 2, 129, 1, 0, 71, 0, 0, 0, 1, 0, 248, 7, 97]
1552551002179;[171, 0, 17, 255, 161, 76, 221, 2, 129, 1, 0, 71, 0, 0, 3, 1, 0, 243, 7, 68]
1552551002179;[171, 0, 17, 255, 161, 76, 221, 2, 129, 1, 0, 73, 0, 0, 1, 1, 0, 246, 7, 20]
1552551002180;[171, 0, 17, 255, 161, 76, 221, 2, 130, 1, 0, 73, 0, 0, 0, 1, 0, 249, 6, 232]
1552551002345;[171, 0, 17, 255, 161, 76, 221, 2, 130, 1, 0, 71, 0, 0, 1, 1, 0, 248, 6, 223]
1552551002529;[171, 0, 17, 255, 161, 76, 221, 2, 130, 1, 0, 73, 0, 0, 1, 1, 0, 249, 6, 216]
1552551002530;[171, 0, 17, 255, 161, 76, 221, 2, 130, 1, 0, 73, 0, 0, 1, 1, 0, 246, 6, 200]
1552551002696;[171, 0, 17, 255, 161, 76, 221, 2, 130, 1, 0, 71, 0, 0, 2, 1, 0, 248, 6, 189]
1552551002863;[171, 0, 17, 255, 161, 76, 221, 2, 130, 1, 0, 72, 0, 0, 2, 1, 0, 248, 6, 170]
1552551002879;[171, 0, 17, 255, 161, 76, 221, 2, 130, 1, 0, 72, 0, 0, 0, 1, 0, 249, 6, 165]
1552551002880;[171, 0, 4, 255, 132, 128, 67]
1552551003046;[171, 0, 17, 255, 161, 76, 221, 2, 130, 1, 0, 73, 0, 0, 3, 1, 0, 246, 6, 175]
1552551003381;[171, 0, 17, 255, 161, 76, 221, 2, 130, 1, 0, 72, 0, 0, 2, 1, 0, 248, 6, 175]
1552551003382;[171, 0, 17, 255, 161, 76, 221, 2, 130, 1, 0, 71, 0, 0, 2, 1, 0, 248, 6, 152]
1552551003397;[171, 0, 17, 255, 161, 76, 221, 2, 131, 1, 0, 74, 1, 0, 3, 1, 0, 246, 6, 117]
1552551003398;[171, 0, 17, 255, 161, 76, 221, 2, 131, 1, 0, 73, 1, 0, 3, 1, 0, 246, 6, 68]
1552551003564;[171, 0, 17, 255, 161, 76, 221, 2, 131, 1, 0, 74, 0, 0, 0, 1, 0, 245, 6, 19]
1552551003732;[171, 0, 17, 255, 161, 76, 221, 2, 131, 1, 0, 72, 0, 0, 0, 1, 0, 248, 5, 213]
1552551003732;[171, 0, 17, 255, 161, 76, 221, 2, 131, 1, 0, 67, 0, 0, 0, 1, 0, 245, 5, 149]
1552551003899;[171, 0, 17, 255, 161, 76, 221, 2, 131, 1, 0, 71, 0, 0, 0, 1, 0, 248, 5, 51]
1552551003899;[171, 0, 17, 255, 161, 76, 221, 2, 131, 1, 0, 66, 0, 0, 2, 1, 0, 245, 5, 51]
1552551004082;[171, 0, 4, 255, 132, 128, 67]
1552551004083;[171, 0, 17, 255, 161, 76, 221, 2, 131, 1, 0, 71, 1, 0, 1, 1, 0, 245, 5, 31]
1552551004250;[171, 0, 17, 255, 161, 76, 221, 2, 131, 1, 0, 65, 0, 0, 1, 1, 0, 248, 5, 40]
1552551004417;[171, 0, 17, 255, 161, 76, 221, 2, 131, 1, 0, 65, 1, 0, 1, 1, 0, 243, 5, 54]
1552551004601;[171, 0, 17, 255, 161, 76, 221, 2, 132, 1, 0, 67, 0, 0, 1, 1, 0, 246, 5, 61]
1552551004767;[171, 0, 17, 255, 161, 76, 221, 2, 132, 1, 0, 72, 1, 0, 1, 1, 0, 246, 5, 76]
1552551004768;[171, 0, 17, 255, 161, 76, 221, 2, 132, 1, 0, 71, 1, 0, 3, 1, 0, 249, 5, 83]
1552551004769;[171, 0, 17, 255, 161, 76, 221, 2, 132, 1, 0, 71, 0, 0, 3, 1, 0, 248, 5, 86]
1552551005286;[171, 0, 17, 255, 161, 76, 221, 2, 132, 1, 0, 71, 0, 0, 3, 1, 0, 246, 5, 76]
1552551005286;[171, 0, 17, 255, 161, 76, 221, 2, 132, 1, 0, 72, 0, 0, 3, 1, 0, 246, 5, 71]
1552551005287;[171, 0, 17, 255, 161, 76, 221, 2, 132, 1, 0, 72, 0, 0, 3, 1, 0, 249, 5, 64]
1552551005287;[171, 0, 4, 255, 132, 128, 67]
1552551005289;[171, 0, 17, 255, 161, 76, 221, 2, 132, 1, 0, 71, 0, 0, 3, 1, 0, 249, 5, 77]
1552551005305;[171, 0, 17, 255, 161, 76, 221, 2, 132, 1, 0, 76, 0, 0, 3, 1, 0, 245, 5, 90]
1552551005453;[171, 0, 17, 255, 161, 76, 221, 2, 132, 1, 0, 74, 0, 0, 2, 1, 0, 248, 5, 91]
1552551005637;[171, 0, 17, 255, 161, 76, 221, 2, 133, 1, 0, 72, 0, 0, 0, 1, 0, 248, 5, 94]
1552551005637;[171, 0, 17, 255, 161, 76, 221, 2, 133, 1, 0, 74, 0, 0, 4, 1, 0, 245, 5, 98]
1552551005803;[171, 0, 17, 255, 161, 76, 221, 2, 133, 1, 0, 72, 0, 0, 3, 1, 0, 249, 5, 96]
1552551005804;[171, 0, 17, 255, 161, 76, 221, 2, 133, 1, 0, 73, 0, 0, 2, 1, 0, 249, 5, 101]
1552551005971;[171, 0, 17, 255, 161, 76, 221, 2, 133, 1, 0, 71, 0, 0, 3, 1, 0, 246, 5, 79]
1552551005972;[171, 0, 17, 255, 161, 76, 221, 2, 133, 1, 0, 72, 0, 0, 3, 1, 0, 249, 5, 60]
1552551006154;[171, 0, 17, 255, 161, 76, 221, 2, 133, 1, 0, 72, 0, 0, 4, 1, 0, 246, 5, 74]
1552551006322;[171, 0, 4, 255, 132, 128, 67]
1552551006323;[171, 0, 17, 255, 161, 76, 221, 2, 133, 1, 0, 72, 0, 0, 3, 1, 0, 246, 5, 81]
1552551008396;[171, 0, 17, 255, 161, 76, 221, 2, 133, 1, 0, 74, 0, 0, 3, 1, 0, 249, 5, 74]
1552551008397;[171, 0, 17, 255, 161, 76, 221, 2, 133, 1, 0, 73, 0, 0, 4, 1, 0, 243, 5, 71]
1552551008398;[171, 0, 17, 255, 161, 76, 221, 2, 134, 1, 0, 73, 0, 0, 3, 1, 0, 249, 5, 68]
1552551008399;[171, 0, 17, 255, 161, 76, 221, 2, 134, 1, 0, 73, 0, 0, 5, 1, 0, 249, 5, 47]
1552551008399;[171, 0, 17, 255, 161, 76, 221, 2, 134, 1, 0, 72, 0, 0, 3, 1, 0, 248, 5, 26]
1552551008400;[171, 0, 17, 255, 161, 76, 221, 2, 134, 1, 0, 73, 0, 0, 3, 1, 0, 245, 5, 7]
1552551008401;[171, 0, 17, 255, 161, 76, 221, 2, 134, 1, 0, 73, 0, 0, 3, 1, 0, 249, 4, 252]
1552551008401;[171, 0, 17, 255, 161, 76, 221, 2, 134, 1, 0, 72, 0, 0, 3, 1, 0, 249, 5, 6]
1552551008402;[171, 0, 17, 255, 161, 76, 221, 2, 134, 1, 0, 73, 0, 0, 2, 1, 0, 246, 5, 22]
1552551008402;[171, 0, 4, 255, 132, 128, 67]
1552551008404;[171, 0, 17, 255, 161, 76, 221, 2, 134, 1, 0, 73, 0, 0, 3, 1, 0, 249, 5, 31]
1552551008404;[171, 0, 17, 255, 161, 76, 221, 2, 134, 1, 0, 72, 0, 0, 4, 1, 0, 245, 5, 33]
1552551008405;[171, 0, 17, 255, 161, 76, 221, 2, 134, 1, 0, 73, 0, 0, 3, 1, 0, 248, 5, 29]
1552551008405;[171, 0, 17, 255, 161, 76, 221, 2, 135, 1, 0, 71, 0, 0, 3, 1, 0, 245, 5, 15]
1552551008406;[171, 0, 17, 255, 161, 76, 221, 2, 135, 1, 0, 72, 0, 0, 3, 1, 0, 248, 5, 4]
1552551008406;[171, 0, 17, 255, 161, 76, 221, 2, 135, 1, 0, 71, 0, 0, 4, 1, 0, 244, 4, 242]
1552551008407;[171, 0, 17, 255, 161, 76, 221, 2, 135, 1, 0, 74, 0, 0, 3, 1, 0, 249, 4, 245]
1552551008407;[171, 0, 17, 255, 161, 76, 221, 2, 135, 1, 0, 71, 0, 0, 3, 1, 0, 243, 5, 21]
1552551008408;[171, 0, 17, 255, 161, 76, 221, 2, 135, 1, 0, 65, 0, 0, 2, 1, 0, 250, 5, 60]
1552551008409;[171, 0, 17, 255, 161, 76, 221, 2, 135, 1, 0, 67, 0, 0, 1, 1, 0, 246, 5, 88]
1552551008410;[171, 0, 4, 255, 132, 128, 66]
1552551008560;[171, 0, 17, 255, 161, 76, 221, 2, 135, 1, 0, 71, 0, 0, 3, 1, 0, 248, 5, 100]
1552551008727;[171, 0, 17, 255, 161, 76, 221, 2, 135, 1, 0, 72, 0, 0, 2, 1, 0, 246, 5, 109]
1552551008744;[171, 0, 17, 255, 161, 76, 221, 2, 135, 1, 0, 73, 0, 0, 3, 1, 0, 248, 5, 104]
1552551008912;[171, 0, 17, 255, 161, 76, 221, 2, 136, 1, 0, 71, 0, 0, 3, 1, 0, 248, 5, 93]
1552551008912;[171, 0, 17, 255, 161, 76, 221, 2, 136, 1, 0, 72, 0, 0, 3, 1, 0, 249, 5, 83]
1552551009079;[171, 0, 17, 255, 161, 76, 221, 2, 136, 1, 0, 72, 0, 0, 3, 1, 0, 247, 5, 117]
1552551009079;[171, 0, 17, 255, 161, 76, 221, 2, 136, 1, 0, 74, 0, 0, 3, 1, 0, 243, 5, 126]
1552551009246;[171, 0, 17, 255, 161, 76, 221, 2, 136, 1, 0, 72, 0, 0, 3, 1, 0, 249, 5, 135]
1552551009429;[171, 0, 17, 255, 161, 76, 221, 2, 136, 1, 0, 72, 0, 0, 4, 1, 0, 248, 5, 133]
1552551009430;[171, 0, 17, 255, 161, 76, 221, 2, 136, 1, 0, 72, 0, 0, 4, 1, 0, 248, 5, 112]
1552551009596;[171, 0, 4, 255, 132, 128, 66]
1552551009598;[171, 0, 17, 255, 161, 76, 221, 2, 136, 1, 0, 72, 0, 0, 3, 1, 0, 248, 5, 96]
1552551009764;[171, 0, 17, 255, 161, 76, 221, 2, 136, 1, 0, 74, 0, 0, 3, 1, 0, 245, 5, 70]
1552551009765;[171, 0, 17, 255, 161, 76, 221, 2, 136, 1, 0, 71, 0, 0, 3, 1, 0, 249, 5, 53]
1552551009948;[171, 0, 17, 255, 161, 76, 221, 2, 137, 1, 0, 72, 0, 0, 3, 1, 0, 245, 5, 62]
1552551010114;[171, 0, 17, 255, 161, 76, 221, 2, 137, 1, 0, 72, 0, 0, 3, 1, 0, 243, 5, 87]
1552551010115;[171, 0, 17, 255, 161, 76, 221, 2, 137, 1, 0, 72, 0, 0, 4, 1, 0, 248, 5, 99]
1552551010282;[171, 0, 17, 255, 161, 76, 221, 2, 137, 1, 0, 72, 0, 0, 5, 1, 0, 249, 5, 110]
1552551010282;[171, 0, 17, 255, 161, 76, 221, 2, 137, 1, 0, 71, 0, 0, 4, 1, 0, 249, 5, 102]
1552551010466;[171, 0, 17, 255, 161, 76, 221, 2, 137, 1, 0, 71, 0, 0, 4, 1, 0, 248, 5, 93]
1552551010632;[171, 0, 17, 255, 161, 76, 221, 2, 137, 1, 0, 74, 0, 0, 3, 1, 0, 245, 5, 77]
1552551010633;[171, 0, 4, 255, 132, 128, 66]
1552551010800;[171, 0, 17, 255, 161, 76, 221, 2, 137, 1, 0, 72, 0, 0, 3, 1, 0, 248, 5, 52]
1552551010800;[171, 0, 17, 255, 161, 76, 221, 2, 137, 1, 0, 71, 0, 0, 2, 1, 0, 245, 5, 35]
1552551010983;[171, 0, 17, 255, 161, 76, 221, 2, 137, 1, 0, 73, 0, 0, 5, 1, 0, 246, 5, 64]
1552551010984;[171, 0, 17, 255, 161, 76, 221, 2, 138, 1, 0, 73, 0, 0, 3, 1, 0, 249, 5, 101]
1552551011318;[171, 0, 17, 255, 161, 76, 221, 2, 138, 1, 0, 72, 0, 0, 4, 1, 0, 246, 5, 120]
1552551011502;[171, 0, 17, 255, 161, 76, 221, 2, 138, 1, 0, 71, 0, 0, 3, 1, 0, 248, 5, 143]
1552551011668;[171, 0, 17, 255, 161, 76, 221, 2, 138, 1, 0, 73, 0, 0, 3, 1, 0, 246, 5, 159]
1552551011669;[171, 0, 17, 255, 161, 76, 221, 2, 138, 1, 0, 73, 0, 0, 2, 1, 0, 246, 5, 157]
1552551011670;[171, 0, 17, 255, 161, 76, 221, 2, 138, 1, 0, 71, 0, 0, 4, 1, 0, 249, 5, 154]
1552551011670;[171, 0, 17, 255, 161, 76, 221, 2, 138, 1, 0, 71, 0, 0, 3, 1, 0, 246, 5, 135]
1552551011671;[171, 0, 4, 255, 132, 128, 66]
1552551011835;[171, 0, 17, 255, 161, 76, 221, 2, 138, 1, 0, 72, 0, 0, 3, 1, 0, 248, 5, 122]
1552551012186;[171, 0, 17, 255, 161, 76, 221, 2, 138, 1, 0, 73, 0, 0, 4, 1, 0, 246, 5, 150]
1552551012187;[171, 0, 17, 255, 161, 76, 221, 2, 138, 1, 0, 71, 0, 0, 3, 1, 0, 246, 5, 174]
1552551012188;[171, 0, 17, 255, 161, 76, 221, 2, 139, 1, 0, 71, 0, 0, 4, 1, 0, 248, 5, 171]
1552551012188;[171, 0, 17, 255, 161, 76, 221, 2, 139, 1, 0, 72, 0, 0, 4, 1, 0, 248, 5, 177]
1552551012354;[171, 0, 17, 255, 161, 76, 221, 2, 139, 1, 0, 73, 0, 0, 3, 1, 0, 248, 5, 170]
1552551012537;[171, 0, 17, 255, 161, 76, 221, 2, 139, 1, 0, 73, 0, 0, 4, 1, 0, 243, 5, 150]
1552551012538;[171, 0, 17, 255, 161, 76, 221, 2, 139, 1, 0, 71, 0, 0, 3, 1, 0, 243, 5, 130]
1552551012705;[171, 0, 17, 255, 161, 76, 221, 2, 139, 1, 0, 74, 0, 0, 4, 1, 0, 247, 5, 100]
1552551012705;[171, 0, 17, 255, 161, 76, 221, 2, 139, 1, 0, 71, 0, 0, 4, 1, 0, 243, 5, 77]
1552551012872;[171, 0, 4, 255, 132, 128, 66]
1552551012873;[171, 0, 17, 255, 161, 76, 221, 2, 139, 1, 0, 71, 0, 0, 3, 1, 0, 248, 5, 84]
1552551013055;[171, 0, 17, 255, 161, 76, 221, 2, 139, 1, 0, 73, 0, 0, 4, 1, 0, 246, 5, 111]
1552551013222;[171, 0, 17, 255, 161, 76, 221, 2, 139, 1, 0, 72, 0, 0, 2, 1, 0, 249, 5, 117]
1552551013223;[171, 0, 17, 255, 161, 76, 221, 2, 140, 1, 0, 72, 0, 0, 1, 1, 0, 248, 5, 127]
1552551013390;[171, 0, 17, 255, 161, 76, 221, 2, 140, 1, 0, 73, 0, 0, 4, 1, 0, 249, 5, 120]
1552551013391;[171, 0, 17, 255, 161, 76, 221, 2, 140, 1, 0, 74, 0, 0, 3, 1, 0, 248, 5, 93]
1552551013573;[171, 0, 17, 255, 161, 76, 221, 2, 140, 1, 0, 73, 0, 0, 3, 1, 0, 249, 5, 91]
1552551013741;[171, 0, 17, 255, 161, 76, 221, 2, 140, 1, 0, 73, 0, 0, 4, 1, 0, 248, 5, 60]
1552551013741;[171, 0, 17, 255, 161, 76, 221, 2, 140, 1, 0, 73, 0, 0, 4, 1, 0, 245, 5, 35]
1552551013907;[171, 0, 17, 255, 161, 76, 221, 2, 140, 1, 0, 71, 0, 0, 4, 1, 0, 249, 5, 22]
1552551013908;[171, 0, 4, 255, 132, 128, 66]
1552551014075;[171, 0, 17, 255, 161, 76, 221, 2, 140, 1, 0, 73, 0, 0, 1, 1, 0, 246, 5, 43]
1552551014092;[171, 0, 17, 255, 161, 76, 221, 2, 140, 1, 0, 73, 0, 0, 4, 1, 0, 249, 5, 53]
1552551014259;[171, 0, 17, 255, 161, 76, 221, 2, 140, 1, 0, 73, 0, 0, 3, 1, 0, 249, 5, 72]
1552551014426;[171, 0, 17, 255, 161, 76, 221, 2, 141, 1, 0, 72, 0, 0, 3, 1, 0, 249, 5, 76]
1552551014426;[171, 0, 17, 255, 161, 76, 221, 2, 141, 1, 0, 65, 0, 0, 3, 1, 0, 246, 5, 65]
1552551014593;[171, 0, 17, 255, 161, 76, 221, 2, 141, 1, 0, 72, 0, 0, 3, 1, 0, 245, 5, 64]
1552551014609;[171, 0, 17, 255, 161, 76, 221, 2, 141, 1, 0, 72, 0, 0, 3, 1, 0, 249, 5, 44]
1552551014776;[171, 0, 17, 255, 161, 76, 221, 2, 141, 1, 0, 74, 0, 0, 3, 1, 0, 248, 5, 24]
1552551014776;[171, 0, 17, 255, 161, 76, 221, 2, 141, 1, 0, 72, 0, 0, 2, 1, 0, 245, 5, 7]
1552551014943;[171, 0, 17, 255, 161, 76, 221, 2, 141, 1, 0, 73, 0, 0, 0, 1, 0, 244, 5, 17]
1552551015109;[171, 0, 4, 255, 132, 128, 66]
1552551015129;[171, 0, 17, 255, 161, 76, 221, 2, 141, 1, 0, 73, 0, 0, 5, 1, 0, 245, 5, 33]
1552551015294;[171, 0, 17, 255, 161, 76, 221, 2, 141, 1, 0, 74, 0, 0, 4, 1, 0, 246, 5, 30]
1552551015294;[171, 0, 17, 255, 161, 76, 221, 2, 141, 1, 0, 72, 0, 0, 3, 1, 0, 246, 5, 18]
1552551015461;[171, 0, 17, 255, 161, 76, 221, 2, 142, 1, 0, 72, 0, 0, 3, 1, 0, 248, 5, 8]
1552551015628;[171, 0, 17, 255, 161, 76, 221, 2, 142, 1, 0, 73, 0, 0, 5, 1, 0, 245, 4, 241]
1552551015645;[171, 0, 17, 255, 161, 76, 221, 2, 142, 1, 0, 71, 0, 0, 3, 1, 0, 248, 4, 218]
1552551015811;[171, 0, 17, 255, 161, 76, 221, 2, 142, 1, 0, 73, 0, 0, 3, 1, 0, 248, 4, 193]
1552551015979;[171, 0, 17, 255, 161, 76, 221, 2, 142, 1, 0, 74, 0, 0, 3, 1, 0, 249, 4, 172]
1552551016330;[171, 0, 17, 255, 161, 76, 221, 2, 142, 1, 0, 72, 0, 0, 3, 1, 0, 243, 4, 178]
1552551016330;[171, 0, 17, 255, 161, 76, 221, 2, 142, 1, 0, 72, 0, 0, 3, 1, 0, 246, 4, 201]
1552551016331;[171, 0, 4, 255, 132, 128, 66]
1552551016332;[171, 0, 17, 255, 161, 76, 221, 2, 142, 1, 0, 71, 0, 0, 3, 1, 0, 248, 4, 196]
1552551016332;[171, 0, 17, 255, 161, 76, 221, 2, 142, 1, 0, 71, 0, 0, 4, 1, 0, 249, 4, 195]
1552551016497;[171, 0, 17, 255, 161, 76, 221, 2, 142, 1, 0, 73, 0, 0, 4, 1, 0, 249, 4, 185]
1552551016497;[171, 0, 17, 255, 161, 76, 221, 2, 143, 1, 0, 73, 0, 0, 3, 1, 0, 249, 4, 161]
1552551016664;[171, 0, 17, 255, 161, 76, 221, 2, 143, 1, 0, 72, 0, 0, 1, 1, 0, 243, 4, 135]
1552551016664;[171, 0, 17, 255, 161, 76, 221, 2, 143, 1, 0, 72, 0, 0, 3, 1, 0, 246, 4, 112]
1552551016848;[171, 0, 17, 255, 161, 76, 221, 2, 143, 1, 0, 72, 0, 0, 4, 1, 0, 245, 4, 87]
1552551017015;[171, 0, 17, 255, 161, 76, 221, 2, 143, 1, 0, 72, 0, 0, 4, 1, 0, 248, 4, 75]
1552551017015;[171, 0, 17, 255, 161, 76, 221, 2, 143, 1, 0, 73, 0, 0, 4, 1, 0, 249, 4, 99]
1552551017182;[171, 0, 17, 255, 161, 76, 221, 2, 145, 1, 0, 96, 1, 0, 10, 1, 0, 249, 3, 193]
1552551017366;[171, 0, 17, 255, 161, 76, 221, 2, 145, 1, 0, 87, 0, 0, 8, 1, 0, 243, 3, 160]
1552551017532;[171, 0, 17, 255, 161, 76, 221, 2, 145, 1, 0, 100, 0, 0, 2, 1, 0, 243, 3, 129]
1552551017700;[171, 0, 17, 255, 161, 76, 221, 2, 146, 1, 0, 97, 0, 0, 10, 1, 0, 234, 3, 74]
1552551017700;[171, 0, 17, 255, 161, 76, 221, 2, 146, 1, 0, 79, 0, 0, 27, 1, 0, 228, 3, 25]
1552551017884;[171, 0, 17, 255, 161, 76, 221, 2, 146, 1, 0, 75, 0, 0, 29, 1, 0, 241, 2, 238]
1552551017884;[171, 0, 17, 255, 161, 76, 221, 2, 146, 1, 0, 90, 0, 0, 0, 1, 1, 16, 2, 220]
1552551018218;[171, 0, 17, 255, 161, 76, 221, 2, 146, 1, 0, 99, 0, 0, 11, 1, 0, 246, 2, 206]
1552551018218;[171, 0, 17, 255, 161, 76, 221, 2, 146, 1, 0, 90, 0, 0, 4, 1, 0, 229, 2, 170]
1552551018219;[171, 0, 17, 255, 161, 76, 221, 2, 146, 1, 0, 102, 1, 0, 4, 1, 0, 231, 2, 127]
1552551018401;[171, 0, 4, 255, 132, 128, 66]
1552551018403;[171, 0, 17, 255, 161, 76, 221, 2, 146, 1, 0, 98, 1, 0, 10, 1, 0, 243, 2, 91]
1552551018569;[171, 0, 17, 255, 161, 76, 221, 2, 146, 1, 0, 96, 0, 0, 0, 1, 0, 244, 2, 55]
1552551018735;[171, 0, 17, 255, 161, 76, 221, 2, 146, 1, 0, 102, 1, 0, 7, 1, 0, 241, 2, 13]
1552551018736;[171, 0, 17, 255, 161, 76, 221, 2, 147, 1, 0, 85, 0, 0, 2, 1, 0, 240, 1, 220]
1552551018920;[171, 0, 17, 255, 161, 76, 221, 2, 147, 1, 0, 83, 0, 0, 10, 1, 0, 247, 1, 192]
1552551018920;[171, 0, 17, 255, 161, 76, 221, 2, 147, 1, 0, 54, 0, 0, 16, 1, 0, 243, 1, 187]
1552551019086;[171, 0, 17, 255, 161, 76, 221, 2, 147, 1, 0, 65, 0, 0, 10, 1, 0, 234, 1, 169]
1552551019087;[171, 0, 17, 255, 161, 76, 221, 2, 147, 1, 0, 85, 0, 0, 4, 1, 0, 248, 1, 145]
1552551019254;[171, 0, 17, 255, 161, 76, 221, 2, 147, 1, 0, 91, 0, 0, 5, 1, 0, 254, 1, 124]
1552551019437;[171, 0, 17, 255, 161, 76, 221, 2, 147, 1, 0, 83, 0, 0, 6, 1, 0, 249, 1, 99]
1552551019438;[171, 0, 4, 255, 132, 128, 66]
1552551019605;[171, 0, 17, 255, 161, 76, 221, 2, 147, 1, 0, 105, 0, 0, 0, 1, 0, 228, 1, 61]
1552551019605;[171, 0, 17, 255, 161, 76, 221, 2, 147, 1, 0, 95, 1, 0, 2, 1, 0, 239, 1, 34]
1552551019772;[171, 0, 17, 255, 161, 76, 221, 2, 147, 1, 0, 79, 0, 0, 0, 1, 0, 236, 0, 251]
1552551019773;[171, 0, 17, 255, 161, 76, 221, 2, 148, 1, 0, 81, 1, 0, 7, 1, 0, 245, 0, 236]
1552551019955;[171, 0, 17, 255, 161, 76, 221, 2, 148, 1, 0, 79, 1, 0, 17, 1, 0, 249, 0, 231]
1552551020123;[171, 0, 17, 255, 161, 76, 221, 2, 148, 1, 0, 57, 0, 0, 8, 1, 1, 7, 0, 228]
1552551020123;[171, 0, 17, 255, 161, 76, 221, 2, 148, 1, 0, 59, 0, 0, 20, 1, 0, 247, 0, 218]
1552551020290;[171, 0, 17, 255, 161, 76, 221, 2, 148, 1, 0, 59, 0, 0, 16, 1, 0, 241, 16, 197]
1552551020457;[171, 0, 17, 255, 161, 76, 221, 2, 148, 1, 0, 35, 0, 0, 20, 1, 1, 3, 7, 169]
1552551020641;[171, 0, 17, 255, 161, 76, 221, 2, 148, 1, 0, 37, 0, 0, 11, 1, 1, 4, 7, 133]
1552551020641;[171, 0, 4, 255, 132, 128, 66]
1552551020642;[171, 0, 17, 255, 161, 76, 221, 2, 148, 1, 0, 41, 0, 0, 11, 1, 0, 250, 7, 97]
1552551020808;[171, 0, 17, 255, 161, 76, 221, 2, 148, 1, 0, 48, 0, 0, 11, 1, 0, 248, 7, 60]
1552551020808;[171, 0, 17, 255, 161, 76, 221, 2, 148, 1, 0, 43, 0, 0, 10, 1, 0, 249, 7, 26]
1552551020975;[171, 0, 17, 255, 161, 76, 221, 2, 149, 1, 0, 43, 0, 0, 11, 1, 0, 249, 7, 5]
1552551020991;[171, 0, 17, 255, 161, 76, 221, 2, 149, 1, 0, 50, 0, 0, 9, 1, 0, 249, 6, 240]
1552551021325;[171, 0, 17, 255, 161, 76, 221, 2, 149, 1, 0, 50, 0, 0, 9, 1, 0, 250, 6, 212]
1552551021326;[171, 0, 17, 255, 161, 76, 221, 2, 149, 1, 0, 50, 0, 0, 11, 1, 0, 249, 6, 212]
1552551021493;[171, 0, 17, 255, 161, 76, 221, 2, 149, 1, 0, 50, 0, 0, 11, 1, 0, 249, 6, 183]
1552551021509;[171, 0, 17, 255, 161, 76, 221, 2, 149, 1, 0, 43, 0, 0, 10, 1, 0, 249, 6, 154]
1552551021510;[171, 0, 17, 255, 161, 76, 221, 2, 149, 1, 0, 46, 0, 0, 9, 1, 0, 255, 6, 131]
1552551021676;[171, 0, 4, 255, 132, 128, 66]
1552551021678;[171, 0, 17, 255, 161, 76, 221, 2, 149, 1, 0, 48, 0, 0, 11, 1, 0, 249, 6, 108]
1552551021844;[171, 0, 17, 255, 161, 76, 221, 2, 149, 1, 0, 46, 0, 0, 9, 1, 0, 248, 6, 99]
1552551022011;[171, 0, 17, 255, 161, 76, 221, 2, 149, 1, 0, 46, 0, 0, 11, 1, 0, 249, 6, 95]
1552551022027;[171, 0, 17, 255, 161, 76, 221, 2, 150, 1, 0, 41, 0, 0, 8, 1, 0, 254, 6, 74]
1552551022194;[171, 0, 17, 255, 161, 76, 221, 2, 150, 1, 0, 48, 0, 0, 9, 1, 0, 250, 6, 65]
1552551022195;[171, 0, 17, 255, 161, 76, 221, 2, 150, 1, 0, 48, 0, 0, 9, 1, 0, 251, 6, 44]
1552551022361;[171, 0, 17, 255, 161, 76, 221, 2, 150, 1, 0, 50, 0, 0, 11, 1, 0, 250, 6, 25]
1552551022529;[171, 0, 17, 255, 161, 76, 221, 2, 150, 1, 0, 50, 0, 0, 10, 1, 0, 249, 6, 6]
1552551022529;[171, 0, 17, 255, 161, 76, 221, 2, 150, 1, 0, 46, 0, 0, 11, 1, 0, 250, 5, 243]
1552551022713;[171, 0, 17, 255, 161, 76, 221, 2, 150, 1, 0, 45, 0, 0, 11, 1, 0, 249, 5, 238]
1552551022713;[171, 0, 4, 255, 132, 128, 65]
1552551023046;[171, 0, 17, 255, 161, 76, 221, 2, 150, 1, 0, 45, 0, 0, 11, 1, 0, 249, 5, 237]
1552551023047;[171, 0, 17, 255, 161, 76, 221, 2, 150, 1, 0, 46, 0, 0, 11, 1, 0, 249, 5, 232]
1552551023063;[171, 0, 17, 255, 161, 76, 221, 2, 150, 1, 0, 43, 0, 0, 10, 1, 0, 250, 5, 231]
1552551023231;[171, 0, 17, 255, 161, 76, 221, 2, 151, 1, 0, 45, 0, 0, 11, 1, 0, 249, 5, 211]
1552551023231;[171, 0, 17, 255, 161, 76, 221, 2, 151, 1, 0, 42, 0, 0, 11, 1, 0, 250, 5, 197]
1552551023398;[171, 0, 17, 255, 161, 76, 221, 2, 151, 1, 0, 46, 0, 0, 10, 1, 0, 250, 5, 179]
1552551023398;[171, 0, 17, 255, 161, 76, 221, 2, 151, 1, 0, 50, 0, 0, 10, 1, 0, 250, 5, 168]
1552551023564;[171, 0, 17, 255, 161, 76, 221, 2, 151, 1, 0, 50, 0, 0, 11, 1, 0, 249, 5, 165]
1552551023565;[171, 0, 17, 255, 161, 76, 221, 2, 151, 1, 0, 48, 0, 0, 10, 1, 0, 250, 5, 157]
1552551023750;[171, 0, 17, 255, 161, 76, 221, 2, 151, 1, 0, 50, 0, 0, 10, 1, 0, 250, 5, 163]
1552551023915;[171, 0, 4, 255, 132, 128, 65]
1552551023916;[171, 0, 17, 255, 161, 76, 221, 2, 151, 1, 0, 50, 0, 0, 11, 1, 0, 250, 5, 150]
1552551024266;[171, 0, 17, 255, 161, 76, 221, 2, 151, 1, 0, 50, 0, 0, 10, 1, 0, 249, 5, 152]
1552551024267;[171, 0, 17, 255, 161, 76, 221, 2, 151, 1, 0, 48, 0, 0, 10, 1, 0, 250, 5, 140]
1552551024267;[171, 0, 17, 255, 161, 76, 221, 2, 152, 1, 0, 48, 0, 0, 11, 1, 0, 250, 5, 134]
1552551024433;[171, 0, 17, 255, 161, 76, 221, 2, 152, 1, 0, 50, 0, 0, 11, 1, 0, 249, 5, 121]
1552551024434;[171, 0, 17, 255, 161, 76, 221, 2, 152, 1, 0, 46, 0, 0, 11, 1, 0, 255, 5, 115]
1552551024601;[171, 0, 17, 255, 161, 76, 221, 2, 152, 1, 0, 45, 0, 0, 10, 1, 0, 254, 5, 96]
1552551024602;[171, 0, 17, 255, 161, 76, 221, 2, 152, 1, 0, 43, 0, 0, 10, 1, 0, 250, 5, 103]
1552551024784;[171, 0, 17, 255, 161, 76, 221, 2, 152, 1, 0, 50, 0, 0, 15, 1, 0, 249, 5, 105]
1552551024785;[171, 0, 17, 255, 161, 76, 221, 2, 152, 1, 0, 43, 0, 0, 10, 1, 0, 250, 5, 111]
1552551024951;[171, 0, 4, 255, 132, 128, 65]
1552551025118;[171, 0, 17, 255, 161, 76, 221, 2, 152, 1, 0, 46, 0, 0, 9, 1, 0, 250, 5, 115]
1552551025119;[171, 0, 17, 255, 161, 76, 221, 2, 152, 1, 0, 50, 0, 0, 8, 1, 0, 254, 5, 110]
1552551025302;[171, 0, 17, 255, 161, 76, 221, 2, 152, 1, 0, 46, 0, 0, 10, 1, 0, 253, 5, 112]
1552551025303;[171, 0, 17, 255, 161, 76, 221, 2, 153, 1, 0, 48, 0, 0, 9, 1, 0, 249, 5, 106]
1552551025469;[171, 0, 17, 255, 161, 76, 221, 2, 153, 1, 0, 48, 0, 0, 9, 1, 0, 249, 5, 106]
1552551025636;[171, 0, 17, 255, 161, 76, 221, 2, 153, 1, 0, 48, 0, 0, 10, 1, 0, 254, 5, 95]
1552551025637;[171, 0, 17, 255, 161, 76, 221, 2, 153, 1, 0, 43, 0, 0, 11, 1, 0, 250, 5, 106]
1552551025821;[171, 0, 17, 255, 161, 76, 221, 2, 153, 1, 0, 42, 0, 0, 9, 1, 0, 249, 5, 130]
1552551025821;[171, 0, 17, 255, 161, 76, 221, 2, 153, 1, 0, 46, 0, 0, 11, 1, 0, 250, 5, 137]
1552551025988;[171, 0, 17, 255, 161, 76, 221, 2, 153, 1, 0, 41, 0, 0, 9, 1, 0, 249, 5, 151]
1552551025988;[171, 0, 4, 255, 132, 128, 66]
1552551026155;[171, 0, 17, 255, 161, 76, 221, 2, 153, 1, 0, 48, 0, 0, 10, 1, 0, 250, 5, 165]
1552551026338;[171, 0, 17, 255, 161, 76, 221, 2, 153, 1, 0, 50, 0, 0, 11, 1, 0, 249, 5, 171]
1552551026339;[171, 0, 17, 255, 161, 76, 221, 2, 153, 1, 0, 50, 0, 0, 10, 1, 0, 248, 5, 172]
1552551026506;[171, 0, 17, 255, 161, 76, 221, 2, 154, 1, 0, 43, 0, 0, 9, 1, 0, 249, 5, 176]
1552551026506;[171, 0, 17, 255, 161, 76, 221, 2, 154, 1, 0, 51, 0, 0, 10, 1, 0, 249, 5, 164]
1552551026673;[171, 0, 17, 255, 161, 76, 221, 2, 154, 1, 0, 42, 0, 0, 10, 1, 0, 250, 5, 177]
1552551026673;[171, 0, 17, 255, 161, 76, 221, 2, 154, 1, 0, 50, 0, 0, 11, 1, 0, 250, 5, 208]
1552551026839;[171, 0, 17, 255, 161, 76, 221, 2, 154, 1, 0, 43, 0, 0, 10, 1, 0, 249, 5, 243]
1552551027023;[171, 0, 17, 255, 161, 76, 221, 2, 154, 1, 0, 46, 0, 0, 11, 1, 0, 254, 6, 13]
1552551027191;[171, 0, 17, 255, 161, 76, 221, 2, 154, 1, 0, 46, 0, 0, 11, 1, 0, 249, 6, 37]
1552551027357;[171, 0, 4, 255, 132, 128, 66]
1552551027542;[171, 0, 17, 255, 161, 76, 221, 2, 154, 1, 0, 48, 0, 0, 11, 1, 0, 248, 6, 59]
1552551027542;[171, 0, 17, 255, 161, 76, 221, 2, 154, 1, 0, 45, 0, 0, 11, 1, 0, 250, 6, 68]
1552551027543;[171, 0, 17, 255, 161, 76, 221, 2, 154, 1, 0, 48, 0, 0, 10, 1, 0, 250, 6, 77]
1552551027544;[171, 0, 17, 255, 161, 76, 221, 2, 155, 1, 0, 50, 0, 0, 10, 1, 0, 254, 6, 78]
1552551027709;[171, 0, 17, 255, 161, 76, 221, 2, 155, 1, 0, 45, 0, 0, 11, 1, 0, 249, 6, 85]
1552551027709;[171, 0, 17, 255, 161, 76, 221, 2, 155, 1, 0, 41, 0, 0, 9, 1, 0, 250, 6, 103]
1552551027875;[171, 0, 17, 255, 161, 76, 221, 2, 155, 1, 0, 45, 0, 0, 11, 1, 0, 250, 6, 147]
1552551027892;[171, 0, 17, 255, 161, 76, 221, 2, 155, 1, 0, 41, 0, 0, 9, 1, 0, 249, 6, 208]
1552551028060;[171, 0, 17, 255, 161, 76, 221, 2, 155, 1, 0, 46, 0, 0, 11, 1, 0, 250, 6, 249]
1552551028226;[171, 0, 17, 255, 161, 76, 221, 2, 155, 1, 0, 50, 0, 0, 11, 1, 1, 3, 7, 48]
1552551028394;[171, 0, 4, 255, 132, 128, 66]
1552551028395;[171, 0, 17, 255, 161, 76, 221, 2, 155, 1, 0, 50, 0, 0, 10, 1, 0, 249, 7, 81]
1552551028413;[171, 0, 17, 255, 161, 76, 221, 2, 155, 1, 0, 46, 0, 0, 9, 1, 0, 249, 7, 104]
1552551028577;[171, 0, 17, 255, 161, 76, 221, 2, 155, 1, 0, 48, 0, 0, 10, 1, 0, 249, 7, 132]
1552551028578;[171, 0, 17, 255, 161, 76, 221, 2, 156, 1, 0, 50, 0, 0, 9, 1, 0, 248, 7, 155]
1552551028744;[171, 0, 17, 255, 161, 76, 221, 2, 156, 1, 0, 42, 0, 0, 9, 1, 0, 246, 7, 155]
1552551028912;[171, 0, 17, 255, 161, 76, 221, 2, 156, 1, 0, 43, 0, 0, 11, 1, 0, 250, 7, 177]
1552551028912;[171, 0, 17, 255, 161, 76, 221, 2, 156, 1, 0, 46, 0, 0, 8, 1, 0, 249, 7, 249]
1552551029095;[171, 0, 17, 255, 161, 76, 221, 2, 156, 1, 0, 43, 0, 0, 10, 1, 0, 254, 8, 76]
1552551029096;[171, 0, 17, 255, 161, 76, 221, 2, 156, 1, 0, 50, 0, 0, 10, 1, 0, 249, 8, 130]
1552551029262;[171, 0, 17, 255, 161, 76, 221, 2, 156, 1, 0, 41, 0, 0, 10, 1, 0, 249, 8, 187]
1552551029430;[171, 0, 4, 255, 132, 128, 66]
1552551029431;[171, 0, 17, 255, 161, 76, 221, 2, 156, 1, 0, 50, 0, 0, 8, 1, 0, 250, 8, 234]
1552551029613;[171, 0, 17, 255, 161, 76, 221, 2, 156, 1, 0, 46, 0, 0, 11, 1, 0, 249, 9, 10]
1552551029614;[171, 0, 17, 255, 161, 76, 221, 2, 156, 1, 0, 50, 0, 0, 11, 1, 0, 254, 9, 35]
1552551029781;[171, 0, 17, 255, 161, 76, 221, 2, 157, 1, 0, 46, 0, 0, 10, 1, 0, 249, 9, 43]
1552551029781;[171, 0, 17, 255, 161, 76, 221, 2, 157, 1, 0, 48, 0, 0, 11, 1, 0, 249, 9, 70]
1552551029947;[171, 0, 17, 255, 161, 76, 221, 2, 157, 1, 0, 45, 0, 0, 10, 1, 0, 249, 9, 151]
1552551030131;[171, 0, 17, 255, 161, 76, 221, 2, 157, 1, 0, 50, 0, 0, 10, 1, 0, 249, 9, 229]
1552551030132;[171, 0, 17, 255, 161, 76, 221, 2, 157, 1, 0, 50, 0, 0, 10, 1, 0, 249, 10, 25]
1552551030299;[171, 0, 17, 255, 161, 76, 221, 2, 157, 1, 0, 46, 0, 0, 10, 1, 0, 250, 10, 79]
1552551030299;[171, 0, 17, 255, 161, 76, 221, 2, 157, 1, 0, 43, 0, 0, 10, 1, 0, 250, 10, 110]
1552551030465;[171, 0, 4, 255, 132, 128, 66]
1552551030466;[171, 0, 17, 255, 161, 76, 221, 2, 157, 1, 0, 43, 0, 0, 10, 1, 0, 249, 10, 132]
1552551030649;[171, 0, 17, 255, 161, 76, 221, 2, 157, 1, 0, 45, 0, 0, 11, 1, 0, 247, 10, 143]
1552551030816;[171, 0, 17, 255, 161, 76, 221, 2, 157, 1, 0, 48, 0, 0, 9, 1, 0, 250, 10, 145]
1552551030983;[171, 0, 17, 255, 161, 76, 221, 2, 158, 1, 0, 46, 0, 0, 11, 1, 0, 254, 10, 161]
1552551030984;[171, 0, 17, 255, 161, 76, 221, 2, 158, 1, 0, 46, 0, 0, 10, 1, 0, 249, 10, 250]
1552551030985;[171, 0, 17, 255, 161, 76, 221, 2, 158, 1, 0, 50, 0, 0, 10, 1, 0, 255, 11, 71]
1552551031167;[171, 0, 17, 255, 161, 76, 221, 2, 158, 1, 0, 44, 0, 0, 11, 1, 0, 254, 11, 125]
1552551031334;[171, 0, 17, 255, 161, 76, 221, 2, 158, 1, 0, 46, 0, 0, 10, 1, 0, 249, 11, 165]
1552551031335;[171, 0, 17, 255, 161, 76, 221, 2, 158, 1, 0, 48, 0, 0, 9, 1, 0, 249, 11, 185]
1552551031685;[171, 0, 17, 255, 161, 76, 221, 2, 158, 1, 0, 46, 0, 0, 11, 1, 0, 251, 11, 192]
1552551031852;[171, 0, 4, 255, 132, 128, 65]
1552551031853;[171, 0, 17, 255, 161, 76, 221, 2, 158, 1, 0, 45, 0, 0, 10, 1, 0, 249, 11, 191]
1552551031854;[171, 0, 17, 255, 161, 76, 221, 2, 158, 1, 0, 46, 0, 0, 10, 1, 0, 249, 11, 175]
1552551031854;[171, 0, 17, 255, 161, 76, 221, 2, 158, 1, 0, 41, 0, 0, 11, 1, 0, 249, 11, 154]
1552551032020;[171, 0, 17, 255, 161, 76, 221, 2, 159, 1, 0, 45, 0, 0, 10, 1, 0, 249, 11, 162]
1552551032203;[171, 0, 17, 255, 161, 76, 221, 2, 159, 1, 0, 43, 0, 0, 10, 1, 0, 249, 11, 248]
1552551032204;[171, 0, 17, 255, 161, 76, 221, 2, 159, 1, 0, 48, 0, 0, 11, 1, 0, 250, 12, 49]
1552551032204;[171, 0, 17, 255, 161, 76, 221, 2, 159, 1, 0, 46, 0, 0, 11, 1, 0, 249, 12, 78]
1552551032370;[171, 0, 17, 255, 161, 76, 221, 2, 159, 1, 0, 43, 0, 0, 9, 1, 0, 254, 12, 90]
1552551032537;[171, 0, 17, 255, 161, 76, 221, 2, 159, 1, 0, 46, 0, 0, 11, 1, 0, 249, 12, 102]
1552551032705;[171, 0, 17, 255, 161, 76, 221, 2, 159, 1, 0, 44, 0, 0, 11, 1, 0, 250, 12, 82]
1552551032721;[171, 0, 4, 255, 132, 128, 65]
1552551032722;[171, 0, 17, 255, 161, 76, 221, 2, 159, 1, 0, 43, 0, 0, 11, 1, 0, 250, 12, 67]
1552551032888;[171, 0, 17, 255, 161, 76, 221, 2, 159, 1, 0, 41, 0, 0, 11, 1, 0, 249, 12, 28]
1552551032889;[171, 0, 17, 255, 161, 76, 221, 2, 159, 1, 0, 41, 0, 0, 11, 1, 0, 249, 12, 2]
1552551033055;[171, 0, 17, 255, 161, 76, 221, 2, 160, 1, 0, 41, 0, 0, 10, 1, 0, 250, 12, 53]
1552551033223;[171, 0, 17, 255, 161, 76, 221, 2, 160, 1, 0, 43, 0, 0, 9, 1, 0, 250, 12, 103]
1552551033239;[171, 0, 17, 255, 161, 76, 221, 2, 160, 1, 0, 41, 0, 0, 11, 1, 0, 249, 12, 116]
1552551033406;[171, 0, 17, 255, 161, 76, 221, 2, 160, 1, 0, 50, 0, 0, 10, 1, 0, 248, 12, 127]
1552551033573;[171, 0, 17, 255, 161, 76, 221, 2, 160, 1, 0, 41, 0, 0, 9, 1, 0, 250, 12, 130]
1552551033574;[171, 0, 17, 255, 161, 76, 221, 2, 160, 1, 0, 43, 0, 0, 10, 1, 0, 255, 12, 109]
1552551033575;[171, 0, 17, 255, 161, 76, 221, 2, 160, 1, 0, 41, 0, 0, 10, 1, 0, 249, 12, 82]
1552551033757;[171, 0, 4, 255, 132, 128, 65]
1552551033924;[171, 0, 17, 255, 161, 76, 221, 2, 160, 1, 0, 41, 0, 0, 11, 1, 0, 254, 12, 55]
1552551034091;[171, 0, 17, 255, 161, 76, 221, 2, 160, 1, 0, 46, 0, 0, 11, 1, 0, 250, 12, 31]
1552551034092;[171, 0, 17, 255, 161, 76, 221, 2, 160, 1, 0, 46, 0, 0, 9, 1, 0, 255, 12, 84]
1552551034093;[171, 0, 17, 255, 161, 76, 221, 2, 161, 1, 0, 45, 0, 0, 9, 1, 0, 250, 12, 114]
1552551034258;[171, 0, 17, 255, 161, 76, 221, 2, 161, 1, 0, 43, 0, 0, 11, 1, 0, 249, 12, 126]
1552551034442;[171, 0, 17, 255, 161, 76, 221, 2, 161, 1, 0, 48, 0, 0, 10, 1, 0, 250, 12, 135]
1552551034443;[171, 0, 17, 255, 161, 76, 221, 2, 161, 1, 0, 46, 0, 0, 9, 1, 0, 255, 12, 128]
1552551034609;[171, 0, 17, 255, 161, 76, 221, 2, 161, 1, 0, 48, 0, 0, 10, 1, 0, 248, 12, 94]
1552551034610;[171, 0, 17, 255, 161, 76, 221, 2, 161, 1, 0, 43, 0, 0, 10, 1, 0, 250, 12, 65]
1552551034777;[171, 0, 17, 255, 161, 76, 221, 2, 161, 1, 0, 46, 0, 0, 10, 1, 0, 249, 12, 40]
1552551034777;[171, 0, 4, 255, 132, 128, 65]
1552551035127;[171, 0, 17, 255, 161, 76, 221, 2, 161, 1, 0, 44, 0, 0, 8, 1, 0, 254, 12, 81]
1552551035128;[171, 0, 17, 255, 161, 76, 221, 2, 161, 1, 0, 43, 0, 0, 9, 1, 0, 250, 12, 124]
1552551035128;[171, 0, 17, 255, 161, 76, 221, 2, 161, 1, 0, 46, 0, 0, 11, 1, 0, 250, 12, 141]
1552551035294;[171, 0, 17, 255, 161, 76, 221, 2, 162, 1, 0, 42, 0, 0, 10, 1, 0, 249, 12, 146]
1552551035295;[171, 0, 17, 255, 161, 76, 221, 2, 162, 1, 0, 41, 0, 0, 11, 1, 0, 249, 12, 138]
1552551035477;[171, 0, 17, 255, 161, 76, 221, 2, 162, 1, 0, 43, 0, 0, 8, 1, 0, 250, 12, 108]
1552551035478;[171, 0, 17, 255, 161, 76, 221, 2, 162, 1, 0, 41, 0, 0, 9, 1, 0, 249, 12, 76]
1552551035812;[171, 0, 17, 255, 161, 76, 221, 2, 162, 1, 0, 41, 0, 0, 10, 1, 0, 250, 12, 39]
1552551035812;[171, 0, 17, 255, 161, 76, 221, 2, 162, 1, 0, 43, 0, 0, 16, 1, 0, 249, 12, 33]
1552551035828;[171, 0, 17, 255, 161, 76, 221, 2, 162, 1, 0, 46, 0, 0, 10, 1, 0, 249, 12, 90]
1552551035995;[171, 0, 4, 255, 132, 128, 65]
1552551035996;[171, 0, 17, 255, 161, 76, 221, 2, 162, 1, 0, 48, 0, 0, 10, 1, 0, 249, 12, 125]
1552551036163;[171, 0, 17, 255, 161, 76, 221, 2, 162, 1, 0, 46, 0, 0, 10, 1, 0, 248, 12, 140]
1552551036515;[171, 0, 17, 255, 161, 76, 221, 2, 162, 1, 0, 42, 0, 0, 11, 1, 0, 250, 12, 139]
1552551036516;[171, 0, 17, 255, 161, 76, 221, 2, 163, 1, 0, 41, 0, 0, 9, 1, 0, 249, 12, 118]
1552551036516;[171, 0, 17, 255, 161, 76, 221, 2, 163, 1, 0, 43, 0, 0, 11, 1, 0, 249, 12, 92]
1552551036517;[171, 0, 17, 255, 161, 76, 221, 2, 163, 1, 0, 46, 0, 0, 11, 1, 0, 255, 12, 56]
1552551036848;[171, 0, 17, 255, 161, 76, 221, 2, 163, 1, 0, 43, 0, 0, 11, 1, 0, 249, 12, 10]
1552551036849;[171, 0, 17, 255, 161, 76, 221, 2, 163, 1, 0, 43, 0, 0, 10, 1, 0, 254, 12, 0]
1552551036864;[171, 0, 17, 255, 161, 76, 221, 2, 163, 1, 0, 43, 0, 0, 10, 1, 0, 254, 12, 44]
1552551037031;[171, 0, 17, 255, 161, 76, 221, 2, 163, 1, 0, 41, 0, 0, 9, 1, 0, 250, 12, 74]
1552551037032;[171, 0, 4, 255, 132, 128, 65]
1552551037366;[171, 0, 17, 255, 161, 76, 221, 2, 163, 1, 0, 51, 0, 0, 9, 1, 0, 249, 12, 90]
1552551037366;[171, 0, 17, 255, 161, 76, 221, 2, 163, 1, 0, 41, 0, 0, 9, 1, 0, 254, 12, 98]
1552551037367;[171, 0, 17, 255, 161, 76, 221, 2, 163, 1, 0, 46, 0, 0, 11, 1, 0, 249, 12, 75]
1552551037382;[171, 0, 17, 255, 161, 76, 221, 2, 164, 1, 0, 46, 0, 0, 10, 1, 0, 249, 12, 38]
1552551037884;[171, 0, 17, 255, 161, 76, 221, 2, 164, 1, 0, 41, 0, 0, 9, 1, 0, 250, 12, 10]
1552551037884;[171, 0, 17, 255, 161, 76, 221, 2, 164, 1, 0, 43, 0, 0, 10, 1, 0, 250, 11, 232]
1552551037885;[171, 0, 17, 255, 161, 76, 221, 2, 164, 1, 0, 41, 0, 0, 10, 1, 0, 249, 11, 187]
1552551037885;[171, 0, 17, 255, 161, 76, 221, 2, 164, 1, 0, 43, 0, 0, 9, 1, 0, 255, 11, 203]
1552551037900;[171, 0, 17, 255, 161, 76, 221, 2, 164, 1, 0, 44, 0, 0, 11, 1, 0, 249, 11, 240]
1552551038067;[171, 0, 17, 255, 161, 76, 221, 2, 164, 1, 0, 46, 0, 0, 9, 1, 0, 249, 11, 252]
1552551038235;[171, 0, 4, 255, 132, 128, 65]
1552551038236;[171, 0, 17, 255, 161, 76, 221, 2, 164, 1, 0, 48, 0, 0, 9, 1, 0, 248, 11, 243]
1552551038402;[171, 0, 17, 255, 161, 76, 221, 2, 164, 1, 0, 43, 0, 0, 11, 1, 0, 250, 11, 230]
1552551038403;[171, 0, 17, 255, 161, 76, 221, 2, 164, 1, 0, 41, 0, 0, 11, 1, 0, 250, 11, 199]
1552551038586;[171, 0, 17, 255, 161, 76, 221, 2, 165, 1, 0, 41, 0, 0, 11, 1, 0, 254, 11, 159]
1552551038587;[171, 0, 17, 255, 161, 76, 221, 2, 165, 1, 0, 41, 0, 0, 9, 1, 0, 250, 11, 115]
1552551038753;[171, 0, 17, 255, 161, 76, 221, 2, 165, 1, 0, 41, 0, 0, 10, 1, 0, 254, 11, 92]
1552551038920;[171, 0, 17, 255, 161, 76, 221, 2, 165, 1, 0, 43, 0, 0, 15, 1, 0, 254, 11, 131]
1552551038921;[171, 0, 17, 255, 161, 76, 221, 2, 165, 1, 0, 46, 0, 0, 11, 1, 0, 249, 11, 151]
1552551039103;[171, 0, 17, 255, 161, 76, 221, 2, 165, 1, 0, 48, 0, 0, 10, 1, 0, 250, 11, 140]
1552551039271;[171, 0, 17, 255, 161, 76, 221, 2, 167, 1, 0, 41, 0, 0, 10, 1, 0, 249, 9, 223]
1552551039438;[171, 0, 17, 255, 161, 76, 221, 2, 167, 1, 0, 43, 0, 0, 10, 1, 0, 250, 9, 187]
1552551039439;[171, 0, 17, 255, 161, 76, 221, 2, 167, 1, 0, 43, 0, 0, 10, 1, 0, 248, 9, 150]
1552551039605;[171, 0, 17, 255, 161, 76, 221, 2, 168, 1, 0, 43, 0, 0, 8, 1, 0, 249, 9, 132]
1552551039789;[171, 0, 17, 255, 161, 76, 221, 2, 168, 1, 0, 48, 0, 0, 11, 1, 0, 249, 9, 151]
1552551039789;[171, 0, 17, 255, 161, 76, 221, 2, 168, 1, 0, 46, 0, 0, 9, 1, 0, 249, 9, 149]
1552551040122;[171, 0, 17, 255, 161, 76, 221, 2, 168, 1, 0, 46, 0, 0, 11, 1, 0, 250, 9, 141]
1552551040139;[171, 0, 17, 255, 161, 76, 221, 2, 168, 1, 0, 46, 0, 0, 10, 1, 0, 249, 9, 126]
1552551040139;[171, 0, 17, 255, 161, 76, 221, 2, 168, 1, 0, 45, 0, 0, 9, 1, 0, 250, 9, 95]
1552551040306;[171, 0, 17, 255, 161, 76, 221, 2, 168, 1, 0, 42, 0, 0, 10, 1, 0, 249, 9, 58]
1552551040306;[171, 0, 4, 255, 132, 128, 66]
1552551040473;[171, 0, 17, 255, 161, 76, 221, 2, 168, 1, 0, 41, 0, 0, 10, 1, 0, 250, 9, 25]
1552551040474;[171, 0, 17, 255, 161, 76, 221, 2, 168, 1, 0, 40, 0, 0, 10, 1, 0, 250, 8, 237]
1552551040640;[171, 0, 17, 255, 161, 76, 221, 2, 168, 1, 0, 46, 0, 0, 10, 1, 0, 250, 8, 233]
1552551040824;[171, 0, 17, 255, 161, 76, 221, 2, 169, 1, 0, 41, 0, 0, 9, 1, 0, 255, 8, 251]
1552551040825;[171, 0, 17, 255, 161, 76, 221, 2, 169, 1, 0, 46, 0, 0, 10, 1, 0, 249, 8, 254]
1552551040991;[171, 0, 17, 255, 161, 76, 221, 2, 169, 1, 0, 41, 0, 0, 10, 1, 0, 249, 8, 242]
1552551040992;[171, 0, 17, 255, 161, 76, 221, 2, 169, 1, 0, 45, 0, 0, 11, 1, 0, 249, 8, 234]
1552551041158;[171, 0, 17, 255, 161, 76, 221, 2, 169, 1, 0, 41, 0, 0, 11, 1, 0, 249, 8, 207]
1552551041342;[171, 0, 17, 255, 161, 76, 221, 2, 169, 1, 0, 41, 0, 0, 11, 1, 0, 249, 8, 170]
1552551041343;[171, 0, 17, 255, 161, 76, 221, 2, 169, 1, 0, 50, 0, 0, 10, 1, 0, 248, 8, 139]
1552551041509;[171, 0, 4, 255, 132, 128, 66]
1552551041510;[171, 0, 17, 255, 161, 76, 221, 2, 169, 1, 0, 41, 0, 0, 8, 1, 0, 249, 8, 87]
1552551041676;[171, 0, 17, 255, 161, 76, 221, 2, 169, 1, 0, 41, 0, 0, 10, 1, 0, 249, 8, 121]
1552551041677;[171, 0, 17, 255, 161, 76, 221, 2, 169, 1, 0, 41, 0, 0, 11, 1, 0, 254, 8, 138]
1552551041860;[171, 0, 17, 255, 161, 76, 221, 2, 170, 1, 0, 45, 0, 0, 10, 1, 0, 250, 8, 137]
1552551042027;[171, 0, 17, 255, 161, 76, 221, 2, 170, 1, 0, 43, 0, 0, 8, 1, 0, 248, 8, 133]
1552551042028;[171, 0, 17, 255, 161, 76, 221, 2, 170, 1, 0, 48, 0, 0, 11, 1, 0, 249, 8, 116]
1552551042195;[171, 0, 17, 255, 161, 76, 221, 2, 170, 1, 0, 41, 0, 0, 11, 1, 0, 250, 8, 105]
1552551042195;[171, 0, 17, 255, 161, 76, 221, 2, 170, 1, 0, 41, 0, 0, 8, 1, 0, 249, 8, 69]
1552551042378;[171, 0, 17, 255, 161, 76, 221, 2, 170, 1, 0, 48, 0, 0, 10, 1, 0, 250, 8, 44]
1552551042379;[171, 0, 17, 255, 161, 76, 221, 2, 170, 1, 0, 45, 0, 0, 9, 1, 0, 254, 8, 34]
1552551042545;[171, 0, 4, 255, 132, 128, 66]
1552551042896;[171, 0, 17, 255, 161, 76, 221, 2, 170, 1, 0, 43, 0, 0, 10, 1, 0, 248, 8, 55]
1552551043063;[171, 0, 17, 255, 161, 76, 221, 2, 170, 1, 0, 45, 0, 0, 9, 1, 0, 249, 8, 72]
1552551043231;[171, 0, 17, 255, 161, 76, 221, 2, 170, 1, 0, 41, 0, 0, 10, 1, 0, 249, 8, 74]
1552551043231;[171, 0, 17, 255, 161, 76, 221, 2, 171, 1, 0, 40, 0, 0, 11, 1, 0, 249, 8, 68]
1552551043232;[171, 0, 17, 255, 161, 76, 221, 2, 171, 1, 0, 40, 0, 0, 10, 1, 0, 250, 8, 55]
1552551043247;[171, 0, 17, 255, 161, 76, 221, 2, 171, 1, 0, 43, 0, 0, 10, 1, 1, 3, 8, 42]
1552551043248;[171, 0, 17, 255, 161, 76, 221, 2, 171, 1, 0, 46, 0, 0, 10, 1, 0, 249, 8, 16]
1552551043414;[171, 0, 17, 255, 161, 76, 221, 2, 171, 1, 0, 50, 0, 0, 10, 1, 0, 249, 7, 255]
1552551043415;[171, 0, 17, 255, 161, 76, 221, 2, 171, 1, 0, 41, 0, 0, 10, 1, 0, 249, 8, 36]
1552551043581;[171, 0, 17, 255, 161, 76, 221, 2, 171, 1, 0, 43, 0, 0, 9, 1, 0, 250, 8, 61]
1552551043582;[171, 0, 4, 255, 132, 128, 66]
1552551043749;[171, 0, 17, 255, 161, 76, 221, 2, 171, 1, 0, 48, 0, 0, 9, 1, 0, 250, 8, 57]
1552551043932;[171, 0, 17, 255, 161, 76, 221, 2, 171, 1, 0, 45, 0, 0, 10, 1, 0, 250, 8, 66]
1552551043933;[171, 0, 17, 255, 161, 76, 221, 2, 171, 1, 0, 50, 0, 0, 11, 1, 0, 250, 8, 50]
1552551044100;[171, 0, 17, 255, 161, 76, 221, 2, 172, 1, 0, 41, 0, 0, 11, 1, 0, 249, 8, 29]
1552551044100;[171, 0, 17, 255, 161, 76, 221, 2, 172, 1, 0, 50, 0, 0, 10, 1, 0, 249, 8, 7]
1552551044266;[171, 0, 17, 255, 161, 76, 221, 2, 172, 1, 0, 45, 0, 0, 11, 1, 0, 254, 7, 231]
1552551044267;[171, 0, 17, 255, 161, 76, 221, 2, 172, 1, 0, 41, 0, 0, 9, 1, 0, 248, 7, 237]
1552551044450;[171, 0, 17, 255, 161, 76, 221, 2, 172, 1, 0, 50, 0, 0, 10, 1, 0, 249, 8, 15]
1552551044617;[171, 0, 17, 255, 161, 76, 221, 2, 172, 1, 0, 40, 0, 0, 10, 1, 0, 255, 8, 35]
1552551044617;[171, 0, 17, 255, 161, 76, 221, 2, 172, 1, 0, 50, 0, 0, 11, 1, 0, 254, 8, 32]
1552551044784;[171, 0, 4, 255, 132, 128, 66]
1552551044785;[171, 0, 17, 255, 161, 76, 221, 2, 172, 1, 0, 46, 0, 0, 10, 1, 0, 254, 8, 1]
1552551044968;[171, 0, 17, 255, 161, 76, 221, 2, 172, 1, 0, 50, 0, 0, 10, 1, 0, 250, 7, 227]
1552551045135;[171, 0, 17, 255, 161, 76, 221, 2, 172, 1, 0, 45, 0, 0, 10, 1, 0, 249, 7, 194]
1552551045135;[171, 0, 17, 255, 161, 76, 221, 2, 173, 1, 0, 50, 0, 0, 10, 1, 0, 250, 7, 169]
1552551045302;[171, 0, 17, 255, 161, 76, 221, 2, 173, 1, 0, 50, 0, 0, 10, 1, 0, 249, 7, 156]
1552551045303;[171, 0, 17, 255, 161, 76, 221, 2, 173, 1, 0, 46, 0, 0, 9, 1, 0, 250, 7, 185]
1552551045486;[171, 0, 17, 255, 161, 76, 221, 2, 173, 1, 0, 52, 0, 0, 11, 1, 0, 249, 7, 223]
1552551045486;[171, 0, 17, 255, 161, 76, 221, 2, 173, 1, 0, 50, 0, 0, 10, 1, 0, 250, 7, 245]
1552551045653;[171, 0, 17, 255, 161, 76, 221, 2, 173, 1, 0, 51, 0, 0, 8, 1, 0, 249, 8, 3]
1552551045820;[171, 0, 17, 255, 161, 76, 221, 2, 173, 1, 0, 50, 0, 0, 9, 1, 0, 249, 8, 9]
1552551045821;[171, 0, 4, 255, 132, 128, 66]
1552551046004;[171, 0, 17, 255, 161, 76, 221, 2, 173, 1, 0, 51, 0, 0, 11, 1, 0, 248, 7, 244]
1552551046004;[171, 0, 17, 255, 161, 76, 221, 2, 173, 1, 0, 51, 0, 0, 11, 1, 0, 249, 7, 231]
1552551046171;[171, 0, 17, 255, 161, 76, 221, 2, 173, 1, 0, 51, 0, 0, 11, 1, 0, 249, 7, 212]
1552551046172;[171, 0, 17, 255, 161, 76, 221, 2, 174, 1, 0, 53, 0, 0, 11, 1, 0, 249, 7, 233]
1552551046338;[171, 0, 17, 255, 161, 76, 221, 2, 174, 1, 0, 52, 0, 0, 10, 1, 0, 250, 8, 5]
1552551046505;[171, 0, 17, 255, 161, 76, 221, 2, 174, 1, 0, 48, 0, 0, 10, 1, 0, 249, 8, 5]
1552551046522;[171, 0, 17, 255, 161, 76, 221, 2, 174, 1, 0, 51, 0, 0, 10, 1, 0, 255, 8, 1]
1552551046856;[171, 0, 17, 255, 161, 76, 221, 2, 174, 1, 0, 51, 0, 0, 9, 1, 0, 250, 7, 240]
1552551046857;[171, 0, 17, 255, 161, 76, 221, 2, 174, 1, 0, 50, 0, 0, 9, 1, 0, 249, 7, 223]
1552551046857;[171, 0, 17, 255, 161, 76, 221, 2, 174, 1, 0, 50, 0, 0, 9, 1, 0, 249, 7, 191]
1552551047023;[171, 0, 4, 255, 132, 128, 67]
1552551047043;[171, 0, 17, 255, 161, 76, 221, 2, 174, 1, 0, 52, 0, 0, 9, 1, 1, 3, 7, 155]
1552551047207;[171, 0, 17, 255, 161, 76, 221, 2, 174, 1, 0, 53, 0, 0, 9, 1, 0, 249, 7, 156]
1552551047208;[171, 0, 17, 255, 161, 76, 221, 2, 174, 1, 0, 50, 0, 0, 10, 1, 0, 250, 7, 183]
1552551047374;[171, 0, 17, 255, 161, 76, 221, 2, 175, 1, 0, 52, 0, 0, 9, 1, 0, 249, 7, 202]
1552551047374;[171, 0, 17, 255, 161, 76, 221, 2, 175, 1, 0, 52, 0, 0, 10, 1, 0, 250, 7, 211]
1552551047541;[171, 0, 17, 255, 161, 76, 221, 2, 175, 1, 0, 52, 0, 0, 10, 1, 0, 250, 7, 214]
1552551047725;[171, 0, 17, 255, 161, 76, 221, 2, 175, 1, 0, 51, 0, 0, 9, 1, 0, 249, 7, 208]
1552551047726;[171, 0, 17, 255, 161, 76, 221, 2, 175, 1, 0, 52, 0, 0, 8, 1, 0, 250, 7, 179]
1552551048059;[171, 0, 17, 255, 161, 76, 221, 2, 175, 1, 0, 50, 0, 0, 9, 1, 0, 249, 7, 155]
1552551048075;[171, 0, 17, 255, 161, 76, 221, 2, 175, 1, 0, 50, 0, 0, 10, 1, 0, 249, 7, 123]
1552551048076;[171, 0, 4, 255, 132, 128, 67]
1552551048242;[171, 0, 17, 255, 161, 76, 221, 2, 175, 1, 0, 51, 0, 0, 9, 1, 0, 249, 7, 112]
1552551048243;[171, 0, 17, 255, 161, 76, 221, 2, 175, 1, 0, 52, 0, 0, 10, 1, 0, 250, 7, 139]
1552551048410;[171, 0, 17, 255, 161, 76, 221, 2, 175, 1, 0, 50, 0, 0, 11, 1, 0, 254, 7, 146]
1552551048410;[171, 0, 17, 255, 161, 76, 221, 2, 176, 1, 0, 46, 0, 0, 10, 1, 0, 249, 7, 155]
1552551048577;[171, 0, 17, 255, 161, 76, 221, 2, 176, 1, 0, 51, 0, 0, 9, 1, 0, 250, 7, 149]
1552551048577;[171, 0, 17, 255, 161, 76, 221, 2, 176, 1, 0, 50, 0, 0, 9, 1, 0, 250, 7, 128]
1552551048761;[171, 0, 17, 255, 161, 76, 221, 2, 176, 1, 0, 51, 0, 0, 10, 1, 0, 249, 7, 114]
1552551048928;[171, 0, 17, 255, 161, 76, 221, 2, 176, 1, 0, 50, 0, 0, 10, 1, 0, 249, 7, 80]
1552551048928;[171, 0, 17, 255, 161, 76, 221, 2, 176, 1, 0, 51, 0, 0, 9, 1, 0, 254, 7, 62]
1552551049095;[171, 0, 17, 255, 161, 76, 221, 2, 176, 1, 0, 51, 0, 0, 8, 1, 0, 255, 7, 81]
1552551049095;[171, 0, 4, 255, 132, 128, 67]
1552551049279;[171, 0, 17, 255, 161, 76, 221, 2, 176, 1, 0, 51, 0, 0, 8, 1, 0, 250, 7, 92]
1552551049279;[171, 0, 17, 255, 161, 76, 221, 2, 176, 1, 0, 50, 0, 0, 10, 1, 0, 249, 7, 88]
1552551049445;[171, 0, 17, 255, 161, 76, 221, 2, 176, 1, 0, 50, 0, 0, 8, 1, 0, 249, 7, 85]
1552551049612;[171, 0, 17, 255, 161, 76, 221, 2, 177, 1, 0, 50, 0, 0, 9, 1, 0, 250, 7, 71]
1552551049613;[171, 0, 17, 255, 161, 76, 221, 2, 177, 1, 0, 51, 0, 0, 9, 1, 0, 250, 7, 44]
1552551049963;[171, 0, 17, 255, 161, 76, 221, 2, 177, 1, 0, 51, 0, 0, 10, 1, 0, 254, 7, 18]
1552551049964;[171, 0, 17, 255, 161, 76, 221, 2, 177, 1, 0, 51, 0, 0, 9, 1, 0, 249, 6, 230]
1552551049964;[171, 0, 17, 255, 161, 76, 221, 2, 177, 1, 0, 50, 0, 0, 10, 1, 0, 249, 6, 240]
1552551050131;[171, 0, 17, 255, 161, 76, 221, 2, 177, 1, 0, 50, 0, 0, 10, 1, 0, 249, 7, 1]
1552551050131;[171, 0, 17, 255, 161, 76, 221, 2, 177, 1, 0, 52, 0, 0, 11, 1, 0, 248, 6, 251]
1552551050314;[171, 0, 4, 255, 132, 128, 67]
1552551050315;[171, 0, 17, 255, 161, 76, 221, 2, 177, 1, 0, 51, 0, 0, 9, 1, 0, 249, 6, 245]
1552551050481;[171, 0, 17, 255, 161, 76, 221, 2, 177, 1, 0, 51, 0, 0, 7, 1, 0, 250, 6, 234]
1552551050649;[171, 0, 17, 255, 161, 76, 221, 2, 177, 1, 0, 50, 0, 0, 9, 1, 0, 249, 6, 216]
1552551050649;[171, 0, 17, 255, 161, 76, 221, 2, 178, 1, 0, 52, 0, 0, 11, 1, 0, 249, 6, 184]
1552551050832;[171, 0, 17, 255, 161, 76, 221, 2, 178, 1, 0, 50, 0, 0, 11, 1, 0, 255, 6, 155]
1552551050833;[171, 0, 17, 255, 161, 76, 221, 2, 178, 1, 0, 43, 0, 0, 11, 1, 0, 250, 6, 115]
1552551051000;[171, 0, 17, 255, 161, 76, 221, 2, 178, 1, 0, 51, 0, 0, 9, 1, 0, 250, 6, 92]
1552551051000;[171, 0, 17, 255, 161, 76, 221, 2, 178, 1, 0, 51, 0, 0, 6, 1, 0, 248, 6, 99]
1552551051167;[171, 0, 17, 255, 161, 76, 221, 2, 178, 1, 0, 48, 0, 0, 10, 1, 0, 249, 6, 103]
1552551051350;[171, 0, 17, 255, 161, 76, 221, 2, 178, 1, 0, 48, 0, 0, 9, 1, 0, 248, 6, 106]
1552551051351;[171, 0, 4, 255, 132, 128, 68]
1552551051685;[171, 0, 17, 255, 161, 76, 221, 2, 178, 1, 0, 50, 0, 0, 10, 1, 0, 250, 6, 105]
1552551051686;[171, 0, 17, 255, 161, 76, 221, 2, 178, 1, 0, 48, 0, 0, 10, 1, 0, 255, 6, 89]
1552551051686;[171, 0, 17, 255, 161, 76, 221, 2, 178, 1, 0, 50, 0, 0, 10, 1, 0, 248, 6, 67]
1552551051687;[171, 0, 17, 255, 161, 76, 221, 2, 179, 1, 0, 52, 0, 0, 8, 1, 0, 249, 6, 42]
1552551051852;[171, 0, 17, 255, 161, 76, 221, 2, 179, 1, 0, 51, 0, 0, 9, 1, 0, 250, 6, 6]
1552551052035;[171, 0, 17, 255, 161, 76, 221, 2, 179, 1, 0, 50, 0, 0, 9, 1, 0, 250, 5, 240]
1552551052036;[171, 0, 17, 255, 161, 76, 221, 2, 179, 1, 0, 46, 0, 0, 11, 1, 0, 255, 5, 252]
1552551052203;[171, 0, 17, 255, 161, 76, 221, 2, 179, 1, 0, 50, 0, 0, 8, 1, 0, 249, 5, 250]
1552551052219;[171, 0, 17, 255, 161, 76, 221, 2, 179, 1, 0, 51, 0, 0, 10, 1, 0, 249, 5, 238]
1552551052370;[171, 0, 17, 255, 161, 76, 221, 2, 179, 1, 0, 50, 0, 0, 9, 1, 0, 250, 5, 233]
1552551052386;[171, 0, 4, 255, 132, 128, 68]
1552551052721;[171, 0, 17, 255, 161, 76, 221, 2, 179, 1, 0, 51, 0, 0, 10, 1, 0, 249, 5, 207]
1552551052721;[171, 0, 17, 255, 161, 76, 221, 2, 179, 1, 0, 51, 0, 0, 11, 1, 0, 248, 5, 185]
1552551052722;[171, 0, 17, 255, 161, 76, 221, 2, 179, 1, 0, 51, 0, 0, 9, 1, 0, 249, 5, 150]
1552551052888;[171, 0, 17, 255, 161, 76, 221, 2, 180, 1, 0, 46, 0, 0, 9, 1, 0, 249, 5, 119]
1552551052904;[171, 0, 17, 255, 161, 76, 221, 2, 180, 1, 0, 51, 0, 0, 9, 1, 0, 250, 5, 104]
1552551053071;[171, 0, 17, 255, 161, 76, 221, 2, 180, 1, 0, 50, 0, 0, 10, 1, 0, 249, 5, 108]
1552551053072;[171, 0, 17, 255, 161, 76, 221, 2, 180, 1, 0, 52, 0, 0, 10, 1, 0, 250, 5, 118]
1552551053238;[171, 0, 17, 255, 161, 76, 221, 2, 180, 1, 0, 50, 0, 0, 10, 1, 0, 250, 5, 113]
1552551053405;[171, 0, 17, 255, 161, 76, 221, 2, 180, 1, 0, 51, 0, 0, 10, 1, 0, 249, 5, 109]
1552551053422;[171, 0, 17, 255, 161, 76, 221, 2, 180, 1, 0, 51, 0, 0, 7, 1, 0, 249, 5, 86]
1552551053589;[171, 0, 4, 255, 132, 128, 68]
1552551053590;[171, 0, 17, 255, 161, 76, 221, 2, 180, 1, 0, 51, 0, 0, 9, 1, 0, 249, 5, 73]
1552551053756;[171, 0, 17, 255, 161, 76, 221, 2, 180, 1, 0, 51, 0, 0, 10, 1, 0, 248, 5, 55]
1552551053924;[171, 0, 17, 255, 161, 76, 221, 2, 180, 1, 0, 48, 0, 0, 9, 1, 0, 250, 5, 15]
1552551053924;[171, 0, 17, 255, 161, 76, 221, 2, 181, 1, 0, 52, 0, 0, 10, 1, 0, 249, 4, 247]
1552551054107;[171, 0, 17, 255, 161, 76, 221, 2, 181, 1, 0, 54, 0, 0, 8, 1, 0, 249, 5, 8]
1552551054108;[171, 0, 17, 255, 161, 76, 221, 2, 181, 1, 0, 47, 0, 0, 10, 1, 0, 249, 5, 15]
1552551054274;[171, 0, 17, 255, 161, 76, 221, 2, 181, 1, 0, 50, 0, 0, 9, 1, 0, 250, 5, 16]
1552551054275;[171, 0, 17, 255, 161, 76, 221, 2, 181, 1, 0, 50, 0, 0, 8, 1, 0, 248, 5, 13]
1552551054442;[171, 0, 17, 255, 161, 76, 221, 2, 181, 1, 0, 50, 0, 0, 9, 1, 0, 249, 5, 5]
1552551054625;[171, 0, 17, 255, 161, 76, 221, 2, 181, 1, 0, 50, 0, 0, 11, 1, 0, 254, 4, 252]
1552551054626;[171, 0, 4, 255, 132, 128, 68]
1552551054792;[171, 0, 17, 255, 161, 76, 221, 2, 181, 1, 0, 50, 0, 0, 10, 1, 0, 249, 4, 238]
1552551054793;[171, 0, 17, 255, 161, 76, 221, 2, 181, 1, 0, 51, 0, 0, 10, 1, 0, 250, 4, 210]
1552551054959;[171, 0, 17, 255, 161, 76, 221, 2, 181, 1, 0, 51, 0, 0, 10, 1, 0, 248, 4, 197]
1552551055143;[171, 0, 17, 255, 161, 76, 221, 2, 182, 1, 0, 52, 0, 0, 8, 1, 0, 249, 4, 210]
1552551055144;[171, 0, 17, 255, 161, 76, 221, 2, 182, 1, 0, 51, 0, 0, 9, 1, 0, 249, 4, 229]
1552551055477;[171, 0, 17, 255, 161, 76, 221, 2, 182, 1, 0, 51, 0, 0, 10, 1, 0, 254, 4, 237]
1552551055478;[171, 0, 17, 255, 161, 76, 221, 2, 182, 1, 0, 50, 0, 0, 11, 1, 0, 249, 4, 242]
1552551055493;[171, 0, 17, 255, 161, 76, 221, 2, 182, 1, 0, 48, 0, 0, 9, 1, 0, 250, 4, 231]
1552551055494;[171, 0, 17, 255, 161, 76, 221, 2, 182, 1, 0, 46, 0, 0, 9, 1, 0, 249, 4, 219]
1552551055661;[171, 0, 17, 255, 161, 76, 221, 2, 182, 1, 0, 51, 0, 0, 11, 1, 0, 249, 4, 207]
1552551055828;[171, 0, 4, 255, 132, 128, 68]
1552551055829;[171, 0, 17, 255, 161, 76, 221, 2, 182, 1, 0, 50, 0, 0, 10, 1, 0, 250, 4, 192]
1552551055995;[171, 0, 17, 255, 161, 76, 221, 2, 182, 1, 0, 50, 0, 0, 9, 1, 0, 250, 4, 158]
1552551055995;[171, 0, 17, 255, 161, 76, 221, 2, 182, 1, 0, 50, 0, 0, 10, 1, 0, 249, 4, 166]
1552551056179;[171, 0, 17, 255, 161, 76, 221, 2, 183, 1, 0, 51, 0, 0, 9, 1, 0, 249, 4, 198]
1552551056179;[171, 0, 17, 255, 161, 76, 221, 2, 183, 1, 0, 52, 0, 0, 9, 1, 0, 249, 4, 210]
1552551056346;[171, 0, 17, 255, 161, 76, 221, 2, 183, 1, 0, 51, 0, 0, 9, 1, 0, 254, 4, 226]
1552551056513;[171, 0, 17, 255, 161, 76, 221, 2, 183, 1, 0, 51, 0, 0, 10, 1, 0, 249, 4, 227]
1552551056513;[171, 0, 17, 255, 161, 76, 221, 2, 183, 1, 0, 50, 0, 0, 11, 1, 0, 255, 4, 223]
1552551056697;[171, 0, 17, 255, 161, 76, 221, 2, 183, 1, 0, 50, 0, 0, 10, 1, 0, 249, 4, 208]
1552551056697;[171, 0, 17, 255, 161, 76, 221, 2, 183, 1, 0, 46, 0, 0, 9, 1, 0, 249, 4, 201]
1552551056864;[171, 0, 4, 255, 132, 128, 68]
1552551057031;[171, 0, 17, 255, 161, 76, 221, 2, 183, 1, 0, 52, 0, 0, 11, 1, 0, 249, 4, 180]
1552551057031;[171, 0, 17, 255, 161, 76, 221, 2, 183, 1, 0, 50, 0, 0, 9, 1, 0, 250, 4, 161]
1552551057215;[171, 0, 17, 255, 161, 76, 221, 2, 183, 1, 0, 50, 0, 0, 9, 1, 0, 249, 4, 179]
1552551057215;[171, 0, 17, 255, 161, 76, 221, 2, 184, 1, 0, 51, 0, 0, 9, 1, 0, 250, 4, 207]
1552551057382;[171, 0, 17, 255, 161, 76, 221, 2, 184, 1, 0, 48, 0, 0, 9, 1, 0, 249, 4, 235]
1552551057382;[171, 0, 17, 255, 161, 76, 221, 2, 184, 1, 0, 51, 0, 0, 9, 1, 0, 249, 4, 245]
1552551057549;[171, 0, 17, 255, 161, 76, 221, 2, 184, 1, 0, 50, 0, 0, 11, 1, 0, 249, 4, 255]
1552551057733;[171, 0, 17, 255, 161, 76, 221, 2, 184, 1, 0, 52, 0, 0, 10, 1, 0, 250, 4, 243]
1552551057733;[171, 0, 17, 255, 161, 76, 221, 2, 184, 1, 0, 51, 0, 0, 9, 1, 0, 255, 4, 240]
1552551057900;[171, 0, 17, 255, 161, 76, 221, 2, 184, 1, 0, 51, 0, 0, 10, 1, 0, 254, 4, 236]
1552551057900;[171, 0, 4, 255, 132, 128, 68]
1552551058067;[171, 0, 17, 255, 161, 76, 221, 2, 184, 1, 0, 50, 0, 0, 10, 1, 0, 250, 4, 212]
1552551058067;[171, 0, 17, 255, 161, 76, 221, 2, 184, 1, 0, 50, 0, 0, 10, 1, 0, 249, 4, 239]
1552551058251;[171, 0, 17, 255, 161, 76, 221, 2, 184, 1, 0, 51, 0, 0, 11, 1, 0, 249, 5, 13]
1552551058418;[171, 0, 17, 255, 161, 76, 221, 2, 185, 1, 0, 51, 0, 0, 8, 1, 0, 249, 5, 27]
1552551058418;[171, 0, 17, 255, 161, 76, 221, 2, 185, 1, 0, 48, 0, 0, 10, 1, 0, 250, 5, 48]
1552551058585;[171, 0, 17, 255, 161, 76, 221, 2, 185, 1, 0, 50, 0, 0, 10, 1, 0, 254, 5, 52]
1552551058585;[171, 0, 17, 255, 161, 76, 221, 2, 185, 1, 0, 50, 0, 0, 10, 1, 0, 250, 5, 54]
1552551058752;[171, 0, 17, 255, 161, 76, 221, 2, 185, 1, 0, 52, 0, 0, 8, 1, 0, 249, 5, 42]
1552551058935;[171, 0, 17, 255, 161, 76, 221, 2, 185, 1, 0, 51, 0, 0, 9, 1, 0, 254, 5, 27]
1552551058936;[171, 0, 17, 255, 161, 76, 221, 2, 185, 1, 0, 52, 0, 0, 10, 1, 0, 246, 5, 15]
1552551059102;[171, 0, 4, 255, 132, 128, 68]
1552551059103;[171, 0, 17, 255, 161, 76, 221, 2, 185, 1, 0, 53, 0, 0, 9, 1, 0, 249, 5, 36]
1552551059270;[171, 0, 17, 255, 161, 76, 221, 2, 185, 1, 0, 50, 0, 0, 10, 1, 0, 253, 5, 77]
1552551059287;[171, 0, 17, 255, 161, 76, 221, 2, 185, 1, 0, 51, 0, 0, 14, 1, 0, 249, 5, 96]
1552551059453;[171, 0, 17, 255, 161, 76, 221, 2, 186, 1, 0, 50, 0, 0, 10, 1, 0, 249, 5, 110]
1552551059621;[171, 0, 17, 255, 161, 76, 221, 2, 186, 1, 0, 50, 0, 0, 9, 1, 0, 249, 5, 106]
1552551059621;[171, 0, 17, 255, 161, 76, 221, 2, 186, 1, 0, 50, 0, 0, 8, 1, 0, 249, 5, 104]
1552551059972;[171, 0, 17, 255, 161, 76, 221, 2, 186, 1, 0, 50, 0, 0, 8, 1, 0, 249, 5, 96]
1552551059972;[171, 0, 17, 255, 161, 76, 221, 2, 186, 1, 0, 52, 0, 0, 10, 1, 0, 249, 5, 73]
1552551059973;[171, 0, 17, 255, 161, 76, 221, 2, 186, 1, 0, 50, 0, 0, 10, 1, 0, 250, 5, 62]
1552551059973;[171, 0, 17, 255, 161, 76, 221, 2, 186, 1, 0, 50, 0, 0, 9, 1, 0, 249, 5, 79]
1552551060138;[171, 0, 4, 255, 132, 128, 68]
1552551060306;[171, 0, 17, 255, 161, 76, 221, 2, 186, 1, 0, 50, 0, 0, 9, 1, 0, 250, 5, 124]
1552551060307;[171, 0, 17, 255, 161, 76, 221, 2, 186, 1, 0, 52, 0, 0, 10, 1, 0, 254, 5, 147]
1552551060490;[171, 0, 17, 255, 161, 76, 221, 2, 186, 1, 0, 50, 0, 0, 10, 1, 0, 249, 5, 165]
1552551060491;[171, 0, 17, 255, 161, 76, 221, 2, 187, 1, 0, 46, 0, 0, 8, 1, 0, 250, 5, 180]
1552551060657;[171, 0, 17, 255, 161, 76, 221, 2, 187, 1, 0, 50, 0, 0, 6, 1, 0, 249, 5, 171]
1552551061008;[171, 0, 17, 255, 161, 76, 221, 2, 187, 1, 0, 45, 0, 0, 8, 1, 0, 249, 5, 162]
1552551061008;[171, 0, 17, 255, 161, 76, 221, 2, 187, 1, 0, 50, 0, 0, 8, 1, 0, 250, 5, 155]
1552551061008;[171, 0, 17, 255, 161, 76, 221, 2, 187, 1, 0, 46, 0, 0, 8, 1, 0, 249, 5, 141]
1552551061009;[171, 0, 17, 255, 161, 76, 221, 2, 187, 1, 0, 50, 0, 0, 10, 1, 0, 249, 5, 150]
1552551061175;[171, 0, 17, 255, 161, 76, 221, 2, 193, 1, 0, 56, 0, 0, 20, 1, 0, 249, 5, 243]
1552551061342;[171, 0, 17, 255, 161, 76, 221, 2, 193, 1, 0, 59, 0, 0, 16, 1, 0, 246, 5, 228]
1552551061526;[171, 0, 17, 255, 161, 76, 221, 2, 193, 1, 0, 58, 0, 0, 16, 1, 0, 250, 5, 187]
1552551061693;[171, 0, 17, 255, 161, 76, 221, 2, 194, 1, 0, 60, 0, 0, 11, 1, 0, 239, 5, 149]
1552551061693;[171, 0, 17, 255, 161, 76, 221, 2, 194, 1, 0, 69, 0, 0, 6, 1, 0, 246, 5, 81]
1552551061861;[171, 0, 17, 255, 161, 76, 221, 2, 194, 1, 0, 56, 0, 0, 11, 1, 1, 3, 5, 42]
1552551062043;[171, 0, 17, 255, 161, 76, 221, 2, 194, 1, 0, 53, 0, 0, 11, 1, 0, 255, 5, 59]
1552551062044;[171, 0, 17, 255, 161, 76, 221, 2, 194, 1, 0, 56, 0, 0, 10, 1, 0, 240, 5, 98]
1552551062211;[171, 0, 17, 255, 161, 76, 221, 2, 194, 1, 0, 67, 0, 0, 8, 1, 0, 242, 5, 89]
1552551062212;[171, 0, 17, 255, 161, 76, 221, 2, 194, 1, 0, 65, 0, 0, 16, 1, 0, 245, 5, 88]
1552551062378;[171, 0, 4, 255, 132, 128, 67]
1552551062379;[171, 0, 17, 255, 161, 76, 221, 2, 194, 1, 0, 52, 0, 0, 16, 1, 0, 254, 5, 108]
1552551062562;[171, 0, 17, 255, 161, 76, 221, 2, 194, 1, 0, 48, 0, 0, 20, 1, 0, 250, 5, 102]
1552551062729;[171, 0, 17, 255, 161, 76, 221, 2, 194, 1, 0, 59, 0, 0, 16, 1, 0, 249, 5, 104]
1552551062730;[171, 0, 17, 255, 161, 76, 221, 2, 195, 1, 0, 60, 0, 0, 11, 1, 0, 249, 5, 104]
1552551062896;[171, 0, 17, 255, 161, 76, 221, 2, 195, 1, 0, 59, 0, 0, 11, 1, 0, 249, 5, 96]
1552551062896;[171, 0, 17, 255, 161, 76, 221, 2, 195, 1, 0, 51, 0, 0, 16, 1, 0, 250, 5, 122]
1552551063079;[171, 0, 17, 255, 161, 76, 221, 2, 195, 1, 0, 59, 0, 0, 11, 1, 0, 248, 5, 160]
1552551063080;[171, 0, 17, 255, 161, 76, 221, 2, 195, 1, 0, 54, 0, 0, 16, 1, 0, 249, 5, 199]
1552551063247;[171, 0, 17, 255, 161, 76, 221, 2, 195, 1, 0, 54, 0, 0, 11, 1, 0, 249, 5, 220]
1552551063414;[171, 0, 17, 255, 161, 76, 221, 2, 195, 1, 0, 56, 0, 0, 11, 1, 0, 249, 5, 236]
1552551063414;[171, 0, 4, 255, 132, 128, 67]
1552551063597;[171, 0, 17, 255, 161, 76, 221, 2, 195, 1, 0, 54, 0, 0, 11, 1, 0, 246, 5, 227]
1552551063765;[171, 0, 17, 255, 161, 76, 221, 2, 195, 1, 0, 56, 0, 0, 11, 1, 0, 250, 5, 222]
1552551063765;[171, 0, 17, 255, 161, 76, 221, 2, 195, 1, 0, 53, 0, 0, 11, 1, 0, 246, 5, 211]
1552551063932;[171, 0, 17, 255, 161, 76, 221, 2, 196, 1, 0, 59, 0, 0, 11, 1, 0, 248, 5, 189]
1552551063932;[171, 0, 17, 255, 161, 76, 221, 2, 196, 1, 0, 52, 0, 0, 11, 1, 0, 254, 5, 184]
1552551064115;[171, 0, 17, 255, 161, 76, 221, 2, 196, 1, 0, 56, 0, 0, 11, 1, 0, 249, 5, 210]
1552551064116;[171, 0, 17, 255, 161, 76, 221, 2, 196, 1, 0, 58, 0, 0, 11, 1, 0, 254, 5, 238]
1552551064282;[171, 0, 17, 255, 161, 76, 221, 2, 196, 1, 0, 56, 0, 0, 11, 1, 0, 249, 5, 251]
1552551064283;[171, 0, 17, 255, 161, 76, 221, 2, 196, 1, 0, 54, 0, 0, 11, 1, 0, 249, 6, 1]
1552551064450;[171, 0, 17, 255, 161, 76, 221, 2, 196, 1, 0, 53, 0, 0, 11, 1, 0, 249, 6, 6]
1552551064617;[171, 0, 4, 255, 132, 128, 67]
1552551064636;[171, 0, 17, 255, 161, 76, 221, 2, 196, 1, 0, 53, 0, 0, 11, 1, 0, 249, 5, 254]
1552551064800;[171, 0, 17, 255, 161, 76, 221, 2, 196, 1, 0, 54, 0, 0, 11, 1, 0, 249, 5, 242]
1552551064801;[171, 0, 17, 255, 161, 76, 221, 2, 196, 1, 0, 53, 0, 0, 11, 1, 0, 249, 5, 218]
1552551064968;[171, 0, 17, 255, 161, 76, 221, 2, 197, 1, 0, 54, 0, 0, 11, 1, 0, 250, 5, 196]
1552551064968;[171, 0, 17, 255, 161, 76, 221, 2, 197, 1, 0, 54, 0, 0, 11, 1, 0, 249, 5, 225]
1552551065135;[171, 0, 17, 255, 161, 76, 221, 2, 197, 1, 0, 54, 0, 0, 11, 1, 0, 249, 5, 245]
1552551065319;[171, 0, 17, 255, 161, 76, 221, 2, 197, 1, 0, 54, 0, 0, 16, 1, 0, 249, 6, 0]
1552551065320;[171, 0, 17, 255, 161, 76, 221, 2, 197, 1, 0, 54, 0, 0, 11, 1, 0, 249, 6, 6]
1552551065486;[171, 0, 17, 255, 161, 76, 221, 2, 197, 1, 0, 53, 0, 0, 11, 1, 0, 246, 6, 3]
1552551065486;[171, 0, 17, 255, 161, 76, 221, 2, 197, 1, 0, 54, 0, 0, 11, 1, 0, 249, 5, 244]
1552551065653;[171, 0, 4, 255, 132, 128, 67]
1552551065837;[171, 0, 17, 255, 161, 76, 221, 2, 197, 1, 0, 54, 0, 0, 11, 1, 0, 249, 5, 222]
1552551065838;[171, 0, 17, 255, 161, 76, 221, 2, 197, 1, 0, 54, 0, 0, 11, 1, 0, 248, 5, 198]
1552551066004;[171, 0, 17, 255, 161, 76, 221, 2, 197, 1, 0, 55, 0, 0, 11, 1, 0, 254, 5, 188]
1552551066004;[171, 0, 17, 255, 161, 76, 221, 2, 198, 1, 0, 52, 0, 0, 11, 1, 0, 249, 5, 200]
1552551066171;[171, 0, 17, 255, 161, 76, 221, 2, 198, 1, 0, 54, 0, 0, 11, 1, 0, 249, 5, 231]
1552551066171;[171, 0, 17, 255, 161, 76, 221, 2, 198, 1, 0, 56, 0, 0, 10, 1, 0, 249, 5, 233]
1552551066355;[171, 0, 17, 255, 161, 76, 221, 2, 198, 1, 0, 54, 0, 0, 9, 1, 0, 249, 5, 241]
1552551066520;[171, 0, 17, 255, 161, 76, 221, 2, 198, 1, 0, 53, 0, 0, 11, 1, 0, 249, 5, 229]
1552551066521;[171, 0, 17, 255, 161, 76, 221, 2, 198, 1, 0, 54, 0, 0, 11, 1, 0, 250, 5, 204]
1552551066690;[171, 0, 17, 255, 161, 76, 221, 2, 198, 1, 0, 54, 0, 0, 11, 1, 0, 248, 5, 187]
1552551066690;[171, 0, 4, 255, 132, 128, 66]
1552551066873;[171, 0, 17, 255, 161, 76, 221, 2, 198, 1, 0, 54, 0, 0, 16, 1, 0, 249, 5, 161]
1552551066873;[171, 0, 17, 255, 161, 76, 221, 2, 198, 1, 0, 57, 0, 0, 10, 1, 0, 249, 5, 128]
1552551067040;[171, 0, 17, 255, 161, 76, 221, 2, 198, 1, 0, 54, 0, 0, 11, 1, 0, 250, 5, 101]
1552551067207;[171, 0, 17, 255, 161, 76, 221, 2, 199, 1, 0, 54, 0, 0, 10, 1, 0, 249, 5, 109]
1552551067208;[171, 0, 17, 255, 161, 76, 221, 2, 199, 1, 0, 54, 0, 0, 11, 1, 0, 250, 5, 136]
1552551067390;[171, 0, 17, 255, 161, 76, 221, 2, 199, 1, 0, 54, 0, 0, 11, 1, 0, 248, 5, 158]
1552551067391;[171, 0, 17, 255, 161, 76, 221, 2, 199, 1, 0, 54, 0, 0, 11, 1, 0, 249, 5, 168]
1552551067557;[171, 0, 17, 255, 161, 76, 221, 2, 199, 1, 0, 51, 0, 0, 11, 1, 0, 249, 5, 176]
1552551067725;[171, 0, 17, 255, 161, 76, 221, 2, 199, 1, 0, 52, 0, 0, 11, 1, 0, 250, 5, 168]
1552551067725;[171, 0, 17, 255, 161, 76, 221, 2, 199, 1, 0, 53, 0, 0, 10, 1, 0, 249, 5, 151]
1552551068075;[171, 0, 4, 255, 132, 128, 66]
1552551068076;[171, 0, 17, 255, 161, 76, 221, 2, 199, 1, 0, 54, 0, 0, 11, 1, 0, 249, 5, 135]
1552551068077;[171, 0, 17, 255, 161, 76, 221, 2, 199, 1, 0, 54, 0, 0, 11, 1, 0, 254, 5, 115]
1552551068078;[171, 0, 17, 255, 161, 76, 221, 2, 199, 1, 0, 53, 0, 0, 10, 1, 0, 250, 5, 92]
1552551068242;[171, 0, 17, 255, 161, 76, 221, 2, 200, 1, 0, 56, 0, 0, 16, 1, 0, 250, 5, 110]
1552551068426;[171, 0, 17, 255, 161, 76, 221, 2, 200, 1, 0, 58, 0, 0, 11, 1, 0, 249, 5, 136]
1552551068427;[171, 0, 17, 255, 161, 76, 221, 2, 200, 1, 0, 57, 0, 0, 11, 1, 0, 250, 5, 139]
1552551068593;[171, 0, 17, 255, 161, 76, 221, 2, 200, 1, 0, 55, 0, 0, 16, 1, 0, 248, 5, 131]
1552551068594;[171, 0, 17, 255, 161, 76, 221, 2, 200, 1, 0, 53, 0, 0, 11, 1, 0, 249, 5, 115]
1552551068760;[171, 0, 17, 255, 161, 76, 221, 2, 200, 1, 0, 54, 0, 0, 11, 1, 0, 249, 5, 95]
1552551068944;[171, 0, 17, 255, 161, 76, 221, 2, 200, 1, 0, 53, 0, 0, 11, 1, 0, 248, 5, 68]
1552551068945;[171, 0, 4, 255, 132, 128, 66]
1552551069111;[171, 0, 17, 255, 161, 76, 221, 2, 200, 1, 0, 56, 0, 0, 11, 1, 0, 248, 5, 40]
1552551069112;[171, 0, 17, 255, 161, 76, 221, 2, 200, 1, 0, 55, 0, 0, 11, 1, 0, 249, 5, 21]
1552551069278;[171, 0, 17, 255, 161, 76, 221, 2, 200, 1, 0, 54, 0, 0, 11, 1, 0, 247, 5, 42]
1552551069279;[171, 0, 17, 255, 161, 76, 221, 2, 201, 1, 0, 54, 0, 0, 11, 1, 0, 248, 5, 64]
1552551069462;[171, 0, 17, 255, 161, 76, 221, 2, 201, 1, 0, 54, 0, 0, 11, 1, 0, 249, 5, 79]
1552551069797;[171, 0, 17, 255, 161, 76, 221, 2, 201, 1, 0, 53, 0, 0, 11, 1, 0, 249, 5, 90]
1552551069797;[171, 0, 17, 255, 161, 76, 221, 2, 201, 1, 0, 55, 0, 0, 11, 1, 0, 248, 5, 90]
1552551069798;[171, 0, 17, 255, 161, 76, 221, 2, 201, 1, 0, 54, 0, 0, 11, 1, 0, 249, 5, 68]
1552551069813;[171, 0, 17, 255, 161, 76, 221, 2, 201, 1, 0, 57, 0, 0, 16, 1, 0, 249, 5, 50]
1552551069980;[171, 0, 17, 255, 161, 76, 221, 2, 201, 1, 0, 57, 0, 0, 11, 1, 0, 248, 5, 32]
1552551069981;[171, 0, 4, 255, 132, 128, 66]
1552551070148;[171, 0, 17, 255, 161, 76, 221, 2, 201, 1, 0, 55, 0, 0, 11, 1, 0, 249, 5, 10]
1552551070315;[171, 0, 17, 255, 161, 76, 221, 2, 201, 1, 0, 56, 0, 0, 11, 1, 0, 249, 5, 11]
1552551070315;[171, 0, 17, 255, 161, 76, 221, 2, 201, 1, 0, 59, 0, 0, 16, 1, 0, 248, 5, 47]
1552551070498;[171, 0, 17, 255, 161, 76, 221, 2, 202, 1, 0, 56, 0, 0, 10, 1, 0, 248, 5, 60]
1552551070499;[171, 0, 17, 255, 161, 76, 221, 2, 202, 1, 0, 56, 0, 0, 11, 1, 0, 253, 5, 79]
1552551070665;[171, 0, 17, 255, 161, 76, 221, 2, 202, 1, 0, 54, 0, 0, 11, 1, 0, 248, 5, 92]
1552551070832;[171, 0, 17, 255, 161, 76, 221, 2, 202, 1, 0, 52, 0, 0, 11, 1, 0, 249, 5, 90]
1552551070833;[171, 0, 17, 255, 161, 76, 221, 2, 202, 1, 0, 56, 0, 0, 11, 1, 0, 249, 5, 82]
1552551070999;[171, 0, 17, 255, 161, 76, 221, 2, 202, 1, 0, 57, 0, 0, 11, 1, 0, 250, 5, 71]
1552551071016;[171, 0, 17, 255, 161, 76, 221, 2, 202, 1, 0, 56, 0, 0, 11, 1, 0, 249, 5, 48]
1552551071183;[171, 0, 4, 255, 132, 128, 66]
1552551071184;[171, 0, 17, 255, 161, 76, 221, 2, 202, 1, 0, 56, 0, 0, 11, 1, 0, 249, 5, 37]
1552551071350;[171, 0, 17, 255, 161, 76, 221, 2, 202, 1, 0, 54, 0, 0, 11, 1, 0, 249, 5, 70]
1552551071517;[171, 0, 17, 255, 161, 76, 221, 2, 202, 1, 0, 54, 0, 0, 11, 1, 0, 254, 5, 93]
1552551071534;[171, 0, 17, 255, 161, 76, 221, 2, 203, 1, 0, 58, 0, 0, 11, 1, 0, 246, 5, 99]
1552551071701;[171, 0, 17, 255, 161, 76, 221, 2, 203, 1, 0, 56, 0, 0, 11, 1, 0, 249, 5, 104]
1552551071702;[171, 0, 17, 255, 161, 76, 221, 2, 203, 1, 0, 57, 0, 0, 11, 1, 0, 249, 5, 99]
1552551071868;[171, 0, 17, 255, 161, 76, 221, 2, 203, 1, 0, 58, 0, 0, 11, 1, 0, 247, 5, 83]
1552551071869;[171, 0, 17, 255, 161, 76, 221, 2, 203, 1, 0, 56, 0, 0, 11, 1, 0, 249, 5, 65]
1552551072035;[171, 0, 17, 255, 161, 76, 221, 2, 203, 1, 0, 57, 0, 0, 11, 1, 0, 249, 5, 33]
1552551072219;[171, 0, 17, 255, 161, 76, 221, 2, 203, 1, 0, 53, 0, 0, 11, 1, 0, 249, 5, 33]
1552551072219;[171, 0, 4, 255, 132, 128, 65]
1552551072386;[171, 0, 17, 255, 161, 76, 221, 2, 203, 1, 0, 55, 0, 0, 16, 1, 0, 249, 5, 59]
1552551072386;[171, 0, 17, 255, 161, 76, 221, 2, 203, 1, 0, 56, 0, 0, 11, 1, 0, 249, 5, 83]
1552551072553;[171, 0, 17, 255, 161, 76, 221, 2, 203, 1, 0, 54, 0, 0, 15, 1, 0, 249, 5, 99]
1552551072737;[171, 0, 17, 255, 161, 76, 221, 2, 204, 1, 0, 54, 0, 0, 11, 1, 0, 249, 5, 101]
1552551072737;[171, 0, 17, 255, 161, 76, 221, 2, 204, 1, 0, 56, 0, 0, 11, 1, 0, 249, 5, 94]
1552551072904;[171, 0, 17, 255, 161, 76, 221, 2, 204, 1, 0, 56, 0, 0, 11, 1, 0, 249, 5, 87]
1552551072905;[171, 0, 17, 255, 161, 76, 221, 2, 204, 1, 0, 56, 0, 0, 11, 1, 0, 249, 5, 66]
1552551073071;[171, 0, 17, 255, 161, 76, 221, 2, 204, 1, 0, 58, 0, 0, 11, 1, 0, 250, 5, 34]
1552551073072;[171, 0, 17, 255, 161, 76, 221, 2, 204, 1, 0, 56, 0, 0, 9, 1, 0, 245, 5, 12]
1552551073255;[171, 0, 17, 255, 161, 76, 221, 2, 204, 1, 0, 54, 0, 0, 11, 1, 0, 248, 5, 28]
1552551073422;[171, 0, 4, 255, 132, 128, 65]
1552551073423;[171, 0, 17, 255, 161, 76, 221, 2, 204, 1, 0, 56, 0, 0, 11, 1, 0, 254, 5, 69]
1552551073589;[171, 0, 17, 255, 161, 76, 221, 2, 204, 1, 0, 54, 0, 0, 10, 1, 0, 246, 5, 86]
1552551073590;[171, 0, 17, 255, 161, 76, 221, 2, 204, 1, 0, 56, 0, 0, 10, 1, 0, 250, 5, 101]
1552551073773;[171, 0, 17, 255, 161, 76, 221, 2, 205, 1, 0, 53, 0, 0, 11, 1, 0, 249, 5, 109]
1552551073773;[171, 0, 17, 255, 161, 76, 221, 2, 205, 1, 0, 54, 0, 0, 11, 1, 0, 246, 5, 94]
1552551073940;[171, 0, 17, 255, 161, 76, 221, 2, 205, 1, 0, 56, 0, 0, 11, 1, 0, 250, 5, 75]
1552551074107;[171, 0, 17, 255, 161, 76, 221, 2, 205, 1, 0, 56, 0, 0, 11, 1, 0, 249, 5, 63]
1552551074108;[171, 0, 17, 255, 161, 76, 221, 2, 205, 1, 0, 56, 0, 0, 11, 1, 0, 249, 5, 32]
1552551074290;[171, 0, 17, 255, 161, 76, 221, 2, 205, 1, 0, 54, 0, 0, 15, 1, 0, 249, 5, 15]
1552551074291;[171, 0, 17, 255, 161, 76, 221, 2, 205, 1, 0, 54, 0, 0, 11, 1, 0, 246, 5, 36]
1552551074458;[171, 0, 4, 255, 132, 128, 65]
1552551074642;[171, 0, 17, 255, 161, 76, 221, 2, 205, 1, 0, 54, 0, 0, 11, 1, 0, 250, 5, 54]
1552551074643;[171, 0, 17, 255, 161, 76, 221, 2, 205, 1, 0, 54, 0, 0, 11, 1, 0, 249, 5, 62]
1552551074808;[171, 0, 17, 255, 161, 76, 221, 2, 205, 1, 0, 58, 0, 0, 10, 1, 0, 250, 5, 69]
1552551074809;[171, 0, 17, 255, 161, 76, 221, 2, 206, 1, 0, 54, 0, 0, 11, 1, 0, 249, 5, 56]
1552551074976;[171, 0, 17, 255, 161, 76, 221, 2, 206, 1, 0, 57, 0, 0, 10, 1, 0, 249, 5, 35]
1552551074976;[171, 0, 17, 255, 161, 76, 221, 2, 206, 1, 0, 53, 0, 0, 11, 1, 0, 255, 5, 16]
1552551075143;[171, 0, 17, 255, 161, 76, 221, 2, 206, 1, 0, 53, 0, 0, 10, 1, 0, 249, 4, 242]
1552551075327;[171, 0, 17, 255, 161, 76, 221, 2, 206, 1, 0, 57, 0, 0, 11, 1, 0, 249, 4, 206]
1552551075327;[171, 0, 17, 255, 161, 76, 221, 2, 206, 1, 0, 56, 0, 0, 11, 1, 0, 249, 4, 189]
1552551075494;[171, 0, 17, 255, 161, 76, 221, 2, 206, 1, 0, 56, 0, 0, 15, 1, 0, 249, 4, 207]
1552551075494;[171, 0, 4, 255, 132, 128, 65]
1552551075661;[171, 0, 17, 255, 161, 76, 221, 2, 206, 1, 0, 54, 0, 0, 15, 1, 0, 249, 4, 232]
1552551075661;[171, 0, 17, 255, 161, 76, 221, 2, 206, 1, 0, 55, 0, 0, 11, 1, 0, 249, 4, 238]
1552551075845;[171, 0, 17, 255, 161, 76, 221, 2, 206, 1, 0, 56, 0, 0, 11, 1, 0, 249, 4, 244]
1552551076012;[171, 0, 17, 255, 161, 76, 221, 2, 207, 1, 0, 54, 0, 0, 11, 1, 0, 249, 4, 232]
1552551076013;[171, 0, 17, 255, 161, 76, 221, 2, 207, 1, 0, 55, 0, 0, 11, 1, 0, 249, 4, 217]
1552551076179;[171, 0, 17, 255, 161, 76, 221, 2, 207, 1, 0, 53, 0, 0, 11, 1, 0, 249, 4, 187]
1552551076363;[171, 0, 17, 255, 161, 76, 221, 2, 207, 1, 0, 52, 0, 0, 11, 1, 0, 246, 4, 163]
1552551076363;[171, 0, 17, 255, 161, 76, 221, 2, 207, 1, 0, 56, 0, 0, 11, 1, 0, 249, 4, 145]
1552551076530;[171, 0, 17, 255, 161, 76, 221, 2, 207, 1, 0, 54, 0, 0, 11, 1, 0, 249, 4, 152]
1552551076530;[171, 0, 17, 255, 161, 76, 221, 2, 207, 1, 0, 54, 0, 0, 11, 1, 0, 249, 4, 179]
1552551076880;[171, 0, 4, 255, 132, 128, 65]
1552551076881;[171, 0, 17, 255, 161, 76, 221, 2, 207, 1, 0, 56, 0, 0, 11, 1, 0, 249, 4, 191]
1552551076882;[171, 0, 17, 255, 161, 76, 221, 2, 207, 1, 0, 54, 0, 0, 10, 1, 0, 249, 4, 207]
1552551076882;[171, 0, 17, 255, 161, 76, 221, 2, 207, 1, 0, 53, 0, 0, 11, 1, 0, 249, 4, 216]
1552551077048;[171, 0, 17, 255, 161, 76, 221, 2, 208, 1, 0, 56, 0, 0, 11, 1, 0, 249, 4, 206]
1552551077398;[171, 0, 17, 255, 161, 76, 221, 2, 208, 1, 0, 52, 0, 0, 10, 1, 0, 249, 4, 188]
1552551077399;[171, 0, 17, 255, 161, 76, 221, 2, 208, 1, 0, 52, 0, 0, 11, 1, 0, 249, 4, 159]
1552551077400;[171, 0, 17, 255, 161, 76, 221, 2, 208, 1, 0, 54, 0, 0, 11, 1, 0, 248, 4, 125]
1552551077400;[171, 0, 17, 255, 161, 76, 221, 2, 208, 1, 0, 54, 0, 0, 11, 1, 0, 250, 4, 119]
1552551077565;[171, 0, 17, 255, 161, 76, 221, 2, 208, 1, 0, 54, 0, 0, 11, 1, 0, 249, 4, 143]
1552551077733;[171, 0, 17, 255, 161, 76, 221, 2, 208, 1, 0, 57, 0, 0, 11, 1, 0, 250, 4, 146]
1552551077733;[171, 0, 4, 255, 132, 128, 65]
1552551077900;[171, 0, 17, 255, 161, 76, 221, 2, 208, 1, 0, 52, 0, 0, 11, 1, 0, 249, 4, 147]
1552551077916;[171, 0, 17, 255, 161, 76, 221, 2, 208, 1, 0, 54, 0, 0, 10, 1, 0, 249, 4, 142]
1552551078083;[171, 0, 17, 255, 161, 76, 221, 2, 208, 1, 0, 58, 0, 0, 9, 1, 0, 248, 4, 118]
1552551078084;[171, 0, 17, 255, 161, 76, 221, 2, 209, 1, 0, 54, 0, 0, 11, 1, 0, 249, 4, 94]
1552551078250;[171, 0, 17, 255, 161, 76, 221, 2, 209, 1, 0, 55, 0, 0, 11, 1, 0, 249, 4, 61]
1552551078417;[171, 0, 17, 255, 161, 76, 221, 2, 209, 1, 0, 56, 0, 0, 14, 1, 0, 249, 4, 34]
1552551078434;[171, 0, 17, 255, 161, 76, 221, 2, 209, 1, 0, 54, 0, 0, 11, 1, 0, 248, 4, 51]
1552551078601;[171, 0, 17, 255, 161, 76, 221, 2, 209, 1, 0, 56, 0, 0, 10, 1, 0, 248, 4, 70]
1552551078602;[171, 0, 17, 255, 161, 76, 221, 2, 209, 1, 0, 53, 0, 0, 11, 1, 0, 250, 4, 74]
1552551078769;[171, 0, 17, 255, 161, 76, 221, 2, 209, 1, 0, 54, 0, 0, 11, 1, 0, 248, 4, 80]
1552551078769;[171, 0, 4, 255, 132, 128, 65]
1552551079119;[171, 0, 17, 255, 161, 76, 221, 2, 209, 1, 0, 56, 0, 0, 11, 1, 0, 249, 4, 76]
1552551079121;[171, 0, 17, 255, 161, 76, 221, 2, 209, 1, 0, 54, 0, 0, 10, 1, 0, 249, 4, 61]
1552551079287;[171, 0, 17, 255, 161, 76, 221, 2, 209, 1, 0, 58, 0, 0, 16, 1, 0, 245, 4, 38]
1552551079454;[171, 0, 17, 255, 161, 76, 221, 2, 210, 1, 0, 54, 0, 0, 11, 1, 0, 250, 4, 8]
1552551079454;[171, 0, 17, 255, 161, 76, 221, 2, 210, 1, 0, 56, 0, 0, 10, 1, 0, 249, 3, 243]
1552551079470;[171, 0, 17, 255, 161, 76, 221, 2, 210, 1, 0, 56, 0, 0, 11, 1, 0, 250, 3, 240]
1552551079637;[171, 0, 17, 255, 161, 76, 221, 2, 210, 1, 0, 54, 0, 0, 11, 1, 0, 249, 4, 12]
1552551079638;[171, 0, 17, 255, 161, 76, 221, 2, 210, 1, 0, 54, 0, 0, 11, 1, 0, 249, 4, 34]
1552551079805;[171, 0, 17, 255, 161, 76, 221, 2, 210, 1, 0, 53, 0, 0, 10, 1, 0, 249, 4, 48]
1552551079805;[171, 0, 17, 255, 161, 76, 221, 2, 210, 1, 0, 54, 0, 0, 10, 1, 0, 249, 4, 50]
1552551079971;[171, 0, 4, 255, 132, 128, 65]
1552551079973;[171, 0, 17, 255, 161, 76, 221, 2, 210, 1, 0, 54, 0, 0, 11, 1, 0, 248, 4, 48]
1552551080155;[171, 0, 17, 255, 161, 76, 221, 2, 210, 1, 0, 52, 0, 0, 11, 1, 0, 249, 4, 34]
1552551080322;[171, 0, 17, 255, 161, 76, 221, 2, 210, 1, 0, 57, 0, 0, 11, 1, 0, 249, 4, 13]
1552551080323;[171, 0, 17, 255, 161, 76, 221, 2, 211, 1, 0, 54, 0, 0, 11, 1, 0, 248, 4, 5]
1552551080490;[171, 0, 17, 255, 161, 76, 221, 2, 211, 1, 0, 53, 0, 0, 11, 1, 0, 246, 3, 241]
1552551080490;[171, 0, 17, 255, 161, 76, 221, 2, 211, 1, 0, 53, 0, 0, 11, 1, 0, 249, 4, 7]
1552551080673;[171, 0, 17, 255, 161, 76, 221, 2, 211, 1, 0, 59, 0, 0, 11, 1, 0, 249, 4, 17]
1552551080674;[171, 0, 17, 255, 161, 76, 221, 2, 211, 1, 0, 56, 0, 0, 11, 1, 0, 249, 4, 27]
1552551080841;[171, 0, 17, 255, 161, 76, 221, 2, 211, 1, 0, 59, 0, 0, 10, 1, 0, 249, 4, 18]
1552551081008;[171, 0, 17, 255, 161, 76, 221, 2, 211, 1, 0, 57, 0, 0, 11, 1, 0, 249, 4, 10]
1552551081008;[171, 0, 4, 255, 132, 128, 65]
1552551081191;[171, 0, 17, 255, 161, 76, 221, 2, 211, 1, 0, 56, 0, 0, 11, 1, 0, 249, 3, 246]
1552551081192;[171, 0, 17, 255, 161, 76, 221, 2, 211, 1, 0, 54, 0, 0, 11, 1, 0, 247, 3, 213]
1552551081358;[171, 0, 17, 255, 161, 76, 221, 2, 211, 1, 0, 56, 0, 0, 11, 1, 0, 246, 3, 192]
1552551081526;[171, 0, 17, 255, 161, 76, 221, 2, 212, 1, 0, 54, 0, 0, 11, 1, 0, 249, 3, 187]
1552551081526;[171, 0, 17, 255, 161, 76, 221, 2, 212, 1, 0, 54, 0, 0, 11, 1, 0, 249, 3, 216]
1552551081709;[171, 0, 17, 255, 161, 76, 221, 2, 212, 1, 0, 56, 0, 0, 11, 1, 0, 248, 3, 228]
1552551081710;[171, 0, 17, 255, 161, 76, 221, 2, 212, 1, 0, 56, 0, 0, 11, 1, 0, 249, 3, 226]
1552551081876;[171, 0, 17, 255, 161, 76, 221, 2, 212, 1, 0, 56, 0, 0, 10, 1, 0, 249, 3, 222]
1552551081877;[171, 0, 17, 255, 161, 76, 221, 2, 212, 1, 0, 54, 0, 0, 10, 1, 0, 248, 3, 202]
1552551082044;[171, 0, 17, 255, 161, 76, 221, 2, 212, 1, 0, 58, 0, 0, 11, 1, 0, 249, 3, 186]
1552551082227;[171, 0, 4, 255, 132, 128, 64]
1552551082228;[171, 0, 17, 255, 161, 76, 221, 2, 212, 1, 0, 54, 0, 0, 11, 1, 0, 249, 3, 160]
1552551082394;[171, 0, 17, 255, 161, 76, 221, 2, 212, 1, 0, 53, 0, 0, 11, 1, 0, 249, 3, 139]
1552551082395;[171, 0, 17, 255, 161, 76, 221, 2, 212, 1, 0, 54, 0, 0, 15, 1, 0, 249, 3, 146]
1552551082561;[171, 0, 17, 255, 161, 76, 221, 2, 213, 1, 0, 59, 0, 0, 11, 1, 0, 249, 3, 175]
1552551082562;[171, 0, 17, 255, 161, 76, 221, 2, 213, 1, 0, 58, 0, 0, 11, 1, 0, 249, 3, 188]
1552551082745;[171, 0, 17, 255, 161, 76, 221, 2, 213, 1, 0, 54, 0, 0, 11, 1, 0, 250, 3, 198]
1552551082912;[171, 0, 17, 255, 161, 76, 221, 2, 213, 1, 0, 56, 0, 0, 15, 1, 0, 248, 3, 200]
1552551082913;[171, 0, 17, 255, 161, 76, 221, 2, 213, 1, 0, 57, 0, 0, 11, 1, 0, 248, 3, 189]
1552551083080;[171, 0, 17, 255, 161, 76, 221, 2, 213, 1, 0, 54, 0, 0, 9, 1, 0, 249, 3, 189]
1552551083263;[171, 0, 17, 255, 161, 76, 221, 2, 215, 1, 0, 58, 0, 0, 11, 1, 0, 249, 3, 77]
1552551083430;[171, 0, 17, 255, 161, 76, 221, 2, 215, 1, 0, 54, 0, 0, 11, 1, 0, 249, 3, 94]
1552551083431;[171, 0, 17, 255, 161, 76, 221, 2, 215, 1, 0, 53, 0, 0, 11, 1, 0, 247, 3, 112]
1552551083597;[171, 0, 17, 255, 161, 76, 221, 2, 216, 1, 0, 56, 0, 0, 11, 1, 0, 249, 3, 110]
1552551083781;[171, 0, 17, 255, 161, 76, 221, 2, 216, 1, 0, 53, 0, 0, 11, 1, 0, 249, 3, 104]
1552551083782;[171, 0, 17, 255, 161, 76, 221, 2, 216, 1, 0, 59, 0, 0, 11, 1, 0, 249, 3, 88]
1552551083949;[171, 0, 17, 255, 161, 76, 221, 2, 216, 1, 0, 54, 0, 0, 11, 1, 0, 249, 3, 72]
1552551084115;[171, 0, 17, 255, 161, 76, 221, 2, 216, 1, 0, 53, 0, 0, 11, 1, 0, 250, 3, 44]
1552551084116;[171, 0, 17, 255, 161, 76, 221, 2, 216, 1, 0, 56, 0, 0, 11, 1, 0, 245, 3, 5]
1552551084282;[171, 0, 17, 255, 161, 76, 221, 2, 216, 1, 0, 45, 0, 0, 11, 1, 0, 250, 2, 224]
1552551084299;[171, 0, 4, 255, 132, 128, 65]
1552551084466;[171, 0, 17, 255, 161, 76, 221, 2, 216, 1, 0, 45, 0, 0, 10, 1, 0, 254, 2, 237]
1552551084633;[171, 0, 17, 255, 161, 76, 221, 2, 216, 1, 0, 48, 0, 0, 11, 1, 0, 249, 2, 250]
1552551084634;[171, 0, 17, 255, 161, 76, 221, 2, 216, 1, 0, 50, 0, 0, 10, 1, 0, 249, 3, 22]
1552551084800;[171, 0, 17, 255, 161, 76, 221, 2, 217, 1, 0, 46, 0, 0, 10, 1, 0, 254, 3, 38]
1552551084817;[171, 0, 17, 255, 161, 76, 221, 2, 217, 1, 0, 45, 0, 0, 10, 1, 0, 254, 3, 40]
1552551084984;[171, 0, 17, 255, 161, 76, 221, 2, 217, 1, 0, 46, 0, 0, 9, 1, 0, 249, 3, 44]
1552551084985;[171, 0, 17, 255, 161, 76, 221, 2, 217, 1, 0, 51, 0, 0, 9, 1, 0, 249, 3, 35]
1552551085151;[171, 0, 17, 255, 161, 76, 221, 2, 217, 1, 0, 51, 0, 0, 10, 1, 0, 249, 3, 7]
1552551085318;[171, 0, 17, 255, 161, 76, 221, 2, 217, 1, 0, 41, 0, 0, 11, 1, 0, 250, 2, 237]
