1552551170198;[171, 0, 17, 255, 161, 76, 221, 3, 48, 1, 0, 75, 0, 0, 11, 1, 0, 245, 2, 74]
1552551170363;[171, 0, 17, 255, 161, 76, 221, 3, 48, 1, 0, 74, 0, 0, 10, 1, 0, 248, 2, 78]
1552551170364;[171, 0, 17, 255, 161, 76, 221, 3, 48, 1, 0, 74, 0, 0, 9, 1, 0, 249, 2, 74]
1552551170547;[171, 0, 17, 255, 161, 76, 221, 3, 49, 1, 0, 72, 0, 0, 10, 1, 0, 243, 2, 48]
1552551170714;[171, 0, 17, 255, 161, 76, 221, 3, 49, 1, 0, 72, 0, 0, 10, 1, 0, 246, 2, 23]
1552551170715;[171, 0, 17, 255, 161, 76, 221, 3, 49, 1, 0, 73, 0, 0, 9, 1, 0, 245, 1, 246]
1552551170882;[171, 0, 17, 255, 161, 76, 221, 3, 49, 1, 0, 73, 0, 0, 10, 1, 0, 249, 1, 218]
1552551171232;[171, 0, 17, 255, 161, 76, 221, 3, 49, 1, 0, 73, 0, 0, 9, 1, 0, 249, 1, 219]
1552551171399;[171, 0, 17, 255, 161, 76, 221, 3, 49, 1, 0, 73, 0, 0, 9, 1, 0, 243, 1, 249]
1552551171400;[171, 0, 17, 255, 161, 76, 221, 3, 51, 1, 0, 71, 0, 0, 10, 1, 0, 249, 2, 13]
1552551171401;[171, 0, 17, 255, 161, 76, 221, 3, 51, 1, 0, 71, 0, 0, 9, 1, 0, 249, 2, 13]
1552551171401;[171, 0, 17, 255, 161, 76, 221, 3, 51, 1, 0, 71, 0, 0, 10, 1, 0, 245, 2, 1]
1552551171566;[171, 0, 17, 255, 161, 76, 221, 3, 52, 1, 0, 67, 0, 0, 8, 1, 0, 246, 1, 250]
1552551171751;[171, 0, 17, 255, 161, 76, 221, 3, 52, 1, 0, 71, 0, 0, 11, 1, 0, 245, 2, 37]
1552551171918;[171, 0, 17, 255, 161, 76, 221, 3, 52, 1, 0, 65, 0, 0, 10, 1, 0, 248, 2, 80]
1552551171918;[171, 0, 17, 255, 161, 76, 221, 3, 52, 1, 0, 65, 0, 0, 10, 1, 0, 249, 2, 134]
1552551172084;[171, 0, 17, 255, 161, 76, 221, 3, 52, 1, 0, 71, 0, 0, 8, 1, 0, 248, 2, 182]
1552551172102;[171, 0, 17, 255, 161, 76, 221, 3, 52, 1, 0, 67, 0, 0, 10, 1, 0, 248, 2, 222]
1552551172269;[171, 0, 17, 255, 161, 76, 221, 3, 52, 1, 0, 60, 0, 0, 8, 1, 0, 249, 3, 10]
1552551172269;[171, 0, 4, 255, 132, 128, 66]
1552551172603;[171, 0, 17, 255, 161, 76, 221, 3, 52, 1, 0, 65, 0, 0, 10, 1, 0, 246, 3, 32]
1552551172619;[171, 0, 17, 255, 161, 76, 221, 3, 52, 1, 0, 61, 0, 0, 10, 1, 0, 243, 3, 66]
1552551172620;[171, 0, 17, 255, 161, 76, 221, 3, 52, 1, 0, 67, 0, 0, 10, 1, 0, 243, 3, 124]
1552551172787;[171, 0, 17, 255, 161, 76, 221, 3, 53, 1, 0, 67, 0, 0, 9, 1, 0, 248, 3, 181]
1552551174824;[171, 0, 17, 255, 161, 76, 221, 3, 53, 1, 0, 72, 0, 0, 11, 1, 0, 247, 3, 237]
1552551174825;[171, 0, 17, 255, 161, 76, 221, 3, 53, 1, 0, 60, 0, 0, 11, 1, 0, 248, 4, 30]
1552551174826;[171, 0, 17, 255, 161, 76, 221, 3, 53, 1, 0, 61, 0, 0, 8, 1, 0, 246, 4, 81]
1552551174827;[171, 0, 17, 255, 161, 76, 221, 3, 53, 1, 0, 71, 0, 0, 10, 1, 0, 248, 4, 103]
1552551174827;[171, 0, 17, 255, 161, 76, 221, 3, 53, 1, 0, 67, 0, 0, 11, 1, 0, 248, 4, 104]
1552551174828;[171, 0, 17, 255, 161, 76, 221, 3, 53, 1, 0, 65, 0, 0, 8, 1, 0, 249, 4, 99]
1552551174828;[171, 0, 4, 255, 132, 128, 66]
1552551174829;[171, 0, 17, 255, 161, 76, 221, 3, 53, 1, 0, 71, 0, 0, 9, 1, 0, 245, 4, 138]
1552551174830;[171, 0, 17, 255, 161, 76, 221, 3, 53, 1, 0, 67, 0, 0, 9, 1, 0, 249, 4, 170]
1552551174830;[171, 0, 17, 255, 161, 76, 221, 3, 53, 1, 0, 72, 0, 0, 11, 1, 0, 243, 4, 188]
1552551174831;[171, 0, 17, 255, 161, 76, 221, 3, 54, 1, 0, 74, 0, 0, 9, 1, 0, 245, 4, 175]
1552551174831;[171, 0, 17, 255, 161, 76, 221, 3, 54, 1, 0, 71, 0, 0, 9, 1, 0, 249, 4, 143]
1552551174832;[171, 0, 17, 255, 161, 76, 221, 3, 54, 1, 0, 67, 0, 0, 11, 1, 0, 247, 4, 113]
1552551174832;[171, 0, 17, 255, 161, 76, 221, 3, 54, 1, 0, 71, 0, 0, 6, 1, 0, 249, 4, 103]
1552551174833;[171, 0, 17, 255, 161, 76, 221, 3, 54, 1, 0, 71, 0, 0, 10, 1, 0, 247, 4, 102]
1552551174833;[171, 0, 17, 255, 161, 76, 221, 3, 54, 1, 0, 71, 0, 0, 10, 1, 0, 246, 4, 98]
1552551174834;[171, 0, 17, 255, 161, 76, 221, 3, 54, 1, 0, 71, 0, 0, 9, 1, 0, 249, 4, 54]
1552551174834;[171, 0, 4, 255, 132, 128, 66]
1552551174851;[171, 0, 17, 255, 161, 76, 221, 3, 54, 1, 0, 72, 0, 0, 9, 1, 0, 248, 4, 16]
1552551174852;[171, 0, 17, 255, 161, 76, 221, 3, 54, 1, 0, 72, 0, 0, 10, 1, 0, 246, 3, 216]
1552551175026;[171, 0, 17, 255, 161, 76, 221, 3, 54, 1, 0, 67, 0, 0, 9, 1, 0, 246, 3, 135]
1552551175027;[171, 0, 17, 255, 161, 76, 221, 3, 55, 1, 0, 67, 0, 0, 14, 1, 0, 248, 3, 35]
1552551175027;[171, 0, 17, 255, 161, 76, 221, 3, 55, 1, 0, 71, 0, 0, 8, 1, 0, 248, 2, 210]
1552551175193;[171, 0, 17, 255, 161, 76, 221, 3, 55, 1, 0, 65, 0, 0, 8, 1, 0, 246, 2, 177]
1552551175194;[171, 0, 17, 255, 161, 76, 221, 3, 55, 1, 0, 67, 0, 0, 8, 1, 0, 249, 2, 183]
1552551175376;[171, 0, 17, 255, 161, 76, 221, 3, 55, 1, 0, 65, 0, 0, 8, 1, 0, 249, 2, 154]
1552551175377;[171, 0, 17, 255, 161, 76, 221, 3, 55, 1, 0, 67, 0, 0, 11, 1, 0, 246, 2, 137]
1552551175543;[171, 0, 17, 255, 161, 76, 221, 3, 55, 1, 0, 65, 0, 0, 10, 1, 0, 248, 2, 110]
1552551175710;[171, 0, 4, 255, 132, 128, 66]
1552551175712;[171, 0, 17, 255, 161, 76, 221, 3, 55, 1, 0, 67, 0, 0, 9, 1, 0, 248, 2, 95]
1552551175895;[171, 0, 17, 255, 161, 76, 221, 3, 55, 1, 0, 67, 0, 0, 9, 1, 0, 248, 2, 74]
1552551175895;[171, 0, 17, 255, 161, 76, 221, 3, 55, 1, 0, 65, 0, 0, 11, 1, 0, 248, 2, 46]
1552551176229;[171, 0, 17, 255, 161, 76, 221, 3, 56, 1, 0, 67, 0, 0, 6, 1, 0, 249, 2, 48]
1552551176230;[171, 0, 17, 255, 161, 76, 221, 3, 56, 1, 0, 61, 0, 0, 10, 1, 0, 248, 2, 22]
1552551176230;[171, 0, 17, 255, 161, 76, 221, 3, 56, 1, 0, 65, 0, 0, 10, 1, 0, 247, 1, 237]
1552551176413;[171, 0, 17, 255, 161, 76, 221, 3, 56, 1, 0, 65, 0, 0, 11, 1, 0, 246, 1, 210]
1552551176413;[171, 0, 17, 255, 161, 76, 221, 3, 56, 1, 0, 65, 0, 0, 8, 1, 0, 249, 1, 177]
1552551176580;[171, 0, 17, 255, 161, 76, 221, 3, 56, 1, 0, 65, 0, 0, 11, 1, 0, 249, 1, 143]
1552551176581;[171, 0, 17, 255, 161, 76, 221, 3, 56, 1, 0, 65, 0, 0, 10, 1, 0, 246, 1, 136]
1552551176746;[171, 0, 4, 255, 132, 128, 67]
1552551176930;[171, 0, 17, 255, 161, 76, 221, 3, 56, 1, 0, 67, 0, 0, 10, 1, 0, 246, 1, 110]
1552551176931;[171, 0, 17, 255, 161, 76, 221, 3, 56, 1, 0, 65, 0, 0, 11, 1, 0, 249, 1, 85]
1552551177097;[171, 0, 17, 255, 161, 76, 221, 3, 56, 1, 0, 67, 0, 0, 9, 1, 0, 248, 1, 45]
1552551177098;[171, 0, 17, 255, 161, 76, 221, 3, 57, 1, 0, 71, 0, 0, 10, 1, 0, 248, 1, 5]
1552551177265;[171, 0, 17, 255, 161, 76, 221, 3, 57, 1, 0, 71, 0, 0, 9, 1, 0, 248, 16, 195]
1552551177265;[171, 0, 17, 255, 161, 76, 221, 3, 57, 1, 0, 67, 0, 0, 10, 1, 0, 246, 7, 148]
1552551177431;[171, 0, 17, 255, 161, 76, 221, 3, 57, 1, 0, 71, 0, 0, 10, 1, 0, 246, 7, 99]
1552551177616;[171, 0, 17, 255, 161, 76, 221, 3, 57, 1, 0, 67, 0, 0, 10, 1, 0, 248, 7, 64]
1552551177783;[171, 0, 17, 255, 161, 76, 221, 3, 57, 1, 0, 67, 0, 0, 10, 1, 0, 246, 7, 51]
1552551177966;[171, 0, 17, 255, 161, 76, 221, 3, 57, 1, 0, 67, 0, 0, 10, 1, 0, 247, 7, 31]
1552551177967;[171, 0, 4, 255, 132, 128, 67]
1552551177968;[171, 0, 17, 255, 161, 76, 221, 3, 57, 1, 0, 67, 0, 0, 9, 1, 0, 248, 6, 254]
1552551177968;[171, 0, 17, 255, 161, 76, 221, 3, 57, 1, 0, 66, 0, 0, 9, 1, 0, 248, 6, 211]
1552551178133;[171, 0, 17, 255, 161, 76, 221, 3, 57, 1, 0, 71, 0, 0, 10, 1, 0, 249, 6, 172]
1552551178301;[171, 0, 17, 255, 161, 76, 221, 3, 58, 1, 0, 67, 0, 0, 9, 1, 0, 249, 6, 138]
1552551178301;[171, 0, 17, 255, 161, 76, 221, 3, 58, 1, 0, 67, 0, 0, 11, 1, 0, 247, 6, 106]
1552551178468;[171, 0, 17, 255, 161, 76, 221, 3, 58, 1, 0, 67, 0, 0, 9, 1, 0, 249, 6, 106]
1552551178484;[171, 0, 17, 255, 161, 76, 221, 3, 58, 1, 0, 71, 0, 0, 9, 1, 0, 246, 6, 92]
1552551178651;[171, 0, 17, 255, 161, 76, 221, 3, 58, 1, 0, 62, 0, 0, 9, 1, 0, 245, 6, 85]
1552551178819;[171, 0, 17, 255, 161, 76, 221, 3, 58, 1, 0, 65, 0, 0, 11, 1, 0, 246, 6, 71]
1552551178819;[171, 0, 17, 255, 161, 76, 221, 3, 58, 1, 0, 71, 0, 0, 10, 1, 0, 247, 6, 39]
1552551178986;[171, 0, 4, 255, 132, 128, 67]
1552551178987;[171, 0, 17, 255, 161, 76, 221, 3, 58, 1, 0, 67, 0, 0, 9, 1, 0, 246, 6, 25]
1552551179169;[171, 0, 17, 255, 161, 76, 221, 3, 58, 1, 0, 71, 0, 0, 9, 1, 0, 245, 5, 247]
1552551179504;[171, 0, 17, 255, 161, 76, 221, 3, 58, 1, 0, 71, 0, 0, 9, 1, 0, 249, 5, 216]
1552551179520;[171, 0, 17, 255, 161, 76, 221, 3, 59, 1, 0, 65, 0, 0, 9, 1, 0, 248, 5, 202]
1552551179521;[171, 0, 17, 255, 161, 76, 221, 3, 59, 1, 0, 67, 0, 0, 8, 1, 0, 250, 5, 193]
1552551179522;[171, 0, 17, 255, 161, 76, 221, 3, 59, 1, 0, 67, 0, 0, 11, 1, 0, 250, 5, 183]
1552551179688;[171, 0, 17, 255, 161, 76, 221, 3, 59, 1, 0, 71, 0, 0, 11, 1, 0, 249, 5, 158]
1552551179689;[171, 0, 17, 255, 161, 76, 221, 3, 59, 1, 0, 65, 0, 0, 8, 1, 0, 249, 5, 136]
1552551179855;[171, 0, 17, 255, 161, 76, 221, 3, 59, 1, 0, 71, 0, 0, 11, 1, 0, 245, 5, 112]
1552551180205;[171, 0, 17, 255, 161, 76, 221, 3, 59, 1, 0, 67, 0, 0, 10, 1, 0, 245, 5, 104]
1552551180205;[171, 0, 4, 255, 132, 128, 67]
1552551180206;[171, 0, 17, 255, 161, 76, 221, 3, 59, 1, 0, 67, 0, 0, 10, 1, 0, 249, 5, 85]
1552551180207;[171, 0, 17, 255, 161, 76, 221, 3, 59, 1, 0, 71, 0, 0, 10, 1, 0, 249, 5, 57]
1552551180539;[171, 0, 17, 255, 161, 76, 221, 3, 59, 1, 0, 67, 0, 0, 10, 1, 0, 249, 5, 46]
1552551180540;[171, 0, 17, 255, 161, 76, 221, 3, 64, 1, 0, 67, 0, 0, 10, 1, 0, 249, 5, 32]
1552551180555;[171, 0, 17, 255, 161, 76, 221, 3, 64, 1, 0, 62, 0, 0, 11, 1, 0, 246, 5, 23]
1552551181058;[171, 0, 17, 255, 161, 76, 221, 3, 64, 1, 0, 67, 0, 0, 9, 1, 0, 246, 5, 4]
1552551181059;[171, 0, 17, 255, 161, 76, 221, 3, 64, 1, 0, 71, 0, 0, 11, 1, 0, 243, 5, 3]
1552551181074;[171, 0, 17, 255, 161, 76, 221, 3, 64, 1, 0, 65, 0, 0, 10, 1, 0, 249, 5, 2]
1552551181074;[171, 0, 17, 255, 161, 76, 221, 3, 64, 1, 0, 71, 0, 0, 11, 1, 0, 249, 4, 240]
1552551181075;[171, 0, 17, 255, 161, 76, 221, 3, 64, 1, 0, 71, 0, 0, 9, 1, 0, 250, 4, 231]
1552551181075;[171, 0, 4, 255, 132, 128, 68]
1552551181242;[171, 0, 17, 255, 161, 76, 221, 3, 64, 1, 0, 71, 0, 0, 10, 1, 0, 248, 4, 214]
1552551181409;[171, 0, 17, 255, 161, 76, 221, 3, 64, 1, 0, 65, 0, 0, 10, 1, 0, 249, 4, 195]
1552551181409;[171, 0, 17, 255, 161, 76, 221, 3, 64, 1, 0, 71, 0, 0, 8, 1, 0, 249, 4, 188]
1552551181575;[171, 0, 17, 255, 161, 76, 221, 3, 65, 1, 0, 63, 0, 0, 9, 1, 0, 243, 4, 177]
1552551181576;[171, 0, 17, 255, 161, 76, 221, 3, 65, 1, 0, 71, 0, 0, 9, 1, 0, 246, 4, 162]
1552551181759;[171, 0, 17, 255, 161, 76, 221, 3, 65, 1, 0, 71, 0, 0, 9, 1, 0, 249, 4, 146]
1552551181927;[171, 0, 17, 255, 161, 76, 221, 3, 65, 1, 0, 61, 0, 0, 11, 1, 0, 243, 4, 125]
1552551181927;[171, 0, 17, 255, 161, 76, 221, 3, 65, 1, 0, 65, 0, 0, 11, 1, 0, 248, 4, 102]
1552551182093;[171, 0, 17, 255, 161, 76, 221, 3, 65, 1, 0, 67, 0, 0, 10, 1, 0, 248, 4, 70]
1552551182094;[171, 0, 17, 255, 161, 76, 221, 3, 65, 1, 0, 65, 0, 0, 8, 1, 0, 246, 4, 43]
1552551182277;[171, 0, 4, 255, 132, 128, 68]
1552551182278;[171, 0, 17, 255, 161, 76, 221, 3, 65, 1, 0, 71, 0, 0, 11, 1, 0, 246, 4, 35]
1552551182444;[171, 0, 17, 255, 161, 76, 221, 3, 65, 1, 0, 65, 0, 0, 11, 1, 0, 248, 4, 35]
1552551182794;[171, 0, 17, 255, 161, 76, 221, 3, 65, 1, 0, 72, 0, 0, 8, 1, 0, 249, 4, 33]
1552551182795;[171, 0, 17, 255, 161, 76, 221, 3, 66, 1, 0, 71, 0, 0, 10, 1, 0, 246, 4, 34]
1552551182795;[171, 0, 17, 255, 161, 76, 221, 3, 66, 1, 0, 67, 0, 0, 9, 1, 0, 246, 4, 34]
1552551182796;[171, 0, 17, 255, 161, 76, 221, 3, 66, 1, 0, 65, 0, 0, 10, 1, 0, 246, 4, 7]
1552551182962;[171, 0, 17, 255, 161, 76, 221, 3, 66, 1, 0, 67, 0, 0, 11, 1, 0, 246, 3, 224]
1552551182962;[171, 0, 17, 255, 161, 76, 221, 3, 66, 1, 0, 61, 0, 0, 11, 1, 0, 246, 3, 200]
1552551183129;[171, 0, 17, 255, 161, 76, 221, 3, 66, 1, 0, 73, 0, 0, 11, 1, 0, 246, 3, 196]
1552551183297;[171, 0, 17, 255, 161, 76, 221, 3, 66, 1, 0, 71, 0, 0, 8, 1, 0, 248, 3, 220]
1552551183313;[171, 0, 4, 255, 132, 128, 68]
1552551183480;[171, 0, 17, 255, 161, 76, 221, 3, 66, 1, 0, 62, 0, 0, 9, 1, 0, 249, 4, 4]
1552551183481;[171, 0, 17, 255, 161, 76, 221, 3, 66, 1, 0, 61, 0, 0, 9, 1, 0, 246, 4, 55]
1552551183647;[171, 0, 17, 255, 161, 76, 221, 3, 66, 1, 0, 67, 0, 0, 9, 1, 0, 249, 4, 118]
1552551183814;[171, 0, 17, 255, 161, 76, 221, 3, 67, 1, 0, 65, 0, 0, 9, 1, 0, 249, 4, 155]
1552551183831;[171, 0, 17, 255, 161, 76, 221, 3, 67, 1, 0, 65, 0, 0, 9, 1, 0, 250, 4, 197]
1552551183998;[171, 0, 17, 255, 161, 76, 221, 3, 67, 1, 0, 67, 0, 0, 9, 1, 0, 248, 4, 224]
1552551183998;[171, 0, 17, 255, 161, 76, 221, 3, 67, 1, 0, 61, 0, 0, 8, 1, 0, 249, 4, 218]
1552551184164;[171, 0, 17, 255, 161, 76, 221, 3, 67, 1, 0, 67, 0, 0, 10, 1, 0, 248, 4, 237]
1552551184165;[171, 0, 17, 255, 161, 76, 221, 3, 67, 1, 0, 67, 0, 0, 10, 1, 0, 248, 5, 31]
1552551184332;[171, 0, 17, 255, 161, 76, 221, 3, 67, 1, 0, 65, 0, 0, 10, 1, 0, 249, 5, 77]
1552551184515;[171, 0, 4, 255, 132, 128, 68]
1552551184516;[171, 0, 17, 255, 161, 76, 221, 3, 67, 1, 0, 67, 0, 0, 9, 1, 0, 248, 5, 117]
1552551184682;[171, 0, 17, 255, 161, 76, 221, 3, 67, 1, 0, 60, 0, 0, 7, 1, 0, 249, 5, 154]
1552551184683;[171, 0, 17, 255, 161, 76, 221, 3, 67, 1, 0, 67, 0, 0, 10, 1, 0, 245, 5, 171]
1552551184849;[171, 0, 17, 255, 161, 76, 221, 3, 68, 1, 0, 67, 0, 0, 8, 1, 0, 248, 5, 183]
1552551185033;[171, 0, 17, 255, 161, 76, 221, 3, 68, 1, 0, 67, 0, 0, 11, 1, 0, 249, 5, 186]
1552551185034;[171, 0, 17, 255, 161, 76, 221, 3, 68, 1, 0, 67, 0, 0, 10, 1, 0, 249, 5, 187]
1552551185200;[171, 0, 17, 255, 161, 76, 221, 3, 68, 1, 0, 67, 0, 0, 8, 1, 0, 249, 5, 249]
1552551185369;[171, 0, 17, 255, 161, 76, 221, 3, 68, 1, 0, 65, 0, 0, 11, 1, 0, 246, 6, 64]
1552551185384;[171, 0, 17, 255, 161, 76, 221, 3, 68, 1, 0, 71, 0, 0, 8, 1, 0, 243, 6, 116]
1552551185385;[171, 0, 17, 255, 161, 76, 221, 3, 68, 1, 0, 67, 0, 0, 8, 1, 0, 245, 6, 152]
1552551185551;[171, 0, 4, 255, 132, 128, 68]
1552551185719;[171, 0, 17, 255, 161, 76, 221, 3, 68, 1, 0, 72, 0, 0, 10, 1, 0, 248, 6, 184]
1552551185719;[171, 0, 17, 255, 161, 76, 221, 3, 68, 1, 0, 65, 0, 0, 10, 1, 0, 245, 6, 205]
1552551185886;[171, 0, 17, 255, 161, 76, 221, 3, 68, 1, 0, 67, 0, 0, 9, 1, 0, 249, 6, 217]
1552551185886;[171, 0, 17, 255, 161, 76, 221, 3, 69, 1, 0, 67, 0, 0, 8, 1, 0, 248, 6, 215]
1552551186069;[171, 0, 17, 255, 161, 76, 221, 3, 69, 1, 0, 73, 0, 0, 10, 1, 0, 246, 6, 215]
1552551186070;[171, 0, 17, 255, 161, 76, 221, 3, 69, 1, 0, 72, 0, 0, 11, 1, 0, 246, 7, 17]
1552551186236;[171, 0, 17, 255, 161, 76, 221, 3, 69, 1, 0, 72, 0, 0, 10, 1, 0, 245, 7, 46]
1552551186589;[171, 0, 17, 255, 161, 76, 221, 3, 69, 1, 0, 73, 0, 0, 11, 1, 0, 245, 7, 51]
1552551186589;[171, 0, 17, 255, 161, 76, 221, 3, 69, 1, 0, 73, 0, 0, 10, 1, 0, 246, 7, 46]
1552551186756;[171, 0, 17, 255, 161, 76, 221, 3, 69, 1, 0, 73, 0, 0, 11, 1, 0, 246, 7, 39]
1552551186921;[171, 0, 4, 255, 132, 128, 68]
1552551186923;[171, 0, 17, 255, 161, 76, 221, 3, 69, 1, 0, 71, 0, 0, 11, 1, 0, 245, 6, 248]
1552551186923;[171, 0, 17, 255, 161, 76, 221, 3, 69, 1, 0, 72, 0, 0, 11, 1, 0, 254, 6, 177]
1552551186942;[171, 0, 17, 255, 161, 76, 221, 3, 69, 1, 0, 58, 0, 0, 10, 1, 0, 245, 6, 78]
1552551187105;[171, 0, 17, 255, 161, 76, 221, 3, 70, 1, 0, 72, 0, 0, 9, 1, 0, 245, 5, 229]
1552551187106;[171, 0, 17, 255, 161, 76, 221, 3, 70, 1, 0, 73, 0, 0, 9, 1, 0, 242, 5, 218]
1552551187273;[171, 0, 17, 255, 161, 76, 221, 3, 70, 1, 0, 65, 0, 0, 9, 1, 0, 249, 6, 9]
1552551187273;[171, 0, 17, 255, 161, 76, 221, 3, 70, 1, 0, 67, 0, 0, 11, 1, 0, 255, 6, 23]
1552551187441;[171, 0, 17, 255, 161, 76, 221, 3, 70, 1, 0, 72, 0, 0, 7, 1, 0, 248, 6, 4]
1552551187623;[171, 0, 17, 255, 161, 76, 221, 3, 70, 1, 0, 72, 0, 0, 8, 1, 0, 242, 5, 231]
1552551187624;[171, 0, 17, 255, 161, 76, 221, 3, 70, 1, 0, 73, 0, 0, 16, 1, 0, 248, 5, 226]
1552551187791;[171, 0, 4, 255, 132, 128, 68]
1552551187792;[171, 0, 17, 255, 161, 76, 221, 3, 70, 1, 0, 73, 0, 0, 8, 1, 0, 249, 5, 217]
1552551187958;[171, 0, 17, 255, 161, 76, 221, 3, 70, 1, 0, 68, 0, 0, 8, 1, 0, 245, 5, 192]
1552551187958;[171, 0, 17, 255, 161, 76, 221, 3, 70, 1, 0, 72, 0, 0, 10, 1, 0, 246, 5, 183]
1552551188142;[171, 0, 17, 255, 161, 76, 221, 3, 71, 1, 0, 73, 0, 0, 10, 1, 0, 242, 5, 184]
1552551188309;[171, 0, 17, 255, 161, 76, 221, 3, 71, 1, 0, 66, 0, 0, 10, 1, 0, 254, 5, 249]
1552551188309;[171, 0, 17, 255, 161, 76, 221, 3, 71, 1, 0, 71, 0, 0, 11, 1, 0, 245, 6, 38]
1552551188476;[171, 0, 17, 255, 161, 76, 221, 3, 71, 1, 0, 74, 0, 0, 11, 1, 0, 244, 6, 45]
1552551188476;[171, 0, 17, 255, 161, 76, 221, 3, 71, 1, 0, 73, 0, 0, 11, 1, 0, 246, 6, 71]
1552551188827;[171, 0, 17, 255, 161, 76, 221, 3, 71, 1, 0, 72, 0, 0, 10, 1, 0, 243, 6, 69]
1552551188828;[171, 0, 17, 255, 161, 76, 221, 3, 71, 1, 0, 72, 0, 0, 9, 1, 0, 245, 6, 69]
1552551188828;[171, 0, 4, 255, 132, 128, 68]
1552551188994;[171, 0, 17, 255, 161, 76, 221, 3, 71, 1, 0, 73, 0, 0, 11, 1, 0, 246, 6, 55]
1552551188994;[171, 0, 17, 255, 161, 76, 221, 3, 71, 1, 0, 72, 0, 0, 11, 1, 0, 246, 6, 40]
1552551189177;[171, 0, 17, 255, 161, 76, 221, 3, 71, 1, 0, 72, 0, 0, 9, 1, 0, 243, 6, 31]
1552551189178;[171, 0, 17, 255, 161, 76, 221, 3, 72, 1, 0, 67, 0, 0, 11, 1, 0, 245, 6, 73]
1552551189345;[171, 0, 17, 255, 161, 76, 221, 3, 72, 1, 0, 71, 0, 0, 11, 1, 0, 249, 6, 125]
1552551189512;[171, 0, 17, 255, 161, 76, 221, 3, 72, 1, 0, 73, 0, 0, 10, 1, 0, 246, 6, 146]
1552551189513;[171, 0, 17, 255, 161, 76, 221, 3, 72, 1, 0, 71, 0, 0, 11, 1, 0, 246, 6, 170]
1552551189696;[171, 0, 17, 255, 161, 76, 221, 3, 72, 1, 0, 72, 0, 0, 11, 1, 0, 246, 6, 184]
1552551189696;[171, 0, 17, 255, 161, 76, 221, 3, 72, 1, 0, 73, 0, 0, 9, 1, 0, 249, 6, 176]
1552551189863;[171, 0, 17, 255, 161, 76, 221, 3, 72, 1, 0, 73, 0, 0, 11, 1, 0, 247, 6, 164]
1552551189864;[171, 0, 4, 255, 132, 128, 68]
1552551190030;[171, 0, 17, 255, 161, 76, 221, 3, 72, 1, 0, 71, 0, 0, 9, 1, 0, 246, 6, 153]
1552551190197;[171, 0, 17, 255, 161, 76, 221, 3, 72, 1, 0, 71, 0, 0, 10, 1, 0, 248, 6, 127]
1552551190213;[171, 0, 17, 255, 161, 76, 221, 3, 72, 1, 0, 73, 0, 0, 10, 1, 0, 245, 6, 124]
1552551190381;[171, 0, 17, 255, 161, 76, 221, 3, 73, 1, 0, 71, 0, 0, 11, 1, 0, 248, 6, 167]
1552551190382;[171, 0, 17, 255, 161, 76, 221, 3, 73, 1, 0, 73, 0, 0, 11, 1, 0, 245, 6, 204]
1552551190549;[171, 0, 17, 255, 161, 76, 221, 3, 73, 1, 0, 73, 0, 0, 8, 1, 0, 246, 6, 225]
1552551190715;[171, 0, 17, 255, 161, 76, 221, 3, 73, 1, 0, 73, 0, 0, 8, 1, 0, 245, 6, 245]
1552551190732;[171, 0, 17, 255, 161, 76, 221, 3, 73, 1, 0, 73, 0, 0, 10, 1, 0, 249, 6, 241]
1552551190899;[171, 0, 17, 255, 161, 76, 221, 3, 73, 1, 0, 73, 0, 0, 11, 1, 0, 249, 6, 220]
1552551191066;[171, 0, 17, 255, 161, 76, 221, 3, 73, 1, 0, 71, 0, 0, 9, 1, 0, 246, 6, 207]
1552551191067;[171, 0, 4, 255, 132, 128, 69]
1552551191068;[171, 0, 17, 255, 161, 76, 221, 3, 73, 1, 0, 72, 0, 0, 10, 1, 0, 245, 6, 188]
1552551191232;[171, 0, 17, 255, 161, 76, 221, 3, 73, 1, 0, 73, 0, 0, 11, 1, 0, 249, 6, 173]
1552551191583;[171, 0, 17, 255, 161, 76, 221, 3, 73, 1, 0, 71, 0, 0, 9, 1, 0, 248, 6, 178]
1552551191584;[171, 0, 17, 255, 161, 76, 221, 3, 74, 1, 0, 67, 0, 0, 10, 1, 0, 248, 6, 214]
1552551191585;[171, 0, 17, 255, 161, 76, 221, 3, 74, 1, 0, 72, 0, 0, 8, 1, 0, 248, 6, 216]
1552551191585;[171, 0, 17, 255, 161, 76, 221, 3, 74, 1, 0, 73, 0, 0, 10, 1, 0, 248, 6, 216]
1552551191751;[171, 0, 17, 255, 161, 76, 221, 3, 74, 1, 0, 72, 0, 0, 10, 1, 0, 249, 6, 219]
1552551191751;[171, 0, 17, 255, 161, 76, 221, 3, 74, 1, 0, 66, 0, 0, 10, 1, 0, 246, 6, 211]
1552551192101;[171, 0, 17, 255, 161, 76, 221, 3, 74, 1, 0, 71, 0, 0, 9, 1, 0, 249, 6, 209]
1552551192102;[171, 0, 17, 255, 161, 76, 221, 3, 74, 1, 0, 67, 0, 0, 8, 1, 0, 247, 6, 188]
1552551192102;[171, 0, 4, 255, 132, 128, 68]
1552551192268;[171, 0, 17, 255, 161, 76, 221, 3, 74, 1, 0, 71, 0, 0, 11, 1, 0, 246, 6, 189]
1552551192269;[171, 0, 17, 255, 161, 76, 221, 3, 74, 1, 0, 71, 0, 0, 7, 1, 0, 249, 6, 205]
1552551192452;[171, 0, 17, 255, 161, 76, 221, 3, 74, 1, 0, 67, 0, 0, 9, 1, 0, 249, 6, 201]
1552551192619;[171, 0, 17, 255, 161, 76, 221, 3, 75, 1, 0, 62, 0, 0, 10, 1, 0, 247, 6, 187]
1552551192620;[171, 0, 17, 255, 161, 76, 221, 3, 75, 1, 0, 71, 0, 0, 11, 1, 0, 251, 6, 178]
1552551192787;[171, 0, 17, 255, 161, 76, 221, 3, 75, 1, 0, 67, 0, 0, 10, 1, 0, 245, 6, 146]
1552551192788;[171, 0, 17, 255, 161, 76, 221, 3, 75, 1, 0, 67, 0, 0, 10, 1, 0, 245, 6, 122]
1552551192971;[171, 0, 17, 255, 161, 76, 221, 3, 75, 1, 0, 67, 0, 0, 10, 1, 0, 248, 6, 94]
1552551192971;[171, 0, 17, 255, 161, 76, 221, 3, 75, 1, 0, 71, 0, 0, 10, 1, 0, 248, 6, 138]
1552551193305;[171, 0, 17, 255, 161, 76, 221, 3, 77, 1, 0, 71, 0, 0, 9, 1, 0, 248, 6, 149]
1552551193305;[171, 0, 17, 255, 161, 76, 221, 3, 77, 1, 0, 65, 0, 0, 11, 1, 0, 245, 6, 104]
1552551193489;[171, 0, 17, 255, 161, 76, 221, 3, 77, 1, 0, 71, 0, 0, 9, 1, 0, 246, 6, 70]
1552551193655;[171, 0, 17, 255, 161, 76, 221, 3, 78, 1, 0, 65, 0, 0, 11, 1, 0, 248, 6, 22]
1552551193822;[171, 0, 17, 255, 161, 76, 221, 3, 78, 1, 0, 71, 0, 0, 10, 1, 0, 246, 6, 6]
1552551193823;[171, 0, 17, 255, 161, 76, 221, 3, 78, 1, 0, 61, 0, 0, 11, 1, 0, 248, 6, 19]
1552551194006;[171, 0, 17, 255, 161, 76, 221, 3, 78, 1, 0, 71, 0, 0, 11, 1, 0, 246, 6, 20]
1552551194006;[171, 0, 17, 255, 161, 76, 221, 3, 78, 1, 0, 67, 0, 0, 7, 1, 0, 248, 6, 8]
1552551194173;[171, 0, 17, 255, 161, 76, 221, 3, 78, 1, 0, 65, 0, 0, 10, 1, 0, 248, 5, 242]
1552551194174;[171, 0, 17, 255, 161, 76, 221, 3, 78, 1, 0, 67, 0, 0, 10, 1, 0, 245, 5, 206]
1552551194341;[171, 0, 4, 255, 132, 128, 68]
1552551194524;[171, 0, 17, 255, 161, 76, 221, 3, 78, 1, 0, 63, 0, 0, 10, 1, 0, 249, 5, 164]
1552551194525;[171, 0, 17, 255, 161, 76, 221, 3, 78, 1, 0, 61, 0, 0, 10, 1, 0, 249, 5, 120]
1552551194859;[171, 0, 17, 255, 161, 76, 221, 3, 78, 1, 0, 60, 0, 0, 10, 1, 0, 249, 5, 81]
1552551194860;[171, 0, 17, 255, 161, 76, 221, 3, 79, 1, 0, 67, 0, 0, 9, 1, 0, 249, 5, 33]
1552551194860;[171, 0, 17, 255, 161, 76, 221, 3, 79, 1, 0, 71, 0, 0, 10, 1, 0, 249, 5, 6]
1552551194875;[171, 0, 17, 255, 161, 76, 221, 3, 79, 1, 0, 61, 0, 0, 11, 1, 0, 246, 4, 255]
1552551195042;[171, 0, 17, 255, 161, 76, 221, 3, 79, 1, 0, 71, 0, 0, 9, 1, 0, 249, 4, 247]
1552551195210;[171, 0, 17, 255, 161, 76, 221, 3, 79, 1, 0, 67, 0, 0, 9, 1, 0, 245, 4, 229]
1552551195211;[171, 0, 17, 255, 161, 76, 221, 3, 79, 1, 0, 60, 0, 0, 8, 1, 0, 249, 4, 212]
1552551195376;[171, 0, 17, 255, 161, 76, 221, 3, 79, 1, 0, 67, 0, 0, 9, 1, 0, 248, 4, 191]
1552551195377;[171, 0, 4, 255, 132, 128, 68]
1552551195560;[171, 0, 17, 255, 161, 76, 221, 3, 79, 1, 0, 67, 0, 0, 10, 1, 0, 249, 4, 150]
1552551195728;[171, 0, 17, 255, 161, 76, 221, 3, 79, 1, 0, 67, 0, 0, 10, 1, 0, 246, 4, 116]
1552551195729;[171, 0, 17, 255, 161, 76, 221, 3, 79, 1, 0, 63, 0, 0, 11, 1, 0, 249, 4, 82]
1552551195894;[171, 0, 17, 255, 161, 76, 221, 3, 80, 1, 0, 67, 0, 0, 8, 1, 0, 248, 4, 33]
1552551195894;[171, 0, 17, 255, 161, 76, 221, 3, 80, 1, 0, 71, 0, 0, 9, 1, 0, 248, 3, 255]
1552551196078;[171, 0, 17, 255, 161, 76, 221, 3, 80, 1, 0, 71, 0, 0, 10, 1, 0, 246, 3, 244]
1552551196078;[171, 0, 17, 255, 161, 76, 221, 3, 80, 1, 0, 71, 0, 0, 10, 1, 0, 249, 3, 225]
1552551196245;[171, 0, 17, 255, 161, 76, 221, 3, 80, 1, 0, 67, 0, 0, 11, 1, 0, 249, 3, 204]
1552551196412;[171, 0, 17, 255, 161, 76, 221, 3, 80, 1, 0, 71, 0, 0, 10, 1, 0, 246, 3, 180]
1552551196412;[171, 0, 17, 255, 161, 76, 221, 3, 80, 1, 0, 61, 0, 0, 10, 1, 0, 249, 3, 146]
1552551196578;[171, 0, 4, 255, 132, 128, 68]
1552551196599;[171, 0, 17, 255, 161, 76, 221, 3, 80, 1, 0, 67, 0, 0, 9, 1, 0, 248, 3, 117]
1552551196763;[171, 0, 17, 255, 161, 76, 221, 3, 80, 1, 0, 63, 0, 0, 9, 1, 0, 246, 3, 80]
1552551196763;[171, 0, 17, 255, 161, 76, 221, 3, 80, 1, 0, 65, 0, 0, 10, 1, 0, 249, 3, 39]
1552551196930;[171, 0, 17, 255, 161, 76, 221, 3, 81, 1, 0, 71, 0, 0, 11, 1, 0, 245, 2, 254]
1552551197097;[171, 0, 17, 255, 161, 76, 221, 3, 81, 1, 0, 67, 0, 0, 10, 1, 0, 245, 2, 223]
1552551197113;[171, 0, 17, 255, 161, 76, 221, 3, 81, 1, 0, 66, 0, 0, 10, 1, 0, 245, 2, 205]
1552551197281;[171, 0, 17, 255, 161, 76, 221, 3, 81, 1, 0, 71, 0, 0, 10, 1, 0, 248, 2, 205]
1552551197281;[171, 0, 17, 255, 161, 76, 221, 3, 81, 1, 0, 71, 0, 0, 8, 1, 0, 248, 2, 184]
1552551197615;[171, 0, 17, 255, 161, 76, 221, 3, 81, 1, 0, 72, 0, 0, 10, 1, 0, 248, 2, 171]
1552551197632;[171, 0, 17, 255, 161, 76, 221, 3, 81, 1, 0, 71, 0, 0, 10, 1, 0, 249, 2, 152]
1552551197633;[171, 0, 4, 255, 132, 128, 68]
1552551197799;[171, 0, 17, 255, 161, 76, 221, 3, 81, 1, 0, 67, 0, 0, 10, 1, 0, 248, 2, 133]
1552551197799;[171, 0, 17, 255, 161, 76, 221, 3, 81, 1, 0, 71, 0, 0, 11, 1, 0, 249, 2, 105]
1552551197966;[171, 0, 17, 255, 161, 76, 221, 3, 81, 1, 0, 61, 0, 0, 9, 1, 0, 248, 2, 85]
1552551197966;[171, 0, 17, 255, 161, 76, 221, 3, 82, 1, 0, 66, 0, 0, 11, 1, 0, 246, 2, 51]
1552551198132;[171, 0, 17, 255, 161, 76, 221, 3, 82, 1, 0, 67, 0, 0, 11, 1, 0, 246, 2, 36]
1552551198316;[171, 0, 17, 255, 161, 76, 221, 3, 82, 1, 0, 62, 0, 0, 9, 1, 0, 250, 2, 10]
1552551198317;[171, 0, 17, 255, 161, 76, 221, 3, 82, 1, 0, 67, 0, 0, 10, 1, 0, 246, 2, 21]
1552551198483;[171, 0, 17, 255, 161, 76, 221, 3, 82, 1, 0, 65, 0, 0, 9, 1, 0, 248, 2, 8]
1552551198483;[171, 0, 17, 255, 161, 76, 221, 3, 82, 1, 0, 67, 0, 0, 9, 1, 0, 249, 2, 23]
1552551198651;[171, 0, 17, 255, 161, 76, 221, 3, 82, 1, 0, 61, 0, 0, 9, 1, 0, 248, 2, 24]
1552551198667;[171, 0, 4, 255, 132, 128, 67]
1552551198835;[171, 0, 17, 255, 161, 76, 221, 3, 82, 1, 0, 71, 0, 0, 11, 1, 0, 246, 2, 16]
1552551199002;[171, 0, 17, 255, 161, 76, 221, 3, 82, 1, 0, 69, 0, 0, 10, 1, 0, 246, 2, 12]
1552551199002;[171, 0, 17, 255, 161, 76, 221, 3, 82, 1, 0, 67, 0, 0, 10, 1, 0, 249, 1, 253]
1552551199170;[171, 0, 17, 255, 161, 76, 221, 3, 83, 1, 0, 73, 0, 0, 10, 1, 0, 249, 1, 234]
1552551199170;[171, 0, 17, 255, 161, 76, 221, 3, 83, 1, 0, 63, 0, 0, 10, 1, 0, 246, 1, 216]
1552551199353;[171, 0, 17, 255, 161, 76, 221, 3, 83, 1, 0, 61, 0, 0, 10, 1, 0, 248, 1, 212]
1552551199519;[171, 0, 17, 255, 161, 76, 221, 3, 83, 1, 0, 71, 0, 0, 10, 1, 0, 249, 1, 221]
1552551199520;[171, 0, 17, 255, 161, 76, 221, 3, 83, 1, 0, 71, 0, 0, 10, 1, 0, 248, 1, 249]
1552551199686;[171, 0, 17, 255, 161, 76, 221, 3, 83, 1, 0, 61, 0, 0, 9, 1, 0, 249, 2, 3]
1552551199687;[171, 0, 17, 255, 161, 76, 221, 3, 83, 1, 0, 71, 0, 0, 11, 1, 0, 249, 2, 23]
1552551199870;[171, 0, 4, 255, 132, 128, 67]
1552551199871;[171, 0, 17, 255, 161, 76, 221, 3, 83, 1, 0, 61, 0, 0, 11, 1, 0, 250, 2, 24]
1552551200038;[171, 0, 17, 255, 161, 76, 221, 3, 83, 1, 0, 67, 0, 0, 9, 1, 0, 246, 2, 20]
1552551200205;[171, 0, 17, 255, 161, 76, 221, 3, 83, 1, 0, 71, 0, 0, 9, 1, 0, 245, 2, 33]
1552551200205;[171, 0, 17, 255, 161, 76, 221, 3, 84, 1, 0, 71, 0, 0, 10, 1, 0, 248, 2, 15]
1552551200389;[171, 0, 17, 255, 161, 76, 221, 3, 84, 1, 0, 67, 0, 0, 10, 1, 0, 246, 2, 2]
1552551200390;[171, 0, 17, 255, 161, 76, 221, 3, 84, 1, 0, 61, 0, 0, 9, 1, 0, 249, 2, 24]
1552551200556;[171, 0, 17, 255, 161, 76, 221, 3, 84, 1, 0, 71, 0, 0, 10, 1, 0, 248, 2, 64]
1552551200907;[171, 0, 17, 255, 161, 76, 221, 3, 84, 1, 0, 66, 0, 0, 9, 1, 0, 248, 2, 83]
1552551200908;[171, 0, 17, 255, 161, 76, 221, 3, 84, 1, 0, 71, 0, 0, 11, 1, 0, 246, 2, 109]
1552551200909;[171, 0, 17, 255, 161, 76, 221, 3, 84, 1, 0, 60, 0, 0, 8, 1, 0, 249, 2, 126]
1552551200909;[171, 0, 4, 255, 132, 128, 66]
1552551201074;[171, 0, 17, 255, 161, 76, 221, 3, 84, 1, 0, 67, 0, 0, 10, 1, 0, 248, 2, 146]
1552551201075;[171, 0, 17, 255, 161, 76, 221, 3, 84, 1, 0, 67, 0, 0, 10, 1, 0, 249, 2, 156]
1552551201424;[171, 0, 17, 255, 161, 76, 221, 3, 84, 1, 0, 61, 0, 0, 10, 1, 0, 246, 2, 162]
1552551201425;[171, 0, 17, 255, 161, 76, 221, 3, 85, 1, 0, 71, 0, 0, 11, 1, 0, 248, 2, 152]
1552551201426;[171, 0, 17, 255, 161, 76, 221, 3, 85, 1, 0, 67, 0, 0, 9, 1, 0, 248, 2, 156]
1552551201592;[171, 0, 17, 255, 161, 76, 221, 3, 85, 1, 0, 67, 0, 0, 11, 1, 0, 248, 2, 206]
1552551201592;[171, 0, 17, 255, 161, 76, 221, 3, 85, 1, 0, 67, 0, 0, 8, 1, 0, 249, 2, 254]
1552551201759;[171, 0, 17, 255, 161, 76, 221, 3, 85, 1, 0, 67, 0, 0, 10, 1, 0, 246, 3, 57]
1552551201759;[171, 0, 17, 255, 161, 76, 221, 3, 85, 1, 0, 68, 0, 0, 9, 1, 0, 248, 3, 92]
1552551201943;[171, 0, 17, 255, 161, 76, 221, 3, 85, 1, 0, 71, 0, 0, 11, 1, 0, 249, 3, 108]
1552551202110;[171, 0, 4, 255, 132, 128, 66]
1552551202111;[171, 0, 17, 255, 161, 76, 221, 3, 85, 1, 0, 62, 0, 0, 9, 1, 0, 246, 3, 105]
1552551202277;[171, 0, 17, 255, 161, 76, 221, 3, 85, 1, 0, 65, 0, 0, 8, 1, 0, 249, 3, 90]
1552551202278;[171, 0, 17, 255, 161, 76, 221, 3, 85, 1, 0, 65, 0, 0, 10, 1, 0, 246, 3, 83]
1552551202461;[171, 0, 17, 255, 161, 76, 221, 3, 86, 1, 0, 67, 0, 0, 11, 1, 0, 249, 3, 98]
1552551202628;[171, 0, 17, 255, 161, 76, 221, 3, 86, 1, 0, 66, 0, 0, 11, 1, 0, 249, 3, 162]
1552551202628;[171, 0, 17, 255, 161, 76, 221, 3, 86, 1, 0, 61, 0, 0, 11, 1, 0, 248, 3, 214]
1552551202794;[171, 0, 17, 255, 161, 76, 221, 3, 86, 1, 0, 65, 0, 0, 9, 1, 0, 246, 3, 241]
1552551202795;[171, 0, 17, 255, 161, 76, 221, 3, 86, 1, 0, 67, 0, 0, 9, 1, 0, 246, 4, 10]
1552551202962;[171, 0, 17, 255, 161, 76, 221, 3, 86, 1, 0, 71, 0, 0, 11, 1, 0, 246, 4, 19]
1552551202979;[171, 0, 17, 255, 161, 76, 221, 3, 86, 1, 0, 61, 0, 0, 9, 1, 0, 248, 4, 8]
1552551203145;[171, 0, 4, 255, 132, 128, 65]
1552551203313;[171, 0, 17, 255, 161, 76, 221, 3, 86, 1, 0, 65, 0, 0, 9, 1, 0, 248, 3, 247]
1552551203314;[171, 0, 17, 255, 161, 76, 221, 3, 86, 1, 0, 65, 0, 0, 9, 1, 0, 249, 3, 227]
1552551203480;[171, 0, 17, 255, 161, 76, 221, 3, 86, 1, 0, 65, 0, 0, 11, 1, 0, 246, 3, 203]
1552551203497;[171, 0, 17, 255, 161, 76, 221, 3, 87, 1, 0, 62, 0, 0, 10, 1, 0, 248, 3, 210]
1552551203664;[171, 0, 17, 255, 161, 76, 221, 3, 87, 1, 0, 60, 0, 0, 9, 1, 0, 247, 4, 19]
1552551203664;[171, 0, 17, 255, 161, 76, 221, 3, 87, 1, 0, 64, 0, 0, 10, 1, 0, 249, 4, 54]
1552551203831;[171, 0, 17, 255, 161, 76, 221, 3, 87, 1, 0, 67, 0, 0, 8, 1, 0, 248, 4, 80]
1552551203998;[171, 0, 17, 255, 161, 76, 221, 3, 87, 1, 0, 67, 0, 0, 10, 1, 0, 249, 4, 94]
1552551204015;[171, 0, 17, 255, 161, 76, 221, 3, 87, 1, 0, 69, 0, 0, 10, 1, 0, 248, 4, 89]
1552551204182;[171, 0, 17, 255, 161, 76, 221, 3, 87, 1, 0, 62, 0, 0, 10, 1, 0, 246, 4, 83]
1552551204182;[171, 0, 4, 255, 132, 128, 65]
1552551204349;[171, 0, 17, 255, 161, 76, 221, 3, 87, 1, 0, 60, 0, 0, 11, 1, 0, 243, 4, 67]
1552551204515;[171, 0, 17, 255, 161, 76, 221, 3, 87, 1, 0, 71, 0, 0, 10, 1, 0, 249, 4, 49]
1552551204516;[171, 0, 17, 255, 161, 76, 221, 3, 87, 1, 0, 65, 0, 0, 11, 1, 0, 248, 4, 26]
1552551204699;[171, 0, 17, 255, 161, 76, 221, 3, 88, 1, 0, 67, 0, 0, 8, 1, 0, 246, 4, 4]
1552551204700;[171, 0, 17, 255, 161, 76, 221, 3, 88, 1, 0, 59, 0, 0, 10, 1, 0, 246, 4, 36]
1552551204866;[171, 0, 17, 255, 161, 76, 221, 3, 88, 1, 0, 61, 0, 0, 10, 1, 0, 246, 4, 84]
1552551204866;[171, 0, 17, 255, 161, 76, 221, 3, 88, 1, 0, 67, 0, 0, 11, 1, 0, 247, 4, 115]
1552551205034;[171, 0, 17, 255, 161, 76, 221, 3, 88, 1, 0, 65, 0, 0, 11, 1, 0, 249, 4, 133]
1552551205217;[171, 0, 17, 255, 161, 76, 221, 3, 88, 1, 0, 61, 0, 0, 10, 1, 0, 249, 4, 143]
1552551205218;[171, 0, 17, 255, 161, 76, 221, 3, 88, 1, 0, 67, 0, 0, 8, 1, 0, 249, 4, 133]
1552551205384;[171, 0, 4, 255, 132, 128, 64]
1552551205385;[171, 0, 17, 255, 161, 76, 221, 3, 88, 1, 0, 67, 0, 0, 10, 1, 0, 249, 4, 125]
1552551205735;[171, 0, 17, 255, 161, 76, 221, 3, 88, 1, 0, 61, 0, 0, 10, 1, 0, 246, 4, 99]
1552551205736;[171, 0, 17, 255, 161, 76, 221, 3, 88, 1, 0, 65, 0, 0, 8, 1, 0, 248, 4, 74]
1552551205902;[171, 0, 17, 255, 161, 76, 221, 3, 89, 1, 0, 60, 0, 0, 10, 1, 0, 246, 4, 41]
1552551205903;[171, 0, 17, 255, 161, 76, 221, 3, 89, 1, 0, 61, 0, 0, 10, 1, 0, 249, 4, 20]
1552551205904;[171, 0, 17, 255, 161, 76, 221, 3, 89, 1, 0, 71, 0, 0, 11, 1, 0, 246, 4, 56]
1552551206069;[171, 0, 17, 255, 161, 76, 221, 3, 89, 1, 0, 62, 0, 0, 11, 1, 0, 246, 4, 78]
1552551206070;[171, 0, 17, 255, 161, 76, 221, 3, 89, 1, 0, 60, 0, 0, 10, 1, 0, 247, 4, 85]
1552551206253;[171, 0, 17, 255, 161, 76, 221, 3, 89, 1, 0, 61, 0, 0, 10, 1, 0, 245, 4, 100]
1552551206420;[171, 0, 17, 255, 161, 76, 221, 3, 89, 1, 0, 61, 0, 0, 10, 1, 0, 249, 4, 92]
1552551206421;[171, 0, 4, 255, 132, 128, 64]
1552551206588;[171, 0, 17, 255, 161, 76, 221, 3, 89, 1, 0, 67, 0, 0, 10, 1, 0, 248, 4, 65]
1552551206588;[171, 0, 17, 255, 161, 76, 221, 3, 89, 1, 0, 67, 0, 0, 10, 1, 0, 249, 4, 43]
1552551206938;[171, 0, 17, 255, 161, 76, 221, 3, 89, 1, 0, 63, 0, 0, 10, 1, 0, 246, 4, 16]
1552551206939;[171, 0, 17, 255, 161, 76, 221, 3, 90, 1, 0, 60, 0, 0, 9, 1, 0, 246, 3, 237]
1552551206939;[171, 0, 17, 255, 161, 76, 221, 3, 90, 1, 0, 67, 0, 0, 11, 1, 0, 248, 3, 196]
1552551207105;[171, 0, 17, 255, 161, 76, 221, 3, 90, 1, 0, 65, 0, 0, 11, 1, 0, 246, 3, 164]
1552551207106;[171, 0, 17, 255, 161, 76, 221, 3, 90, 1, 0, 61, 0, 0, 9, 1, 0, 248, 3, 160]
1552551207289;[171, 0, 17, 255, 161, 76, 221, 3, 90, 1, 0, 67, 0, 0, 9, 1, 0, 245, 3, 186]
1552551207289;[171, 0, 17, 255, 161, 76, 221, 3, 90, 1, 0, 60, 0, 0, 9, 1, 0, 249, 3, 200]
1552551207456;[171, 0, 17, 255, 161, 76, 221, 3, 90, 1, 0, 63, 0, 0, 11, 1, 0, 249, 3, 214]
1552551207623;[171, 0, 4, 255, 132, 128, 64]
1552551207625;[171, 0, 17, 255, 161, 76, 221, 3, 90, 1, 0, 71, 0, 0, 9, 1, 0, 249, 3, 222]
1552551207807;[171, 0, 17, 255, 161, 76, 221, 3, 90, 1, 0, 61, 0, 0, 8, 1, 0, 249, 3, 210]
1552551207808;[171, 0, 17, 255, 161, 76, 221, 3, 90, 1, 0, 60, 0, 0, 10, 1, 0, 246, 3, 197]
1552551207974;[171, 0, 17, 255, 161, 76, 221, 3, 91, 1, 0, 62, 0, 0, 10, 1, 0, 249, 3, 173]
1552551207975;[171, 0, 17, 255, 161, 76, 221, 3, 91, 1, 0, 62, 0, 0, 11, 1, 0, 249, 3, 155]
1552551208141;[171, 0, 17, 255, 161, 76, 221, 3, 91, 1, 0, 61, 0, 0, 11, 1, 0, 243, 3, 122]
1552551208325;[171, 0, 17, 255, 161, 76, 221, 3, 91, 1, 0, 65, 0, 0, 7, 1, 0, 248, 3, 83]
1552551208325;[171, 0, 17, 255, 161, 76, 221, 3, 91, 1, 0, 71, 0, 0, 10, 1, 0, 249, 3, 48]
1552551208492;[171, 0, 17, 255, 161, 76, 221, 3, 91, 1, 0, 65, 0, 0, 10, 1, 0, 246, 3, 63]
1552551208493;[171, 0, 17, 255, 161, 76, 221, 3, 91, 1, 0, 65, 0, 0, 8, 1, 0, 246, 3, 77]
1552551208659;[171, 0, 4, 255, 132, 128, 64]
1552551208660;[171, 0, 17, 255, 161, 76, 221, 3, 91, 1, 0, 60, 0, 0, 9, 1, 0, 249, 3, 82]
1552551208826;[171, 0, 17, 255, 161, 76, 221, 3, 91, 1, 0, 67, 0, 0, 9, 1, 0, 249, 3, 94]
1552551209010;[171, 0, 17, 255, 161, 76, 221, 3, 91, 1, 0, 67, 0, 0, 11, 1, 0, 249, 3, 97]
1552551209011;[171, 0, 17, 255, 161, 76, 221, 3, 92, 1, 0, 67, 0, 0, 11, 1, 0, 247, 3, 88]
1552551209177;[171, 0, 17, 255, 161, 76, 221, 3, 92, 1, 0, 67, 0, 0, 10, 1, 0, 248, 3, 70]
1552551209178;[171, 0, 17, 255, 161, 76, 221, 3, 92, 1, 0, 71, 0, 0, 10, 1, 0, 247, 3, 51]
1552551209344;[171, 0, 17, 255, 161, 76, 221, 3, 92, 1, 0, 62, 0, 0, 15, 1, 0, 249, 3, 29]
1552551209695;[171, 0, 17, 255, 161, 76, 221, 3, 92, 1, 0, 71, 0, 0, 11, 1, 0, 249, 3, 18]
1552551209696;[171, 0, 17, 255, 161, 76, 221, 3, 92, 1, 0, 62, 0, 0, 11, 1, 0, 246, 3, 50]
1552551209696;[171, 0, 17, 255, 161, 76, 221, 3, 92, 1, 0, 61, 0, 0, 9, 1, 0, 249, 3, 69]
1552551209697;[171, 0, 4, 255, 132, 128, 63]
1552551209862;[171, 0, 17, 255, 161, 76, 221, 3, 92, 1, 0, 62, 0, 0, 10, 1, 0, 249, 3, 70]
1552551209879;[171, 0, 17, 255, 161, 76, 221, 3, 92, 1, 0, 71, 0, 0, 9, 1, 0, 246, 3, 74]
1552551210045;[171, 0, 17, 255, 161, 76, 221, 3, 92, 1, 0, 61, 0, 0, 10, 1, 0, 249, 3, 64]
1552551210213;[171, 0, 17, 255, 161, 76, 221, 3, 93, 1, 0, 65, 0, 0, 11, 1, 0, 249, 3, 57]
1552551210213;[171, 0, 17, 255, 161, 76, 221, 3, 93, 1, 0, 65, 0, 0, 11, 1, 0, 249, 3, 49]
1552551210382;[171, 0, 17, 255, 161, 76, 221, 3, 93, 1, 0, 61, 0, 0, 9, 1, 0, 249, 3, 33]
1552551210398;[171, 0, 17, 255, 161, 76, 221, 3, 93, 1, 0, 65, 0, 0, 10, 1, 0, 249, 3, 22]
1552551210564;[171, 0, 17, 255, 161, 76, 221, 3, 93, 1, 0, 67, 0, 0, 9, 1, 0, 249, 3, 9]
1552551210564;[171, 0, 17, 255, 161, 76, 221, 3, 93, 1, 0, 61, 0, 0, 9, 1, 0, 248, 3, 60]
1552551210731;[171, 0, 17, 255, 161, 76, 221, 3, 93, 1, 0, 61, 0, 0, 10, 1, 0, 249, 3, 109]
1552551210898;[171, 0, 4, 255, 132, 128, 62]
1552551210899;[171, 0, 17, 255, 161, 76, 221, 3, 93, 1, 0, 62, 0, 0, 9, 1, 0, 247, 3, 141]
1552551211081;[171, 0, 17, 255, 161, 76, 221, 3, 93, 1, 0, 65, 0, 0, 11, 1, 0, 249, 3, 157]
1552551211083;[171, 0, 17, 255, 161, 76, 221, 3, 93, 1, 0, 65, 0, 0, 10, 1, 0, 245, 3, 157]
1552551211249;[171, 0, 17, 255, 161, 76, 221, 3, 94, 1, 0, 63, 0, 0, 11, 1, 0, 243, 3, 146]
1552551211416;[171, 0, 17, 255, 161, 76, 221, 3, 94, 1, 0, 65, 0, 0, 9, 1, 0, 245, 3, 136]
1552551211432;[171, 0, 17, 255, 161, 76, 221, 3, 94, 1, 0, 62, 0, 0, 9, 1, 0, 246, 3, 117]
1552551211600;[171, 0, 17, 255, 161, 76, 221, 3, 94, 1, 0, 65, 0, 0, 11, 1, 0, 249, 3, 99]
1552551211600;[171, 0, 17, 255, 161, 76, 221, 3, 94, 1, 0, 62, 0, 0, 10, 1, 0, 249, 3, 96]
1552551211767;[171, 0, 17, 255, 161, 76, 221, 3, 94, 1, 0, 67, 0, 0, 11, 1, 0, 249, 3, 151]
1552551211767;[171, 0, 17, 255, 161, 76, 221, 3, 94, 1, 0, 71, 0, 0, 11, 1, 0, 249, 3, 182]
1552551211934;[171, 0, 4, 255, 132, 128, 62]
1552551212118;[171, 0, 17, 255, 161, 76, 221, 3, 94, 1, 0, 71, 0, 0, 11, 1, 0, 248, 3, 196]
1552551212118;[171, 0, 17, 255, 161, 76, 221, 3, 94, 1, 0, 60, 0, 0, 11, 1, 0, 249, 3, 217]
1552551212285;[171, 0, 17, 255, 161, 76, 221, 3, 94, 1, 0, 60, 0, 0, 11, 1, 0, 249, 3, 223]
1552551212285;[171, 0, 17, 255, 161, 76, 221, 3, 95, 1, 0, 65, 0, 0, 11, 1, 0, 248, 3, 205]
1552551212453;[171, 0, 17, 255, 161, 76, 221, 3, 95, 1, 0, 63, 0, 0, 11, 1, 0, 249, 3, 192]
1552551212453;[171, 0, 17, 255, 161, 76, 221, 3, 95, 1, 0, 67, 0, 0, 10, 1, 0, 249, 3, 171]
1552551212636;[171, 0, 17, 255, 161, 76, 221, 3, 95, 1, 0, 71, 0, 0, 11, 1, 0, 249, 3, 156]
1552551212803;[171, 0, 17, 255, 161, 76, 221, 3, 95, 1, 0, 67, 0, 0, 11, 1, 0, 247, 3, 190]
1552551212820;[171, 0, 17, 255, 161, 76, 221, 3, 95, 1, 0, 71, 0, 0, 11, 1, 0, 246, 3, 230]
1552551212970;[171, 0, 17, 255, 161, 76, 221, 3, 95, 1, 0, 62, 0, 0, 10, 1, 0, 248, 3, 253]
1552551212970;[171, 0, 4, 255, 132, 128, 61]
1552551213154;[171, 0, 17, 255, 161, 76, 221, 3, 95, 1, 0, 71, 0, 0, 10, 1, 0, 245, 3, 251]
1552551213321;[171, 0, 17, 255, 161, 76, 221, 3, 95, 1, 0, 67, 0, 0, 10, 1, 0, 249, 3, 250]
1552551213321;[171, 0, 17, 255, 161, 76, 221, 3, 95, 1, 0, 65, 0, 0, 10, 1, 0, 246, 3, 228]
1552551213487;[171, 0, 17, 255, 161, 76, 221, 3, 96, 1, 0, 67, 0, 0, 9, 1, 0, 248, 3, 213]
1552551213488;[171, 0, 17, 255, 161, 76, 221, 3, 96, 1, 0, 65, 0, 0, 9, 1, 0, 246, 3, 182]
1552551213671;[171, 0, 17, 255, 161, 76, 221, 3, 96, 1, 0, 71, 0, 0, 10, 1, 0, 249, 3, 155]
1552551213672;[171, 0, 17, 255, 161, 76, 221, 3, 96, 1, 0, 67, 0, 0, 10, 1, 0, 246, 3, 140]
1552551213838;[171, 0, 17, 255, 161, 76, 221, 3, 96, 1, 0, 61, 0, 0, 10, 1, 0, 248, 3, 193]
1552551214006;[171, 0, 17, 255, 161, 76, 221, 3, 96, 1, 0, 61, 0, 0, 10, 1, 0, 246, 3, 221]
1552551214006;[171, 0, 17, 255, 161, 76, 221, 3, 96, 1, 0, 60, 0, 0, 10, 1, 0, 246, 3, 240]
1552551214190;[171, 0, 4, 255, 132, 128, 61]
1552551214191;[171, 0, 17, 255, 161, 76, 221, 3, 96, 1, 0, 67, 0, 0, 11, 1, 0, 248, 4, 3]
1552551214357;[171, 0, 17, 255, 161, 76, 221, 3, 96, 1, 0, 62, 0, 0, 9, 1, 0, 246, 4, 4]
1552551214524;[171, 0, 17, 255, 161, 76, 221, 3, 96, 1, 0, 61, 0, 0, 10, 1, 0, 249, 3, 233]
1552551214524;[171, 0, 17, 255, 161, 76, 221, 3, 97, 1, 0, 60, 0, 0, 11, 1, 0, 248, 3, 223]
1552551214708;[171, 0, 17, 255, 161, 76, 221, 3, 97, 1, 0, 61, 0, 0, 8, 1, 0, 246, 3, 205]
1552551214708;[171, 0, 17, 255, 161, 76, 221, 3, 97, 1, 0, 65, 0, 0, 10, 1, 0, 249, 3, 178]
1552551214875;[171, 0, 17, 255, 161, 76, 221, 3, 97, 1, 0, 71, 0, 0, 11, 1, 0, 248, 3, 142]
1552551214876;[171, 0, 17, 255, 161, 76, 221, 3, 97, 1, 0, 60, 0, 0, 10, 1, 0, 248, 3, 163]
1552551215210;[171, 0, 17, 255, 161, 76, 221, 3, 97, 1, 0, 65, 0, 0, 11, 1, 0, 248, 3, 218]
1552551215226;[171, 0, 17, 255, 161, 76, 221, 3, 99, 1, 0, 67, 0, 0, 10, 1, 0, 249, 3, 216]
1552551215392;[171, 0, 17, 255, 161, 76, 221, 3, 99, 1, 0, 67, 0, 0, 11, 1, 0, 249, 3, 221]
1552551215393;[171, 0, 17, 255, 161, 76, 221, 3, 99, 1, 0, 61, 0, 0, 9, 1, 0, 248, 3, 210]
1552551215726;[171, 0, 17, 255, 161, 76, 221, 3, 100, 1, 0, 59, 0, 0, 10, 1, 0, 243, 3, 185]
1552551215743;[171, 0, 17, 255, 161, 76, 221, 3, 100, 1, 0, 61, 0, 0, 9, 1, 0, 249, 3, 168]
1552551215911;[171, 0, 17, 255, 161, 76, 221, 3, 100, 1, 0, 72, 0, 0, 10, 1, 0, 248, 3, 148]
1552551215911;[171, 0, 17, 255, 161, 76, 221, 3, 100, 1, 0, 60, 0, 0, 9, 1, 0, 249, 3, 152]
1552551216078;[171, 0, 17, 255, 161, 76, 221, 3, 100, 1, 0, 60, 0, 0, 11, 1, 0, 249, 3, 191]
1552551216078;[171, 0, 17, 255, 161, 76, 221, 3, 100, 1, 0, 71, 0, 0, 11, 1, 0, 248, 3, 218]
1552551216245;[171, 0, 17, 255, 161, 76, 221, 3, 100, 1, 0, 67, 0, 0, 10, 1, 0, 249, 3, 250]
1552551216428;[171, 0, 4, 255, 132, 128, 61]
1552551216429;[171, 0, 17, 255, 161, 76, 221, 3, 100, 1, 0, 67, 0, 0, 10, 1, 0, 248, 4, 9]
1552551216596;[171, 0, 17, 255, 161, 76, 221, 3, 100, 1, 0, 62, 0, 0, 8, 1, 0, 249, 3, 246]
1552551216596;[171, 0, 17, 255, 161, 76, 221, 3, 100, 1, 0, 59, 0, 0, 10, 1, 0, 248, 3, 228]
1552551216764;[171, 0, 17, 255, 161, 76, 221, 3, 101, 1, 0, 62, 0, 0, 10, 1, 0, 246, 3, 211]
1552551216779;[171, 0, 17, 255, 161, 76, 221, 3, 101, 1, 0, 71, 0, 0, 9, 1, 0, 245, 3, 170]
1552551216947;[171, 0, 17, 255, 161, 76, 221, 3, 101, 1, 0, 61, 0, 0, 11, 1, 0, 249, 3, 164]
1552551217114;[171, 0, 17, 255, 161, 76, 221, 3, 101, 1, 0, 67, 0, 0, 9, 1, 0, 248, 3, 201]
1552551217114;[171, 0, 17, 255, 161, 76, 221, 3, 101, 1, 0, 65, 0, 0, 10, 1, 0, 249, 3, 205]
1552551217364;[171, 0, 17, 255, 161, 76, 221, 3, 101, 1, 0, 67, 0, 0, 10, 1, 0, 246, 3, 199]
1552551217365;[171, 0, 17, 255, 161, 76, 221, 3, 101, 1, 0, 71, 0, 0, 11, 1, 0, 248, 3, 191]
1552551217464;[171, 0, 4, 255, 132, 128, 61]
1552551217465;[171, 0, 17, 255, 161, 76, 221, 3, 101, 1, 0, 65, 0, 0, 11, 1, 0, 248, 3, 157]
1552551217632;[171, 0, 17, 255, 161, 76, 221, 3, 101, 1, 0, 61, 0, 0, 11, 1, 0, 248, 3, 139]
1552551217798;[171, 0, 17, 255, 161, 76, 221, 3, 101, 1, 0, 65, 0, 0, 9, 1, 0, 249, 3, 103]
1552551217982;[171, 0, 17, 255, 161, 76, 221, 3, 102, 1, 0, 60, 0, 0, 10, 1, 0, 248, 3, 63]
1552551217983;[171, 0, 17, 255, 161, 76, 221, 3, 102, 1, 0, 65, 0, 0, 9, 1, 0, 249, 3, 78]
1552551217983;[171, 0, 17, 255, 161, 76, 221, 3, 102, 1, 0, 61, 0, 0, 11, 1, 0, 248, 3, 117]
1552551218149;[171, 0, 17, 255, 161, 76, 221, 3, 102, 1, 0, 71, 0, 0, 9, 1, 0, 249, 3, 135]
1552551218316;[171, 0, 17, 255, 161, 76, 221, 3, 102, 1, 0, 67, 0, 0, 10, 1, 0, 247, 3, 130]
1552551218317;[171, 0, 17, 255, 161, 76, 221, 3, 102, 1, 0, 71, 0, 0, 10, 1, 0, 250, 3, 115]
1552551218500;[171, 0, 17, 255, 161, 76, 221, 3, 102, 1, 0, 60, 0, 0, 15, 1, 0, 249, 3, 100]
1552551218501;[171, 0, 4, 255, 132, 128, 61]
1552551218667;[171, 0, 17, 255, 161, 76, 221, 3, 102, 1, 0, 60, 0, 0, 10, 1, 0, 248, 3, 75]
1552551218668;[171, 0, 17, 255, 161, 76, 221, 3, 102, 1, 0, 61, 0, 0, 10, 1, 0, 248, 3, 38]
1552551218835;[171, 0, 17, 255, 161, 76, 221, 3, 102, 1, 0, 60, 0, 0, 10, 1, 0, 246, 3, 13]
1552551219019;[171, 0, 17, 255, 161, 76, 221, 3, 103, 1, 0, 61, 0, 0, 9, 1, 0, 248, 3, 21]
1552551219020;[171, 0, 17, 255, 161, 76, 221, 3, 103, 1, 0, 61, 0, 0, 11, 1, 0, 249, 3, 62]
1552551219186;[171, 0, 17, 255, 161, 76, 221, 3, 103, 1, 0, 65, 0, 0, 9, 1, 0, 249, 3, 83]
1552551219186;[171, 0, 17, 255, 161, 76, 221, 3, 103, 1, 0, 71, 0, 0, 10, 1, 0, 248, 3, 99]
1552551219353;[171, 0, 17, 255, 161, 76, 221, 3, 103, 1, 0, 67, 0, 0, 10, 1, 0, 249, 3, 105]
1552551219354;[171, 0, 17, 255, 161, 76, 221, 3, 103, 1, 0, 62, 0, 0, 10, 1, 0, 249, 3, 84]
1552551219537;[171, 0, 17, 255, 161, 76, 221, 3, 103, 1, 0, 61, 0, 0, 10, 1, 0, 249, 3, 61]
1552551219703;[171, 0, 4, 255, 132, 128, 61]
1552551219704;[171, 0, 17, 255, 161, 76, 221, 3, 103, 1, 0, 65, 0, 0, 10, 1, 0, 246, 3, 45]
1552551220054;[171, 0, 17, 255, 161, 76, 221, 3, 103, 1, 0, 63, 0, 0, 10, 1, 0, 249, 3, 12]
1552551220055;[171, 0, 17, 255, 161, 76, 221, 3, 103, 1, 0, 60, 0, 0, 11, 1, 0, 247, 3, 16]
1552551220056;[171, 0, 17, 255, 161, 76, 221, 3, 104, 1, 0, 62, 0, 0, 10, 1, 0, 249, 3, 47]
1552551220221;[171, 0, 17, 255, 161, 76, 221, 3, 104, 1, 0, 65, 0, 0, 11, 1, 0, 249, 3, 67]
1552551220222;[171, 0, 17, 255, 161, 76, 221, 3, 104, 1, 0, 63, 0, 0, 9, 1, 0, 246, 3, 69]
1552551220388;[171, 0, 17, 255, 161, 76, 221, 3, 104, 1, 0, 67, 0, 0, 11, 1, 0, 249, 3, 64]
1552551220389;[171, 0, 17, 255, 161, 76, 221, 3, 104, 1, 0, 67, 0, 0, 11, 1, 0, 248, 3, 47]
1552551220571;[171, 0, 17, 255, 161, 76, 221, 3, 104, 1, 0, 67, 0, 0, 11, 1, 0, 250, 3, 22]
1552551220572;[171, 0, 17, 255, 161, 76, 221, 3, 104, 1, 0, 61, 0, 0, 10, 1, 0, 249, 2, 234]
1552551220739;[171, 0, 4, 255, 132, 128, 61]
1552551220907;[171, 0, 17, 255, 161, 76, 221, 3, 104, 1, 0, 67, 0, 0, 9, 1, 0, 249, 2, 193]
1552551220907;[171, 0, 17, 255, 161, 76, 221, 3, 104, 1, 0, 60, 0, 0, 10, 1, 0, 249, 2, 164]
1552551221091;[171, 0, 17, 255, 161, 76, 221, 3, 104, 1, 0, 60, 0, 0, 11, 1, 0, 248, 2, 186]
1552551221092;[171, 0, 17, 255, 161, 76, 221, 3, 105, 1, 0, 65, 0, 0, 9, 1, 0, 248, 2, 210]
1552551221258;[171, 0, 17, 255, 161, 76, 221, 3, 105, 1, 0, 65, 0, 0, 9, 1, 0, 249, 2, 211]
1552551221424;[171, 0, 17, 255, 161, 76, 221, 3, 105, 1, 0, 61, 0, 0, 10, 1, 0, 249, 2, 219]
1552551221424;[171, 0, 17, 255, 161, 76, 221, 3, 105, 1, 0, 60, 0, 0, 11, 1, 0, 246, 2, 193]
1552551221775;[171, 0, 17, 255, 161, 76, 221, 3, 105, 1, 0, 60, 0, 0, 11, 1, 0, 249, 2, 178]
1552551221776;[171, 0, 17, 255, 161, 76, 221, 3, 105, 1, 0, 67, 0, 0, 10, 1, 0, 250, 2, 156]
1552551221776;[171, 0, 17, 255, 161, 76, 221, 3, 105, 1, 0, 67, 0, 0, 11, 1, 0, 249, 2, 125]
1552551221777;[171, 0, 4, 255, 132, 128, 61]
1552551221942;[171, 0, 17, 255, 161, 76, 221, 3, 105, 1, 0, 67, 0, 0, 9, 1, 0, 246, 2, 90]
1552551222293;[171, 0, 17, 255, 161, 76, 221, 3, 105, 1, 0, 61, 0, 0, 11, 1, 0, 250, 2, 79]
1552551222293;[171, 0, 17, 255, 161, 76, 221, 3, 105, 1, 0, 61, 0, 0, 11, 1, 0, 249, 2, 110]
1552551222294;[171, 0, 17, 255, 161, 76, 221, 3, 106, 1, 0, 65, 0, 0, 10, 1, 0, 248, 2, 130]
1552551222294;[171, 0, 17, 255, 161, 76, 221, 3, 106, 1, 0, 71, 0, 0, 10, 1, 0, 249, 2, 134]
1552551222460;[171, 0, 17, 255, 161, 76, 221, 3, 106, 1, 0, 65, 0, 0, 10, 1, 0, 243, 2, 141]
1552551222460;[171, 0, 17, 255, 161, 76, 221, 3, 106, 1, 0, 60, 0, 0, 10, 1, 0, 246, 2, 123]
1552551222627;[171, 0, 17, 255, 161, 76, 221, 3, 106, 1, 0, 62, 0, 0, 9, 1, 0, 246, 2, 98]
1552551222811;[171, 0, 17, 255, 161, 76, 221, 3, 106, 1, 0, 61, 0, 0, 11, 1, 0, 248, 2, 69]
1552551222812;[171, 0, 17, 255, 161, 76, 221, 3, 106, 1, 0, 67, 0, 0, 9, 1, 0, 249, 2, 37]
1552551222978;[171, 0, 4, 255, 132, 128, 62]
1552551222979;[171, 0, 17, 255, 161, 76, 221, 3, 106, 1, 0, 67, 0, 0, 10, 1, 0, 248, 2, 38]
1552551223145;[171, 0, 17, 255, 161, 76, 221, 3, 106, 1, 0, 60, 0, 0, 9, 1, 0, 248, 2, 45]
1552551223329;[171, 0, 17, 255, 161, 76, 221, 3, 106, 1, 0, 67, 0, 0, 11, 1, 0, 248, 2, 49]
1552551223330;[171, 0, 17, 255, 161, 76, 221, 3, 107, 1, 0, 65, 0, 0, 11, 1, 0, 249, 2, 32]
1552551223496;[171, 0, 17, 255, 161, 76, 221, 3, 107, 1, 0, 65, 0, 0, 11, 1, 0, 248, 2, 18]
1552551223496;[171, 0, 17, 255, 161, 76, 221, 3, 107, 1, 0, 65, 0, 0, 10, 1, 0, 246, 1, 240]
1552551223663;[171, 0, 17, 255, 161, 76, 221, 3, 107, 1, 0, 57, 0, 0, 9, 1, 0, 248, 1, 211]
1552551223664;[171, 0, 17, 255, 161, 76, 221, 3, 107, 1, 0, 71, 0, 0, 11, 1, 0, 249, 1, 167]
1552551223847;[171, 0, 17, 255, 161, 76, 221, 3, 107, 1, 0, 65, 0, 0, 11, 1, 0, 246, 1, 127]
1552551224014;[171, 0, 17, 255, 161, 76, 221, 3, 107, 1, 0, 65, 0, 0, 11, 1, 0, 249, 1, 144]
1552551224015;[171, 0, 4, 255, 132, 128, 62]
1552551224181;[171, 0, 17, 255, 161, 76, 221, 3, 107, 1, 0, 65, 0, 0, 11, 1, 0, 246, 1, 160]
1552551224182;[171, 0, 17, 255, 161, 76, 221, 3, 107, 1, 0, 61, 0, 0, 11, 1, 0, 248, 1, 169]
1552551224532;[171, 0, 17, 255, 161, 76, 221, 3, 107, 1, 0, 67, 0, 0, 9, 1, 0, 249, 1, 158]
1552551224533;[171, 0, 17, 255, 161, 76, 221, 3, 108, 1, 0, 67, 0, 0, 11, 1, 0, 245, 1, 147]
1552551224533;[171, 0, 17, 255, 161, 76, 221, 3, 108, 1, 0, 67, 0, 0, 9, 1, 0, 248, 1, 131]
1552551224699;[171, 0, 17, 255, 161, 76, 221, 3, 108, 1, 0, 60, 0, 0, 11, 1, 0, 249, 1, 111]
1552551224700;[171, 0, 17, 255, 161, 76, 221, 3, 108, 1, 0, 65, 0, 0, 10, 1, 0, 249, 1, 83]
1552551224883;[171, 0, 17, 255, 161, 76, 221, 3, 108, 1, 0, 67, 0, 0, 8, 1, 0, 247, 1, 83]
1552551224884;[171, 0, 17, 255, 161, 76, 221, 3, 108, 1, 0, 62, 0, 0, 10, 1, 0, 246, 1, 84]
1552551225050;[171, 0, 17, 255, 161, 76, 221, 3, 108, 1, 0, 60, 0, 0, 9, 1, 0, 248, 1, 107]
1552551225218;[171, 0, 4, 255, 132, 128, 62]
1552551225219;[171, 0, 17, 255, 161, 76, 221, 3, 108, 1, 0, 63, 0, 0, 10, 1, 0, 245, 1, 133]
1552551225401;[171, 0, 17, 255, 161, 76, 221, 3, 108, 1, 0, 67, 0, 0, 11, 1, 0, 246, 1, 139]
1552551225401;[171, 0, 17, 255, 161, 76, 221, 3, 108, 1, 0, 67, 0, 0, 8, 1, 0, 249, 1, 152]
1552551225568;[171, 0, 17, 255, 161, 76, 221, 3, 109, 1, 0, 60, 0, 0, 10, 1, 0, 249, 1, 144]
1552551225569;[171, 0, 17, 255, 161, 76, 221, 3, 109, 1, 0, 71, 0, 0, 10, 1, 0, 249, 1, 128]
1552551225735;[171, 0, 17, 255, 161, 76, 221, 3, 109, 1, 0, 67, 0, 0, 10, 1, 0, 249, 1, 111]
1552551225919;[171, 0, 17, 255, 161, 76, 221, 3, 109, 1, 0, 71, 0, 0, 11, 1, 0, 246, 1, 81]
1552551225920;[171, 0, 17, 255, 161, 76, 221, 3, 109, 1, 0, 71, 0, 0, 10, 1, 0, 249, 1, 84]
1552551226086;[171, 0, 17, 255, 161, 76, 221, 3, 109, 1, 0, 71, 0, 0, 11, 1, 0, 249, 1, 111]
1552551226087;[171, 0, 17, 255, 161, 76, 221, 3, 109, 1, 0, 61, 0, 0, 10, 1, 0, 248, 1, 117]
1552551226253;[171, 0, 4, 255, 132, 128, 62]
1552551226255;[171, 0, 17, 255, 161, 76, 221, 3, 109, 1, 0, 60, 0, 0, 10, 1, 0, 247, 1, 108]
1552551226438;[171, 0, 17, 255, 161, 76, 221, 3, 109, 1, 0, 65, 0, 0, 15, 1, 0, 248, 1, 108]
1552551226605;[171, 0, 17, 255, 161, 76, 221, 3, 109, 1, 0, 71, 0, 0, 11, 1, 0, 248, 1, 87]
1552551226605;[171, 0, 17, 255, 161, 76, 221, 3, 110, 1, 0, 61, 0, 0, 9, 1, 0, 248, 1, 63]
1552551226772;[171, 0, 17, 255, 161, 76, 221, 3, 110, 1, 0, 62, 0, 0, 10, 1, 0, 247, 1, 33]
1552551226772;[171, 0, 17, 255, 161, 76, 221, 3, 110, 1, 0, 71, 0, 0, 11, 1, 0, 246, 1, 2]
1552551226955;[171, 0, 17, 255, 161, 76, 221, 3, 110, 1, 0, 67, 0, 0, 10, 1, 0, 249, 0, 250]
1552551227122;[171, 0, 17, 255, 161, 76, 221, 3, 110, 1, 0, 67, 0, 0, 9, 1, 0, 248, 1, 19]
1552551227289;[171, 0, 17, 255, 161, 76, 221, 3, 110, 1, 0, 61, 0, 0, 10, 1, 0, 249, 1, 26]
1552551227290;[171, 0, 17, 255, 161, 76, 221, 3, 110, 1, 0, 59, 0, 0, 9, 1, 0, 245, 1, 28]
1552551227290;[171, 0, 4, 255, 132, 128, 63]
1552551227640;[171, 0, 17, 255, 161, 76, 221, 3, 110, 1, 0, 71, 0, 0, 10, 1, 0, 246, 1, 31]
1552551227640;[171, 0, 17, 255, 161, 76, 221, 3, 110, 1, 0, 61, 0, 0, 11, 1, 0, 246, 1, 12]
1552551227641;[171, 0, 17, 255, 161, 76, 221, 3, 110, 1, 0, 65, 0, 0, 11, 1, 0, 249, 0, 239]
1552551227807;[171, 0, 17, 255, 161, 76, 221, 3, 111, 1, 0, 65, 0, 0, 9, 1, 0, 247, 0, 212]
1552551227807;[171, 0, 17, 255, 161, 76, 221, 3, 111, 1, 0, 62, 0, 0, 10, 1, 0, 249, 16, 180]
1552551227975;[171, 0, 17, 255, 161, 76, 221, 3, 111, 1, 0, 71, 0, 0, 11, 1, 0, 248, 7, 172]
1552551227990;[171, 0, 17, 255, 161, 76, 221, 3, 111, 1, 0, 61, 0, 0, 11, 1, 0, 248, 7, 162]
1552551228325;[171, 0, 17, 255, 161, 76, 221, 3, 111, 1, 0, 62, 0, 0, 10, 1, 0, 249, 7, 165]
1552551228325;[171, 0, 17, 255, 161, 76, 221, 3, 111, 1, 0, 60, 0, 0, 10, 1, 0, 248, 7, 189]
1552551228326;[171, 0, 17, 255, 161, 76, 221, 3, 111, 1, 0, 61, 0, 0, 10, 1, 0, 249, 7, 185]
1552551228508;[171, 0, 4, 255, 132, 128, 63]
1552551228509;[171, 0, 17, 255, 161, 76, 221, 3, 111, 1, 0, 61, 0, 0, 11, 1, 0, 249, 7, 187]
1552551228675;[171, 0, 17, 255, 161, 76, 221, 3, 111, 1, 0, 60, 0, 0, 9, 1, 0, 248, 7, 173]
1552551228676;[171, 0, 17, 255, 161, 76, 221, 3, 111, 1, 0, 61, 0, 0, 8, 1, 0, 248, 7, 151]
1552551228843;[171, 0, 17, 255, 161, 76, 221, 3, 112, 1, 0, 63, 0, 0, 11, 1, 0, 248, 7, 131]
