1552553561899;[171, 0, 17, 255, 161, 76, 221, 13, 41, 0, 0, 43, 1, 0, 8, 1, 0, 244, 4, 52]
1552553562066;[171, 0, 17, 255, 161, 76, 221, 13, 41, 0, 0, 44, 1, 0, 7, 1, 0, 240, 4, 16]
1552553562249;[171, 0, 17, 255, 161, 76, 221, 13, 41, 0, 0, 43, 1, 0, 6, 1, 0, 242, 4, 70]
1552553562250;[171, 0, 17, 255, 161, 76, 221, 13, 41, 0, 0, 43, 1, 0, 7, 1, 0, 243, 4, 131]
1552553562416;[171, 0, 17, 255, 161, 76, 221, 13, 41, 0, 0, 44, 1, 0, 7, 1, 0, 243, 4, 156]
1552553562417;[171, 0, 4, 255, 132, 128, 67]
1552553562583;[171, 0, 17, 255, 161, 76, 221, 13, 41, 0, 0, 44, 1, 0, 4, 1, 0, 243, 4, 192]
1552553562584;[171, 0, 17, 255, 161, 76, 221, 13, 42, 0, 0, 43, 1, 0, 6, 1, 0, 243, 4, 192]
1552553562767;[171, 0, 17, 255, 161, 76, 221, 13, 42, 0, 0, 44, 1, 0, 7, 1, 0, 242, 4, 193]
1552553562934;[171, 0, 17, 255, 161, 76, 221, 13, 42, 0, 0, 43, 1, 0, 5, 1, 0, 243, 4, 177]
1552553562935;[171, 0, 17, 255, 161, 76, 221, 13, 42, 0, 0, 44, 1, 0, 4, 1, 0, 245, 4, 156]
1552553565139;[171, 0, 17, 255, 161, 76, 221, 13, 42, 0, 0, 43, 1, 0, 3, 1, 0, 243, 4, 132]
1552553565140;[171, 0, 17, 255, 161, 76, 221, 13, 42, 0, 0, 45, 1, 0, 3, 1, 0, 243, 4, 202]
1552553565140;[171, 0, 17, 255, 161, 76, 221, 13, 42, 0, 0, 44, 1, 0, 7, 1, 0, 243, 4, 253]
1552553565148;[171, 0, 17, 255, 161, 76, 221, 13, 42, 0, 0, 44, 1, 0, 5, 1, 0, 245, 5, 38]
1552553565148;[171, 0, 17, 255, 161, 76, 221, 13, 42, 0, 0, 44, 1, 0, 4, 1, 0, 246, 5, 65]
1552553565155;[171, 0, 4, 255, 132, 128, 67]
1552553565156;[171, 0, 17, 255, 161, 76, 221, 13, 42, 0, 0, 43, 1, 0, 4, 1, 0, 243, 5, 59]
1552553565162;[171, 0, 17, 255, 161, 76, 221, 13, 43, 0, 0, 43, 1, 0, 7, 1, 0, 242, 5, 46]
1552553565163;[171, 0, 17, 255, 161, 76, 221, 13, 43, 0, 0, 41, 1, 0, 8, 1, 0, 241, 5, 27]
1552553565169;[171, 0, 17, 255, 161, 76, 221, 13, 43, 0, 0, 44, 1, 0, 5, 1, 0, 243, 5, 1]
1552553565176;[171, 0, 17, 255, 161, 76, 221, 13, 43, 0, 0, 43, 1, 0, 3, 1, 0, 245, 4, 249]
1552553565176;[171, 0, 17, 255, 161, 76, 221, 13, 43, 0, 0, 44, 1, 0, 5, 1, 0, 243, 5, 59]
1552553565181;[171, 0, 17, 255, 161, 76, 221, 13, 43, 0, 0, 44, 1, 0, 7, 1, 0, 243, 5, 96]
1552553565181;[171, 0, 17, 255, 161, 76, 221, 13, 43, 0, 0, 44, 1, 0, 4, 1, 0, 243, 5, 109]
1552553565186;[171, 0, 17, 255, 161, 76, 221, 13, 43, 0, 0, 43, 1, 0, 11, 1, 0, 243, 5, 112]
1552553565191;[171, 0, 17, 255, 161, 76, 221, 13, 43, 0, 0, 43, 1, 0, 3, 1, 0, 243, 5, 100]
1552553565210;[171, 0, 4, 255, 132, 128, 68]
1552553565211;[171, 0, 17, 255, 161, 76, 221, 13, 43, 0, 0, 43, 1, 0, 7, 1, 0, 246, 5, 78]
1552553565212;[171, 0, 17, 255, 161, 76, 221, 13, 44, 0, 0, 43, 1, 0, 3, 1, 0, 242, 5, 52]
1552553565225;[171, 0, 17, 255, 161, 76, 221, 13, 44, 0, 0, 43, 1, 0, 4, 1, 0, 246, 5, 9]
1552553565225;[171, 0, 17, 255, 161, 76, 221, 13, 44, 0, 0, 44, 1, 0, 4, 1, 0, 246, 4, 228]
1552553565226;[171, 0, 17, 255, 161, 76, 221, 13, 44, 0, 0, 43, 1, 0, 9, 1, 0, 243, 5, 22]
1552553565525;[171, 0, 17, 255, 161, 76, 221, 13, 44, 0, 0, 44, 1, 0, 7, 1, 0, 243, 5, 73]
1552553565525;[171, 0, 17, 255, 161, 76, 221, 13, 44, 0, 0, 44, 1, 0, 5, 1, 0, 242, 5, 92]
1552553565526;[171, 0, 17, 255, 161, 76, 221, 13, 44, 0, 0, 44, 1, 0, 6, 1, 0, 245, 5, 110]
1552553565526;[171, 0, 17, 255, 161, 76, 221, 13, 44, 0, 0, 45, 1, 0, 5, 1, 0, 243, 5, 100]
1552553565691;[171, 0, 17, 255, 161, 76, 221, 13, 44, 0, 0, 44, 1, 0, 8, 1, 0, 242, 5, 81]
1552553565692;[171, 0, 4, 255, 132, 128, 68]
1552553566042;[171, 0, 17, 255, 161, 76, 221, 13, 44, 0, 0, 44, 1, 0, 3, 1, 0, 243, 5, 45]
1552553566043;[171, 0, 17, 255, 161, 76, 221, 13, 45, 0, 0, 43, 1, 0, 8, 1, 0, 243, 5, 8]
1552553566043;[171, 0, 17, 255, 161, 76, 221, 13, 45, 0, 0, 44, 1, 0, 6, 1, 0, 243, 4, 215]
1552553566209;[171, 0, 17, 255, 161, 76, 221, 13, 45, 0, 0, 44, 1, 0, 4, 1, 0, 245, 4, 174]
1552553566210;[171, 0, 17, 255, 161, 76, 221, 13, 45, 0, 0, 45, 1, 0, 4, 1, 0, 242, 4, 169]
1552553566377;[171, 0, 17, 255, 161, 76, 221, 13, 45, 0, 0, 41, 1, 0, 3, 1, 0, 245, 4, 202]
1552553566562;[171, 0, 17, 255, 161, 76, 221, 13, 45, 0, 0, 44, 1, 0, 5, 1, 0, 243, 4, 240]
1552553566562;[171, 0, 17, 255, 161, 76, 221, 13, 45, 0, 0, 45, 1, 0, 4, 1, 0, 242, 4, 245]
1552553566728;[171, 0, 17, 255, 161, 76, 221, 13, 45, 0, 0, 43, 1, 0, 5, 1, 0, 245, 4, 244]
1552553566728;[171, 0, 17, 255, 161, 76, 221, 13, 45, 0, 0, 45, 1, 0, 7, 1, 0, 245, 4, 232]
1552553566911;[171, 0, 4, 255, 132, 128, 68]
1552553566912;[171, 0, 17, 255, 161, 76, 221, 13, 45, 0, 0, 44, 1, 0, 4, 1, 0, 242, 4, 204]
1552553567413;[171, 0, 17, 255, 161, 76, 221, 13, 46, 0, 0, 43, 1, 0, 6, 1, 0, 245, 4, 163]
1552553567413;[171, 0, 17, 255, 161, 76, 221, 13, 46, 0, 0, 45, 1, 0, 3, 1, 0, 243, 4, 124]
1552553567414;[171, 0, 17, 255, 161, 76, 221, 13, 46, 0, 0, 44, 1, 0, 5, 1, 0, 242, 4, 74]
1552553567430;[171, 0, 17, 255, 161, 76, 221, 13, 46, 0, 0, 43, 1, 0, 4, 1, 0, 245, 4, 73]
1552553567430;[171, 0, 17, 255, 161, 76, 221, 13, 46, 0, 0, 41, 1, 0, 5, 1, 0, 245, 4, 110]
1552553567597;[171, 0, 17, 255, 161, 76, 221, 13, 46, 0, 0, 44, 1, 0, 5, 1, 0, 243, 4, 119]
1552553567597;[171, 0, 17, 255, 161, 76, 221, 13, 46, 0, 0, 41, 1, 0, 4, 1, 0, 242, 4, 120]
1552553567765;[171, 0, 17, 255, 161, 76, 221, 13, 46, 0, 0, 45, 1, 0, 4, 1, 0, 243, 4, 111]
1552553567931;[171, 0, 17, 255, 161, 76, 221, 13, 46, 0, 0, 43, 1, 0, 3, 1, 0, 242, 4, 95]
1552553567932;[171, 0, 4, 255, 132, 128, 68]
1552553568114;[171, 0, 17, 255, 161, 76, 221, 13, 46, 0, 0, 45, 1, 0, 7, 1, 0, 243, 4, 54]
1552553568114;[171, 0, 17, 255, 161, 76, 221, 13, 47, 0, 0, 43, 1, 0, 8, 1, 0, 248, 4, 9]
1552553568449;[171, 0, 17, 255, 161, 76, 221, 13, 47, 0, 0, 44, 1, 0, 10, 1, 0, 245, 3, 218]
1552553568450;[171, 0, 17, 255, 161, 76, 221, 13, 47, 0, 0, 43, 1, 0, 3, 1, 0, 243, 3, 170]
1552553568451;[171, 0, 17, 255, 161, 76, 221, 13, 47, 0, 0, 40, 1, 0, 5, 1, 0, 243, 3, 130]
1552553568800;[171, 0, 17, 255, 161, 76, 221, 13, 47, 0, 0, 45, 1, 0, 4, 1, 0, 243, 3, 178]
1552553568800;[171, 0, 17, 255, 161, 76, 221, 13, 47, 0, 0, 41, 1, 0, 6, 1, 0, 243, 3, 198]
1552553568801;[171, 0, 17, 255, 161, 76, 221, 13, 47, 0, 0, 43, 1, 0, 5, 1, 0, 243, 3, 210]
1552553568801;[171, 0, 17, 255, 161, 76, 221, 13, 47, 0, 0, 44, 1, 0, 4, 1, 0, 244, 3, 220]
1552553568967;[171, 0, 17, 255, 161, 76, 221, 13, 47, 0, 0, 44, 1, 0, 7, 1, 0, 245, 3, 202]
1552553569149;[171, 0, 4, 255, 132, 128, 68]
1552553569152;[171, 0, 17, 255, 161, 76, 221, 13, 47, 0, 0, 42, 1, 0, 3, 1, 0, 246, 3, 176]
1552553569318;[171, 0, 17, 255, 161, 76, 221, 13, 48, 0, 0, 39, 1, 0, 4, 1, 0, 242, 3, 153]
1552553569319;[171, 0, 17, 255, 161, 76, 221, 13, 48, 0, 0, 45, 1, 0, 7, 1, 0, 242, 3, 119]
1552553569485;[171, 0, 17, 255, 161, 76, 221, 13, 48, 0, 0, 44, 1, 0, 7, 1, 0, 242, 3, 77]
1552553569485;[171, 0, 17, 255, 161, 76, 221, 13, 48, 0, 0, 44, 1, 0, 6, 1, 0, 242, 3, 59]
1552553569668;[171, 0, 17, 255, 161, 76, 221, 13, 48, 0, 0, 43, 1, 0, 5, 1, 0, 244, 3, 107]
1552553569837;[171, 0, 17, 255, 161, 76, 221, 13, 48, 0, 0, 44, 1, 0, 4, 1, 0, 242, 3, 137]
1552553569839;[171, 0, 17, 255, 161, 76, 221, 13, 48, 0, 0, 47, 1, 0, 4, 1, 0, 242, 3, 153]
1552553570003;[171, 0, 17, 255, 161, 76, 221, 13, 48, 0, 0, 43, 1, 0, 7, 1, 0, 245, 3, 155]
1552553570170;[171, 0, 17, 255, 161, 76, 221, 13, 50, 0, 0, 47, 1, 0, 7, 1, 0, 242, 3, 252]
1552553570354;[171, 0, 17, 255, 161, 76, 221, 13, 51, 0, 0, 43, 1, 0, 6, 1, 0, 243, 3, 218]
1552553570521;[171, 0, 17, 255, 161, 76, 221, 13, 51, 0, 0, 44, 1, 0, 9, 1, 0, 241, 3, 240]
1552553570521;[171, 0, 17, 255, 161, 76, 221, 13, 51, 0, 0, 42, 1, 0, 8, 1, 0, 242, 4, 49]
1552553570689;[171, 0, 17, 255, 161, 76, 221, 13, 51, 0, 0, 41, 1, 0, 8, 1, 0, 243, 4, 93]
1552553570705;[171, 0, 17, 255, 161, 76, 221, 13, 51, 0, 0, 44, 1, 0, 7, 1, 0, 243, 4, 121]
1552553570872;[171, 0, 17, 255, 161, 76, 221, 13, 51, 0, 0, 44, 1, 0, 4, 1, 0, 246, 4, 119]
1552553571039;[171, 0, 17, 255, 161, 76, 221, 13, 51, 0, 0, 45, 1, 0, 7, 1, 0, 243, 4, 106]
1552553571039;[171, 0, 17, 255, 161, 76, 221, 13, 51, 0, 0, 44, 1, 0, 8, 1, 0, 243, 4, 78]
1552553571205;[171, 0, 17, 255, 161, 76, 221, 13, 51, 0, 0, 41, 1, 0, 3, 1, 0, 242, 4, 47]
1552553571221;[171, 0, 4, 255, 132, 128, 66]
1552553571390;[171, 0, 17, 255, 161, 76, 221, 13, 51, 0, 0, 43, 1, 0, 5, 1, 0, 245, 4, 12]
1552553571557;[171, 0, 17, 255, 161, 76, 221, 13, 52, 0, 0, 43, 1, 0, 5, 1, 0, 243, 4, 54]
1552553571558;[171, 0, 17, 255, 161, 76, 221, 13, 52, 0, 0, 42, 1, 0, 8, 1, 0, 243, 4, 113]
1552553571724;[171, 0, 17, 255, 161, 76, 221, 13, 52, 0, 0, 44, 1, 0, 5, 1, 0, 241, 4, 148]
1552553571724;[171, 0, 17, 255, 161, 76, 221, 13, 52, 0, 0, 41, 1, 0, 9, 1, 0, 242, 4, 171]
1552553571907;[171, 0, 17, 255, 161, 76, 221, 13, 52, 0, 0, 41, 1, 0, 6, 1, 0, 245, 4, 173]
1552553572075;[171, 0, 17, 255, 161, 76, 221, 13, 52, 0, 0, 47, 1, 0, 5, 1, 0, 242, 4, 162]
1552553572076;[171, 0, 17, 255, 161, 76, 221, 13, 52, 0, 0, 45, 1, 0, 7, 1, 0, 246, 4, 140]
1552553572242;[171, 0, 17, 255, 161, 76, 221, 13, 52, 0, 0, 47, 1, 0, 3, 1, 0, 243, 4, 113]
1552553572258;[171, 0, 17, 255, 161, 76, 221, 13, 52, 0, 0, 46, 1, 0, 6, 1, 0, 242, 4, 82]
1552553572425;[171, 0, 4, 255, 132, 128, 66]
1552553572427;[171, 0, 17, 255, 161, 76, 221, 13, 52, 0, 0, 44, 1, 0, 5, 1, 0, 245, 4, 117]
1552553572592;[171, 0, 17, 255, 161, 76, 221, 13, 53, 0, 0, 43, 1, 0, 4, 1, 0, 243, 4, 161]
1552553572593;[171, 0, 17, 255, 161, 76, 221, 13, 53, 0, 0, 41, 1, 0, 4, 1, 0, 243, 4, 169]
1552553572760;[171, 0, 17, 255, 161, 76, 221, 13, 53, 0, 0, 47, 1, 0, 4, 1, 0, 242, 4, 184]
1552553573111;[171, 0, 17, 255, 161, 76, 221, 13, 53, 0, 0, 44, 1, 0, 5, 1, 0, 243, 4, 161]
1552553573111;[171, 0, 17, 255, 161, 76, 221, 13, 53, 0, 0, 44, 1, 0, 5, 1, 0, 245, 4, 132]
1552553573112;[171, 0, 17, 255, 161, 76, 221, 13, 53, 0, 0, 43, 1, 0, 5, 1, 0, 243, 4, 107]
1552553573112;[171, 0, 17, 255, 161, 76, 221, 13, 53, 0, 0, 44, 1, 0, 6, 1, 0, 243, 4, 48]
1552553573278;[171, 0, 17, 255, 161, 76, 221, 13, 53, 0, 0, 43, 1, 0, 10, 1, 0, 247, 4, 37]
1552553573279;[171, 0, 17, 255, 161, 76, 221, 13, 53, 0, 0, 43, 1, 0, 6, 1, 0, 242, 4, 88]
1552553573462;[171, 0, 4, 255, 132, 128, 66]
1552553573629;[171, 0, 17, 255, 161, 76, 221, 13, 53, 0, 0, 44, 1, 0, 6, 1, 0, 242, 4, 120]
1552553573978;[171, 0, 17, 255, 161, 76, 221, 13, 54, 0, 0, 43, 1, 0, 3, 1, 0, 245, 4, 132]
1552553573978;[171, 0, 17, 255, 161, 76, 221, 13, 54, 0, 0, 44, 1, 0, 5, 1, 0, 243, 4, 123]
1552553573979;[171, 0, 17, 255, 161, 76, 221, 13, 54, 0, 0, 45, 1, 0, 4, 1, 0, 241, 4, 105]
1552553573980;[171, 0, 17, 255, 161, 76, 221, 13, 54, 0, 0, 43, 1, 0, 4, 1, 0, 242, 4, 63]
1552553574146;[171, 0, 17, 255, 161, 76, 221, 13, 54, 0, 0, 45, 1, 0, 4, 1, 0, 242, 4, 27]
1552553574147;[171, 0, 17, 255, 161, 76, 221, 13, 54, 0, 0, 43, 1, 0, 6, 1, 0, 245, 3, 230]
1552553574314;[171, 0, 17, 255, 161, 76, 221, 13, 54, 0, 0, 39, 1, 0, 9, 1, 0, 240, 3, 220]
1552553574314;[171, 0, 17, 255, 161, 76, 221, 13, 54, 0, 0, 41, 1, 0, 9, 1, 0, 241, 4, 5]
1552553574496;[171, 0, 17, 255, 161, 76, 221, 13, 54, 0, 0, 43, 1, 0, 6, 1, 0, 243, 3, 223]
1552553574497;[171, 0, 4, 255, 132, 128, 65]
1552553574831;[171, 0, 17, 255, 161, 76, 221, 13, 54, 0, 0, 41, 1, 0, 4, 1, 0, 243, 3, 63]
1552553574833;[171, 0, 17, 255, 161, 76, 221, 13, 55, 0, 0, 43, 1, 0, 5, 1, 0, 243, 2, 217]
1552553574833;[171, 0, 17, 255, 161, 76, 221, 13, 55, 0, 0, 41, 1, 0, 3, 1, 0, 243, 2, 175]
1552553575014;[171, 0, 17, 255, 161, 76, 221, 13, 55, 0, 0, 41, 1, 0, 8, 1, 0, 243, 2, 144]
1552553575015;[171, 0, 17, 255, 161, 76, 221, 13, 55, 0, 0, 41, 1, 0, 6, 1, 0, 246, 2, 99]
1552553575182;[171, 0, 17, 255, 161, 76, 221, 13, 55, 0, 0, 41, 1, 0, 4, 1, 0, 246, 2, 0]
1552553575350;[171, 0, 17, 255, 161, 76, 221, 13, 55, 0, 0, 43, 1, 0, 4, 1, 0, 245, 2, 0]
1552553575350;[171, 0, 17, 255, 161, 76, 221, 13, 55, 0, 0, 44, 1, 0, 7, 1, 0, 246, 1, 173]
1552553575532;[171, 0, 17, 255, 161, 76, 221, 13, 55, 0, 0, 41, 1, 0, 9, 1, 0, 245, 1, 92]
1552553575534;[171, 0, 17, 255, 161, 76, 221, 13, 55, 0, 0, 41, 1, 0, 8, 1, 0, 242, 0, 239]
1552553575867;[171, 0, 4, 255, 132, 128, 65]
1552553575868;[171, 0, 17, 255, 161, 76, 221, 13, 55, 0, 0, 39, 1, 0, 4, 1, 0, 246, 16, 154]
1552553575869;[171, 0, 17, 255, 161, 76, 221, 13, 56, 0, 0, 43, 1, 0, 11, 1, 0, 250, 7, 128]
1552553576103;[171, 0, 17, 255, 161, 76, 221, 13, 56, 0, 0, 31, 1, 0, 18, 1, 1, 3, 7, 79]
1552553576104;[171, 0, 17, 255, 161, 76, 221, 13, 56, 0, 0, 30, 1, 0, 40, 1, 1, 7, 7, 20]
1552553576217;[171, 0, 17, 255, 161, 76, 221, 13, 56, 0, 0, 3, 1, 0, 47, 1, 0, 249, 6, 143]
1552553576218;[171, 0, 17, 255, 161, 76, 221, 13, 56, 0, 0, 12, 1, 0, 11, 1, 0, 239, 6, 61]
1552553576384;[171, 0, 17, 255, 161, 76, 221, 13, 56, 0, 0, 13, 0, 0, 10, 1, 0, 239, 5, 224]
1552553576386;[171, 0, 17, 255, 161, 76, 221, 13, 56, 0, 0, 26, 0, 0, 30, 1, 0, 241, 5, 158]
1552553576567;[171, 0, 17, 255, 161, 76, 221, 13, 56, 0, 0, 26, 0, 0, 50, 1, 0, 245, 5, 64]
1552553576735;[171, 0, 17, 255, 161, 76, 221, 13, 56, 0, 0, 29, 0, 0, 40, 1, 0, 234, 4, 142]
1552553576736;[171, 0, 4, 255, 132, 128, 66]
1552553576902;[171, 0, 17, 255, 161, 76, 221, 13, 56, 0, 0, 33, 0, 0, 10, 1, 1, 3, 3, 114]
1552553576902;[171, 0, 17, 255, 161, 76, 221, 13, 57, 1, 0, 15, 1, 0, 8, 1, 1, 20, 3, 114]
1552553577071;[171, 0, 17, 255, 161, 76, 221, 13, 57, 1, 0, 15, 0, 0, 4, 1, 0, 234, 3, 56]
1552553577253;[171, 0, 17, 255, 161, 76, 221, 13, 57, 1, 0, 10, 0, 0, 4, 1, 0, 254, 3, 23]
1552553577254;[171, 0, 17, 255, 161, 76, 221, 13, 57, 0, 0, 17, 0, 0, 16, 1, 1, 11, 3, 43]
1552553577420;[171, 0, 17, 255, 161, 76, 221, 13, 57, 1, 0, 10, 0, 0, 4, 1, 0, 246, 3, 44]
1552553577421;[171, 0, 17, 255, 161, 76, 221, 13, 57, 0, 0, 1, 1, 0, 5, 1, 0, 249, 3, 30]
1552553577588;[171, 0, 17, 255, 161, 76, 221, 13, 57, 1, 0, 12, 1, 0, 5, 1, 0, 254, 3, 27]
1552553577604;[171, 0, 17, 255, 161, 76, 221, 13, 57, 1, 0, 8, 1, 0, 1, 1, 1, 3, 2, 255]
1552553577771;[171, 0, 17, 255, 161, 76, 221, 13, 57, 1, 0, 1, 1, 0, 5, 1, 0, 249, 2, 211]
1552553577938;[171, 0, 4, 255, 132, 128, 66]
1552553577939;[171, 0, 17, 255, 161, 76, 221, 13, 57, 0, 0, 5, 0, 0, 3, 1, 0, 249, 2, 170]
1552553578106;[171, 0, 17, 255, 161, 76, 221, 13, 58, 0, 0, 1, 0, 0, 3, 1, 0, 250, 2, 144]
1552553578106;[171, 0, 17, 255, 161, 76, 221, 13, 58, 0, 0, 1, 0, 0, 4, 1, 0, 249, 2, 172]
1552553578289;[171, 0, 17, 255, 161, 76, 221, 13, 58, 0, 0, 1, 0, 0, 9, 1, 0, 250, 2, 201]
1552553578290;[171, 0, 17, 255, 161, 76, 221, 13, 58, 0, 0, 7, 0, 0, 21, 1, 1, 3, 2, 227]
1552553578456;[171, 0, 17, 255, 161, 76, 221, 13, 58, 1, 0, 3, 0, 0, 9, 1, 0, 255, 2, 238]
1552553578624;[171, 0, 17, 255, 161, 76, 221, 13, 58, 1, 0, 1, 0, 0, 8, 1, 0, 239, 2, 251]
1552553578625;[171, 0, 17, 255, 161, 76, 221, 13, 58, 1, 0, 14, 1, 0, 15, 1, 0, 216, 2, 242]
1552553578808;[171, 0, 17, 255, 161, 76, 221, 13, 58, 1, 0, 1, 1, 0, 28, 1, 0, 219, 2, 242]
1552553578809;[171, 0, 17, 255, 161, 76, 221, 13, 58, 0, 0, 33, 0, 0, 12, 1, 0, 236, 2, 236]
1552553579142;[171, 0, 4, 255, 132, 128, 66]
1552553579143;[171, 0, 17, 255, 161, 76, 221, 13, 58, 0, 0, 40, 0, 0, 3, 1, 0, 249, 3, 43]
1552553579161;[171, 0, 17, 255, 161, 76, 221, 13, 59, 0, 0, 30, 1, 0, 15, 1, 0, 253, 3, 140]
1552553579325;[171, 0, 17, 255, 161, 76, 221, 13, 59, 0, 0, 48, 1, 0, 3, 1, 0, 243, 3, 189]
1552553579326;[171, 0, 17, 255, 161, 76, 221, 13, 59, 0, 0, 49, 1, 0, 7, 1, 0, 241, 4, 3]
1552553579491;[171, 0, 17, 255, 161, 76, 221, 13, 59, 0, 0, 59, 1, 0, 3, 1, 0, 241, 4, 52]
1552553579492;[171, 0, 17, 255, 161, 76, 221, 13, 59, 0, 0, 60, 1, 0, 4, 1, 0, 241, 4, 102]
1552553579660;[171, 0, 17, 255, 161, 76, 221, 13, 59, 0, 0, 54, 1, 0, 5, 1, 0, 241, 4, 118]
1552553579843;[171, 0, 17, 255, 161, 76, 221, 13, 59, 0, 0, 59, 1, 0, 5, 1, 0, 240, 4, 174]
1552553579843;[171, 0, 17, 255, 161, 76, 221, 13, 59, 0, 0, 57, 1, 0, 1, 1, 0, 239, 5, 54]
1552553580178;[171, 0, 17, 255, 161, 76, 221, 13, 59, 0, 0, 59, 1, 0, 3, 1, 0, 239, 5, 112]
1552553580180;[171, 0, 4, 255, 132, 128, 66]
1552553580181;[171, 0, 17, 255, 161, 76, 221, 13, 59, 0, 0, 54, 1, 0, 3, 1, 0, 242, 5, 200]
1552553580181;[171, 0, 17, 255, 161, 76, 221, 13, 64, 0, 0, 55, 1, 0, 3, 1, 0, 241, 6, 124]
1552553580361;[171, 0, 17, 255, 161, 76, 221, 13, 64, 0, 0, 59, 1, 0, 4, 1, 0, 240, 7, 32]
1552553580528;[171, 0, 17, 255, 161, 76, 221, 13, 64, 0, 0, 55, 1, 0, 4, 1, 0, 240, 7, 148]
1552553580528;[171, 0, 17, 255, 161, 76, 221, 13, 64, 0, 0, 59, 1, 0, 8, 1, 0, 242, 8, 11]
1552553580879;[171, 0, 17, 255, 161, 76, 221, 13, 64, 0, 0, 62, 1, 0, 4, 1, 0, 241, 8, 222]
1552553580880;[171, 0, 17, 255, 161, 76, 221, 13, 64, 0, 0, 55, 1, 0, 5, 1, 0, 242, 9, 191]
1552553580880;[171, 0, 17, 255, 161, 76, 221, 13, 64, 0, 0, 53, 1, 0, 5, 1, 0, 241, 10, 78]
1552553581046;[171, 0, 17, 255, 161, 76, 221, 13, 64, 0, 0, 56, 1, 0, 8, 1, 0, 243, 10, 216]
1552553581047;[171, 0, 17, 255, 161, 76, 221, 13, 64, 0, 0, 58, 1, 0, 2, 1, 0, 242, 11, 55]
1552553581213;[171, 0, 4, 255, 132, 128, 66]
1552553581215;[171, 0, 17, 255, 161, 76, 221, 13, 64, 0, 0, 57, 1, 0, 4, 1, 0, 241, 11, 126]
1552553581397;[171, 0, 17, 255, 161, 76, 221, 13, 65, 0, 0, 55, 1, 0, 1, 1, 0, 241, 11, 188]
1552553581397;[171, 0, 17, 255, 161, 76, 221, 13, 65, 0, 0, 55, 1, 0, 3, 1, 0, 241, 12, 47]
1552553581563;[171, 0, 17, 255, 161, 76, 221, 13, 65, 0, 0, 59, 1, 0, 2, 1, 0, 240, 12, 219]
1552553581731;[171, 0, 17, 255, 161, 76, 221, 13, 65, 0, 0, 57, 1, 0, 4, 1, 0, 240, 12, 219]
1552553581732;[171, 0, 17, 255, 161, 76, 221, 13, 65, 0, 0, 59, 1, 0, 5, 1, 0, 241, 13, 20]
1552553581914;[171, 0, 17, 255, 161, 76, 221, 13, 65, 0, 0, 54, 1, 0, 4, 1, 0, 240, 13, 85]
1552553581915;[171, 0, 17, 255, 161, 76, 221, 13, 65, 0, 0, 51, 1, 0, 5, 1, 0, 242, 13, 116]
1552553582081;[171, 0, 17, 255, 161, 76, 221, 13, 65, 0, 0, 55, 1, 0, 5, 1, 0, 240, 13, 104]
1552553582249;[171, 0, 17, 255, 161, 76, 221, 13, 65, 0, 0, 57, 1, 0, 4, 1, 0, 240, 13, 108]
1552553582249;[171, 0, 4, 255, 132, 128, 67]
1552553582433;[171, 0, 17, 255, 161, 76, 221, 13, 65, 0, 0, 51, 1, 0, 7, 1, 0, 241, 13, 215]
1552553582434;[171, 0, 17, 255, 161, 76, 221, 13, 66, 0, 0, 54, 1, 0, 5, 1, 0, 240, 14, 45]
1552553582599;[171, 0, 17, 255, 161, 76, 221, 13, 66, 0, 0, 52, 1, 0, 3, 1, 0, 241, 14, 68]
1552553582600;[171, 0, 17, 255, 161, 76, 221, 13, 66, 0, 0, 55, 1, 0, 4, 1, 0, 242, 14, 83]
1552553582767;[171, 0, 17, 255, 161, 76, 221, 13, 66, 0, 0, 55, 1, 0, 4, 1, 0, 240, 14, 76]
1552553582935;[171, 0, 17, 255, 161, 76, 221, 13, 66, 0, 0, 53, 1, 0, 5, 1, 0, 241, 14, 47]
1552553582950;[171, 0, 17, 255, 161, 76, 221, 13, 66, 0, 0, 58, 1, 0, 5, 1, 0, 242, 14, 7]
1552553583117;[171, 0, 17, 255, 161, 76, 221, 13, 66, 0, 0, 54, 1, 0, 4, 1, 0, 240, 13, 244]
1552553583118;[171, 0, 17, 255, 161, 76, 221, 13, 66, 0, 0, 55, 1, 0, 5, 1, 0, 243, 13, 201]
1552553583285;[171, 0, 17, 255, 161, 76, 221, 13, 66, 0, 0, 60, 1, 0, 5, 1, 0, 242, 14, 23]
1552553583285;[171, 0, 4, 255, 132, 128, 67]
1552553583468;[171, 0, 17, 255, 161, 76, 221, 13, 66, 0, 0, 60, 1, 0, 1, 1, 0, 242, 14, 50]
1552553583635;[171, 0, 17, 255, 161, 76, 221, 13, 67, 0, 0, 51, 1, 0, 7, 1, 0, 240, 14, 57]
1552553583636;[171, 0, 17, 255, 161, 76, 221, 13, 67, 0, 0, 52, 1, 0, 3, 1, 0, 239, 14, 46]
1552553583802;[171, 0, 17, 255, 161, 76, 221, 13, 67, 0, 0, 55, 1, 0, 6, 1, 0, 242, 14, 20]
1552553583803;[171, 0, 17, 255, 161, 76, 221, 13, 67, 0, 0, 56, 1, 0, 4, 1, 0, 240, 13, 231]
1552553583970;[171, 0, 17, 255, 161, 76, 221, 13, 67, 0, 0, 59, 1, 0, 6, 1, 0, 242, 13, 183]
1552553584153;[171, 0, 17, 255, 161, 76, 221, 13, 67, 0, 0, 57, 1, 0, 4, 1, 0, 240, 13, 115]
1552553584154;[171, 0, 17, 255, 161, 76, 221, 13, 67, 0, 0, 59, 1, 0, 4, 1, 0, 241, 13, 119]
1552553584322;[171, 0, 17, 255, 161, 76, 221, 13, 67, 0, 0, 53, 1, 0, 8, 1, 0, 242, 13, 134]
1552553584322;[171, 0, 17, 255, 161, 76, 221, 13, 67, 0, 0, 55, 1, 0, 6, 1, 0, 241, 13, 107]
1552553584488;[171, 0, 4, 255, 132, 128, 68]
1552553584507;[171, 0, 17, 255, 161, 76, 221, 13, 67, 0, 0, 51, 1, 0, 5, 1, 0, 240, 13, 88]
1552553584671;[171, 0, 17, 255, 161, 76, 221, 13, 68, 0, 0, 57, 1, 0, 4, 1, 0, 239, 13, 38]
1552553584840;[171, 0, 17, 255, 161, 76, 221, 13, 68, 0, 0, 53, 1, 0, 5, 1, 0, 241, 12, 249]
1552553585189;[171, 0, 17, 255, 161, 76, 221, 13, 68, 0, 0, 52, 1, 0, 3, 1, 0, 241, 12, 194]
1552553585356;[171, 0, 17, 255, 161, 76, 221, 13, 68, 0, 0, 59, 1, 0, 4, 1, 0, 241, 12, 131]
1552553585357;[171, 0, 17, 255, 161, 76, 221, 13, 68, 0, 0, 56, 1, 0, 8, 1, 0, 242, 12, 78]
1552553585357;[171, 0, 17, 255, 161, 76, 221, 13, 68, 0, 0, 57, 1, 0, 3, 1, 0, 236, 12, 70]
1552553585358;[171, 0, 17, 255, 161, 76, 221, 13, 68, 0, 0, 58, 1, 0, 4, 1, 0, 241, 12, 87]
1552553585359;[171, 0, 17, 255, 161, 76, 221, 13, 68, 0, 0, 57, 1, 0, 5, 1, 0, 241, 12, 90]
1552553585525;[171, 0, 17, 255, 161, 76, 221, 13, 68, 0, 0, 54, 1, 0, 4, 1, 0, 240, 12, 74]
1552553585525;[171, 0, 4, 255, 132, 128, 69]
1552553585708;[171, 0, 17, 255, 161, 76, 221, 13, 68, 0, 0, 55, 1, 0, 5, 1, 0, 241, 12, 38]
1552553585708;[171, 0, 17, 255, 161, 76, 221, 13, 69, 0, 0, 60, 1, 0, 3, 1, 0, 242, 12, 4]
1552553585874;[171, 0, 17, 255, 161, 76, 221, 13, 69, 0, 0, 59, 1, 0, 8, 1, 0, 240, 11, 140]
1552553586042;[171, 0, 17, 255, 161, 76, 221, 13, 69, 0, 0, 62, 1, 0, 3, 1, 0, 239, 11, 75]
1552553586043;[171, 0, 17, 255, 161, 76, 221, 13, 69, 0, 0, 57, 1, 0, 3, 1, 0, 241, 11, 26]
1552553586225;[171, 0, 17, 255, 161, 76, 221, 13, 69, 0, 0, 55, 1, 0, 3, 1, 0, 241, 11, 10]
1552553586226;[171, 0, 17, 255, 161, 76, 221, 13, 69, 0, 0, 56, 1, 0, 5, 1, 0, 240, 11, 27]
1552553586393;[171, 0, 17, 255, 161, 76, 221, 13, 69, 0, 0, 57, 1, 0, 4, 1, 0, 241, 11, 31]
1552553586393;[171, 0, 17, 255, 161, 76, 221, 13, 69, 0, 0, 55, 1, 0, 7, 1, 0, 239, 11, 29]
1552553586561;[171, 0, 17, 255, 161, 76, 221, 13, 69, 0, 0, 59, 1, 0, 4, 1, 0, 241, 10, 30]
1552553586910;[171, 0, 4, 255, 132, 128, 69]
1552553586911;[171, 0, 17, 255, 161, 76, 221, 13, 69, 0, 0, 58, 1, 0, 8, 1, 0, 241, 8, 237]
1552553586912;[171, 0, 17, 255, 161, 76, 221, 13, 70, 0, 0, 63, 1, 0, 7, 1, 0, 236, 7, 155]
1552553586913;[171, 0, 17, 255, 161, 76, 221, 13, 70, 0, 0, 41, 1, 0, 5, 1, 0, 241, 5, 223]
1552553587080;[171, 0, 17, 255, 161, 76, 221, 13, 70, 0, 0, 47, 1, 0, 5, 1, 0, 243, 3, 220]
1552553587080;[171, 0, 17, 255, 161, 76, 221, 13, 70, 0, 0, 49, 1, 0, 4, 1, 0, 240, 3, 220]
1552553587429;[171, 0, 17, 255, 161, 76, 221, 13, 70, 0, 0, 47, 1, 0, 8, 1, 0, 241, 3, 220]
1552553587429;[171, 0, 17, 255, 161, 76, 221, 13, 70, 0, 0, 54, 1, 0, 11, 1, 0, 241, 3, 34]
1552553587430;[171, 0, 17, 255, 161, 76, 221, 13, 70, 0, 0, 58, 1, 0, 4, 1, 0, 239, 2, 74]
1552553587596;[171, 0, 17, 255, 161, 76, 221, 13, 70, 0, 0, 70, 1, 0, 11, 1, 0, 231, 2, 85]
1552553587597;[171, 0, 17, 255, 161, 76, 221, 13, 70, 0, 0, 74, 1, 0, 8, 1, 0, 237, 1, 132]
1552553587779;[171, 0, 4, 255, 132, 128, 69]
1552553587980;[171, 0, 17, 255, 161, 76, 221, 13, 70, 0, 0, 48, 1, 0, 9, 1, 0, 246, 16, 68]
1552553587981;[171, 0, 17, 255, 161, 76, 221, 13, 71, 0, 0, 47, 1, 0, 14, 1, 0, 243, 7, 118]
1552553588114;[171, 0, 17, 255, 161, 76, 221, 13, 71, 0, 0, 51, 1, 0, 11, 1, 0, 242, 6, 244]
1552553588115;[171, 0, 17, 255, 161, 76, 221, 13, 71, 0, 0, 60, 1, 0, 11, 1, 0, 243, 6, 244]
1552553588297;[171, 0, 17, 255, 161, 76, 221, 13, 71, 0, 0, 55, 1, 0, 16, 1, 0, 247, 6, 218]
1552553588297;[171, 0, 17, 255, 161, 76, 221, 13, 71, 0, 0, 69, 1, 0, 8, 1, 0, 222, 7, 3]
1552553588464;[171, 0, 17, 255, 161, 76, 221, 13, 71, 0, 0, 45, 1, 0, 8, 1, 0, 234, 6, 223]
1552553588631;[171, 0, 17, 255, 161, 76, 221, 13, 71, 0, 0, 28, 1, 0, 1, 1, 0, 243, 5, 252]
1552553588632;[171, 0, 17, 255, 161, 76, 221, 13, 71, 0, 0, 39, 1, 0, 12, 1, 0, 246, 6, 155]
1552553588816;[171, 0, 17, 255, 161, 76, 221, 13, 71, 0, 0, 44, 1, 0, 6, 1, 0, 243, 7, 25]
1552553588816;[171, 0, 4, 255, 132, 128, 69]
1552553588982;[171, 0, 17, 255, 161, 76, 221, 13, 71, 0, 0, 59, 1, 0, 3, 1, 0, 241, 7, 182]
1552553589150;[171, 0, 17, 255, 161, 76, 221, 13, 72, 0, 0, 52, 1, 0, 8, 1, 0, 242, 8, 57]
1552553589151;[171, 0, 17, 255, 161, 76, 221, 13, 72, 0, 0, 52, 1, 0, 4, 1, 0, 242, 8, 249]
1552553589318;[171, 0, 17, 255, 161, 76, 221, 13, 72, 0, 0, 49, 1, 0, 11, 1, 0, 242, 9, 177]
1552553589333;[171, 0, 17, 255, 161, 76, 221, 13, 72, 0, 0, 49, 1, 0, 3, 1, 0, 241, 10, 69]
1552553589523;[171, 0, 17, 255, 161, 76, 221, 13, 72, 0, 0, 52, 1, 0, 4, 1, 0, 242, 11, 1]
1552553589524;[171, 0, 17, 255, 161, 76, 221, 13, 72, 0, 0, 52, 1, 0, 5, 1, 0, 241, 11, 176]
1552553589668;[171, 0, 17, 255, 161, 76, 221, 13, 72, 0, 0, 51, 1, 0, 5, 1, 0, 243, 12, 61]
1552553589836;[171, 0, 17, 255, 161, 76, 221, 13, 72, 0, 0, 47, 1, 0, 5, 1, 0, 240, 12, 187]
1552553589837;[171, 0, 17, 255, 161, 76, 221, 13, 72, 0, 0, 49, 1, 0, 4, 1, 0, 243, 13, 33]
1552553590020;[171, 0, 4, 255, 132, 128, 69]
1552553590021;[171, 0, 17, 255, 161, 76, 221, 13, 72, 0, 0, 51, 1, 0, 4, 1, 0, 242, 13, 165]
1552553590187;[171, 0, 17, 255, 161, 76, 221, 13, 73, 0, 0, 51, 1, 0, 3, 1, 0, 241, 14, 179]
1552553590189;[171, 0, 17, 255, 161, 76, 221, 13, 73, 0, 0, 47, 1, 0, 4, 1, 0, 242, 31, 123]
1552553590355;[171, 0, 17, 255, 161, 76, 221, 13, 73, 0, 0, 51, 1, 0, 4, 1, 0, 242, 8, 128]
1552553590538;[171, 0, 17, 255, 161, 76, 221, 13, 73, 0, 0, 51, 1, 0, 5, 1, 0, 242, 8, 128]
1552553590538;[171, 0, 17, 255, 161, 76, 221, 13, 73, 0, 0, 47, 1, 0, 3, 1, 0, 242, 9, 23]
1552553590704;[171, 0, 17, 255, 161, 76, 221, 13, 73, 0, 0, 47, 1, 0, 5, 1, 0, 242, 9, 154]
1552553590705;[171, 0, 17, 255, 161, 76, 221, 13, 73, 0, 0, 51, 1, 0, 3, 1, 0, 241, 10, 11]
1552553590871;[171, 0, 17, 255, 161, 76, 221, 13, 73, 0, 0, 51, 1, 0, 5, 1, 0, 241, 10, 189]
1552553591055;[171, 0, 17, 255, 161, 76, 221, 13, 73, 0, 0, 51, 1, 0, 4, 1, 0, 243, 11, 232]
1552553591056;[171, 0, 4, 255, 132, 128, 69]
1552553591222;[171, 0, 17, 255, 161, 76, 221, 13, 73, 0, 0, 53, 1, 0, 4, 1, 0, 243, 12, 205]
1552553591223;[171, 0, 17, 255, 161, 76, 221, 13, 74, 0, 0, 51, 1, 0, 3, 1, 0, 241, 13, 123]
1552553591389;[171, 0, 17, 255, 161, 76, 221, 13, 74, 0, 0, 49, 1, 0, 5, 1, 0, 241, 14, 29]
1552553591389;[171, 0, 17, 255, 161, 76, 221, 13, 74, 0, 0, 55, 1, 0, 7, 1, 0, 243, 14, 29]
1552553591573;[171, 0, 17, 255, 161, 76, 221, 13, 74, 0, 0, 52, 1, 0, 3, 1, 0, 241, 14, 107]
1552553591740;[171, 0, 17, 255, 161, 76, 221, 13, 74, 0, 0, 49, 1, 0, 4, 1, 0, 241, 14, 169]
1552553591740;[171, 0, 17, 255, 161, 76, 221, 13, 74, 0, 0, 51, 1, 0, 7, 1, 0, 240, 15, 12]
1552553591907;[171, 0, 17, 255, 161, 76, 221, 13, 74, 0, 0, 55, 1, 0, 3, 1, 0, 241, 31, 255]
1552553591907;[171, 0, 17, 255, 161, 76, 221, 13, 74, 0, 0, 51, 1, 0, 5, 1, 0, 243, 8, 128]
1552553592090;[171, 0, 17, 255, 161, 76, 221, 13, 76, 0, 0, 52, 1, 0, 4, 1, 0, 241, 9, 15]
1552553592425;[171, 0, 17, 255, 161, 76, 221, 13, 77, 0, 0, 49, 1, 0, 5, 1, 0, 241, 8, 189]
1552553592426;[171, 0, 17, 255, 161, 76, 221, 13, 77, 0, 0, 52, 1, 0, 4, 1, 0, 242, 8, 112]
1552553592609;[171, 0, 17, 255, 161, 76, 221, 13, 77, 0, 0, 51, 1, 0, 3, 1, 0, 241, 8, 24]
1552553592609;[171, 0, 17, 255, 161, 76, 221, 13, 77, 0, 0, 54, 1, 0, 7, 1, 0, 241, 8, 29]
1552553592776;[171, 0, 17, 255, 161, 76, 221, 13, 77, 0, 0, 47, 1, 0, 4, 1, 0, 242, 8, 53]
1552553592943;[171, 0, 17, 255, 161, 76, 221, 13, 77, 0, 0, 54, 1, 0, 7, 1, 0, 241, 8, 40]
1552553592944;[171, 0, 17, 255, 161, 76, 221, 13, 77, 0, 0, 51, 1, 0, 5, 1, 0, 243, 8, 5]
1552553593126;[171, 0, 17, 255, 161, 76, 221, 13, 77, 0, 0, 52, 1, 0, 4, 1, 0, 242, 7, 213]
1552553593127;[171, 0, 17, 255, 161, 76, 221, 13, 77, 0, 0, 55, 1, 0, 5, 1, 0, 241, 7, 150]
1552553593460;[171, 0, 4, 255, 132, 128, 71]
1552553593461;[171, 0, 17, 255, 161, 76, 221, 13, 77, 0, 0, 49, 1, 0, 4, 1, 0, 239, 7, 77]
1552553593462;[171, 0, 17, 255, 161, 76, 221, 13, 78, 0, 0, 51, 1, 0, 4, 1, 0, 242, 7, 3]
1552553593644;[171, 0, 17, 255, 161, 76, 221, 13, 78, 0, 0, 47, 1, 0, 4, 1, 0, 243, 6, 174]
1552553593645;[171, 0, 17, 255, 161, 76, 221, 13, 78, 0, 0, 54, 1, 0, 4, 1, 0, 241, 6, 87]
1552553593812;[171, 0, 17, 255, 161, 76, 221, 13, 78, 0, 0, 51, 1, 0, 7, 1, 0, 241, 6, 93]
1552553593812;[171, 0, 17, 255, 161, 76, 221, 13, 78, 0, 0, 51, 1, 0, 5, 1, 0, 243, 6, 101]
1552553593979;[171, 0, 17, 255, 161, 76, 221, 13, 78, 0, 0, 51, 1, 0, 4, 1, 0, 242, 6, 85]
1552553593980;[171, 0, 17, 255, 161, 76, 221, 13, 78, 0, 0, 51, 1, 0, 5, 1, 0, 242, 6, 57]
1552553594161;[171, 0, 17, 255, 161, 76, 221, 13, 78, 0, 0, 52, 1, 0, 4, 1, 0, 241, 6, 16]
1552553594329;[171, 0, 17, 255, 161, 76, 221, 13, 78, 0, 0, 47, 1, 0, 4, 1, 0, 243, 5, 215]
1552553594330;[171, 0, 4, 255, 132, 128, 70]
1552553594497;[171, 0, 17, 255, 161, 76, 221, 13, 78, 0, 0, 51, 1, 0, 5, 1, 0, 244, 5, 154]
1552553594498;[171, 0, 17, 255, 161, 76, 221, 13, 79, 0, 0, 48, 1, 0, 6, 1, 0, 243, 5, 92]
1552553594679;[171, 0, 17, 255, 161, 76, 221, 13, 79, 0, 0, 51, 1, 0, 6, 1, 0, 241, 5, 14]
1552553594848;[171, 0, 17, 255, 161, 76, 221, 13, 79, 0, 0, 49, 1, 0, 5, 1, 0, 241, 4, 234]
1552553594848;[171, 0, 17, 255, 161, 76, 221, 13, 79, 0, 0, 51, 1, 0, 4, 1, 0, 241, 4, 248]
1552553595014;[171, 0, 17, 255, 161, 76, 221, 13, 79, 0, 0, 49, 1, 0, 5, 1, 0, 243, 4, 244]
1552553595015;[171, 0, 17, 255, 161, 76, 221, 13, 79, 0, 0, 51, 1, 0, 4, 1, 0, 241, 4, 225]
1552553595182;[171, 0, 17, 255, 161, 76, 221, 13, 79, 0, 0, 51, 1, 0, 7, 1, 0, 242, 4, 190]
1552553595197;[171, 0, 17, 255, 161, 76, 221, 13, 79, 0, 0, 51, 1, 0, 5, 1, 0, 242, 4, 145]
1552553595366;[171, 0, 17, 255, 161, 76, 221, 13, 79, 0, 0, 51, 1, 0, 4, 1, 0, 241, 4, 89]
1552553595533;[171, 0, 4, 255, 132, 128, 70]
1552553595534;[171, 0, 17, 255, 161, 76, 221, 13, 79, 0, 0, 51, 1, 0, 8, 1, 0, 242, 4, 24]
1552553595700;[171, 0, 17, 255, 161, 76, 221, 13, 80, 0, 0, 55, 1, 0, 8, 1, 0, 242, 3, 216]
1552553595717;[171, 0, 17, 255, 161, 76, 221, 13, 80, 0, 0, 48, 1, 0, 7, 1, 0, 240, 3, 147]
1552553595883;[171, 0, 17, 255, 161, 76, 221, 13, 80, 0, 0, 47, 1, 0, 6, 1, 0, 243, 3, 94]
1552553596050;[171, 0, 17, 255, 161, 76, 221, 13, 80, 0, 0, 52, 1, 0, 8, 1, 0, 241, 3, 137]
1552553596218;[171, 0, 17, 255, 161, 76, 221, 13, 80, 0, 0, 50, 1, 0, 6, 1, 0, 242, 3, 172]
1552553596402;[171, 0, 17, 255, 161, 76, 221, 13, 80, 0, 0, 51, 1, 0, 4, 1, 0, 242, 3, 176]
1552553596402;[171, 0, 17, 255, 161, 76, 221, 13, 80, 0, 0, 51, 1, 0, 9, 1, 0, 242, 3, 188]
1552553596403;[171, 0, 17, 255, 161, 76, 221, 13, 80, 0, 0, 47, 1, 0, 4, 1, 0, 241, 3, 170]
1552553596403;[171, 0, 17, 255, 161, 76, 221, 13, 80, 0, 0, 49, 1, 0, 6, 1, 0, 243, 3, 147]
1552553596569;[171, 0, 4, 255, 132, 128, 69]
1552553596735;[171, 0, 17, 255, 161, 76, 221, 13, 80, 0, 0, 51, 1, 0, 7, 1, 0, 241, 3, 105]
1552553596736;[171, 0, 17, 255, 161, 76, 221, 13, 81, 0, 0, 51, 1, 0, 7, 1, 0, 242, 3, 64]
1552553596920;[171, 0, 17, 255, 161, 76, 221, 13, 81, 0, 0, 49, 1, 0, 8, 1, 0, 240, 3, 11]
1552553596921;[171, 0, 17, 255, 161, 76, 221, 13, 81, 0, 0, 51, 1, 0, 4, 1, 0, 242, 2, 216]
1552553597254;[171, 0, 17, 255, 161, 76, 221, 13, 81, 0, 0, 51, 1, 0, 2, 1, 0, 242, 2, 179]
1552553597254;[171, 0, 17, 255, 161, 76, 221, 13, 81, 0, 0, 49, 1, 0, 6, 1, 0, 242, 2, 231]
1552553597270;[171, 0, 17, 255, 161, 76, 221, 13, 81, 0, 0, 47, 1, 0, 3, 1, 0, 241, 3, 23]
1552553597438;[171, 0, 17, 255, 161, 76, 221, 13, 81, 0, 0, 51, 1, 0, 6, 1, 0, 240, 3, 57]
1552553597438;[171, 0, 17, 255, 161, 76, 221, 13, 81, 0, 0, 49, 1, 0, 4, 1, 0, 243, 3, 78]
1552553597605;[171, 0, 17, 255, 161, 76, 221, 13, 81, 0, 0, 50, 1, 0, 7, 1, 0, 243, 3, 81]
1552553597606;[171, 0, 4, 255, 132, 128, 69]
1552553597771;[171, 0, 17, 255, 161, 76, 221, 13, 81, 0, 0, 52, 1, 0, 3, 1, 0, 242, 3, 63]
1552553597955;[171, 0, 17, 255, 161, 76, 221, 13, 82, 0, 0, 54, 1, 0, 5, 1, 0, 242, 3, 57]
1552553597956;[171, 0, 17, 255, 161, 76, 221, 13, 82, 0, 0, 51, 1, 0, 4, 1, 0, 243, 3, 26]
1552553598289;[171, 0, 17, 255, 161, 76, 221, 13, 82, 0, 0, 55, 1, 0, 7, 1, 0, 241, 2, 248]
1552553598991;[171, 0, 17, 255, 161, 76, 221, 13, 82, 0, 0, 54, 1, 0, 7, 1, 0, 241, 2, 206]
1552553598992;[171, 0, 17, 255, 161, 76, 221, 13, 82, 0, 0, 51, 1, 0, 10, 1, 0, 241, 2, 250]
1552553598992;[171, 0, 17, 255, 161, 76, 221, 13, 82, 0, 0, 51, 1, 0, 4, 1, 0, 240, 3, 52]
1552553599007;[171, 0, 17, 255, 161, 76, 221, 13, 82, 0, 0, 51, 1, 0, 4, 1, 0, 242, 3, 76]
1552553599008;[171, 0, 17, 255, 161, 76, 221, 13, 82, 0, 0, 51, 1, 0, 7, 1, 0, 240, 3, 82]
1552553599009;[171, 0, 17, 255, 161, 76, 221, 13, 82, 0, 0, 54, 1, 0, 7, 1, 0, 241, 3, 86]
1552553599009;[171, 0, 4, 255, 132, 128, 68]
1552553599010;[171, 0, 17, 255, 161, 76, 221, 13, 82, 0, 0, 49, 1, 0, 7, 1, 0, 242, 3, 69]
1552553599159;[171, 0, 17, 255, 161, 76, 221, 13, 83, 0, 0, 49, 1, 0, 7, 1, 0, 242, 3, 49]
1552553599509;[171, 0, 17, 255, 161, 76, 221, 13, 83, 0, 0, 49, 1, 0, 7, 1, 0, 241, 3, 4]
1552553599677;[171, 0, 17, 255, 161, 76, 221, 13, 83, 0, 0, 51, 1, 0, 10, 1, 0, 245, 2, 205]
1552553599677;[171, 0, 17, 255, 161, 76, 221, 13, 83, 0, 0, 51, 1, 0, 5, 1, 0, 242, 2, 223]
1552553599678;[171, 0, 17, 255, 161, 76, 221, 13, 83, 0, 0, 49, 1, 0, 5, 1, 0, 242, 3, 31]
1552553599678;[171, 0, 17, 255, 161, 76, 221, 13, 83, 0, 0, 51, 1, 0, 9, 1, 0, 243, 3, 78]
1552553599844;[171, 0, 17, 255, 161, 76, 221, 13, 83, 0, 0, 49, 1, 0, 6, 1, 0, 242, 3, 109]
1552553599845;[171, 0, 17, 255, 161, 76, 221, 13, 83, 0, 0, 51, 1, 0, 4, 1, 0, 242, 3, 116]
1552553600027;[171, 0, 17, 255, 161, 76, 221, 13, 83, 0, 0, 51, 1, 0, 4, 1, 0, 242, 3, 116]
1552553600027;[171, 0, 4, 255, 132, 128, 67]
1552553600194;[171, 0, 17, 255, 161, 76, 221, 13, 83, 0, 0, 54, 1, 0, 3, 1, 0, 242, 3, 88]
1552553600195;[171, 0, 17, 255, 161, 76, 221, 13, 84, 0, 0, 51, 1, 0, 3, 1, 0, 241, 3, 64]
1552553600362;[171, 0, 17, 255, 161, 76, 221, 13, 84, 0, 0, 51, 1, 0, 3, 1, 0, 241, 3, 32]
1552553600544;[171, 0, 17, 255, 161, 76, 221, 13, 84, 0, 0, 51, 1, 0, 8, 1, 0, 241, 2, 238]
1552553600712;[171, 0, 17, 255, 161, 76, 221, 13, 84, 0, 0, 45, 1, 0, 7, 1, 0, 242, 3, 2]
1552553601062;[171, 0, 17, 255, 161, 76, 221, 13, 84, 0, 0, 47, 1, 0, 8, 1, 0, 242, 3, 66]
1552553601062;[171, 0, 17, 255, 161, 76, 221, 13, 84, 0, 0, 51, 1, 0, 7, 1, 0, 242, 3, 98]
1552553601063;[171, 0, 17, 255, 161, 76, 221, 13, 84, 0, 0, 51, 1, 0, 3, 1, 0, 242, 3, 132]
1552553601064;[171, 0, 17, 255, 161, 76, 221, 13, 84, 0, 0, 54, 1, 0, 5, 1, 0, 242, 3, 141]
1552553601064;[171, 0, 17, 255, 161, 76, 221, 13, 84, 0, 0, 51, 1, 0, 8, 1, 0, 241, 3, 135]
1552553601230;[171, 0, 4, 255, 132, 128, 67]
1552553601231;[171, 0, 17, 255, 161, 76, 221, 13, 84, 0, 0, 54, 1, 0, 4, 1, 0, 242, 3, 110]
1552553601397;[171, 0, 17, 255, 161, 76, 221, 13, 85, 0, 0, 51, 1, 0, 4, 1, 0, 241, 3, 87]
1552553601398;[171, 0, 17, 255, 161, 76, 221, 13, 85, 0, 0, 51, 1, 0, 8, 1, 0, 241, 3, 46]
1552553601565;[171, 0, 17, 255, 161, 76, 221, 13, 85, 0, 0, 51, 1, 0, 7, 1, 0, 240, 3, 8]
1552553601748;[171, 0, 17, 255, 161, 76, 221, 13, 85, 0, 0, 51, 1, 0, 7, 1, 0, 242, 3, 30]
1552553601748;[171, 0, 17, 255, 161, 76, 221, 13, 85, 0, 0, 51, 1, 0, 9, 1, 0, 242, 3, 79]
1552553601917;[171, 0, 17, 255, 161, 76, 221, 13, 85, 0, 0, 52, 1, 0, 5, 1, 0, 244, 3, 94]
1552553602082;[171, 0, 17, 255, 161, 76, 221, 13, 85, 0, 0, 47, 1, 0, 4, 1, 0, 242, 3, 119]
1552553602098;[171, 0, 17, 255, 161, 76, 221, 13, 85, 0, 0, 51, 1, 0, 3, 1, 0, 241, 3, 112]
1552553602100;[171, 0, 17, 255, 161, 76, 221, 13, 85, 0, 0, 49, 1, 0, 6, 1, 0, 243, 3, 95]
1552553602265;[171, 0, 4, 255, 132, 128, 66]
1552553602433;[171, 0, 17, 255, 161, 76, 221, 13, 85, 0, 0, 52, 1, 0, 6, 1, 0, 242, 3, 71]
1552553602435;[171, 0, 17, 255, 161, 76, 221, 13, 86, 0, 0, 55, 1, 0, 5, 1, 0, 242, 3, 28]
1552553602784;[171, 0, 17, 255, 161, 76, 221, 13, 86, 0, 0, 52, 1, 0, 8, 1, 0, 243, 2, 240]
1552553602785;[171, 0, 17, 255, 161, 76, 221, 13, 86, 0, 0, 47, 1, 0, 7, 1, 0, 241, 2, 199]
1552553602785;[171, 0, 17, 255, 161, 76, 221, 13, 86, 0, 0, 51, 1, 0, 3, 1, 0, 243, 3, 2]
1552553602786;[171, 0, 17, 255, 161, 76, 221, 13, 86, 0, 0, 55, 1, 0, 5, 1, 0, 241, 3, 42]
1552553602952;[171, 0, 17, 255, 161, 76, 221, 13, 86, 0, 0, 52, 1, 0, 5, 1, 0, 243, 3, 49]
1552553603137;[171, 0, 17, 255, 161, 76, 221, 13, 86, 0, 0, 49, 1, 0, 3, 1, 0, 243, 3, 62]
1552553603139;[171, 0, 17, 255, 161, 76, 221, 13, 86, 0, 0, 49, 1, 0, 5, 1, 0, 242, 3, 47]
1552553603302;[171, 0, 17, 255, 161, 76, 221, 13, 86, 0, 0, 51, 1, 0, 4, 1, 0, 243, 3, 24]
1552553603303;[171, 0, 4, 255, 132, 128, 65]
1552553603636;[171, 0, 17, 255, 161, 76, 221, 13, 86, 0, 0, 51, 1, 0, 6, 1, 0, 242, 2, 239]
1552553603637;[171, 0, 17, 255, 161, 76, 221, 13, 87, 0, 0, 51, 1, 0, 3, 1, 0, 242, 2, 210]
1552553603654;[171, 0, 17, 255, 161, 76, 221, 13, 87, 0, 0, 49, 1, 0, 8, 1, 0, 243, 2, 162]
1552553603820;[171, 0, 17, 255, 161, 76, 221, 13, 87, 0, 0, 49, 1, 0, 7, 1, 0, 240, 2, 105]
1552553603821;[171, 0, 17, 255, 161, 76, 221, 13, 87, 0, 0, 50, 1, 0, 7, 1, 0, 243, 2, 95]
1552553603988;[171, 0, 17, 255, 161, 76, 221, 13, 87, 0, 0, 51, 1, 0, 5, 1, 0, 241, 2, 138]
1552553603988;[171, 0, 17, 255, 161, 76, 221, 13, 87, 0, 0, 51, 1, 0, 8, 1, 0, 241, 2, 162]
1552553604155;[171, 0, 17, 255, 161, 76, 221, 13, 87, 0, 0, 51, 1, 0, 5, 1, 0, 243, 2, 170]
1552553604338;[171, 0, 17, 255, 161, 76, 221, 13, 87, 0, 0, 52, 1, 0, 5, 1, 0, 242, 2, 173]
1552553604506;[171, 0, 17, 255, 161, 76, 221, 13, 87, 0, 0, 51, 1, 0, 3, 1, 0, 241, 2, 146]
1552553604506;[171, 0, 4, 255, 132, 128, 65]
1552553604507;[171, 0, 17, 255, 161, 76, 221, 13, 87, 0, 0, 49, 1, 0, 6, 1, 0, 243, 2, 118]
1552553604673;[171, 0, 17, 255, 161, 76, 221, 13, 88, 0, 0, 55, 1, 0, 5, 1, 0, 242, 2, 80]
1552553605023;[171, 0, 17, 255, 161, 76, 221, 13, 88, 0, 0, 44, 1, 0, 3, 1, 0, 242, 2, 27]
1552553605024;[171, 0, 17, 255, 161, 76, 221, 13, 88, 0, 0, 51, 1, 0, 3, 1, 0, 241, 1, 235]
1552553605024;[171, 0, 17, 255, 161, 76, 221, 13, 88, 0, 0, 50, 1, 0, 5, 1, 0, 243, 1, 213]
1552553605025;[171, 0, 17, 255, 161, 76, 221, 13, 88, 0, 0, 51, 1, 0, 5, 1, 0, 242, 1, 240]
1552553605190;[171, 0, 17, 255, 161, 76, 221, 13, 88, 0, 0, 51, 1, 0, 7, 1, 0, 242, 1, 254]
1552553605191;[171, 0, 17, 255, 161, 76, 221, 13, 88, 0, 0, 47, 1, 0, 3, 1, 0, 242, 1, 249]
1552553605374;[171, 0, 17, 255, 161, 76, 221, 13, 88, 0, 0, 52, 1, 0, 5, 1, 0, 241, 1, 231]
1552553605541;[171, 0, 17, 255, 161, 76, 221, 13, 88, 0, 0, 52, 1, 0, 7, 1, 0, 241, 1, 212]
1552553605542;[171, 0, 4, 255, 132, 128, 64]
1552553605709;[171, 0, 17, 255, 161, 76, 221, 13, 88, 0, 0, 49, 1, 0, 5, 1, 0, 242, 1, 185]
1552553605710;[171, 0, 17, 255, 161, 76, 221, 13, 89, 0, 0, 51, 1, 0, 6, 1, 0, 242, 1, 146]
1552553606059;[171, 0, 17, 255, 161, 76, 221, 13, 89, 0, 0, 51, 1, 0, 8, 1, 0, 241, 1, 96]
1552553606060;[171, 0, 17, 255, 161, 76, 221, 13, 89, 0, 0, 49, 1, 0, 4, 1, 0, 241, 1, 29]
1552553606060;[171, 0, 17, 255, 161, 76, 221, 13, 89, 0, 0, 51, 1, 0, 5, 1, 0, 242, 1, 21]
1552553606226;[171, 0, 17, 255, 161, 76, 221, 13, 89, 0, 0, 51, 1, 0, 5, 1, 0, 243, 1, 59]
1552553606227;[171, 0, 17, 255, 161, 76, 221, 13, 89, 0, 0, 49, 1, 0, 7, 1, 0, 243, 1, 68]
1552553606410;[171, 0, 17, 255, 161, 76, 221, 13, 89, 0, 0, 51, 1, 0, 3, 1, 0, 241, 1, 51]
1552553606411;[171, 0, 17, 255, 161, 76, 221, 13, 89, 0, 0, 47, 1, 0, 4, 1, 0, 242, 1, 27]
1552553606578;[171, 0, 17, 255, 161, 76, 221, 13, 89, 0, 0, 52, 1, 0, 6, 1, 0, 242, 0, 244]
1552553606745;[171, 0, 4, 255, 132, 128, 64]
1552553606746;[171, 0, 17, 255, 161, 76, 221, 13, 89, 0, 0, 47, 1, 0, 6, 1, 0, 242, 16, 196]
1552553606928;[171, 0, 17, 255, 161, 76, 221, 13, 90, 0, 0, 50, 1, 0, 5, 1, 0, 243, 7, 166]
1552553606928;[171, 0, 17, 255, 161, 76, 221, 13, 90, 0, 0, 51, 1, 0, 7, 1, 0, 241, 7, 110]
1552553607095;[171, 0, 17, 255, 161, 76, 221, 13, 90, 0, 0, 51, 1, 0, 5, 1, 0, 241, 7, 49]
1552553607096;[171, 0, 17, 255, 161, 76, 221, 13, 90, 0, 0, 54, 1, 0, 5, 1, 0, 245, 7, 1]
1552553607262;[171, 0, 17, 255, 161, 76, 221, 13, 90, 0, 0, 49, 1, 0, 5, 1, 0, 241, 7, 23]
1552553607429;[171, 0, 17, 255, 161, 76, 221, 13, 90, 0, 0, 55, 1, 0, 7, 1, 0, 240, 7, 64]
1552553607446;[171, 0, 17, 255, 161, 76, 221, 13, 90, 0, 0, 49, 1, 0, 4, 1, 0, 240, 7, 86]
1552553607613;[171, 0, 17, 255, 161, 76, 221, 13, 90, 0, 0, 52, 1, 0, 6, 1, 0, 242, 7, 103]
1552553607614;[171, 0, 17, 255, 161, 76, 221, 13, 90, 0, 0, 53, 1, 0, 5, 1, 0, 242, 7, 116]
1552553607780;[171, 0, 4, 255, 132, 128, 63]
1552553607781;[171, 0, 17, 255, 161, 76, 221, 13, 90, 0, 0, 52, 1, 0, 6, 1, 0, 242, 7, 105]
1552553607947;[171, 0, 17, 255, 161, 76, 221, 13, 91, 0, 0, 57, 1, 0, 8, 1, 0, 240, 7, 86]
1552553608297;[171, 0, 17, 255, 161, 76, 221, 13, 91, 0, 0, 55, 1, 0, 3, 1, 0, 241, 7, 68]
1552553608298;[171, 0, 17, 255, 161, 76, 221, 13, 91, 0, 0, 49, 1, 0, 5, 1, 0, 243, 7, 38]
1552553608298;[171, 0, 17, 255, 161, 76, 221, 13, 91, 0, 0, 51, 1, 0, 5, 1, 0, 242, 7, 22]
1552553608299;[171, 0, 17, 255, 161, 76, 221, 13, 91, 0, 0, 51, 1, 0, 3, 1, 0, 242, 7, 79]
1552553608465;[171, 0, 17, 255, 161, 76, 221, 13, 91, 0, 0, 54, 1, 0, 4, 1, 0, 242, 7, 123]
1552553608816;[171, 0, 17, 255, 161, 76, 221, 13, 91, 0, 0, 53, 1, 0, 3, 1, 0, 241, 7, 148]
1552553608817;[171, 0, 17, 255, 161, 76, 221, 13, 91, 0, 0, 51, 1, 0, 7, 1, 0, 243, 7, 170]
1552553608817;[171, 0, 17, 255, 161, 76, 221, 13, 91, 0, 0, 54, 1, 0, 5, 1, 0, 243, 7, 188]
1552553608818;[171, 0, 4, 255, 132, 128, 63]
1552553608983;[171, 0, 17, 255, 161, 76, 221, 13, 91, 0, 0, 54, 1, 0, 4, 1, 0, 242, 7, 182]
1552553608999;[171, 0, 17, 255, 161, 76, 221, 13, 92, 0, 0, 51, 1, 0, 4, 1, 0, 242, 7, 180]
1552553609167;[171, 0, 17, 255, 161, 76, 221, 13, 92, 0, 0, 58, 1, 0, 6, 1, 0, 242, 7, 149]
1552553609334;[171, 0, 17, 255, 161, 76, 221, 13, 92, 0, 0, 51, 1, 0, 5, 1, 0, 241, 7, 149]
1552553609335;[171, 0, 17, 255, 161, 76, 221, 13, 92, 0, 0, 51, 1, 0, 7, 1, 0, 241, 7, 218]
1552553609852;[171, 0, 17, 255, 161, 76, 221, 13, 92, 0, 0, 51, 1, 0, 4, 1, 0, 240, 8, 23]
1552553609853;[171, 0, 17, 255, 161, 76, 221, 13, 92, 0, 0, 52, 1, 0, 8, 1, 0, 244, 8, 62]
1552553609854;[171, 0, 17, 255, 161, 76, 221, 13, 92, 0, 0, 49, 1, 0, 4, 1, 0, 242, 8, 92]
1552553610019;[171, 0, 17, 255, 161, 76, 221, 13, 92, 0, 0, 51, 1, 0, 5, 1, 0, 241, 8, 102]
1552553610036;[171, 0, 17, 255, 161, 76, 221, 13, 92, 0, 0, 51, 1, 0, 3, 1, 0, 243, 8, 101]
1552553610037;[171, 0, 4, 255, 132, 128, 63]
1552553610203;[171, 0, 17, 255, 161, 76, 221, 13, 92, 0, 0, 49, 1, 0, 5, 1, 0, 242, 8, 95]
1552553610204;[171, 0, 17, 255, 161, 76, 221, 13, 93, 0, 0, 47, 1, 0, 6, 1, 0, 241, 8, 74]
1552553610205;[171, 0, 17, 255, 161, 76, 221, 13, 93, 0, 0, 51, 1, 0, 4, 1, 0, 242, 8, 39]
1552553610370;[171, 0, 17, 255, 161, 76, 221, 13, 93, 0, 0, 50, 1, 0, 5, 1, 0, 242, 8, 30]
1552553610538;[171, 0, 17, 255, 161, 76, 221, 13, 93, 0, 0, 52, 1, 0, 5, 1, 0, 241, 8, 86]
1552553610888;[171, 0, 17, 255, 161, 76, 221, 13, 93, 0, 0, 47, 1, 0, 7, 1, 0, 242, 8, 150]
1552553610891;[171, 0, 17, 255, 161, 76, 221, 13, 93, 0, 0, 51, 1, 0, 5, 1, 0, 242, 8, 185]
1552553610892;[171, 0, 17, 255, 161, 76, 221, 13, 93, 0, 0, 55, 1, 0, 6, 1, 0, 242, 8, 202]
1552553611406;[171, 0, 17, 255, 161, 76, 221, 13, 93, 0, 0, 45, 1, 0, 6, 1, 0, 241, 8, 221]
1552553611407;[171, 0, 17, 255, 161, 76, 221, 13, 93, 0, 0, 52, 1, 0, 3, 1, 0, 241, 8, 202]
1552553611407;[171, 0, 4, 255, 132, 128, 62]
1552553611409;[171, 0, 17, 255, 161, 76, 221, 13, 93, 0, 0, 51, 1, 0, 8, 1, 0, 242, 8, 186]
1552553611424;[171, 0, 17, 255, 161, 76, 221, 13, 94, 0, 0, 55, 1, 0, 7, 1, 0, 240, 8, 172]
1552553611425;[171, 0, 17, 255, 161, 76, 221, 13, 94, 0, 0, 51, 1, 0, 5, 1, 0, 242, 8, 127]
1552553611425;[171, 0, 17, 255, 161, 76, 221, 13, 94, 0, 0, 47, 1, 0, 5, 1, 0, 244, 8, 86]
1552553611573;[171, 0, 17, 255, 161, 76, 221, 13, 94, 0, 0, 51, 1, 0, 4, 1, 0, 242, 8, 38]
1552553611757;[171, 0, 17, 255, 161, 76, 221, 13, 94, 0, 0, 52, 1, 0, 3, 1, 0, 242, 8, 65]
1552553611758;[171, 0, 17, 255, 161, 76, 221, 13, 94, 0, 0, 54, 1, 0, 5, 1, 0, 240, 8, 108]
1552553611923;[171, 0, 17, 255, 161, 76, 221, 13, 94, 0, 0, 51, 1, 0, 4, 1, 0, 241, 8, 124]
1552553611924;[171, 0, 17, 255, 161, 76, 221, 13, 94, 0, 0, 52, 1, 0, 6, 1, 0, 242, 8, 135]
1552553612091;[171, 0, 17, 255, 161, 76, 221, 13, 96, 0, 0, 51, 1, 0, 5, 1, 0, 241, 7, 141]
1552553612442;[171, 0, 17, 255, 161, 76, 221, 13, 97, 0, 0, 49, 1, 0, 7, 1, 0, 240, 7, 122]
1552553612459;[171, 0, 17, 255, 161, 76, 221, 13, 97, 0, 0, 52, 1, 0, 5, 1, 0, 243, 7, 97]
1552553612609;[171, 0, 17, 255, 161, 76, 221, 13, 97, 0, 0, 51, 1, 0, 5, 1, 0, 242, 7, 56]
1552553612610;[171, 0, 17, 255, 161, 76, 221, 13, 97, 0, 0, 51, 1, 0, 4, 1, 0, 242, 7, 27]
1552553612793;[171, 0, 17, 255, 161, 76, 221, 13, 97, 0, 0, 53, 1, 0, 4, 1, 0, 242, 6, 233]
1552553612794;[171, 0, 17, 255, 161, 76, 221, 13, 97, 0, 0, 51, 1, 0, 4, 1, 0, 241, 7, 3]
1552553612960;[171, 0, 17, 255, 161, 76, 221, 13, 97, 0, 0, 49, 1, 0, 3, 1, 0, 242, 7, 40]
1552553613127;[171, 0, 17, 255, 161, 76, 221, 13, 97, 0, 0, 52, 1, 0, 5, 1, 0, 241, 7, 53]
1552553613128;[171, 0, 17, 255, 161, 76, 221, 13, 97, 0, 0, 47, 1, 0, 5, 1, 0, 241, 7, 73]
1552553613311;[171, 0, 4, 255, 132, 128, 62]
1552553613312;[171, 0, 17, 255, 161, 76, 221, 13, 97, 0, 0, 53, 1, 0, 4, 1, 0, 242, 7, 90]
1552553613478;[171, 0, 17, 255, 161, 76, 221, 13, 98, 0, 0, 52, 0, 0, 0, 1, 0, 241, 7, 79]
1552553613829;[171, 0, 17, 255, 161, 76, 221, 13, 98, 0, 0, 53, 1, 0, 4, 1, 0, 241, 7, 66]
1552553613830;[171, 0, 17, 255, 161, 76, 221, 13, 98, 0, 0, 51, 1, 0, 4, 1, 0, 241, 7, 46]
1552553613831;[171, 0, 17, 255, 161, 76, 221, 13, 98, 0, 0, 51, 1, 0, 5, 1, 0, 243, 7, 12]
1552553613832;[171, 0, 17, 255, 161, 76, 221, 13, 98, 0, 0, 55, 1, 0, 3, 1, 0, 241, 7, 16]
1552553613995;[171, 0, 17, 255, 161, 76, 221, 13, 98, 0, 0, 54, 1, 0, 3, 1, 0, 241, 7, 65]
1552553613996;[171, 0, 17, 255, 161, 76, 221, 13, 98, 0, 0, 51, 1, 0, 10, 1, 0, 243, 7, 91]
1552553614163;[171, 0, 17, 255, 161, 76, 221, 13, 98, 0, 0, 52, 1, 0, 5, 1, 0, 241, 7, 111]
1552553614347;[171, 0, 17, 255, 161, 76, 221, 13, 98, 0, 0, 49, 1, 0, 5, 1, 0, 243, 7, 127]
1552553614348;[171, 0, 4, 255, 132, 128, 61]
1552553614514;[171, 0, 17, 255, 161, 76, 221, 13, 98, 0, 0, 49, 1, 0, 8, 1, 0, 241, 7, 128]
1552553614515;[171, 0, 17, 255, 161, 76, 221, 13, 99, 0, 0, 51, 1, 0, 4, 1, 0, 241, 7, 108]
1552553614681;[171, 0, 17, 255, 161, 76, 221, 13, 99, 0, 0, 53, 1, 0, 5, 1, 0, 242, 7, 85]
1552553614682;[171, 0, 17, 255, 161, 76, 221, 13, 99, 0, 0, 49, 1, 0, 5, 1, 0, 242, 7, 65]
1552553614848;[171, 0, 17, 255, 161, 76, 221, 13, 99, 0, 0, 51, 1, 0, 5, 1, 0, 242, 7, 28]
1552553615032;[171, 0, 17, 255, 161, 76, 221, 13, 99, 0, 0, 51, 1, 0, 5, 1, 0, 241, 7, 85]
1552553615033;[171, 0, 17, 255, 161, 76, 221, 13, 99, 0, 0, 54, 1, 0, 4, 1, 0, 241, 7, 138]
1552553615367;[171, 0, 17, 255, 161, 76, 221, 13, 99, 0, 0, 51, 1, 0, 7, 1, 0, 241, 7, 167]
1552553615383;[171, 0, 17, 255, 161, 76, 221, 13, 99, 0, 0, 47, 1, 0, 10, 1, 0, 240, 7, 203]
1552553615384;[171, 0, 17, 255, 161, 76, 221, 13, 99, 0, 0, 49, 1, 0, 5, 1, 0, 243, 7, 213]
1552553615717;[171, 0, 4, 255, 132, 128, 61]
1552553615719;[171, 0, 17, 255, 161, 76, 221, 13, 99, 0, 0, 54, 1, 0, 2, 1, 0, 244, 7, 209]
1552553615720;[171, 0, 17, 255, 161, 76, 221, 13, 100, 0, 0, 53, 1, 0, 6, 1, 0, 242, 7, 202]
1552553615740;[171, 0, 17, 255, 161, 76, 221, 13, 100, 0, 0, 54, 1, 0, 7, 1, 0, 241, 7, 178]
1552553615885;[171, 0, 17, 255, 161, 76, 221, 13, 100, 0, 0, 51, 1, 0, 4, 1, 0, 242, 7, 150]
1552553615901;[171, 0, 17, 255, 161, 76, 221, 13, 100, 0, 0, 52, 1, 0, 7, 1, 0, 242, 7, 115]
1552553616068;[171, 0, 17, 255, 161, 76, 221, 13, 100, 0, 0, 52, 1, 0, 2, 1, 0, 242, 7, 152]
1552553616235;[171, 0, 17, 255, 161, 76, 221, 13, 100, 0, 0, 51, 1, 0, 4, 1, 0, 243, 7, 208]
1552553616236;[171, 0, 17, 255, 161, 76, 221, 13, 100, 0, 0, 51, 1, 0, 4, 1, 0, 241, 7, 243]
1552553616402;[171, 0, 17, 255, 161, 76, 221, 13, 100, 0, 0, 51, 1, 0, 5, 1, 0, 241, 8, 18]
1552553616418;[171, 0, 17, 255, 161, 76, 221, 13, 100, 0, 0, 51, 1, 0, 8, 1, 0, 243, 8, 26]
1552553616586;[171, 0, 4, 255, 132, 128, 61]
1552553616587;[171, 0, 17, 255, 161, 76, 221, 13, 100, 0, 0, 54, 1, 0, 7, 1, 0, 239, 8, 23]
1552553616753;[171, 0, 17, 255, 161, 76, 221, 13, 101, 0, 0, 49, 1, 0, 5, 1, 0, 240, 8, 12]
1552553616920;[171, 0, 17, 255, 161, 76, 221, 13, 101, 0, 0, 51, 1, 0, 8, 1, 0, 242, 7, 248]
1552553617103;[171, 0, 17, 255, 161, 76, 221, 13, 101, 0, 0, 53, 1, 0, 7, 1, 0, 241, 7, 216]
1552553617103;[171, 0, 17, 255, 161, 76, 221, 13, 101, 0, 0, 49, 1, 0, 8, 1, 0, 243, 7, 197]
1552553617104;[171, 0, 17, 255, 161, 76, 221, 13, 101, 0, 0, 49, 1, 0, 7, 1, 0, 242, 7, 245]
1552553617271;[171, 0, 17, 255, 161, 76, 221, 13, 101, 0, 0, 55, 1, 0, 6, 1, 0, 240, 8, 16]
1552553617438;[171, 0, 17, 255, 161, 76, 221, 13, 101, 0, 0, 51, 1, 0, 5, 1, 0, 243, 8, 23]
1552553617439;[171, 0, 17, 255, 161, 76, 221, 13, 101, 0, 0, 51, 1, 0, 5, 1, 0, 242, 8, 35]
1552553617621;[171, 0, 17, 255, 161, 76, 221, 13, 101, 0, 0, 55, 1, 0, 7, 1, 0, 242, 8, 20]
1552553617621;[171, 0, 4, 255, 132, 128, 61]
1552553617787;[171, 0, 17, 255, 161, 76, 221, 13, 101, 0, 0, 52, 1, 0, 3, 1, 0, 241, 7, 249]
1552553617788;[171, 0, 17, 255, 161, 76, 221, 13, 102, 0, 0, 49, 1, 0, 4, 1, 0, 243, 7, 210]
1552553617955;[171, 0, 17, 255, 161, 76, 221, 13, 102, 0, 0, 52, 1, 0, 4, 1, 0, 242, 7, 172]
1552553618140;[171, 0, 17, 255, 161, 76, 221, 13, 102, 0, 0, 54, 1, 0, 6, 1, 0, 242, 7, 132]
1552553618141;[171, 0, 17, 255, 161, 76, 221, 13, 102, 0, 0, 52, 1, 0, 4, 1, 0, 241, 7, 70]
1552553618307;[171, 0, 17, 255, 161, 76, 221, 13, 102, 0, 0, 51, 1, 0, 3, 1, 0, 242, 7, 89]
1552553618308;[171, 0, 17, 255, 161, 76, 221, 13, 102, 0, 0, 54, 1, 0, 3, 1, 0, 242, 7, 128]
1552553618473;[171, 0, 17, 255, 161, 76, 221, 13, 102, 0, 0, 52, 1, 0, 7, 1, 0, 242, 7, 149]
1552553618657;[171, 0, 17, 255, 161, 76, 221, 13, 102, 0, 0, 47, 1, 0, 6, 1, 0, 242, 7, 146]
1552553618658;[171, 0, 17, 255, 161, 76, 221, 13, 102, 0, 0, 55, 1, 0, 3, 1, 0, 242, 7, 140]
1552553618823;[171, 0, 4, 255, 132, 128, 61]
1552553618824;[171, 0, 17, 255, 161, 76, 221, 13, 102, 0, 0, 52, 1, 0, 5, 1, 0, 242, 7, 117]
1552553618992;[171, 0, 17, 255, 161, 76, 221, 13, 103, 0, 0, 55, 1, 0, 4, 1, 0, 241, 7, 88]
1552553619008;[171, 0, 17, 255, 161, 76, 221, 13, 103, 0, 0, 54, 1, 0, 4, 1, 0, 240, 7, 39]
1552553619176;[171, 0, 17, 255, 161, 76, 221, 13, 103, 0, 0, 53, 1, 0, 5, 1, 0, 241, 6, 233]
1552553619343;[171, 0, 17, 255, 161, 76, 221, 13, 103, 0, 0, 51, 1, 0, 5, 1, 0, 242, 6, 178]
1552553619344;[171, 0, 17, 255, 161, 76, 221, 13, 103, 0, 0, 55, 1, 0, 8, 1, 0, 241, 6, 157]
1552553619523;[171, 0, 17, 255, 161, 76, 221, 13, 103, 0, 0, 54, 1, 0, 6, 1, 0, 241, 6, 180]
1552553619523;[171, 0, 17, 255, 161, 76, 221, 13, 103, 0, 0, 55, 1, 0, 6, 1, 0, 241, 6, 193]
1552553619692;[171, 0, 17, 255, 161, 76, 221, 13, 103, 0, 0, 51, 1, 0, 7, 1, 0, 240, 6, 186]
1552553619694;[171, 0, 17, 255, 161, 76, 221, 13, 103, 0, 0, 52, 1, 0, 3, 1, 0, 241, 6, 182]
1552553619863;[171, 0, 4, 255, 132, 128, 61]
1552553620027;[171, 0, 17, 255, 161, 76, 221, 13, 103, 0, 0, 47, 1, 0, 6, 1, 0, 242, 6, 160]
1552553620028;[171, 0, 17, 255, 161, 76, 221, 13, 104, 0, 0, 49, 1, 0, 5, 1, 0, 241, 6, 137]
1552553620195;[171, 0, 17, 255, 161, 76, 221, 13, 104, 0, 0, 55, 1, 0, 5, 1, 0, 241, 6, 107]
1552553620379;[171, 0, 17, 255, 161, 76, 221, 13, 104, 0, 0, 54, 1, 0, 9, 1, 0, 243, 6, 77]
1552553620380;[171, 0, 17, 255, 161, 76, 221, 13, 104, 0, 0, 52, 1, 0, 5, 1, 0, 241, 6, 71]
1552553620545;[171, 0, 17, 255, 161, 76, 221, 13, 104, 0, 0, 51, 1, 0, 7, 1, 0, 242, 6, 100]
1552553620546;[171, 0, 17, 255, 161, 76, 221, 13, 104, 0, 0, 51, 1, 0, 7, 1, 0, 241, 6, 103]
1552553620896;[171, 0, 17, 255, 161, 76, 221, 13, 104, 0, 0, 49, 1, 0, 5, 1, 0, 241, 6, 100]
1552553620897;[171, 0, 17, 255, 161, 76, 221, 13, 104, 0, 0, 48, 1, 0, 5, 1, 0, 241, 6, 108]
1552553620897;[171, 0, 17, 255, 161, 76, 221, 13, 104, 0, 0, 51, 1, 0, 9, 1, 0, 241, 6, 87]
1552553620897;[171, 0, 4, 255, 132, 128, 61]
1552553621063;[171, 0, 17, 255, 161, 76, 221, 13, 104, 0, 0, 49, 1, 0, 4, 1, 0, 242, 6, 55]
1552553621230;[171, 0, 17, 255, 161, 76, 221, 13, 105, 0, 0, 51, 1, 0, 7, 1, 0, 243, 6, 22]
1552553621247;[171, 0, 17, 255, 161, 76, 221, 13, 105, 0, 0, 51, 1, 0, 4, 1, 0, 241, 5, 242]
1552553621414;[171, 0, 17, 255, 161, 76, 221, 13, 105, 0, 0, 46, 1, 0, 8, 1, 0, 242, 6, 9]
1552553621415;[171, 0, 17, 255, 161, 76, 221, 13, 105, 0, 0, 51, 1, 0, 8, 1, 0, 241, 6, 41]
1552553621581;[171, 0, 17, 255, 161, 76, 221, 13, 105, 0, 0, 47, 1, 0, 3, 1, 0, 243, 6, 65]
1552553621581;[171, 0, 17, 255, 161, 76, 221, 13, 105, 0, 0, 46, 1, 0, 7, 1, 0, 240, 6, 79]
1552553621748;[171, 0, 17, 255, 161, 76, 221, 13, 105, 0, 0, 50, 1, 0, 5, 1, 0, 242, 6, 92]
1552553621932;[171, 0, 17, 255, 161, 76, 221, 13, 105, 0, 0, 52, 1, 0, 7, 1, 0, 240, 6, 96]
1552553621932;[171, 0, 17, 255, 161, 76, 221, 13, 105, 0, 0, 52, 1, 0, 8, 1, 0, 242, 6, 75]
1552553622099;[171, 0, 4, 255, 132, 128, 61]
1552553622100;[171, 0, 17, 255, 161, 76, 221, 13, 105, 0, 0, 51, 1, 0, 4, 1, 0, 240, 6, 49]
1552553622267;[171, 0, 17, 255, 161, 76, 221, 13, 106, 0, 0, 47, 1, 0, 5, 1, 0, 242, 6, 28]
1552553622449;[171, 0, 17, 255, 161, 76, 221, 13, 106, 0, 0, 53, 1, 0, 7, 1, 0, 240, 6, 85]
1552553622450;[171, 0, 17, 255, 161, 76, 221, 13, 106, 0, 0, 54, 1, 0, 4, 1, 0, 242, 6, 133]
1552553622617;[171, 0, 17, 255, 161, 76, 221, 13, 106, 0, 0, 51, 1, 0, 6, 1, 0, 242, 6, 164]
1552553622618;[171, 0, 17, 255, 161, 76, 221, 13, 106, 0, 0, 55, 1, 0, 7, 1, 0, 242, 6, 196]
1552553622784;[171, 0, 17, 255, 161, 76, 221, 13, 106, 0, 0, 52, 1, 0, 4, 1, 0, 242, 6, 217]
1552553622784;[171, 0, 17, 255, 161, 76, 221, 13, 106, 0, 0, 50, 1, 0, 5, 1, 0, 242, 6, 214]
1552553622968;[171, 0, 17, 255, 161, 76, 221, 13, 106, 0, 0, 51, 1, 0, 6, 1, 0, 240, 6, 205]
1552553623138;[171, 0, 17, 255, 161, 76, 221, 13, 106, 0, 0, 51, 1, 0, 5, 1, 0, 241, 6, 200]
1552553623138;[171, 0, 4, 255, 132, 128, 61]
1552553623301;[171, 0, 17, 255, 161, 76, 221, 13, 106, 0, 0, 52, 1, 0, 9, 1, 0, 241, 6, 226]
1552553623302;[171, 0, 17, 255, 161, 76, 221, 13, 107, 0, 0, 54, 1, 0, 5, 1, 0, 241, 7, 23]
1552553623652;[171, 0, 17, 255, 161, 76, 221, 13, 107, 0, 0, 51, 1, 0, 8, 1, 0, 241, 7, 47]
1552553623653;[171, 0, 17, 255, 161, 76, 221, 13, 107, 0, 0, 55, 1, 0, 5, 1, 0, 241, 7, 63]
1552553623653;[171, 0, 17, 255, 161, 76, 221, 13, 107, 0, 0, 51, 1, 0, 6, 1, 0, 241, 7, 75]
1552553623820;[171, 0, 17, 255, 161, 76, 221, 13, 107, 0, 0, 55, 1, 0, 10, 1, 0, 240, 7, 59]
1552553623820;[171, 0, 17, 255, 161, 76, 221, 13, 107, 0, 0, 55, 1, 0, 5, 1, 0, 241, 7, 35]
1552553624003;[171, 0, 17, 255, 161, 76, 221, 13, 107, 0, 0, 51, 1, 0, 5, 1, 0, 242, 7, 12]
1552553624004;[171, 0, 17, 255, 161, 76, 221, 13, 107, 0, 0, 52, 1, 0, 10, 1, 0, 243, 7, 1]
1552553624171;[171, 0, 17, 255, 161, 76, 221, 13, 107, 0, 0, 51, 1, 0, 8, 1, 0, 245, 7, 55]
1552553624338;[171, 0, 4, 255, 132, 128, 61]
1552553624339;[171, 0, 17, 255, 161, 76, 221, 13, 107, 0, 0, 51, 1, 0, 7, 1, 0, 242, 7, 79]
1552553624521;[171, 0, 17, 255, 161, 76, 221, 13, 108, 0, 0, 51, 1, 0, 3, 1, 0, 242, 7, 89]
1552553624689;[171, 0, 17, 255, 161, 76, 221, 13, 108, 0, 0, 51, 1, 0, 6, 1, 0, 241, 7, 92]
1552553624690;[171, 0, 17, 255, 161, 76, 221, 13, 108, 0, 0, 51, 1, 0, 3, 1, 0, 241, 7, 69]
1552553624690;[171, 0, 17, 255, 161, 76, 221, 13, 108, 0, 0, 47, 1, 0, 7, 1, 0, 241, 7, 48]
1552553624855;[171, 0, 17, 255, 161, 76, 221, 13, 108, 0, 0, 57, 1, 0, 8, 1, 0, 242, 7, 16]
1552553625039;[171, 0, 17, 255, 161, 76, 221, 13, 108, 0, 0, 51, 1, 0, 4, 1, 0, 242, 6, 232]
1552553625041;[171, 0, 17, 255, 161, 76, 221, 13, 108, 0, 0, 51, 1, 0, 5, 1, 0, 241, 6, 218]
1552553625206;[171, 0, 17, 255, 161, 76, 221, 13, 108, 0, 0, 49, 1, 0, 3, 1, 0, 242, 7, 3]
1552553625207;[171, 0, 17, 255, 161, 76, 221, 13, 108, 0, 0, 52, 1, 0, 5, 1, 0, 243, 7, 15]
1552553625373;[171, 0, 4, 255, 132, 128, 61]
1552553625556;[171, 0, 17, 255, 161, 76, 221, 13, 108, 0, 0, 53, 1, 0, 3, 1, 0, 239, 7, 11]
1552553625558;[171, 0, 17, 255, 161, 76, 221, 13, 109, 0, 0, 52, 1, 0, 6, 1, 0, 242, 7, 7]
1552553625725;[171, 0, 17, 255, 161, 76, 221, 13, 109, 0, 0, 54, 1, 0, 8, 1, 0, 240, 6, 239]
1552553625726;[171, 0, 17, 255, 161, 76, 221, 13, 109, 0, 0, 53, 1, 0, 4, 1, 0, 242, 6, 201]
1552553625891;[171, 0, 17, 255, 161, 76, 221, 13, 109, 0, 0, 48, 1, 0, 6, 1, 0, 242, 6, 166]
1552553625892;[171, 0, 17, 255, 161, 76, 221, 13, 109, 0, 0, 51, 1, 0, 6, 1, 0, 242, 6, 122]
1552553626075;[171, 0, 17, 255, 161, 76, 221, 13, 109, 0, 0, 51, 1, 0, 4, 1, 0, 241, 6, 65]
1552553626243;[171, 0, 17, 255, 161, 76, 221, 13, 109, 0, 0, 51, 1, 0, 6, 1, 0, 241, 6, 56]
1552553626409;[171, 0, 17, 255, 161, 76, 221, 13, 109, 0, 0, 49, 1, 0, 7, 1, 0, 243, 6, 63]
1552553626410;[171, 0, 17, 255, 161, 76, 221, 13, 109, 0, 0, 54, 1, 0, 7, 1, 0, 241, 6, 66]
1552553626410;[171, 0, 4, 255, 132, 128, 61]
1552553626577;[171, 0, 17, 255, 161, 76, 221, 13, 109, 0, 0, 54, 1, 0, 7, 1, 0, 241, 6, 52]
1552553626592;[171, 0, 17, 255, 161, 76, 221, 13, 110, 0, 0, 55, 1, 0, 4, 1, 0, 241, 6, 37]
1552553626761;[171, 0, 17, 255, 161, 76, 221, 13, 110, 0, 0, 51, 1, 0, 8, 1, 0, 243, 6, 7]
1552553626928;[171, 0, 17, 255, 161, 76, 221, 13, 110, 0, 0, 51, 1, 0, 4, 1, 0, 241, 5, 221]
1552553626928;[171, 0, 17, 255, 161, 76, 221, 13, 110, 0, 0, 49, 1, 0, 3, 1, 0, 242, 5, 176]
1552553627095;[171, 0, 17, 255, 161, 76, 221, 13, 110, 0, 0, 52, 1, 0, 6, 1, 0, 242, 5, 128]
1552553627111;[171, 0, 17, 255, 161, 76, 221, 13, 110, 0, 0, 54, 1, 0, 7, 1, 0, 241, 5, 116]
1552553627446;[171, 0, 17, 255, 161, 76, 221, 13, 110, 0, 0, 47, 1, 0, 8, 1, 0, 242, 5, 130]
1552553627446;[171, 0, 17, 255, 161, 76, 221, 13, 110, 0, 0, 47, 1, 0, 6, 1, 0, 240, 5, 133]
1552553627447;[171, 0, 17, 255, 161, 76, 221, 13, 110, 0, 0, 51, 1, 0, 4, 1, 0, 242, 5, 120]
1552553627612;[171, 0, 4, 255, 132, 128, 62]
1552553627631;[171, 0, 17, 255, 161, 76, 221, 13, 110, 0, 0, 49, 1, 0, 8, 1, 0, 241, 5, 101]
1552553627797;[171, 0, 17, 255, 161, 76, 221, 13, 111, 0, 0, 47, 1, 0, 8, 1, 0, 241, 5, 69]
1552553627963;[171, 0, 17, 255, 161, 76, 221, 13, 111, 0, 0, 51, 1, 0, 7, 1, 0, 242, 5, 34]
1552553627964;[171, 0, 17, 255, 161, 76, 221, 13, 111, 0, 0, 51, 1, 0, 6, 1, 0, 240, 4, 253]
1552553628131;[171, 0, 17, 255, 161, 76, 221, 13, 111, 0, 0, 55, 1, 0, 9, 1, 0, 242, 4, 211]
1552553628146;[171, 0, 17, 255, 161, 76, 221, 13, 111, 0, 0, 51, 1, 0, 5, 1, 0, 242, 4, 175]
1552553628315;[171, 0, 17, 255, 161, 76, 221, 13, 111, 0, 0, 59, 1, 0, 5, 1, 0, 240, 4, 197]
1552553628315;[171, 0, 17, 255, 161, 76, 221, 13, 111, 0, 0, 49, 1, 0, 4, 1, 0, 241, 4, 215]
1552553628482;[171, 0, 17, 255, 161, 76, 221, 13, 111, 0, 0, 51, 1, 0, 5, 1, 0, 240, 4, 207]
1552553628482;[171, 0, 17, 255, 161, 76, 221, 13, 111, 0, 0, 51, 1, 0, 3, 1, 0, 241, 4, 207]
1552553628649;[171, 0, 4, 255, 132, 128, 62]
1552553628833;[171, 0, 17, 255, 161, 76, 221, 13, 111, 0, 0, 47, 1, 0, 3, 1, 0, 239, 4, 187]
1552553629000;[171, 0, 17, 255, 161, 76, 221, 13, 112, 0, 0, 55, 1, 0, 7, 1, 0, 241, 4, 163]
1552553629000;[171, 0, 17, 255, 161, 76, 221, 13, 112, 0, 0, 53, 1, 0, 4, 1, 0, 242, 4, 130]
1552553629001;[171, 0, 17, 255, 161, 76, 221, 13, 112, 0, 0, 52, 1, 0, 7, 1, 0, 241, 4, 97]
1552553629166;[171, 0, 17, 255, 161, 76, 221, 13, 112, 0, 0, 51, 1, 0, 10, 1, 0, 243, 4, 59]
1552553629350;[171, 0, 17, 255, 161, 76, 221, 13, 112, 0, 0, 52, 1, 0, 3, 1, 0, 239, 4, 16]
1552553629351;[171, 0, 17, 255, 161, 76, 221, 13, 112, 0, 0, 52, 1, 0, 3, 1, 0, 242, 4, 29]
1552553629685;[171, 0, 17, 255, 161, 76, 221, 13, 112, 0, 0, 47, 1, 0, 7, 1, 0, 243, 4, 47]
1552553629868;[171, 0, 17, 255, 161, 76, 221, 13, 112, 0, 0, 52, 1, 0, 8, 1, 0, 242, 4, 60]
1552553629869;[171, 0, 17, 255, 161, 76, 221, 13, 112, 0, 0, 52, 1, 0, 4, 1, 0, 242, 4, 67]
1552553629870;[171, 0, 4, 255, 132, 128, 63]
1552553629871;[171, 0, 17, 255, 161, 76, 221, 13, 112, 0, 0, 51, 1, 0, 5, 1, 0, 242, 4, 66]
1552553630035;[171, 0, 17, 255, 161, 76, 221, 13, 113, 0, 0, 51, 1, 0, 7, 1, 0, 242, 4, 53]
1552553630036;[171, 0, 17, 255, 161, 76, 221, 13, 113, 0, 0, 51, 1, 0, 7, 1, 0, 241, 4, 33]
1552553630202;[171, 0, 17, 255, 161, 76, 221, 13, 113, 0, 0, 54, 1, 0, 5, 1, 0, 243, 4, 5]
1552553630202;[171, 0, 17, 255, 161, 76, 221, 13, 113, 0, 0, 49, 1, 0, 1, 1, 0, 243, 3, 225]
1552553630553;[171, 0, 17, 255, 161, 76, 221, 13, 113, 0, 0, 53, 1, 0, 3, 1, 0, 242, 3, 213]
1552553630554;[171, 0, 17, 255, 161, 76, 221, 13, 113, 0, 0, 51, 1, 0, 4, 1, 0, 239, 3, 213]
1552553630555;[171, 0, 17, 255, 161, 76, 221, 13, 113, 0, 0, 47, 1, 0, 7, 1, 0, 242, 3, 234]
1552553630720;[171, 0, 17, 255, 161, 76, 221, 13, 113, 0, 0, 51, 1, 0, 5, 1, 0, 241, 3, 255]
1552553630721;[171, 0, 17, 255, 161, 76, 221, 13, 113, 0, 0, 51, 1, 0, 8, 1, 0, 242, 4, 14]
1552553630904;[171, 0, 4, 255, 132, 128, 63]
1552553630905;[171, 0, 17, 255, 161, 76, 221, 13, 113, 0, 0, 51, 1, 0, 5, 1, 0, 241, 4, 17]
1552553631071;[171, 0, 17, 255, 161, 76, 221, 13, 114, 0, 0, 49, 1, 0, 8, 1, 0, 241, 4, 5]
1552553631238;[171, 0, 17, 255, 161, 76, 221, 13, 114, 0, 0, 47, 1, 0, 4, 1, 0, 242, 3, 249]
1552553631239;[171, 0, 17, 255, 161, 76, 221, 13, 114, 0, 0, 49, 1, 0, 8, 1, 0, 242, 3, 229]
1552553631421;[171, 0, 17, 255, 161, 76, 221, 13, 114, 0, 0, 55, 1, 0, 5, 1, 0, 242, 3, 211]
1552553631421;[171, 0, 17, 255, 161, 76, 221, 13, 114, 0, 0, 47, 1, 0, 7, 1, 0, 242, 3, 230]
1552553631589;[171, 0, 17, 255, 161, 76, 221, 13, 114, 0, 0, 51, 1, 0, 5, 1, 0, 241, 4, 18]
1552553631590;[171, 0, 17, 255, 161, 76, 221, 13, 114, 0, 0, 52, 1, 0, 4, 1, 0, 240, 4, 55]
1552553631756;[171, 0, 17, 255, 161, 76, 221, 13, 114, 0, 0, 51, 1, 0, 5, 1, 0, 241, 4, 86]
1552553631939;[171, 0, 17, 255, 161, 76, 221, 13, 114, 0, 0, 51, 1, 0, 9, 1, 0, 243, 4, 97]
1552553631939;[171, 0, 4, 255, 132, 128, 63]
1552553632107;[171, 0, 17, 255, 161, 76, 221, 13, 114, 0, 0, 51, 1, 0, 4, 1, 0, 242, 4, 104]
1552553632108;[171, 0, 17, 255, 161, 76, 221, 13, 115, 0, 0, 52, 1, 0, 9, 1, 0, 242, 4, 98]
1552553632274;[171, 0, 17, 255, 161, 76, 221, 13, 115, 0, 0, 51, 1, 0, 5, 1, 0, 243, 4, 101]
1552553632457;[171, 0, 17, 255, 161, 76, 221, 13, 115, 0, 0, 51, 1, 0, 8, 1, 0, 242, 4, 73]
1552553632458;[171, 0, 17, 255, 161, 76, 221, 13, 115, 0, 0, 51, 1, 0, 4, 1, 0, 241, 4, 54]
1552553632625;[171, 0, 17, 255, 161, 76, 221, 13, 115, 0, 0, 49, 1, 0, 5, 1, 0, 242, 4, 68]
1552553632626;[171, 0, 17, 255, 161, 76, 221, 13, 115, 0, 0, 51, 1, 0, 4, 1, 0, 240, 4, 128]
1552553632792;[171, 0, 17, 255, 161, 76, 221, 13, 115, 0, 0, 51, 1, 0, 8, 1, 0, 242, 4, 153]
1552553632793;[171, 0, 17, 255, 161, 76, 221, 13, 115, 0, 0, 49, 1, 0, 5, 1, 0, 241, 4, 179]
1552553632975;[171, 0, 17, 255, 161, 76, 221, 13, 115, 0, 0, 51, 1, 0, 7, 1, 0, 241, 4, 196]
1552553633143;[171, 0, 4, 255, 132, 128, 63]
1552553633144;[171, 0, 17, 255, 161, 76, 221, 13, 115, 0, 0, 51, 1, 0, 4, 1, 0, 242, 4, 197]
1552553633310;[171, 0, 17, 255, 161, 76, 221, 13, 116, 0, 0, 54, 1, 0, 7, 1, 0, 241, 4, 184]
1552553633311;[171, 0, 17, 255, 161, 76, 221, 13, 116, 0, 0, 53, 1, 0, 3, 1, 0, 244, 4, 171]
1552553633661;[171, 0, 17, 255, 161, 76, 221, 13, 116, 0, 0, 50, 1, 0, 6, 1, 0, 241, 4, 152]
1552553633662;[171, 0, 17, 255, 161, 76, 221, 13, 116, 0, 0, 51, 1, 0, 5, 1, 0, 242, 4, 130]
1552553633662;[171, 0, 17, 255, 161, 76, 221, 13, 116, 0, 0, 47, 1, 0, 9, 1, 0, 243, 4, 192]
1552553633828;[171, 0, 17, 255, 161, 76, 221, 13, 116, 0, 0, 55, 1, 0, 7, 1, 0, 241, 4, 249]
1552553633829;[171, 0, 17, 255, 161, 76, 221, 13, 116, 0, 0, 51, 1, 0, 5, 1, 0, 242, 5, 32]
1552553633995;[171, 0, 17, 255, 161, 76, 221, 13, 116, 0, 0, 51, 1, 0, 6, 1, 0, 242, 5, 21]
1552553634179;[171, 0, 17, 255, 161, 76, 221, 13, 118, 0, 0, 51, 1, 0, 4, 1, 0, 241, 6, 152]
1552553634347;[171, 0, 17, 255, 161, 76, 221, 13, 119, 0, 0, 44, 1, 0, 5, 1, 0, 242, 6, 153]
1552553634516;[171, 0, 17, 255, 161, 76, 221, 13, 119, 0, 0, 45, 1, 0, 7, 1, 0, 241, 6, 157]
1552553634529;[171, 0, 17, 255, 161, 76, 221, 13, 119, 0, 0, 45, 1, 0, 4, 1, 0, 242, 6, 170]
1552553634696;[171, 0, 17, 255, 161, 76, 221, 13, 119, 0, 0, 44, 1, 0, 5, 1, 0, 240, 7, 16]
1552553634697;[171, 0, 17, 255, 161, 76, 221, 13, 119, 0, 0, 45, 1, 0, 4, 1, 0, 245, 7, 111]
1552553634864;[171, 0, 17, 255, 161, 76, 221, 13, 119, 0, 0, 47, 1, 0, 5, 1, 0, 242, 7, 196]
1552553635031;[171, 0, 17, 255, 161, 76, 221, 13, 119, 0, 0, 44, 1, 0, 8, 1, 0, 243, 8, 24]
1552553635031;[171, 0, 17, 255, 161, 76, 221, 13, 119, 0, 0, 46, 1, 0, 6, 1, 0, 242, 8, 68]
1552553635215;[171, 0, 17, 255, 161, 76, 221, 13, 119, 0, 0, 45, 1, 0, 6, 1, 0, 241, 8, 109]
1552553635215;[171, 0, 4, 255, 132, 128, 63]
1552553635382;[171, 0, 17, 255, 161, 76, 221, 13, 119, 0, 0, 49, 1, 0, 5, 1, 0, 245, 8, 147]
1552553635383;[171, 0, 17, 255, 161, 76, 221, 13, 120, 0, 0, 45, 1, 0, 10, 1, 0, 242, 8, 172]
1552553635549;[171, 0, 17, 255, 161, 76, 221, 13, 120, 0, 0, 47, 1, 0, 4, 1, 0, 243, 8, 187]
1552553635733;[171, 0, 17, 255, 161, 76, 221, 13, 120, 0, 0, 47, 1, 0, 3, 1, 0, 246, 8, 237]
1552553635733;[171, 0, 17, 255, 161, 76, 221, 13, 120, 0, 0, 44, 1, 0, 8, 1, 0, 242, 9, 133]
1552553635903;[171, 0, 17, 255, 161, 76, 221, 13, 120, 0, 0, 47, 1, 0, 7, 1, 0, 241, 9, 250]
1552553635917;[171, 0, 17, 255, 161, 76, 221, 13, 120, 0, 0, 43, 1, 0, 3, 1, 0, 242, 10, 99]
1552553636068;[171, 0, 17, 255, 161, 76, 221, 13, 120, 0, 0, 51, 1, 0, 4, 1, 0, 243, 10, 189]
1552553636250;[171, 0, 17, 255, 161, 76, 221, 13, 120, 0, 0, 45, 1, 0, 7, 1, 0, 242, 10, 254]
1552553636251;[171, 0, 17, 255, 161, 76, 221, 13, 120, 0, 0, 47, 1, 0, 7, 1, 0, 243, 11, 47]
1552553636417;[171, 0, 4, 255, 132, 128, 63]
1552553636418;[171, 0, 17, 255, 161, 76, 221, 13, 120, 0, 0, 45, 1, 0, 4, 1, 0, 242, 11, 69]
1552553636584;[171, 0, 17, 255, 161, 76, 221, 13, 121, 0, 0, 49, 1, 0, 5, 1, 0, 243, 11, 85]
1552553636585;[171, 0, 17, 255, 161, 76, 221, 13, 121, 0, 0, 44, 1, 0, 8, 1, 0, 241, 11, 83]
1552553636769;[171, 0, 17, 255, 161, 76, 221, 13, 121, 0, 0, 44, 1, 0, 3, 1, 0, 243, 11, 76]
1552553636936;[171, 0, 17, 255, 161, 76, 221, 13, 121, 0, 0, 47, 1, 0, 4, 1, 0, 243, 11, 106]
1552553636937;[171, 0, 17, 255, 161, 76, 221, 13, 121, 0, 0, 47, 1, 0, 7, 1, 0, 243, 11, 216]
1552553637103;[171, 0, 17, 255, 161, 76, 221, 13, 121, 0, 0, 44, 1, 0, 8, 1, 0, 243, 12, 48]
1552553637120;[171, 0, 17, 255, 161, 76, 221, 13, 121, 0, 0, 44, 1, 0, 5, 1, 0, 243, 12, 102]
1552553637287;[171, 0, 17, 255, 161, 76, 221, 13, 121, 0, 0, 49, 1, 0, 5, 1, 0, 241, 12, 147]
1552553637288;[171, 0, 17, 255, 161, 76, 221, 13, 121, 0, 0, 47, 1, 0, 3, 1, 0, 242, 12, 176]
1552553637454;[171, 0, 4, 255, 132, 128, 63]
1552553637621;[171, 0, 17, 255, 161, 76, 221, 13, 121, 0, 0, 47, 0, 0, 0, 1, 0, 245, 12, 180]
1552553637622;[171, 0, 17, 255, 161, 76, 221, 13, 122, 0, 0, 47, 1, 0, 7, 1, 0, 241, 12, 166]
1552553637805;[171, 0, 17, 255, 161, 76, 221, 13, 122, 0, 0, 45, 1, 0, 4, 1, 0, 245, 12, 149]
1552553637806;[171, 0, 17, 255, 161, 76, 221, 13, 122, 0, 0, 47, 1, 0, 5, 1, 0, 245, 12, 134]
1552553637972;[171, 0, 17, 255, 161, 76, 221, 13, 122, 0, 0, 45, 1, 0, 3, 1, 0, 241, 12, 129]
1552553638139;[171, 0, 17, 255, 161, 76, 221, 13, 122, 0, 0, 51, 1, 0, 3, 1, 0, 243, 12, 213]
1552553638140;[171, 0, 17, 255, 161, 76, 221, 13, 122, 0, 0, 45, 1, 0, 3, 1, 0, 243, 13, 7]
1552553638323;[171, 0, 17, 255, 161, 76, 221, 13, 122, 0, 0, 47, 1, 0, 7, 1, 0, 242, 13, 19]
1552553638325;[171, 0, 17, 255, 161, 76, 221, 13, 122, 0, 0, 44, 1, 0, 5, 1, 0, 243, 13, 41]
1552553638490;[171, 0, 17, 255, 161, 76, 221, 13, 122, 0, 0, 45, 1, 0, 4, 1, 0, 241, 13, 34]
1552553638491;[171, 0, 4, 255, 132, 128, 63]
1552553638658;[171, 0, 17, 255, 161, 76, 221, 13, 122, 0, 0, 47, 1, 0, 4, 1, 0, 242, 13, 16]
1552553638842;[171, 0, 17, 255, 161, 76, 221, 13, 123, 0, 0, 44, 1, 0, 8, 1, 0, 242, 12, 249]
1552553638843;[171, 0, 17, 255, 161, 76, 221, 13, 123, 0, 0, 47, 1, 0, 7, 1, 0, 242, 12, 214]
1552553639008;[171, 0, 17, 255, 161, 76, 221, 13, 123, 0, 0, 44, 1, 0, 4, 1, 0, 243, 12, 172]
1552553639025;[171, 0, 17, 255, 161, 76, 221, 13, 123, 0, 0, 44, 1, 0, 4, 1, 0, 245, 12, 123]
1552553639175;[171, 0, 17, 255, 161, 76, 221, 13, 123, 0, 0, 44, 1, 0, 5, 1, 0, 242, 12, 116]
1552553639359;[171, 0, 17, 255, 161, 76, 221, 13, 123, 0, 0, 45, 1, 0, 7, 1, 0, 242, 12, 181]
1552553639361;[171, 0, 17, 255, 161, 76, 221, 13, 123, 0, 0, 44, 1, 0, 5, 1, 0, 244, 12, 212]
1552553639527;[171, 0, 17, 255, 161, 76, 221, 13, 123, 0, 0, 44, 1, 0, 3, 1, 0, 242, 12, 235]
1552553639528;[171, 0, 17, 255, 161, 76, 221, 13, 123, 0, 0, 51, 1, 0, 4, 1, 0, 243, 12, 245]
1552553639693;[171, 0, 4, 255, 132, 128, 63]
1552553639695;[171, 0, 17, 255, 161, 76, 221, 13, 123, 0, 0, 41, 1, 0, 5, 1, 0, 245, 12, 220]
1552553639859;[171, 0, 17, 255, 161, 76, 221, 13, 128, 0, 0, 47, 1, 0, 5, 1, 0, 241, 12, 193]
1552553640045;[171, 0, 17, 255, 161, 76, 221, 13, 128, 0, 0, 44, 1, 0, 7, 1, 0, 240, 12, 152]
1552553640046;[171, 0, 17, 255, 161, 76, 221, 13, 128, 0, 0, 45, 1, 0, 5, 1, 0, 242, 12, 94]
1552553640210;[171, 0, 17, 255, 161, 76, 221, 13, 128, 0, 0, 47, 1, 0, 10, 1, 0, 242, 12, 33]
1552553640210;[171, 0, 17, 255, 161, 76, 221, 13, 128, 0, 0, 47, 1, 0, 6, 1, 0, 241, 11, 228]
1552553640395;[171, 0, 17, 255, 161, 76, 221, 13, 128, 0, 0, 45, 1, 0, 3, 1, 0, 242, 11, 165]
1552553640396;[171, 0, 17, 255, 161, 76, 221, 13, 128, 0, 0, 51, 1, 0, 6, 1, 0, 242, 11, 192]
1552553640562;[171, 0, 17, 255, 161, 76, 221, 13, 128, 0, 0, 44, 1, 0, 8, 1, 0, 242, 11, 213]
1552553640729;[171, 0, 17, 255, 161, 76, 221, 13, 128, 0, 0, 43, 1, 0, 7, 1, 0, 243, 11, 212]
1552553640730;[171, 0, 4, 255, 132, 128, 62]
1552553640897;[171, 0, 17, 255, 161, 76, 221, 13, 128, 0, 0, 44, 1, 0, 5, 1, 0, 242, 11, 212]
1552553640913;[171, 0, 17, 255, 161, 76, 221, 13, 129, 0, 0, 49, 1, 0, 7, 1, 0, 242, 11, 144]
1552553641080;[171, 0, 17, 255, 161, 76, 221, 13, 129, 0, 0, 46, 1, 0, 11, 1, 0, 243, 11, 34]
1552553641248;[171, 0, 17, 255, 161, 76, 221, 13, 129, 0, 0, 45, 1, 0, 5, 1, 0, 243, 10, 95]
1552553641249;[171, 0, 17, 255, 161, 76, 221, 13, 129, 0, 0, 49, 1, 0, 7, 1, 0, 242, 9, 137]
1552553641414;[171, 0, 17, 255, 161, 76, 221, 13, 129, 0, 0, 47, 1, 0, 7, 1, 0, 243, 8, 109]
1552553641430;[171, 0, 17, 255, 161, 76, 221, 13, 129, 0, 0, 44, 1, 0, 5, 1, 0, 243, 7, 85]
1552553641598;[171, 0, 17, 255, 161, 76, 221, 13, 129, 0, 0, 44, 1, 0, 3, 1, 0, 243, 6, 154]
1552553641599;[171, 0, 17, 255, 161, 76, 221, 13, 129, 0, 0, 43, 1, 0, 5, 1, 0, 242, 5, 211]
1552553641765;[171, 0, 17, 255, 161, 76, 221, 13, 129, 0, 0, 41, 1, 0, 4, 1, 0, 243, 5, 46]
1552553641934;[171, 0, 4, 255, 132, 128, 62]
1552553641952;[171, 0, 17, 255, 161, 76, 221, 13, 129, 0, 0, 44, 1, 0, 8, 1, 0, 242, 5, 46]
1552553642284;[171, 0, 17, 255, 161, 76, 221, 13, 130, 0, 0, 43, 1, 0, 7, 1, 0, 245, 4, 167]
1552553642285;[171, 0, 17, 255, 161, 76, 221, 13, 130, 0, 0, 45, 1, 0, 6, 1, 0, 242, 4, 39]
1552553642286;[171, 0, 17, 255, 161, 76, 221, 13, 130, 0, 0, 47, 1, 0, 7, 1, 0, 244, 3, 172]
1552553642299;[171, 0, 17, 255, 161, 76, 221, 13, 130, 0, 0, 43, 1, 0, 7, 1, 0, 243, 3, 84]
1552553642449;[171, 0, 17, 255, 161, 76, 221, 13, 130, 0, 0, 43, 1, 0, 10, 1, 0, 246, 2, 225]
1552553642801;[171, 0, 17, 255, 161, 76, 221, 13, 130, 0, 0, 43, 1, 0, 11, 1, 0, 242, 2, 68]
1552553642802;[171, 0, 17, 255, 161, 76, 221, 13, 130, 0, 0, 41, 1, 0, 10, 1, 0, 245, 1, 196]
1552553642803;[171, 0, 17, 255, 161, 76, 221, 13, 130, 0, 0, 41, 1, 0, 7, 1, 0, 243, 1, 175]
1552553642817;[171, 0, 17, 255, 161, 76, 221, 13, 130, 0, 0, 43, 1, 0, 4, 1, 0, 243, 1, 175]
1552553642967;[171, 0, 4, 255, 132, 128, 62]
1552553643141;[171, 0, 17, 255, 161, 76, 221, 13, 130, 0, 0, 45, 1, 0, 8, 1, 0, 243, 1, 81]
1552553643152;[171, 0, 17, 255, 161, 76, 221, 13, 131, 0, 0, 41, 1, 0, 6, 1, 0, 240, 16, 76]
1552553643319;[171, 0, 17, 255, 161, 76, 221, 13, 131, 0, 0, 43, 1, 0, 13, 1, 0, 242, 6, 243]
1552553643320;[171, 0, 17, 255, 161, 76, 221, 13, 131, 0, 0, 43, 1, 0, 11, 1, 0, 246, 6, 243]
1552553643485;[171, 0, 17, 255, 161, 76, 221, 13, 131, 0, 0, 47, 1, 0, 7, 1, 0, 242, 7, 3]
1552553643487;[171, 0, 17, 255, 161, 76, 221, 13, 131, 0, 0, 51, 1, 0, 8, 1, 0, 242, 6, 243]
1552553643670;[171, 0, 17, 255, 161, 76, 221, 13, 131, 0, 0, 52, 1, 0, 8, 1, 0, 240, 6, 69]
1552553643837;[171, 0, 17, 255, 161, 76, 221, 13, 131, 0, 0, 46, 1, 0, 8, 1, 0, 246, 5, 219]
1552553644004;[171, 0, 17, 255, 161, 76, 221, 13, 131, 0, 0, 44, 1, 0, 10, 1, 0, 242, 5, 212]
1552553644019;[171, 0, 17, 255, 161, 76, 221, 13, 131, 0, 0, 43, 1, 0, 8, 1, 0, 245, 5, 221]
1552553644020;[171, 0, 4, 255, 132, 128, 61]
1552553644188;[171, 0, 17, 255, 161, 76, 221, 13, 131, 0, 0, 54, 1, 0, 8, 1, 0, 245, 6, 31]
1552553644189;[171, 0, 17, 255, 161, 76, 221, 13, 132, 0, 0, 52, 1, 0, 11, 1, 0, 240, 5, 234]
1552553644355;[171, 0, 17, 255, 161, 76, 221, 13, 132, 0, 0, 44, 1, 0, 5, 1, 0, 245, 5, 51]
1552553644521;[171, 0, 17, 255, 161, 76, 221, 13, 132, 0, 0, 51, 1, 0, 7, 1, 0, 247, 4, 212]
1552553644523;[171, 0, 17, 255, 161, 76, 221, 13, 132, 0, 0, 34, 1, 0, 8, 1, 0, 243, 4, 198]
1552553644705;[171, 0, 17, 255, 161, 76, 221, 13, 132, 0, 0, 41, 1, 0, 7, 1, 0, 245, 4, 252]
1552553644705;[171, 0, 17, 255, 161, 76, 221, 13, 132, 0, 0, 40, 1, 0, 5, 1, 0, 248, 5, 22]
1552553644872;[171, 0, 17, 255, 161, 76, 221, 13, 132, 0, 0, 39, 1, 0, 5, 1, 0, 243, 5, 64]
1552553645040;[171, 0, 17, 255, 161, 76, 221, 13, 132, 0, 0, 38, 1, 0, 9, 1, 0, 245, 5, 189]
1552553645041;[171, 0, 17, 255, 161, 76, 221, 13, 132, 0, 0, 34, 1, 0, 5, 1, 0, 243, 6, 178]
1552553645223;[171, 0, 4, 255, 132, 128, 61]
1552553645225;[171, 0, 17, 255, 161, 76, 221, 13, 132, 0, 0, 36, 1, 0, 5, 1, 0, 245, 7, 225]
1552553645391;[171, 0, 17, 255, 161, 76, 221, 13, 133, 0, 0, 36, 1, 0, 4, 1, 0, 246, 9, 32]
1552553645558;[171, 0, 17, 255, 161, 76, 221, 13, 133, 0, 0, 36, 1, 0, 3, 1, 0, 245, 10, 95]
1552553645741;[171, 0, 17, 255, 161, 76, 221, 13, 133, 0, 0, 41, 1, 0, 4, 1, 0, 243, 11, 119]
1552553645742;[171, 0, 17, 255, 161, 76, 221, 13, 133, 0, 0, 41, 1, 0, 6, 1, 0, 243, 12, 120]
1552553645743;[171, 0, 17, 255, 161, 76, 221, 13, 133, 0, 0, 37, 1, 0, 4, 1, 0, 245, 13, 101]
1552553645909;[171, 0, 17, 255, 161, 76, 221, 13, 133, 0, 0, 44, 1, 0, 3, 1, 0, 243, 14, 78]
1552553645910;[171, 0, 17, 255, 161, 76, 221, 13, 133, 0, 0, 44, 1, 0, 7, 1, 0, 241, 15, 30]
1552553646076;[171, 0, 17, 255, 161, 76, 221, 13, 133, 0, 0, 48, 1, 0, 8, 1, 0, 240, 31, 255]
1552553646243;[171, 0, 17, 255, 161, 76, 221, 13, 133, 0, 0, 47, 1, 0, 3, 1, 0, 243, 7, 252]
1552553646259;[171, 0, 4, 255, 132, 128, 60]
1552553646427;[171, 0, 17, 255, 161, 76, 221, 13, 133, 0, 0, 44, 1, 0, 5, 1, 0, 244, 9, 153]
1552553646428;[171, 0, 17, 255, 161, 76, 221, 13, 134, 0, 0, 44, 1, 0, 5, 1, 0, 243, 10, 227]
1552553646595;[171, 0, 17, 255, 161, 76, 221, 13, 134, 0, 0, 47, 1, 0, 3, 1, 0, 244, 12, 10]
1552553646595;[171, 0, 17, 255, 161, 76, 221, 13, 134, 0, 0, 44, 1, 0, 7, 1, 0, 242, 12, 10]
