1552552262291;[171, 0, 17, 255, 161, 76, 221, 7, 193, 0, 0, 253, 0, 0, 67, 0, 0, 127, 3, 19]
1552552262297;[171, 0, 17, 255, 161, 76, 221, 7, 193, 0, 0, 196, 0, 0, 46, 0, 0, 93, 2, 120]
1552552262458;[171, 0, 17, 255, 161, 76, 221, 7, 193, 0, 0, 223, 0, 0, 59, 0, 0, 122, 2, 1]
1552552262625;[171, 0, 17, 255, 161, 76, 221, 7, 193, 0, 0, 192, 0, 0, 53, 0, 0, 106, 1, 235]
1552552262642;[171, 0, 4, 255, 132, 128, 66]
1552552262809;[171, 0, 17, 255, 161, 76, 221, 7, 193, 0, 0, 201, 0, 0, 63, 0, 0, 137, 2, 238]
1552552262810;[171, 0, 17, 255, 161, 76, 221, 7, 193, 0, 0, 215, 0, 0, 73, 0, 0, 165, 2, 242]
1552552262976;[171, 0, 17, 255, 161, 76, 221, 7, 193, 0, 0, 203, 0, 0, 67, 0, 0, 132, 2, 54]
1552552262977;[171, 0, 17, 255, 161, 76, 221, 7, 193, 0, 0, 152, 0, 0, 62, 0, 0, 165, 1, 153]
1552552263143;[171, 0, 17, 255, 161, 76, 221, 7, 193, 0, 0, 227, 0, 0, 74, 0, 0, 175, 1, 141]
1552552263327;[171, 0, 17, 255, 161, 76, 221, 7, 193, 0, 0, 198, 0, 0, 59, 0, 0, 179, 1, 173]
1552552263328;[171, 0, 17, 255, 161, 76, 221, 7, 194, 0, 0, 207, 0, 0, 54, 0, 0, 150, 2, 104]
1552552263494;[171, 0, 17, 255, 161, 76, 221, 7, 194, 0, 0, 170, 0, 0, 29, 0, 0, 138, 3, 76]
1552552263495;[171, 0, 17, 255, 161, 76, 221, 7, 194, 0, 0, 197, 0, 0, 72, 0, 0, 162, 4, 133]
1552552263661;[171, 0, 17, 255, 161, 76, 221, 7, 194, 0, 0, 179, 0, 0, 62, 0, 0, 145, 5, 77]
1552552263846;[171, 0, 4, 255, 132, 128, 66]
1552552263847;[171, 0, 17, 255, 161, 76, 221, 7, 194, 0, 0, 163, 0, 0, 92, 0, 0, 203, 5, 186]
1552552264052;[171, 0, 17, 255, 161, 76, 221, 7, 194, 0, 0, 160, 0, 0, 83, 0, 0, 188, 6, 77]
1552552264053;[171, 0, 17, 255, 161, 76, 221, 7, 194, 0, 0, 170, 0, 0, 69, 0, 0, 200, 4, 248]
1552552264179;[171, 0, 17, 255, 161, 76, 221, 7, 194, 0, 0, 164, 0, 0, 92, 0, 0, 195, 2, 149]
1552552264179;[171, 0, 17, 255, 161, 76, 221, 7, 194, 0, 0, 159, 0, 0, 134, 0, 0, 218, 16, 122]
1552552264362;[171, 0, 17, 255, 161, 76, 221, 7, 194, 0, 0, 139, 0, 0, 111, 0, 0, 205, 6, 7]
1552552264530;[171, 0, 17, 255, 161, 76, 221, 7, 195, 0, 0, 131, 0, 0, 106, 0, 0, 174, 6, 7]
1552552264530;[171, 0, 17, 255, 161, 76, 221, 7, 195, 0, 0, 123, 0, 0, 130, 0, 0, 180, 4, 162]
1552552264697;[171, 0, 17, 255, 161, 76, 221, 7, 195, 0, 0, 136, 0, 0, 124, 0, 0, 209, 3, 102]
1552552264698;[171, 0, 17, 255, 161, 76, 221, 7, 195, 0, 0, 91, 0, 0, 133, 0, 0, 189, 2, 56]
1552552264881;[171, 0, 4, 255, 132, 128, 67]
1552552265048;[171, 0, 17, 255, 161, 76, 221, 7, 195, 0, 0, 125, 0, 0, 101, 0, 0, 177, 1, 22]
1552552265048;[171, 0, 17, 255, 161, 76, 221, 7, 195, 0, 0, 155, 0, 0, 148, 0, 0, 234, 1, 22]
1552552265215;[171, 0, 17, 255, 161, 76, 221, 7, 195, 0, 0, 118, 0, 0, 119, 0, 0, 199, 2, 40]
1552552265216;[171, 0, 17, 255, 161, 76, 221, 7, 195, 0, 0, 111, 0, 0, 118, 0, 0, 201, 1, 149]
1552552265398;[171, 0, 17, 255, 161, 76, 221, 7, 195, 0, 0, 114, 0, 0, 123, 0, 0, 196, 16, 128]
1552552265399;[171, 0, 17, 255, 161, 76, 221, 7, 195, 0, 0, 118, 0, 0, 122, 0, 0, 184, 6, 175]
1552552265565;[171, 0, 17, 255, 161, 76, 221, 7, 196, 0, 0, 139, 0, 0, 119, 0, 0, 232, 7, 190]
1552552265732;[171, 0, 17, 255, 161, 76, 221, 7, 196, 0, 0, 122, 0, 0, 106, 0, 0, 213, 6, 242]
1552552265733;[171, 0, 17, 255, 161, 76, 221, 7, 196, 0, 0, 128, 0, 0, 98, 0, 0, 207, 5, 28]
1552552265916;[171, 0, 17, 255, 161, 76, 221, 7, 196, 0, 0, 126, 0, 0, 106, 0, 0, 209, 3, 177]
1552552265917;[171, 0, 4, 255, 132, 128, 68]
1552552266083;[171, 0, 17, 255, 161, 76, 221, 7, 196, 0, 0, 115, 0, 0, 103, 0, 0, 204, 2, 162]
1552552266084;[171, 0, 17, 255, 161, 76, 221, 7, 196, 0, 0, 135, 0, 0, 96, 0, 0, 210, 2, 143]
1552552266250;[171, 0, 17, 255, 161, 76, 221, 7, 196, 0, 0, 143, 0, 0, 103, 0, 0, 198, 3, 62]
1552552268442;[171, 0, 17, 255, 161, 76, 221, 7, 196, 0, 0, 142, 0, 0, 105, 0, 0, 201, 4, 12]
1552552268443;[171, 0, 17, 255, 161, 76, 221, 7, 196, 0, 0, 165, 0, 0, 105, 0, 0, 173, 5, 22]
1552552268443;[171, 0, 17, 255, 161, 76, 221, 7, 196, 0, 0, 209, 0, 0, 97, 0, 0, 112, 5, 183]
1552552268444;[171, 0, 17, 255, 161, 76, 221, 7, 197, 0, 0, 212, 0, 0, 120, 1, 0, 21, 6, 152]
1552552268444;[171, 0, 17, 255, 161, 76, 221, 7, 197, 0, 0, 158, 0, 0, 122, 1, 0, 90, 7, 206]
1552552268445;[171, 0, 17, 255, 161, 76, 221, 7, 197, 0, 0, 161, 0, 0, 94, 1, 0, 165, 7, 181]
1552552268445;[171, 0, 17, 255, 161, 76, 221, 7, 197, 0, 0, 160, 0, 0, 127, 1, 0, 132, 7, 154]
1552552268446;[171, 0, 4, 255, 132, 128, 69]
1552552268447;[171, 0, 17, 255, 161, 76, 221, 7, 197, 0, 0, 125, 0, 0, 104, 1, 0, 152, 5, 164]
1552552268447;[171, 0, 17, 255, 161, 76, 221, 7, 197, 0, 0, 91, 0, 0, 105, 1, 0, 196, 3, 76]
1552552268448;[171, 0, 17, 255, 161, 76, 221, 7, 197, 0, 0, 118, 0, 0, 110, 1, 0, 183, 1, 247]
1552552268449;[171, 0, 17, 255, 161, 76, 221, 7, 197, 0, 0, 112, 0, 0, 118, 1, 0, 188, 1, 247]
1552552268449;[171, 0, 17, 255, 161, 76, 221, 7, 197, 0, 0, 114, 0, 0, 99, 1, 0, 176, 1, 247]
1552552268449;[171, 0, 17, 255, 161, 76, 221, 7, 197, 0, 0, 102, 0, 0, 103, 1, 0, 186, 2, 181]
1552552268450;[171, 0, 17, 255, 161, 76, 221, 7, 198, 0, 0, 112, 0, 0, 97, 1, 0, 189, 3, 99]
1552552268450;[171, 0, 17, 255, 161, 76, 221, 7, 198, 0, 0, 67, 0, 0, 82, 1, 0, 231, 2, 135]
1552552268450;[171, 0, 17, 255, 161, 76, 221, 7, 198, 0, 0, 74, 0, 0, 71, 1, 0, 241, 16, 93]
1552552268451;[171, 0, 17, 255, 161, 76, 221, 7, 198, 0, 0, 65, 0, 0, 85, 1, 0, 235, 7, 132]
1552552268451;[171, 0, 4, 255, 132, 128, 69]
1552552268452;[171, 0, 17, 255, 161, 76, 221, 7, 198, 0, 0, 58, 0, 0, 79, 1, 0, 206, 7, 120]
1552552268452;[171, 0, 17, 255, 161, 76, 221, 7, 198, 0, 0, 70, 0, 0, 46, 1, 0, 202, 6, 163]
1552552268491;[171, 0, 17, 255, 161, 76, 221, 7, 198, 0, 0, 55, 0, 0, 30, 1, 0, 221, 5, 245]
1552552268506;[171, 0, 17, 255, 161, 76, 221, 7, 198, 0, 0, 55, 0, 0, 7, 1, 1, 21, 5, 245]
1552552268673;[171, 0, 17, 255, 161, 76, 221, 7, 198, 0, 0, 49, 1, 0, 1, 1, 0, 243, 5, 245]
1552552268841;[171, 0, 17, 255, 161, 76, 221, 7, 198, 0, 0, 34, 1, 0, 21, 1, 0, 218, 5, 183]
1552552268841;[171, 0, 17, 255, 161, 76, 221, 7, 199, 0, 0, 11, 0, 0, 20, 1, 1, 26, 5, 209]
1552552269008;[171, 0, 17, 255, 161, 76, 221, 7, 199, 0, 0, 12, 0, 0, 27, 1, 0, 240, 6, 0]
1552552269024;[171, 0, 17, 255, 161, 76, 221, 7, 199, 0, 0, 11, 0, 0, 29, 1, 0, 255, 6, 103]
1552552269191;[171, 0, 17, 255, 161, 76, 221, 7, 199, 0, 0, 3, 0, 0, 29, 1, 0, 246, 6, 181]
1552552269191;[171, 0, 4, 255, 132, 128, 69]
1552552269358;[171, 0, 17, 255, 161, 76, 221, 7, 199, 1, 0, 3, 0, 0, 21, 1, 1, 3, 7, 19]
1552552269525;[171, 0, 17, 255, 161, 76, 221, 7, 199, 0, 0, 9, 0, 0, 22, 1, 0, 248, 7, 91]
1552552269542;[171, 0, 17, 255, 161, 76, 221, 7, 199, 1, 0, 12, 0, 0, 29, 1, 0, 249, 7, 148]
1552552269709;[171, 0, 17, 255, 161, 76, 221, 7, 199, 0, 0, 2, 0, 0, 20, 1, 0, 254, 7, 168]
1552552269710;[171, 0, 17, 255, 161, 76, 221, 7, 199, 0, 0, 17, 0, 0, 6, 1, 0, 250, 7, 158]
1552552269876;[171, 0, 17, 255, 161, 76, 221, 7, 199, 0, 0, 10, 0, 0, 20, 1, 1, 5, 7, 173]
1552552269877;[171, 0, 17, 255, 161, 76, 221, 7, 200, 0, 0, 33, 0, 0, 16, 1, 0, 230, 7, 172]
1552552270044;[171, 0, 17, 255, 161, 76, 221, 7, 200, 0, 0, 11, 0, 0, 11, 1, 0, 250, 7, 190]
1552552270227;[171, 0, 17, 255, 161, 76, 221, 7, 200, 0, 0, 19, 0, 0, 25, 1, 0, 250, 7, 208]
1552552270228;[171, 0, 17, 255, 161, 76, 221, 7, 200, 0, 0, 13, 0, 0, 20, 1, 0, 249, 7, 234]
1552552270394;[171, 0, 4, 255, 132, 128, 69]
1552552270395;[171, 0, 17, 255, 161, 76, 221, 7, 200, 0, 0, 11, 0, 0, 16, 1, 0, 249, 7, 238]
1552552270561;[171, 0, 17, 255, 161, 76, 221, 7, 200, 0, 0, 12, 0, 0, 20, 1, 0, 250, 7, 239]
1552552270745;[171, 0, 17, 255, 161, 76, 221, 7, 200, 0, 0, 17, 0, 0, 11, 1, 0, 246, 7, 234]
1552552270746;[171, 0, 17, 255, 161, 76, 221, 7, 200, 0, 0, 17, 0, 0, 21, 1, 0, 250, 7, 224]
1552552270912;[171, 0, 17, 255, 161, 76, 221, 7, 200, 0, 0, 13, 0, 0, 21, 1, 0, 250, 8, 42]
1552552270913;[171, 0, 17, 255, 161, 76, 221, 7, 200, 0, 0, 19, 0, 0, 21, 1, 0, 249, 8, 146]
1552552271079;[171, 0, 17, 255, 161, 76, 221, 7, 201, 0, 0, 15, 0, 0, 11, 1, 0, 249, 8, 214]
1552552271080;[171, 0, 17, 255, 161, 76, 221, 7, 201, 0, 0, 12, 0, 0, 21, 1, 0, 249, 8, 250]
1552552271263;[171, 0, 17, 255, 161, 76, 221, 7, 201, 0, 0, 35, 0, 0, 16, 1, 0, 253, 8, 244]
1552552271430;[171, 0, 17, 255, 161, 76, 221, 7, 201, 0, 0, 43, 0, 0, 16, 1, 0, 228, 8, 192]
1552552271431;[171, 0, 4, 255, 132, 128, 69]
1552552271597;[171, 0, 17, 255, 161, 76, 221, 7, 201, 0, 0, 19, 0, 0, 16, 1, 0, 250, 8, 114]
1552552271614;[171, 0, 17, 255, 161, 76, 221, 7, 201, 0, 0, 31, 0, 0, 26, 1, 0, 249, 8, 72]
1552552271781;[171, 0, 17, 255, 161, 76, 221, 7, 201, 0, 0, 30, 0, 0, 22, 1, 0, 246, 8, 92]
1552552271948;[171, 0, 17, 255, 161, 76, 221, 7, 201, 0, 0, 20, 0, 0, 21, 1, 0, 254, 8, 231]
1552552272115;[171, 0, 17, 255, 161, 76, 221, 7, 201, 0, 0, 12, 0, 0, 23, 1, 0, 250, 9, 174]
1552552272116;[171, 0, 17, 255, 161, 76, 221, 7, 201, 0, 0, 19, 0, 0, 28, 1, 0, 246, 10, 47]
1552552272116;[171, 0, 17, 255, 161, 76, 221, 7, 202, 0, 0, 3, 0, 0, 21, 1, 0, 250, 10, 163]
1552552272299;[171, 0, 17, 255, 161, 76, 221, 7, 202, 0, 0, 9, 0, 0, 27, 1, 0, 248, 10, 235]
1552552272300;[171, 0, 17, 255, 161, 76, 221, 7, 202, 0, 0, 11, 0, 0, 28, 1, 0, 250, 11, 53]
1552552272466;[171, 0, 17, 255, 161, 76, 221, 7, 202, 0, 0, 2, 0, 0, 24, 1, 0, 250, 11, 110]
1552552272633;[171, 0, 4, 255, 132, 128, 69]
1552552272634;[171, 0, 17, 255, 161, 76, 221, 7, 202, 0, 0, 18, 0, 0, 24, 1, 0, 254, 11, 88]
1552552272817;[171, 0, 17, 255, 161, 76, 221, 7, 202, 0, 0, 11, 0, 0, 27, 1, 0, 245, 11, 63]
1552552272818;[171, 0, 17, 255, 161, 76, 221, 7, 202, 1, 0, 4, 0, 0, 22, 1, 0, 249, 11, 96]
1552552272984;[171, 0, 17, 255, 161, 76, 221, 7, 202, 0, 0, 7, 0, 0, 25, 1, 0, 250, 11, 219]
1552552272985;[171, 0, 17, 255, 161, 76, 221, 7, 202, 0, 0, 1, 0, 0, 24, 1, 0, 249, 12, 73]
1552552273151;[171, 0, 17, 255, 161, 76, 221, 7, 202, 1, 0, 1, 0, 0, 22, 1, 0, 250, 12, 178]
1552552273335;[171, 0, 17, 255, 161, 76, 221, 7, 203, 0, 0, 2, 0, 0, 22, 1, 0, 246, 13, 6]
1552552273336;[171, 0, 17, 255, 161, 76, 221, 7, 203, 0, 0, 5, 0, 0, 21, 1, 0, 249, 13, 50]
1552552273502;[171, 0, 17, 255, 161, 76, 221, 7, 203, 1, 0, 1, 0, 0, 21, 1, 0, 253, 13, 56]
1552552273503;[171, 0, 17, 255, 161, 76, 221, 7, 203, 0, 0, 1, 0, 0, 24, 1, 0, 249, 13, 47]
1552552273670;[171, 0, 4, 255, 132, 128, 70]
1552552273837;[171, 0, 17, 255, 161, 76, 221, 7, 203, 0, 0, 0, 0, 0, 25, 1, 0, 249, 13, 107]
1552552273853;[171, 0, 17, 255, 161, 76, 221, 7, 203, 1, 0, 4, 0, 0, 24, 1, 0, 248, 13, 198]
1552552274020;[171, 0, 17, 255, 161, 76, 221, 7, 203, 1, 0, 1, 0, 0, 21, 1, 0, 249, 13, 245]
1552552274021;[171, 0, 17, 255, 161, 76, 221, 7, 203, 0, 0, 2, 0, 0, 23, 1, 0, 246, 14, 6]
1552552274188;[171, 0, 17, 255, 161, 76, 221, 7, 203, 0, 0, 1, 0, 0, 24, 1, 0, 250, 14, 23]
1552552274188;[171, 0, 17, 255, 161, 76, 221, 7, 203, 0, 0, 1, 0, 0, 24, 1, 0, 249, 14, 17]
1552552274371;[171, 0, 17, 255, 161, 76, 221, 7, 204, 0, 0, 2, 0, 0, 27, 1, 0, 249, 13, 239]
1552552274538;[171, 0, 17, 255, 161, 76, 221, 7, 204, 0, 0, 1, 0, 0, 27, 1, 0, 246, 13, 205]
1552552274539;[171, 0, 17, 255, 161, 76, 221, 7, 204, 0, 0, 1, 0, 0, 21, 1, 0, 249, 14, 17]
1552552274705;[171, 0, 17, 255, 161, 76, 221, 7, 206, 0, 0, 2, 0, 0, 21, 1, 0, 248, 7, 37]
1552552274872;[171, 0, 17, 255, 161, 76, 221, 7, 206, 0, 0, 2, 0, 0, 25, 1, 0, 250, 6, 244]
1552552275056;[171, 0, 17, 255, 161, 76, 221, 7, 206, 0, 0, 2, 0, 0, 25, 1, 0, 249, 7, 12]
1552552275390;[171, 0, 17, 255, 161, 76, 221, 7, 206, 0, 0, 2, 0, 0, 22, 1, 0, 249, 7, 34]
1552552275407;[171, 0, 17, 255, 161, 76, 221, 7, 206, 0, 0, 2, 0, 0, 24, 1, 0, 249, 7, 17]
1552552275407;[171, 0, 17, 255, 161, 76, 221, 7, 206, 0, 0, 2, 0, 0, 22, 1, 0, 249, 6, 252]
1552552275408;[171, 0, 17, 255, 161, 76, 221, 7, 207, 0, 0, 2, 0, 0, 21, 1, 0, 248, 6, 221]
1552552275574;[171, 0, 17, 255, 161, 76, 221, 7, 207, 0, 0, 2, 0, 0, 21, 1, 0, 250, 6, 171]
1552552275741;[171, 0, 17, 255, 161, 76, 221, 7, 207, 0, 0, 1, 0, 0, 24, 1, 0, 249, 6, 118]
1552552275742;[171, 0, 17, 255, 161, 76, 221, 7, 207, 0, 0, 3, 0, 0, 22, 1, 0, 250, 6, 52]
1552552275908;[171, 0, 4, 255, 132, 128, 71]
1552552275927;[171, 0, 17, 255, 161, 76, 221, 7, 207, 0, 0, 1, 0, 0, 24, 1, 0, 254, 6, 23]
1552552276092;[171, 0, 17, 255, 161, 76, 221, 7, 207, 0, 0, 1, 0, 0, 21, 1, 0, 248, 6, 52]
1552552276092;[171, 0, 17, 255, 161, 76, 221, 7, 207, 0, 0, 2, 0, 0, 21, 1, 0, 250, 6, 48]
1552552276259;[171, 0, 17, 255, 161, 76, 221, 7, 207, 0, 0, 1, 0, 0, 22, 1, 0, 249, 6, 31]
1552552276426;[171, 0, 17, 255, 161, 76, 221, 7, 207, 0, 0, 2, 0, 0, 24, 1, 0, 250, 6, 2]
1552552276427;[171, 0, 17, 255, 161, 76, 221, 7, 207, 0, 0, 1, 0, 0, 27, 1, 0, 250, 5, 222]
1552552276610;[171, 0, 17, 255, 161, 76, 221, 7, 208, 0, 0, 2, 0, 0, 24, 1, 0, 249, 5, 164]
1552552276610;[171, 0, 17, 255, 161, 76, 221, 7, 208, 0, 0, 2, 0, 0, 27, 1, 0, 250, 5, 101]
1552552276777;[171, 0, 17, 255, 161, 76, 221, 7, 208, 0, 0, 2, 0, 0, 27, 1, 0, 250, 5, 30]
1552552276777;[171, 0, 17, 255, 161, 76, 221, 7, 208, 0, 0, 1, 0, 0, 22, 1, 0, 250, 4, 245]
1552552276944;[171, 0, 4, 255, 132, 128, 71]
1552552277128;[171, 0, 17, 255, 161, 76, 221, 7, 208, 0, 0, 3, 0, 0, 27, 1, 0, 254, 5, 5]
1552552277462;[171, 0, 17, 255, 161, 76, 221, 7, 208, 0, 0, 1, 0, 0, 25, 1, 0, 250, 5, 25]
1552552277463;[171, 0, 17, 255, 161, 76, 221, 7, 208, 0, 0, 2, 0, 0, 24, 1, 0, 250, 5, 7]
1552552277478;[171, 0, 17, 255, 161, 76, 221, 7, 208, 0, 0, 2, 0, 0, 24, 1, 0, 250, 4, 240]
1552552277479;[171, 0, 17, 255, 161, 76, 221, 7, 208, 0, 0, 2, 0, 0, 21, 1, 0, 249, 4, 206]
1552552277645;[171, 0, 17, 255, 161, 76, 221, 7, 208, 0, 0, 2, 0, 0, 24, 1, 0, 254, 4, 163]
1552552277646;[171, 0, 17, 255, 161, 76, 221, 7, 209, 0, 0, 2, 0, 0, 24, 1, 0, 249, 4, 122]
1552552277980;[171, 0, 17, 255, 161, 76, 221, 7, 209, 0, 0, 1, 0, 0, 25, 1, 0, 249, 4, 75]
1552552277980;[171, 0, 17, 255, 161, 76, 221, 7, 209, 0, 0, 2, 0, 0, 22, 1, 0, 254, 4, 19]
1552552277981;[171, 0, 17, 255, 161, 76, 221, 7, 209, 0, 0, 3, 0, 0, 22, 1, 0, 249, 4, 37]
1552552277996;[171, 0, 4, 255, 132, 128, 71]
1552552278163;[171, 0, 17, 255, 161, 76, 221, 7, 209, 0, 0, 3, 0, 0, 24, 1, 0, 250, 4, 74]
1552552278330;[171, 0, 17, 255, 161, 76, 221, 7, 209, 0, 0, 3, 0, 0, 21, 1, 0, 254, 4, 84]
1552552278331;[171, 0, 17, 255, 161, 76, 221, 7, 209, 0, 0, 2, 0, 0, 25, 1, 0, 249, 4, 84]
1552552278499;[171, 0, 17, 255, 161, 76, 221, 7, 209, 0, 0, 2, 0, 0, 27, 1, 0, 249, 4, 79]
1552552278500;[171, 0, 17, 255, 161, 76, 221, 7, 209, 0, 0, 1, 0, 0, 22, 1, 0, 254, 4, 54]
1552552278682;[171, 0, 17, 255, 161, 76, 221, 7, 209, 0, 0, 2, 0, 0, 19, 1, 0, 249, 4, 22]
1552552278849;[171, 0, 17, 255, 161, 76, 221, 7, 210, 0, 0, 1, 0, 0, 21, 1, 0, 249, 3, 240]
1552552278849;[171, 0, 17, 255, 161, 76, 221, 7, 210, 0, 0, 2, 0, 0, 23, 1, 0, 249, 3, 191]
1552552279016;[171, 0, 17, 255, 161, 76, 221, 7, 210, 0, 0, 4, 0, 0, 22, 1, 0, 249, 3, 176]
1552552279016;[171, 0, 17, 255, 161, 76, 221, 7, 210, 0, 0, 1, 0, 0, 21, 1, 0, 245, 3, 215]
1552552279199;[171, 0, 4, 255, 132, 128, 71]
1552552279200;[171, 0, 17, 255, 161, 76, 221, 7, 210, 0, 0, 2, 0, 0, 24, 1, 0, 249, 3, 235]
1552552279367;[171, 0, 17, 255, 161, 76, 221, 7, 210, 0, 0, 2, 0, 0, 24, 1, 0, 249, 3, 245]
1552552279718;[171, 0, 17, 255, 161, 76, 221, 7, 210, 0, 0, 2, 0, 0, 22, 1, 0, 254, 3, 248]
1552552279718;[171, 0, 17, 255, 161, 76, 221, 7, 210, 0, 0, 5, 0, 0, 27, 1, 0, 249, 3, 231]
1552552279719;[171, 0, 17, 255, 161, 76, 221, 7, 210, 0, 0, 3, 0, 0, 22, 1, 0, 250, 3, 211]
1552552279719;[171, 0, 17, 255, 161, 76, 221, 7, 210, 0, 0, 2, 0, 0, 25, 1, 0, 250, 3, 173]
1552552279885;[171, 0, 17, 255, 161, 76, 221, 7, 211, 0, 0, 2, 0, 0, 25, 1, 0, 249, 3, 142]
1552552279885;[171, 0, 17, 255, 161, 76, 221, 7, 211, 0, 0, 2, 0, 0, 21, 1, 0, 249, 3, 116]
1552552280052;[171, 0, 17, 255, 161, 76, 221, 7, 211, 0, 0, 2, 0, 0, 23, 1, 0, 248, 3, 181]
1552552280235;[171, 0, 17, 255, 161, 76, 221, 7, 211, 0, 0, 2, 0, 0, 27, 1, 0, 249, 3, 242]
1552552280236;[171, 0, 4, 255, 132, 128, 71]
1552552280402;[171, 0, 17, 255, 161, 76, 221, 7, 211, 0, 0, 2, 0, 0, 23, 1, 0, 249, 4, 23]
1552552280403;[171, 0, 17, 255, 161, 76, 221, 7, 211, 0, 0, 2, 0, 0, 22, 1, 0, 254, 4, 48]
1552552280570;[171, 0, 17, 255, 161, 76, 221, 7, 211, 0, 0, 1, 0, 0, 21, 1, 0, 246, 4, 62]
1552552280737;[171, 0, 17, 255, 161, 76, 221, 7, 211, 0, 0, 2, 0, 0, 24, 1, 0, 250, 4, 54]
1552552280754;[171, 0, 17, 255, 161, 76, 221, 7, 211, 0, 0, 3, 0, 0, 22, 1, 0, 249, 4, 36]
1552552280921;[171, 0, 17, 255, 161, 76, 221, 7, 211, 0, 0, 2, 0, 0, 23, 1, 0, 247, 4, 16]
1552552280921;[171, 0, 17, 255, 161, 76, 221, 7, 212, 0, 0, 2, 0, 0, 24, 1, 0, 249, 3, 241]
1552552281088;[171, 0, 17, 255, 161, 76, 221, 7, 212, 0, 0, 2, 0, 0, 25, 1, 0, 250, 3, 238]
1552552281089;[171, 0, 17, 255, 161, 76, 221, 7, 212, 0, 0, 2, 0, 0, 25, 1, 0, 249, 4, 72]
1552552281439;[171, 0, 17, 255, 161, 76, 221, 7, 212, 0, 0, 2, 0, 0, 21, 1, 0, 254, 4, 143]
1552552281439;[171, 0, 4, 255, 132, 128, 71]
1552552281440;[171, 0, 17, 255, 161, 76, 221, 7, 212, 0, 0, 2, 0, 0, 27, 1, 0, 248, 4, 171]
1552552281605;[171, 0, 17, 255, 161, 76, 221, 7, 212, 0, 0, 3, 0, 0, 20, 1, 0, 248, 4, 214]
1552552281606;[171, 0, 17, 255, 161, 76, 221, 7, 212, 0, 0, 2, 0, 0, 22, 1, 0, 249, 4, 225]
1552552281957;[171, 0, 17, 255, 161, 76, 221, 7, 212, 0, 0, 2, 0, 0, 24, 1, 0, 250, 4, 210]
1552552281957;[171, 0, 17, 255, 161, 76, 221, 7, 212, 0, 0, 3, 0, 0, 19, 1, 0, 249, 4, 187]
1552552281957;[171, 0, 17, 255, 161, 76, 221, 7, 212, 0, 0, 3, 0, 0, 26, 1, 0, 249, 4, 160]
1552552282123;[171, 0, 17, 255, 161, 76, 221, 7, 213, 0, 0, 2, 0, 0, 23, 1, 0, 246, 4, 107]
1552552282124;[171, 0, 17, 255, 161, 76, 221, 7, 213, 0, 0, 5, 0, 0, 24, 1, 0, 250, 4, 61]
1552552282290;[171, 0, 17, 255, 161, 76, 221, 7, 213, 0, 0, 5, 0, 0, 24, 1, 0, 254, 4, 94]
1552552282291;[171, 0, 17, 255, 161, 76, 221, 7, 213, 0, 0, 2, 0, 0, 25, 1, 0, 250, 4, 166]
1552552282474;[171, 0, 4, 255, 132, 128, 70]
1552552282641;[171, 0, 17, 255, 161, 76, 221, 7, 213, 0, 0, 5, 0, 0, 21, 1, 0, 249, 4, 205]
1552552282642;[171, 0, 17, 255, 161, 76, 221, 7, 213, 0, 0, 4, 0, 0, 23, 1, 0, 250, 4, 228]
1552552282809;[171, 0, 17, 255, 161, 76, 221, 7, 213, 0, 0, 2, 0, 0, 21, 1, 0, 249, 4, 246]
1552552282809;[171, 0, 17, 255, 161, 76, 221, 7, 213, 0, 0, 9, 0, 0, 21, 1, 0, 249, 4, 237]
1552552282992;[171, 0, 17, 255, 161, 76, 221, 7, 213, 0, 0, 2, 0, 0, 24, 1, 0, 249, 4, 210]
1552552282993;[171, 0, 17, 255, 161, 76, 221, 7, 213, 0, 0, 2, 0, 0, 27, 1, 0, 250, 4, 176]
1552552283159;[171, 0, 17, 255, 161, 76, 221, 7, 214, 0, 0, 2, 0, 0, 21, 1, 0, 249, 4, 145]
1552552283327;[171, 0, 17, 255, 161, 76, 221, 7, 214, 0, 0, 2, 0, 0, 24, 1, 0, 249, 4, 184]
1552552283327;[171, 0, 17, 255, 161, 76, 221, 7, 214, 0, 0, 5, 0, 0, 25, 1, 0, 249, 4, 255]
1552552283510;[171, 0, 17, 255, 161, 76, 221, 7, 214, 0, 0, 2, 0, 0, 27, 1, 0, 254, 5, 22]
1552552283511;[171, 0, 4, 255, 132, 128, 69]
1552552283677;[171, 0, 17, 255, 161, 76, 221, 7, 214, 0, 0, 5, 0, 0, 27, 1, 0, 254, 5, 45]
1552552283678;[171, 0, 17, 255, 161, 76, 221, 7, 214, 0, 0, 2, 0, 0, 25, 1, 0, 250, 5, 42]
1552552284029;[171, 0, 17, 255, 161, 76, 221, 7, 214, 0, 0, 2, 0, 0, 25, 1, 0, 250, 5, 17]
1552552284030;[171, 0, 17, 255, 161, 76, 221, 7, 214, 0, 0, 2, 0, 0, 27, 1, 0, 255, 4, 234]
1552552284030;[171, 0, 17, 255, 161, 76, 221, 7, 214, 0, 0, 2, 0, 0, 25, 1, 0, 249, 4, 197]
1552552284196;[171, 0, 17, 255, 161, 76, 221, 7, 214, 0, 0, 2, 0, 0, 22, 1, 0, 250, 4, 156]
1552552284197;[171, 0, 17, 255, 161, 76, 221, 7, 215, 0, 0, 3, 0, 0, 27, 1, 0, 250, 4, 228]
1552552284363;[171, 0, 17, 255, 161, 76, 221, 7, 215, 0, 0, 2, 0, 0, 21, 1, 0, 250, 5, 43]
1552552284546;[171, 0, 17, 255, 161, 76, 221, 7, 215, 0, 0, 3, 0, 0, 25, 1, 0, 248, 5, 65]
1552552284547;[171, 0, 17, 255, 161, 76, 221, 7, 215, 0, 0, 1, 0, 0, 22, 1, 0, 249, 5, 87]
1552552284713;[171, 0, 4, 255, 132, 128, 68]
1552552284714;[171, 0, 17, 255, 161, 76, 221, 7, 215, 0, 0, 2, 0, 0, 25, 1, 0, 254, 5, 95]
1552552284881;[171, 0, 17, 255, 161, 76, 221, 7, 215, 1, 0, 1, 0, 0, 24, 1, 0, 249, 5, 70]
1552552284882;[171, 0, 17, 255, 161, 76, 221, 7, 215, 0, 0, 2, 0, 0, 24, 1, 0, 249, 5, 47]
1552552285064;[171, 0, 17, 255, 161, 76, 221, 7, 215, 0, 0, 0, 0, 0, 21, 1, 0, 249, 5, 2]
1552552285232;[171, 0, 17, 255, 161, 76, 221, 7, 215, 0, 0, 2, 0, 0, 24, 1, 0, 250, 4, 219]
1552552285233;[171, 0, 17, 255, 161, 76, 221, 7, 215, 0, 0, 1, 0, 0, 21, 1, 0, 250, 4, 200]
1552552285399;[171, 0, 17, 255, 161, 76, 221, 7, 216, 0, 0, 2, 0, 0, 25, 1, 0, 248, 5, 27]
1552552285399;[171, 0, 17, 255, 161, 76, 221, 7, 216, 0, 0, 2, 0, 0, 21, 1, 0, 250, 5, 91]
1552552285750;[171, 0, 17, 255, 161, 76, 221, 7, 216, 0, 0, 3, 0, 0, 22, 1, 0, 249, 5, 116]
1552552285750;[171, 0, 17, 255, 161, 76, 221, 7, 216, 0, 0, 3, 0, 0, 22, 1, 0, 249, 5, 131]
1552552285751;[171, 0, 4, 255, 132, 128, 68]
1552552285916;[171, 0, 17, 255, 161, 76, 221, 7, 216, 0, 0, 2, 0, 0, 24, 1, 0, 249, 5, 125]
1552552285917;[171, 0, 17, 255, 161, 76, 221, 7, 216, 0, 0, 2, 0, 0, 22, 1, 0, 249, 5, 107]
1552552286100;[171, 0, 17, 255, 161, 76, 221, 7, 216, 0, 0, 2, 0, 0, 24, 1, 0, 250, 5, 78]
1552552286101;[171, 0, 17, 255, 161, 76, 221, 7, 216, 0, 0, 2, 0, 0, 25, 1, 0, 249, 5, 38]
1552552286435;[171, 0, 17, 255, 161, 76, 221, 7, 216, 0, 0, 2, 0, 0, 24, 1, 0, 254, 4, 250]
1552552286435;[171, 0, 17, 255, 161, 76, 221, 7, 216, 0, 0, 2, 0, 0, 24, 1, 0, 249, 4, 241]
1552552286436;[171, 0, 17, 255, 161, 76, 221, 7, 217, 1, 0, 1, 0, 0, 27, 1, 0, 249, 5, 76]
1552552286602;[171, 0, 17, 255, 161, 76, 221, 7, 217, 0, 0, 3, 0, 0, 22, 1, 0, 249, 5, 134]
1552552286618;[171, 0, 17, 255, 161, 76, 221, 7, 217, 0, 0, 2, 0, 0, 23, 1, 0, 254, 5, 173]
1552552286785;[171, 0, 17, 255, 161, 76, 221, 7, 217, 0, 0, 2, 0, 0, 22, 1, 0, 249, 5, 204]
1552552286786;[171, 0, 4, 255, 132, 128, 67]
1552552286953;[171, 0, 17, 255, 161, 76, 221, 7, 217, 1, 0, 1, 0, 0, 25, 1, 0, 246, 5, 217]
1552552287136;[171, 0, 17, 255, 161, 76, 221, 7, 217, 1, 0, 1, 0, 0, 22, 1, 0, 249, 5, 215]
1552552287137;[171, 0, 17, 255, 161, 76, 221, 7, 217, 1, 0, 1, 0, 0, 22, 1, 0, 249, 5, 190]
1552552287303;[171, 0, 17, 255, 161, 76, 221, 7, 217, 0, 0, 3, 0, 0, 25, 1, 0, 248, 5, 160]
1552552287304;[171, 0, 17, 255, 161, 76, 221, 7, 217, 0, 0, 2, 0, 0, 25, 1, 0, 250, 5, 122]
1552552287471;[171, 0, 17, 255, 161, 76, 221, 7, 217, 0, 0, 2, 0, 0, 23, 1, 0, 249, 5, 75]
1552552287638;[171, 0, 17, 255, 161, 76, 221, 7, 218, 0, 0, 2, 0, 0, 21, 1, 0, 249, 5, 161]
1552552287654;[171, 0, 17, 255, 161, 76, 221, 7, 218, 0, 0, 2, 0, 0, 24, 1, 0, 249, 5, 234]
1552552287822;[171, 0, 17, 255, 161, 76, 221, 7, 218, 0, 0, 3, 0, 0, 21, 1, 0, 249, 6, 4]
1552552287822;[171, 0, 17, 255, 161, 76, 221, 7, 218, 0, 0, 2, 0, 0, 22, 1, 0, 250, 6, 22]
1552552287988;[171, 0, 4, 255, 132, 128, 67]
1552552287990;[171, 0, 17, 255, 161, 76, 221, 7, 218, 0, 0, 2, 0, 0, 22, 1, 0, 246, 6, 31]
1552552288156;[171, 0, 17, 255, 161, 76, 221, 7, 218, 0, 0, 2, 0, 0, 21, 1, 0, 249, 6, 14]
1552552288339;[171, 0, 17, 255, 161, 76, 221, 7, 218, 0, 0, 1, 0, 0, 21, 1, 0, 249, 5, 237]
1552552288340;[171, 0, 17, 255, 161, 76, 221, 7, 218, 0, 0, 1, 0, 0, 24, 1, 0, 246, 5, 186]
1552552288506;[171, 0, 17, 255, 161, 76, 221, 7, 218, 0, 0, 1, 0, 0, 22, 1, 0, 249, 5, 142]
1552552288507;[171, 0, 17, 255, 161, 76, 221, 7, 218, 0, 0, 2, 0, 0, 22, 1, 0, 250, 5, 88]
1552552288674;[171, 0, 17, 255, 161, 76, 221, 7, 219, 0, 0, 2, 0, 0, 27, 1, 0, 249, 5, 17]
1552552288674;[171, 0, 17, 255, 161, 76, 221, 7, 219, 1, 0, 1, 0, 0, 21, 1, 0, 249, 5, 22]
1552552288857;[171, 0, 17, 255, 161, 76, 221, 7, 219, 0, 0, 2, 0, 0, 24, 1, 0, 249, 5, 98]
1552552289024;[171, 0, 17, 255, 161, 76, 221, 7, 219, 0, 0, 0, 0, 0, 24, 1, 0, 246, 5, 150]
1552552289025;[171, 0, 4, 255, 132, 128, 66]
1552552289191;[171, 0, 17, 255, 161, 76, 221, 7, 219, 0, 0, 1, 0, 0, 23, 1, 0, 249, 5, 159]
1552552289192;[171, 0, 17, 255, 161, 76, 221, 7, 219, 0, 0, 1, 0, 0, 22, 1, 0, 248, 5, 173]
1552552289375;[171, 0, 17, 255, 161, 76, 221, 7, 219, 0, 0, 1, 0, 0, 24, 1, 0, 250, 5, 157]
1552552289543;[171, 0, 17, 255, 161, 76, 221, 7, 219, 1, 0, 1, 0, 0, 24, 1, 0, 249, 5, 125]
1552552289543;[171, 0, 17, 255, 161, 76, 221, 7, 219, 0, 0, 1, 0, 0, 24, 1, 0, 254, 5, 84]
1552552289710;[171, 0, 17, 255, 161, 76, 221, 7, 219, 0, 0, 2, 0, 0, 24, 1, 0, 249, 5, 37]
1552552289710;[171, 0, 17, 255, 161, 76, 221, 7, 220, 0, 0, 5, 0, 0, 24, 1, 0, 249, 4, 234]
1552552289893;[171, 0, 17, 255, 161, 76, 221, 7, 220, 0, 0, 1, 0, 0, 21, 1, 0, 250, 4, 168]
1552552290060;[171, 0, 17, 255, 161, 76, 221, 7, 220, 1, 0, 1, 0, 0, 24, 1, 0, 249, 4, 174]
1552552290061;[171, 0, 17, 255, 161, 76, 221, 7, 220, 0, 0, 1, 0, 0, 22, 1, 0, 249, 4, 248]
1552552290227;[171, 0, 4, 255, 132, 128, 66]
1552552290228;[171, 0, 17, 255, 161, 76, 221, 7, 220, 0, 0, 3, 0, 0, 27, 1, 0, 250, 5, 38]
1552552290411;[171, 0, 17, 255, 161, 76, 221, 7, 220, 0, 0, 2, 0, 0, 24, 1, 0, 249, 5, 54]
1552552290412;[171, 0, 17, 255, 161, 76, 221, 7, 220, 0, 0, 1, 0, 0, 21, 1, 0, 248, 5, 62]
1552552290578;[171, 0, 17, 255, 161, 76, 221, 7, 220, 0, 0, 2, 0, 0, 27, 1, 0, 249, 5, 38]
1552552290578;[171, 0, 17, 255, 161, 76, 221, 7, 220, 0, 0, 1, 0, 0, 22, 1, 0, 249, 5, 4]
1552552290746;[171, 0, 17, 255, 161, 76, 221, 7, 220, 0, 0, 1, 0, 0, 27, 1, 0, 250, 4, 225]
1552552290929;[171, 0, 17, 255, 161, 76, 221, 7, 221, 0, 0, 1, 0, 0, 22, 1, 0, 249, 4, 174]
1552552290930;[171, 0, 17, 255, 161, 76, 221, 7, 221, 0, 0, 2, 0, 0, 21, 1, 0, 249, 4, 120]
1552552291096;[171, 0, 17, 255, 161, 76, 221, 7, 221, 0, 0, 2, 0, 0, 22, 1, 0, 250, 4, 151]
1552552291096;[171, 0, 17, 255, 161, 76, 221, 7, 221, 0, 0, 1, 0, 0, 21, 1, 0, 248, 4, 218]
1552552291263;[171, 0, 4, 255, 132, 128, 65]
1552552291447;[171, 0, 17, 255, 161, 76, 221, 7, 221, 0, 0, 1, 0, 0, 22, 1, 0, 250, 4, 226]
1552552291447;[171, 0, 17, 255, 161, 76, 221, 7, 221, 0, 0, 1, 0, 0, 21, 1, 0, 254, 4, 234]
1552552291614;[171, 0, 17, 255, 161, 76, 221, 7, 221, 0, 0, 2, 0, 0, 24, 1, 0, 250, 4, 234]
1552552291781;[171, 0, 17, 255, 161, 76, 221, 7, 221, 0, 0, 2, 0, 0, 22, 1, 0, 249, 4, 203]
1552552291782;[171, 0, 17, 255, 161, 76, 221, 7, 221, 1, 0, 1, 0, 0, 22, 1, 0, 249, 4, 171]
1552552291782;[171, 0, 17, 255, 161, 76, 221, 7, 221, 0, 0, 1, 0, 0, 21, 1, 0, 248, 4, 125]
1552552291964;[171, 0, 17, 255, 161, 76, 221, 7, 222, 1, 0, 1, 0, 0, 23, 1, 0, 249, 4, 79]
1552552292299;[171, 0, 17, 255, 161, 76, 221, 7, 222, 0, 0, 1, 0, 0, 24, 1, 0, 249, 4, 87]
1552552292299;[171, 0, 17, 255, 161, 76, 221, 7, 222, 1, 0, 3, 0, 0, 21, 1, 0, 249, 4, 179]
1552552292300;[171, 0, 17, 255, 161, 76, 221, 7, 222, 0, 0, 1, 0, 0, 24, 1, 0, 249, 4, 237]
1552552292315;[171, 0, 4, 255, 132, 128, 64]
1552552292483;[171, 0, 17, 255, 161, 76, 221, 7, 222, 1, 0, 1, 0, 0, 22, 1, 0, 249, 5, 4]
1552552292650;[171, 0, 17, 255, 161, 76, 221, 7, 222, 1, 0, 1, 0, 0, 24, 1, 0, 249, 5, 17]
1552552292650;[171, 0, 17, 255, 161, 76, 221, 7, 222, 0, 0, 1, 0, 0, 25, 1, 0, 249, 5, 1]
1552552292817;[171, 0, 17, 255, 161, 76, 221, 7, 222, 0, 0, 1, 0, 0, 24, 1, 0, 249, 4, 230]
1552552292818;[171, 0, 17, 255, 161, 76, 221, 7, 222, 0, 0, 1, 0, 0, 24, 1, 0, 250, 4, 195]
1552552293001;[171, 0, 17, 255, 161, 76, 221, 7, 222, 0, 0, 1, 0, 0, 22, 1, 0, 249, 4, 151]
1552552293001;[171, 0, 17, 255, 161, 76, 221, 7, 223, 0, 0, 1, 0, 0, 22, 1, 0, 250, 4, 104]
1552552293168;[171, 0, 17, 255, 161, 76, 221, 7, 223, 0, 0, 1, 0, 0, 21, 1, 0, 249, 4, 129]
1552552293335;[171, 0, 17, 255, 161, 76, 221, 7, 223, 1, 0, 1, 0, 0, 24, 1, 0, 255, 4, 221]
1552552293518;[171, 0, 17, 255, 161, 76, 221, 7, 223, 0, 0, 2, 0, 0, 21, 1, 0, 250, 5, 22]
1552552293519;[171, 0, 4, 255, 132, 128, 64]
1552552293520;[171, 0, 17, 255, 161, 76, 221, 7, 223, 0, 0, 2, 0, 0, 25, 1, 0, 254, 5, 50]
1552552293685;[171, 0, 17, 255, 161, 76, 221, 7, 223, 0, 0, 2, 0, 0, 24, 1, 0, 249, 5, 76]
1552552293686;[171, 0, 17, 255, 161, 76, 221, 7, 223, 1, 0, 1, 0, 0, 25, 1, 0, 249, 5, 59]
1552552293853;[171, 0, 17, 255, 161, 76, 221, 7, 223, 0, 0, 1, 0, 0, 25, 1, 0, 249, 5, 33]
1552552294020;[171, 0, 17, 255, 161, 76, 221, 7, 223, 0, 0, 2, 0, 0, 21, 1, 0, 249, 4, 250]
1552552294036;[171, 0, 17, 255, 161, 76, 221, 7, 223, 0, 0, 1, 0, 0, 21, 1, 0, 250, 4, 206]
1552552294203;[171, 0, 17, 255, 161, 76, 221, 7, 224, 0, 0, 1, 0, 0, 21, 1, 0, 250, 4, 160]
1552552294204;[171, 0, 17, 255, 161, 76, 221, 7, 224, 0, 0, 1, 0, 0, 22, 1, 0, 255, 4, 154]
1552552294371;[171, 0, 17, 255, 161, 76, 221, 7, 224, 0, 0, 1, 0, 0, 27, 1, 0, 250, 4, 240]
1552552294538;[171, 0, 17, 255, 161, 76, 221, 7, 224, 0, 0, 1, 0, 0, 22, 1, 0, 249, 5, 41]
1552552294555;[171, 0, 4, 255, 132, 128, 63]
1552552294722;[171, 0, 17, 255, 161, 76, 221, 7, 224, 1, 0, 1, 0, 0, 25, 1, 0, 249, 5, 57]
1552552294722;[171, 0, 17, 255, 161, 76, 221, 7, 224, 0, 0, 1, 0, 0, 21, 1, 0, 254, 5, 74]
1552552294889;[171, 0, 17, 255, 161, 76, 221, 7, 224, 0, 0, 1, 0, 0, 25, 1, 0, 250, 5, 62]
1552552294889;[171, 0, 17, 255, 161, 76, 221, 7, 224, 0, 0, 1, 0, 0, 24, 1, 0, 249, 5, 30]
1552552295055;[171, 0, 17, 255, 161, 76, 221, 7, 224, 0, 0, 1, 0, 0, 21, 1, 0, 248, 5, 4]
1552552295239;[171, 0, 17, 255, 161, 76, 221, 7, 224, 1, 0, 1, 0, 0, 24, 1, 0, 249, 4, 215]
1552552295406;[171, 0, 17, 255, 161, 76, 221, 7, 225, 1, 0, 1, 0, 0, 25, 1, 0, 250, 4, 211]
1552552295407;[171, 0, 17, 255, 161, 76, 221, 7, 225, 0, 0, 1, 0, 0, 21, 1, 0, 249, 5, 45]
1552552295407;[171, 0, 17, 255, 161, 76, 221, 7, 225, 0, 0, 1, 0, 0, 24, 1, 0, 250, 5, 102]
1552552295573;[171, 0, 17, 255, 161, 76, 221, 7, 225, 0, 0, 2, 0, 0, 24, 1, 0, 246, 5, 109]
1552552295574;[171, 0, 4, 255, 132, 128, 63]
1552552295757;[171, 0, 17, 255, 161, 76, 221, 7, 225, 0, 0, 1, 0, 0, 24, 1, 0, 250, 5, 121]
1552552295924;[171, 0, 17, 255, 161, 76, 221, 7, 225, 0, 0, 1, 0, 0, 24, 1, 0, 250, 5, 108]
1552552295925;[171, 0, 17, 255, 161, 76, 221, 7, 225, 0, 0, 1, 0, 0, 24, 1, 0, 249, 5, 66]
1552552296275;[171, 0, 17, 255, 161, 76, 221, 7, 225, 0, 0, 1, 0, 0, 22, 1, 0, 249, 5, 32]
1552552296276;[171, 0, 17, 255, 161, 76, 221, 7, 225, 0, 0, 1, 0, 0, 23, 1, 0, 249, 4, 230]
1552552296276;[171, 0, 17, 255, 161, 76, 221, 7, 225, 0, 0, 1, 0, 0, 24, 1, 0, 250, 4, 176]
1552552296442;[171, 0, 17, 255, 161, 76, 221, 7, 226, 0, 0, 3, 0, 0, 23, 1, 0, 248, 4, 167]
1552552296443;[171, 0, 17, 255, 161, 76, 221, 7, 226, 0, 0, 1, 0, 0, 25, 1, 0, 249, 5, 5]
1552552296610;[171, 0, 17, 255, 161, 76, 221, 7, 226, 0, 0, 1, 0, 0, 27, 1, 0, 250, 5, 61]
1552552296793;[171, 0, 17, 255, 161, 76, 221, 7, 228, 1, 0, 2, 0, 0, 24, 1, 0, 250, 5, 69]
1552552296961;[171, 0, 17, 255, 161, 76, 221, 7, 228, 0, 0, 2, 0, 0, 24, 1, 0, 250, 5, 55]
1552552297128;[171, 0, 17, 255, 161, 76, 221, 7, 228, 0, 0, 1, 0, 0, 21, 1, 0, 246, 5, 21]
1552552297128;[171, 0, 17, 255, 161, 76, 221, 7, 228, 0, 0, 1, 0, 0, 24, 1, 0, 249, 4, 239]
1552552297311;[171, 0, 17, 255, 161, 76, 221, 7, 228, 0, 0, 1, 0, 0, 22, 1, 0, 249, 4, 186]
1552552297312;[171, 0, 17, 255, 161, 76, 221, 7, 228, 0, 0, 3, 0, 0, 21, 1, 0, 249, 4, 130]
1552552297479;[171, 0, 17, 255, 161, 76, 221, 7, 229, 0, 0, 1, 0, 0, 25, 1, 0, 249, 4, 102]
1552552297479;[171, 0, 17, 255, 161, 76, 221, 7, 229, 1, 0, 1, 0, 0, 22, 1, 0, 249, 4, 183]
1552552297646;[171, 0, 17, 255, 161, 76, 221, 7, 229, 0, 0, 1, 0, 0, 22, 1, 0, 249, 4, 251]
1552552297829;[171, 0, 17, 255, 161, 76, 221, 7, 229, 0, 0, 5, 0, 0, 27, 1, 0, 250, 5, 7]
1552552297830;[171, 0, 4, 255, 132, 128, 62]
1552552297996;[171, 0, 17, 255, 161, 76, 221, 7, 229, 0, 0, 1, 0, 0, 27, 1, 0, 250, 5, 28]
1552552297997;[171, 0, 17, 255, 161, 76, 221, 7, 229, 0, 0, 1, 0, 0, 24, 1, 0, 249, 5, 18]
1552552298163;[171, 0, 17, 255, 161, 76, 221, 7, 229, 0, 0, 1, 0, 0, 24, 1, 0, 248, 4, 238]
1552552298349;[171, 0, 17, 255, 161, 76, 221, 7, 229, 0, 0, 1, 0, 0, 23, 1, 0, 249, 4, 193]
1552552298350;[171, 0, 17, 255, 161, 76, 221, 7, 229, 0, 0, 1, 0, 0, 21, 1, 0, 250, 4, 147]
1552552298514;[171, 0, 17, 255, 161, 76, 221, 7, 229, 0, 0, 2, 0, 0, 21, 1, 0, 250, 4, 98]
1552552298515;[171, 0, 17, 255, 161, 76, 221, 7, 230, 0, 0, 2, 0, 0, 21, 1, 0, 249, 4, 72]
1552552298682;[171, 0, 17, 255, 161, 76, 221, 7, 230, 0, 0, 1, 0, 0, 21, 1, 0, 249, 4, 162]
1552552298682;[171, 0, 17, 255, 161, 76, 221, 7, 230, 0, 0, 1, 0, 0, 24, 1, 0, 249, 4, 216]
1552552298866;[171, 0, 17, 255, 161, 76, 221, 7, 230, 0, 0, 1, 0, 0, 22, 1, 0, 250, 4, 230]
1552552299033;[171, 0, 4, 255, 132, 128, 62]
1552552299034;[171, 0, 17, 255, 161, 76, 221, 7, 230, 1, 0, 1, 0, 0, 21, 1, 0, 248, 4, 236]
1552552299200;[171, 0, 17, 255, 161, 76, 221, 7, 230, 0, 0, 2, 0, 0, 24, 1, 0, 250, 4, 233]
1552552299200;[171, 0, 17, 255, 161, 76, 221, 7, 230, 0, 0, 2, 0, 0, 25, 1, 0, 248, 4, 195]
1552552299550;[171, 0, 17, 255, 161, 76, 221, 7, 230, 0, 0, 5, 0, 0, 23, 1, 0, 249, 4, 151]
1552552299551;[171, 0, 17, 255, 161, 76, 221, 7, 230, 0, 0, 2, 0, 0, 24, 1, 0, 249, 4, 109]
1552552299551;[171, 0, 17, 255, 161, 76, 221, 7, 230, 0, 0, 2, 0, 0, 22, 1, 0, 249, 4, 48]
1552552299718;[171, 0, 17, 255, 161, 76, 221, 7, 231, 0, 0, 2, 0, 0, 24, 1, 0, 249, 3, 236]
1552552299718;[171, 0, 17, 255, 161, 76, 221, 7, 231, 0, 0, 2, 0, 0, 22, 1, 0, 254, 4, 20]
1552552299885;[171, 0, 17, 255, 161, 76, 221, 7, 231, 0, 0, 2, 0, 0, 21, 1, 0, 249, 4, 80]
1552552299901;[171, 0, 17, 255, 161, 76, 221, 7, 231, 1, 0, 1, 0, 0, 20, 1, 0, 250, 4, 98]
1552552300069;[171, 0, 4, 255, 132, 128, 62]
1552552300235;[171, 0, 17, 255, 161, 76, 221, 7, 231, 0, 0, 2, 0, 0, 21, 1, 0, 249, 4, 95]
1552552300236;[171, 0, 17, 255, 161, 76, 221, 7, 231, 0, 0, 2, 0, 0, 23, 1, 0, 246, 4, 87]
1552552300403;[171, 0, 17, 255, 161, 76, 221, 7, 231, 0, 0, 1, 0, 0, 24, 1, 0, 249, 4, 67]
1552552300420;[171, 0, 17, 255, 161, 76, 221, 7, 231, 0, 0, 2, 0, 0, 23, 1, 0, 249, 4, 20]
1552552300586;[171, 0, 17, 255, 161, 76, 221, 7, 231, 0, 0, 1, 0, 0, 27, 1, 0, 250, 3, 224]
1552552300586;[171, 0, 17, 255, 161, 76, 221, 7, 231, 0, 0, 1, 0, 0, 21, 1, 0, 248, 3, 163]
1552552300753;[171, 0, 17, 255, 161, 76, 221, 7, 232, 0, 0, 1, 0, 0, 22, 1, 0, 249, 3, 202]
1552552300921;[171, 0, 17, 255, 161, 76, 221, 7, 232, 0, 0, 2, 0, 0, 21, 1, 0, 250, 4, 6]
1552552300937;[171, 0, 17, 255, 161, 76, 221, 7, 232, 0, 0, 2, 0, 0, 24, 1, 0, 250, 4, 27]
1552552301104;[171, 0, 17, 255, 161, 76, 221, 7, 232, 0, 0, 0, 0, 0, 21, 1, 0, 254, 4, 33]
1552552301105;[171, 0, 4, 255, 132, 128, 61]
1552552301272;[171, 0, 17, 255, 161, 76, 221, 7, 232, 1, 0, 1, 0, 0, 25, 1, 0, 254, 4, 30]
1552552301438;[171, 0, 17, 255, 161, 76, 221, 7, 232, 0, 0, 1, 0, 0, 25, 1, 0, 249, 3, 250]
1552552301455;[171, 0, 17, 255, 161, 76, 221, 7, 232, 0, 0, 1, 0, 0, 25, 1, 0, 250, 3, 204]
1552552301622;[171, 0, 17, 255, 161, 76, 221, 7, 232, 0, 0, 2, 0, 0, 22, 1, 0, 249, 3, 139]
1552552301622;[171, 0, 17, 255, 161, 76, 221, 7, 232, 0, 0, 1, 0, 0, 21, 1, 0, 249, 3, 86]
1552552301789;[171, 0, 17, 255, 161, 76, 221, 7, 232, 1, 0, 1, 0, 0, 24, 1, 0, 253, 3, 96]
1552552301790;[171, 0, 17, 255, 161, 76, 221, 7, 233, 1, 0, 1, 0, 0, 22, 1, 0, 248, 3, 178]
1552552301956;[171, 0, 17, 255, 161, 76, 221, 7, 233, 0, 0, 3, 0, 0, 24, 1, 0, 254, 3, 234]
1552552302140;[171, 0, 17, 255, 161, 76, 221, 7, 233, 0, 0, 1, 0, 0, 22, 1, 0, 248, 3, 236]
1552552302307;[171, 0, 17, 255, 161, 76, 221, 7, 233, 0, 0, 1, 0, 0, 21, 1, 0, 247, 4, 0]
1552552302307;[171, 0, 4, 255, 132, 128, 61]
1552552302308;[171, 0, 17, 255, 161, 76, 221, 7, 233, 1, 0, 1, 0, 0, 23, 1, 0, 249, 3, 231]
1552552302474;[171, 0, 17, 255, 161, 76, 221, 7, 233, 0, 0, 1, 0, 0, 22, 1, 0, 254, 3, 190]
1552552302475;[171, 0, 17, 255, 161, 76, 221, 7, 233, 1, 0, 1, 0, 0, 22, 1, 0, 247, 3, 158]
1552552302658;[171, 0, 17, 255, 161, 76, 221, 7, 233, 0, 0, 2, 0, 0, 22, 1, 0, 249, 3, 113]
1552552302825;[171, 0, 17, 255, 161, 76, 221, 7, 233, 0, 0, 2, 0, 0, 21, 1, 0, 249, 3, 48]
1552552302826;[171, 0, 17, 255, 161, 76, 221, 7, 233, 0, 0, 2, 0, 0, 22, 1, 0, 254, 3, 74]
1552552302992;[171, 0, 17, 255, 161, 76, 221, 7, 234, 0, 0, 1, 0, 0, 27, 1, 0, 249, 3, 173]
1552552302993;[171, 0, 17, 255, 161, 76, 221, 7, 234, 0, 0, 2, 0, 0, 27, 1, 0, 249, 3, 205]
1552552303176;[171, 0, 17, 255, 161, 76, 221, 7, 234, 0, 0, 2, 0, 0, 21, 1, 0, 249, 3, 231]
1552552303343;[171, 0, 17, 255, 161, 76, 221, 7, 234, 0, 0, 1, 0, 0, 22, 1, 0, 247, 3, 232]
1552552303343;[171, 0, 4, 255, 132, 128, 61]
1552552303510;[171, 0, 17, 255, 161, 76, 221, 7, 234, 0, 0, 2, 0, 0, 21, 1, 0, 248, 3, 209]
1552552303510;[171, 0, 17, 255, 161, 76, 221, 7, 234, 0, 0, 2, 0, 0, 22, 1, 0, 250, 3, 183]
1552552303694;[171, 0, 17, 255, 161, 76, 221, 7, 234, 0, 0, 2, 0, 0, 22, 1, 0, 246, 3, 137]
1552552303694;[171, 0, 17, 255, 161, 76, 221, 7, 234, 0, 0, 1, 0, 0, 22, 1, 0, 250, 3, 86]
1552552303861;[171, 0, 17, 255, 161, 76, 221, 7, 234, 0, 0, 3, 0, 0, 22, 1, 0, 254, 3, 122]
1552552304028;[171, 0, 17, 255, 161, 76, 221, 7, 234, 0, 0, 3, 0, 0, 22, 1, 0, 250, 3, 194]
1552552304029;[171, 0, 17, 255, 161, 76, 221, 7, 235, 0, 0, 1, 0, 0, 22, 1, 0, 250, 3, 214]
1552552304379;[171, 0, 17, 255, 161, 76, 221, 7, 235, 0, 0, 1, 0, 0, 24, 1, 0, 249, 3, 224]
1552552304546;[171, 0, 17, 255, 161, 76, 221, 7, 235, 0, 0, 3, 0, 0, 21, 1, 0, 250, 3, 225]
1552552304546;[171, 0, 17, 255, 161, 76, 221, 7, 235, 0, 0, 1, 0, 0, 23, 1, 0, 249, 3, 197]
1552552304547;[171, 0, 4, 255, 132, 128, 61]
1552552304548;[171, 0, 17, 255, 161, 76, 221, 7, 235, 0, 0, 5, 0, 0, 24, 1, 0, 248, 3, 150]
1552552304730;[171, 0, 17, 255, 161, 76, 221, 7, 235, 0, 0, 1, 0, 0, 24, 1, 0, 249, 3, 111]
1552552304731;[171, 0, 17, 255, 161, 76, 221, 7, 235, 0, 0, 1, 0, 0, 24, 1, 0, 249, 3, 57]
1552552304897;[171, 0, 17, 255, 161, 76, 221, 7, 235, 0, 0, 1, 0, 0, 24, 1, 0, 249, 3, 131]
1552552304898;[171, 0, 17, 255, 161, 76, 221, 7, 235, 0, 0, 1, 0, 0, 21, 1, 0, 250, 3, 220]
1552552305064;[171, 0, 17, 255, 161, 76, 221, 7, 235, 0, 0, 2, 0, 0, 24, 1, 0, 250, 4, 5]
1552552305248;[171, 0, 17, 255, 161, 76, 221, 7, 236, 0, 0, 1, 0, 0, 25, 1, 0, 249, 4, 39]
1552552305248;[171, 0, 17, 255, 161, 76, 221, 7, 236, 0, 0, 2, 0, 0, 21, 1, 0, 254, 4, 38]
1552552305582;[171, 0, 17, 255, 161, 76, 221, 7, 236, 0, 0, 2, 0, 0, 24, 1, 0, 249, 4, 19]
1552552305583;[171, 0, 17, 255, 161, 76, 221, 7, 236, 0, 0, 3, 0, 0, 24, 1, 0, 250, 3, 249]
1552552305583;[171, 0, 4, 255, 132, 128, 61]
1552552305584;[171, 0, 17, 255, 161, 76, 221, 7, 236, 0, 0, 1, 0, 0, 21, 1, 0, 248, 3, 211]
1552552305749;[171, 0, 17, 255, 161, 76, 221, 7, 236, 0, 0, 2, 0, 0, 21, 1, 0, 249, 3, 156]
1552552305933;[171, 0, 17, 255, 161, 76, 221, 7, 236, 0, 0, 1, 0, 0, 24, 1, 0, 249, 3, 121]
1552552305933;[171, 0, 17, 255, 161, 76, 221, 7, 236, 0, 0, 2, 0, 0, 25, 1, 0, 250, 3, 228]
1552552306100;[171, 0, 17, 255, 161, 76, 221, 7, 236, 0, 0, 1, 0, 0, 21, 1, 0, 249, 4, 66]
1552552306101;[171, 0, 17, 255, 161, 76, 221, 7, 236, 0, 0, 2, 0, 0, 23, 1, 0, 250, 4, 108]
1552552306267;[171, 0, 17, 255, 161, 76, 221, 7, 237, 1, 0, 1, 0, 0, 21, 1, 0, 248, 4, 139]
1552552306284;[171, 0, 17, 255, 161, 76, 221, 7, 237, 0, 0, 1, 0, 0, 20, 1, 0, 249, 4, 137]
1552552306618;[171, 0, 17, 255, 161, 76, 221, 7, 237, 0, 0, 2, 0, 0, 21, 1, 0, 249, 4, 119]
1552552306618;[171, 0, 17, 255, 161, 76, 221, 7, 237, 0, 0, 2, 0, 0, 22, 1, 0, 249, 4, 81]
1552552306619;[171, 0, 4, 255, 132, 128, 62]
1552552306785;[171, 0, 17, 255, 161, 76, 221, 7, 237, 0, 0, 1, 0, 0, 22, 1, 0, 246, 4, 35]
1552552306802;[171, 0, 17, 255, 161, 76, 221, 7, 237, 0, 0, 2, 0, 0, 23, 1, 0, 249, 3, 238]
1552552307136;[171, 0, 17, 255, 161, 76, 221, 7, 237, 0, 0, 3, 0, 0, 25, 1, 0, 255, 3, 176]
1552552307137;[171, 0, 17, 255, 161, 76, 221, 7, 237, 0, 0, 1, 0, 0, 24, 1, 0, 254, 3, 151]
1552552307152;[171, 0, 17, 255, 161, 76, 221, 7, 237, 0, 0, 2, 0, 0, 27, 1, 0, 249, 3, 245]
1552552307303;[171, 0, 17, 255, 161, 76, 221, 7, 237, 0, 0, 2, 0, 0, 25, 1, 0, 249, 4, 50]
1552552307320;[171, 0, 17, 255, 161, 76, 221, 7, 238, 0, 0, 2, 0, 0, 21, 1, 0, 254, 4, 69]
1552552307486;[171, 0, 17, 255, 161, 76, 221, 7, 238, 0, 0, 2, 0, 0, 23, 1, 0, 249, 4, 84]
1552552307487;[171, 0, 17, 255, 161, 76, 221, 7, 238, 1, 0, 1, 0, 0, 22, 1, 0, 249, 4, 69]
1552552307654;[171, 0, 17, 255, 161, 76, 221, 7, 238, 0, 0, 1, 0, 0, 21, 1, 0, 249, 4, 38]
1552552307821;[171, 0, 4, 255, 132, 128, 62]
1552552307822;[171, 0, 17, 255, 161, 76, 221, 7, 238, 0, 0, 5, 0, 0, 25, 1, 0, 249, 3, 246]
1552552308005;[171, 0, 17, 255, 161, 76, 221, 7, 238, 0, 0, 2, 0, 0, 23, 1, 0, 254, 3, 202]
1552552308006;[171, 0, 17, 255, 161, 76, 221, 7, 238, 0, 0, 2, 0, 0, 22, 1, 0, 254, 3, 135]
1552552308172;[171, 0, 17, 255, 161, 76, 221, 7, 238, 1, 0, 1, 0, 0, 21, 1, 0, 246, 3, 68]
1552552308339;[171, 0, 17, 255, 161, 76, 221, 7, 238, 0, 0, 1, 0, 0, 22, 1, 0, 249, 3, 103]
1552552308339;[171, 0, 17, 255, 161, 76, 221, 7, 238, 0, 0, 1, 0, 0, 21, 1, 0, 248, 3, 180]
1552552308522;[171, 0, 17, 255, 161, 76, 221, 7, 239, 0, 0, 1, 0, 0, 22, 1, 0, 249, 3, 218]
1552552308523;[171, 0, 17, 255, 161, 76, 221, 7, 239, 0, 0, 1, 0, 0, 27, 1, 0, 254, 3, 224]
1552552308690;[171, 0, 17, 255, 161, 76, 221, 7, 239, 0, 0, 2, 0, 0, 21, 1, 0, 250, 3, 225]
1552552308691;[171, 0, 17, 255, 161, 76, 221, 7, 239, 0, 0, 2, 0, 0, 22, 1, 0, 249, 3, 197]
1552552308857;[171, 0, 4, 255, 132, 128, 62]
1552552309040;[171, 0, 17, 255, 161, 76, 221, 7, 239, 0, 0, 1, 0, 0, 24, 1, 0, 250, 3, 148]
1552552309041;[171, 0, 17, 255, 161, 76, 221, 7, 239, 0, 0, 1, 0, 0, 25, 1, 0, 249, 3, 100]
1552552309375;[171, 0, 17, 255, 161, 76, 221, 7, 239, 1, 0, 1, 0, 0, 24, 1, 0, 250, 3, 35]
1552552309376;[171, 0, 17, 255, 161, 76, 221, 7, 239, 0, 0, 1, 0, 0, 26, 1, 0, 249, 2, 234]
1552552309392;[171, 0, 17, 255, 161, 76, 221, 7, 239, 0, 0, 1, 0, 0, 24, 1, 0, 249, 2, 162]
1552552309392;[171, 0, 17, 255, 161, 76, 221, 7, 239, 0, 0, 5, 0, 0, 25, 1, 0, 249, 2, 175]
1552552309558;[171, 0, 17, 255, 161, 76, 221, 7, 240, 1, 0, 1, 0, 0, 21, 1, 0, 250, 2, 244]
1552552309725;[171, 0, 17, 255, 161, 76, 221, 7, 240, 1, 0, 1, 0, 0, 21, 1, 0, 250, 3, 19]
1552552309893;[171, 0, 17, 255, 161, 76, 221, 7, 240, 1, 0, 1, 0, 0, 25, 1, 0, 249, 3, 14]
1552552309893;[171, 0, 17, 255, 161, 76, 221, 7, 240, 0, 0, 1, 0, 0, 21, 1, 0, 250, 3, 8]
1552552309894;[171, 0, 4, 255, 132, 128, 62]
1552552310077;[171, 0, 17, 255, 161, 76, 221, 7, 240, 0, 0, 3, 0, 0, 24, 1, 0, 250, 2, 230]
1552552310411;[171, 0, 17, 255, 161, 76, 221, 7, 240, 0, 0, 1, 0, 0, 24, 1, 0, 250, 2, 178]
1552552310412;[171, 0, 17, 255, 161, 76, 221, 7, 240, 1, 0, 1, 0, 0, 21, 1, 0, 249, 2, 118]
1552552310412;[171, 0, 17, 255, 161, 76, 221, 7, 240, 0, 0, 2, 0, 0, 22, 1, 0, 250, 2, 69]
1552552310427;[171, 0, 17, 255, 161, 76, 221, 7, 240, 0, 0, 1, 0, 0, 24, 1, 0, 250, 1, 242]
1552552310594;[171, 0, 17, 255, 161, 76, 221, 7, 240, 0, 0, 3, 0, 0, 21, 1, 0, 249, 1, 211]
1552552310595;[171, 0, 17, 255, 161, 76, 221, 7, 241, 0, 0, 1, 0, 0, 23, 1, 0, 250, 2, 9]
1552552310762;[171, 0, 17, 255, 161, 76, 221, 7, 241, 0, 0, 1, 0, 0, 20, 1, 0, 255, 2, 42]
1552552310929;[171, 0, 17, 255, 161, 76, 221, 7, 241, 0, 0, 2, 0, 0, 22, 1, 0, 248, 2, 28]
1552552310930;[171, 0, 17, 255, 161, 76, 221, 7, 241, 0, 0, 2, 0, 0, 22, 1, 0, 250, 2, 32]
1552552311112;[171, 0, 4, 255, 132, 128, 62]
1552552311113;[171, 0, 17, 255, 161, 76, 221, 7, 241, 0, 0, 5, 0, 0, 21, 1, 0, 250, 1, 252]
1552552311279;[171, 0, 17, 255, 161, 76, 221, 7, 241, 0, 0, 2, 0, 0, 21, 1, 0, 249, 1, 215]
1552552311280;[171, 0, 17, 255, 161, 76, 221, 7, 241, 0, 0, 2, 0, 0, 23, 1, 0, 249, 1, 165]
1552552311447;[171, 0, 17, 255, 161, 76, 221, 7, 241, 0, 0, 3, 0, 0, 21, 1, 0, 250, 1, 113]
1552552311630;[171, 0, 17, 255, 161, 76, 221, 7, 241, 1, 0, 1, 0, 0, 27, 1, 0, 254, 1, 118]
1552552311631;[171, 0, 17, 255, 161, 76, 221, 7, 241, 0, 0, 1, 0, 0, 26, 1, 0, 250, 1, 200]
1552552311798;[171, 0, 17, 255, 161, 76, 221, 7, 242, 0, 0, 2, 0, 0, 24, 1, 0, 250, 1, 243]
1552552311798;[171, 0, 17, 255, 161, 76, 221, 7, 242, 0, 0, 1, 0, 0, 22, 1, 0, 249, 2, 0]
1552552311965;[171, 0, 17, 255, 161, 76, 221, 7, 242, 0, 0, 2, 0, 0, 24, 1, 0, 255, 1, 251]
1552552312132;[171, 0, 17, 255, 161, 76, 221, 7, 242, 0, 0, 2, 0, 0, 21, 1, 0, 249, 1, 239]
1552552312148;[171, 0, 4, 255, 132, 128, 61]
1552552312315;[171, 0, 17, 255, 161, 76, 221, 7, 242, 1, 0, 1, 0, 0, 24, 1, 0, 250, 1, 210]
1552552312316;[171, 0, 17, 255, 161, 76, 221, 7, 242, 0, 0, 1, 0, 0, 22, 1, 0, 248, 1, 157]
1552552312650;[171, 0, 17, 255, 161, 76, 221, 7, 242, 0, 0, 2, 0, 0, 24, 1, 0, 249, 1, 117]
1552552312667;[171, 0, 17, 255, 161, 76, 221, 7, 242, 0, 0, 1, 0, 0, 22, 1, 0, 254, 1, 141]
1552552312667;[171, 0, 17, 255, 161, 76, 221, 7, 242, 0, 0, 1, 0, 0, 24, 1, 0, 249, 1, 225]
1552552312833;[171, 0, 17, 255, 161, 76, 221, 7, 242, 0, 0, 1, 0, 0, 25, 1, 0, 249, 2, 17]
1552552312834;[171, 0, 17, 255, 161, 76, 221, 7, 243, 0, 0, 2, 0, 0, 23, 1, 0, 249, 2, 38]
1552552313001;[171, 0, 17, 255, 161, 76, 221, 7, 243, 0, 0, 2, 0, 0, 21, 1, 0, 250, 2, 49]
1552552313168;[171, 0, 17, 255, 161, 76, 221, 7, 243, 0, 0, 1, 0, 0, 22, 1, 0, 248, 2, 41]
1552552313352;[171, 0, 17, 255, 161, 76, 221, 7, 243, 0, 0, 1, 0, 0, 27, 1, 0, 250, 1, 255]
1552552313352;[171, 0, 4, 255, 132, 128, 61]
1552552313353;[171, 0, 17, 255, 161, 76, 221, 7, 243, 0, 0, 1, 0, 0, 22, 1, 0, 250, 1, 221]
1552552313519;[171, 0, 17, 255, 161, 76, 221, 7, 243, 0, 0, 1, 0, 0, 21, 1, 0, 250, 1, 165]
1552552313519;[171, 0, 17, 255, 161, 76, 221, 7, 243, 0, 0, 2, 0, 0, 25, 1, 0, 249, 1, 196]
1552552313686;[171, 0, 17, 255, 161, 76, 221, 7, 243, 0, 0, 2, 0, 0, 21, 1, 0, 254, 2, 16]
1552552314038;[171, 0, 17, 255, 161, 76, 221, 7, 243, 0, 0, 1, 0, 0, 24, 1, 0, 250, 2, 49]
1552552314038;[171, 0, 17, 255, 161, 76, 221, 7, 243, 0, 0, 3, 0, 0, 21, 1, 0, 249, 2, 59]
1552552314039;[171, 0, 17, 255, 161, 76, 221, 7, 244, 0, 0, 2, 0, 0, 22, 1, 0, 249, 2, 75]
1552552314040;[171, 0, 17, 255, 161, 76, 221, 7, 244, 0, 0, 2, 0, 0, 24, 1, 0, 250, 2, 54]
1552552314387;[171, 0, 17, 255, 161, 76, 221, 7, 244, 0, 0, 1, 0, 0, 25, 1, 0, 247, 2, 15]
1552552314388;[171, 0, 17, 255, 161, 76, 221, 7, 244, 0, 0, 1, 0, 0, 24, 1, 0, 250, 1, 234]
1552552314388;[171, 0, 4, 255, 132, 128, 61]
1552552314389;[171, 0, 17, 255, 161, 76, 221, 7, 244, 1, 0, 1, 0, 0, 24, 1, 0, 249, 1, 228]
1552552314555;[171, 0, 17, 255, 161, 76, 221, 7, 244, 0, 0, 1, 0, 0, 22, 1, 0, 250, 2, 63]
1552552314905;[171, 0, 17, 255, 161, 76, 221, 7, 244, 0, 0, 1, 0, 0, 20, 1, 0, 249, 2, 116]
1552552314906;[171, 0, 17, 255, 161, 76, 221, 7, 244, 1, 0, 3, 0, 0, 23, 1, 0, 250, 2, 125]
1552552314907;[171, 0, 17, 255, 161, 76, 221, 7, 244, 0, 0, 2, 0, 0, 20, 1, 0, 254, 2, 130]
1552552314907;[171, 0, 17, 255, 161, 76, 221, 7, 244, 0, 0, 5, 0, 0, 21, 1, 0, 249, 2, 101]
1552552315072;[171, 0, 17, 255, 161, 76, 221, 7, 245, 0, 0, 1, 0, 0, 25, 1, 0, 250, 2, 61]
1552552315423;[171, 0, 17, 255, 161, 76, 221, 7, 245, 0, 0, 1, 0, 0, 22, 1, 0, 250, 2, 0]
1552552315424;[171, 0, 17, 255, 161, 76, 221, 7, 245, 1, 0, 1, 0, 0, 24, 1, 0, 250, 1, 210]
1552552315424;[171, 0, 17, 255, 161, 76, 221, 7, 245, 1, 0, 1, 0, 0, 21, 1, 0, 249, 2, 30]
1552552315591;[171, 0, 4, 255, 132, 128, 61]
1552552315592;[171, 0, 17, 255, 161, 76, 221, 7, 245, 0, 0, 1, 0, 0, 24, 1, 0, 248, 2, 103]
1552552315592;[171, 0, 17, 255, 161, 76, 221, 7, 245, 0, 0, 1, 0, 0, 22, 1, 0, 250, 2, 131]
1552552315758;[171, 0, 17, 255, 161, 76, 221, 7, 245, 1, 0, 1, 0, 0, 27, 1, 0, 250, 2, 136]
1552552315941;[171, 0, 17, 255, 161, 76, 221, 7, 245, 0, 0, 2, 0, 0, 22, 1, 0, 250, 2, 104]
1552552315942;[171, 0, 17, 255, 161, 76, 221, 7, 245, 0, 0, 2, 0, 0, 21, 1, 0, 254, 2, 58]
1552552316108;[171, 0, 17, 255, 161, 76, 221, 7, 245, 0, 0, 2, 0, 0, 22, 1, 0, 249, 2, 1]
1552552316109;[171, 0, 17, 255, 161, 76, 221, 7, 246, 0, 0, 2, 0, 0, 22, 1, 0, 250, 1, 200]
1552552316275;[171, 0, 17, 255, 161, 76, 221, 7, 246, 1, 0, 1, 0, 0, 22, 1, 0, 250, 1, 175]
1552552316276;[171, 0, 17, 255, 161, 76, 221, 7, 246, 0, 0, 1, 0, 0, 25, 1, 0, 249, 2, 16]
1552552316459;[171, 0, 17, 255, 161, 76, 221, 7, 246, 1, 0, 1, 0, 0, 21, 1, 0, 249, 2, 93]
1552552316626;[171, 0, 4, 255, 132, 128, 62]
1552552316627;[171, 0, 17, 255, 161, 76, 221, 7, 246, 0, 0, 1, 0, 0, 21, 1, 0, 254, 2, 119]
1552552316794;[171, 0, 17, 255, 161, 76, 221, 7, 246, 1, 0, 1, 0, 0, 24, 1, 0, 254, 2, 133]
1552552316794;[171, 0, 17, 255, 161, 76, 221, 7, 246, 0, 0, 2, 0, 0, 27, 1, 0, 250, 2, 130]
1552552316977;[171, 0, 17, 255, 161, 76, 221, 7, 246, 0, 0, 2, 0, 0, 23, 1, 0, 249, 2, 100]
1552552317144;[171, 0, 17, 255, 161, 76, 221, 7, 246, 0, 0, 1, 0, 0, 22, 1, 0, 249, 2, 63]
1552552317145;[171, 0, 17, 255, 161, 76, 221, 7, 246, 0, 0, 2, 0, 0, 24, 1, 0, 254, 2, 11]
1552552317311;[171, 0, 17, 255, 161, 76, 221, 7, 247, 0, 0, 2, 0, 0, 24, 1, 0, 250, 1, 241]
1552552317312;[171, 0, 17, 255, 161, 76, 221, 7, 247, 0, 0, 1, 0, 0, 21, 1, 0, 249, 2, 66]
1552552317495;[171, 0, 17, 255, 161, 76, 221, 7, 247, 0, 0, 1, 0, 0, 22, 1, 0, 250, 2, 136]
1552552317662;[171, 0, 17, 255, 161, 76, 221, 7, 247, 0, 0, 2, 0, 0, 24, 1, 0, 249, 2, 146]
1552552317663;[171, 0, 4, 255, 132, 128, 62]
1552552317829;[171, 0, 17, 255, 161, 76, 221, 7, 247, 0, 0, 2, 0, 0, 24, 1, 0, 249, 2, 168]
1552552317830;[171, 0, 17, 255, 161, 76, 221, 7, 247, 0, 0, 1, 0, 0, 24, 1, 0, 249, 2, 146]
1552552318013;[171, 0, 17, 255, 161, 76, 221, 7, 247, 0, 0, 2, 0, 0, 21, 1, 0, 250, 2, 112]
1552552318013;[171, 0, 17, 255, 161, 76, 221, 7, 247, 0, 0, 2, 0, 0, 26, 1, 0, 249, 2, 59]
1552552318180;[171, 0, 17, 255, 161, 76, 221, 7, 247, 0, 0, 1, 0, 0, 24, 1, 0, 249, 2, 11]
1552552318181;[171, 0, 17, 255, 161, 76, 221, 7, 247, 0, 0, 0, 0, 0, 21, 1, 0, 249, 2, 22]
1552552318348;[171, 0, 17, 255, 161, 76, 221, 7, 248, 1, 0, 1, 0, 0, 22, 1, 0, 249, 2, 101]
1552552318514;[171, 0, 17, 255, 161, 76, 221, 7, 248, 1, 0, 2, 0, 0, 21, 1, 0, 249, 2, 144]
1552552318531;[171, 0, 17, 255, 161, 76, 221, 7, 248, 0, 0, 2, 0, 0, 22, 1, 0, 249, 2, 138]
1552552318698;[171, 0, 17, 255, 161, 76, 221, 7, 250, 0, 0, 1, 0, 0, 24, 1, 0, 249, 1, 97]
1552552319216;[171, 0, 17, 255, 161, 76, 221, 7, 250, 0, 0, 1, 0, 0, 21, 1, 0, 254, 1, 38]
1552552319216;[171, 0, 17, 255, 161, 76, 221, 7, 250, 0, 0, 1, 0, 0, 22, 1, 0, 249, 0, 249]
1552552319217;[171, 0, 17, 255, 161, 76, 221, 7, 250, 0, 0, 1, 0, 0, 23, 1, 0, 249, 1, 64]
1552552319217;[171, 0, 17, 255, 161, 76, 221, 7, 250, 0, 0, 1, 0, 0, 21, 1, 0, 249, 1, 109]
1552552319383;[171, 0, 17, 255, 161, 76, 221, 7, 250, 0, 0, 2, 0, 0, 21, 1, 0, 249, 1, 110]
1552552319384;[171, 0, 17, 255, 161, 76, 221, 7, 251, 0, 0, 5, 0, 0, 21, 1, 0, 250, 1, 112]
1552552319550;[171, 0, 17, 255, 161, 76, 221, 7, 251, 0, 0, 1, 0, 0, 23, 1, 0, 250, 1, 95]
1552552319734;[171, 0, 17, 255, 161, 76, 221, 7, 251, 1, 0, 1, 0, 0, 24, 1, 0, 247, 1, 52]
1552552319901;[171, 0, 17, 255, 161, 76, 221, 7, 251, 1, 0, 1, 0, 0, 21, 1, 0, 249, 0, 248]
1552552320068;[171, 0, 4, 255, 132, 128, 63]
1552552320069;[171, 0, 17, 255, 161, 76, 221, 7, 251, 0, 0, 3, 0, 0, 22, 1, 0, 248, 16, 193]
1552552320088;[171, 0, 17, 255, 161, 76, 221, 7, 251, 0, 0, 2, 0, 0, 22, 1, 0, 249, 7, 143]
1552552320089;[171, 0, 17, 255, 161, 76, 221, 7, 251, 0, 0, 2, 0, 0, 21, 1, 0, 249, 7, 124]
1552552320252;[171, 0, 17, 255, 161, 76, 221, 7, 251, 0, 0, 2, 0, 0, 21, 1, 0, 250, 7, 201]
1552552320419;[171, 0, 17, 255, 161, 76, 221, 7, 251, 0, 0, 5, 0, 0, 23, 1, 0, 249, 7, 247]
1552552320420;[171, 0, 17, 255, 161, 76, 221, 7, 251, 1, 0, 1, 0, 0, 23, 1, 0, 249, 8, 4]
1552552320586;[171, 0, 17, 255, 161, 76, 221, 8, 0, 0, 0, 1, 0, 0, 21, 1, 0, 248, 8, 7]
1552552320587;[171, 0, 17, 255, 161, 76, 221, 8, 0, 0, 0, 1, 0, 0, 23, 1, 0, 249, 7, 235]
1552552320770;[171, 0, 17, 255, 161, 76, 221, 8, 0, 0, 0, 3, 0, 0, 23, 1, 0, 249, 7, 194]
1552552320937;[171, 0, 17, 255, 161, 76, 221, 8, 0, 1, 0, 1, 0, 0, 21, 1, 0, 253, 7, 147]
1552552320938;[171, 0, 4, 255, 132, 128, 64]
1552552321104;[171, 0, 17, 255, 161, 76, 221, 8, 0, 0, 0, 2, 0, 0, 22, 1, 0, 254, 7, 91]
1552552321104;[171, 0, 17, 255, 161, 76, 221, 8, 0, 0, 0, 1, 0, 0, 24, 1, 0, 249, 7, 16]
1552552321288;[171, 0, 17, 255, 161, 76, 221, 8, 0, 1, 0, 1, 0, 0, 25, 1, 0, 250, 6, 205]
1552552321288;[171, 0, 17, 255, 161, 76, 221, 8, 0, 0, 0, 1, 0, 0, 21, 1, 0, 249, 6, 243]
1552552321455;[171, 0, 17, 255, 161, 76, 221, 8, 0, 0, 0, 2, 0, 0, 25, 1, 0, 250, 7, 55]
1552552321622;[171, 0, 17, 255, 161, 76, 221, 8, 0, 0, 0, 1, 0, 0, 21, 1, 0, 250, 7, 76]
1552552321623;[171, 0, 17, 255, 161, 76, 221, 8, 1, 0, 0, 1, 0, 0, 22, 1, 0, 249, 7, 78]
1552552321806;[171, 0, 17, 255, 161, 76, 221, 8, 1, 1, 0, 1, 0, 0, 21, 1, 0, 250, 7, 69]
1552552322140;[171, 0, 17, 255, 161, 76, 221, 8, 1, 0, 0, 2, 0, 0, 24, 1, 0, 254, 7, 38]
1552552322141;[171, 0, 17, 255, 161, 76, 221, 8, 1, 0, 0, 2, 0, 0, 21, 1, 0, 248, 6, 254]
1552552322141;[171, 0, 4, 255, 132, 128, 64]
1552552322160;[171, 0, 17, 255, 161, 76, 221, 8, 1, 0, 0, 1, 0, 0, 24, 1, 0, 249, 6, 199]
1552552322324;[171, 0, 17, 255, 161, 76, 221, 8, 1, 0, 0, 1, 0, 0, 23, 1, 0, 249, 6, 148]
1552552322324;[171, 0, 17, 255, 161, 76, 221, 8, 1, 1, 0, 1, 0, 0, 25, 1, 0, 254, 6, 126]
1552552322491;[171, 0, 17, 255, 161, 76, 221, 8, 1, 0, 0, 2, 0, 0, 24, 1, 0, 250, 6, 207]
1552552322491;[171, 0, 17, 255, 161, 76, 221, 8, 1, 0, 0, 1, 0, 0, 24, 1, 0, 250, 6, 230]
1552552322658;[171, 0, 17, 255, 161, 76, 221, 8, 1, 0, 0, 2, 0, 0, 24, 1, 0, 250, 6, 222]
1552552322842;[171, 0, 17, 255, 161, 76, 221, 8, 2, 0, 0, 1, 0, 0, 21, 1, 0, 249, 6, 233]
1552552322843;[171, 0, 17, 255, 161, 76, 221, 8, 2, 1, 0, 1, 0, 0, 24, 1, 0, 249, 6, 202]
1552552323009;[171, 0, 17, 255, 161, 76, 221, 8, 2, 1, 0, 1, 0, 0, 24, 1, 0, 250, 6, 159]
1552552323009;[171, 0, 17, 255, 161, 76, 221, 8, 2, 0, 0, 1, 0, 0, 21, 1, 0, 255, 6, 108]
1552552323176;[171, 0, 4, 255, 132, 128, 64]
1552552323177;[171, 0, 17, 255, 161, 76, 221, 8, 2, 0, 0, 2, 0, 0, 24, 1, 0, 254, 6, 56]
1552552323360;[171, 0, 17, 255, 161, 76, 221, 8, 2, 1, 0, 1, 0, 0, 21, 1, 0, 251, 5, 251]
1552552323527;[171, 0, 17, 255, 161, 76, 221, 8, 2, 0, 0, 1, 0, 0, 27, 1, 0, 249, 5, 198]
1552552323527;[171, 0, 17, 255, 161, 76, 221, 8, 2, 1, 0, 1, 0, 0, 21, 1, 0, 249, 6, 22]
1552552323694;[171, 0, 17, 255, 161, 76, 221, 8, 2, 1, 0, 1, 0, 0, 21, 1, 0, 254, 6, 86]
1552552323694;[171, 0, 17, 255, 161, 76, 221, 8, 2, 0, 0, 1, 0, 0, 21, 1, 0, 249, 6, 95]
1552552323878;[171, 0, 17, 255, 161, 76, 221, 8, 3, 1, 0, 2, 0, 0, 27, 1, 0, 249, 6, 113]
1552552324045;[171, 0, 17, 255, 161, 76, 221, 8, 3, 0, 0, 2, 0, 0, 23, 1, 0, 249, 6, 98]
1552552324045;[171, 0, 17, 255, 161, 76, 221, 8, 3, 1, 0, 4, 0, 0, 25, 1, 0, 249, 6, 61]
1552552324212;[171, 0, 17, 255, 161, 76, 221, 8, 3, 0, 0, 2, 0, 0, 21, 1, 0, 249, 6, 21]
1552552324212;[171, 0, 4, 255, 132, 128, 64]
1552552324396;[171, 0, 17, 255, 161, 76, 221, 8, 3, 1, 0, 1, 0, 0, 21, 1, 0, 249, 5, 220]
1552552324563;[171, 0, 17, 255, 161, 76, 221, 8, 3, 0, 0, 1, 0, 0, 21, 1, 0, 250, 5, 147]
1552552324730;[171, 0, 17, 255, 161, 76, 221, 8, 3, 0, 0, 1, 0, 0, 23, 1, 0, 249, 5, 87]
1552552324730;[171, 0, 17, 255, 161, 76, 221, 8, 3, 1, 0, 1, 0, 0, 21, 1, 0, 249, 5, 104]
1552552324731;[171, 0, 17, 255, 161, 76, 221, 8, 3, 0, 0, 0, 0, 0, 24, 1, 0, 249, 5, 169]
1552552324897;[171, 0, 17, 255, 161, 76, 221, 8, 3, 0, 0, 1, 0, 0, 21, 1, 0, 249, 5, 185]
1552552324913;[171, 0, 17, 255, 161, 76, 221, 8, 4, 0, 0, 1, 0, 0, 24, 1, 0, 249, 5, 198]
1552552325248;[171, 0, 17, 255, 161, 76, 221, 8, 4, 0, 0, 1, 0, 0, 24, 1, 0, 250, 5, 202]
1552552325249;[171, 0, 17, 255, 161, 76, 221, 8, 4, 0, 0, 1, 0, 0, 24, 1, 0, 248, 5, 175]
1552552325249;[171, 0, 17, 255, 161, 76, 221, 8, 4, 1, 0, 5, 0, 0, 24, 1, 0, 247, 5, 124]
1552552325415;[171, 0, 4, 255, 132, 128, 64]
1552552325434;[171, 0, 17, 255, 161, 76, 221, 8, 4, 0, 0, 1, 0, 0, 22, 1, 0, 249, 5, 48]
1552552325599;[171, 0, 17, 255, 161, 76, 221, 8, 4, 0, 0, 1, 0, 0, 22, 1, 0, 249, 4, 241]
1552552325599;[171, 0, 17, 255, 161, 76, 221, 8, 4, 0, 0, 2, 0, 0, 24, 1, 0, 249, 5, 10]
1552552325765;[171, 0, 17, 255, 161, 76, 221, 8, 4, 0, 0, 1, 0, 0, 21, 1, 0, 249, 5, 91]
1552552325934;[171, 0, 17, 255, 161, 76, 221, 8, 4, 0, 0, 0, 0, 0, 22, 1, 0, 249, 5, 127]
1552552325935;[171, 0, 17, 255, 161, 76, 221, 8, 4, 0, 0, 1, 0, 0, 22, 1, 0, 249, 5, 146]
1552552326117;[171, 0, 17, 255, 161, 76, 221, 8, 5, 1, 0, 1, 0, 0, 21, 1, 0, 250, 5, 153]
1552552326117;[171, 0, 17, 255, 161, 76, 221, 8, 5, 1, 0, 3, 0, 0, 21, 1, 0, 248, 5, 147]
1552552326283;[171, 0, 17, 255, 161, 76, 221, 8, 5, 0, 0, 1, 0, 0, 22, 1, 0, 249, 5, 131]
1552552326284;[171, 0, 17, 255, 161, 76, 221, 8, 5, 0, 0, 1, 0, 0, 21, 1, 0, 254, 5, 126]
1552552326451;[171, 0, 4, 255, 132, 128, 63]
1552552326635;[171, 0, 17, 255, 161, 76, 221, 8, 5, 0, 0, 2, 0, 0, 22, 1, 0, 249, 5, 106]
1552552326635;[171, 0, 17, 255, 161, 76, 221, 8, 5, 0, 0, 1, 0, 0, 24, 1, 0, 250, 5, 143]
1552552326969;[171, 0, 17, 255, 161, 76, 221, 8, 5, 1, 0, 1, 0, 0, 24, 1, 0, 250, 6, 7]
1552552326970;[171, 0, 17, 255, 161, 76, 221, 8, 5, 1, 0, 1, 0, 0, 21, 1, 0, 249, 6, 74]
1552552326985;[171, 0, 17, 255, 161, 76, 221, 8, 5, 0, 0, 1, 0, 0, 25, 1, 0, 248, 6, 91]
1552552326986;[171, 0, 17, 255, 161, 76, 221, 8, 5, 0, 0, 1, 0, 0, 23, 1, 0, 248, 6, 116]
1552552327152;[171, 0, 17, 255, 161, 76, 221, 8, 6, 0, 0, 2, 0, 0, 25, 1, 0, 249, 6, 103]
1552552327320;[171, 0, 17, 255, 161, 76, 221, 8, 6, 0, 0, 1, 0, 0, 21, 1, 0, 250, 6, 68]
1552552327487;[171, 0, 17, 255, 161, 76, 221, 8, 6, 0, 0, 1, 0, 0, 22, 1, 0, 246, 6, 31]
1552552327670;[171, 0, 17, 255, 161, 76, 221, 8, 6, 0, 0, 2, 0, 0, 24, 1, 0, 249, 5, 236]
1552552327671;[171, 0, 4, 255, 132, 128, 63]
1552552327672;[171, 0, 17, 255, 161, 76, 221, 8, 6, 0, 0, 1, 0, 0, 25, 1, 0, 254, 6, 7]
1552552327838;[171, 0, 17, 255, 161, 76, 221, 8, 6, 0, 0, 2, 0, 0, 27, 1, 0, 249, 6, 114]
1552552327838;[171, 0, 17, 255, 161, 76, 221, 8, 6, 0, 0, 2, 0, 0, 27, 1, 0, 249, 6, 152]
1552552328005;[171, 0, 17, 255, 161, 76, 221, 8, 6, 0, 0, 2, 0, 0, 24, 1, 0, 249, 6, 176]
1552552328005;[171, 0, 17, 255, 161, 76, 221, 8, 6, 0, 0, 2, 0, 0, 21, 1, 0, 250, 6, 182]
1552552328188;[171, 0, 17, 255, 161, 76, 221, 8, 6, 0, 0, 1, 0, 0, 22, 1, 0, 249, 6, 163]
1552552328189;[171, 0, 17, 255, 161, 76, 221, 8, 7, 0, 0, 2, 0, 0, 24, 1, 0, 246, 6, 127]
1552552328355;[171, 0, 17, 255, 161, 76, 221, 8, 7, 0, 0, 1, 0, 0, 22, 1, 0, 253, 6, 81]
1552552328522;[171, 0, 17, 255, 161, 76, 221, 8, 7, 0, 0, 1, 0, 0, 25, 1, 0, 249, 6, 108]
1552552328539;[171, 0, 17, 255, 161, 76, 221, 8, 7, 1, 0, 1, 0, 0, 24, 1, 0, 250, 6, 209]
1552552328706;[171, 0, 4, 255, 132, 128, 63]
1552552328707;[171, 0, 17, 255, 161, 76, 221, 8, 7, 1, 0, 3, 0, 0, 24, 1, 0, 249, 7, 2]
1552552328874;[171, 0, 17, 255, 161, 76, 221, 8, 7, 0, 0, 2, 0, 0, 25, 1, 0, 254, 7, 17]
1552552329040;[171, 0, 17, 255, 161, 76, 221, 8, 7, 0, 0, 2, 0, 0, 21, 1, 0, 248, 7, 34]
1552552329041;[171, 0, 17, 255, 161, 76, 221, 8, 7, 0, 0, 1, 0, 0, 21, 1, 0, 249, 7, 13]
1552552329224;[171, 0, 17, 255, 161, 76, 221, 8, 7, 0, 0, 2, 0, 0, 22, 1, 0, 249, 6, 228]
1552552329225;[171, 0, 17, 255, 161, 76, 221, 8, 7, 0, 0, 2, 0, 0, 22, 1, 0, 249, 6, 191]
1552552329392;[171, 0, 17, 255, 161, 76, 221, 8, 8, 0, 0, 1, 0, 0, 24, 1, 0, 249, 6, 156]
1552552329392;[171, 0, 17, 255, 161, 76, 221, 8, 8, 0, 0, 2, 0, 0, 21, 1, 0, 249, 6, 248]
1552552329743;[171, 0, 17, 255, 161, 76, 221, 8, 8, 0, 0, 1, 0, 0, 24, 1, 0, 250, 7, 66]
1552552329743;[171, 0, 17, 255, 161, 76, 221, 8, 8, 0, 0, 1, 0, 0, 21, 1, 0, 250, 7, 93]
1552552329744;[171, 0, 4, 255, 132, 128, 63]
1552552329909;[171, 0, 17, 255, 161, 76, 221, 8, 8, 0, 0, 1, 0, 0, 22, 1, 0, 249, 7, 116]
1552552329910;[171, 0, 17, 255, 161, 76, 221, 8, 8, 0, 0, 2, 0, 0, 21, 1, 0, 249, 7, 100]
1552552330076;[171, 0, 17, 255, 161, 76, 221, 8, 8, 1, 0, 1, 0, 0, 21, 1, 0, 248, 7, 62]
1552552330077;[171, 0, 17, 255, 161, 76, 221, 8, 8, 1, 0, 1, 0, 0, 22, 1, 0, 248, 7, 27]
1552552330244;[171, 0, 17, 255, 161, 76, 221, 8, 8, 1, 0, 1, 0, 0, 21, 1, 0, 249, 6, 225]
1552552330420;[171, 0, 17, 255, 161, 76, 221, 8, 8, 1, 0, 1, 0, 0, 24, 1, 0, 249, 6, 174]
1552552330421;[171, 0, 17, 255, 161, 76, 221, 8, 9, 1, 0, 1, 0, 0, 24, 1, 0, 250, 6, 105]
1552552330594;[171, 0, 17, 255, 161, 76, 221, 8, 9, 1, 0, 1, 0, 0, 22, 1, 0, 249, 6, 188]
1552552330595;[171, 0, 17, 255, 161, 76, 221, 8, 9, 0, 0, 0, 0, 0, 21, 1, 0, 250, 7, 19]
1552552330759;[171, 0, 17, 255, 161, 76, 221, 8, 9, 0, 0, 2, 0, 0, 24, 1, 0, 249, 7, 60]
1552552330932;[171, 0, 4, 255, 132, 128, 63]
1552552330966;[171, 0, 17, 255, 161, 76, 221, 8, 9, 1, 0, 1, 0, 0, 23, 1, 0, 249, 7, 76]
1552552331105;[171, 0, 17, 255, 161, 76, 221, 8, 9, 0, 0, 1, 0, 0, 21, 1, 0, 254, 7, 74]
1552552331107;[171, 0, 17, 255, 161, 76, 221, 8, 9, 1, 0, 1, 0, 0, 21, 1, 0, 249, 7, 42]
1552552331278;[171, 0, 17, 255, 161, 76, 221, 8, 9, 1, 0, 1, 0, 0, 24, 1, 0, 249, 7, 4]
1552552331279;[171, 0, 17, 255, 161, 76, 221, 8, 9, 0, 0, 1, 0, 0, 24, 1, 0, 248, 6, 207]
1552552331450;[171, 0, 17, 255, 161, 76, 221, 8, 9, 1, 0, 1, 0, 0, 24, 1, 0, 249, 6, 141]
1552552331622;[171, 0, 17, 255, 161, 76, 221, 8, 10, 1, 0, 1, 0, 0, 24, 1, 0, 254, 6, 75]
1552552331624;[171, 0, 17, 255, 161, 76, 221, 8, 10, 0, 0, 2, 0, 0, 24, 1, 0, 249, 5, 247]
1552552331795;[171, 0, 17, 255, 161, 76, 221, 8, 10, 1, 0, 3, 0, 0, 25, 1, 0, 249, 5, 208]
1552552331797;[171, 0, 17, 255, 161, 76, 221, 8, 10, 1, 0, 1, 0, 0, 21, 1, 0, 250, 6, 36]
1552552331968;[171, 0, 4, 255, 132, 128, 63]
1552552331969;[171, 0, 17, 255, 161, 76, 221, 8, 10, 1, 0, 1, 0, 0, 22, 1, 0, 251, 6, 74]
1552552332140;[171, 0, 17, 255, 161, 76, 221, 8, 10, 0, 0, 1, 0, 0, 24, 1, 0, 249, 6, 78]
1552552332485;[171, 0, 17, 255, 161, 76, 221, 8, 10, 1, 0, 1, 0, 0, 24, 1, 0, 247, 6, 103]
1552552332487;[171, 0, 17, 255, 161, 76, 221, 8, 10, 0, 0, 5, 0, 0, 22, 1, 0, 255, 6, 100]
1552552332488;[171, 0, 17, 255, 161, 76, 221, 8, 10, 0, 0, 1, 0, 0, 20, 1, 0, 250, 6, 93]
1552552332490;[171, 0, 17, 255, 161, 76, 221, 8, 10, 0, 0, 2, 0, 0, 22, 1, 0, 246, 6, 85]
1552552332658;[171, 0, 17, 255, 161, 76, 221, 8, 11, 1, 0, 2, 0, 0, 25, 1, 0, 250, 6, 36]
1552552333003;[171, 0, 17, 255, 161, 76, 221, 8, 11, 0, 0, 11, 0, 0, 3, 1, 1, 11, 6, 15]
1552552333004;[171, 0, 17, 255, 161, 76, 221, 8, 11, 1, 0, 18, 1, 0, 22, 1, 0, 255, 5, 184]
1552552333005;[171, 0, 17, 255, 161, 76, 221, 8, 11, 1, 0, 10, 1, 0, 5, 1, 0, 254, 5, 178]
1552552333007;[171, 0, 4, 255, 132, 128, 64]
1552552333175;[171, 0, 17, 255, 161, 76, 221, 8, 11, 1, 0, 10, 0, 0, 24, 1, 0, 250, 5, 158]
1552552333177;[171, 0, 17, 255, 161, 76, 221, 8, 11, 1, 0, 2, 0, 0, 54, 1, 0, 255, 5, 48]
1552552333356;[171, 0, 17, 255, 161, 76, 221, 8, 11, 1, 0, 14, 0, 0, 62, 1, 0, 234, 4, 160]
1552552333645;[171, 0, 17, 255, 161, 76, 221, 8, 11, 1, 0, 5, 0, 0, 80, 1, 0, 220, 4, 32]
1552552333645;[171, 0, 17, 255, 161, 76, 221, 8, 11, 1, 0, 30, 0, 0, 61, 1, 0, 254, 3, 129]
1552552333888;[171, 0, 17, 255, 161, 76, 221, 8, 11, 0, 0, 59, 0, 0, 23, 1, 1, 0, 3, 10]
1552552333897;[171, 0, 17, 255, 161, 76, 221, 8, 12, 1, 0, 32, 0, 0, 24, 1, 1, 13, 3, 31]
1552552333897;[171, 0, 17, 255, 161, 76, 221, 8, 12, 1, 0, 23, 0, 0, 21, 1, 0, 241, 2, 188]
1552552333897;[171, 0, 17, 255, 161, 76, 221, 8, 12, 0, 0, 47, 0, 0, 38, 1, 0, 229, 2, 188]
1552552334065;[171, 0, 17, 255, 161, 76, 221, 8, 12, 0, 0, 55, 0, 0, 59, 1, 0, 225, 2, 126]
1552552334231;[171, 0, 4, 255, 132, 128, 64]
1552552334232;[171, 0, 17, 255, 161, 76, 221, 8, 12, 0, 0, 52, 0, 0, 63, 1, 0, 228, 1, 121]
1552552334398;[171, 0, 17, 255, 161, 76, 221, 8, 12, 0, 0, 54, 0, 0, 27, 1, 1, 0, 16, 148]
1552552334398;[171, 0, 17, 255, 161, 76, 221, 8, 12, 0, 0, 57, 0, 0, 29, 1, 0, 236, 7, 7]
1552552334565;[171, 0, 17, 255, 161, 76, 221, 8, 12, 0, 0, 37, 0, 0, 6, 1, 0, 246, 6, 185]
1552552334733;[171, 0, 17, 255, 161, 76, 221, 8, 12, 0, 0, 52, 0, 0, 8, 1, 0, 240, 6, 112]
1552552334734;[171, 0, 17, 255, 161, 76, 221, 8, 12, 0, 0, 47, 0, 0, 16, 1, 0, 250, 6, 76]
1552552334941;[171, 0, 17, 255, 161, 76, 221, 8, 13, 0, 0, 51, 0, 0, 21, 1, 0, 240, 6, 76]
1552552334941;[171, 0, 17, 255, 161, 76, 221, 8, 13, 0, 0, 55, 0, 0, 22, 1, 0, 242, 6, 136]
1552552335257;[171, 0, 17, 255, 161, 76, 221, 8, 13, 0, 0, 52, 1, 0, 13, 1, 0, 242, 6, 148]
1552552335257;[171, 0, 17, 255, 161, 76, 221, 8, 13, 0, 0, 54, 1, 0, 8, 1, 0, 234, 5, 233]
1552552335257;[171, 0, 4, 255, 132, 128, 63]
1552552335466;[171, 0, 17, 255, 161, 76, 221, 8, 13, 0, 0, 53, 0, 0, 40, 1, 0, 224, 6, 2]
1552552335466;[171, 0, 17, 255, 161, 76, 221, 8, 13, 0, 0, 82, 0, 0, 43, 1, 0, 242, 6, 98]
1552552335600;[171, 0, 17, 255, 161, 76, 221, 8, 13, 0, 0, 89, 0, 0, 74, 1, 0, 228, 6, 179]
1552552335801;[171, 0, 17, 255, 161, 76, 221, 8, 13, 0, 0, 64, 0, 0, 58, 1, 0, 228, 6, 212]
1552552335951;[171, 0, 17, 255, 161, 76, 221, 8, 13, 0, 0, 51, 0, 0, 58, 1, 0, 226, 6, 199]
1552552335952;[171, 0, 17, 255, 161, 76, 221, 8, 13, 0, 0, 59, 0, 0, 41, 1, 0, 239, 6, 123]
1552552335952;[171, 0, 17, 255, 161, 76, 221, 8, 14, 0, 0, 45, 0, 0, 34, 1, 0, 242, 5, 247]
1552552336118;[171, 0, 17, 255, 161, 76, 221, 8, 14, 0, 0, 41, 0, 0, 30, 1, 0, 235, 5, 177]
1552552336119;[171, 0, 17, 255, 161, 76, 221, 8, 14, 0, 0, 60, 0, 0, 43, 1, 0, 230, 6, 20]
1552552336285;[171, 0, 17, 255, 161, 76, 221, 8, 14, 0, 0, 63, 0, 0, 53, 1, 0, 240, 6, 116]
1552552336286;[171, 0, 4, 255, 132, 128, 64]
1552552336469;[171, 0, 17, 255, 161, 76, 221, 8, 14, 0, 0, 62, 0, 0, 54, 1, 0, 239, 6, 178]
1552552336803;[171, 0, 17, 255, 161, 76, 221, 8, 14, 0, 0, 63, 0, 0, 58, 1, 0, 231, 6, 235]
1552552336804;[171, 0, 17, 255, 161, 76, 221, 8, 14, 0, 0, 55, 0, 0, 56, 1, 0, 234, 7, 19]
1552552336804;[171, 0, 17, 255, 161, 76, 221, 8, 14, 0, 0, 45, 0, 0, 58, 1, 0, 226, 7, 40]
1552552336820;[171, 0, 17, 255, 161, 76, 221, 8, 14, 0, 0, 39, 0, 0, 65, 1, 0, 225, 7, 56]
1552552336987;[171, 0, 17, 255, 161, 76, 221, 8, 14, 0, 0, 19, 0, 0, 65, 1, 0, 254, 7, 44]
1552552336988;[171, 0, 17, 255, 161, 76, 221, 8, 15, 1, 0, 19, 0, 0, 49, 1, 0, 249, 7, 41]
1552552337154;[171, 0, 17, 255, 161, 76, 221, 8, 15, 1, 0, 12, 0, 0, 19, 1, 0, 255, 7, 122]
1552552337321;[171, 0, 17, 255, 161, 76, 221, 8, 15, 0, 0, 39, 0, 0, 4, 1, 0, 246, 8, 83]
1552552337322;[171, 0, 17, 255, 161, 76, 221, 8, 15, 0, 0, 72, 0, 0, 36, 1, 1, 19, 9, 93]
1552552337505;[171, 0, 4, 255, 132, 128, 64]
1552552337506;[171, 0, 17, 255, 161, 76, 221, 8, 15, 0, 0, 71, 0, 0, 75, 1, 1, 0, 10, 45]
1552552337672;[171, 0, 17, 255, 161, 76, 221, 8, 15, 0, 0, 41, 0, 0, 58, 1, 0, 206, 10, 45]
1552552337839;[171, 0, 17, 255, 161, 76, 221, 8, 15, 0, 0, 26, 0, 0, 56, 1, 0, 197, 9, 210]
1552552337840;[171, 0, 17, 255, 161, 76, 221, 8, 15, 0, 0, 128, 0, 0, 105, 1, 0, 220, 10, 94]
1552552338022;[171, 0, 17, 255, 161, 76, 221, 8, 15, 0, 0, 95, 0, 0, 118, 1, 0, 228, 11, 129]
1552552338023;[171, 0, 17, 255, 161, 76, 221, 8, 15, 0, 0, 93, 0, 0, 106, 1, 0, 178, 12, 105]
1552552338190;[171, 0, 17, 255, 161, 76, 221, 8, 16, 0, 0, 80, 0, 0, 102, 1, 0, 161, 13, 209]
1552552338191;[171, 0, 17, 255, 161, 76, 221, 8, 16, 0, 0, 65, 0, 0, 111, 1, 0, 207, 31, 203]
1552552338357;[171, 0, 17, 255, 161, 76, 221, 8, 16, 0, 0, 67, 0, 0, 130, 1, 0, 230, 9, 65]
1552552338558;[171, 0, 17, 255, 161, 76, 221, 8, 16, 0, 0, 63, 0, 0, 144, 1, 0, 207, 10, 74]
1552552338558;[171, 0, 4, 255, 132, 128, 65]
1552552338707;[171, 0, 17, 255, 161, 76, 221, 8, 16, 0, 0, 49, 0, 0, 142, 1, 0, 213, 10, 169]
1552552338708;[171, 0, 17, 255, 161, 76, 221, 8, 16, 1, 0, 43, 0, 0, 122, 1, 0, 219, 10, 169]
1552552338875;[171, 0, 17, 255, 161, 76, 221, 8, 16, 1, 0, 51, 0, 0, 144, 1, 0, 194, 9, 188]
1552552338875;[171, 0, 17, 255, 161, 76, 221, 8, 16, 1, 0, 37, 0, 0, 130, 1, 0, 208, 9, 74]
1552552339059;[171, 0, 17, 255, 161, 76, 221, 8, 16, 1, 0, 51, 0, 0, 138, 1, 0, 186, 9, 46]
1552552339226;[171, 0, 17, 255, 161, 76, 221, 8, 16, 1, 0, 50, 0, 0, 142, 1, 0, 189, 9, 179]
1552552339226;[171, 0, 17, 255, 161, 76, 221, 8, 17, 1, 0, 5, 0, 0, 130, 1, 0, 220, 10, 106]
1552552339560;[171, 0, 17, 255, 161, 76, 221, 8, 17, 1, 0, 14, 0, 0, 142, 1, 0, 241, 10, 133]
1552552339577;[171, 0, 17, 255, 161, 76, 221, 8, 17, 1, 0, 48, 0, 0, 106, 1, 0, 208, 10, 136]
1552552339577;[171, 0, 17, 255, 161, 76, 221, 8, 17, 0, 0, 2, 0, 0, 138, 1, 0, 210, 10, 126]
1552552340078;[171, 0, 4, 255, 132, 128, 66]
1552552340097;[171, 0, 17, 255, 161, 76, 221, 8, 17, 0, 0, 7, 0, 0, 122, 1, 0, 219, 9, 159]
1552552340098;[171, 0, 17, 255, 161, 76, 221, 8, 17, 1, 0, 26, 0, 0, 140, 1, 0, 207, 7, 221]
1552552340098;[171, 0, 17, 255, 161, 76, 221, 8, 17, 0, 0, 12, 0, 0, 128, 1, 0, 213, 6, 54]
1552552340099;[171, 0, 17, 255, 161, 76, 221, 8, 17, 1, 0, 6, 0, 0, 149, 1, 0, 221, 5, 99]
1552552340099;[171, 0, 17, 255, 161, 76, 221, 8, 17, 1, 0, 14, 0, 0, 149, 1, 0, 232, 5, 90]
1552552340262;[171, 0, 17, 255, 161, 76, 221, 8, 17, 1, 0, 51, 0, 0, 141, 1, 0, 187, 5, 133]
1552552340429;[171, 0, 17, 255, 161, 76, 221, 8, 18, 1, 0, 79, 0, 0, 118, 1, 0, 188, 5, 253]
1552552340429;[171, 0, 17, 255, 161, 76, 221, 8, 18, 1, 0, 7, 0, 0, 62, 1, 0, 157, 4, 253]
1552552340596;[171, 0, 17, 255, 161, 76, 221, 8, 18, 1, 0, 14, 0, 0, 106, 1, 0, 228, 4, 7]
1552552340779;[171, 0, 17, 255, 161, 76, 221, 8, 20, 0, 0, 160, 0, 0, 152, 1, 0, 66, 9, 156]
1552552340946;[171, 0, 17, 255, 161, 76, 221, 8, 20, 0, 0, 188, 0, 0, 142, 1, 0, 50, 8, 167]
1552552341114;[171, 0, 17, 255, 161, 76, 221, 8, 20, 0, 0, 200, 0, 0, 103, 1, 0, 96, 7, 84]
1552552341114;[171, 0, 17, 255, 161, 76, 221, 8, 20, 0, 0, 213, 0, 0, 118, 1, 0, 89, 6, 11]
1552552341298;[171, 0, 17, 255, 161, 76, 221, 8, 20, 0, 0, 208, 0, 0, 139, 1, 0, 60, 4, 205]
1552552341298;[171, 0, 17, 255, 161, 76, 221, 8, 20, 0, 0, 181, 0, 0, 175, 1, 0, 86, 3, 229]
1552552341465;[171, 0, 17, 255, 161, 76, 221, 8, 21, 0, 0, 165, 0, 0, 180, 1, 0, 116, 3, 129]
1552552341815;[171, 0, 17, 255, 161, 76, 221, 8, 21, 0, 0, 103, 0, 0, 111, 1, 0, 156, 3, 173]
1552552341816;[171, 0, 17, 255, 161, 76, 221, 8, 21, 0, 0, 112, 0, 0, 134, 1, 0, 163, 2, 198]
1552552341817;[171, 0, 17, 255, 161, 76, 221, 8, 21, 0, 0, 51, 0, 0, 142, 1, 0, 144, 16, 141]
1552552341817;[171, 0, 4, 255, 132, 128, 67]
1552552341983;[171, 0, 17, 255, 161, 76, 221, 8, 21, 0, 0, 15, 0, 0, 156, 1, 0, 158, 7, 208]
1552552341983;[171, 0, 17, 255, 161, 76, 221, 8, 21, 0, 0, 37, 0, 0, 152, 1, 0, 179, 7, 208]
1552552342150;[171, 0, 17, 255, 161, 76, 221, 8, 21, 0, 0, 183, 0, 0, 160, 1, 0, 116, 8, 44]
1552552342334;[171, 0, 17, 255, 161, 76, 221, 8, 21, 0, 0, 189, 0, 0, 135, 1, 0, 115, 8, 57]
1552552342334;[171, 0, 17, 255, 161, 76, 221, 8, 21, 0, 0, 175, 0, 0, 149, 1, 0, 78, 7, 146]
1552552342501;[171, 0, 17, 255, 161, 76, 221, 8, 21, 0, 0, 157, 0, 0, 134, 1, 0, 72, 6, 232]
1552552342501;[171, 0, 17, 255, 161, 76, 221, 8, 22, 0, 0, 171, 0, 0, 144, 1, 0, 75, 6, 79]
1552552342668;[171, 0, 17, 255, 161, 76, 221, 8, 22, 0, 0, 185, 0, 0, 181, 1, 0, 38, 6, 18]
1552552342669;[171, 0, 17, 255, 161, 76, 221, 8, 22, 0, 0, 181, 0, 0, 149, 1, 0, 50, 5, 222]
1552552342852;[171, 0, 17, 255, 161, 76, 221, 8, 22, 0, 0, 154, 0, 0, 103, 1, 0, 89, 5, 222]
1552552343019;[171, 0, 4, 255, 132, 128, 67]
1552552343020;[171, 0, 17, 255, 161, 76, 221, 8, 22, 0, 0, 143, 0, 0, 152, 1, 0, 66, 5, 162]
1552552343186;[171, 0, 17, 255, 161, 76, 221, 8, 22, 0, 0, 224, 0, 0, 168, 0, 0, 1, 5, 99]
1552552343187;[171, 0, 17, 255, 161, 76, 221, 8, 22, 0, 0, 199, 0, 0, 150, 1, 0, 47, 5, 117]
1552552343370;[171, 0, 17, 255, 161, 76, 221, 8, 22, 0, 0, 196, 0, 0, 148, 0, 0, 4, 5, 86]
1552552343537;[171, 0, 17, 255, 161, 76, 221, 8, 22, 0, 0, 203, 0, 0, 109, 0, 0, 44, 5, 27]
1552552343538;[171, 0, 17, 255, 161, 76, 221, 8, 22, 0, 0, 181, 0, 0, 130, 0, 0, 46, 5, 25]
1552552343704;[171, 0, 17, 255, 161, 76, 221, 8, 23, 0, 0, 231, 0, 0, 156, 0, 0, 53, 5, 93]
1552552343704;[171, 0, 17, 255, 161, 76, 221, 8, 23, 0, 0, 179, 0, 0, 112, 0, 0, 49, 5, 174]
1552552343887;[171, 0, 17, 255, 161, 76, 221, 8, 23, 0, 0, 185, 0, 0, 119, 0, 0, 49, 5, 244]
1552552343888;[171, 0, 17, 255, 161, 76, 221, 8, 23, 0, 0, 210, 0, 0, 154, 0, 0, 27, 6, 54]
1552552344055;[171, 0, 4, 255, 132, 128, 68]
1552552344224;[171, 0, 17, 255, 161, 76, 221, 8, 23, 0, 0, 196, 0, 0, 149, 0, 0, 34, 6, 113]
1552552344228;[171, 0, 17, 255, 161, 76, 221, 8, 23, 0, 0, 169, 0, 0, 101, 0, 0, 32, 6, 214]
1552552344406;[171, 0, 17, 255, 161, 76, 221, 8, 23, 0, 0, 200, 0, 0, 132, 0, 0, 45, 7, 25]
1552552344406;[171, 0, 17, 255, 161, 76, 221, 8, 23, 0, 0, 198, 0, 0, 138, 0, 0, 40, 7, 27]
1552552344573;[171, 0, 17, 255, 161, 76, 221, 8, 23, 0, 0, 181, 0, 0, 114, 0, 0, 43, 7, 45]
1552552345090;[171, 0, 17, 255, 161, 76, 221, 8, 23, 0, 0, 204, 0, 0, 118, 0, 0, 62, 7, 70]
1552552345091;[171, 0, 17, 255, 161, 76, 221, 8, 24, 0, 1, 28, 0, 0, 181, 0, 0, 37, 7, 127]
1552552345091;[171, 0, 17, 255, 161, 76, 221, 8, 24, 0, 0, 250, 0, 0, 141, 0, 0, 38, 7, 167]
1552552345092;[171, 0, 17, 255, 161, 76, 221, 8, 24, 0, 0, 190, 0, 0, 182, 1, 0, 85, 7, 201]
1552552345092;[171, 0, 17, 255, 161, 76, 221, 8, 24, 0, 0, 98, 0, 0, 168, 1, 0, 142, 7, 87]
1552552345093;[171, 0, 4, 255, 132, 128, 69]
1552552345257;[171, 0, 17, 255, 161, 76, 221, 8, 24, 0, 0, 94, 0, 0, 116, 1, 0, 103, 5, 253]
1552552345424;[171, 0, 17, 255, 161, 76, 221, 8, 24, 0, 0, 97, 0, 0, 42, 1, 0, 167, 5, 10]
1552552345441;[171, 0, 17, 255, 161, 76, 221, 8, 24, 1, 0, 26, 1, 0, 7, 1, 0, 211, 4, 111]
1552552345609;[171, 0, 17, 255, 161, 76, 221, 8, 24, 1, 0, 35, 1, 0, 22, 1, 1, 52, 2, 236]
1552552345609;[171, 0, 17, 255, 161, 76, 221, 8, 24, 0, 0, 41, 1, 0, 21, 1, 0, 193, 1, 104]
1552552345776;[171, 0, 17, 255, 161, 76, 221, 8, 24, 1, 0, 101, 1, 0, 54, 1, 0, 235, 16, 147]
1552552345776;[171, 0, 17, 255, 161, 76, 221, 8, 25, 0, 0, 59, 1, 0, 28, 1, 0, 205, 7, 15]
1552552345943;[171, 0, 17, 255, 161, 76, 221, 8, 25, 1, 0, 109, 1, 0, 90, 1, 1, 12, 7, 15]
1552552346127;[171, 0, 17, 255, 161, 76, 221, 8, 25, 0, 0, 9, 1, 0, 19, 1, 0, 239, 6, 66]
1552552346127;[171, 0, 17, 255, 161, 76, 221, 8, 25, 1, 0, 61, 1, 0, 140, 1, 0, 199, 6, 128]
1552552346294;[171, 0, 4, 255, 132, 128, 69]
1552552346295;[171, 0, 17, 255, 161, 76, 221, 8, 25, 0, 0, 17, 1, 0, 75, 1, 1, 2, 6, 158]
1552552346461;[171, 0, 17, 255, 161, 76, 221, 8, 25, 1, 0, 1, 1, 0, 166, 1, 0, 244, 7, 84]
1552552346645;[171, 0, 17, 255, 161, 76, 221, 8, 25, 1, 0, 16, 1, 0, 166, 1, 1, 7, 6, 185]
1552552346645;[171, 0, 17, 255, 161, 76, 221, 8, 25, 0, 0, 20, 1, 0, 94, 1, 0, 217, 5, 190]
1552552346812;[171, 0, 17, 255, 161, 76, 221, 8, 25, 0, 0, 45, 1, 0, 61, 1, 0, 213, 5, 179]
1552552346812;[171, 0, 17, 255, 161, 76, 221, 8, 25, 0, 0, 60, 0, 0, 13, 1, 0, 207, 5, 210]
1552552346979;[171, 0, 17, 255, 161, 76, 221, 8, 26, 0, 0, 35, 0, 0, 59, 1, 1, 5, 5, 183]
1552552346979;[171, 0, 17, 255, 161, 76, 221, 8, 26, 0, 0, 62, 1, 0, 32, 1, 0, 207, 5, 227]
1552552347163;[171, 0, 17, 255, 161, 76, 221, 8, 26, 0, 0, 0, 1, 0, 104, 1, 1, 42, 6, 62]
1552552347330;[171, 0, 17, 255, 161, 76, 221, 8, 26, 0, 0, 35, 1, 0, 36, 1, 0, 248, 6, 114]
