1552551837766;[171, 0, 17, 255, 161, 76, 221, 5, 248, 1, 0, 1, 0, 0, 28, 1, 0, 248, 10, 205]
1552551837772;[171, 0, 17, 255, 161, 76, 221, 5, 248, 0, 0, 5, 0, 0, 29, 1, 0, 254, 11, 24]
1552551837934;[171, 0, 17, 255, 161, 76, 221, 5, 248, 0, 0, 19, 0, 0, 26, 1, 1, 7, 10, 228]
1552551837934;[171, 0, 17, 255, 161, 76, 221, 5, 248, 0, 0, 25, 0, 0, 30, 1, 0, 242, 9, 249]
1552551838118;[171, 0, 17, 255, 161, 76, 221, 5, 248, 0, 0, 11, 0, 0, 35, 1, 0, 246, 9, 61]
1552551838118;[171, 0, 4, 255, 132, 128, 58]
1552551838285;[171, 0, 17, 255, 161, 76, 221, 5, 249, 0, 0, 26, 0, 0, 40, 1, 0, 243, 8, 189]
1552551838452;[171, 0, 17, 255, 161, 76, 221, 5, 249, 1, 0, 7, 0, 0, 30, 1, 1, 3, 8, 144]
1552551838452;[171, 0, 17, 255, 161, 76, 221, 5, 249, 0, 0, 2, 0, 0, 41, 1, 0, 246, 8, 162]
1552551838635;[171, 0, 17, 255, 161, 76, 221, 5, 249, 1, 0, 4, 0, 0, 30, 1, 0, 249, 8, 245]
1552551838636;[171, 0, 17, 255, 161, 76, 221, 5, 249, 1, 0, 12, 0, 0, 29, 1, 0, 250, 9, 152]
1552551838803;[171, 0, 17, 255, 161, 76, 221, 5, 249, 1, 0, 3, 0, 0, 29, 1, 0, 248, 10, 37]
1552551838969;[171, 0, 17, 255, 161, 76, 221, 5, 249, 1, 0, 4, 0, 0, 28, 1, 0, 249, 10, 145]
1552551839153;[171, 0, 17, 255, 161, 76, 221, 5, 249, 1, 0, 4, 0, 0, 27, 1, 0, 249, 11, 5]
1552551839154;[171, 0, 17, 255, 161, 76, 221, 5, 249, 1, 0, 7, 0, 0, 28, 1, 0, 250, 11, 103]
1552551839154;[171, 0, 17, 255, 161, 76, 221, 5, 249, 1, 0, 16, 0, 0, 29, 1, 0, 250, 11, 197]
1552551839321;[171, 0, 4, 255, 132, 128, 58]
1552551839322;[171, 0, 17, 255, 161, 76, 221, 5, 250, 1, 0, 5, 0, 0, 28, 1, 0, 249, 12, 7]
1552551839488;[171, 0, 17, 255, 161, 76, 221, 5, 250, 1, 0, 6, 0, 0, 29, 1, 0, 249, 12, 72]
1552551839672;[171, 0, 17, 255, 161, 76, 221, 5, 250, 1, 0, 16, 0, 0, 28, 1, 0, 248, 12, 120]
1552551839672;[171, 0, 17, 255, 161, 76, 221, 5, 250, 1, 0, 17, 0, 0, 28, 1, 0, 250, 12, 179]
1552551840006;[171, 0, 17, 255, 161, 76, 221, 5, 250, 1, 0, 17, 0, 0, 27, 1, 0, 254, 13, 159]
1552551840007;[171, 0, 17, 255, 161, 76, 221, 5, 250, 1, 0, 14, 0, 0, 29, 1, 0, 250, 14, 144]
1552551840023;[171, 0, 17, 255, 161, 76, 221, 5, 250, 1, 0, 16, 0, 0, 28, 1, 0, 250, 31, 77]
1552551840023;[171, 0, 17, 255, 161, 76, 221, 5, 250, 1, 0, 18, 0, 0, 30, 1, 0, 242, 8, 114]
1552551840189;[171, 0, 17, 255, 161, 76, 221, 5, 250, 1, 0, 21, 0, 0, 28, 1, 0, 255, 8, 232]
1552551840356;[171, 0, 17, 255, 161, 76, 221, 5, 250, 1, 0, 17, 0, 0, 30, 1, 0, 249, 9, 51]
1552551840356;[171, 0, 4, 255, 132, 128, 58]
1552551840523;[171, 0, 17, 255, 161, 76, 221, 5, 251, 1, 0, 19, 0, 0, 27, 1, 0, 255, 9, 101]
1552551840523;[171, 0, 17, 255, 161, 76, 221, 5, 251, 1, 0, 18, 0, 0, 29, 1, 0, 250, 9, 138]
1552551840707;[171, 0, 17, 255, 161, 76, 221, 5, 251, 1, 0, 18, 0, 0, 29, 1, 0, 250, 9, 133]
1552551840874;[171, 0, 17, 255, 161, 76, 221, 5, 251, 1, 0, 25, 0, 0, 28, 1, 0, 245, 9, 27]
1552551840875;[171, 0, 17, 255, 161, 76, 221, 5, 251, 1, 0, 16, 0, 0, 25, 1, 0, 253, 8, 179]
1552551841041;[171, 0, 17, 255, 161, 76, 221, 5, 251, 1, 0, 6, 0, 0, 27, 1, 1, 3, 8, 145]
1552551841042;[171, 0, 17, 255, 161, 76, 221, 5, 251, 1, 0, 11, 0, 0, 30, 1, 1, 4, 8, 59]
1552551841208;[171, 0, 17, 255, 161, 76, 221, 5, 251, 0, 0, 2, 0, 0, 21, 1, 0, 241, 6, 238]
1552551841225;[171, 0, 17, 255, 161, 76, 221, 5, 251, 1, 0, 3, 0, 0, 10, 1, 1, 5, 5, 60]
1552551841393;[171, 0, 17, 255, 161, 76, 221, 5, 251, 1, 0, 16, 0, 0, 30, 1, 0, 241, 4, 254]
1552551841559;[171, 0, 4, 255, 132, 128, 58]
1552551841560;[171, 0, 17, 255, 161, 76, 221, 6, 0, 1, 0, 27, 0, 0, 30, 1, 0, 242, 5, 90]
1552551841726;[171, 0, 17, 255, 161, 76, 221, 6, 0, 1, 0, 18, 0, 0, 28, 1, 0, 249, 5, 131]
1552551841743;[171, 0, 17, 255, 161, 76, 221, 6, 0, 1, 0, 24, 0, 0, 28, 1, 0, 255, 5, 170]
1552551841911;[171, 0, 17, 255, 161, 76, 221, 6, 0, 1, 0, 24, 0, 0, 28, 1, 0, 250, 5, 199]
1552551842078;[171, 0, 17, 255, 161, 76, 221, 6, 0, 1, 0, 20, 0, 0, 28, 1, 0, 249, 6, 64]
1552551842078;[171, 0, 17, 255, 161, 76, 221, 6, 0, 1, 0, 21, 0, 0, 30, 1, 0, 249, 7, 1]
1552551842245;[171, 0, 17, 255, 161, 76, 221, 6, 0, 1, 0, 19, 0, 0, 27, 1, 0, 249, 7, 143]
1552551842261;[171, 0, 17, 255, 161, 76, 221, 6, 0, 1, 0, 25, 0, 0, 28, 1, 0, 249, 7, 249]
1552551842428;[171, 0, 17, 255, 161, 76, 221, 6, 0, 1, 0, 21, 0, 0, 28, 1, 0, 254, 8, 63]
1552551842429;[171, 0, 17, 255, 161, 76, 221, 6, 0, 1, 0, 21, 0, 0, 29, 1, 0, 249, 8, 54]
1552551842596;[171, 0, 4, 255, 132, 128, 58]
1552551842946;[171, 0, 17, 255, 161, 76, 221, 6, 1, 1, 0, 19, 0, 0, 27, 1, 0, 255, 7, 240]
1552551842946;[171, 0, 17, 255, 161, 76, 221, 6, 1, 1, 0, 17, 0, 0, 27, 1, 0, 255, 7, 164]
1552551842947;[171, 0, 17, 255, 161, 76, 221, 6, 1, 0, 0, 11, 0, 0, 27, 1, 1, 7, 7, 15]
1552551842947;[171, 0, 17, 255, 161, 76, 221, 6, 1, 0, 0, 41, 0, 0, 28, 1, 0, 228, 5, 132]
1552551843114;[171, 0, 17, 255, 161, 76, 221, 6, 1, 0, 0, 10, 0, 0, 30, 1, 1, 3, 4, 118]
1552551843114;[171, 0, 17, 255, 161, 76, 221, 6, 1, 0, 0, 1, 0, 0, 35, 1, 0, 246, 4, 140]
1552551843280;[171, 0, 17, 255, 161, 76, 221, 6, 1, 1, 0, 12, 0, 0, 27, 1, 0, 254, 4, 242]
1552551843464;[171, 0, 17, 255, 161, 76, 221, 6, 1, 1, 0, 3, 0, 0, 27, 1, 0, 249, 5, 60]
1552551843465;[171, 0, 17, 255, 161, 76, 221, 6, 1, 1, 0, 4, 0, 0, 24, 1, 0, 250, 5, 127]
1552551843631;[171, 0, 17, 255, 161, 76, 221, 6, 1, 1, 0, 6, 0, 0, 28, 1, 0, 250, 5, 164]
1552551843632;[171, 0, 4, 255, 132, 128, 58]
1552551843798;[171, 0, 17, 255, 161, 76, 221, 6, 2, 1, 0, 4, 0, 0, 25, 1, 0, 249, 5, 166]
1552551843982;[171, 0, 17, 255, 161, 76, 221, 6, 2, 1, 0, 2, 0, 0, 29, 1, 0, 249, 5, 161]
1552551843982;[171, 0, 17, 255, 161, 76, 221, 6, 2, 1, 0, 7, 0, 0, 25, 1, 0, 250, 5, 126]
1552551844149;[171, 0, 17, 255, 161, 76, 221, 6, 2, 1, 0, 3, 0, 0, 26, 1, 0, 250, 5, 82]
1552551844150;[171, 0, 17, 255, 161, 76, 221, 6, 2, 1, 0, 7, 0, 0, 27, 1, 0, 253, 5, 44]
1552551844316;[171, 0, 17, 255, 161, 76, 221, 6, 2, 1, 0, 6, 0, 0, 27, 1, 0, 249, 5, 130]
1552551844317;[171, 0, 17, 255, 161, 76, 221, 6, 2, 1, 0, 11, 0, 0, 21, 1, 0, 249, 5, 192]
1552551844500;[171, 0, 17, 255, 161, 76, 221, 6, 2, 1, 0, 7, 0, 0, 27, 1, 0, 249, 5, 210]
1552551844667;[171, 0, 17, 255, 161, 76, 221, 6, 2, 1, 0, 11, 0, 0, 28, 1, 0, 246, 5, 224]
1552551844668;[171, 0, 17, 255, 161, 76, 221, 6, 2, 1, 0, 10, 0, 0, 26, 1, 0, 249, 5, 212]
1552551844834;[171, 0, 4, 255, 132, 128, 58]
1552551844835;[171, 0, 17, 255, 161, 76, 221, 6, 3, 1, 0, 15, 0, 0, 26, 1, 0, 250, 5, 166]
1552551845018;[171, 0, 17, 255, 161, 76, 221, 6, 3, 1, 0, 4, 0, 0, 27, 1, 0, 249, 5, 112]
1552551845018;[171, 0, 17, 255, 161, 76, 221, 6, 3, 1, 0, 14, 0, 0, 27, 1, 0, 249, 5, 60]
1552551845185;[171, 0, 17, 255, 161, 76, 221, 6, 3, 1, 0, 10, 0, 0, 24, 1, 0, 249, 5, 0]
1552551845352;[171, 0, 17, 255, 161, 76, 221, 6, 3, 1, 0, 12, 0, 0, 24, 1, 0, 249, 4, 209]
1552551845353;[171, 0, 17, 255, 161, 76, 221, 6, 3, 1, 0, 17, 0, 0, 24, 1, 0, 254, 5, 16]
1552551845536;[171, 0, 17, 255, 161, 76, 221, 6, 3, 1, 0, 14, 0, 0, 24, 1, 0, 250, 5, 146]
1552551845536;[171, 0, 17, 255, 161, 76, 221, 6, 3, 1, 0, 17, 0, 0, 22, 1, 0, 254, 5, 246]
1552551845703;[171, 0, 17, 255, 161, 76, 221, 6, 3, 1, 0, 14, 0, 0, 21, 1, 0, 249, 6, 75]
1552551846221;[171, 0, 17, 255, 161, 76, 221, 6, 3, 1, 0, 16, 0, 0, 25, 1, 0, 246, 6, 141]
1552551846221;[171, 0, 4, 255, 132, 128, 57]
1552551846222;[171, 0, 17, 255, 161, 76, 221, 6, 4, 1, 0, 14, 0, 0, 22, 1, 0, 250, 6, 164]
1552551846223;[171, 0, 17, 255, 161, 76, 221, 6, 4, 1, 0, 14, 0, 0, 22, 1, 0, 249, 6, 183]
1552551846223;[171, 0, 17, 255, 161, 76, 221, 6, 4, 1, 0, 12, 0, 0, 21, 1, 0, 254, 6, 192]
1552551846224;[171, 0, 17, 255, 161, 76, 221, 6, 4, 1, 0, 14, 0, 0, 22, 1, 0, 250, 6, 173]
1552551848402;[171, 0, 17, 255, 161, 76, 221, 6, 4, 1, 0, 14, 0, 0, 20, 1, 0, 250, 6, 152]
1552551848404;[171, 0, 17, 255, 161, 76, 221, 6, 4, 1, 0, 14, 0, 0, 22, 1, 0, 249, 6, 213]
1552551848405;[171, 0, 17, 255, 161, 76, 221, 6, 4, 1, 0, 14, 0, 0, 21, 1, 0, 248, 7, 103]
1552551848405;[171, 0, 17, 255, 161, 76, 221, 6, 4, 1, 0, 14, 0, 0, 20, 1, 0, 250, 7, 205]
1552551848406;[171, 0, 17, 255, 161, 76, 221, 6, 4, 1, 0, 17, 0, 0, 21, 1, 0, 250, 8, 7]
1552551848406;[171, 0, 17, 255, 161, 76, 221, 6, 4, 1, 0, 10, 0, 0, 22, 1, 0, 255, 8, 59]
1552551848407;[171, 0, 4, 255, 132, 128, 57]
1552551848408;[171, 0, 17, 255, 161, 76, 221, 6, 5, 0, 0, 3, 0, 0, 21, 1, 0, 249, 8, 56]
1552551848409;[171, 0, 17, 255, 161, 76, 221, 6, 5, 1, 0, 12, 0, 0, 21, 1, 0, 255, 8, 27]
1552551848410;[171, 0, 17, 255, 161, 76, 221, 6, 5, 1, 0, 12, 0, 0, 24, 1, 0, 246, 7, 232]
1552551848410;[171, 0, 17, 255, 161, 76, 221, 6, 5, 1, 0, 15, 0, 0, 28, 1, 0, 254, 7, 164]
1552551848411;[171, 0, 17, 255, 161, 76, 221, 6, 5, 1, 0, 16, 0, 0, 24, 1, 0, 250, 7, 141]
1552551848411;[171, 0, 17, 255, 161, 76, 221, 6, 5, 1, 0, 14, 0, 0, 21, 1, 0, 249, 7, 252]
1552551848411;[171, 0, 17, 255, 161, 76, 221, 6, 5, 1, 0, 17, 0, 0, 24, 1, 0, 249, 8, 91]
1552551848412;[171, 0, 17, 255, 161, 76, 221, 6, 5, 1, 0, 12, 0, 0, 21, 1, 0, 254, 8, 124]
1552551848412;[171, 0, 17, 255, 161, 76, 221, 6, 5, 1, 0, 16, 0, 0, 24, 1, 0, 254, 8, 154]
1552551848413;[171, 0, 17, 255, 161, 76, 221, 6, 5, 1, 0, 7, 0, 0, 22, 1, 0, 249, 8, 142]
1552551848413;[171, 0, 4, 255, 132, 128, 57]
1552551848414;[171, 0, 17, 255, 161, 76, 221, 6, 6, 1, 0, 14, 0, 0, 24, 1, 1, 3, 8, 116]
1552551848460;[171, 0, 17, 255, 161, 76, 221, 6, 6, 1, 0, 16, 0, 0, 25, 1, 1, 3, 8, 87]
1552551848461;[171, 0, 17, 255, 161, 76, 221, 6, 6, 1, 0, 4, 0, 0, 24, 1, 0, 246, 8, 43]
1552551848461;[171, 0, 17, 255, 161, 76, 221, 6, 6, 1, 0, 12, 0, 0, 25, 1, 0, 250, 7, 239]
1552551848627;[171, 0, 17, 255, 161, 76, 221, 6, 6, 1, 0, 12, 0, 0, 24, 1, 0, 249, 8, 23]
1552551848644;[171, 0, 17, 255, 161, 76, 221, 6, 6, 1, 0, 15, 0, 0, 27, 1, 0, 249, 8, 126]
1552551848978;[171, 0, 17, 255, 161, 76, 221, 6, 6, 1, 0, 7, 0, 0, 25, 1, 0, 246, 8, 182]
1552551848979;[171, 0, 17, 255, 161, 76, 221, 6, 6, 1, 0, 17, 0, 0, 24, 1, 0, 249, 8, 212]
1552551848980;[171, 0, 17, 255, 161, 76, 221, 6, 6, 1, 0, 17, 0, 0, 24, 1, 0, 250, 8, 215]
1552551849145;[171, 0, 17, 255, 161, 76, 221, 6, 6, 1, 0, 14, 0, 0, 22, 1, 0, 250, 8, 196]
1552551849161;[171, 0, 4, 255, 132, 128, 58]
1552551849330;[171, 0, 17, 255, 161, 76, 221, 6, 7, 1, 0, 17, 0, 0, 27, 1, 0, 249, 8, 161]
1552551849330;[171, 0, 17, 255, 161, 76, 221, 6, 7, 1, 0, 15, 0, 0, 24, 1, 0, 250, 8, 113]
1552551849496;[171, 0, 17, 255, 161, 76, 221, 6, 7, 1, 0, 4, 0, 0, 27, 1, 0, 249, 8, 55]
1552551849663;[171, 0, 17, 255, 161, 76, 221, 6, 7, 1, 0, 15, 0, 0, 21, 1, 0, 255, 7, 240]
1552551849680;[171, 0, 17, 255, 161, 76, 221, 6, 7, 1, 0, 14, 0, 0, 25, 1, 1, 3, 7, 153]
1552551849847;[171, 0, 17, 255, 161, 76, 221, 6, 7, 1, 0, 17, 0, 0, 24, 1, 0, 250, 7, 141]
1552551849847;[171, 0, 17, 255, 161, 76, 221, 6, 7, 1, 0, 18, 0, 0, 21, 1, 0, 249, 7, 254]
1552551850014;[171, 0, 17, 255, 161, 76, 221, 6, 7, 1, 0, 17, 0, 0, 21, 1, 0, 250, 8, 81]
1552551850015;[171, 0, 17, 255, 161, 76, 221, 6, 7, 1, 0, 18, 0, 0, 25, 1, 0, 249, 8, 130]
1552551850181;[171, 0, 17, 255, 161, 76, 221, 6, 7, 1, 0, 18, 0, 0, 27, 1, 0, 250, 8, 149]
1552551850364;[171, 0, 4, 255, 132, 128, 58]
1552551850365;[171, 0, 17, 255, 161, 76, 221, 6, 8, 1, 0, 17, 0, 0, 23, 1, 0, 249, 8, 143]
1552551850532;[171, 0, 17, 255, 161, 76, 221, 6, 8, 1, 0, 18, 0, 0, 24, 1, 0, 249, 8, 128]
1552551850533;[171, 0, 17, 255, 161, 76, 221, 6, 8, 1, 0, 18, 0, 0, 21, 1, 0, 249, 8, 88]
1552551850699;[171, 0, 17, 255, 161, 76, 221, 6, 8, 1, 0, 14, 0, 0, 24, 1, 0, 254, 8, 25]
1552551850882;[171, 0, 17, 255, 161, 76, 221, 6, 8, 1, 0, 18, 0, 0, 27, 1, 0, 248, 7, 204]
1552551850883;[171, 0, 17, 255, 161, 76, 221, 6, 8, 1, 0, 17, 0, 0, 16, 1, 1, 0, 7, 86]
1552551851217;[171, 0, 17, 255, 161, 76, 221, 6, 8, 1, 0, 18, 0, 0, 15, 1, 0, 250, 6, 246]
1552551851218;[171, 0, 17, 255, 161, 76, 221, 6, 8, 1, 0, 21, 0, 0, 21, 1, 0, 246, 7, 48]
1552551851218;[171, 0, 17, 255, 161, 76, 221, 6, 8, 1, 0, 13, 0, 0, 11, 1, 0, 255, 7, 85]
1552551851233;[171, 0, 17, 255, 161, 76, 221, 6, 8, 1, 0, 17, 0, 0, 16, 1, 0, 250, 7, 107]
1552551851400;[171, 0, 4, 255, 132, 128, 58]
1552551851568;[171, 0, 17, 255, 161, 76, 221, 6, 9, 1, 0, 18, 0, 0, 22, 1, 0, 250, 7, 92]
1552551851568;[171, 0, 17, 255, 161, 76, 221, 6, 9, 1, 0, 18, 0, 0, 16, 1, 0, 250, 7, 15]
1552551851734;[171, 0, 17, 255, 161, 76, 221, 6, 9, 1, 0, 14, 0, 0, 21, 1, 0, 249, 6, 181]
1552551851735;[171, 0, 17, 255, 161, 76, 221, 6, 9, 1, 0, 14, 0, 0, 16, 1, 0, 255, 6, 96]
1552551851919;[171, 0, 17, 255, 161, 76, 221, 6, 9, 1, 0, 8, 0, 0, 16, 1, 0, 249, 6, 10]
1552551852086;[171, 0, 17, 255, 161, 76, 221, 6, 9, 1, 0, 17, 0, 0, 16, 1, 0, 249, 5, 183]
1552551852086;[171, 0, 17, 255, 161, 76, 221, 6, 9, 1, 0, 19, 0, 0, 16, 1, 0, 255, 5, 97]
1552551852252;[171, 0, 17, 255, 161, 76, 221, 6, 9, 1, 0, 19, 0, 0, 22, 1, 0, 250, 5, 132]
1552551852253;[171, 0, 17, 255, 161, 76, 221, 6, 9, 1, 0, 17, 0, 0, 16, 1, 0, 254, 5, 151]
1552551852770;[171, 0, 17, 255, 161, 76, 221, 6, 12, 1, 0, 23, 0, 0, 24, 1, 0, 250, 3, 200]
1552551852771;[171, 0, 17, 255, 161, 76, 221, 6, 12, 1, 0, 2, 0, 0, 16, 1, 1, 3, 3, 177]
1552551852772;[171, 0, 17, 255, 161, 76, 221, 6, 12, 1, 0, 11, 0, 0, 11, 1, 1, 7, 3, 30]
1552551852954;[171, 0, 17, 255, 161, 76, 221, 6, 12, 0, 0, 13, 0, 0, 11, 1, 0, 255, 2, 125]
1552551852955;[171, 0, 17, 255, 161, 76, 221, 6, 12, 1, 0, 37, 0, 0, 11, 1, 0, 249, 1, 201]
1552551853121;[171, 0, 17, 255, 161, 76, 221, 6, 12, 1, 0, 33, 0, 0, 28, 1, 0, 244, 1, 197]
1552551853122;[171, 0, 17, 255, 161, 76, 221, 6, 12, 1, 0, 21, 0, 0, 28, 1, 0, 241, 2, 30]
1552551853289;[171, 0, 17, 255, 161, 76, 221, 6, 12, 1, 0, 25, 0, 0, 28, 1, 0, 246, 2, 134]
1552551853473;[171, 0, 17, 255, 161, 76, 221, 6, 12, 1, 0, 24, 0, 0, 24, 1, 0, 255, 2, 234]
1552551853473;[171, 0, 17, 255, 161, 76, 221, 6, 12, 1, 0, 24, 0, 0, 27, 1, 0, 249, 3, 63]
1552551853640;[171, 0, 4, 255, 132, 128, 58]
1552551853641;[171, 0, 17, 255, 161, 76, 221, 6, 13, 1, 0, 27, 0, 0, 24, 1, 0, 250, 3, 106]
1552551853807;[171, 0, 17, 255, 161, 76, 221, 6, 13, 1, 0, 24, 0, 0, 25, 1, 0, 249, 3, 136]
1552551853808;[171, 0, 17, 255, 161, 76, 221, 6, 13, 1, 0, 27, 0, 0, 24, 1, 0, 248, 3, 165]
1552551853974;[171, 0, 17, 255, 161, 76, 221, 6, 13, 1, 0, 25, 0, 0, 25, 1, 0, 246, 3, 167]
1552551854158;[171, 0, 17, 255, 161, 76, 221, 6, 13, 1, 0, 18, 0, 0, 11, 1, 0, 249, 3, 232]
1552551854158;[171, 0, 17, 255, 161, 76, 221, 6, 13, 1, 0, 18, 0, 0, 16, 1, 0, 250, 4, 135]
1552551854325;[171, 0, 17, 255, 161, 76, 221, 6, 13, 1, 0, 18, 0, 0, 20, 1, 1, 3, 4, 233]
1552551854508;[171, 0, 17, 255, 161, 76, 221, 6, 13, 1, 0, 10, 0, 0, 16, 1, 0, 255, 4, 252]
1552551854509;[171, 0, 17, 255, 161, 76, 221, 6, 13, 1, 0, 11, 0, 0, 21, 1, 0, 249, 5, 2]
1552551854675;[171, 0, 17, 255, 161, 76, 221, 6, 13, 1, 0, 14, 0, 0, 17, 1, 0, 250, 4, 221]
1552551854676;[171, 0, 4, 255, 132, 128, 59]
1552551854843;[171, 0, 17, 255, 161, 76, 221, 6, 14, 1, 0, 14, 0, 0, 16, 1, 0, 250, 4, 164]
1552551854843;[171, 0, 17, 255, 161, 76, 221, 6, 14, 1, 0, 8, 0, 0, 20, 1, 0, 249, 4, 81]
1552551855010;[171, 0, 17, 255, 161, 76, 221, 6, 14, 1, 0, 7, 0, 0, 20, 1, 0, 250, 3, 249]
1552551855026;[171, 0, 17, 255, 161, 76, 221, 6, 14, 1, 0, 11, 0, 0, 16, 1, 0, 249, 3, 222]
1552551855194;[171, 0, 17, 255, 161, 76, 221, 6, 14, 1, 0, 4, 0, 0, 20, 1, 0, 254, 4, 32]
1552551855361;[171, 0, 17, 255, 161, 76, 221, 6, 14, 1, 0, 10, 0, 0, 20, 1, 0, 249, 4, 64]
1552551855362;[171, 0, 17, 255, 161, 76, 221, 6, 14, 1, 0, 8, 0, 0, 20, 1, 0, 249, 4, 85]
1552551855528;[171, 0, 17, 255, 161, 76, 221, 6, 14, 1, 0, 8, 0, 0, 20, 1, 0, 249, 4, 102]
1552551855528;[171, 0, 17, 255, 161, 76, 221, 6, 14, 1, 0, 6, 0, 0, 21, 1, 0, 250, 4, 90]
1552551855711;[171, 0, 17, 255, 161, 76, 221, 6, 14, 1, 0, 11, 0, 0, 16, 1, 0, 249, 4, 52]
1552551855879;[171, 0, 4, 255, 132, 128, 59]
1552551855881;[171, 0, 17, 255, 161, 76, 221, 6, 15, 1, 0, 7, 0, 0, 20, 1, 0, 250, 4, 21]
1552551856045;[171, 0, 17, 255, 161, 76, 221, 6, 15, 1, 0, 8, 0, 0, 20, 1, 0, 248, 3, 213]
1552551856046;[171, 0, 17, 255, 161, 76, 221, 6, 15, 1, 0, 4, 0, 0, 16, 1, 0, 250, 3, 162]
1552551856229;[171, 0, 17, 255, 161, 76, 221, 6, 15, 1, 0, 3, 0, 0, 16, 1, 0, 250, 3, 233]
1552551856230;[171, 0, 17, 255, 161, 76, 221, 6, 15, 1, 0, 4, 0, 0, 20, 1, 0, 250, 4, 56]
1552551856396;[171, 0, 17, 255, 161, 76, 221, 6, 15, 1, 0, 10, 0, 0, 20, 1, 0, 249, 4, 98]
1552551856564;[171, 0, 17, 255, 161, 76, 221, 6, 15, 1, 0, 6, 0, 0, 21, 1, 0, 250, 4, 113]
1552551856564;[171, 0, 17, 255, 161, 76, 221, 6, 15, 1, 0, 11, 0, 0, 21, 1, 0, 250, 4, 93]
1552551856747;[171, 0, 17, 255, 161, 76, 221, 6, 15, 1, 0, 8, 0, 0, 21, 1, 0, 255, 4, 53]
1552551856748;[171, 0, 17, 255, 161, 76, 221, 6, 15, 1, 0, 8, 0, 0, 16, 1, 0, 250, 4, 8]
1552551856915;[171, 0, 4, 255, 132, 128, 59]
1552551856916;[171, 0, 17, 255, 161, 76, 221, 6, 16, 1, 0, 6, 0, 0, 21, 1, 0, 249, 3, 213]
1552551857266;[171, 0, 17, 255, 161, 76, 221, 6, 16, 1, 0, 10, 0, 0, 21, 1, 0, 255, 3, 148]
1552551857266;[171, 0, 17, 255, 161, 76, 221, 6, 16, 1, 0, 6, 0, 0, 21, 1, 0, 248, 3, 125]
1552551857267;[171, 0, 17, 255, 161, 76, 221, 6, 16, 1, 0, 11, 0, 0, 11, 1, 0, 250, 3, 212]
1552551857433;[171, 0, 17, 255, 161, 76, 221, 6, 16, 1, 0, 8, 0, 0, 16, 1, 0, 254, 4, 9]
1552551857433;[171, 0, 17, 255, 161, 76, 221, 6, 16, 1, 0, 6, 0, 0, 16, 1, 0, 254, 4, 36]
1552551857600;[171, 0, 17, 255, 161, 76, 221, 6, 16, 1, 0, 10, 0, 0, 11, 1, 0, 255, 4, 39]
1552551857783;[171, 0, 17, 255, 161, 76, 221, 6, 16, 1, 0, 1, 0, 0, 16, 1, 0, 254, 4, 10]
1552551857784;[171, 0, 17, 255, 161, 76, 221, 6, 16, 1, 0, 11, 0, 0, 21, 1, 0, 250, 3, 229]
1552551857951;[171, 0, 17, 255, 161, 76, 221, 6, 16, 1, 0, 12, 0, 0, 20, 1, 0, 250, 3, 171]
1552551858301;[171, 0, 4, 255, 132, 128, 60]
1552551858302;[171, 0, 17, 255, 161, 76, 221, 6, 17, 1, 0, 11, 0, 0, 16, 1, 0, 250, 3, 105]
1552551858469;[171, 0, 17, 255, 161, 76, 221, 6, 17, 1, 0, 10, 0, 0, 21, 1, 0, 254, 3, 140]
1552551858469;[171, 0, 17, 255, 161, 76, 221, 6, 17, 1, 0, 10, 0, 0, 20, 1, 0, 249, 3, 202]
1552551858470;[171, 0, 17, 255, 161, 76, 221, 6, 17, 1, 0, 11, 0, 0, 21, 1, 0, 249, 3, 212]
1552551858470;[171, 0, 17, 255, 161, 76, 221, 6, 17, 1, 0, 10, 0, 0, 21, 1, 0, 249, 3, 229]
1552551858819;[171, 0, 17, 255, 161, 76, 221, 6, 17, 1, 0, 1, 0, 0, 21, 1, 0, 254, 3, 215]
1552551858820;[171, 0, 17, 255, 161, 76, 221, 6, 17, 1, 0, 5, 0, 0, 16, 1, 0, 249, 3, 175]
1552551858820;[171, 0, 17, 255, 161, 76, 221, 6, 17, 1, 0, 6, 0, 0, 22, 1, 0, 246, 3, 133]
1552551858820;[171, 0, 17, 255, 161, 76, 221, 6, 17, 1, 0, 4, 0, 0, 11, 1, 1, 3, 3, 83]
1552551858986;[171, 0, 17, 255, 161, 76, 221, 6, 17, 1, 0, 8, 0, 0, 20, 1, 0, 248, 3, 93]
1552551859153;[171, 0, 4, 255, 132, 128, 60]
1552551859154;[171, 0, 17, 255, 161, 76, 221, 6, 18, 1, 0, 11, 0, 0, 21, 1, 0, 249, 3, 191]
1552551859337;[171, 0, 17, 255, 161, 76, 221, 6, 18, 1, 0, 6, 0, 0, 21, 1, 0, 249, 3, 252]
1552551859337;[171, 0, 17, 255, 161, 76, 221, 6, 18, 1, 0, 6, 0, 0, 21, 1, 0, 250, 4, 22]
1552551859503;[171, 0, 17, 255, 161, 76, 221, 6, 18, 1, 0, 7, 0, 0, 20, 1, 0, 249, 4, 16]
1552551859672;[171, 0, 17, 255, 161, 76, 221, 6, 18, 1, 0, 10, 0, 0, 21, 1, 0, 249, 3, 243]
1552551859672;[171, 0, 17, 255, 161, 76, 221, 6, 18, 1, 0, 3, 0, 0, 16, 1, 0, 254, 3, 197]
1552551859855;[171, 0, 17, 255, 161, 76, 221, 6, 18, 1, 0, 8, 0, 0, 20, 1, 0, 249, 3, 139]
1552551859855;[171, 0, 17, 255, 161, 76, 221, 6, 18, 1, 0, 8, 0, 0, 16, 1, 0, 255, 3, 94]
1552551860022;[171, 0, 17, 255, 161, 76, 221, 6, 18, 1, 0, 10, 0, 0, 21, 1, 0, 250, 3, 141]
1552551860023;[171, 0, 17, 255, 161, 76, 221, 6, 18, 1, 0, 14, 0, 0, 21, 1, 0, 250, 3, 232]
1552551860189;[171, 0, 4, 255, 132, 128, 61]
1552551860372;[171, 0, 17, 255, 161, 76, 221, 6, 19, 1, 0, 12, 0, 0, 16, 1, 0, 250, 4, 10]
1552551860373;[171, 0, 17, 255, 161, 76, 221, 6, 19, 1, 0, 8, 0, 0, 21, 1, 0, 249, 4, 26]
1552551860540;[171, 0, 17, 255, 161, 76, 221, 6, 19, 1, 0, 6, 0, 0, 20, 1, 0, 249, 4, 17]
1552551860540;[171, 0, 17, 255, 161, 76, 221, 6, 19, 1, 0, 11, 0, 0, 20, 1, 0, 249, 3, 239]
1552551860707;[171, 0, 17, 255, 161, 76, 221, 6, 19, 1, 0, 8, 0, 0, 20, 1, 0, 254, 3, 194]
1552551860707;[171, 0, 17, 255, 161, 76, 221, 6, 19, 1, 0, 8, 0, 0, 16, 1, 0, 249, 3, 132]
1552551861058;[171, 0, 17, 255, 161, 76, 221, 6, 19, 1, 0, 12, 0, 0, 11, 1, 0, 249, 3, 40]
1552551861225;[171, 0, 17, 255, 161, 76, 221, 6, 19, 1, 0, 3, 0, 0, 21, 1, 0, 246, 3, 56]
1552551861225;[171, 0, 17, 255, 161, 76, 221, 6, 19, 1, 0, 12, 0, 0, 16, 1, 0, 249, 3, 116]
1552551861226;[171, 0, 17, 255, 161, 76, 221, 6, 19, 1, 0, 10, 0, 0, 16, 1, 0, 250, 3, 129]
1552551861226;[171, 0, 4, 255, 132, 128, 61]
1552551861392;[171, 0, 17, 255, 161, 76, 221, 6, 20, 1, 0, 12, 0, 0, 16, 1, 0, 254, 3, 146]
1552551861576;[171, 0, 17, 255, 161, 76, 221, 6, 20, 1, 0, 12, 0, 0, 16, 1, 0, 249, 3, 138]
1552551861577;[171, 0, 17, 255, 161, 76, 221, 6, 20, 1, 0, 12, 0, 0, 20, 1, 0, 254, 3, 100]
1552551861743;[171, 0, 17, 255, 161, 76, 221, 6, 20, 1, 0, 6, 0, 0, 21, 1, 0, 250, 3, 59]
1552551861744;[171, 0, 17, 255, 161, 76, 221, 6, 20, 1, 0, 14, 0, 0, 21, 1, 0, 250, 3, 7]
1552551861910;[171, 0, 17, 255, 161, 76, 221, 6, 20, 1, 0, 10, 0, 0, 16, 1, 0, 250, 2, 205]
1552551861927;[171, 0, 17, 255, 161, 76, 221, 6, 20, 1, 0, 14, 0, 0, 20, 1, 0, 250, 3, 36]
1552551862094;[171, 0, 17, 255, 161, 76, 221, 6, 20, 1, 0, 14, 0, 0, 20, 1, 0, 250, 3, 110]
1552551862261;[171, 0, 17, 255, 161, 76, 221, 6, 20, 1, 0, 10, 0, 0, 20, 1, 0, 254, 3, 110]
1552551862261;[171, 0, 17, 255, 161, 76, 221, 6, 20, 1, 0, 8, 0, 0, 21, 1, 1, 3, 3, 103]
1552551862429;[171, 0, 4, 255, 132, 128, 62]
1552551862430;[171, 0, 17, 255, 161, 76, 221, 6, 21, 1, 0, 11, 0, 0, 16, 1, 0, 250, 3, 61]
1552551862612;[171, 0, 17, 255, 161, 76, 221, 6, 21, 1, 0, 10, 0, 0, 16, 1, 0, 249, 3, 20]
1552551862612;[171, 0, 17, 255, 161, 76, 221, 6, 21, 1, 0, 8, 0, 0, 16, 1, 0, 250, 2, 240]
1552551862779;[171, 0, 17, 255, 161, 76, 221, 6, 21, 1, 0, 8, 0, 0, 20, 1, 0, 250, 2, 210]
1552551862946;[171, 0, 17, 255, 161, 76, 221, 6, 21, 1, 0, 12, 0, 0, 21, 1, 0, 249, 2, 161]
1552551862946;[171, 0, 17, 255, 161, 76, 221, 6, 21, 1, 0, 12, 0, 0, 21, 1, 0, 246, 2, 156]
1552551863129;[171, 0, 17, 255, 161, 76, 221, 6, 21, 1, 0, 15, 0, 0, 16, 1, 0, 250, 3, 3]
1552551863130;[171, 0, 17, 255, 161, 76, 221, 6, 21, 1, 0, 10, 0, 0, 20, 1, 0, 255, 3, 73]
1552551863296;[171, 0, 17, 255, 161, 76, 221, 6, 21, 1, 0, 6, 0, 0, 16, 1, 0, 250, 3, 109]
1552551863463;[171, 0, 17, 255, 161, 76, 221, 6, 21, 1, 0, 8, 0, 0, 16, 1, 0, 246, 3, 152]
1552551863464;[171, 0, 4, 255, 132, 128, 62]
1552551863647;[171, 0, 17, 255, 161, 76, 221, 6, 22, 1, 0, 8, 0, 0, 16, 1, 0, 249, 3, 165]
1552551863648;[171, 0, 17, 255, 161, 76, 221, 6, 22, 1, 0, 12, 0, 0, 20, 1, 0, 249, 3, 153]
1552551863815;[171, 0, 17, 255, 161, 76, 221, 6, 22, 1, 0, 14, 0, 0, 21, 1, 0, 249, 3, 118]
1552551863815;[171, 0, 17, 255, 161, 76, 221, 6, 22, 1, 0, 11, 0, 0, 16, 1, 0, 254, 3, 71]
1552551863982;[171, 0, 17, 255, 161, 76, 221, 6, 22, 1, 0, 12, 0, 0, 20, 1, 0, 255, 3, 49]
1552551864165;[171, 0, 17, 255, 161, 76, 221, 6, 22, 1, 0, 12, 0, 0, 20, 1, 0, 250, 3, 194]
1552551864166;[171, 0, 17, 255, 161, 76, 221, 6, 22, 1, 0, 11, 0, 0, 20, 1, 0, 249, 4, 67]
1552551864333;[171, 0, 17, 255, 161, 76, 221, 6, 22, 1, 0, 6, 0, 0, 16, 1, 0, 249, 4, 143]
1552551864333;[171, 0, 17, 255, 161, 76, 221, 6, 22, 1, 0, 12, 0, 0, 16, 1, 0, 255, 4, 201]
1552551864500;[171, 0, 17, 255, 161, 76, 221, 6, 22, 1, 0, 11, 0, 0, 21, 1, 0, 249, 4, 225]
1552551864851;[171, 0, 4, 255, 132, 128, 63]
1552551864852;[171, 0, 17, 255, 161, 76, 221, 6, 23, 1, 0, 12, 0, 0, 16, 1, 0, 250, 4, 216]
1552551864853;[171, 0, 17, 255, 161, 76, 221, 6, 23, 1, 0, 8, 0, 0, 20, 1, 0, 249, 4, 189]
1552551864853;[171, 0, 17, 255, 161, 76, 221, 6, 23, 1, 0, 11, 0, 0, 20, 1, 0, 250, 4, 120]
1552551865018;[171, 0, 17, 255, 161, 76, 221, 6, 23, 1, 0, 12, 0, 0, 16, 1, 0, 249, 4, 88]
1552551865019;[171, 0, 17, 255, 161, 76, 221, 6, 23, 1, 0, 13, 0, 0, 20, 1, 0, 250, 4, 149]
1552551865201;[171, 0, 17, 255, 161, 76, 221, 6, 23, 1, 0, 11, 0, 0, 20, 1, 0, 250, 4, 167]
1552551865369;[171, 0, 17, 255, 161, 76, 221, 6, 23, 1, 0, 12, 0, 0, 16, 1, 0, 249, 4, 160]
1552551865369;[171, 0, 17, 255, 161, 76, 221, 6, 23, 1, 0, 14, 0, 0, 20, 1, 0, 254, 4, 152]
1552551865536;[171, 0, 17, 255, 161, 76, 221, 6, 23, 1, 0, 12, 0, 0, 21, 1, 0, 250, 4, 99]
1552551865536;[171, 0, 17, 255, 161, 76, 221, 6, 23, 1, 0, 10, 0, 0, 21, 1, 0, 255, 4, 43]
1552551865719;[171, 0, 4, 255, 132, 128, 63]
1552551865720;[171, 0, 17, 255, 161, 76, 221, 6, 24, 1, 0, 11, 0, 0, 20, 1, 0, 249, 3, 236]
1552551865886;[171, 0, 17, 255, 161, 76, 221, 6, 24, 1, 0, 12, 0, 0, 20, 1, 0, 249, 3, 150]
1552551866054;[171, 0, 17, 255, 161, 76, 221, 6, 24, 1, 0, 8, 0, 0, 16, 1, 0, 249, 3, 112]
1552551866055;[171, 0, 17, 255, 161, 76, 221, 6, 24, 1, 0, 14, 0, 0, 16, 1, 0, 250, 3, 220]
1552551866237;[171, 0, 17, 255, 161, 76, 221, 6, 24, 1, 0, 12, 0, 0, 20, 1, 0, 250, 4, 42]
1552551866238;[171, 0, 17, 255, 161, 76, 221, 6, 24, 1, 0, 12, 0, 0, 20, 1, 0, 249, 4, 56]
1552551866572;[171, 0, 17, 255, 161, 76, 221, 6, 24, 1, 0, 10, 0, 0, 16, 1, 1, 3, 4, 70]
1552551866739;[171, 0, 17, 255, 161, 76, 221, 6, 24, 1, 0, 13, 0, 0, 21, 1, 0, 250, 4, 37]
1552551867091;[171, 0, 17, 255, 161, 76, 221, 6, 24, 1, 0, 14, 0, 0, 16, 1, 0, 246, 3, 195]
1552551867092;[171, 0, 17, 255, 161, 76, 221, 6, 24, 1, 0, 7, 0, 0, 16, 1, 0, 250, 3, 73]
1552551867092;[171, 0, 4, 255, 132, 128, 64]
1552551867093;[171, 0, 17, 255, 161, 76, 221, 6, 25, 1, 0, 10, 0, 0, 16, 1, 0, 249, 2, 189]
1552551867109;[171, 0, 17, 255, 161, 76, 221, 6, 25, 1, 0, 11, 0, 0, 11, 1, 0, 254, 2, 43]
1552551867110;[171, 0, 17, 255, 161, 76, 221, 6, 25, 1, 0, 10, 0, 0, 21, 1, 0, 254, 2, 28]
1552551867256;[171, 0, 17, 255, 161, 76, 221, 6, 25, 1, 0, 11, 0, 0, 16, 1, 0, 249, 2, 119]
1552551867273;[171, 0, 17, 255, 161, 76, 221, 6, 25, 1, 0, 14, 0, 0, 20, 1, 0, 254, 2, 177]
1552551867441;[171, 0, 17, 255, 161, 76, 221, 6, 25, 1, 0, 14, 0, 0, 21, 1, 0, 250, 2, 188]
1552551867441;[171, 0, 17, 255, 161, 76, 221, 6, 25, 1, 0, 8, 0, 0, 16, 1, 0, 249, 2, 181]
1552551867608;[171, 0, 17, 255, 161, 76, 221, 6, 25, 1, 0, 12, 0, 0, 11, 1, 0, 249, 2, 159]
1552551867609;[171, 0, 17, 255, 161, 76, 221, 6, 25, 1, 0, 15, 0, 0, 20, 1, 0, 250, 2, 113]
1552551867775;[171, 0, 17, 255, 161, 76, 221, 6, 25, 1, 0, 14, 0, 0, 15, 1, 0, 250, 2, 71]
1552551867958;[171, 0, 4, 255, 132, 128, 64]
1552551867960;[171, 0, 17, 255, 161, 76, 221, 6, 26, 1, 0, 12, 0, 0, 20, 1, 0, 254, 1, 254]
1552551868126;[171, 0, 17, 255, 161, 76, 221, 6, 26, 1, 0, 11, 0, 0, 16, 1, 0, 249, 2, 36]
1552551868126;[171, 0, 17, 255, 161, 76, 221, 6, 26, 1, 0, 12, 0, 0, 16, 1, 0, 250, 2, 140]
1552551868293;[171, 0, 17, 255, 161, 76, 221, 6, 26, 1, 0, 12, 0, 0, 11, 1, 0, 250, 2, 172]
1552551868811;[171, 0, 17, 255, 161, 76, 221, 6, 26, 1, 0, 12, 0, 0, 15, 1, 1, 3, 2, 199]
1552551868812;[171, 0, 17, 255, 161, 76, 221, 6, 26, 1, 0, 14, 0, 0, 16, 1, 0, 254, 2, 208]
1552551868828;[171, 0, 17, 255, 161, 76, 221, 6, 26, 1, 0, 12, 0, 0, 11, 1, 0, 250, 2, 187]
1552551868995;[171, 0, 17, 255, 161, 76, 221, 6, 26, 1, 0, 11, 0, 0, 11, 1, 0, 254, 2, 152]
1552551868995;[171, 0, 17, 255, 161, 76, 221, 6, 26, 1, 0, 12, 0, 0, 20, 1, 0, 250, 2, 100]
1552551868996;[171, 0, 17, 255, 161, 76, 221, 6, 26, 1, 0, 14, 0, 0, 16, 1, 0, 249, 2, 43]
1552551868996;[171, 0, 4, 255, 132, 128, 64]
1552551869162;[171, 0, 17, 255, 161, 76, 221, 6, 27, 1, 0, 11, 0, 0, 16, 1, 0, 249, 2, 48]
1552551869163;[171, 0, 17, 255, 161, 76, 221, 6, 27, 1, 0, 11, 0, 0, 16, 1, 0, 250, 2, 158]
1552551869329;[171, 0, 17, 255, 161, 76, 221, 6, 27, 1, 0, 11, 0, 0, 16, 1, 0, 249, 2, 238]
1552551869329;[171, 0, 17, 255, 161, 76, 221, 6, 27, 1, 0, 14, 0, 0, 11, 1, 0, 250, 2, 255]
1552551869512;[171, 0, 17, 255, 161, 76, 221, 6, 27, 1, 0, 12, 0, 0, 16, 1, 0, 250, 3, 7]
1552551869513;[171, 0, 17, 255, 161, 76, 221, 6, 27, 1, 0, 14, 0, 0, 16, 1, 0, 254, 2, 238]
1552551869680;[171, 0, 17, 255, 161, 76, 221, 6, 27, 1, 0, 11, 0, 0, 21, 1, 0, 249, 2, 187]
1552551869846;[171, 0, 17, 255, 161, 76, 221, 6, 27, 1, 0, 12, 0, 0, 20, 1, 0, 250, 2, 134]
1552551869847;[171, 0, 17, 255, 161, 76, 221, 6, 27, 1, 0, 12, 0, 0, 11, 1, 0, 250, 2, 64]
1552551870031;[171, 0, 17, 255, 161, 76, 221, 6, 27, 1, 0, 11, 0, 0, 16, 1, 0, 250, 2, 18]
1552551870047;[171, 0, 4, 255, 132, 128, 64]
1552551870198;[171, 0, 17, 255, 161, 76, 221, 6, 28, 1, 0, 12, 0, 0, 16, 1, 0, 250, 2, 114]
1552551870365;[171, 0, 17, 255, 161, 76, 221, 6, 28, 1, 0, 12, 0, 0, 21, 1, 0, 250, 2, 182]
1552551870366;[171, 0, 17, 255, 161, 76, 221, 6, 28, 1, 0, 14, 0, 0, 11, 1, 0, 248, 2, 213]
1552551870883;[171, 0, 17, 255, 161, 76, 221, 6, 28, 1, 0, 7, 0, 0, 20, 1, 0, 255, 2, 234]
1552551870883;[171, 0, 17, 255, 161, 76, 221, 6, 28, 1, 0, 12, 0, 0, 16, 1, 0, 250, 2, 215]
1552551870884;[171, 0, 17, 255, 161, 76, 221, 6, 28, 1, 0, 11, 0, 0, 16, 1, 0, 249, 2, 177]
1552551870899;[171, 0, 17, 255, 161, 76, 221, 6, 28, 1, 0, 12, 0, 0, 16, 1, 0, 249, 2, 129]
1552551870900;[171, 0, 17, 255, 161, 76, 221, 6, 28, 1, 0, 14, 0, 0, 16, 1, 0, 254, 2, 85]
1552551871067;[171, 0, 17, 255, 161, 76, 221, 6, 28, 1, 0, 11, 0, 0, 11, 1, 0, 250, 2, 168]
1552551871067;[171, 0, 17, 255, 161, 76, 221, 6, 28, 1, 0, 16, 0, 0, 16, 1, 0, 249, 2, 237]
1552551871233;[171, 0, 4, 255, 132, 128, 65]
1552551871234;[171, 0, 17, 255, 161, 76, 221, 6, 29, 1, 0, 11, 0, 0, 11, 1, 0, 255, 2, 216]
1552551871483;[171, 0, 17, 255, 161, 76, 221, 6, 29, 1, 0, 18, 0, 0, 11, 1, 0, 249, 2, 191]
1552551871584;[171, 0, 17, 255, 161, 76, 221, 6, 29, 1, 0, 13, 0, 0, 21, 1, 0, 249, 2, 141]
1552551871584;[171, 0, 17, 255, 161, 76, 221, 6, 29, 1, 0, 12, 0, 0, 16, 1, 0, 254, 2, 62]
1552551871751;[171, 0, 17, 255, 161, 76, 221, 6, 29, 1, 0, 12, 0, 0, 11, 1, 0, 255, 1, 211]
1552551871752;[171, 0, 17, 255, 161, 76, 221, 6, 29, 1, 0, 12, 0, 0, 16, 1, 0, 249, 1, 120]
1552551871918;[171, 0, 17, 255, 161, 76, 221, 6, 29, 1, 0, 14, 0, 0, 20, 1, 0, 249, 1, 82]
1552551871919;[171, 0, 17, 255, 161, 76, 221, 6, 29, 1, 0, 11, 0, 0, 16, 1, 0, 254, 1, 189]
1552551872102;[171, 0, 17, 255, 161, 76, 221, 6, 29, 1, 0, 12, 0, 0, 20, 1, 0, 249, 2, 14]
1552551872269;[171, 0, 17, 255, 161, 76, 221, 6, 29, 1, 0, 14, 0, 0, 16, 1, 0, 249, 2, 43]
1552551872270;[171, 0, 4, 255, 132, 128, 65]
1552551872619;[171, 0, 17, 255, 161, 76, 221, 6, 30, 1, 0, 12, 0, 0, 11, 1, 0, 254, 2, 72]
1552551872620;[171, 0, 17, 255, 161, 76, 221, 6, 30, 1, 0, 12, 0, 0, 11, 1, 0, 249, 2, 51]
1552551872621;[171, 0, 17, 255, 161, 76, 221, 6, 30, 1, 0, 14, 0, 0, 11, 1, 0, 250, 2, 16]
1552551872621;[171, 0, 17, 255, 161, 76, 221, 6, 30, 1, 0, 12, 0, 0, 16, 1, 0, 253, 1, 220]
1552551872787;[171, 0, 17, 255, 161, 76, 221, 6, 30, 1, 0, 12, 0, 0, 16, 1, 0, 255, 1, 163]
1552551873138;[171, 0, 17, 255, 161, 76, 221, 6, 30, 1, 0, 12, 0, 0, 16, 1, 0, 254, 1, 162]
1552551873138;[171, 0, 17, 255, 161, 76, 221, 6, 30, 1, 0, 15, 0, 0, 16, 1, 0, 249, 2, 46]
1552551873139;[171, 0, 17, 255, 161, 76, 221, 6, 30, 1, 0, 14, 0, 0, 16, 1, 0, 249, 2, 127]
1552551873139;[171, 0, 17, 255, 161, 76, 221, 6, 30, 1, 0, 12, 0, 0, 16, 1, 0, 250, 2, 169]
1552551873305;[171, 0, 17, 255, 161, 76, 221, 6, 30, 1, 0, 12, 0, 0, 16, 1, 0, 249, 2, 189]
1552551873639;[171, 0, 4, 255, 132, 128, 65]
1552551873658;[171, 0, 17, 255, 161, 76, 221, 6, 31, 1, 0, 11, 0, 0, 16, 1, 0, 249, 2, 109]
1552551873659;[171, 0, 17, 255, 161, 76, 221, 6, 31, 1, 0, 18, 0, 0, 11, 1, 0, 254, 2, 59]
1552551873659;[171, 0, 17, 255, 161, 76, 221, 6, 31, 1, 0, 11, 0, 0, 11, 1, 0, 250, 1, 254]
1552551873823;[171, 0, 17, 255, 161, 76, 221, 6, 31, 1, 0, 8, 0, 0, 16, 1, 0, 250, 2, 9]
1552551873823;[171, 0, 17, 255, 161, 76, 221, 6, 31, 1, 0, 12, 0, 0, 16, 1, 0, 249, 2, 133]
1552551873990;[171, 0, 17, 255, 161, 76, 221, 6, 31, 1, 0, 17, 0, 0, 11, 1, 0, 254, 2, 187]
1552551874157;[171, 0, 17, 255, 161, 76, 221, 6, 31, 1, 0, 10, 0, 0, 16, 1, 0, 254, 2, 220]
1552551874174;[171, 0, 17, 255, 161, 76, 221, 6, 31, 1, 0, 12, 0, 0, 16, 1, 0, 250, 2, 224]
1552551874341;[171, 0, 17, 255, 161, 76, 221, 6, 31, 1, 0, 11, 0, 0, 20, 1, 0, 249, 2, 191]
1552551874342;[171, 0, 17, 255, 161, 76, 221, 6, 32, 1, 0, 11, 0, 0, 21, 1, 0, 248, 2, 143]
1552551874509;[171, 0, 4, 255, 132, 128, 65]
1552551874510;[171, 0, 17, 255, 161, 76, 221, 6, 32, 1, 0, 13, 0, 0, 16, 1, 0, 249, 2, 83]
1552551874675;[171, 0, 17, 255, 161, 76, 221, 6, 32, 1, 0, 6, 0, 0, 16, 1, 0, 249, 2, 5]
1552551874859;[171, 0, 17, 255, 161, 76, 221, 6, 32, 1, 0, 12, 0, 0, 21, 1, 0, 250, 2, 34]
1552551874860;[171, 0, 17, 255, 161, 76, 221, 6, 32, 1, 0, 15, 0, 0, 16, 1, 0, 249, 2, 145]
1552551875026;[171, 0, 17, 255, 161, 76, 221, 6, 32, 1, 0, 14, 0, 0, 16, 1, 0, 254, 2, 202]
1552551875027;[171, 0, 17, 255, 161, 76, 221, 6, 32, 1, 0, 14, 0, 0, 11, 1, 0, 250, 2, 193]
1552551875193;[171, 0, 17, 255, 161, 76, 221, 6, 32, 1, 0, 14, 0, 0, 16, 1, 0, 250, 2, 150]
1552551875377;[171, 0, 17, 255, 161, 76, 221, 6, 32, 1, 0, 14, 0, 0, 11, 1, 0, 250, 2, 87]
1552551875378;[171, 0, 17, 255, 161, 76, 221, 6, 32, 1, 0, 11, 0, 0, 16, 1, 0, 254, 1, 250]
1552551875711;[171, 0, 17, 255, 161, 76, 221, 6, 35, 1, 0, 8, 0, 0, 16, 1, 0, 249, 2, 1]
1552551875895;[171, 0, 17, 255, 161, 76, 221, 6, 35, 1, 0, 14, 0, 0, 20, 1, 0, 254, 2, 26]
1552551876062;[171, 0, 17, 255, 161, 76, 221, 6, 35, 1, 0, 12, 0, 0, 16, 1, 0, 254, 2, 38]
1552551876062;[171, 0, 17, 255, 161, 76, 221, 6, 35, 1, 0, 12, 0, 0, 11, 1, 0, 249, 2, 17]
1552551876063;[171, 0, 17, 255, 161, 76, 221, 6, 35, 1, 0, 14, 0, 0, 11, 1, 0, 254, 1, 220]
1552551876412;[171, 0, 17, 255, 161, 76, 221, 6, 35, 1, 0, 14, 0, 0, 16, 1, 0, 250, 1, 161]
1552551876413;[171, 0, 17, 255, 161, 76, 221, 6, 35, 1, 0, 12, 0, 0, 16, 1, 0, 254, 1, 96]
1552551876413;[171, 0, 17, 255, 161, 76, 221, 6, 35, 1, 0, 11, 0, 0, 16, 1, 0, 250, 1, 73]
1552551876414;[171, 0, 17, 255, 161, 76, 221, 6, 35, 1, 0, 12, 0, 0, 11, 1, 0, 254, 1, 192]
1552551876580;[171, 0, 17, 255, 161, 76, 221, 6, 36, 1, 0, 12, 0, 0, 11, 1, 1, 3, 2, 13]
1552551876747;[171, 0, 4, 255, 132, 128, 67]
1552551876748;[171, 0, 17, 255, 161, 76, 221, 6, 36, 1, 0, 15, 0, 0, 20, 1, 0, 254, 2, 31]
1552551876931;[171, 0, 17, 255, 161, 76, 221, 6, 36, 1, 0, 15, 0, 0, 11, 1, 0, 249, 2, 43]
1552551876931;[171, 0, 17, 255, 161, 76, 221, 6, 36, 1, 0, 13, 0, 0, 16, 1, 0, 253, 1, 243]
1552551877098;[171, 0, 17, 255, 161, 76, 221, 6, 36, 1, 0, 15, 0, 0, 16, 1, 1, 3, 1, 149]
1552551877265;[171, 0, 17, 255, 161, 76, 221, 6, 36, 1, 0, 14, 0, 0, 16, 1, 0, 250, 1, 31]
1552551877266;[171, 0, 17, 255, 161, 76, 221, 6, 36, 1, 0, 11, 0, 0, 11, 1, 0, 250, 16, 169]
1552551877449;[171, 0, 17, 255, 161, 76, 221, 6, 36, 1, 0, 12, 0, 0, 21, 1, 0, 254, 7, 158]
1552551877450;[171, 0, 17, 255, 161, 76, 221, 6, 36, 1, 0, 14, 0, 0, 11, 1, 0, 250, 8, 4]
1552551877783;[171, 0, 17, 255, 161, 76, 221, 6, 36, 1, 0, 13, 0, 0, 11, 1, 0, 249, 8, 88]
1552551877784;[171, 0, 17, 255, 161, 76, 221, 6, 37, 1, 0, 11, 0, 0, 11, 1, 0, 249, 8, 120]
1552551877967;[171, 0, 4, 255, 132, 128, 67]
1552551878134;[171, 0, 17, 255, 161, 76, 221, 6, 37, 1, 0, 12, 0, 0, 16, 1, 0, 255, 8, 146]
1552551878135;[171, 0, 17, 255, 161, 76, 221, 6, 37, 1, 0, 12, 0, 0, 16, 1, 0, 254, 8, 129]
1552551878135;[171, 0, 17, 255, 161, 76, 221, 6, 37, 1, 0, 6, 0, 0, 16, 1, 0, 250, 8, 88]
1552551878136;[171, 0, 17, 255, 161, 76, 221, 6, 37, 1, 0, 14, 0, 0, 20, 1, 0, 254, 8, 39]
1552551878301;[171, 0, 17, 255, 161, 76, 221, 6, 37, 1, 0, 12, 0, 0, 16, 1, 0, 253, 7, 238]
1552551878651;[171, 0, 17, 255, 161, 76, 221, 6, 37, 1, 0, 11, 0, 0, 11, 1, 0, 254, 7, 169]
1552551878652;[171, 0, 17, 255, 161, 76, 221, 6, 37, 1, 0, 14, 0, 0, 16, 1, 0, 250, 8, 9]
1552551878652;[171, 0, 17, 255, 161, 76, 221, 6, 37, 1, 0, 14, 0, 0, 20, 1, 0, 249, 8, 113]
1552551878653;[171, 0, 17, 255, 161, 76, 221, 6, 37, 1, 0, 11, 0, 0, 11, 1, 0, 250, 8, 163]
1552551878818;[171, 0, 17, 255, 161, 76, 221, 6, 38, 1, 0, 12, 0, 0, 11, 1, 0, 249, 8, 191]
1552551878819;[171, 0, 4, 255, 132, 128, 67]
1552551879171;[171, 0, 17, 255, 161, 76, 221, 6, 38, 1, 0, 12, 0, 0, 11, 1, 0, 250, 8, 195]
1552551879171;[171, 0, 17, 255, 161, 76, 221, 6, 38, 1, 0, 14, 0, 0, 16, 1, 0, 250, 8, 164]
1552551879172;[171, 0, 17, 255, 161, 76, 221, 6, 38, 1, 0, 14, 0, 0, 20, 1, 0, 250, 8, 120]
1552551879336;[171, 0, 17, 255, 161, 76, 221, 6, 38, 1, 0, 8, 0, 0, 11, 1, 0, 255, 8, 68]
1552551879337;[171, 0, 17, 255, 161, 76, 221, 6, 38, 1, 0, 12, 0, 0, 16, 1, 0, 250, 8, 0]
1552551879688;[171, 0, 17, 255, 161, 76, 221, 6, 38, 1, 0, 16, 0, 0, 16, 1, 0, 255, 8, 91]
1552551879688;[171, 0, 17, 255, 161, 76, 221, 6, 38, 1, 0, 11, 0, 0, 21, 1, 0, 249, 8, 196]
1552551879689;[171, 0, 17, 255, 161, 76, 221, 6, 38, 1, 0, 12, 0, 0, 16, 1, 0, 250, 8, 245]
1552551879855;[171, 0, 17, 255, 161, 76, 221, 6, 38, 1, 0, 13, 0, 0, 20, 1, 0, 249, 9, 30]
1552551879856;[171, 0, 17, 255, 161, 76, 221, 6, 39, 1, 0, 14, 0, 0, 20, 1, 0, 249, 9, 27]
1552551880021;[171, 0, 4, 255, 132, 128, 67]
1552551880205;[171, 0, 17, 255, 161, 76, 221, 6, 39, 1, 0, 7, 0, 0, 11, 1, 0, 249, 9, 3]
1552551880372;[171, 0, 17, 255, 161, 76, 221, 6, 39, 1, 0, 12, 0, 0, 11, 1, 0, 249, 8, 212]
1552551880373;[171, 0, 17, 255, 161, 76, 221, 6, 39, 1, 0, 11, 0, 0, 16, 1, 0, 249, 8, 145]
1552551880374;[171, 0, 17, 255, 161, 76, 221, 6, 39, 1, 0, 10, 0, 0, 16, 1, 0, 250, 8, 90]
1552551880540;[171, 0, 17, 255, 161, 76, 221, 6, 39, 1, 0, 12, 0, 0, 11, 1, 0, 249, 8, 74]
1552551880557;[171, 0, 17, 255, 161, 76, 221, 6, 39, 1, 0, 14, 0, 0, 21, 1, 0, 249, 8, 203]
1552551880723;[171, 0, 17, 255, 161, 76, 221, 6, 39, 1, 0, 14, 0, 0, 20, 1, 0, 250, 9, 36]
1552551880724;[171, 0, 17, 255, 161, 76, 221, 6, 39, 1, 0, 15, 0, 0, 20, 1, 0, 250, 9, 79]
1552551880891;[171, 0, 17, 255, 161, 76, 221, 6, 39, 1, 0, 12, 0, 0, 16, 1, 0, 254, 9, 107]
1552551881058;[171, 0, 17, 255, 161, 76, 221, 6, 40, 1, 0, 11, 0, 0, 20, 1, 0, 254, 9, 86]
1552551881058;[171, 0, 4, 255, 132, 128, 67]
1552551881242;[171, 0, 17, 255, 161, 76, 221, 6, 40, 1, 0, 12, 0, 0, 11, 1, 0, 254, 9, 42]
1552551881242;[171, 0, 17, 255, 161, 76, 221, 6, 40, 1, 0, 14, 0, 0, 20, 1, 0, 249, 8, 253]
1552551881409;[171, 0, 17, 255, 161, 76, 221, 6, 40, 1, 0, 8, 0, 0, 16, 1, 0, 250, 8, 190]
1552551881410;[171, 0, 17, 255, 161, 76, 221, 6, 40, 1, 0, 12, 0, 0, 20, 1, 0, 249, 8, 111]
1552551881575;[171, 0, 17, 255, 161, 76, 221, 6, 40, 1, 0, 12, 0, 0, 16, 1, 0, 248, 8, 134]
1552551881760;[171, 0, 17, 255, 161, 76, 221, 6, 40, 1, 0, 14, 0, 0, 11, 1, 0, 250, 9, 22]
1552551881760;[171, 0, 17, 255, 161, 76, 221, 6, 40, 1, 0, 14, 0, 0, 11, 1, 0, 249, 9, 97]
1552551882093;[171, 0, 17, 255, 161, 76, 221, 6, 40, 1, 0, 12, 0, 0, 16, 1, 0, 250, 9, 143]
1552551882094;[171, 0, 17, 255, 161, 76, 221, 6, 40, 1, 0, 6, 0, 0, 11, 1, 0, 254, 9, 174]
1552551882110;[171, 0, 17, 255, 161, 76, 221, 6, 41, 1, 0, 14, 0, 0, 16, 1, 0, 250, 9, 161]
1552551882277;[171, 0, 4, 255, 132, 128, 67]
1552551882278;[171, 0, 17, 255, 161, 76, 221, 6, 41, 1, 0, 12, 0, 0, 11, 1, 0, 249, 9, 123]
1552551882444;[171, 0, 17, 255, 161, 76, 221, 6, 41, 1, 0, 12, 0, 0, 11, 1, 0, 248, 9, 76]
1552551882445;[171, 0, 17, 255, 161, 76, 221, 6, 41, 1, 0, 12, 0, 0, 16, 1, 0, 249, 9, 16]
1552551882611;[171, 0, 17, 255, 161, 76, 221, 6, 41, 1, 0, 11, 0, 0, 16, 1, 0, 249, 9, 17]
1552551882612;[171, 0, 17, 255, 161, 76, 221, 6, 41, 1, 0, 16, 0, 0, 16, 1, 0, 250, 9, 141]
1552551882795;[171, 0, 17, 255, 161, 76, 221, 6, 41, 1, 0, 12, 0, 0, 16, 1, 0, 249, 9, 200]
1552551882962;[171, 0, 17, 255, 161, 76, 221, 6, 41, 1, 0, 12, 0, 0, 20, 1, 0, 250, 9, 225]
1552551882963;[171, 0, 17, 255, 161, 76, 221, 6, 41, 1, 0, 12, 0, 0, 16, 1, 0, 250, 9, 235]
1552551883130;[171, 0, 17, 255, 161, 76, 221, 6, 41, 1, 0, 13, 0, 0, 16, 1, 0, 250, 9, 210]
1552551883130;[171, 0, 17, 255, 161, 76, 221, 6, 42, 1, 0, 14, 0, 0, 16, 1, 0, 250, 9, 164]
1552551883313;[171, 0, 4, 255, 132, 128, 67]
1552551883314;[171, 0, 17, 255, 161, 76, 221, 6, 42, 1, 0, 11, 0, 0, 16, 1, 0, 249, 9, 110]
1552551883480;[171, 0, 17, 255, 161, 76, 221, 6, 42, 1, 0, 8, 0, 0, 16, 1, 0, 249, 9, 36]
1552551883647;[171, 0, 17, 255, 161, 76, 221, 6, 42, 1, 0, 16, 0, 0, 16, 1, 1, 3, 9, 12]
1552551883648;[171, 0, 17, 255, 161, 76, 221, 6, 42, 1, 0, 14, 0, 0, 16, 1, 0, 250, 9, 151]
1552551883831;[171, 0, 17, 255, 161, 76, 221, 6, 42, 1, 0, 15, 0, 0, 16, 1, 0, 250, 9, 252]
1552551883831;[171, 0, 17, 255, 161, 76, 221, 6, 42, 1, 0, 11, 0, 0, 20, 1, 0, 255, 10, 42]
1552551884166;[171, 0, 17, 255, 161, 76, 221, 6, 42, 1, 0, 12, 0, 0, 20, 1, 0, 250, 10, 76]
1552551884182;[171, 0, 17, 255, 161, 76, 221, 6, 42, 1, 0, 14, 0, 0, 16, 1, 0, 249, 10, 68]
1552551884182;[171, 0, 17, 255, 161, 76, 221, 6, 42, 1, 0, 14, 0, 0, 16, 1, 0, 249, 10, 37]
1552551884349;[171, 0, 17, 255, 161, 76, 221, 6, 43, 1, 0, 10, 0, 0, 11, 1, 0, 254, 9, 245]
1552551884349;[171, 0, 4, 255, 132, 128, 67]
1552551884683;[171, 0, 17, 255, 161, 76, 221, 6, 43, 1, 0, 14, 0, 0, 16, 1, 0, 249, 9, 184]
1552551884684;[171, 0, 17, 255, 161, 76, 221, 6, 43, 1, 0, 12, 0, 0, 20, 1, 0, 249, 9, 121]
1552551884684;[171, 0, 17, 255, 161, 76, 221, 6, 43, 1, 0, 13, 0, 0, 16, 1, 0, 254, 9, 237]
1552551884867;[171, 0, 17, 255, 161, 76, 221, 6, 43, 1, 0, 12, 0, 0, 21, 1, 0, 249, 10, 90]
1552551884868;[171, 0, 17, 255, 161, 76, 221, 6, 43, 1, 0, 14, 0, 0, 16, 1, 0, 250, 10, 134]
1552551885034;[171, 0, 17, 255, 161, 76, 221, 6, 43, 1, 0, 12, 0, 0, 16, 1, 0, 254, 10, 178]
1552551885202;[171, 0, 17, 255, 161, 76, 221, 6, 43, 1, 0, 12, 0, 0, 11, 1, 0, 250, 10, 170]
1552551885202;[171, 0, 17, 255, 161, 76, 221, 6, 43, 1, 0, 11, 0, 0, 21, 1, 0, 248, 10, 125]
1552551885369;[171, 0, 17, 255, 161, 76, 221, 6, 43, 1, 0, 13, 0, 0, 16, 1, 0, 254, 10, 84]
1552551885385;[171, 0, 17, 255, 161, 76, 221, 6, 44, 1, 0, 14, 0, 0, 16, 1, 0, 249, 10, 28]
1552551885553;[171, 0, 4, 255, 132, 128, 67]
1552551885554;[171, 0, 17, 255, 161, 76, 221, 6, 44, 1, 0, 14, 0, 0, 16, 1, 0, 250, 9, 230]
1552551885720;[171, 0, 17, 255, 161, 76, 221, 6, 44, 1, 0, 14, 0, 0, 16, 1, 0, 249, 10, 95]
1552551885720;[171, 0, 17, 255, 161, 76, 221, 6, 44, 1, 0, 14, 0, 0, 20, 1, 0, 249, 10, 197]
1552551886070;[171, 0, 17, 255, 161, 76, 221, 6, 44, 1, 0, 14, 0, 0, 16, 1, 0, 249, 10, 222]
1552551886070;[171, 0, 17, 255, 161, 76, 221, 6, 44, 1, 0, 13, 0, 0, 20, 1, 0, 250, 11, 0]
1552551886071;[171, 0, 17, 255, 161, 76, 221, 6, 44, 1, 0, 16, 0, 0, 16, 1, 0, 250, 10, 247]
1552551886237;[171, 0, 17, 255, 161, 76, 221, 6, 44, 1, 0, 12, 0, 0, 20, 1, 0, 249, 10, 202]
1552551886237;[171, 0, 17, 255, 161, 76, 221, 6, 44, 1, 0, 12, 0, 0, 20, 1, 0, 250, 10, 153]
1552551886404;[171, 0, 17, 255, 161, 76, 221, 6, 44, 1, 0, 12, 0, 0, 11, 1, 0, 255, 10, 95]
1552551886421;[171, 0, 17, 255, 161, 76, 221, 6, 45, 1, 0, 11, 0, 0, 16, 1, 0, 249, 10, 170]
1552551886588;[171, 0, 4, 255, 132, 128, 66]
1552551886755;[171, 0, 17, 255, 161, 76, 221, 6, 45, 1, 0, 11, 0, 0, 21, 1, 0, 249, 11, 53]
1552551886922;[171, 0, 17, 255, 161, 76, 221, 6, 45, 1, 0, 11, 0, 0, 16, 1, 0, 250, 11, 121]
1552551886939;[171, 0, 17, 255, 161, 76, 221, 6, 45, 1, 0, 12, 0, 0, 16, 1, 0, 248, 11, 161]
1552551886939;[171, 0, 17, 255, 161, 76, 221, 6, 45, 1, 0, 12, 0, 0, 16, 1, 0, 248, 11, 165]
1552551887106;[171, 0, 17, 255, 161, 76, 221, 6, 45, 1, 0, 18, 0, 0, 16, 1, 0, 250, 11, 149]
1552551887273;[171, 0, 17, 255, 161, 76, 221, 6, 45, 1, 0, 11, 0, 0, 16, 1, 0, 254, 11, 112]
1552551887440;[171, 0, 17, 255, 161, 76, 221, 6, 45, 1, 0, 12, 0, 0, 16, 1, 0, 249, 11, 57]
1552551887441;[171, 0, 17, 255, 161, 76, 221, 6, 45, 1, 0, 12, 0, 0, 16, 1, 0, 250, 11, 28]
1552551887457;[171, 0, 17, 255, 161, 76, 221, 6, 45, 1, 0, 10, 0, 0, 16, 1, 0, 249, 11, 176]
1552551887624;[171, 0, 17, 255, 161, 76, 221, 6, 46, 1, 0, 12, 0, 0, 16, 1, 0, 248, 12, 38]
1552551887624;[171, 0, 4, 255, 132, 128, 66]
1552551887791;[171, 0, 17, 255, 161, 76, 221, 6, 46, 1, 0, 12, 0, 0, 20, 1, 0, 250, 12, 99]
1552551887958;[171, 0, 17, 255, 161, 76, 221, 6, 46, 1, 0, 13, 0, 0, 16, 1, 0, 249, 12, 123]
1552551887959;[171, 0, 17, 255, 161, 76, 221, 6, 46, 1, 0, 12, 0, 0, 20, 1, 0, 249, 12, 113]
1552551888142;[171, 0, 17, 255, 161, 76, 221, 6, 46, 1, 0, 11, 0, 0, 16, 1, 0, 250, 12, 77]
1552551888142;[171, 0, 17, 255, 161, 76, 221, 6, 46, 1, 0, 11, 0, 0, 16, 1, 0, 249, 12, 22]
1552551888308;[171, 0, 17, 255, 161, 76, 221, 6, 46, 1, 0, 13, 0, 0, 21, 1, 0, 254, 11, 207]
1552551888309;[171, 0, 17, 255, 161, 76, 221, 6, 46, 1, 0, 15, 0, 0, 16, 1, 0, 254, 11, 125]
1552551888476;[171, 0, 17, 255, 161, 76, 221, 6, 46, 1, 0, 13, 0, 0, 20, 1, 0, 250, 11, 214]
1552551888659;[171, 0, 17, 255, 161, 76, 221, 6, 46, 1, 0, 8, 0, 0, 11, 1, 0, 254, 12, 67]
1552551888660;[171, 0, 17, 255, 161, 76, 221, 6, 47, 1, 0, 12, 0, 0, 16, 1, 1, 3, 12, 125]
1552551888827;[171, 0, 4, 255, 132, 128, 66]
1552551888828;[171, 0, 17, 255, 161, 76, 221, 6, 47, 1, 0, 10, 0, 0, 20, 1, 0, 249, 12, 151]
1552551888994;[171, 0, 17, 255, 161, 76, 221, 6, 47, 1, 0, 12, 0, 0, 11, 1, 0, 254, 12, 140]
1552551889178;[171, 0, 17, 255, 161, 76, 221, 6, 47, 1, 0, 13, 0, 0, 16, 1, 0, 248, 12, 104]
1552551889178;[171, 0, 17, 255, 161, 76, 221, 6, 47, 1, 0, 14, 0, 0, 16, 1, 0, 250, 12, 48]
1552551889344;[171, 0, 17, 255, 161, 76, 221, 6, 47, 1, 0, 13, 0, 0, 11, 1, 0, 250, 11, 242]
1552551889345;[171, 0, 17, 255, 161, 76, 221, 6, 47, 1, 0, 12, 0, 0, 20, 1, 0, 249, 11, 190]
1552551889512;[171, 0, 17, 255, 161, 76, 221, 6, 47, 1, 0, 15, 0, 0, 16, 1, 0, 254, 12, 46]
1552551889512;[171, 0, 17, 255, 161, 76, 221, 6, 47, 1, 0, 12, 0, 0, 16, 1, 0, 250, 12, 112]
1552551889695;[171, 0, 17, 255, 161, 76, 221, 6, 47, 1, 0, 12, 0, 0, 20, 1, 0, 249, 12, 117]
1552551889863;[171, 0, 17, 255, 161, 76, 221, 6, 48, 1, 0, 16, 0, 0, 16, 1, 0, 250, 12, 107]
1552551889863;[171, 0, 4, 255, 132, 128, 66]
1552551890030;[171, 0, 17, 255, 161, 76, 221, 6, 48, 1, 0, 14, 0, 0, 16, 1, 0, 250, 12, 68]
1552551890030;[171, 0, 17, 255, 161, 76, 221, 6, 48, 1, 0, 12, 0, 0, 16, 1, 0, 250, 11, 251]
1552551890213;[171, 0, 17, 255, 161, 76, 221, 6, 48, 1, 0, 6, 0, 0, 16, 1, 0, 249, 11, 131]
1552551890214;[171, 0, 17, 255, 161, 76, 221, 6, 48, 1, 0, 14, 0, 0, 11, 1, 0, 251, 10, 225]
1552551890381;[171, 0, 17, 255, 161, 76, 221, 6, 48, 1, 0, 11, 0, 0, 11, 1, 0, 250, 10, 35]
1552551890548;[171, 0, 17, 255, 161, 76, 221, 6, 48, 1, 0, 14, 0, 0, 16, 1, 0, 254, 9, 250]
1552551890548;[171, 0, 17, 255, 161, 76, 221, 6, 48, 1, 0, 12, 0, 0, 11, 1, 0, 250, 9, 210]
1552551890731;[171, 0, 17, 255, 161, 76, 221, 6, 48, 1, 0, 14, 0, 0, 11, 1, 0, 250, 9, 140]
1552551890732;[171, 0, 17, 255, 161, 76, 221, 6, 48, 1, 0, 11, 0, 0, 20, 1, 0, 254, 9, 95]
1552551890899;[171, 0, 17, 255, 161, 76, 221, 6, 49, 1, 0, 12, 0, 0, 11, 1, 0, 249, 9, 52]
1552551891065;[171, 0, 4, 255, 132, 128, 67]
1552551891066;[171, 0, 17, 255, 161, 76, 221, 6, 49, 1, 0, 12, 0, 0, 20, 1, 0, 254, 8, 247]
1552551891250;[171, 0, 17, 255, 161, 76, 221, 6, 49, 1, 0, 14, 0, 0, 20, 1, 0, 250, 8, 179]
1552551891250;[171, 0, 17, 255, 161, 76, 221, 6, 49, 1, 0, 14, 0, 0, 11, 1, 0, 249, 8, 106]
1552551891417;[171, 0, 17, 255, 161, 76, 221, 6, 49, 1, 0, 12, 0, 0, 11, 1, 0, 249, 8, 39]
1552551891417;[171, 0, 17, 255, 161, 76, 221, 6, 49, 1, 0, 12, 0, 0, 16, 1, 0, 250, 7, 218]
1552551891584;[171, 0, 17, 255, 161, 76, 221, 6, 49, 1, 0, 12, 0, 0, 20, 1, 0, 249, 7, 222]
1552551891767;[171, 0, 17, 255, 161, 76, 221, 6, 49, 1, 0, 14, 0, 0, 16, 1, 0, 250, 8, 80]
1552551891768;[171, 0, 17, 255, 161, 76, 221, 6, 49, 1, 0, 14, 0, 0, 11, 1, 0, 250, 8, 135]
1552551891935;[171, 0, 17, 255, 161, 76, 221, 6, 49, 1, 0, 12, 0, 0, 11, 1, 0, 255, 8, 164]
1552551891935;[171, 0, 17, 255, 161, 76, 221, 6, 50, 1, 0, 11, 0, 0, 11, 1, 0, 250, 8, 177]
1552551892269;[171, 0, 4, 255, 132, 128, 67]
1552551892289;[171, 0, 17, 255, 161, 76, 221, 6, 50, 1, 0, 14, 0, 0, 11, 1, 0, 250, 8, 155]
1552551892290;[171, 0, 17, 255, 161, 76, 221, 6, 50, 1, 0, 12, 0, 0, 11, 1, 0, 254, 8, 116]
1552551892454;[171, 0, 17, 255, 161, 76, 221, 6, 50, 1, 0, 15, 0, 0, 20, 1, 0, 249, 8, 64]
1552551892455;[171, 0, 17, 255, 161, 76, 221, 6, 50, 1, 0, 12, 0, 0, 16, 1, 0, 249, 8, 2]
1552551892621;[171, 0, 17, 255, 161, 76, 221, 6, 50, 1, 0, 12, 0, 0, 11, 1, 0, 250, 7, 202]
1552551892621;[171, 0, 17, 255, 161, 76, 221, 6, 50, 1, 0, 14, 0, 0, 11, 1, 0, 249, 8, 34]
1552551892788;[171, 0, 17, 255, 161, 76, 221, 6, 50, 1, 0, 11, 0, 0, 15, 1, 0, 250, 8, 86]
1552551892971;[171, 0, 17, 255, 161, 76, 221, 6, 50, 1, 0, 8, 0, 0, 11, 1, 0, 247, 8, 98]
1552551892972;[171, 0, 17, 255, 161, 76, 221, 6, 50, 1, 0, 12, 0, 0, 11, 1, 0, 250, 8, 109]
1552551893138;[171, 0, 17, 255, 161, 76, 221, 6, 51, 1, 0, 12, 0, 0, 16, 1, 0, 255, 8, 79]
1552551893139;[171, 0, 4, 255, 132, 128, 66]
1552551893305;[171, 0, 17, 255, 161, 76, 221, 6, 51, 1, 0, 12, 0, 0, 11, 1, 0, 250, 8, 39]
1552551893322;[171, 0, 17, 255, 161, 76, 221, 6, 51, 1, 0, 12, 0, 0, 16, 1, 0, 250, 7, 252]
1552551893489;[171, 0, 17, 255, 161, 76, 221, 6, 51, 1, 0, 12, 0, 0, 11, 1, 0, 255, 7, 189]
1552551893656;[171, 0, 17, 255, 161, 76, 221, 6, 51, 1, 0, 10, 0, 0, 16, 1, 0, 250, 7, 200]
1552551893656;[171, 0, 17, 255, 161, 76, 221, 6, 51, 1, 0, 12, 0, 0, 20, 1, 0, 249, 8, 41]
1552551893823;[171, 0, 17, 255, 161, 76, 221, 6, 51, 1, 0, 14, 0, 0, 15, 1, 0, 255, 8, 91]
1552551893824;[171, 0, 17, 255, 161, 76, 221, 6, 51, 1, 0, 12, 0, 0, 16, 1, 0, 254, 8, 120]
1552551894007;[171, 0, 17, 255, 161, 76, 221, 6, 51, 1, 0, 14, 0, 0, 21, 1, 0, 250, 8, 108]
1552551894174;[171, 0, 17, 255, 161, 76, 221, 6, 51, 1, 0, 12, 0, 0, 11, 1, 0, 250, 8, 86]
1552551894175;[171, 0, 17, 255, 161, 76, 221, 6, 52, 1, 0, 7, 0, 0, 20, 1, 0, 250, 8, 44]
1552551894341;[171, 0, 4, 255, 132, 128, 66]
1552551894342;[171, 0, 17, 255, 161, 76, 221, 6, 52, 1, 0, 12, 0, 0, 11, 1, 0, 250, 7, 250]
1552551894525;[171, 0, 17, 255, 161, 76, 221, 6, 52, 1, 0, 13, 0, 0, 16, 1, 0, 254, 7, 186]
1552551894525;[171, 0, 17, 255, 161, 76, 221, 6, 52, 1, 0, 14, 0, 0, 16, 1, 0, 254, 7, 165]
1552551894692;[171, 0, 17, 255, 161, 76, 221, 6, 52, 1, 0, 14, 0, 0, 21, 1, 0, 254, 8, 8]
1552551894859;[171, 0, 17, 255, 161, 76, 221, 6, 52, 1, 0, 12, 0, 0, 16, 1, 0, 249, 8, 82]
1552551894859;[171, 0, 17, 255, 161, 76, 221, 6, 52, 1, 0, 12, 0, 0, 20, 1, 0, 250, 8, 119]
1552551895042;[171, 0, 17, 255, 161, 76, 221, 6, 52, 1, 0, 11, 0, 0, 16, 1, 0, 250, 8, 142]
1552551895043;[171, 0, 17, 255, 161, 76, 221, 6, 52, 1, 0, 12, 0, 0, 11, 1, 0, 249, 8, 132]
1552551895210;[171, 0, 17, 255, 161, 76, 221, 6, 52, 1, 0, 15, 0, 0, 11, 1, 0, 255, 8, 99]
1552551895210;[171, 0, 17, 255, 161, 76, 221, 6, 53, 1, 0, 12, 0, 0, 11, 1, 0, 249, 8, 60]
1552551895376;[171, 0, 4, 255, 132, 128, 66]
1552551895560;[171, 0, 17, 255, 161, 76, 221, 6, 53, 1, 0, 12, 0, 0, 16, 1, 0, 249, 7, 255]
1552551895561;[171, 0, 17, 255, 161, 76, 221, 6, 53, 1, 0, 14, 0, 0, 21, 1, 0, 254, 7, 199]
1552551895727;[171, 0, 17, 255, 161, 76, 221, 6, 53, 1, 0, 14, 0, 0, 11, 1, 0, 250, 8, 21]
1552551895728;[171, 0, 17, 255, 161, 76, 221, 6, 53, 1, 0, 12, 0, 0, 16, 1, 0, 249, 8, 116]
1552551895895;[171, 0, 17, 255, 161, 76, 221, 6, 53, 1, 0, 12, 0, 0, 16, 1, 0, 250, 8, 169]
1552551896078;[171, 0, 17, 255, 161, 76, 221, 6, 53, 1, 0, 14, 0, 0, 16, 1, 0, 249, 8, 210]
1552551896079;[171, 0, 17, 255, 161, 76, 221, 6, 53, 1, 0, 14, 0, 0, 16, 1, 0, 250, 8, 224]
1552551896245;[171, 0, 17, 255, 161, 76, 221, 6, 53, 1, 0, 14, 0, 0, 21, 1, 0, 250, 8, 202]
1552551896246;[171, 0, 17, 255, 161, 76, 221, 6, 53, 1, 0, 12, 0, 0, 16, 1, 0, 254, 8, 170]
1552551896413;[171, 0, 17, 255, 161, 76, 221, 6, 54, 1, 0, 11, 0, 0, 16, 1, 0, 255, 8, 125]
1552551896414;[171, 0, 4, 255, 132, 128, 66]
1552551896597;[171, 0, 17, 255, 161, 76, 221, 6, 54, 1, 0, 14, 0, 0, 20, 1, 0, 250, 8, 66]
1552551896764;[171, 0, 17, 255, 161, 76, 221, 6, 54, 1, 0, 14, 0, 0, 16, 1, 0, 250, 8, 178]
1552551896764;[171, 0, 17, 255, 161, 76, 221, 6, 54, 1, 0, 12, 0, 0, 16, 1, 0, 254, 9, 18]
1552551896931;[171, 0, 17, 255, 161, 76, 221, 6, 54, 1, 0, 11, 0, 0, 16, 1, 0, 254, 9, 67]
1552551896931;[171, 0, 17, 255, 161, 76, 221, 6, 54, 1, 0, 12, 0, 0, 20, 1, 0, 250, 9, 101]
1552551897114;[171, 0, 17, 255, 161, 76, 221, 6, 54, 1, 0, 12, 0, 0, 11, 1, 0, 250, 9, 99]
1552551897115;[171, 0, 17, 255, 161, 76, 221, 6, 54, 1, 0, 12, 0, 0, 16, 1, 0, 250, 9, 78]
1552551897282;[171, 0, 17, 255, 161, 76, 221, 6, 54, 1, 0, 14, 0, 0, 16, 1, 0, 250, 9, 28]
1552551897449;[171, 0, 17, 255, 161, 76, 221, 6, 54, 1, 0, 11, 0, 0, 11, 1, 0, 255, 8, 231]
1552551897633;[171, 0, 17, 255, 161, 76, 221, 6, 57, 1, 0, 12, 0, 0, 16, 1, 0, 250, 9, 114]
1552551897634;[171, 0, 17, 255, 161, 76, 221, 6, 57, 1, 0, 14, 0, 0, 21, 1, 0, 250, 9, 141]
1552551897800;[171, 0, 17, 255, 161, 76, 221, 6, 57, 1, 0, 16, 0, 0, 11, 1, 0, 249, 9, 159]
1552551897966;[171, 0, 17, 255, 161, 76, 221, 6, 57, 1, 0, 14, 0, 0, 16, 1, 0, 250, 9, 151]
1552551898318;[171, 0, 17, 255, 161, 76, 221, 6, 57, 1, 0, 14, 0, 0, 20, 1, 0, 249, 9, 102]
1552551898318;[171, 0, 17, 255, 161, 76, 221, 6, 57, 1, 0, 14, 0, 0, 11, 1, 0, 250, 9, 42]
1552551898485;[171, 0, 17, 255, 161, 76, 221, 6, 57, 1, 0, 17, 0, 0, 16, 1, 0, 249, 8, 229]
1552551898485;[171, 0, 17, 255, 161, 76, 221, 6, 57, 1, 0, 15, 0, 0, 11, 1, 0, 254, 8, 180]
1552551898486;[171, 0, 17, 255, 161, 76, 221, 6, 57, 1, 0, 14, 0, 0, 16, 1, 0, 254, 8, 254]
1552551898652;[171, 0, 17, 255, 161, 76, 221, 6, 58, 1, 0, 14, 0, 0, 20, 1, 0, 249, 9, 61]
1552551898668;[171, 0, 4, 255, 132, 128, 66]
1552551898835;[171, 0, 17, 255, 161, 76, 221, 6, 58, 1, 0, 12, 0, 0, 20, 1, 0, 249, 9, 71]
1552551898836;[171, 0, 17, 255, 161, 76, 221, 6, 58, 1, 0, 15, 0, 0, 16, 1, 0, 255, 9, 83]
1552551899002;[171, 0, 17, 255, 161, 76, 221, 6, 58, 1, 0, 11, 0, 0, 16, 1, 0, 249, 9, 55]
1552551899003;[171, 0, 17, 255, 161, 76, 221, 6, 58, 1, 0, 15, 0, 0, 11, 1, 0, 254, 9, 9]
1552551899170;[171, 0, 17, 255, 161, 76, 221, 6, 58, 1, 0, 18, 0, 0, 16, 1, 0, 250, 8, 210]
1552551899353;[171, 0, 17, 255, 161, 76, 221, 6, 58, 1, 0, 10, 0, 0, 11, 1, 0, 254, 8, 135]
1552551899354;[171, 0, 17, 255, 161, 76, 221, 6, 58, 1, 0, 16, 0, 0, 16, 1, 0, 250, 8, 59]
1552551899521;[171, 0, 17, 255, 161, 76, 221, 6, 58, 1, 0, 11, 0, 0, 16, 1, 0, 250, 8, 109]
1552551899522;[171, 0, 17, 255, 161, 76, 221, 6, 58, 1, 0, 12, 0, 0, 11, 1, 0, 249, 8, 196]
1552551899688;[171, 0, 17, 255, 161, 76, 221, 6, 59, 1, 0, 9, 0, 0, 21, 1, 0, 250, 8, 225]
1552551899872;[171, 0, 4, 255, 132, 128, 66]
1552551899873;[171, 0, 17, 255, 161, 76, 221, 6, 59, 1, 0, 17, 0, 0, 16, 1, 0, 250, 8, 237]
1552551900038;[171, 0, 17, 255, 161, 76, 221, 6, 59, 1, 0, 12, 0, 0, 11, 1, 0, 254, 8, 223]
1552551900056;[171, 0, 17, 255, 161, 76, 221, 6, 59, 1, 0, 12, 0, 0, 11, 1, 0, 255, 8, 170]
1552551900205;[171, 0, 17, 255, 161, 76, 221, 6, 59, 1, 0, 11, 0, 0, 16, 1, 0, 250, 8, 121]
1552551900222;[171, 0, 17, 255, 161, 76, 221, 6, 59, 1, 0, 14, 0, 0, 16, 1, 1, 3, 8, 53]
1552551900556;[171, 0, 17, 255, 161, 76, 221, 6, 59, 1, 0, 12, 0, 0, 11, 1, 0, 250, 7, 230]
1552551900557;[171, 0, 17, 255, 161, 76, 221, 6, 59, 1, 0, 13, 0, 0, 20, 1, 0, 254, 7, 229]
1552551900557;[171, 0, 17, 255, 161, 76, 221, 6, 59, 1, 0, 14, 0, 0, 20, 1, 0, 254, 8, 35]
1552551900723;[171, 0, 17, 255, 161, 76, 221, 6, 59, 1, 0, 12, 0, 0, 16, 1, 0, 249, 8, 59]
1552551900724;[171, 0, 17, 255, 161, 76, 221, 6, 64, 1, 0, 12, 0, 0, 16, 1, 0, 249, 8, 54]
1552551900907;[171, 0, 4, 255, 132, 128, 66]
1552551901074;[171, 0, 17, 255, 161, 76, 221, 6, 64, 1, 0, 16, 0, 0, 20, 1, 0, 250, 8, 46]
1552551901075;[171, 0, 17, 255, 161, 76, 221, 6, 64, 1, 0, 14, 0, 0, 16, 1, 0, 254, 7, 255]
1552551901241;[171, 0, 17, 255, 161, 76, 221, 6, 64, 1, 0, 12, 0, 0, 16, 1, 0, 250, 7, 205]
1552551901242;[171, 0, 17, 255, 161, 76, 221, 6, 64, 1, 0, 15, 0, 0, 11, 1, 0, 250, 7, 135]
1552551901425;[171, 0, 17, 255, 161, 76, 221, 6, 64, 1, 0, 14, 0, 0, 16, 1, 0, 254, 7, 57]
1552551901426;[171, 0, 17, 255, 161, 76, 221, 6, 64, 1, 0, 14, 0, 0, 16, 1, 0, 249, 7, 27]
1552551901592;[171, 0, 17, 255, 161, 76, 221, 6, 64, 1, 0, 17, 0, 0, 11, 1, 0, 254, 7, 108]
1552551901760;[171, 0, 17, 255, 161, 76, 221, 6, 64, 1, 0, 14, 0, 0, 16, 1, 0, 254, 7, 157]
1552551901760;[171, 0, 17, 255, 161, 76, 221, 6, 64, 1, 0, 15, 0, 0, 11, 1, 0, 249, 7, 167]
1552551901943;[171, 0, 17, 255, 161, 76, 221, 6, 65, 1, 0, 12, 0, 0, 11, 1, 0, 250, 7, 172]
1552551901944;[171, 0, 4, 255, 132, 128, 66]
1552551902110;[171, 0, 17, 255, 161, 76, 221, 6, 65, 1, 0, 16, 0, 0, 11, 1, 0, 255, 7, 141]
1552551902111;[171, 0, 17, 255, 161, 76, 221, 6, 65, 1, 0, 14, 0, 0, 11, 1, 0, 250, 7, 85]
1552551902277;[171, 0, 17, 255, 161, 76, 221, 6, 65, 1, 0, 14, 0, 0, 20, 1, 0, 250, 7, 27]
1552551902462;[171, 0, 17, 255, 161, 76, 221, 6, 65, 1, 0, 16, 0, 0, 11, 1, 0, 248, 6, 211]
1552551902463;[171, 0, 17, 255, 161, 76, 221, 6, 65, 1, 0, 14, 0, 0, 16, 1, 0, 254, 6, 139]
1552551902628;[171, 0, 17, 255, 161, 76, 221, 6, 65, 1, 0, 12, 0, 0, 16, 1, 0, 250, 6, 189]
1552551902795;[171, 0, 17, 255, 161, 76, 221, 6, 65, 1, 0, 12, 0, 0, 16, 1, 0, 250, 7, 6]
1552551902796;[171, 0, 17, 255, 161, 76, 221, 6, 65, 1, 0, 12, 0, 0, 11, 1, 0, 249, 7, 45]
1552551902979;[171, 0, 17, 255, 161, 76, 221, 6, 65, 1, 0, 15, 0, 0, 11, 1, 0, 254, 7, 57]
1552551902980;[171, 0, 17, 255, 161, 76, 221, 6, 66, 1, 0, 14, 0, 0, 16, 1, 0, 250, 7, 41]
1552551903147;[171, 0, 4, 255, 132, 128, 66]
1552551903313;[171, 0, 17, 255, 161, 76, 221, 6, 66, 1, 0, 12, 0, 0, 11, 1, 0, 249, 7, 9]
1552551903314;[171, 0, 17, 255, 161, 76, 221, 6, 66, 1, 0, 14, 0, 0, 16, 1, 0, 250, 6, 203]
1552551903314;[171, 0, 17, 255, 161, 76, 221, 6, 66, 1, 0, 12, 0, 0, 11, 1, 0, 254, 6, 149]
1552551903496;[171, 0, 17, 255, 161, 76, 221, 6, 66, 1, 0, 15, 0, 0, 11, 1, 0, 249, 6, 76]
1552551903664;[171, 0, 17, 255, 161, 76, 221, 6, 66, 1, 0, 14, 0, 0, 11, 1, 0, 249, 6, 76]
1552551903664;[171, 0, 17, 255, 161, 76, 221, 6, 66, 1, 0, 16, 0, 0, 16, 1, 0, 249, 6, 127]
1552551903831;[171, 0, 17, 255, 161, 76, 221, 6, 66, 1, 0, 17, 0, 0, 16, 1, 0, 249, 6, 158]
1552551903831;[171, 0, 17, 255, 161, 76, 221, 6, 66, 1, 0, 17, 0, 0, 11, 1, 0, 254, 6, 160]
1552551904014;[171, 0, 17, 255, 161, 76, 221, 6, 66, 1, 0, 14, 0, 0, 11, 1, 0, 249, 6, 167]
1552551904015;[171, 0, 17, 255, 161, 76, 221, 6, 67, 1, 0, 12, 0, 0, 16, 1, 0, 254, 6, 156]
1552551904349;[171, 0, 4, 255, 132, 128, 66]
1552551904350;[171, 0, 17, 255, 161, 76, 221, 6, 67, 1, 0, 14, 0, 0, 20, 1, 0, 249, 6, 125]
1552551904350;[171, 0, 17, 255, 161, 76, 221, 6, 67, 1, 0, 12, 0, 0, 16, 1, 0, 254, 6, 86]
1552551904516;[171, 0, 17, 255, 161, 76, 221, 6, 67, 1, 0, 15, 0, 0, 15, 1, 0, 250, 6, 32]
1552551904532;[171, 0, 17, 255, 161, 76, 221, 6, 67, 1, 0, 14, 0, 0, 11, 1, 0, 249, 5, 237]
1552551904700;[171, 0, 17, 255, 161, 76, 221, 6, 67, 1, 0, 16, 0, 0, 11, 1, 0, 254, 6, 40]
1552551904867;[171, 0, 17, 255, 161, 76, 221, 6, 67, 1, 0, 14, 0, 0, 11, 1, 0, 249, 6, 132]
1552551904867;[171, 0, 17, 255, 161, 76, 221, 6, 67, 1, 0, 14, 0, 0, 15, 1, 0, 254, 6, 182]
1552551905034;[171, 0, 17, 255, 161, 76, 221, 6, 67, 1, 0, 14, 0, 0, 16, 1, 0, 250, 6, 242]
1552551905050;[171, 0, 17, 255, 161, 76, 221, 6, 67, 1, 0, 18, 0, 0, 16, 1, 0, 250, 7, 24]
1552551905217;[171, 0, 17, 255, 161, 76, 221, 6, 68, 1, 0, 15, 0, 0, 11, 1, 0, 250, 7, 24]
1552551905218;[171, 0, 4, 255, 132, 128, 66]
1552551905385;[171, 0, 17, 255, 161, 76, 221, 6, 68, 1, 0, 18, 0, 0, 21, 1, 0, 250, 7, 15]
1552551905552;[171, 0, 17, 255, 161, 76, 221, 6, 68, 1, 0, 12, 0, 0, 20, 1, 0, 254, 7, 2]
1552551905569;[171, 0, 17, 255, 161, 76, 221, 6, 68, 1, 0, 18, 0, 0, 20, 1, 0, 254, 6, 242]
1552551905736;[171, 0, 17, 255, 161, 76, 221, 6, 68, 1, 0, 16, 0, 0, 22, 1, 0, 254, 7, 5]
1552551905736;[171, 0, 17, 255, 161, 76, 221, 6, 68, 1, 0, 16, 0, 0, 21, 1, 0, 250, 7, 164]
1552551905902;[171, 0, 17, 255, 161, 76, 221, 6, 68, 1, 0, 15, 0, 0, 20, 1, 0, 249, 8, 43]
1552551905903;[171, 0, 17, 255, 161, 76, 221, 6, 68, 1, 0, 17, 0, 0, 20, 1, 0, 249, 8, 128]
1552551906070;[171, 0, 17, 255, 161, 76, 221, 6, 68, 1, 0, 18, 0, 0, 20, 1, 0, 249, 8, 210]
1552551906253;[171, 0, 17, 255, 161, 76, 221, 6, 68, 1, 0, 11, 0, 0, 11, 1, 0, 249, 8, 244]
1552551906254;[171, 0, 17, 255, 161, 76, 221, 6, 69, 1, 0, 8, 0, 0, 20, 1, 0, 250, 8, 246]
1552551906588;[171, 0, 4, 255, 132, 128, 65]
1552551906589;[171, 0, 17, 255, 161, 76, 221, 6, 69, 1, 0, 8, 0, 0, 20, 1, 0, 249, 8, 241]
1552551906608;[171, 0, 17, 255, 161, 76, 221, 6, 69, 1, 0, 6, 0, 0, 21, 1, 0, 254, 8, 217]
1552551906772;[171, 0, 17, 255, 161, 76, 221, 6, 69, 1, 0, 12, 0, 0, 16, 1, 0, 255, 9, 14]
1552551906772;[171, 0, 17, 255, 161, 76, 221, 6, 69, 1, 0, 12, 0, 0, 20, 1, 0, 249, 9, 147]
1552551906939;[171, 0, 17, 255, 161, 76, 221, 6, 69, 1, 0, 6, 0, 0, 16, 1, 0, 250, 9, 207]
1552551907106;[171, 0, 17, 255, 161, 76, 221, 6, 69, 1, 0, 6, 0, 0, 16, 1, 0, 249, 9, 246]
1552551907106;[171, 0, 17, 255, 161, 76, 221, 6, 69, 1, 0, 3, 0, 0, 20, 1, 0, 249, 10, 11]
1552551907107;[171, 0, 17, 255, 161, 76, 221, 6, 69, 1, 0, 7, 0, 0, 20, 1, 0, 249, 9, 233]
1552551907290;[171, 0, 17, 255, 161, 76, 221, 6, 69, 1, 0, 6, 0, 0, 17, 1, 0, 250, 9, 187]
1552551907457;[171, 0, 17, 255, 161, 76, 221, 6, 70, 1, 0, 12, 0, 0, 16, 1, 0, 249, 9, 139]
1552551907457;[171, 0, 4, 255, 132, 128, 65]
1552551907624;[171, 0, 17, 255, 161, 76, 221, 6, 70, 1, 0, 8, 0, 0, 11, 1, 0, 250, 9, 170]
1552551907625;[171, 0, 17, 255, 161, 76, 221, 6, 70, 1, 0, 1, 0, 0, 11, 1, 0, 255, 9, 193]
1552551907808;[171, 0, 17, 255, 161, 76, 221, 6, 70, 1, 0, 3, 0, 0, 11, 1, 0, 250, 9, 163]
1552551907975;[171, 0, 17, 255, 161, 76, 221, 6, 70, 1, 0, 7, 0, 0, 16, 1, 0, 249, 9, 125]
1552551907976;[171, 0, 17, 255, 161, 76, 221, 6, 70, 1, 0, 10, 0, 0, 16, 1, 0, 250, 9, 53]
1552551908142;[171, 0, 17, 255, 161, 76, 221, 6, 70, 1, 0, 1, 0, 0, 11, 1, 0, 255, 8, 237]
1552551908143;[171, 0, 17, 255, 161, 76, 221, 6, 70, 1, 0, 3, 0, 0, 16, 1, 0, 246, 8, 164]
1552551908326;[171, 0, 17, 255, 161, 76, 221, 6, 70, 1, 0, 1, 0, 0, 11, 1, 0, 249, 8, 170]
1552551908326;[171, 0, 17, 255, 161, 76, 221, 6, 70, 1, 0, 2, 0, 0, 11, 1, 0, 250, 8, 216]
1552551908493;[171, 0, 17, 255, 161, 76, 221, 6, 71, 1, 0, 1, 0, 0, 11, 1, 0, 249, 8, 149]
1552551908661;[171, 0, 4, 255, 132, 128, 65]
1552551908844;[171, 0, 17, 255, 161, 76, 221, 6, 71, 1, 0, 1, 0, 0, 16, 1, 0, 250, 8, 71]
1552551908845;[171, 0, 17, 255, 161, 76, 221, 6, 71, 1, 0, 6, 0, 0, 10, 1, 0, 254, 8, 1]
1552551908845;[171, 0, 17, 255, 161, 76, 221, 6, 71, 1, 0, 1, 0, 0, 11, 1, 0, 249, 7, 181]
1552551909012;[171, 0, 17, 255, 161, 76, 221, 6, 71, 1, 0, 3, 0, 0, 11, 1, 0, 254, 7, 76]
1552551909013;[171, 0, 17, 255, 161, 76, 221, 6, 71, 1, 0, 3, 0, 0, 16, 1, 0, 254, 7, 143]
1552551909179;[171, 0, 17, 255, 161, 76, 221, 6, 71, 0, 0, 1, 0, 0, 21, 1, 0, 250, 7, 188]
1552551909362;[171, 0, 17, 255, 161, 76, 221, 6, 71, 1, 0, 6, 0, 0, 11, 1, 0, 255, 7, 195]
1552551909362;[171, 0, 17, 255, 161, 76, 221, 6, 71, 1, 0, 4, 0, 0, 11, 1, 0, 249, 7, 190]
1552551909529;[171, 0, 17, 255, 161, 76, 221, 6, 72, 1, 0, 3, 0, 0, 20, 1, 0, 249, 7, 151]
1552551909530;[171, 0, 17, 255, 161, 76, 221, 6, 72, 1, 0, 2, 0, 0, 10, 1, 0, 249, 7, 100]
1552551909696;[171, 0, 4, 255, 132, 128, 66]
1552551909879;[171, 0, 17, 255, 161, 76, 221, 6, 72, 1, 0, 4, 0, 0, 11, 1, 0, 250, 7, 32]
1552551909880;[171, 0, 17, 255, 161, 76, 221, 6, 72, 1, 0, 3, 0, 0, 20, 1, 0, 249, 6, 217]
1552551910046;[171, 0, 17, 255, 161, 76, 221, 6, 72, 1, 0, 4, 0, 0, 11, 1, 0, 254, 6, 228]
1552551910047;[171, 0, 17, 255, 161, 76, 221, 6, 72, 1, 0, 1, 0, 0, 16, 1, 0, 249, 7, 48]
1552551910213;[171, 0, 17, 255, 161, 76, 221, 6, 72, 1, 0, 3, 0, 0, 11, 1, 0, 245, 7, 106]
1552551910214;[171, 0, 17, 255, 161, 76, 221, 6, 72, 1, 0, 6, 0, 0, 11, 1, 0, 254, 7, 120]
1552551910398;[171, 0, 17, 255, 161, 76, 221, 6, 72, 1, 0, 4, 0, 0, 11, 1, 0, 254, 7, 120]
1552551910564;[171, 0, 17, 255, 161, 76, 221, 6, 72, 1, 0, 2, 0, 0, 11, 1, 0, 249, 7, 99]
1552551910565;[171, 0, 17, 255, 161, 76, 221, 6, 73, 1, 0, 2, 0, 0, 11, 1, 0, 249, 7, 52]
1552551910732;[171, 0, 17, 255, 161, 76, 221, 6, 73, 1, 0, 3, 0, 0, 11, 1, 0, 254, 7, 7]
1552551910732;[171, 0, 4, 255, 132, 128, 66]
1552551910900;[171, 0, 17, 255, 161, 76, 221, 6, 73, 1, 0, 10, 0, 0, 21, 1, 0, 248, 6, 195]
1552551910915;[171, 0, 17, 255, 161, 76, 221, 6, 73, 1, 0, 10, 0, 0, 11, 1, 0, 250, 6, 143]
1552551911082;[171, 0, 17, 255, 161, 76, 221, 6, 73, 1, 0, 2, 0, 0, 15, 1, 0, 249, 6, 191]
1552551911250;[171, 0, 17, 255, 161, 76, 221, 6, 73, 1, 0, 3, 0, 0, 11, 1, 0, 249, 6, 209]
1552551911250;[171, 0, 17, 255, 161, 76, 221, 6, 73, 1, 0, 8, 0, 0, 16, 1, 0, 249, 6, 176]
1552551911600;[171, 0, 17, 255, 161, 76, 221, 6, 73, 1, 0, 3, 0, 0, 16, 1, 0, 249, 6, 145]
1552551911601;[171, 0, 17, 255, 161, 76, 221, 6, 73, 1, 0, 4, 0, 0, 11, 1, 1, 3, 6, 69]
1552551911602;[171, 0, 17, 255, 161, 76, 221, 6, 73, 1, 0, 1, 0, 0, 16, 1, 0, 249, 5, 207]
1552551911767;[171, 0, 17, 255, 161, 76, 221, 6, 74, 1, 0, 6, 0, 0, 11, 1, 0, 255, 5, 74]
1552551911768;[171, 0, 17, 255, 161, 76, 221, 6, 74, 0, 0, 1, 0, 0, 11, 1, 0, 250, 4, 228]
1552551911934;[171, 0, 4, 255, 132, 128, 67]
1552551912118;[171, 0, 17, 255, 161, 76, 221, 6, 74, 0, 0, 1, 0, 0, 11, 1, 0, 254, 4, 173]
1552551912118;[171, 0, 17, 255, 161, 76, 221, 6, 74, 1, 0, 1, 0, 0, 11, 1, 0, 249, 4, 197]
1552551912119;[171, 0, 17, 255, 161, 76, 221, 6, 74, 1, 0, 1, 0, 0, 9, 1, 0, 254, 4, 219]
1552551912286;[171, 0, 17, 255, 161, 76, 221, 6, 74, 0, 0, 5, 0, 0, 16, 1, 0, 255, 4, 235]
1552551912453;[171, 0, 17, 255, 161, 76, 221, 6, 74, 1, 0, 4, 0, 0, 19, 1, 0, 254, 5, 12]
1552551912469;[171, 0, 17, 255, 161, 76, 221, 6, 74, 0, 0, 24, 1, 0, 14, 1, 1, 44, 5, 40]
1552551912636;[171, 0, 17, 255, 161, 76, 221, 6, 74, 1, 0, 10, 1, 0, 71, 1, 1, 14, 5, 75]
1552551912637;[171, 0, 17, 255, 161, 76, 221, 6, 74, 0, 0, 12, 1, 0, 55, 1, 0, 205, 5, 130]
1552551912804;[171, 0, 17, 255, 161, 76, 221, 6, 75, 0, 0, 19, 0, 0, 37, 1, 0, 183, 5, 174]
1552551912804;[171, 0, 17, 255, 161, 76, 221, 6, 75, 0, 0, 41, 0, 0, 94, 1, 0, 199, 6, 11]
1552551912970;[171, 0, 4, 255, 132, 128, 67]
1552551913154;[171, 0, 17, 255, 161, 76, 221, 6, 75, 0, 0, 64, 0, 0, 81, 1, 0, 208, 6, 61]
1552551913155;[171, 0, 17, 255, 161, 76, 221, 6, 75, 0, 0, 101, 0, 0, 60, 1, 1, 2, 5, 165]
1552551913321;[171, 0, 17, 255, 161, 76, 221, 6, 75, 0, 0, 147, 1, 0, 18, 1, 1, 82, 4, 83]
1552551913322;[171, 0, 17, 255, 161, 76, 221, 6, 75, 0, 0, 86, 1, 0, 48, 1, 1, 27, 3, 65]
1552551913672;[171, 0, 17, 255, 161, 76, 221, 6, 75, 0, 0, 44, 1, 0, 64, 1, 0, 255, 2, 206]
1552551913673;[171, 0, 17, 255, 161, 76, 221, 6, 75, 0, 0, 78, 1, 0, 71, 1, 0, 228, 2, 160]
1552551913673;[171, 0, 17, 255, 161, 76, 221, 6, 75, 0, 0, 80, 1, 0, 22, 1, 0, 236, 2, 199]
1552551913839;[171, 0, 17, 255, 161, 76, 221, 6, 75, 0, 0, 83, 0, 0, 14, 1, 0, 240, 3, 11]
1552551913840;[171, 0, 17, 255, 161, 76, 221, 6, 76, 0, 0, 108, 0, 0, 81, 1, 0, 210, 3, 1]
1552551914006;[171, 0, 17, 255, 161, 76, 221, 6, 76, 0, 0, 121, 0, 0, 141, 1, 0, 186, 3, 22]
1552551914007;[171, 0, 4, 255, 132, 128, 67]
1552551914190;[171, 0, 17, 255, 161, 76, 221, 6, 76, 0, 0, 175, 0, 0, 151, 1, 0, 117, 3, 147]
1552551914524;[171, 0, 17, 255, 161, 76, 221, 6, 76, 0, 0, 136, 0, 0, 142, 1, 0, 79, 4, 49]
1552551914525;[171, 0, 17, 255, 161, 76, 221, 6, 76, 0, 0, 118, 0, 0, 155, 1, 0, 66, 4, 220]
1552551914541;[171, 0, 17, 255, 161, 76, 221, 6, 76, 0, 0, 128, 0, 0, 164, 1, 0, 22, 5, 134]
1552551914542;[171, 0, 17, 255, 161, 76, 221, 6, 76, 0, 0, 113, 0, 0, 248, 1, 0, 6, 5, 252]
1552551914708;[171, 0, 17, 255, 161, 76, 221, 6, 76, 0, 0, 85, 0, 0, 216, 0, 0, 21, 6, 166]
1552551914875;[171, 0, 17, 255, 161, 76, 221, 6, 76, 0, 0, 63, 0, 0, 238, 0, 0, 37, 7, 61]
1552551914876;[171, 0, 17, 255, 161, 76, 221, 6, 76, 0, 0, 62, 0, 0, 253, 0, 0, 33, 7, 199]
1552551915042;[171, 0, 17, 255, 161, 76, 221, 6, 77, 0, 0, 42, 0, 1, 11, 0, 0, 78, 8, 30]
1552551915043;[171, 0, 17, 255, 161, 76, 221, 6, 77, 0, 0, 40, 0, 1, 2, 0, 0, 65, 8, 104]
1552551915226;[171, 0, 4, 255, 132, 128, 68]
1552551915227;[171, 0, 17, 255, 161, 76, 221, 6, 77, 0, 0, 7, 0, 1, 3, 0, 0, 57, 8, 250]
1552551915560;[171, 0, 17, 255, 161, 76, 221, 6, 77, 0, 0, 57, 0, 0, 252, 0, 0, 98, 9, 241]
1552551915561;[171, 0, 17, 255, 161, 76, 221, 6, 77, 0, 0, 62, 0, 1, 51, 0, 0, 92, 11, 146]
1552551915562;[171, 0, 17, 255, 161, 76, 221, 6, 77, 0, 0, 13, 0, 0, 215, 0, 0, 106, 13, 101]
1552551915744;[171, 0, 17, 255, 161, 76, 221, 6, 77, 0, 0, 66, 0, 0, 187, 0, 0, 61, 14, 188]
1552551915745;[171, 0, 17, 255, 161, 76, 221, 6, 77, 0, 0, 51, 0, 0, 240, 0, 0, 78, 31, 201]
1552551915911;[171, 0, 17, 255, 161, 76, 221, 6, 77, 0, 0, 44, 0, 0, 255, 0, 0, 97, 7, 208]
1552551915912;[171, 0, 17, 255, 161, 76, 221, 6, 77, 0, 0, 24, 0, 0, 242, 0, 0, 115, 7, 89]
1552551916079;[171, 0, 17, 255, 161, 76, 221, 6, 78, 0, 0, 41, 0, 0, 235, 0, 0, 111, 6, 238]
1552551916262;[171, 0, 17, 255, 161, 76, 221, 6, 78, 0, 0, 12, 0, 0, 232, 0, 0, 99, 6, 161]
1552551916429;[171, 0, 4, 255, 132, 128, 68]
1552551916430;[171, 0, 17, 255, 161, 76, 221, 6, 78, 0, 0, 23, 0, 0, 250, 0, 0, 112, 6, 173]
1552551916431;[171, 0, 17, 255, 161, 76, 221, 6, 78, 0, 0, 12, 0, 0, 231, 0, 0, 97, 6, 179]
1552551916780;[171, 0, 17, 255, 161, 76, 221, 6, 78, 0, 0, 2, 0, 1, 1, 0, 0, 107, 6, 143]
1552551916781;[171, 0, 17, 255, 161, 76, 221, 6, 78, 0, 0, 12, 0, 0, 223, 0, 0, 95, 6, 22]
1552551916781;[171, 0, 17, 255, 161, 76, 221, 6, 78, 0, 0, 17, 0, 1, 22, 0, 0, 106, 5, 85]
1552551916947;[171, 0, 17, 255, 161, 76, 221, 6, 78, 0, 0, 2, 0, 0, 216, 0, 0, 96, 4, 154]
1552551916948;[171, 0, 17, 255, 161, 76, 221, 6, 78, 0, 0, 23, 0, 0, 232, 0, 0, 101, 4, 190]
1552551917115;[171, 0, 17, 255, 161, 76, 221, 6, 78, 0, 0, 20, 0, 0, 249, 0, 0, 106, 5, 48]
1552551917116;[171, 0, 17, 255, 161, 76, 221, 6, 79, 0, 0, 22, 0, 0, 233, 0, 0, 98, 5, 178]
1552551917282;[171, 0, 17, 255, 161, 76, 221, 6, 79, 0, 0, 41, 0, 0, 237, 0, 0, 86, 5, 244]
1552551917465;[171, 0, 4, 255, 132, 128, 69]
1552551917466;[171, 0, 17, 255, 161, 76, 221, 6, 79, 0, 0, 36, 0, 0, 241, 0, 0, 113, 6, 37]
1552551917633;[171, 0, 17, 255, 161, 76, 221, 6, 79, 0, 0, 41, 0, 0, 232, 0, 0, 88, 6, 87]
1552551917633;[171, 0, 17, 255, 161, 76, 221, 6, 79, 0, 0, 44, 0, 0, 236, 0, 0, 88, 6, 87]
1552551917800;[171, 0, 17, 255, 161, 76, 221, 6, 79, 0, 0, 47, 0, 0, 229, 0, 0, 99, 6, 78]
1552551917816;[171, 0, 17, 255, 161, 76, 221, 6, 79, 0, 0, 49, 0, 0, 218, 0, 0, 89, 6, 199]
1552551917983;[171, 0, 17, 255, 161, 76, 221, 6, 79, 0, 0, 114, 0, 0, 230, 0, 0, 149, 7, 28]
1552551918151;[171, 0, 17, 255, 161, 76, 221, 6, 79, 0, 0, 87, 0, 0, 237, 0, 0, 139, 6, 130]
1552551918151;[171, 0, 17, 255, 161, 76, 221, 6, 79, 0, 0, 49, 0, 0, 220, 0, 0, 66, 5, 225]
1552551918317;[171, 0, 17, 255, 161, 76, 221, 6, 80, 0, 0, 66, 0, 0, 227, 0, 0, 47, 5, 77]
1552551918334;[171, 0, 17, 255, 161, 76, 221, 6, 80, 0, 0, 74, 0, 0, 233, 0, 0, 36, 4, 206]
1552551918501;[171, 0, 4, 255, 132, 128, 69]
1552551918669;[171, 0, 17, 255, 161, 76, 221, 6, 80, 0, 0, 70, 0, 0, 239, 0, 0, 43, 4, 89]
1552551918669;[171, 0, 17, 255, 161, 76, 221, 6, 80, 0, 0, 68, 0, 0, 239, 0, 0, 34, 4, 72]
1552551918835;[171, 0, 17, 255, 161, 76, 221, 6, 80, 0, 0, 72, 0, 0, 239, 0, 0, 39, 4, 109]
1552551918836;[171, 0, 17, 255, 161, 76, 221, 6, 80, 0, 0, 74, 0, 0, 238, 0, 0, 29, 4, 110]
1552551919019;[171, 0, 17, 255, 161, 76, 221, 6, 80, 0, 0, 74, 0, 0, 239, 0, 0, 38, 4, 82]
1552551919187;[171, 0, 17, 255, 161, 76, 221, 6, 80, 0, 0, 72, 0, 0, 232, 0, 0, 42, 4, 51]
1552551919188;[171, 0, 17, 255, 161, 76, 221, 6, 80, 0, 0, 72, 0, 0, 244, 0, 0, 27, 4, 17]
1552551919353;[171, 0, 17, 255, 161, 76, 221, 6, 80, 0, 0, 70, 0, 0, 238, 0, 0, 38, 3, 214]
1552551919354;[171, 0, 17, 255, 161, 76, 221, 6, 81, 0, 0, 73, 0, 0, 238, 0, 0, 38, 3, 180]
1552551919538;[171, 0, 17, 255, 161, 76, 221, 6, 81, 0, 0, 74, 0, 0, 238, 0, 0, 37, 3, 241]
1552551919539;[171, 0, 4, 255, 132, 128, 70]
1552551919705;[171, 0, 17, 255, 161, 76, 221, 6, 81, 0, 0, 72, 0, 0, 239, 0, 0, 42, 4, 31]
1552551919705;[171, 0, 17, 255, 161, 76, 221, 6, 81, 0, 0, 72, 0, 0, 239, 0, 0, 40, 4, 14]
1552551919872;[171, 0, 17, 255, 161, 76, 221, 6, 81, 0, 0, 70, 0, 0, 239, 0, 0, 38, 3, 252]
1552551920055;[171, 0, 17, 255, 161, 76, 221, 6, 81, 0, 0, 72, 0, 0, 239, 0, 0, 38, 3, 213]
1552551920056;[171, 0, 17, 255, 161, 76, 221, 6, 81, 0, 0, 72, 0, 0, 239, 0, 0, 38, 3, 160]
1552551920222;[171, 0, 17, 255, 161, 76, 221, 6, 81, 0, 0, 72, 0, 0, 239, 0, 0, 38, 3, 95]
1552551920223;[171, 0, 17, 255, 161, 76, 221, 6, 81, 0, 0, 72, 0, 0, 244, 0, 0, 36, 3, 101]
1552551920390;[171, 0, 17, 255, 161, 76, 221, 6, 81, 0, 0, 72, 0, 0, 244, 0, 0, 37, 3, 129]
1552551920573;[171, 0, 17, 255, 161, 76, 221, 6, 82, 0, 0, 73, 0, 0, 239, 0, 0, 38, 3, 130]
1552551920907;[171, 0, 17, 255, 161, 76, 221, 6, 84, 0, 0, 73, 0, 0, 239, 0, 0, 40, 1, 213]
1552551920908;[171, 0, 17, 255, 161, 76, 221, 6, 84, 0, 0, 72, 0, 0, 239, 0, 0, 40, 1, 221]
1552551920908;[171, 0, 17, 255, 161, 76, 221, 6, 84, 0, 0, 72, 0, 0, 237, 0, 0, 40, 1, 212]
1552551921091;[171, 0, 17, 255, 161, 76, 221, 6, 84, 0, 0, 72, 0, 0, 237, 0, 0, 43, 1, 184]
1552551921258;[171, 0, 17, 255, 161, 76, 221, 6, 84, 0, 0, 70, 0, 0, 239, 0, 0, 42, 1, 149]
1552551921259;[171, 0, 17, 255, 161, 76, 221, 6, 84, 0, 0, 72, 0, 0, 239, 0, 0, 38, 1, 108]
1552551921425;[171, 0, 17, 255, 161, 76, 221, 6, 84, 0, 0, 72, 0, 0, 239, 0, 0, 40, 1, 80]
1552551921426;[171, 0, 17, 255, 161, 76, 221, 6, 84, 0, 0, 72, 0, 0, 239, 0, 0, 40, 1, 128]
1552551921609;[171, 0, 17, 255, 161, 76, 221, 6, 85, 0, 0, 72, 0, 0, 244, 0, 0, 40, 1, 180]
1552551921776;[171, 0, 17, 255, 161, 76, 221, 6, 85, 0, 0, 72, 0, 0, 238, 0, 0, 42, 1, 192]
1552551921777;[171, 0, 4, 255, 132, 128, 73]
1552551921944;[171, 0, 17, 255, 161, 76, 221, 6, 85, 0, 0, 72, 0, 0, 239, 0, 0, 38, 1, 204]
1552551921945;[171, 0, 17, 255, 161, 76, 221, 6, 85, 0, 0, 72, 0, 0, 238, 0, 0, 38, 1, 190]
1552551922127;[171, 0, 17, 255, 161, 76, 221, 6, 85, 0, 0, 70, 0, 0, 238, 0, 0, 40, 1, 163]
1552551922128;[171, 0, 17, 255, 161, 76, 221, 6, 85, 0, 0, 72, 0, 0, 239, 0, 0, 38, 1, 143]
1552551922302;[171, 0, 17, 255, 161, 76, 221, 6, 85, 0, 0, 72, 0, 0, 239, 0, 0, 40, 1, 126]
1552551922463;[171, 0, 17, 255, 161, 76, 221, 6, 85, 0, 0, 70, 0, 0, 237, 0, 0, 42, 1, 189]
1552551922463;[171, 0, 17, 255, 161, 76, 221, 6, 85, 0, 0, 71, 0, 0, 239, 0, 0, 42, 1, 250]
1552551922647;[171, 0, 17, 255, 161, 76, 221, 6, 85, 0, 0, 70, 0, 0, 239, 0, 0, 40, 2, 21]
1552551922648;[171, 0, 17, 255, 161, 76, 221, 6, 86, 0, 0, 72, 0, 0, 239, 0, 0, 40, 2, 34]
1552551922812;[171, 0, 17, 255, 161, 76, 221, 6, 86, 0, 0, 73, 0, 0, 244, 0, 0, 38, 2, 40]
