1552553309352;[171, 0, 17, 255, 161, 76, 221, 12, 29, 0, 0, 24, 0, 0, 1, 1, 0, 250, 4, 42]
1552553309357;[171, 0, 17, 255, 161, 76, 221, 12, 29, 0, 0, 22, 0, 0, 0, 1, 0, 250, 4, 30]
1552553311556;[171, 0, 4, 255, 132, 128, 63]
1552553311558;[171, 0, 17, 255, 161, 76, 221, 12, 29, 0, 0, 19, 0, 0, 1, 1, 0, 249, 4, 17]
1552553311565;[171, 0, 17, 255, 161, 76, 221, 12, 30, 0, 0, 24, 0, 0, 0, 1, 0, 249, 3, 245]
1552553311566;[171, 0, 17, 255, 161, 76, 221, 12, 30, 0, 0, 17, 1, 0, 3, 1, 0, 249, 3, 236]
1552553311574;[171, 0, 17, 255, 161, 76, 221, 12, 30, 0, 0, 23, 0, 0, 0, 1, 0, 246, 4, 14]
1552553311581;[171, 0, 17, 255, 161, 76, 221, 12, 30, 0, 0, 21, 0, 0, 0, 1, 0, 249, 4, 24]
1552553311581;[171, 0, 17, 255, 161, 76, 221, 12, 30, 0, 0, 23, 0, 0, 2, 1, 0, 249, 4, 28]
1552553311587;[171, 0, 17, 255, 161, 76, 221, 12, 30, 0, 0, 22, 1, 0, 3, 1, 0, 250, 4, 29]
1552553311587;[171, 0, 17, 255, 161, 76, 221, 12, 30, 0, 0, 24, 1, 0, 3, 1, 0, 248, 4, 17]
1552553311595;[171, 0, 17, 255, 161, 76, 221, 12, 30, 0, 0, 17, 1, 0, 3, 1, 0, 250, 3, 251]
1552553311600;[171, 0, 17, 255, 161, 76, 221, 12, 30, 0, 0, 24, 0, 0, 2, 1, 0, 249, 3, 229]
1552553311600;[171, 0, 4, 255, 132, 128, 63]
1552553311611;[171, 0, 17, 255, 161, 76, 221, 12, 30, 0, 0, 22, 1, 0, 3, 1, 0, 250, 3, 213]
1552553311611;[171, 0, 17, 255, 161, 76, 221, 12, 31, 0, 0, 22, 0, 0, 1, 1, 0, 249, 3, 238]
1552553311611;[171, 0, 17, 255, 161, 76, 221, 12, 31, 0, 0, 19, 0, 0, 0, 1, 0, 250, 4, 18]
1552553311612;[171, 0, 17, 255, 161, 76, 221, 12, 31, 0, 0, 23, 0, 0, 1, 1, 0, 248, 4, 23]
1552553311618;[171, 0, 17, 255, 161, 76, 221, 12, 31, 0, 0, 21, 0, 0, 3, 1, 0, 248, 4, 33]
1552553311623;[171, 0, 17, 255, 161, 76, 221, 12, 31, 0, 0, 19, 0, 0, 2, 1, 0, 249, 4, 31]
1552553311623;[171, 0, 17, 255, 161, 76, 221, 12, 31, 0, 0, 13, 1, 0, 3, 1, 0, 249, 4, 25]
1552553311646;[171, 0, 17, 255, 161, 76, 221, 12, 31, 0, 0, 17, 1, 0, 1, 1, 0, 250, 4, 9]
1552553311653;[171, 0, 17, 255, 161, 76, 221, 12, 31, 0, 0, 24, 1, 0, 4, 1, 0, 248, 3, 241]
1552553311654;[171, 0, 17, 255, 161, 76, 221, 12, 31, 0, 0, 19, 1, 0, 1, 1, 0, 249, 3, 221]
1552553311654;[171, 0, 4, 255, 132, 128, 63]
1552553311775;[171, 0, 17, 255, 161, 76, 221, 12, 31, 0, 0, 19, 0, 0, 0, 1, 0, 249, 4, 8]
1552553311942;[171, 0, 17, 255, 161, 76, 221, 12, 32, 0, 0, 17, 1, 0, 2, 1, 0, 248, 4, 48]
1552553311943;[171, 0, 17, 255, 161, 76, 221, 12, 32, 0, 0, 17, 1, 0, 1, 1, 0, 248, 4, 53]
1552553312125;[171, 0, 17, 255, 161, 76, 221, 12, 32, 0, 0, 19, 1, 0, 1, 1, 0, 249, 4, 65]
1552553312126;[171, 0, 17, 255, 161, 76, 221, 12, 32, 0, 0, 17, 1, 0, 2, 1, 0, 248, 4, 66]
1552553312459;[171, 0, 17, 255, 161, 76, 221, 12, 32, 0, 0, 24, 1, 0, 1, 1, 0, 250, 4, 55]
1552553312460;[171, 0, 17, 255, 161, 76, 221, 12, 32, 0, 0, 22, 1, 0, 2, 1, 0, 246, 4, 38]
1552553312461;[171, 0, 17, 255, 161, 76, 221, 12, 32, 0, 0, 22, 0, 0, 0, 1, 0, 249, 4, 21]
1552553312643;[171, 0, 17, 255, 161, 76, 221, 12, 32, 0, 0, 22, 0, 0, 1, 1, 0, 248, 3, 251]
1552553312644;[171, 0, 17, 255, 161, 76, 221, 12, 32, 0, 0, 26, 1, 0, 1, 1, 0, 249, 3, 234]
1552553312810;[171, 0, 4, 255, 132, 128, 63]
1552553312811;[171, 0, 17, 255, 161, 76, 221, 12, 32, 0, 0, 17, 0, 0, 0, 1, 0, 249, 4, 10]
1552553312977;[171, 0, 17, 255, 161, 76, 221, 12, 33, 0, 0, 22, 1, 0, 3, 1, 0, 250, 4, 33]
1552553313146;[171, 0, 17, 255, 161, 76, 221, 12, 33, 0, 0, 24, 0, 0, 0, 1, 0, 248, 4, 45]
1552553313162;[171, 0, 17, 255, 161, 76, 221, 12, 33, 0, 0, 24, 0, 0, 0, 1, 0, 248, 4, 62]
1552553313329;[171, 0, 17, 255, 161, 76, 221, 12, 33, 0, 0, 24, 0, 0, 3, 1, 0, 248, 4, 55]
1552553313329;[171, 0, 17, 255, 161, 76, 221, 12, 33, 0, 0, 24, 0, 0, 3, 1, 0, 246, 4, 39]
1552553313496;[171, 0, 17, 255, 161, 76, 221, 12, 33, 0, 0, 23, 1, 0, 1, 1, 0, 248, 4, 20]
1552553313664;[171, 0, 17, 255, 161, 76, 221, 12, 33, 0, 0, 24, 1, 0, 3, 1, 0, 249, 4, 0]
1552553313680;[171, 0, 17, 255, 161, 76, 221, 12, 33, 0, 0, 24, 0, 0, 0, 1, 0, 248, 3, 246]
1552553313846;[171, 0, 17, 255, 161, 76, 221, 12, 33, 0, 0, 24, 0, 0, 2, 1, 0, 247, 4, 21]
1552553313847;[171, 0, 4, 255, 132, 128, 63]
1552553314014;[171, 0, 17, 255, 161, 76, 221, 12, 33, 0, 0, 13, 0, 0, 2, 1, 0, 250, 4, 32]
1552553314017;[171, 0, 17, 255, 161, 76, 221, 12, 34, 0, 0, 17, 1, 0, 3, 1, 0, 249, 4, 41]
1552553314182;[171, 0, 17, 255, 161, 76, 221, 12, 34, 0, 0, 25, 1, 0, 1, 1, 0, 249, 4, 46]
1552553314364;[171, 0, 17, 255, 161, 76, 221, 12, 34, 0, 0, 23, 1, 0, 2, 1, 0, 249, 4, 30]
1552553314365;[171, 0, 17, 255, 161, 76, 221, 12, 34, 0, 0, 23, 1, 0, 2, 1, 0, 248, 4, 10]
1552553314701;[171, 0, 17, 255, 161, 76, 221, 12, 34, 0, 0, 22, 1, 0, 3, 1, 0, 249, 3, 237]
1552553314716;[171, 0, 17, 255, 161, 76, 221, 12, 34, 0, 0, 23, 1, 0, 1, 1, 0, 250, 3, 204]
1552553314716;[171, 0, 17, 255, 161, 76, 221, 12, 34, 0, 0, 19, 0, 0, 0, 1, 0, 249, 3, 177]
1552553314717;[171, 0, 17, 255, 161, 76, 221, 12, 34, 0, 0, 19, 1, 0, 1, 1, 0, 249, 3, 153]
1552553314883;[171, 0, 17, 255, 161, 76, 221, 12, 34, 0, 0, 27, 0, 0, 0, 1, 0, 247, 3, 180]
1552553315050;[171, 0, 4, 255, 132, 128, 63]
1552553315051;[171, 0, 17, 255, 161, 76, 221, 12, 34, 0, 0, 23, 0, 0, 1, 1, 0, 249, 3, 211]
1552553315217;[171, 0, 17, 255, 161, 76, 221, 12, 35, 0, 0, 23, 0, 0, 1, 1, 0, 249, 3, 220]
1552553315233;[171, 0, 17, 255, 161, 76, 221, 12, 35, 0, 0, 23, 1, 0, 4, 1, 0, 249, 3, 223]
1552553315400;[171, 0, 17, 255, 161, 76, 221, 12, 35, 0, 0, 23, 0, 0, 0, 1, 0, 249, 3, 211]
1552553315568;[171, 0, 17, 255, 161, 76, 221, 12, 35, 0, 0, 24, 1, 0, 3, 1, 0, 249, 3, 202]
1552553315736;[171, 0, 17, 255, 161, 76, 221, 12, 35, 0, 0, 17, 0, 0, 0, 1, 0, 248, 3, 185]
1552553315736;[171, 0, 17, 255, 161, 76, 221, 12, 35, 0, 0, 25, 0, 0, 1, 1, 0, 254, 3, 164]
1552553315751;[171, 0, 17, 255, 161, 76, 221, 12, 35, 0, 0, 19, 1, 0, 2, 1, 0, 249, 3, 148]
1552553316085;[171, 0, 17, 255, 161, 76, 221, 12, 35, 0, 0, 23, 1, 0, 3, 1, 0, 249, 3, 116]
1552553316086;[171, 0, 17, 255, 161, 76, 221, 12, 35, 0, 0, 24, 0, 0, 1, 1, 0, 250, 3, 103]
1552553316086;[171, 0, 4, 255, 132, 128, 63]
1552553316253;[171, 0, 17, 255, 161, 76, 221, 12, 35, 0, 0, 24, 0, 0, 1, 1, 0, 249, 3, 130]
1552553316253;[171, 0, 17, 255, 161, 76, 221, 12, 36, 0, 0, 24, 1, 0, 1, 1, 0, 249, 3, 159]
1552553316436;[171, 0, 17, 255, 161, 76, 221, 12, 36, 0, 0, 19, 1, 0, 1, 1, 0, 249, 3, 172]
1552553316437;[171, 0, 17, 255, 161, 76, 221, 12, 36, 0, 0, 24, 0, 0, 0, 1, 0, 250, 3, 176]
1552553316603;[171, 0, 17, 255, 161, 76, 221, 12, 36, 0, 0, 24, 0, 0, 0, 1, 0, 249, 3, 174]
1552553316604;[171, 0, 17, 255, 161, 76, 221, 12, 36, 0, 0, 23, 0, 0, 0, 1, 0, 249, 3, 167]
1552553316771;[171, 0, 17, 255, 161, 76, 221, 12, 36, 0, 0, 24, 0, 0, 1, 1, 0, 249, 3, 149]
1552553316954;[171, 0, 17, 255, 161, 76, 221, 12, 36, 0, 0, 19, 0, 0, 2, 1, 0, 250, 3, 132]
1552553316955;[171, 0, 17, 255, 161, 76, 221, 12, 36, 0, 0, 22, 1, 0, 2, 1, 0, 248, 3, 108]
1552553317121;[171, 0, 17, 255, 161, 76, 221, 12, 36, 0, 0, 25, 1, 0, 3, 1, 0, 249, 3, 85]
1552553317121;[171, 0, 4, 255, 132, 128, 64]
1552553317289;[171, 0, 17, 255, 161, 76, 221, 12, 36, 0, 0, 24, 0, 0, 2, 1, 0, 249, 3, 116]
1552553317472;[171, 0, 17, 255, 161, 76, 221, 12, 37, 0, 0, 24, 0, 0, 3, 1, 0, 248, 3, 143]
1552553317473;[171, 0, 17, 255, 161, 76, 221, 12, 37, 0, 0, 23, 0, 0, 2, 1, 0, 250, 3, 161]
1552553317640;[171, 0, 17, 255, 161, 76, 221, 12, 37, 0, 0, 23, 1, 0, 2, 1, 0, 249, 3, 163]
1552553317640;[171, 0, 17, 255, 161, 76, 221, 12, 37, 0, 0, 23, 0, 0, 2, 1, 0, 249, 3, 162]
1552553317806;[171, 0, 17, 255, 161, 76, 221, 12, 37, 0, 0, 24, 0, 0, 0, 1, 0, 248, 3, 159]
1552553317808;[171, 0, 17, 255, 161, 76, 221, 12, 37, 0, 0, 25, 0, 0, 1, 1, 0, 245, 3, 147]
1552553317990;[171, 0, 17, 255, 161, 76, 221, 12, 37, 0, 0, 23, 1, 0, 1, 1, 0, 249, 3, 130]
1552553318157;[171, 0, 17, 255, 161, 76, 221, 12, 37, 0, 0, 23, 1, 0, 1, 1, 0, 249, 3, 100]
1552553318158;[171, 0, 17, 255, 161, 76, 221, 12, 37, 0, 0, 24, 0, 0, 0, 1, 0, 248, 3, 99]
1552553318325;[171, 0, 4, 255, 132, 128, 63]
1552553318327;[171, 0, 17, 255, 161, 76, 221, 12, 37, 0, 0, 24, 0, 0, 1, 1, 0, 249, 3, 133]
1552553318508;[171, 0, 17, 255, 161, 76, 221, 12, 38, 0, 0, 17, 1, 0, 2, 1, 0, 249, 3, 171]
1552553318508;[171, 0, 17, 255, 161, 76, 221, 12, 38, 0, 0, 19, 0, 0, 0, 1, 0, 254, 3, 183]
1552553318675;[171, 0, 17, 255, 161, 76, 221, 12, 38, 0, 0, 23, 0, 0, 0, 1, 0, 249, 3, 193]
1552553318843;[171, 0, 17, 255, 161, 76, 221, 12, 38, 0, 0, 22, 1, 0, 1, 1, 0, 250, 3, 195]
1552553318843;[171, 0, 17, 255, 161, 76, 221, 12, 38, 0, 0, 17, 0, 0, 0, 1, 0, 248, 3, 189]
1552553319026;[171, 0, 17, 255, 161, 76, 221, 12, 38, 0, 0, 24, 1, 0, 3, 1, 0, 250, 3, 179]
1552553319027;[171, 0, 17, 255, 161, 76, 221, 12, 38, 0, 0, 22, 1, 0, 3, 1, 0, 249, 3, 162]
1552553319195;[171, 0, 17, 255, 161, 76, 221, 12, 38, 0, 0, 23, 1, 0, 3, 1, 0, 249, 3, 142]
1552553319362;[171, 0, 17, 255, 161, 76, 221, 12, 38, 0, 0, 24, 0, 0, 3, 1, 0, 249, 3, 112]
1552553319363;[171, 0, 4, 255, 132, 128, 63]
1552553319530;[171, 0, 17, 255, 161, 76, 221, 12, 38, 0, 0, 19, 1, 0, 2, 1, 0, 247, 2, 239]
1552553319544;[171, 0, 17, 255, 161, 76, 221, 12, 39, 0, 0, 27, 0, 0, 2, 1, 0, 246, 2, 82]
1552553319712;[171, 0, 17, 255, 161, 76, 221, 12, 39, 0, 0, 10, 1, 0, 3, 1, 0, 248, 1, 7]
1552553319712;[171, 0, 17, 255, 161, 76, 221, 12, 39, 0, 0, 7, 1, 0, 4, 1, 0, 249, 16, 0]
1552553319877;[171, 0, 17, 255, 161, 76, 221, 12, 39, 0, 0, 25, 1, 0, 6, 1, 0, 249, 5, 73]
1552553320046;[171, 0, 17, 255, 161, 76, 221, 12, 39, 0, 0, 34, 1, 0, 3, 1, 0, 243, 5, 73]
1552553320063;[171, 0, 17, 255, 161, 76, 221, 12, 39, 0, 0, 41, 1, 0, 3, 1, 0, 243, 5, 73]
1552553320229;[171, 0, 17, 255, 161, 76, 221, 12, 39, 0, 0, 39, 1, 0, 3, 1, 0, 245, 4, 148]
1552553320230;[171, 0, 17, 255, 161, 76, 221, 12, 39, 0, 0, 41, 1, 0, 3, 1, 0, 241, 3, 221]
1552553320396;[171, 0, 17, 255, 161, 76, 221, 12, 39, 0, 0, 41, 1, 0, 10, 1, 0, 242, 3, 3]
1552553320563;[171, 0, 4, 255, 132, 128, 63]
1552553320564;[171, 0, 17, 255, 161, 76, 221, 12, 39, 0, 0, 39, 1, 0, 7, 1, 0, 245, 1, 246]
1552553320747;[171, 0, 17, 255, 161, 76, 221, 12, 40, 0, 0, 41, 1, 0, 3, 1, 0, 242, 1, 28]
1552553320747;[171, 0, 17, 255, 161, 76, 221, 12, 40, 0, 0, 28, 1, 0, 7, 1, 0, 249, 16, 188]
1552553320914;[171, 0, 17, 255, 161, 76, 221, 12, 40, 0, 0, 34, 1, 0, 5, 1, 0, 248, 7, 208]
1552553320914;[171, 0, 17, 255, 161, 76, 221, 12, 40, 0, 0, 38, 1, 0, 4, 1, 0, 248, 7, 232]
1552553321082;[171, 0, 17, 255, 161, 76, 221, 12, 40, 0, 0, 33, 1, 0, 4, 1, 0, 245, 7, 246]
1552553321265;[171, 0, 17, 255, 161, 76, 221, 12, 40, 0, 0, 31, 1, 0, 3, 1, 0, 243, 7, 220]
1552553321266;[171, 0, 17, 255, 161, 76, 221, 12, 40, 0, 0, 31, 1, 0, 5, 1, 0, 249, 7, 184]
1552553321432;[171, 0, 17, 255, 161, 76, 221, 12, 40, 0, 0, 34, 1, 0, 3, 1, 0, 246, 7, 129]
1552553321433;[171, 0, 17, 255, 161, 76, 221, 12, 40, 0, 0, 34, 1, 0, 1, 1, 0, 246, 7, 86]
1552553321600;[171, 0, 4, 255, 132, 128, 63]
1552553321601;[171, 0, 17, 255, 161, 76, 221, 12, 40, 0, 0, 34, 1, 0, 5, 1, 0, 249, 7, 42]
1552553321783;[171, 0, 17, 255, 161, 76, 221, 12, 41, 0, 0, 33, 1, 0, 9, 1, 0, 243, 6, 249]
1552553321951;[171, 0, 17, 255, 161, 76, 221, 12, 41, 0, 0, 35, 1, 0, 7, 1, 0, 243, 6, 146]
1552553321952;[171, 0, 17, 255, 161, 76, 221, 12, 41, 0, 0, 43, 1, 0, 3, 1, 0, 243, 6, 28]
1552553322118;[171, 0, 17, 255, 161, 76, 221, 12, 41, 0, 0, 42, 1, 0, 6, 1, 0, 245, 5, 190]
1552553322119;[171, 0, 17, 255, 161, 76, 221, 12, 41, 0, 0, 41, 1, 0, 5, 1, 0, 243, 5, 127]
1552553322301;[171, 0, 17, 255, 161, 76, 221, 12, 41, 0, 0, 36, 1, 0, 2, 1, 0, 246, 5, 152]
1552553322468;[171, 0, 17, 255, 161, 76, 221, 12, 41, 0, 0, 28, 1, 0, 3, 1, 0, 245, 5, 152]
1552553322469;[171, 0, 17, 255, 161, 76, 221, 12, 41, 0, 0, 34, 1, 0, 7, 1, 0, 249, 5, 160]
1552553322636;[171, 0, 17, 255, 161, 76, 221, 12, 41, 0, 0, 34, 1, 0, 4, 1, 0, 249, 5, 216]
1552553322637;[171, 0, 4, 255, 132, 128, 63]
1552553322819;[171, 0, 17, 255, 161, 76, 221, 12, 41, 0, 0, 30, 1, 0, 4, 1, 0, 246, 6, 12]
1552553322986;[171, 0, 17, 255, 161, 76, 221, 12, 42, 0, 0, 28, 1, 0, 3, 1, 0, 245, 6, 61]
1552553322986;[171, 0, 17, 255, 161, 76, 221, 12, 42, 0, 0, 32, 1, 0, 3, 1, 0, 249, 6, 132]
1552553323153;[171, 0, 17, 255, 161, 76, 221, 12, 42, 0, 0, 28, 1, 0, 5, 1, 0, 246, 6, 170]
1552553323154;[171, 0, 17, 255, 161, 76, 221, 12, 42, 0, 0, 31, 1, 0, 1, 1, 0, 249, 6, 214]
1552553323337;[171, 0, 17, 255, 161, 76, 221, 12, 42, 0, 0, 34, 1, 0, 3, 1, 0, 246, 7, 20]
1552553323338;[171, 0, 17, 255, 161, 76, 221, 12, 42, 0, 0, 31, 1, 0, 1, 1, 0, 250, 7, 103]
1552553323505;[171, 0, 17, 255, 161, 76, 221, 12, 42, 0, 0, 28, 1, 0, 3, 1, 0, 246, 7, 148]
1552553323506;[171, 0, 17, 255, 161, 76, 221, 12, 42, 0, 0, 31, 1, 0, 2, 1, 0, 246, 7, 173]
1552553323672;[171, 0, 17, 255, 161, 76, 221, 12, 42, 0, 0, 33, 1, 0, 3, 1, 0, 245, 7, 207]
1552553323855;[171, 0, 4, 255, 132, 128, 63]
1552553324022;[171, 0, 17, 255, 161, 76, 221, 12, 42, 0, 0, 30, 1, 0, 3, 1, 0, 246, 8, 112]
1552553324023;[171, 0, 17, 255, 161, 76, 221, 12, 43, 0, 0, 33, 1, 0, 3, 1, 0, 246, 9, 106]
1552553324189;[171, 0, 17, 255, 161, 76, 221, 12, 43, 0, 0, 31, 1, 0, 2, 1, 0, 246, 10, 87]
1552553324191;[171, 0, 17, 255, 161, 76, 221, 12, 43, 0, 0, 31, 1, 0, 3, 1, 0, 246, 11, 43]
1552553324373;[171, 0, 17, 255, 161, 76, 221, 12, 43, 0, 0, 30, 1, 0, 3, 1, 0, 246, 11, 235]
1552553324374;[171, 0, 17, 255, 161, 76, 221, 12, 43, 0, 0, 33, 1, 0, 4, 1, 0, 246, 12, 134]
1552553324540;[171, 0, 17, 255, 161, 76, 221, 12, 43, 0, 0, 32, 1, 0, 4, 1, 0, 249, 13, 13]
1552553324541;[171, 0, 17, 255, 161, 76, 221, 12, 43, 0, 0, 34, 1, 0, 3, 1, 0, 245, 13, 133]
1552553324707;[171, 0, 17, 255, 161, 76, 221, 12, 43, 0, 0, 36, 1, 0, 2, 1, 0, 248, 13, 222]
1552553324708;[171, 0, 17, 255, 161, 76, 221, 12, 43, 0, 0, 32, 1, 0, 3, 1, 0, 245, 14, 42]
1552553324891;[171, 0, 4, 255, 132, 128, 62]
1552553325058;[171, 0, 17, 255, 161, 76, 221, 12, 43, 0, 0, 33, 1, 0, 5, 1, 0, 247, 14, 106]
1552553325059;[171, 0, 17, 255, 161, 76, 221, 12, 44, 0, 0, 32, 1, 0, 3, 1, 0, 243, 15, 40]
1552553325225;[171, 0, 17, 255, 161, 76, 221, 12, 44, 0, 0, 31, 1, 0, 4, 1, 0, 249, 31, 214]
1552553325226;[171, 0, 17, 255, 161, 76, 221, 12, 44, 0, 0, 30, 1, 0, 3, 1, 0, 246, 8, 96]
1552553325408;[171, 0, 17, 255, 161, 76, 221, 12, 44, 0, 0, 28, 1, 0, 2, 1, 0, 246, 8, 96]
1552553325409;[171, 0, 17, 255, 161, 76, 221, 12, 44, 0, 0, 31, 1, 0, 3, 1, 0, 245, 8, 186]
1552553325576;[171, 0, 17, 255, 161, 76, 221, 12, 44, 0, 0, 31, 1, 0, 3, 1, 0, 248, 8, 242]
1552553325743;[171, 0, 17, 255, 161, 76, 221, 12, 44, 0, 0, 30, 1, 0, 1, 1, 0, 249, 9, 16]
1552553325744;[171, 0, 17, 255, 161, 76, 221, 12, 44, 0, 0, 30, 1, 0, 3, 1, 0, 246, 9, 22]
1552553325927;[171, 0, 17, 255, 161, 76, 221, 12, 44, 0, 0, 31, 1, 0, 1, 1, 0, 249, 9, 25]
1552553325928;[171, 0, 4, 255, 132, 128, 62]
1552553326261;[171, 0, 17, 255, 161, 76, 221, 12, 44, 0, 0, 35, 1, 0, 4, 1, 0, 249, 9, 9]
1552553326261;[171, 0, 17, 255, 161, 76, 221, 12, 45, 0, 0, 32, 1, 0, 3, 1, 0, 245, 9, 78]
1552553326262;[171, 0, 17, 255, 161, 76, 221, 12, 45, 0, 0, 36, 1, 0, 3, 1, 0, 248, 9, 203]
1552553326428;[171, 0, 17, 255, 161, 76, 221, 12, 45, 0, 0, 33, 1, 0, 2, 1, 0, 246, 10, 44]
1552553326445;[171, 0, 17, 255, 161, 76, 221, 12, 45, 0, 0, 33, 0, 0, 0, 1, 0, 248, 10, 97]
1552553326612;[171, 0, 17, 255, 161, 76, 221, 12, 45, 0, 0, 31, 1, 0, 3, 1, 0, 248, 10, 123]
1552553326613;[171, 0, 17, 255, 161, 76, 221, 12, 45, 0, 0, 30, 1, 0, 3, 1, 0, 248, 10, 107]
1552553326779;[171, 0, 17, 255, 161, 76, 221, 12, 45, 0, 0, 32, 1, 0, 18, 1, 1, 57, 9, 219]
1552553326947;[171, 0, 17, 255, 161, 76, 221, 12, 45, 0, 0, 78, 1, 0, 3, 1, 1, 80, 9, 16]
1552553326962;[171, 0, 17, 255, 161, 76, 221, 12, 45, 0, 0, 13, 0, 0, 26, 1, 0, 199, 8, 252]
1552553327130;[171, 0, 4, 255, 132, 128, 63]
1552553327131;[171, 0, 17, 255, 161, 76, 221, 12, 45, 1, 0, 45, 0, 0, 130, 1, 0, 118, 9, 87]
1552553327297;[171, 0, 17, 255, 161, 76, 221, 12, 46, 1, 0, 72, 0, 0, 124, 1, 0, 117, 9, 105]
1552553327464;[171, 0, 17, 255, 161, 76, 221, 12, 46, 0, 0, 27, 0, 0, 21, 1, 1, 3, 8, 183]
1552553327465;[171, 0, 17, 255, 161, 76, 221, 12, 46, 0, 0, 51, 0, 0, 4, 1, 1, 57, 7, 171]
1552553327648;[171, 0, 17, 255, 161, 76, 221, 12, 46, 0, 0, 61, 1, 0, 4, 1, 1, 8, 7, 85]
1552553327649;[171, 0, 17, 255, 161, 76, 221, 12, 46, 0, 0, 31, 0, 0, 1, 1, 0, 248, 7, 57]
1552553327815;[171, 0, 17, 255, 161, 76, 221, 12, 46, 0, 0, 23, 1, 0, 6, 1, 0, 249, 6, 245]
1552553327815;[171, 0, 17, 255, 161, 76, 221, 12, 46, 0, 0, 28, 0, 0, 1, 1, 0, 249, 6, 160]
1552553327982;[171, 0, 17, 255, 161, 76, 221, 12, 46, 0, 0, 30, 0, 0, 2, 1, 0, 246, 6, 77]
1552553328166;[171, 0, 17, 255, 161, 76, 221, 12, 48, 0, 0, 28, 1, 0, 5, 1, 0, 248, 5, 0]
1552553328333;[171, 0, 17, 255, 161, 76, 221, 12, 49, 0, 0, 30, 1, 0, 5, 1, 0, 243, 5, 78]
1552553328501;[171, 0, 17, 255, 161, 76, 221, 12, 49, 0, 0, 34, 1, 0, 8, 1, 0, 244, 5, 127]
1552553328501;[171, 0, 17, 255, 161, 76, 221, 12, 49, 0, 0, 30, 1, 0, 5, 1, 0, 247, 5, 176]
1552553328684;[171, 0, 17, 255, 161, 76, 221, 12, 49, 0, 0, 34, 1, 0, 3, 1, 0, 245, 5, 229]
1552553328851;[171, 0, 17, 255, 161, 76, 221, 12, 49, 0, 0, 34, 1, 0, 7, 1, 0, 249, 6, 53]
1552553328851;[171, 0, 17, 255, 161, 76, 221, 12, 49, 0, 0, 31, 1, 0, 7, 1, 0, 249, 6, 232]
1552553329018;[171, 0, 17, 255, 161, 76, 221, 12, 49, 0, 0, 34, 1, 0, 7, 1, 0, 249, 7, 157]
1552553329201;[171, 0, 17, 255, 161, 76, 221, 12, 49, 0, 0, 34, 1, 0, 5, 1, 0, 248, 8, 55]
1552553329368;[171, 0, 17, 255, 161, 76, 221, 12, 49, 0, 0, 36, 1, 0, 4, 1, 0, 244, 8, 198]
1552553329369;[171, 0, 4, 255, 132, 128, 64]
1552553329370;[171, 0, 17, 255, 161, 76, 221, 12, 49, 0, 0, 34, 1, 0, 3, 1, 0, 247, 9, 71]
1552553329540;[171, 0, 17, 255, 161, 76, 221, 12, 50, 0, 0, 33, 1, 0, 5, 1, 0, 243, 9, 168]
1552553329540;[171, 0, 17, 255, 161, 76, 221, 12, 50, 0, 0, 33, 1, 0, 8, 1, 0, 246, 10, 1]
1552553329720;[171, 0, 17, 255, 161, 76, 221, 12, 50, 0, 0, 36, 1, 0, 7, 1, 0, 248, 10, 68]
1552553329720;[171, 0, 17, 255, 161, 76, 221, 12, 50, 0, 0, 28, 1, 0, 6, 1, 0, 244, 10, 134]
1552553329886;[171, 0, 17, 255, 161, 76, 221, 12, 50, 0, 0, 34, 1, 0, 5, 1, 0, 249, 10, 240]
1552553330054;[171, 0, 17, 255, 161, 76, 221, 12, 50, 0, 0, 34, 1, 0, 10, 1, 0, 244, 11, 150]
1552553330055;[171, 0, 17, 255, 161, 76, 221, 12, 50, 0, 0, 33, 1, 0, 3, 1, 0, 245, 12, 36]
1552553330238;[171, 0, 17, 255, 161, 76, 221, 12, 50, 0, 0, 32, 1, 0, 6, 1, 0, 245, 12, 136]
1552553330239;[171, 0, 17, 255, 161, 76, 221, 12, 50, 0, 0, 36, 1, 0, 4, 1, 0, 246, 12, 215]
1552553330404;[171, 0, 4, 255, 132, 128, 64]
1552553330405;[171, 0, 17, 255, 161, 76, 221, 12, 50, 0, 0, 36, 1, 0, 6, 1, 0, 249, 13, 7]
1552553330573;[171, 0, 17, 255, 161, 76, 221, 12, 51, 0, 0, 30, 1, 0, 4, 1, 0, 243, 13, 42]
1552553330756;[171, 0, 17, 255, 161, 76, 221, 12, 51, 0, 0, 34, 1, 0, 4, 1, 0, 249, 13, 58]
1552553330756;[171, 0, 17, 255, 161, 76, 221, 12, 51, 0, 0, 36, 1, 0, 4, 1, 0, 247, 13, 65]
1552553330922;[171, 0, 17, 255, 161, 76, 221, 12, 51, 0, 0, 32, 1, 0, 10, 1, 0, 248, 13, 57]
1552553330923;[171, 0, 17, 255, 161, 76, 221, 12, 51, 0, 0, 34, 1, 0, 7, 1, 0, 246, 13, 42]
1552553331090;[171, 0, 17, 255, 161, 76, 221, 12, 51, 0, 0, 34, 1, 0, 4, 1, 0, 246, 13, 36]
1552553331273;[171, 0, 17, 255, 161, 76, 221, 12, 51, 0, 0, 35, 1, 0, 7, 1, 0, 248, 13, 120]
1552553331274;[171, 0, 17, 255, 161, 76, 221, 12, 51, 0, 0, 31, 1, 0, 7, 1, 0, 249, 13, 203]
1552553331441;[171, 0, 17, 255, 161, 76, 221, 12, 51, 0, 0, 34, 1, 0, 7, 1, 0, 249, 13, 252]
1552553331441;[171, 0, 4, 255, 132, 128, 64]
1552553331608;[171, 0, 17, 255, 161, 76, 221, 12, 51, 0, 0, 34, 1, 0, 7, 1, 0, 247, 13, 252]
1552553331608;[171, 0, 17, 255, 161, 76, 221, 12, 52, 0, 0, 30, 1, 0, 3, 1, 0, 245, 14, 2]
1552553331776;[171, 0, 17, 255, 161, 76, 221, 12, 52, 0, 0, 31, 1, 0, 5, 1, 0, 249, 13, 241]
1552553331958;[171, 0, 17, 255, 161, 76, 221, 12, 52, 0, 0, 34, 1, 0, 7, 1, 0, 248, 13, 215]
1552553331959;[171, 0, 17, 255, 161, 76, 221, 12, 52, 0, 0, 32, 1, 0, 3, 1, 0, 245, 13, 183]
1552553332126;[171, 0, 17, 255, 161, 76, 221, 12, 52, 0, 0, 30, 1, 0, 6, 1, 0, 245, 13, 135]
1552553332309;[171, 0, 17, 255, 161, 76, 221, 12, 52, 0, 0, 34, 1, 0, 7, 1, 0, 248, 13, 83]
1552553332310;[171, 0, 17, 255, 161, 76, 221, 12, 52, 0, 0, 34, 1, 0, 9, 1, 0, 246, 13, 27]
1552553332310;[171, 0, 17, 255, 161, 76, 221, 12, 52, 0, 0, 36, 1, 0, 9, 1, 0, 245, 12, 223]
1552553332476;[171, 0, 17, 255, 161, 76, 221, 12, 52, 0, 0, 34, 1, 0, 5, 1, 0, 243, 12, 206]
1552553332643;[171, 0, 4, 255, 132, 128, 64]
1552553332644;[171, 0, 17, 255, 161, 76, 221, 12, 52, 0, 0, 39, 1, 0, 5, 1, 0, 246, 12, 245]
1552553332812;[171, 0, 17, 255, 161, 76, 221, 12, 53, 0, 0, 32, 1, 0, 5, 1, 0, 245, 13, 10]
1552553332827;[171, 0, 17, 255, 161, 76, 221, 12, 53, 0, 0, 31, 1, 0, 6, 1, 0, 244, 13, 4]
1552553333161;[171, 0, 17, 255, 161, 76, 221, 12, 53, 0, 0, 30, 1, 0, 7, 1, 0, 248, 12, 246]
1552553333162;[171, 0, 17, 255, 161, 76, 221, 12, 53, 0, 0, 34, 1, 0, 7, 1, 0, 246, 12, 212]
1552553333163;[171, 0, 17, 255, 161, 76, 221, 12, 53, 0, 0, 34, 1, 0, 9, 1, 0, 245, 12, 171]
1552553333329;[171, 0, 17, 255, 161, 76, 221, 12, 53, 0, 0, 38, 1, 0, 9, 1, 0, 246, 12, 126]
1552553333330;[171, 0, 17, 255, 161, 76, 221, 12, 53, 0, 0, 32, 1, 0, 9, 1, 0, 245, 12, 71]
1552553333512;[171, 0, 17, 255, 161, 76, 221, 12, 53, 0, 0, 34, 1, 0, 7, 1, 0, 245, 12, 16]
1552553333513;[171, 0, 17, 255, 161, 76, 221, 12, 53, 0, 0, 36, 1, 0, 5, 1, 0, 241, 11, 211]
1552553333679;[171, 0, 4, 255, 132, 128, 63]
1552553333848;[171, 0, 17, 255, 161, 76, 221, 12, 53, 0, 0, 32, 1, 0, 10, 1, 0, 248, 11, 149]
1552553333848;[171, 0, 17, 255, 161, 76, 221, 12, 54, 0, 0, 33, 1, 0, 6, 1, 0, 243, 11, 151]
1552553334030;[171, 0, 17, 255, 161, 76, 221, 12, 54, 0, 0, 36, 1, 0, 5, 1, 0, 246, 11, 179]
1552553334031;[171, 0, 17, 255, 161, 76, 221, 12, 54, 0, 0, 30, 1, 0, 7, 1, 0, 248, 11, 197]
1552553334366;[171, 0, 17, 255, 161, 76, 221, 12, 54, 0, 0, 33, 1, 0, 6, 1, 0, 244, 11, 198]
1552553334382;[171, 0, 17, 255, 161, 76, 221, 12, 54, 0, 0, 38, 1, 0, 8, 1, 0, 243, 11, 184]
1552553334383;[171, 0, 17, 255, 161, 76, 221, 12, 54, 0, 0, 35, 1, 0, 4, 1, 0, 243, 11, 159]
1552553334549;[171, 0, 17, 255, 161, 76, 221, 12, 54, 0, 0, 34, 1, 0, 8, 1, 0, 243, 11, 123]
1552553334549;[171, 0, 17, 255, 161, 76, 221, 12, 54, 0, 0, 34, 1, 0, 6, 1, 0, 246, 11, 88]
1552553334715;[171, 0, 17, 255, 161, 76, 221, 12, 54, 0, 0, 35, 1, 0, 5, 1, 0, 248, 11, 41]
1552553334716;[171, 0, 4, 255, 132, 128, 63]
1552553334884;[171, 0, 17, 255, 161, 76, 221, 12, 54, 0, 0, 38, 1, 0, 7, 1, 0, 249, 11, 0]
1552553335066;[171, 0, 17, 255, 161, 76, 221, 12, 55, 0, 0, 34, 1, 0, 4, 1, 0, 245, 10, 208]
1552553335067;[171, 0, 17, 255, 161, 76, 221, 12, 55, 0, 0, 39, 1, 0, 7, 1, 0, 249, 10, 159]
1552553335233;[171, 0, 17, 255, 161, 76, 221, 12, 55, 0, 0, 31, 1, 0, 7, 1, 0, 249, 10, 193]
1552553335234;[171, 0, 17, 255, 161, 76, 221, 12, 55, 0, 0, 35, 1, 0, 4, 1, 0, 246, 10, 224]
1552553335584;[171, 0, 17, 255, 161, 76, 221, 12, 55, 0, 0, 38, 1, 0, 3, 1, 0, 243, 10, 244]
1552553335585;[171, 0, 17, 255, 161, 76, 221, 12, 55, 0, 0, 34, 1, 0, 7, 1, 0, 245, 11, 1]
1552553335586;[171, 0, 17, 255, 161, 76, 221, 12, 55, 0, 0, 36, 1, 0, 7, 1, 0, 246, 10, 255]
1552553335751;[171, 0, 17, 255, 161, 76, 221, 12, 55, 0, 0, 38, 1, 0, 7, 1, 0, 246, 10, 251]
1552553335752;[171, 0, 17, 255, 161, 76, 221, 12, 55, 0, 0, 34, 1, 0, 5, 1, 0, 245, 10, 236]
1552553335920;[171, 0, 4, 255, 132, 128, 62]
1552553335921;[171, 0, 17, 255, 161, 76, 221, 12, 55, 0, 0, 33, 1, 0, 8, 1, 0, 245, 10, 218]
1552553336102;[171, 0, 17, 255, 161, 76, 221, 12, 56, 0, 0, 39, 1, 0, 5, 1, 0, 246, 10, 196]
1552553336269;[171, 0, 17, 255, 161, 76, 221, 12, 56, 0, 0, 38, 1, 0, 5, 1, 0, 246, 10, 161]
1552553336270;[171, 0, 17, 255, 161, 76, 221, 12, 56, 0, 0, 39, 1, 0, 8, 1, 0, 246, 10, 197]
1552553336436;[171, 0, 17, 255, 161, 76, 221, 12, 56, 0, 0, 37, 1, 0, 9, 1, 0, 246, 10, 249]
1552553336438;[171, 0, 17, 255, 161, 76, 221, 12, 56, 0, 0, 41, 1, 0, 6, 1, 0, 243, 11, 25]
1552553336621;[171, 0, 17, 255, 161, 76, 221, 12, 56, 0, 0, 36, 1, 0, 11, 1, 0, 242, 11, 52]
1552553336621;[171, 0, 17, 255, 161, 76, 221, 12, 56, 0, 0, 39, 1, 0, 5, 1, 0, 246, 11, 64]
1552553336787;[171, 0, 17, 255, 161, 76, 221, 12, 56, 0, 0, 36, 1, 0, 5, 1, 0, 243, 11, 65]
1552553336955;[171, 0, 17, 255, 161, 76, 221, 12, 56, 0, 0, 36, 1, 0, 7, 1, 0, 243, 11, 60]
1552553336956;[171, 0, 4, 255, 132, 128, 60]
1552553337138;[171, 0, 17, 255, 161, 76, 221, 12, 56, 0, 0, 39, 1, 0, 9, 1, 0, 245, 11, 43]
1552553337138;[171, 0, 17, 255, 161, 76, 221, 12, 57, 0, 0, 38, 1, 0, 4, 1, 0, 245, 11, 23]
1552553337305;[171, 0, 17, 255, 161, 76, 221, 12, 57, 0, 0, 36, 1, 0, 7, 1, 0, 243, 10, 252]
1552553337305;[171, 0, 17, 255, 161, 76, 221, 12, 57, 0, 0, 35, 1, 0, 7, 1, 0, 245, 10, 241]
1552553337473;[171, 0, 17, 255, 161, 76, 221, 12, 57, 0, 0, 37, 1, 0, 6, 1, 0, 241, 11, 49]
1552553337641;[171, 0, 17, 255, 161, 76, 221, 12, 57, 0, 0, 36, 1, 0, 5, 1, 0, 247, 11, 115]
1552553337656;[171, 0, 17, 255, 161, 76, 221, 12, 57, 0, 0, 33, 1, 0, 10, 1, 0, 248, 11, 154]
1552553337990;[171, 0, 17, 255, 161, 76, 221, 12, 57, 0, 0, 34, 1, 0, 7, 1, 0, 244, 11, 192]
1552553337991;[171, 0, 17, 255, 161, 76, 221, 12, 57, 0, 0, 34, 1, 0, 8, 1, 0, 246, 11, 199]
1552553337991;[171, 0, 17, 255, 161, 76, 221, 12, 57, 0, 0, 34, 1, 0, 7, 1, 0, 246, 11, 205]
1552553338158;[171, 0, 4, 255, 132, 128, 60]
1552553338178;[171, 0, 17, 255, 161, 76, 221, 12, 57, 0, 0, 38, 1, 0, 5, 1, 0, 246, 11, 205]
1552553338341;[171, 0, 17, 255, 161, 76, 221, 12, 58, 0, 0, 36, 1, 0, 5, 1, 0, 246, 11, 188]
1552553338342;[171, 0, 17, 255, 161, 76, 221, 12, 58, 0, 0, 37, 1, 0, 10, 1, 0, 243, 11, 169]
1552553338508;[171, 0, 17, 255, 161, 76, 221, 12, 58, 0, 0, 35, 1, 0, 8, 1, 0, 246, 11, 142]
1552553338510;[171, 0, 17, 255, 161, 76, 221, 12, 58, 0, 0, 38, 1, 0, 8, 1, 0, 246, 11, 118]
1552553338677;[171, 0, 17, 255, 161, 76, 221, 12, 58, 0, 0, 36, 1, 0, 5, 1, 0, 246, 11, 165]
1552553338859;[171, 0, 17, 255, 161, 76, 221, 12, 58, 0, 0, 32, 1, 0, 5, 1, 0, 247, 11, 221]
1552553338859;[171, 0, 17, 255, 161, 76, 221, 12, 58, 0, 0, 36, 1, 0, 4, 1, 0, 246, 12, 12]
1552553339026;[171, 0, 17, 255, 161, 76, 221, 12, 58, 0, 0, 33, 1, 0, 5, 1, 0, 246, 12, 35]
1552553339027;[171, 0, 17, 255, 161, 76, 221, 12, 58, 0, 0, 39, 1, 0, 8, 1, 0, 244, 12, 40]
1552553339377;[171, 0, 4, 255, 132, 128, 59]
1552553339378;[171, 0, 17, 255, 161, 76, 221, 12, 58, 0, 0, 38, 1, 0, 7, 1, 0, 243, 12, 32]
1552553339378;[171, 0, 17, 255, 161, 76, 221, 12, 59, 0, 0, 37, 1, 0, 8, 1, 0, 243, 12, 20]
1552553339545;[171, 0, 17, 255, 161, 76, 221, 12, 59, 0, 0, 37, 1, 0, 5, 1, 0, 246, 11, 253]
1552553339546;[171, 0, 17, 255, 161, 76, 221, 12, 59, 0, 0, 36, 1, 0, 6, 1, 0, 243, 11, 226]
1552553339895;[171, 0, 17, 255, 161, 76, 221, 12, 59, 0, 0, 37, 1, 0, 10, 1, 0, 243, 11, 194]
1552553339896;[171, 0, 17, 255, 161, 76, 221, 12, 59, 0, 0, 38, 1, 0, 7, 1, 0, 245, 11, 227]
1552553339896;[171, 0, 17, 255, 161, 76, 221, 12, 59, 0, 0, 37, 1, 0, 5, 1, 0, 248, 12, 4]
1552553340062;[171, 0, 17, 255, 161, 76, 221, 12, 59, 0, 0, 37, 1, 0, 8, 1, 0, 246, 12, 21]
1552553340063;[171, 0, 17, 255, 161, 76, 221, 12, 59, 0, 0, 39, 1, 0, 5, 1, 0, 248, 12, 28]
1552553340230;[171, 0, 17, 255, 161, 76, 221, 12, 59, 0, 0, 39, 1, 0, 8, 1, 0, 246, 12, 18]
1552553340230;[171, 0, 4, 255, 132, 128, 58]
1552553340413;[171, 0, 17, 255, 161, 76, 221, 12, 59, 0, 0, 36, 1, 0, 7, 1, 0, 243, 11, 252]
1552553340414;[171, 0, 17, 255, 161, 76, 221, 12, 64, 0, 0, 36, 1, 0, 7, 1, 0, 246, 11, 227]
1552553340580;[171, 0, 17, 255, 161, 76, 221, 12, 64, 0, 0, 38, 1, 0, 9, 1, 0, 243, 11, 185]
1552553340748;[171, 0, 17, 255, 161, 76, 221, 12, 64, 0, 0, 36, 1, 0, 10, 1, 0, 243, 11, 142]
1552553340749;[171, 0, 17, 255, 161, 76, 221, 12, 64, 0, 0, 37, 1, 0, 8, 1, 0, 246, 11, 93]
1552553340931;[171, 0, 17, 255, 161, 76, 221, 12, 64, 0, 0, 34, 1, 0, 7, 1, 0, 245, 11, 103]
1552553340932;[171, 0, 17, 255, 161, 76, 221, 12, 64, 0, 0, 36, 1, 0, 5, 1, 0, 246, 11, 129]
1552553341098;[171, 0, 17, 255, 161, 76, 221, 12, 64, 0, 0, 34, 1, 0, 7, 1, 0, 245, 11, 145]
1552553341266;[171, 0, 17, 255, 161, 76, 221, 12, 64, 0, 0, 34, 1, 0, 7, 1, 0, 245, 11, 149]
1552553341267;[171, 0, 17, 255, 161, 76, 221, 12, 64, 0, 0, 34, 1, 0, 7, 1, 0, 249, 11, 132]
1552553341615;[171, 0, 4, 255, 132, 128, 58]
1552553341616;[171, 0, 17, 255, 161, 76, 221, 12, 64, 0, 0, 36, 1, 0, 8, 1, 0, 249, 11, 106]
1552553341617;[171, 0, 17, 255, 161, 76, 221, 12, 65, 0, 0, 40, 1, 0, 11, 1, 0, 245, 11, 84]
1552553341617;[171, 0, 17, 255, 161, 76, 221, 12, 65, 0, 0, 33, 1, 0, 9, 1, 0, 246, 11, 49]
1552553341784;[171, 0, 17, 255, 161, 76, 221, 12, 65, 0, 0, 34, 1, 0, 11, 1, 0, 246, 11, 10]
1552553341966;[171, 0, 17, 255, 161, 76, 221, 12, 65, 0, 0, 36, 1, 0, 7, 1, 0, 249, 10, 217]
1552553341967;[171, 0, 17, 255, 161, 76, 221, 12, 65, 0, 0, 34, 1, 0, 11, 1, 0, 249, 10, 170]
1552553342133;[171, 0, 17, 255, 161, 76, 221, 12, 65, 0, 0, 38, 1, 0, 7, 1, 0, 246, 10, 150]
1552553342134;[171, 0, 17, 255, 161, 76, 221, 12, 65, 0, 0, 35, 1, 0, 5, 1, 0, 242, 10, 172]
1552553342304;[171, 0, 17, 255, 161, 76, 221, 12, 65, 0, 0, 36, 1, 0, 5, 1, 0, 241, 10, 199]
1552553342304;[171, 0, 17, 255, 161, 76, 221, 12, 65, 0, 0, 36, 1, 0, 8, 1, 0, 248, 10, 197]
1552553342484;[171, 0, 4, 255, 132, 128, 57]
1552553342651;[171, 0, 17, 255, 161, 76, 221, 12, 65, 0, 0, 38, 1, 0, 7, 1, 0, 246, 10, 190]
1552553342652;[171, 0, 17, 255, 161, 76, 221, 12, 66, 0, 0, 38, 1, 0, 8, 1, 0, 246, 10, 173]
1552553342820;[171, 0, 17, 255, 161, 76, 221, 12, 66, 0, 0, 37, 1, 0, 8, 1, 0, 249, 10, 144]
1552553342820;[171, 0, 17, 255, 161, 76, 221, 12, 66, 0, 0, 38, 1, 0, 5, 1, 0, 246, 10, 128]
1552553343002;[171, 0, 17, 255, 161, 76, 221, 12, 66, 0, 0, 39, 1, 0, 8, 1, 0, 243, 10, 93]
1552553343170;[171, 0, 17, 255, 161, 76, 221, 12, 66, 0, 0, 38, 1, 0, 5, 1, 0, 246, 10, 51]
1552553343170;[171, 0, 17, 255, 161, 76, 221, 12, 66, 0, 0, 36, 1, 0, 6, 1, 0, 245, 10, 23]
1552553343337;[171, 0, 17, 255, 161, 76, 221, 12, 66, 0, 0, 38, 1, 0, 7, 1, 0, 243, 9, 243]
1552553343338;[171, 0, 17, 255, 161, 76, 221, 12, 66, 0, 0, 38, 1, 0, 8, 1, 0, 244, 10, 13]
1552553343520;[171, 0, 17, 255, 161, 76, 221, 12, 66, 0, 0, 32, 1, 0, 11, 1, 0, 245, 10, 37]
1552553343520;[171, 0, 4, 255, 132, 128, 57]
1552553343688;[171, 0, 17, 255, 161, 76, 221, 12, 66, 0, 0, 37, 1, 0, 8, 1, 0, 248, 10, 40]
1552553343855;[171, 0, 17, 255, 161, 76, 221, 12, 67, 0, 0, 38, 1, 0, 7, 1, 0, 245, 10, 50]
1552553343856;[171, 0, 17, 255, 161, 76, 221, 12, 67, 0, 0, 38, 1, 0, 9, 1, 0, 245, 10, 50]
1552553344039;[171, 0, 17, 255, 161, 76, 221, 12, 67, 0, 0, 38, 1, 0, 8, 1, 0, 248, 10, 31]
1552553344039;[171, 0, 17, 255, 161, 76, 221, 12, 67, 0, 0, 36, 1, 0, 8, 1, 0, 246, 10, 18]
1552553344372;[171, 0, 17, 255, 161, 76, 221, 12, 67, 0, 0, 38, 1, 0, 7, 1, 0, 248, 9, 249]
1552553344374;[171, 0, 17, 255, 161, 76, 221, 12, 67, 0, 0, 34, 1, 0, 4, 1, 0, 247, 9, 214]
1552553344375;[171, 0, 17, 255, 161, 76, 221, 12, 67, 0, 0, 38, 1, 0, 5, 1, 0, 248, 9, 187]
1552553344556;[171, 0, 17, 255, 161, 76, 221, 12, 67, 0, 0, 39, 1, 0, 6, 1, 0, 245, 9, 165]
1552553344557;[171, 0, 17, 255, 161, 76, 221, 12, 67, 0, 0, 36, 1, 0, 8, 1, 0, 245, 9, 200]
1552553344723;[171, 0, 4, 255, 132, 128, 57]
1552553344724;[171, 0, 17, 255, 161, 76, 221, 12, 67, 0, 0, 36, 1, 0, 5, 1, 0, 243, 9, 227]
1552553344891;[171, 0, 17, 255, 161, 76, 221, 12, 68, 0, 0, 34, 1, 0, 5, 1, 0, 249, 10, 5]
1552553345059;[171, 0, 17, 255, 161, 76, 221, 12, 68, 0, 0, 38, 1, 0, 5, 1, 0, 245, 10, 11]
1552553345074;[171, 0, 17, 255, 161, 76, 221, 12, 68, 0, 0, 36, 1, 0, 5, 1, 0, 247, 10, 17]
1552553345241;[171, 0, 17, 255, 161, 76, 221, 12, 68, 0, 0, 36, 1, 0, 8, 1, 0, 246, 10, 6]
1552553345242;[171, 0, 17, 255, 161, 76, 221, 12, 68, 0, 0, 38, 1, 0, 5, 1, 0, 246, 9, 239]
1552553345409;[171, 0, 17, 255, 161, 76, 221, 12, 68, 0, 0, 36, 1, 0, 8, 1, 0, 243, 9, 227]
1552553345409;[171, 0, 17, 255, 161, 76, 221, 12, 68, 0, 0, 38, 1, 0, 5, 1, 0, 248, 9, 193]
1552553345576;[171, 0, 17, 255, 161, 76, 221, 12, 68, 0, 0, 38, 1, 0, 6, 1, 0, 243, 9, 169]
1552553345759;[171, 0, 17, 255, 161, 76, 221, 12, 68, 0, 0, 36, 1, 0, 6, 1, 0, 246, 9, 174]
1552553345759;[171, 0, 4, 255, 132, 128, 57]
1552553345926;[171, 0, 17, 255, 161, 76, 221, 12, 68, 0, 0, 39, 1, 0, 5, 1, 0, 243, 9, 222]
1552553345926;[171, 0, 17, 255, 161, 76, 221, 12, 69, 0, 0, 36, 1, 0, 8, 1, 0, 248, 9, 241]
1552553346109;[171, 0, 17, 255, 161, 76, 221, 12, 69, 0, 0, 36, 1, 0, 8, 1, 0, 243, 9, 253]
1552553346110;[171, 0, 17, 255, 161, 76, 221, 12, 69, 0, 0, 33, 1, 0, 8, 1, 0, 243, 10, 12]
1552553346276;[171, 0, 17, 255, 161, 76, 221, 12, 69, 0, 0, 31, 1, 0, 7, 1, 0, 243, 10, 8]
1552553346444;[171, 0, 17, 255, 161, 76, 221, 12, 69, 0, 0, 38, 1, 0, 8, 1, 0, 246, 9, 252]
1552553346444;[171, 0, 17, 255, 161, 76, 221, 12, 69, 0, 0, 34, 1, 0, 9, 1, 0, 248, 9, 242]
1552553346611;[171, 0, 17, 255, 161, 76, 221, 12, 69, 0, 0, 34, 1, 0, 6, 1, 0, 246, 9, 216]
1552553346612;[171, 0, 17, 255, 161, 76, 221, 12, 69, 0, 0, 36, 1, 0, 9, 1, 0, 243, 9, 181]
1552553346795;[171, 0, 17, 255, 161, 76, 221, 12, 69, 0, 0, 38, 1, 0, 7, 1, 0, 242, 9, 173]
1552553346962;[171, 0, 4, 255, 132, 128, 56]
1552553346963;[171, 0, 17, 255, 161, 76, 221, 12, 69, 0, 0, 39, 1, 0, 7, 1, 0, 243, 9, 212]
1552553347131;[171, 0, 17, 255, 161, 76, 221, 12, 70, 0, 0, 38, 1, 0, 7, 1, 0, 243, 9, 244]
1552553347131;[171, 0, 17, 255, 161, 76, 221, 12, 70, 0, 0, 38, 1, 0, 7, 1, 0, 247, 10, 1]
1552553347313;[171, 0, 17, 255, 161, 76, 221, 12, 70, 0, 0, 38, 1, 0, 6, 1, 0, 248, 10, 8]
1552553347314;[171, 0, 17, 255, 161, 76, 221, 12, 70, 0, 0, 37, 1, 0, 7, 1, 0, 242, 9, 252]
1552553347648;[171, 0, 17, 255, 161, 76, 221, 12, 70, 0, 0, 38, 1, 0, 8, 1, 0, 245, 9, 245]
1552553347649;[171, 0, 17, 255, 161, 76, 221, 12, 70, 0, 0, 38, 1, 0, 5, 1, 0, 245, 9, 228]
1552553347664;[171, 0, 17, 255, 161, 76, 221, 12, 70, 0, 0, 38, 1, 0, 8, 1, 0, 249, 9, 198]
1552553347831;[171, 0, 17, 255, 161, 76, 221, 12, 70, 0, 0, 38, 1, 0, 8, 1, 0, 243, 9, 167]
1552553347832;[171, 0, 17, 255, 161, 76, 221, 12, 70, 0, 0, 38, 1, 0, 8, 1, 0, 245, 9, 197]
1552553347998;[171, 0, 4, 255, 132, 128, 56]
1552553348166;[171, 0, 17, 255, 161, 76, 221, 12, 70, 0, 0, 38, 1, 0, 5, 1, 0, 246, 9, 217]
1552553348167;[171, 0, 17, 255, 161, 76, 221, 12, 71, 0, 0, 37, 1, 0, 7, 1, 0, 247, 9, 234]
1552553348349;[171, 0, 17, 255, 161, 76, 221, 12, 71, 0, 0, 38, 1, 0, 4, 1, 0, 245, 9, 235]
1552553348349;[171, 0, 17, 255, 161, 76, 221, 12, 71, 0, 0, 37, 1, 0, 6, 1, 0, 245, 9, 225]
1552553348516;[171, 0, 17, 255, 161, 76, 221, 12, 71, 0, 0, 38, 1, 0, 5, 1, 0, 246, 9, 215]
1552553348516;[171, 0, 17, 255, 161, 76, 221, 12, 71, 0, 0, 36, 1, 0, 8, 1, 0, 245, 9, 181]
1552553348684;[171, 0, 17, 255, 161, 76, 221, 12, 71, 0, 0, 41, 1, 0, 4, 1, 0, 245, 9, 159]
1552553348867;[171, 0, 17, 255, 161, 76, 221, 12, 71, 0, 0, 39, 1, 0, 4, 1, 0, 248, 9, 121]
1552553348868;[171, 0, 17, 255, 161, 76, 221, 12, 71, 0, 0, 38, 1, 0, 5, 1, 0, 246, 9, 104]
1552553349034;[171, 0, 17, 255, 161, 76, 221, 12, 71, 0, 0, 38, 1, 0, 8, 1, 0, 247, 9, 127]
1552553349035;[171, 0, 4, 255, 132, 128, 56]
1552553349238;[171, 0, 17, 255, 161, 76, 221, 12, 71, 0, 0, 39, 1, 0, 10, 1, 0, 243, 9, 163]
1552553349238;[171, 0, 17, 255, 161, 76, 221, 12, 72, 0, 0, 39, 1, 0, 7, 1, 0, 246, 9, 170]
1552553349385;[171, 0, 17, 255, 161, 76, 221, 12, 72, 0, 0, 37, 1, 0, 4, 1, 0, 246, 9, 178]
1552553349552;[171, 0, 17, 255, 161, 76, 221, 12, 72, 0, 0, 36, 1, 0, 3, 1, 0, 246, 9, 171]
1552553349554;[171, 0, 17, 255, 161, 76, 221, 12, 72, 0, 0, 36, 1, 0, 8, 1, 0, 247, 9, 148]
1552553349719;[171, 0, 17, 255, 161, 76, 221, 12, 72, 0, 0, 39, 1, 0, 8, 1, 0, 246, 9, 129]
1552553349720;[171, 0, 17, 255, 161, 76, 221, 12, 72, 0, 0, 35, 1, 0, 4, 1, 0, 245, 9, 101]
1552553349903;[171, 0, 17, 255, 161, 76, 221, 12, 72, 0, 0, 38, 1, 0, 9, 1, 0, 246, 9, 68]
1552553350070;[171, 0, 17, 255, 161, 76, 221, 12, 72, 0, 0, 34, 1, 0, 6, 1, 0, 243, 9, 49]
1552553350421;[171, 0, 17, 255, 161, 76, 221, 12, 74, 0, 0, 38, 1, 0, 8, 1, 0, 249, 8, 229]
1552553350422;[171, 0, 17, 255, 161, 76, 221, 12, 75, 0, 0, 37, 1, 0, 5, 1, 0, 245, 8, 252]
1552553350422;[171, 0, 17, 255, 161, 76, 221, 12, 75, 0, 0, 36, 1, 0, 11, 1, 0, 243, 8, 255]
1552553350588;[171, 0, 17, 255, 161, 76, 221, 12, 75, 0, 0, 34, 1, 0, 5, 1, 0, 248, 8, 249]
1552553350755;[171, 0, 17, 255, 161, 76, 221, 12, 75, 0, 0, 34, 1, 0, 11, 1, 0, 245, 8, 235]
1552553350756;[171, 0, 17, 255, 161, 76, 221, 12, 75, 0, 0, 36, 1, 0, 8, 1, 0, 243, 8, 217]
1552553350939;[171, 0, 17, 255, 161, 76, 221, 12, 75, 0, 0, 38, 1, 0, 8, 1, 0, 243, 8, 187]
1552553350940;[171, 0, 17, 255, 161, 76, 221, 12, 75, 0, 0, 38, 1, 0, 4, 1, 0, 243, 8, 152]
1552553351106;[171, 0, 17, 255, 161, 76, 221, 12, 75, 0, 0, 36, 1, 0, 9, 1, 0, 246, 8, 112]
1552553351106;[171, 0, 17, 255, 161, 76, 221, 12, 75, 0, 0, 38, 1, 0, 10, 1, 0, 249, 8, 76]
1552553351274;[171, 0, 4, 255, 132, 128, 57]
1552553351441;[171, 0, 17, 255, 161, 76, 221, 12, 75, 0, 0, 36, 1, 0, 5, 1, 0, 245, 8, 75]
1552553351456;[171, 0, 17, 255, 161, 76, 221, 12, 76, 0, 0, 36, 1, 0, 8, 1, 0, 245, 8, 107]
1552553351624;[171, 0, 17, 255, 161, 76, 221, 12, 76, 0, 0, 38, 1, 0, 8, 1, 0, 246, 8, 126]
1552553351624;[171, 0, 17, 255, 161, 76, 221, 12, 76, 0, 0, 34, 1, 0, 7, 1, 0, 248, 8, 125]
1552553351975;[171, 0, 17, 255, 161, 76, 221, 12, 76, 0, 0, 38, 1, 0, 8, 1, 0, 246, 8, 123]
1552553351976;[171, 0, 17, 255, 161, 76, 221, 12, 76, 0, 0, 36, 1, 0, 10, 1, 0, 245, 8, 113]
1552553351976;[171, 0, 17, 255, 161, 76, 221, 12, 76, 0, 0, 36, 1, 0, 4, 1, 0, 245, 8, 96]
1552553352142;[171, 0, 17, 255, 161, 76, 221, 12, 76, 0, 0, 38, 1, 0, 6, 1, 0, 247, 8, 63]
1552553352142;[171, 0, 17, 255, 161, 76, 221, 12, 76, 0, 0, 34, 1, 0, 10, 1, 0, 249, 8, 35]
1552553352309;[171, 0, 17, 255, 161, 76, 221, 12, 76, 0, 0, 39, 1, 0, 7, 1, 0, 243, 8, 11]
1552553352309;[171, 0, 4, 255, 132, 128, 57]
1552553352477;[171, 0, 17, 255, 161, 76, 221, 12, 76, 0, 0, 38, 1, 0, 7, 1, 0, 246, 8, 42]
1552553352660;[171, 0, 17, 255, 161, 76, 221, 12, 77, 0, 0, 32, 1, 0, 5, 1, 0, 247, 8, 75]
1552553352660;[171, 0, 17, 255, 161, 76, 221, 12, 77, 0, 0, 40, 1, 0, 11, 1, 0, 247, 8, 92]
1552553352827;[171, 0, 17, 255, 161, 76, 221, 12, 77, 0, 0, 38, 1, 0, 5, 1, 0, 245, 8, 113]
1552553352827;[171, 0, 17, 255, 161, 76, 221, 12, 77, 0, 0, 34, 1, 0, 5, 1, 0, 245, 8, 101]
1552553352995;[171, 0, 17, 255, 161, 76, 221, 12, 77, 0, 0, 36, 1, 0, 8, 1, 0, 242, 8, 108]
1552553352996;[171, 0, 17, 255, 161, 76, 221, 12, 77, 0, 0, 36, 1, 0, 6, 1, 0, 248, 8, 89]
1552553353178;[171, 0, 17, 255, 161, 76, 221, 12, 77, 0, 0, 39, 1, 0, 5, 1, 0, 249, 8, 70]
1552553353344;[171, 0, 17, 255, 161, 76, 221, 12, 77, 0, 0, 36, 1, 0, 5, 1, 0, 245, 8, 52]
1552553353345;[171, 0, 17, 255, 161, 76, 221, 12, 77, 0, 0, 38, 1, 0, 7, 1, 0, 242, 8, 33]
1552553353512;[171, 0, 4, 255, 132, 128, 57]
1552553353513;[171, 0, 17, 255, 161, 76, 221, 12, 77, 0, 0, 38, 1, 0, 7, 1, 0, 246, 8, 76]
1552553353696;[171, 0, 17, 255, 161, 76, 221, 12, 78, 0, 0, 36, 1, 0, 7, 1, 0, 245, 8, 127]
1552553353862;[171, 0, 17, 255, 161, 76, 221, 12, 78, 0, 0, 36, 1, 0, 7, 1, 0, 249, 8, 159]
1552553353863;[171, 0, 17, 255, 161, 76, 221, 12, 78, 0, 0, 36, 1, 0, 9, 1, 0, 246, 8, 183]
1552553354214;[171, 0, 17, 255, 161, 76, 221, 12, 78, 0, 0, 40, 1, 0, 8, 1, 0, 248, 8, 195]
1552553354214;[171, 0, 17, 255, 161, 76, 221, 12, 78, 0, 0, 37, 1, 0, 9, 1, 0, 248, 8, 201]
1552553354215;[171, 0, 17, 255, 161, 76, 221, 12, 78, 0, 0, 36, 1, 0, 10, 1, 0, 246, 8, 181]
1552553354215;[171, 0, 17, 255, 161, 76, 221, 12, 78, 0, 0, 39, 1, 0, 7, 1, 0, 246, 8, 167]
1552553354380;[171, 0, 17, 255, 161, 76, 221, 12, 78, 0, 0, 38, 1, 0, 8, 1, 0, 243, 8, 152]
1552553354731;[171, 0, 17, 255, 161, 76, 221, 12, 78, 0, 0, 36, 1, 0, 4, 1, 0, 245, 8, 151]
1552553354732;[171, 0, 4, 255, 132, 128, 58]
1552553354733;[171, 0, 17, 255, 161, 76, 221, 12, 78, 0, 0, 39, 1, 0, 5, 1, 0, 248, 8, 198]
1552553354734;[171, 0, 17, 255, 161, 76, 221, 12, 79, 0, 0, 40, 1, 0, 9, 1, 0, 248, 9, 0]
1552553354899;[171, 0, 17, 255, 161, 76, 221, 12, 79, 0, 0, 34, 1, 0, 10, 1, 0, 246, 9, 20]
1552553354899;[171, 0, 17, 255, 161, 76, 221, 12, 79, 0, 0, 36, 1, 0, 8, 1, 0, 243, 9, 37]
1552553355067;[171, 0, 17, 255, 161, 76, 221, 12, 79, 0, 0, 34, 1, 0, 7, 1, 0, 246, 9, 40]
1552553355250;[171, 0, 17, 255, 161, 76, 221, 12, 79, 0, 0, 38, 1, 0, 5, 1, 0, 249, 9, 38]
1552553355250;[171, 0, 17, 255, 161, 76, 221, 12, 79, 0, 0, 34, 1, 0, 9, 1, 0, 248, 9, 17]
1552553355416;[171, 0, 17, 255, 161, 76, 221, 12, 79, 0, 0, 38, 1, 0, 5, 1, 0, 248, 8, 249]
1552553355417;[171, 0, 17, 255, 161, 76, 221, 12, 79, 0, 0, 37, 1, 0, 7, 1, 0, 246, 8, 223]
1552553355584;[171, 0, 17, 255, 161, 76, 221, 12, 79, 0, 0, 38, 1, 0, 9, 1, 0, 245, 8, 241]
1552553355768;[171, 0, 4, 255, 132, 128, 58]
1552553355768;[171, 0, 17, 255, 161, 76, 221, 12, 79, 0, 0, 38, 1, 0, 10, 1, 0, 245, 9, 38]
1552553355935;[171, 0, 17, 255, 161, 76, 221, 12, 80, 0, 0, 39, 1, 0, 5, 1, 0, 246, 9, 57]
1552553355935;[171, 0, 17, 255, 161, 76, 221, 12, 80, 0, 0, 32, 1, 0, 7, 1, 0, 249, 9, 59]
1552553356102;[171, 0, 17, 255, 161, 76, 221, 12, 80, 0, 0, 38, 1, 0, 3, 1, 0, 246, 9, 59]
1552553356103;[171, 0, 17, 255, 161, 76, 221, 12, 80, 0, 0, 38, 1, 0, 10, 1, 0, 242, 9, 52]
1552553356286;[171, 0, 17, 255, 161, 76, 221, 12, 80, 0, 0, 37, 1, 0, 8, 1, 0, 246, 9, 27]
1552553356453;[171, 0, 17, 255, 161, 76, 221, 12, 80, 0, 0, 38, 1, 0, 4, 1, 0, 246, 8, 254]
1552553356453;[171, 0, 17, 255, 161, 76, 221, 12, 80, 0, 0, 36, 1, 0, 8, 1, 0, 245, 8, 221]
1552553356788;[171, 0, 17, 255, 161, 76, 221, 12, 80, 0, 0, 39, 1, 0, 7, 1, 0, 249, 8, 183]
1552553356971;[171, 0, 17, 255, 161, 76, 221, 12, 80, 0, 0, 38, 1, 0, 4, 1, 0, 246, 8, 157]
1552553357138;[171, 0, 4, 255, 132, 128, 58]
1552553357139;[171, 0, 17, 255, 161, 76, 221, 12, 80, 0, 0, 38, 1, 0, 7, 1, 0, 246, 8, 193]
1552553357140;[171, 0, 17, 255, 161, 76, 221, 12, 81, 0, 0, 37, 1, 0, 7, 1, 0, 243, 8, 208]
1552553357140;[171, 0, 17, 255, 161, 76, 221, 12, 81, 0, 0, 35, 1, 0, 8, 1, 0, 245, 8, 206]
1552553357158;[171, 0, 17, 255, 161, 76, 221, 12, 81, 0, 0, 36, 1, 0, 8, 1, 0, 246, 8, 203]
1552553357306;[171, 0, 17, 255, 161, 76, 221, 12, 81, 0, 0, 39, 1, 0, 8, 1, 0, 245, 8, 180]
1552553357321;[171, 0, 17, 255, 161, 76, 221, 12, 81, 0, 0, 36, 1, 0, 7, 1, 0, 245, 8, 150]
1552553357488;[171, 0, 17, 255, 161, 76, 221, 12, 81, 0, 0, 37, 1, 0, 7, 1, 0, 243, 8, 122]
1552553357656;[171, 0, 17, 255, 161, 76, 221, 12, 81, 0, 0, 36, 1, 0, 8, 1, 0, 245, 8, 87]
1552553357656;[171, 0, 17, 255, 161, 76, 221, 12, 81, 0, 0, 30, 1, 0, 8, 1, 0, 245, 8, 45]
1552553358006;[171, 0, 17, 255, 161, 76, 221, 12, 81, 0, 0, 35, 1, 0, 8, 1, 0, 243, 7, 250]
1552553358007;[171, 0, 4, 255, 132, 128, 58]
1552553358007;[171, 0, 17, 255, 161, 76, 221, 12, 81, 0, 0, 36, 1, 0, 8, 1, 0, 242, 7, 236]
1552553358008;[171, 0, 17, 255, 161, 76, 221, 12, 82, 0, 0, 39, 1, 0, 8, 1, 0, 248, 8, 8]
1552553358174;[171, 0, 17, 255, 161, 76, 221, 12, 82, 0, 0, 38, 1, 0, 8, 1, 0, 248, 8, 18]
1552553358341;[171, 0, 17, 255, 161, 76, 221, 12, 82, 0, 0, 38, 1, 0, 5, 1, 0, 248, 8, 24]
1552553358357;[171, 0, 17, 255, 161, 76, 221, 12, 82, 0, 0, 37, 1, 0, 9, 1, 0, 242, 8, 15]
1552553358524;[171, 0, 17, 255, 161, 76, 221, 12, 82, 0, 0, 38, 1, 0, 8, 1, 0, 249, 7, 242]
1552553358524;[171, 0, 17, 255, 161, 76, 221, 12, 82, 0, 0, 36, 1, 0, 7, 1, 0, 243, 7, 216]
1552553358691;[171, 0, 17, 255, 161, 76, 221, 12, 82, 0, 0, 36, 1, 0, 8, 1, 0, 246, 7, 187]
1552553358859;[171, 0, 17, 255, 161, 76, 221, 12, 82, 0, 0, 34, 1, 0, 5, 1, 0, 245, 7, 156]
1552553358860;[171, 0, 17, 255, 161, 76, 221, 12, 82, 0, 0, 40, 1, 0, 10, 1, 0, 246, 7, 121]
1552553359042;[171, 0, 4, 255, 132, 128, 58]
1552553359043;[171, 0, 17, 255, 161, 76, 221, 12, 82, 0, 0, 38, 1, 0, 9, 1, 0, 248, 7, 111]
1552553359210;[171, 0, 17, 255, 161, 76, 221, 12, 83, 0, 0, 36, 1, 0, 7, 1, 0, 243, 7, 142]
1552553359210;[171, 0, 17, 255, 161, 76, 221, 12, 83, 0, 0, 38, 1, 0, 4, 1, 0, 246, 7, 152]
1552553359377;[171, 0, 17, 255, 161, 76, 221, 12, 83, 0, 0, 39, 1, 0, 7, 1, 0, 246, 7, 150]
1552553359560;[171, 0, 17, 255, 161, 76, 221, 12, 83, 0, 0, 38, 1, 0, 6, 1, 0, 245, 7, 148]
1552553359561;[171, 0, 17, 255, 161, 76, 221, 12, 83, 0, 0, 34, 1, 0, 8, 1, 0, 246, 7, 134]
1552553359727;[171, 0, 17, 255, 161, 76, 221, 12, 83, 0, 0, 40, 1, 0, 10, 1, 0, 248, 7, 118]
1552553359729;[171, 0, 17, 255, 161, 76, 221, 12, 83, 0, 0, 38, 1, 0, 7, 1, 0, 246, 7, 93]
1552553359895;[171, 0, 17, 255, 161, 76, 221, 12, 83, 0, 0, 38, 1, 0, 5, 1, 0, 243, 7, 61]
1552553359896;[171, 0, 17, 255, 161, 76, 221, 12, 83, 0, 0, 36, 1, 0, 11, 1, 0, 246, 7, 29]
1552553360246;[171, 0, 4, 255, 132, 128, 59]
1552553360247;[171, 0, 17, 255, 161, 76, 221, 12, 83, 0, 0, 36, 1, 0, 8, 1, 0, 243, 6, 241]
1552553360247;[171, 0, 17, 255, 161, 76, 221, 12, 84, 0, 0, 38, 1, 0, 5, 1, 0, 243, 6, 221]
1552553360414;[171, 0, 17, 255, 161, 76, 221, 12, 84, 0, 0, 36, 1, 0, 7, 1, 0, 243, 6, 248]
1552553360414;[171, 0, 17, 255, 161, 76, 221, 12, 84, 0, 0, 37, 1, 0, 7, 1, 0, 245, 7, 26]
1552553360596;[171, 0, 17, 255, 161, 76, 221, 12, 84, 0, 0, 38, 1, 0, 11, 1, 0, 243, 7, 40]
1552553360763;[171, 0, 17, 255, 161, 76, 221, 12, 84, 0, 0, 34, 1, 0, 10, 1, 0, 243, 7, 56]
1552553360764;[171, 0, 17, 255, 161, 76, 221, 12, 84, 0, 0, 36, 1, 0, 8, 1, 0, 245, 7, 45]
1552553360931;[171, 0, 17, 255, 161, 76, 221, 12, 84, 0, 0, 36, 1, 0, 4, 1, 0, 247, 7, 37]
1552553360932;[171, 0, 17, 255, 161, 76, 221, 12, 84, 0, 0, 39, 1, 0, 10, 1, 0, 246, 7, 24]
1552553361114;[171, 0, 17, 255, 161, 76, 221, 12, 84, 0, 0, 37, 1, 0, 7, 1, 0, 246, 7, 7]
1552553361115;[171, 0, 4, 255, 132, 128, 59]
1552553361282;[171, 0, 17, 255, 161, 76, 221, 12, 84, 0, 0, 36, 1, 0, 7, 1, 0, 243, 6, 231]
1552553361450;[171, 0, 17, 255, 161, 76, 221, 12, 85, 0, 0, 39, 1, 0, 5, 1, 0, 243, 6, 206]
1552553361450;[171, 0, 17, 255, 161, 76, 221, 12, 85, 0, 0, 37, 1, 0, 4, 1, 0, 243, 6, 204]
1552553361633;[171, 0, 17, 255, 161, 76, 221, 12, 85, 0, 0, 34, 1, 0, 5, 1, 0, 245, 6, 243]
1552553361634;[171, 0, 17, 255, 161, 76, 221, 12, 85, 0, 0, 40, 1, 0, 9, 1, 0, 246, 7, 12]
1552553361800;[171, 0, 17, 255, 161, 76, 221, 12, 85, 0, 0, 38, 1, 0, 8, 1, 0, 243, 7, 43]
1552553361800;[171, 0, 17, 255, 161, 76, 221, 12, 85, 0, 0, 39, 1, 0, 7, 1, 0, 246, 7, 64]
1552553361966;[171, 0, 17, 255, 161, 76, 221, 12, 85, 0, 0, 34, 1, 0, 4, 1, 0, 246, 7, 59]
1552553362151;[171, 0, 17, 255, 161, 76, 221, 12, 85, 0, 0, 36, 1, 0, 8, 1, 0, 243, 7, 68]
1552553362151;[171, 0, 17, 255, 161, 76, 221, 12, 85, 0, 0, 36, 1, 0, 8, 1, 0, 243, 7, 61]
1552553362317;[171, 0, 4, 255, 132, 128, 59]
1552553362318;[171, 0, 17, 255, 161, 76, 221, 12, 85, 0, 0, 38, 1, 0, 10, 1, 0, 246, 7, 48]
1552553362485;[171, 0, 17, 255, 161, 76, 221, 12, 86, 0, 0, 36, 1, 0, 6, 1, 0, 248, 7, 50]
1552553362668;[171, 0, 17, 255, 161, 76, 221, 12, 86, 0, 0, 32, 1, 0, 10, 1, 0, 249, 7, 114]
1552553362669;[171, 0, 17, 255, 161, 76, 221, 12, 86, 0, 0, 39, 1, 0, 5, 1, 0, 243, 7, 153]
1552553362836;[171, 0, 17, 255, 161, 76, 221, 12, 86, 0, 0, 35, 1, 0, 8, 1, 0, 245, 7, 177]
1552553362836;[171, 0, 17, 255, 161, 76, 221, 12, 86, 0, 0, 36, 1, 0, 7, 1, 0, 249, 7, 196]
1552553363003;[171, 0, 17, 255, 161, 76, 221, 12, 86, 0, 0, 32, 1, 0, 5, 1, 0, 249, 7, 205]
1552553363004;[171, 0, 17, 255, 161, 76, 221, 12, 86, 0, 0, 34, 1, 0, 11, 1, 0, 246, 7, 211]
1552553363170;[171, 0, 17, 255, 161, 76, 221, 12, 86, 0, 0, 37, 1, 0, 4, 1, 0, 247, 7, 201]
1552553363354;[171, 0, 17, 255, 161, 76, 221, 12, 86, 0, 0, 36, 1, 0, 6, 1, 0, 247, 7, 185]
1552553363354;[171, 0, 4, 255, 132, 128, 59]
1552553363521;[171, 0, 17, 255, 161, 76, 221, 12, 86, 0, 0, 36, 1, 0, 7, 1, 0, 245, 7, 186]
1552553363521;[171, 0, 17, 255, 161, 76, 221, 12, 87, 0, 0, 39, 1, 0, 6, 1, 0, 246, 7, 249]
1552553363689;[171, 0, 17, 255, 161, 76, 221, 12, 87, 0, 0, 38, 1, 0, 9, 1, 0, 249, 8, 47]
1552553364039;[171, 0, 17, 255, 161, 76, 221, 12, 87, 0, 0, 38, 1, 0, 10, 1, 0, 243, 8, 71]
1552553364039;[171, 0, 17, 255, 161, 76, 221, 12, 87, 0, 0, 36, 1, 0, 9, 1, 0, 243, 8, 87]
1552553364040;[171, 0, 17, 255, 161, 76, 221, 12, 87, 0, 0, 38, 1, 0, 7, 1, 0, 247, 8, 87]
1552553364041;[171, 0, 17, 255, 161, 76, 221, 12, 87, 0, 0, 34, 1, 0, 7, 1, 0, 247, 8, 75]
1552553364206;[171, 0, 17, 255, 161, 76, 221, 12, 87, 0, 0, 38, 1, 0, 4, 1, 0, 243, 8, 61]
1552553364207;[171, 0, 17, 255, 161, 76, 221, 12, 87, 0, 0, 38, 1, 0, 5, 1, 0, 248, 8, 44]
1552553364390;[171, 0, 17, 255, 161, 76, 221, 12, 87, 0, 0, 34, 1, 0, 5, 1, 0, 245, 8, 94]
1552553364557;[171, 0, 4, 255, 132, 128, 59]
1552553364558;[171, 0, 17, 255, 161, 76, 221, 12, 87, 0, 0, 39, 1, 0, 10, 1, 0, 245, 8, 135]
1552553364725;[171, 0, 17, 255, 161, 76, 221, 12, 88, 0, 0, 40, 1, 0, 5, 1, 0, 246, 8, 158]
1552553364741;[171, 0, 17, 255, 161, 76, 221, 12, 88, 0, 0, 39, 1, 0, 11, 1, 0, 243, 8, 161]
1552553364907;[171, 0, 17, 255, 161, 76, 221, 12, 88, 0, 0, 38, 1, 0, 11, 1, 0, 242, 8, 161]
1552553364908;[171, 0, 17, 255, 161, 76, 221, 12, 88, 0, 0, 32, 1, 0, 8, 1, 0, 243, 8, 145]
1552553365074;[171, 0, 17, 255, 161, 76, 221, 12, 88, 0, 0, 39, 1, 0, 10, 1, 0, 244, 8, 133]
1552553365242;[171, 0, 17, 255, 161, 76, 221, 12, 88, 0, 0, 38, 1, 0, 10, 1, 0, 246, 8, 111]
1552553365243;[171, 0, 17, 255, 161, 76, 221, 12, 88, 0, 0, 34, 1, 0, 7, 1, 0, 249, 8, 123]
1552553365425;[171, 0, 17, 255, 161, 76, 221, 12, 88, 0, 0, 37, 1, 0, 10, 1, 0, 243, 8, 171]
1552553365426;[171, 0, 17, 255, 161, 76, 221, 12, 88, 0, 0, 33, 1, 0, 11, 1, 0, 248, 8, 198]
1552553365593;[171, 0, 4, 255, 132, 128, 59]
1552553365760;[171, 0, 17, 255, 161, 76, 221, 12, 88, 0, 0, 38, 1, 0, 8, 1, 0, 245, 8, 210]
1552553365761;[171, 0, 17, 255, 161, 76, 221, 12, 89, 0, 0, 37, 1, 0, 8, 1, 0, 246, 8, 207]
1552553365943;[171, 0, 17, 255, 161, 76, 221, 12, 89, 0, 0, 34, 1, 0, 10, 1, 0, 249, 8, 179]
1552553365944;[171, 0, 17, 255, 161, 76, 221, 12, 89, 0, 0, 36, 1, 0, 7, 1, 0, 245, 8, 158]
1552553366111;[171, 0, 17, 255, 161, 76, 221, 12, 89, 0, 0, 39, 1, 0, 7, 1, 0, 248, 8, 121]
1552553366111;[171, 0, 17, 255, 161, 76, 221, 12, 89, 0, 0, 38, 1, 0, 7, 1, 0, 249, 8, 76]
1552553366279;[171, 0, 17, 255, 161, 76, 221, 12, 89, 0, 0, 38, 1, 0, 7, 1, 0, 245, 8, 30]
1552553366461;[171, 0, 17, 255, 161, 76, 221, 12, 89, 0, 0, 38, 1, 0, 11, 1, 0, 243, 8, 43]
1552553366462;[171, 0, 17, 255, 161, 76, 221, 12, 89, 0, 0, 36, 1, 0, 5, 1, 0, 245, 8, 79]
1552553366628;[171, 0, 17, 255, 161, 76, 221, 12, 89, 0, 0, 36, 1, 0, 7, 1, 0, 245, 8, 90]
1552553366629;[171, 0, 4, 255, 132, 128, 59]
1552553366797;[171, 0, 17, 255, 161, 76, 221, 12, 89, 0, 0, 38, 1, 0, 9, 1, 0, 245, 8, 90]
1552553366797;[171, 0, 17, 255, 161, 76, 221, 12, 90, 0, 0, 39, 1, 0, 11, 1, 0, 242, 8, 73]
1552553366979;[171, 0, 17, 255, 161, 76, 221, 12, 90, 0, 0, 38, 1, 0, 8, 1, 0, 247, 8, 44]
1552553367146;[171, 0, 17, 255, 161, 76, 221, 12, 90, 0, 0, 38, 1, 0, 7, 1, 0, 247, 8, 19]
1552553367147;[171, 0, 17, 255, 161, 76, 221, 12, 90, 0, 0, 38, 1, 0, 5, 1, 0, 246, 7, 230]
1552553367315;[171, 0, 17, 255, 161, 76, 221, 12, 90, 0, 0, 38, 1, 0, 8, 1, 0, 248, 7, 189]
1552553367316;[171, 0, 17, 255, 161, 76, 221, 12, 90, 0, 0, 39, 1, 0, 11, 1, 0, 243, 7, 161]
1552553367497;[171, 0, 17, 255, 161, 76, 221, 12, 90, 0, 0, 38, 1, 0, 9, 1, 0, 245, 7, 162]
1552553367664;[171, 0, 17, 255, 161, 76, 221, 12, 90, 0, 0, 36, 1, 0, 8, 1, 0, 245, 7, 177]
1552553367665;[171, 0, 17, 255, 161, 76, 221, 12, 90, 0, 0, 38, 1, 0, 8, 1, 0, 245, 7, 182]
1552553367832;[171, 0, 4, 255, 132, 128, 60]
1552553367833;[171, 0, 17, 255, 161, 76, 221, 12, 90, 0, 0, 38, 1, 0, 7, 1, 0, 247, 7, 176]
1552553368015;[171, 0, 17, 255, 161, 76, 221, 12, 91, 0, 0, 35, 1, 0, 8, 1, 0, 249, 7, 166]
1552553368016;[171, 0, 17, 255, 161, 76, 221, 12, 91, 0, 0, 40, 1, 0, 6, 1, 0, 245, 7, 136]
1552553368181;[171, 0, 17, 255, 161, 76, 221, 12, 91, 0, 0, 38, 1, 0, 5, 1, 0, 245, 7, 113]
1552553368349;[171, 0, 17, 255, 161, 76, 221, 12, 91, 0, 0, 35, 1, 0, 10, 1, 0, 245, 7, 75]
1552553368351;[171, 0, 17, 255, 161, 76, 221, 12, 91, 0, 0, 39, 1, 0, 11, 1, 0, 243, 7, 37]
1552553368533;[171, 0, 17, 255, 161, 76, 221, 12, 91, 0, 0, 38, 1, 0, 4, 1, 0, 248, 6, 254]
1552553368534;[171, 0, 17, 255, 161, 76, 221, 12, 91, 0, 0, 37, 1, 0, 7, 1, 0, 243, 6, 209]
1552553368700;[171, 0, 17, 255, 161, 76, 221, 12, 91, 0, 0, 37, 1, 0, 10, 1, 0, 247, 6, 217]
1552553368700;[171, 0, 17, 255, 161, 76, 221, 12, 91, 0, 0, 36, 1, 0, 7, 1, 0, 243, 6, 232]
1552553369035;[171, 0, 4, 255, 132, 128, 60]
1552553369053;[171, 0, 17, 255, 161, 76, 221, 12, 91, 0, 0, 36, 1, 0, 5, 1, 0, 245, 7, 1]
1552553369054;[171, 0, 17, 255, 161, 76, 221, 12, 92, 0, 0, 36, 1, 0, 7, 1, 0, 245, 7, 1]
1552553369218;[171, 0, 17, 255, 161, 76, 221, 12, 92, 0, 0, 38, 1, 0, 8, 1, 0, 246, 6, 252]
1552553369218;[171, 0, 17, 255, 161, 76, 221, 12, 92, 0, 0, 34, 1, 0, 7, 1, 0, 243, 6, 247]
1552553369385;[171, 0, 17, 255, 161, 76, 221, 12, 92, 0, 0, 38, 1, 0, 5, 1, 0, 242, 6, 217]
1552553369568;[171, 0, 17, 255, 161, 76, 221, 12, 92, 0, 0, 35, 1, 0, 7, 1, 0, 242, 6, 183]
1552553369570;[171, 0, 17, 255, 161, 76, 221, 12, 92, 0, 0, 36, 1, 0, 10, 1, 0, 248, 6, 149]
1552553369736;[171, 0, 17, 255, 161, 76, 221, 12, 92, 0, 0, 40, 1, 0, 9, 1, 0, 243, 6, 99]
1552553369737;[171, 0, 17, 255, 161, 76, 221, 12, 92, 0, 0, 36, 1, 0, 8, 1, 0, 245, 6, 58]
1552553369902;[171, 0, 17, 255, 161, 76, 221, 12, 92, 0, 0, 38, 1, 0, 10, 1, 0, 246, 6, 77]
1552553369903;[171, 0, 4, 255, 132, 128, 60]
1552553370070;[171, 0, 17, 255, 161, 76, 221, 12, 92, 0, 0, 38, 1, 0, 3, 1, 0, 246, 6, 92]
1552553370253;[171, 0, 17, 255, 161, 76, 221, 12, 93, 0, 0, 41, 1, 0, 8, 1, 0, 245, 6, 112]
1552553370254;[171, 0, 17, 255, 161, 76, 221, 12, 93, 0, 0, 39, 1, 0, 8, 1, 0, 245, 6, 113]
1552553370421;[171, 0, 17, 255, 161, 76, 221, 12, 93, 0, 0, 41, 1, 0, 5, 1, 0, 246, 6, 105]
1552553370421;[171, 0, 17, 255, 161, 76, 221, 12, 93, 0, 0, 39, 1, 0, 6, 1, 0, 245, 6, 88]
1552553370589;[171, 0, 17, 255, 161, 76, 221, 12, 93, 0, 0, 37, 1, 0, 7, 1, 0, 245, 6, 69]
1552553370771;[171, 0, 17, 255, 161, 76, 221, 12, 93, 0, 0, 39, 1, 0, 5, 1, 0, 243, 6, 42]
1552553370772;[171, 0, 17, 255, 161, 76, 221, 12, 93, 0, 0, 38, 1, 0, 7, 1, 0, 246, 6, 38]
1552553370938;[171, 0, 17, 255, 161, 76, 221, 12, 93, 0, 0, 41, 1, 0, 10, 1, 0, 243, 6, 82]
1552553371107;[171, 0, 17, 255, 161, 76, 221, 12, 93, 0, 0, 41, 1, 0, 7, 1, 0, 243, 6, 99]
1552553371122;[171, 0, 4, 255, 132, 128, 60]
1552553371123;[171, 0, 17, 255, 161, 76, 221, 12, 93, 0, 0, 36, 1, 0, 5, 1, 0, 245, 6, 115]
1552553371289;[171, 0, 17, 255, 161, 76, 221, 12, 94, 0, 0, 41, 1, 0, 11, 1, 0, 248, 6, 125]
1552553371456;[171, 0, 17, 255, 161, 76, 221, 12, 94, 0, 0, 38, 1, 0, 8, 1, 0, 245, 6, 122]
1552553371473;[171, 0, 17, 255, 161, 76, 221, 12, 94, 0, 0, 41, 1, 0, 9, 1, 0, 243, 6, 121]
1552553371624;[171, 0, 17, 255, 161, 76, 221, 12, 94, 0, 0, 41, 1, 0, 7, 1, 0, 248, 6, 96]
1552553371625;[171, 0, 17, 255, 161, 76, 221, 12, 94, 0, 0, 36, 1, 0, 10, 1, 0, 245, 6, 96]
1552553371808;[171, 0, 17, 255, 161, 76, 221, 12, 94, 0, 0, 41, 1, 0, 5, 1, 0, 243, 6, 145]
1552553371808;[171, 0, 17, 255, 161, 76, 221, 12, 94, 0, 0, 36, 1, 0, 10, 1, 0, 245, 6, 181]
1552553371975;[171, 0, 17, 255, 161, 76, 221, 12, 94, 0, 0, 40, 1, 0, 10, 1, 0, 247, 6, 210]
1552553372142;[171, 0, 17, 255, 161, 76, 221, 12, 96, 0, 0, 40, 1, 0, 10, 1, 0, 245, 7, 30]
1552553372325;[171, 0, 17, 255, 161, 76, 221, 12, 97, 0, 0, 39, 1, 0, 8, 1, 0, 248, 7, 6]
1552553372493;[171, 0, 17, 255, 161, 76, 221, 12, 97, 0, 0, 38, 1, 0, 8, 1, 0, 243, 7, 44]
1552553372661;[171, 0, 17, 255, 161, 76, 221, 12, 97, 0, 0, 38, 1, 0, 7, 1, 0, 245, 7, 66]
1552553372661;[171, 0, 17, 255, 161, 76, 221, 12, 97, 0, 0, 38, 1, 0, 10, 1, 0, 247, 7, 72]
1552553372843;[171, 0, 17, 255, 161, 76, 221, 12, 97, 0, 0, 38, 1, 0, 11, 1, 0, 245, 7, 65]
1552553372844;[171, 0, 17, 255, 161, 76, 221, 12, 97, 0, 0, 36, 1, 0, 6, 1, 0, 248, 7, 39]
1552553373010;[171, 0, 17, 255, 161, 76, 221, 12, 97, 0, 0, 38, 1, 0, 9, 1, 0, 248, 7, 15]
1552553373011;[171, 0, 17, 255, 161, 76, 221, 12, 97, 0, 0, 38, 1, 0, 5, 1, 0, 246, 6, 239]
1552553373179;[171, 0, 17, 255, 161, 76, 221, 12, 97, 0, 0, 36, 1, 0, 10, 1, 0, 246, 6, 198]
1552553373361;[171, 0, 4, 255, 132, 128, 61]
1552553373362;[171, 0, 17, 255, 161, 76, 221, 12, 97, 0, 0, 38, 1, 0, 8, 1, 0, 243, 6, 179]
1552553373528;[171, 0, 17, 255, 161, 76, 221, 12, 98, 0, 0, 39, 1, 0, 8, 1, 0, 246, 6, 205]
1552553373528;[171, 0, 17, 255, 161, 76, 221, 12, 98, 0, 0, 33, 1, 0, 11, 1, 0, 243, 6, 200]
1552553373697;[171, 0, 17, 255, 161, 76, 221, 12, 98, 0, 0, 36, 1, 0, 8, 1, 0, 243, 6, 184]
1552553373698;[171, 0, 17, 255, 161, 76, 221, 12, 98, 0, 0, 34, 1, 0, 10, 1, 0, 243, 6, 169]
1552553373879;[171, 0, 17, 255, 161, 76, 221, 12, 98, 0, 0, 38, 1, 0, 7, 1, 0, 243, 6, 146]
1552553374046;[171, 0, 17, 255, 161, 76, 221, 12, 98, 0, 0, 39, 1, 0, 9, 1, 0, 245, 6, 111]
1552553374047;[171, 0, 17, 255, 161, 76, 221, 12, 98, 0, 0, 37, 1, 0, 11, 1, 0, 243, 6, 75]
1552553374213;[171, 0, 17, 255, 161, 76, 221, 12, 98, 0, 0, 38, 1, 0, 11, 1, 0, 243, 6, 36]
1552553374215;[171, 0, 17, 255, 161, 76, 221, 12, 98, 0, 0, 36, 1, 0, 8, 1, 0, 246, 6, 12]
1552553374397;[171, 0, 4, 255, 132, 128, 61]
1552553374565;[171, 0, 17, 255, 161, 76, 221, 12, 98, 0, 0, 37, 1, 0, 7, 1, 0, 245, 6, 34]
1552553374565;[171, 0, 17, 255, 161, 76, 221, 12, 99, 0, 0, 39, 1, 0, 8, 1, 0, 245, 6, 48]
1552553374732;[171, 0, 17, 255, 161, 76, 221, 12, 99, 0, 0, 39, 1, 0, 8, 1, 0, 243, 6, 38]
1552553374733;[171, 0, 17, 255, 161, 76, 221, 12, 99, 0, 0, 38, 1, 0, 7, 1, 0, 245, 6, 26]
1552553374915;[171, 0, 17, 255, 161, 76, 221, 12, 99, 0, 0, 39, 1, 0, 5, 1, 0, 246, 6, 4]
1552553375083;[171, 0, 17, 255, 161, 76, 221, 12, 99, 0, 0, 39, 1, 0, 9, 1, 0, 248, 5, 230]
1552553375084;[171, 0, 17, 255, 161, 76, 221, 12, 99, 0, 0, 38, 1, 0, 4, 1, 0, 246, 5, 197]
1552553375249;[171, 0, 17, 255, 161, 76, 221, 12, 99, 0, 0, 38, 1, 0, 7, 1, 0, 246, 5, 164]
1552553375250;[171, 0, 17, 255, 161, 76, 221, 12, 99, 0, 0, 36, 1, 0, 8, 1, 0, 245, 5, 133]
1552553375434;[171, 0, 17, 255, 161, 76, 221, 12, 99, 0, 0, 35, 1, 0, 8, 1, 0, 246, 5, 142]
1552553375434;[171, 0, 4, 255, 132, 128, 62]
1552553375601;[171, 0, 17, 255, 161, 76, 221, 12, 99, 0, 0, 38, 1, 0, 5, 1, 0, 246, 5, 159]
1552553375601;[171, 0, 17, 255, 161, 76, 221, 12, 100, 0, 0, 36, 1, 0, 7, 1, 0, 246, 5, 162]
1552553375768;[171, 0, 17, 255, 161, 76, 221, 12, 100, 0, 0, 38, 1, 0, 11, 1, 0, 243, 5, 154]
1552553375936;[171, 0, 17, 255, 161, 76, 221, 12, 100, 0, 0, 38, 1, 0, 9, 1, 0, 242, 5, 140]
1552553375952;[171, 0, 17, 255, 161, 76, 221, 12, 100, 0, 0, 38, 1, 0, 8, 1, 0, 246, 5, 126]
1552553376118;[171, 0, 17, 255, 161, 76, 221, 12, 100, 0, 0, 39, 1, 0, 9, 1, 0, 242, 5, 95]
1552553376118;[171, 0, 17, 255, 161, 76, 221, 12, 100, 0, 0, 40, 1, 0, 8, 1, 0, 243, 5, 74]
1552553376286;[171, 0, 17, 255, 161, 76, 221, 12, 100, 0, 0, 38, 1, 0, 10, 1, 0, 249, 5, 31]
1552553376454;[171, 0, 17, 255, 161, 76, 221, 12, 100, 0, 0, 38, 1, 0, 11, 1, 0, 245, 5, 31]
1552553376469;[171, 0, 17, 255, 161, 76, 221, 12, 100, 0, 0, 38, 1, 0, 10, 1, 0, 245, 5, 57]
1552553376636;[171, 0, 4, 255, 132, 128, 62]
1552553376637;[171, 0, 17, 255, 161, 76, 221, 12, 100, 0, 0, 39, 1, 0, 7, 1, 0, 243, 5, 75]
1552553376803;[171, 0, 17, 255, 161, 76, 221, 12, 101, 0, 0, 38, 1, 0, 5, 1, 0, 245, 5, 83]
1552553376804;[171, 0, 17, 255, 161, 76, 221, 12, 101, 0, 0, 34, 1, 0, 10, 1, 0, 246, 5, 84]
1552553376971;[171, 0, 17, 255, 161, 76, 221, 12, 101, 0, 0, 38, 1, 0, 7, 1, 0, 246, 5, 68]
1552553377154;[171, 0, 17, 255, 161, 76, 221, 12, 101, 0, 0, 39, 1, 0, 7, 1, 0, 243, 5, 65]
1552553377155;[171, 0, 17, 255, 161, 76, 221, 12, 101, 0, 0, 38, 1, 0, 8, 1, 0, 243, 5, 46]
1552553377321;[171, 0, 17, 255, 161, 76, 221, 12, 101, 0, 0, 38, 1, 0, 8, 1, 0, 248, 5, 40]
1552553377321;[171, 0, 17, 255, 161, 76, 221, 12, 101, 0, 0, 39, 1, 0, 5, 1, 0, 246, 5, 94]
1552553377489;[171, 0, 17, 255, 161, 76, 221, 12, 101, 0, 0, 38, 1, 0, 11, 1, 0, 248, 5, 119]
1552553377672;[171, 0, 17, 255, 161, 76, 221, 12, 101, 0, 0, 39, 1, 0, 5, 1, 0, 248, 5, 127]
1552553377672;[171, 0, 4, 255, 132, 128, 63]
1552553377839;[171, 0, 17, 255, 161, 76, 221, 12, 101, 0, 0, 37, 1, 0, 8, 1, 0, 245, 5, 151]
1552553377839;[171, 0, 17, 255, 161, 76, 221, 12, 102, 0, 0, 36, 1, 0, 7, 1, 0, 243, 5, 151]
1552553378190;[171, 0, 17, 255, 161, 76, 221, 12, 102, 0, 0, 36, 1, 0, 10, 1, 0, 246, 5, 144]
1552553378192;[171, 0, 17, 255, 161, 76, 221, 12, 102, 0, 0, 39, 1, 0, 11, 1, 0, 243, 5, 137]
1552553378192;[171, 0, 17, 255, 161, 76, 221, 12, 102, 0, 0, 39, 1, 0, 8, 1, 0, 243, 5, 115]
1552553378357;[171, 0, 17, 255, 161, 76, 221, 12, 102, 0, 0, 38, 1, 0, 8, 1, 0, 245, 5, 142]
1552553378358;[171, 0, 17, 255, 161, 76, 221, 12, 102, 0, 0, 38, 1, 0, 11, 1, 0, 246, 5, 202]
1552553378525;[171, 0, 17, 255, 161, 76, 221, 12, 102, 0, 0, 36, 1, 0, 10, 1, 0, 244, 5, 228]
1552553378525;[171, 0, 17, 255, 161, 76, 221, 12, 102, 0, 0, 35, 1, 0, 8, 1, 0, 243, 6, 4]
1552553378709;[171, 0, 17, 255, 161, 76, 221, 12, 102, 0, 0, 34, 1, 0, 11, 1, 0, 245, 6, 21]
1552553378709;[171, 0, 4, 255, 132, 128, 63]
1552553378875;[171, 0, 17, 255, 161, 76, 221, 12, 102, 0, 0, 37, 1, 0, 11, 1, 0, 245, 6, 13]
1552553379043;[171, 0, 17, 255, 161, 76, 221, 12, 103, 0, 0, 36, 1, 0, 10, 1, 0, 248, 6, 11]
1552553379043;[171, 0, 17, 255, 161, 76, 221, 12, 103, 0, 0, 33, 1, 0, 11, 1, 0, 243, 6, 3]
1552553379226;[171, 0, 17, 255, 161, 76, 221, 12, 103, 0, 0, 36, 1, 0, 5, 1, 0, 246, 5, 241]
1552553379227;[171, 0, 17, 255, 161, 76, 221, 12, 103, 0, 0, 38, 1, 0, 11, 1, 0, 246, 6, 44]
1552553379393;[171, 0, 17, 255, 161, 76, 221, 12, 103, 0, 0, 38, 1, 0, 7, 1, 0, 246, 6, 91]
1552553379561;[171, 0, 17, 255, 161, 76, 221, 12, 103, 0, 0, 38, 1, 0, 11, 1, 0, 245, 6, 126]
1552553379561;[171, 0, 17, 255, 161, 76, 221, 12, 103, 0, 0, 36, 1, 0, 10, 1, 0, 245, 6, 147]
1552553379744;[171, 0, 17, 255, 161, 76, 221, 12, 103, 0, 0, 37, 1, 0, 5, 1, 0, 249, 6, 155]
1552553379745;[171, 0, 17, 255, 161, 76, 221, 12, 103, 0, 0, 36, 1, 0, 10, 1, 0, 243, 6, 150]
1552553379911;[171, 0, 4, 255, 132, 128, 63]
1552553379912;[171, 0, 17, 255, 161, 76, 221, 12, 103, 0, 0, 37, 1, 0, 11, 1, 0, 248, 6, 141]
1552553380078;[171, 0, 17, 255, 161, 76, 221, 12, 104, 0, 0, 41, 1, 0, 6, 1, 0, 247, 6, 136]
1552553380262;[171, 0, 17, 255, 161, 76, 221, 12, 104, 0, 0, 38, 1, 0, 9, 1, 0, 247, 6, 132]
1552553380262;[171, 0, 17, 255, 161, 76, 221, 12, 104, 0, 0, 34, 1, 0, 6, 1, 0, 243, 6, 192]
1552553380429;[171, 0, 17, 255, 161, 76, 221, 12, 104, 0, 0, 34, 1, 0, 11, 1, 0, 243, 6, 222]
1552553380430;[171, 0, 17, 255, 161, 76, 221, 12, 104, 0, 0, 36, 1, 0, 10, 1, 0, 243, 6, 233]
1552553380597;[171, 0, 17, 255, 161, 76, 221, 12, 104, 0, 0, 38, 1, 0, 5, 1, 0, 243, 6, 248]
1552553380598;[171, 0, 17, 255, 161, 76, 221, 12, 104, 0, 0, 39, 1, 0, 6, 1, 0, 243, 6, 252]
1552553380780;[171, 0, 17, 255, 161, 76, 221, 12, 104, 0, 0, 30, 1, 0, 7, 1, 0, 243, 6, 244]
1552553381114;[171, 0, 17, 255, 161, 76, 221, 12, 104, 0, 0, 36, 1, 0, 10, 1, 0, 243, 6, 220]
1552553381115;[171, 0, 4, 255, 132, 128, 64]
1552553381116;[171, 0, 17, 255, 161, 76, 221, 12, 104, 0, 0, 38, 1, 0, 8, 1, 0, 245, 6, 203]
1552553381133;[171, 0, 17, 255, 161, 76, 221, 12, 105, 0, 0, 33, 1, 0, 7, 1, 0, 243, 6, 243]
1552553381298;[171, 0, 17, 255, 161, 76, 221, 12, 105, 0, 0, 35, 1, 0, 11, 1, 0, 246, 7, 18]
1552553381465;[171, 0, 17, 255, 161, 76, 221, 12, 105, 0, 0, 36, 1, 0, 10, 1, 0, 246, 7, 37]
1552553381466;[171, 0, 17, 255, 161, 76, 221, 12, 105, 0, 0, 38, 1, 0, 8, 1, 0, 243, 7, 52]
1552553381632;[171, 0, 17, 255, 161, 76, 221, 12, 105, 0, 0, 36, 1, 0, 11, 1, 0, 242, 7, 50]
1552553381634;[171, 0, 17, 255, 161, 76, 221, 12, 105, 0, 0, 39, 1, 0, 9, 1, 0, 246, 7, 44]
1552553381816;[171, 0, 17, 255, 161, 76, 221, 12, 105, 0, 0, 34, 1, 0, 5, 1, 0, 246, 7, 17]
1552553381817;[171, 0, 17, 255, 161, 76, 221, 12, 105, 0, 0, 36, 1, 0, 5, 1, 0, 246, 7, 0]
1552553381982;[171, 0, 17, 255, 161, 76, 221, 12, 105, 0, 0, 36, 1, 0, 10, 1, 0, 242, 6, 247]
1552553382150;[171, 0, 4, 255, 132, 128, 64]
1552553382151;[171, 0, 17, 255, 161, 76, 221, 12, 105, 0, 0, 38, 1, 0, 9, 1, 0, 248, 7, 46]
1552553382318;[171, 0, 17, 255, 161, 76, 221, 12, 106, 0, 0, 36, 1, 0, 10, 1, 0, 244, 7, 77]
1552553382333;[171, 0, 17, 255, 161, 76, 221, 12, 106, 0, 0, 38, 1, 0, 5, 1, 0, 246, 7, 96]
1552553382500;[171, 0, 17, 255, 161, 76, 221, 12, 106, 0, 0, 36, 1, 0, 10, 1, 0, 242, 7, 104]
1552553382501;[171, 0, 17, 255, 161, 76, 221, 12, 106, 0, 0, 38, 1, 0, 11, 1, 0, 246, 7, 101]
1552553382668;[171, 0, 17, 255, 161, 76, 221, 12, 106, 0, 0, 32, 1, 0, 10, 1, 0, 248, 7, 86]
1552553382851;[171, 0, 17, 255, 161, 76, 221, 12, 106, 0, 0, 36, 1, 0, 11, 1, 0, 245, 7, 66]
1552553382852;[171, 0, 17, 255, 161, 76, 221, 12, 106, 0, 0, 37, 1, 0, 7, 1, 0, 247, 7, 46]
1552553383018;[171, 0, 17, 255, 161, 76, 221, 12, 106, 0, 0, 39, 1, 0, 11, 1, 0, 246, 7, 62]
1552553383019;[171, 0, 17, 255, 161, 76, 221, 12, 106, 0, 0, 39, 1, 0, 10, 1, 0, 243, 7, 112]
1552553383186;[171, 0, 4, 255, 132, 128, 65]
1552553383355;[171, 0, 17, 255, 161, 76, 221, 12, 106, 0, 0, 35, 1, 0, 8, 1, 0, 245, 7, 139]
1552553383370;[171, 0, 17, 255, 161, 76, 221, 12, 107, 0, 0, 34, 1, 0, 10, 1, 0, 246, 7, 156]
1552553383537;[171, 0, 17, 255, 161, 76, 221, 12, 107, 0, 0, 34, 1, 0, 9, 1, 0, 246, 7, 158]
1552553383537;[171, 0, 17, 255, 161, 76, 221, 12, 107, 0, 0, 36, 1, 0, 13, 1, 0, 244, 7, 144]
1552553383872;[171, 0, 17, 255, 161, 76, 221, 12, 107, 0, 0, 38, 1, 0, 11, 1, 0, 247, 7, 119]
1552553383873;[171, 0, 17, 255, 161, 76, 221, 12, 107, 0, 0, 38, 1, 0, 8, 1, 0, 248, 7, 95]
1552553383888;[171, 0, 17, 255, 161, 76, 221, 12, 107, 0, 0, 36, 1, 0, 11, 1, 0, 245, 7, 69]
1552553384054;[171, 0, 17, 255, 161, 76, 221, 12, 107, 0, 0, 36, 1, 0, 7, 1, 0, 243, 7, 82]
1552553384055;[171, 0, 17, 255, 161, 76, 221, 12, 107, 0, 0, 38, 1, 0, 10, 1, 0, 246, 7, 138]
1552553384221;[171, 0, 17, 255, 161, 76, 221, 12, 107, 0, 0, 37, 1, 0, 10, 1, 0, 245, 7, 153]
1552553384222;[171, 0, 4, 255, 132, 128, 65]
1552553384390;[171, 0, 17, 255, 161, 76, 221, 12, 107, 0, 0, 38, 1, 0, 8, 1, 0, 245, 7, 164]
1552553384572;[171, 0, 17, 255, 161, 76, 221, 12, 108, 0, 0, 36, 1, 0, 6, 1, 0, 243, 7, 161]
1552553384573;[171, 0, 17, 255, 161, 76, 221, 12, 108, 0, 0, 39, 1, 0, 5, 1, 0, 246, 7, 143]
1552553384740;[171, 0, 17, 255, 161, 76, 221, 12, 108, 0, 0, 36, 1, 0, 6, 1, 0, 246, 7, 123]
1552553384740;[171, 0, 17, 255, 161, 76, 221, 12, 108, 0, 0, 31, 1, 0, 11, 1, 0, 245, 7, 100]
1552553384908;[171, 0, 17, 255, 161, 76, 221, 12, 108, 0, 0, 36, 1, 0, 10, 1, 0, 243, 7, 64]
1552553384908;[171, 0, 17, 255, 161, 76, 221, 12, 108, 0, 0, 34, 1, 0, 9, 1, 0, 247, 7, 89]
1552553385091;[171, 0, 17, 255, 161, 76, 221, 12, 108, 0, 0, 36, 1, 0, 11, 1, 0, 245, 7, 138]
1552553385258;[171, 0, 17, 255, 161, 76, 221, 12, 108, 0, 0, 34, 1, 0, 11, 1, 0, 246, 7, 168]
1552553385259;[171, 0, 17, 255, 161, 76, 221, 12, 108, 0, 0, 37, 1, 0, 11, 1, 0, 244, 7, 180]
1552553385425;[171, 0, 4, 255, 132, 128, 66]
1552553385426;[171, 0, 17, 255, 161, 76, 221, 12, 108, 0, 0, 36, 1, 0, 11, 1, 0, 249, 7, 187]
1552553385615;[171, 0, 17, 255, 161, 76, 221, 12, 109, 0, 0, 36, 1, 0, 11, 1, 0, 249, 7, 180]
1552553385616;[171, 0, 17, 255, 161, 76, 221, 12, 109, 0, 0, 38, 1, 0, 8, 1, 0, 245, 7, 159]
1552553385776;[171, 0, 17, 255, 161, 76, 221, 12, 109, 0, 0, 40, 1, 0, 7, 1, 0, 245, 7, 135]
1552553385943;[171, 0, 17, 255, 161, 76, 221, 12, 109, 0, 0, 38, 1, 0, 8, 1, 0, 245, 7, 116]
1552553385945;[171, 0, 17, 255, 161, 76, 221, 12, 109, 0, 0, 38, 1, 0, 6, 1, 0, 243, 7, 73]
1552553386127;[171, 0, 17, 255, 161, 76, 221, 12, 109, 0, 0, 38, 1, 0, 10, 1, 0, 243, 7, 122]
1552553386128;[171, 0, 17, 255, 161, 76, 221, 12, 109, 0, 0, 39, 1, 0, 11, 1, 0, 246, 7, 168]
1552553386295;[171, 0, 17, 255, 161, 76, 221, 12, 109, 0, 0, 38, 1, 0, 10, 1, 0, 243, 7, 205]
1552553386462;[171, 0, 17, 255, 161, 76, 221, 12, 109, 0, 0, 36, 1, 0, 7, 1, 0, 243, 7, 217]
1552553386462;[171, 0, 4, 255, 132, 128, 66]
1552553386645;[171, 0, 17, 255, 161, 76, 221, 12, 109, 0, 0, 36, 1, 0, 11, 1, 0, 249, 7, 218]
1552553386645;[171, 0, 17, 255, 161, 76, 221, 12, 110, 0, 0, 36, 1, 0, 11, 1, 0, 248, 7, 204]
1552553386811;[171, 0, 17, 255, 161, 76, 221, 12, 110, 0, 0, 38, 1, 0, 11, 1, 0, 245, 7, 184]
1552553386812;[171, 0, 17, 255, 161, 76, 221, 12, 110, 0, 0, 36, 1, 0, 7, 1, 0, 245, 7, 168]
1552553387162;[171, 0, 17, 255, 161, 76, 221, 12, 110, 0, 0, 38, 1, 0, 11, 1, 0, 246, 7, 132]
1552553387163;[171, 0, 17, 255, 161, 76, 221, 12, 110, 0, 0, 38, 1, 0, 8, 1, 0, 245, 7, 102]
1552553387163;[171, 0, 17, 255, 161, 76, 221, 12, 110, 0, 0, 36, 1, 0, 10, 1, 0, 243, 7, 66]
1552553387330;[171, 0, 17, 255, 161, 76, 221, 12, 110, 0, 0, 37, 1, 0, 11, 1, 0, 247, 7, 94]
1552553387330;[171, 0, 17, 255, 161, 76, 221, 12, 110, 0, 0, 33, 1, 0, 8, 1, 0, 247, 7, 139]
1552553387498;[171, 0, 17, 255, 161, 76, 221, 12, 110, 0, 0, 38, 1, 0, 8, 1, 0, 248, 7, 170]
1552553387680;[171, 0, 4, 255, 132, 128, 66]
1552553387682;[171, 0, 17, 255, 161, 76, 221, 12, 110, 0, 0, 37, 1, 0, 7, 1, 0, 243, 7, 186]
1552553387848;[171, 0, 17, 255, 161, 76, 221, 12, 111, 0, 0, 38, 1, 0, 11, 1, 0, 248, 7, 193]
1552553387849;[171, 0, 17, 255, 161, 76, 221, 12, 111, 0, 0, 38, 1, 0, 5, 1, 0, 243, 7, 176]
1552553388183;[171, 0, 17, 255, 161, 76, 221, 12, 111, 0, 0, 34, 1, 0, 11, 1, 0, 243, 7, 158]
1552553388199;[171, 0, 17, 255, 161, 76, 221, 12, 111, 0, 0, 38, 1, 0, 8, 1, 0, 243, 7, 129]
1552553388199;[171, 0, 17, 255, 161, 76, 221, 12, 111, 0, 0, 39, 1, 0, 11, 1, 0, 248, 7, 95]
1552553388366;[171, 0, 17, 255, 161, 76, 221, 12, 111, 0, 0, 38, 1, 0, 10, 1, 0, 246, 7, 61]
1552553388367;[171, 0, 17, 255, 161, 76, 221, 12, 111, 0, 0, 36, 1, 0, 7, 1, 0, 248, 7, 59]
1552553388533;[171, 0, 17, 255, 161, 76, 221, 12, 111, 0, 0, 33, 1, 0, 9, 1, 0, 247, 7, 111]
1552553388533;[171, 0, 17, 255, 161, 76, 221, 12, 111, 0, 0, 39, 1, 0, 11, 1, 0, 248, 7, 141]
1552553388701;[171, 0, 4, 255, 132, 128, 66]
1552553388719;[171, 0, 17, 255, 161, 76, 221, 12, 111, 0, 0, 37, 1, 0, 8, 1, 0, 246, 7, 149]
1552553388884;[171, 0, 17, 255, 161, 76, 221, 12, 112, 0, 0, 37, 1, 0, 8, 1, 0, 245, 7, 159]
1552553389051;[171, 0, 17, 255, 161, 76, 221, 12, 112, 0, 0, 36, 1, 0, 11, 1, 0, 243, 7, 146]
1552553389051;[171, 0, 17, 255, 161, 76, 221, 12, 112, 0, 0, 34, 1, 0, 10, 1, 0, 245, 7, 119]
1552553389401;[171, 0, 17, 255, 161, 76, 221, 12, 112, 0, 0, 36, 1, 0, 10, 1, 0, 245, 7, 91]
1552553389402;[171, 0, 17, 255, 161, 76, 221, 12, 112, 0, 0, 36, 1, 0, 10, 1, 0, 243, 7, 59]
1552553389402;[171, 0, 17, 255, 161, 76, 221, 12, 112, 0, 0, 36, 1, 0, 10, 1, 0, 245, 7, 23]
1552553389403;[171, 0, 17, 255, 161, 76, 221, 12, 112, 0, 0, 38, 1, 0, 11, 1, 0, 245, 6, 237]
1552553389568;[171, 0, 17, 255, 161, 76, 221, 12, 112, 0, 0, 32, 1, 0, 8, 1, 0, 246, 6, 239]
1552553389919;[171, 0, 17, 255, 161, 76, 221, 12, 112, 0, 0, 37, 1, 0, 7, 1, 0, 243, 7, 15]
1552553389920;[171, 0, 4, 255, 132, 128, 66]
1552553389921;[171, 0, 17, 255, 161, 76, 221, 12, 112, 0, 0, 38, 1, 0, 7, 1, 0, 249, 7, 34]
1552553389921;[171, 0, 17, 255, 161, 76, 221, 12, 113, 0, 0, 38, 1, 0, 8, 1, 0, 245, 7, 31]
1552553390088;[171, 0, 17, 255, 161, 76, 221, 12, 113, 0, 0, 36, 1, 0, 11, 1, 0, 243, 7, 18]
1552553390254;[171, 0, 17, 255, 161, 76, 221, 12, 113, 0, 0, 32, 1, 0, 7, 1, 0, 246, 7, 2]
1552553390255;[171, 0, 17, 255, 161, 76, 221, 12, 113, 0, 0, 36, 1, 0, 9, 1, 0, 245, 6, 225]
1552553390437;[171, 0, 17, 255, 161, 76, 221, 12, 113, 0, 0, 36, 1, 0, 10, 1, 0, 245, 6, 159]
1552553390438;[171, 0, 17, 255, 161, 76, 221, 12, 113, 0, 0, 38, 1, 0, 11, 1, 0, 246, 6, 73]
1552553390604;[171, 0, 17, 255, 161, 76, 221, 12, 113, 0, 0, 38, 1, 0, 10, 1, 0, 243, 5, 230]
1552553390605;[171, 0, 17, 255, 161, 76, 221, 12, 113, 0, 0, 39, 1, 0, 10, 1, 0, 248, 5, 157]
1552553390772;[171, 0, 17, 255, 161, 76, 221, 12, 113, 0, 0, 36, 1, 0, 10, 1, 0, 243, 5, 152]
1552553390955;[171, 0, 4, 255, 132, 128, 66]
1552553390956;[171, 0, 17, 255, 161, 76, 221, 12, 113, 0, 0, 34, 1, 0, 9, 1, 0, 243, 5, 150]
1552553391122;[171, 0, 17, 255, 161, 76, 221, 12, 114, 0, 0, 33, 1, 0, 11, 1, 0, 245, 5, 121]
1552553391123;[171, 0, 17, 255, 161, 76, 221, 12, 114, 0, 0, 36, 1, 0, 11, 1, 0, 243, 5, 69]
1552553391291;[171, 0, 17, 255, 161, 76, 221, 12, 114, 0, 0, 38, 1, 0, 10, 1, 0, 243, 4, 241]
1552553391473;[171, 0, 17, 255, 161, 76, 221, 12, 114, 0, 0, 36, 1, 0, 10, 1, 0, 248, 4, 146]
1552553391640;[171, 0, 17, 255, 161, 76, 221, 12, 114, 0, 0, 38, 1, 0, 10, 1, 0, 248, 4, 52]
1552553391641;[171, 0, 17, 255, 161, 76, 221, 12, 114, 0, 0, 35, 1, 0, 8, 1, 0, 243, 3, 188]
1552553391641;[171, 0, 17, 255, 161, 76, 221, 12, 114, 0, 0, 38, 1, 0, 7, 1, 0, 243, 3, 60]
1552553391808;[171, 0, 17, 255, 161, 76, 221, 12, 114, 0, 0, 38, 1, 0, 10, 1, 0, 245, 2, 220]
1552553391808;[171, 0, 17, 255, 161, 76, 221, 12, 114, 0, 0, 38, 1, 0, 8, 1, 0, 243, 2, 205]
1552553391991;[171, 0, 4, 255, 132, 128, 65]
1552553392158;[171, 0, 17, 255, 161, 76, 221, 12, 114, 0, 0, 38, 1, 0, 9, 1, 0, 248, 2, 163]
1552553392159;[171, 0, 17, 255, 161, 76, 221, 12, 115, 0, 0, 37, 1, 0, 8, 1, 0, 248, 2, 103]
1552553392327;[171, 0, 17, 255, 161, 76, 221, 12, 115, 0, 0, 38, 1, 0, 10, 1, 0, 246, 2, 19]
1552553392329;[171, 0, 17, 255, 161, 76, 221, 12, 115, 0, 0, 38, 1, 0, 7, 1, 0, 245, 1, 200]
1552553392509;[171, 0, 17, 255, 161, 76, 221, 12, 115, 0, 0, 34, 1, 0, 10, 1, 0, 246, 1, 123]
1552553392510;[171, 0, 17, 255, 161, 76, 221, 12, 115, 0, 0, 30, 1, 0, 8, 1, 0, 245, 1, 10]
1552553392676;[171, 0, 17, 255, 161, 76, 221, 12, 115, 0, 0, 34, 1, 0, 11, 1, 0, 249, 16, 155]
1552553392844;[171, 0, 17, 255, 161, 76, 221, 12, 115, 0, 0, 34, 1, 0, 11, 1, 0, 249, 7, 109]
1552553392845;[171, 0, 17, 255, 161, 76, 221, 12, 115, 0, 0, 36, 1, 0, 11, 1, 0, 245, 7, 63]
1552553393027;[171, 0, 17, 255, 161, 76, 221, 12, 115, 0, 0, 38, 1, 0, 10, 1, 0, 245, 7, 62]
1552553393027;[171, 0, 4, 255, 132, 128, 64]
1552553393195;[171, 0, 17, 255, 161, 76, 221, 12, 115, 0, 0, 38, 1, 0, 10, 1, 0, 245, 7, 52]
1552553393361;[171, 0, 17, 255, 161, 76, 221, 12, 116, 0, 0, 39, 1, 0, 11, 1, 0, 248, 7, 36]
1552553393363;[171, 0, 17, 255, 161, 76, 221, 12, 116, 0, 0, 38, 1, 0, 7, 1, 0, 243, 6, 216]
1552553393545;[171, 0, 17, 255, 161, 76, 221, 12, 116, 0, 0, 41, 1, 0, 8, 1, 0, 246, 6, 104]
1552553393545;[171, 0, 17, 255, 161, 76, 221, 12, 116, 0, 0, 36, 1, 0, 11, 1, 0, 243, 6, 104]
