1552553814963;[171, 0, 17, 255, 161, 76, 221, 14, 55, 0, 0, 9, 0, 0, 16, 1, 0, 250, 9, 116]
1552553815130;[171, 0, 17, 255, 161, 76, 221, 14, 55, 0, 0, 7, 0, 0, 20, 1, 0, 254, 9, 70]
1552553815130;[171, 0, 17, 255, 161, 76, 221, 14, 55, 0, 0, 9, 0, 0, 16, 1, 0, 254, 9, 87]
1552553815297;[171, 0, 17, 255, 161, 76, 221, 14, 55, 0, 0, 4, 0, 0, 11, 1, 0, 249, 9, 113]
1552553815298;[171, 0, 17, 255, 161, 76, 221, 14, 55, 0, 0, 7, 0, 0, 16, 1, 0, 249, 9, 121]
1552553815464;[171, 0, 17, 255, 161, 76, 221, 14, 55, 0, 0, 3, 0, 0, 16, 1, 0, 249, 9, 131]
1552553815480;[171, 0, 17, 255, 161, 76, 221, 14, 55, 0, 0, 5, 0, 0, 11, 1, 0, 249, 9, 129]
1552553815648;[171, 0, 4, 255, 132, 128, 62]
1552553815816;[171, 0, 17, 255, 161, 76, 221, 14, 55, 0, 0, 9, 0, 0, 11, 1, 0, 249, 9, 111]
1552553815817;[171, 0, 17, 255, 161, 76, 221, 14, 56, 0, 0, 5, 0, 0, 11, 1, 0, 247, 9, 84]
1552553816167;[171, 0, 17, 255, 161, 76, 221, 14, 56, 0, 0, 9, 0, 0, 11, 1, 0, 249, 9, 54]
1552553816168;[171, 0, 17, 255, 161, 76, 221, 14, 56, 0, 0, 8, 0, 0, 20, 1, 0, 249, 9, 12]
1552553816169;[171, 0, 17, 255, 161, 76, 221, 14, 56, 0, 0, 3, 0, 0, 16, 1, 0, 249, 8, 225]
1552553816334;[171, 0, 17, 255, 161, 76, 221, 14, 56, 0, 0, 9, 0, 0, 11, 1, 0, 250, 9, 1]
1552553816334;[171, 0, 17, 255, 161, 76, 221, 14, 56, 0, 0, 7, 0, 0, 11, 1, 0, 249, 9, 50]
1552553816501;[171, 0, 17, 255, 161, 76, 221, 14, 56, 0, 0, 5, 0, 0, 11, 1, 0, 250, 9, 69]
1552553816518;[171, 0, 17, 255, 161, 76, 221, 14, 56, 0, 0, 9, 0, 0, 16, 1, 0, 249, 9, 99]
1552553816685;[171, 0, 17, 255, 161, 76, 221, 14, 56, 0, 0, 3, 0, 0, 11, 1, 0, 250, 9, 112]
1552553816851;[171, 0, 4, 255, 132, 128, 62]
1552553816853;[171, 0, 17, 255, 161, 76, 221, 14, 56, 0, 0, 1, 0, 0, 16, 1, 0, 249, 9, 106]
1552553817020;[171, 0, 17, 255, 161, 76, 221, 14, 57, 0, 0, 3, 0, 0, 11, 1, 0, 250, 9, 106]
1552553817036;[171, 0, 17, 255, 161, 76, 221, 14, 57, 0, 0, 5, 0, 0, 11, 1, 0, 249, 9, 84]
1552553817370;[171, 0, 17, 255, 161, 76, 221, 14, 57, 0, 0, 5, 0, 0, 16, 1, 0, 248, 9, 50]
1552553817371;[171, 0, 17, 255, 161, 76, 221, 14, 57, 0, 0, 3, 0, 0, 11, 1, 0, 250, 9, 78]
1552553817372;[171, 0, 17, 255, 161, 76, 221, 14, 57, 0, 0, 7, 0, 0, 11, 1, 0, 249, 9, 134]
1552553817374;[171, 0, 17, 255, 161, 76, 221, 14, 57, 0, 0, 9, 0, 0, 16, 1, 0, 249, 9, 153]
1552553817536;[171, 0, 17, 255, 161, 76, 221, 14, 57, 0, 0, 3, 0, 0, 16, 1, 0, 250, 9, 179]
1552553817720;[171, 0, 17, 255, 161, 76, 221, 14, 57, 0, 0, 5, 0, 0, 11, 1, 0, 249, 9, 179]
1552553817721;[171, 0, 17, 255, 161, 76, 221, 14, 57, 0, 0, 7, 0, 0, 11, 1, 0, 249, 9, 156]
1552553817888;[171, 0, 4, 255, 132, 128, 62]
1552553817890;[171, 0, 17, 255, 161, 76, 221, 14, 57, 0, 0, 5, 0, 0, 15, 1, 0, 253, 9, 131]
1552553818054;[171, 0, 17, 255, 161, 76, 221, 14, 58, 0, 0, 9, 0, 0, 16, 1, 0, 250, 9, 94]
1552553818238;[171, 0, 17, 255, 161, 76, 221, 14, 58, 0, 0, 3, 0, 0, 11, 1, 0, 249, 9, 91]
1552553818240;[171, 0, 17, 255, 161, 76, 221, 14, 58, 0, 0, 2, 0, 0, 11, 1, 0, 250, 9, 148]
1552553818405;[171, 0, 17, 255, 161, 76, 221, 14, 58, 0, 0, 9, 0, 0, 20, 1, 0, 249, 9, 178]
1552553818407;[171, 0, 17, 255, 161, 76, 221, 14, 58, 0, 0, 2, 0, 0, 11, 1, 0, 250, 9, 195]
1552553818572;[171, 0, 17, 255, 161, 76, 221, 14, 58, 0, 0, 4, 0, 0, 11, 1, 0, 254, 9, 210]
1552553818588;[171, 0, 17, 255, 161, 76, 221, 14, 58, 0, 0, 2, 0, 0, 20, 1, 0, 250, 9, 196]
1552553818756;[171, 0, 17, 255, 161, 76, 221, 14, 58, 0, 0, 5, 0, 0, 16, 1, 0, 249, 9, 174]
1552553818923;[171, 0, 17, 255, 161, 76, 221, 14, 58, 0, 0, 1, 0, 0, 11, 1, 0, 248, 9, 145]
1552553818924;[171, 0, 4, 255, 132, 128, 62]
1552553819090;[171, 0, 17, 255, 161, 76, 221, 14, 58, 0, 0, 1, 0, 0, 11, 1, 0, 248, 9, 114]
1552553819106;[171, 0, 17, 255, 161, 76, 221, 14, 59, 0, 0, 2, 0, 0, 16, 1, 0, 250, 9, 157]
1552553819275;[171, 0, 17, 255, 161, 76, 221, 14, 59, 0, 0, 3, 0, 0, 11, 1, 0, 250, 9, 217]
1552553819275;[171, 0, 17, 255, 161, 76, 221, 14, 59, 0, 0, 2, 0, 0, 11, 1, 0, 249, 9, 242]
1552553819442;[171, 0, 17, 255, 161, 76, 221, 14, 59, 0, 0, 1, 0, 0, 11, 1, 0, 249, 9, 242]
1552553819609;[171, 0, 17, 255, 161, 76, 221, 14, 59, 0, 0, 2, 0, 0, 11, 1, 0, 249, 9, 239]
1552553819610;[171, 0, 17, 255, 161, 76, 221, 14, 59, 0, 0, 2, 0, 0, 11, 1, 0, 250, 9, 214]
1552553819792;[171, 0, 17, 255, 161, 76, 221, 14, 59, 0, 0, 2, 0, 0, 16, 1, 0, 249, 9, 196]
1552553819794;[171, 0, 17, 255, 161, 76, 221, 14, 59, 0, 0, 2, 0, 0, 16, 1, 0, 250, 9, 170]
1552553819960;[171, 0, 17, 255, 161, 76, 221, 14, 59, 0, 0, 7, 0, 0, 16, 1, 0, 250, 9, 136]
1552553820125;[171, 0, 4, 255, 132, 128, 62]
1552553820127;[171, 0, 17, 255, 161, 76, 221, 14, 59, 0, 0, 4, 0, 0, 16, 1, 0, 250, 9, 181]
1552553820309;[171, 0, 17, 255, 161, 76, 221, 14, 64, 0, 0, 4, 0, 0, 11, 1, 0, 250, 9, 239]
1552553820309;[171, 0, 17, 255, 161, 76, 221, 14, 64, 0, 0, 2, 0, 0, 11, 1, 0, 249, 10, 2]
1552553820475;[171, 0, 17, 255, 161, 76, 221, 14, 64, 0, 0, 5, 0, 0, 11, 1, 0, 249, 10, 18]
1552553820476;[171, 0, 17, 255, 161, 76, 221, 14, 64, 0, 0, 1, 0, 0, 11, 1, 0, 249, 10, 21]
1552553820642;[171, 0, 17, 255, 161, 76, 221, 14, 64, 0, 0, 3, 0, 0, 16, 1, 0, 249, 9, 254]
1552553820810;[171, 0, 17, 255, 161, 76, 221, 14, 64, 0, 0, 1, 0, 0, 11, 1, 0, 250, 9, 231]
1552553820826;[171, 0, 17, 255, 161, 76, 221, 14, 64, 0, 0, 3, 0, 0, 11, 1, 0, 249, 9, 191]
1552553820994;[171, 0, 17, 255, 161, 76, 221, 14, 64, 0, 0, 4, 0, 0, 11, 1, 0, 249, 9, 153]
1552553820994;[171, 0, 17, 255, 161, 76, 221, 14, 64, 0, 0, 5, 0, 0, 11, 1, 0, 249, 9, 119]
1552553821161;[171, 0, 4, 255, 132, 128, 62]
1552553821328;[171, 0, 17, 255, 161, 76, 221, 14, 64, 0, 0, 3, 0, 0, 11, 1, 0, 249, 9, 167]
1552553821329;[171, 0, 17, 255, 161, 76, 221, 14, 65, 0, 0, 5, 0, 0, 16, 1, 0, 250, 9, 191]
1552553821513;[171, 0, 17, 255, 161, 76, 221, 14, 65, 0, 0, 2, 0, 0, 16, 1, 0, 250, 9, 196]
1552553821513;[171, 0, 17, 255, 161, 76, 221, 14, 65, 0, 0, 2, 0, 0, 16, 1, 0, 249, 9, 191]
1552553821847;[171, 0, 17, 255, 161, 76, 221, 14, 65, 0, 0, 4, 0, 0, 11, 1, 0, 250, 9, 160]
1552553821863;[171, 0, 17, 255, 161, 76, 221, 14, 65, 0, 0, 1, 0, 0, 11, 1, 0, 246, 9, 123]
1552553821863;[171, 0, 17, 255, 161, 76, 221, 14, 65, 0, 0, 2, 0, 0, 11, 1, 0, 254, 9, 83]
1552553822031;[171, 0, 17, 255, 161, 76, 221, 14, 65, 0, 0, 2, 0, 0, 16, 1, 0, 249, 9, 42]
1552553822032;[171, 0, 17, 255, 161, 76, 221, 14, 65, 1, 0, 1, 0, 0, 16, 1, 0, 250, 8, 250]
1552553822198;[171, 0, 17, 255, 161, 76, 221, 14, 65, 0, 0, 2, 0, 0, 16, 1, 0, 250, 9, 15]
1552553822198;[171, 0, 4, 255, 132, 128, 63]
1552553822366;[171, 0, 17, 255, 161, 76, 221, 14, 65, 0, 0, 4, 0, 0, 11, 1, 0, 254, 9, 53]
1552553822382;[171, 0, 17, 255, 161, 76, 221, 14, 66, 0, 0, 1, 0, 0, 16, 1, 0, 249, 9, 52]
1552553822547;[171, 0, 17, 255, 161, 76, 221, 14, 66, 0, 0, 2, 0, 0, 10, 1, 0, 249, 9, 60]
1552553822898;[171, 0, 17, 255, 161, 76, 221, 14, 66, 0, 0, 1, 0, 0, 16, 1, 0, 254, 9, 42]
1552553822899;[171, 0, 17, 255, 161, 76, 221, 14, 66, 0, 0, 4, 0, 0, 11, 1, 0, 249, 9, 12]
1552553822899;[171, 0, 17, 255, 161, 76, 221, 14, 66, 0, 0, 2, 0, 0, 11, 1, 0, 254, 8, 218]
1552553822900;[171, 0, 17, 255, 161, 76, 221, 14, 66, 0, 0, 1, 0, 0, 20, 1, 0, 248, 8, 176]
1552553823066;[171, 0, 17, 255, 161, 76, 221, 14, 66, 0, 0, 2, 0, 0, 20, 1, 0, 250, 8, 94]
1552553825143;[171, 0, 17, 255, 161, 76, 221, 14, 66, 1, 0, 1, 0, 0, 11, 1, 0, 249, 8, 19]
1552553825144;[171, 0, 17, 255, 161, 76, 221, 14, 66, 0, 0, 1, 0, 0, 20, 1, 0, 249, 8, 20]
1552553825144;[171, 0, 4, 255, 132, 128, 63]
1552553825145;[171, 0, 17, 255, 161, 76, 221, 14, 66, 1, 0, 1, 0, 0, 11, 1, 0, 249, 8, 50]
1552553825146;[171, 0, 17, 255, 161, 76, 221, 14, 67, 1, 0, 2, 0, 0, 16, 1, 0, 254, 8, 89]
1552553825146;[171, 0, 17, 255, 161, 76, 221, 14, 67, 1, 0, 1, 0, 0, 11, 1, 0, 249, 8, 80]
1552553825147;[171, 0, 17, 255, 161, 76, 221, 14, 67, 1, 0, 4, 0, 0, 20, 1, 0, 249, 8, 51]
1552553825147;[171, 0, 17, 255, 161, 76, 221, 14, 67, 1, 0, 1, 0, 0, 16, 1, 0, 246, 7, 207]
1552553825148;[171, 0, 17, 255, 161, 76, 221, 14, 67, 1, 0, 1, 0, 0, 16, 1, 0, 254, 7, 99]
1552553825148;[171, 0, 17, 255, 161, 76, 221, 14, 67, 0, 0, 1, 0, 0, 21, 1, 0, 250, 6, 240]
1552553825148;[171, 0, 17, 255, 161, 76, 221, 14, 67, 1, 0, 1, 0, 0, 20, 1, 0, 249, 6, 160]
1552553825150;[171, 0, 17, 255, 161, 76, 221, 14, 67, 0, 0, 2, 0, 0, 11, 1, 0, 249, 6, 86]
1552553825150;[171, 0, 17, 255, 161, 76, 221, 14, 67, 0, 0, 2, 0, 0, 11, 1, 0, 249, 6, 65]
1552553825151;[171, 0, 4, 255, 132, 128, 63]
1552553825151;[171, 0, 17, 255, 161, 76, 221, 14, 67, 0, 0, 1, 0, 0, 20, 1, 0, 249, 6, 38]
1552553825152;[171, 0, 17, 255, 161, 76, 221, 14, 68, 0, 0, 1, 0, 0, 21, 1, 0, 249, 6, 20]
1552553825152;[171, 0, 17, 255, 161, 76, 221, 14, 68, 0, 0, 1, 0, 0, 20, 1, 0, 250, 6, 29]
1552553825153;[171, 0, 17, 255, 161, 76, 221, 14, 68, 0, 0, 1, 0, 0, 20, 1, 0, 246, 6, 21]
1552553825162;[171, 0, 17, 255, 161, 76, 221, 14, 68, 0, 0, 2, 0, 0, 15, 1, 0, 255, 5, 218]
1552553825162;[171, 0, 17, 255, 161, 76, 221, 14, 68, 0, 0, 1, 0, 0, 11, 1, 0, 250, 5, 144]
1552553825163;[171, 0, 17, 255, 161, 76, 221, 14, 68, 0, 0, 1, 0, 0, 11, 1, 0, 254, 5, 65]
1552553825307;[171, 0, 17, 255, 161, 76, 221, 14, 68, 0, 0, 1, 0, 0, 16, 1, 0, 249, 4, 221]
1552553825308;[171, 0, 17, 255, 161, 76, 221, 14, 68, 1, 0, 1, 0, 0, 11, 1, 0, 250, 4, 170]
1552553825657;[171, 0, 17, 255, 161, 76, 221, 14, 68, 0, 0, 2, 0, 0, 16, 1, 0, 249, 4, 170]
1552553825658;[171, 0, 4, 255, 132, 128, 63]
1552553825659;[171, 0, 17, 255, 161, 76, 221, 14, 68, 1, 0, 2, 0, 0, 11, 1, 1, 3, 4, 130]
1552553825824;[171, 0, 17, 255, 161, 76, 221, 14, 69, 0, 0, 5, 0, 0, 11, 1, 0, 249, 4, 87]
1552553825825;[171, 0, 17, 255, 161, 76, 221, 14, 69, 0, 0, 5, 0, 0, 20, 1, 0, 250, 4, 35]
1552553825990;[171, 0, 17, 255, 161, 76, 221, 14, 69, 0, 0, 2, 0, 0, 11, 1, 0, 249, 3, 209]
1552553825990;[171, 0, 17, 255, 161, 76, 221, 14, 69, 0, 0, 2, 0, 0, 20, 1, 0, 250, 3, 126]
1552553826175;[171, 0, 17, 255, 161, 76, 221, 14, 69, 0, 0, 2, 0, 0, 16, 1, 0, 255, 3, 35]
1552553826176;[171, 0, 17, 255, 161, 76, 221, 14, 69, 0, 0, 3, 0, 0, 11, 1, 0, 249, 2, 202]
1552553826342;[171, 0, 17, 255, 161, 76, 221, 14, 69, 0, 0, 2, 0, 0, 11, 1, 0, 249, 2, 115]
1552553826509;[171, 0, 17, 255, 161, 76, 221, 14, 69, 0, 0, 1, 0, 0, 11, 1, 0, 250, 2, 68]
1552553826691;[171, 0, 17, 255, 161, 76, 221, 14, 69, 0, 0, 5, 0, 0, 11, 1, 0, 254, 2, 41]
1552553826860;[171, 0, 4, 255, 132, 128, 63]
1552553826862;[171, 0, 17, 255, 161, 76, 221, 14, 69, 0, 0, 2, 0, 0, 16, 1, 0, 250, 1, 248]
1552553826863;[171, 0, 17, 255, 161, 76, 221, 14, 70, 0, 0, 3, 0, 0, 16, 1, 0, 249, 1, 213]
1552553827027;[171, 0, 17, 255, 161, 76, 221, 14, 70, 0, 0, 1, 0, 0, 10, 1, 0, 249, 1, 160]
1552553827028;[171, 0, 17, 255, 161, 76, 221, 14, 70, 0, 0, 5, 0, 0, 15, 1, 0, 248, 1, 133]
1552553827210;[171, 0, 17, 255, 161, 76, 221, 14, 70, 0, 0, 7, 0, 0, 16, 1, 0, 249, 1, 99]
1552553827211;[171, 0, 17, 255, 161, 76, 221, 14, 70, 0, 0, 5, 0, 0, 17, 1, 0, 249, 1, 50]
1552553827378;[171, 0, 17, 255, 161, 76, 221, 14, 70, 0, 0, 3, 0, 0, 16, 1, 0, 249, 1, 12]
1552553827379;[171, 0, 17, 255, 161, 76, 221, 14, 70, 0, 0, 2, 0, 0, 16, 1, 0, 247, 0, 206]
1552553827545;[171, 0, 17, 255, 161, 76, 221, 14, 70, 0, 0, 11, 0, 0, 11, 1, 0, 249, 16, 162]
1552553827728;[171, 0, 17, 255, 161, 76, 221, 14, 70, 0, 0, 9, 0, 0, 16, 1, 0, 249, 7, 193]
1552553827729;[171, 0, 4, 255, 132, 128, 63]
1552553827895;[171, 0, 17, 255, 161, 76, 221, 14, 70, 0, 0, 7, 0, 0, 15, 1, 0, 255, 7, 173]
1552553827896;[171, 0, 17, 255, 161, 76, 221, 14, 71, 0, 0, 9, 0, 0, 11, 1, 0, 249, 7, 161]
1552553828063;[171, 0, 17, 255, 161, 76, 221, 14, 71, 0, 0, 7, 0, 0, 16, 1, 0, 250, 7, 142]
1552553828064;[171, 0, 17, 255, 161, 76, 221, 14, 71, 0, 0, 9, 0, 0, 10, 1, 0, 249, 7, 121]
1552553828246;[171, 0, 17, 255, 161, 76, 221, 14, 71, 0, 0, 7, 0, 0, 11, 1, 0, 254, 7, 101]
1552553828414;[171, 0, 17, 255, 161, 76, 221, 14, 71, 0, 0, 5, 0, 0, 16, 1, 0, 246, 7, 75]
1552553828415;[171, 0, 17, 255, 161, 76, 221, 14, 71, 0, 0, 2, 0, 0, 11, 1, 0, 249, 7, 10]
1552553828581;[171, 0, 17, 255, 161, 76, 221, 14, 71, 0, 0, 7, 0, 0, 11, 1, 1, 3, 6, 188]
1552553828582;[171, 0, 17, 255, 161, 76, 221, 14, 71, 0, 0, 4, 0, 0, 16, 1, 0, 249, 6, 202]
1552553828765;[171, 0, 17, 255, 161, 76, 221, 14, 71, 0, 0, 1, 0, 0, 11, 1, 0, 249, 6, 226]
1552553828932;[171, 0, 4, 255, 132, 128, 63]
1552553828934;[171, 0, 17, 255, 161, 76, 221, 14, 71, 0, 0, 3, 0, 0, 11, 1, 0, 249, 7, 31]
1552553829098;[171, 0, 17, 255, 161, 76, 221, 14, 72, 0, 0, 5, 0, 0, 11, 1, 0, 255, 7, 72]
1552553829099;[171, 0, 17, 255, 161, 76, 221, 14, 72, 0, 0, 11, 0, 0, 11, 1, 0, 250, 7, 87]
1552553829281;[171, 0, 17, 255, 161, 76, 221, 14, 72, 0, 0, 5, 0, 0, 15, 1, 1, 5, 7, 52]
1552553829282;[171, 0, 17, 255, 161, 76, 221, 14, 72, 1, 0, 3, 0, 0, 11, 1, 0, 246, 7, 42]
1552553829449;[171, 0, 17, 255, 161, 76, 221, 14, 72, 1, 0, 1, 0, 0, 11, 1, 0, 255, 7, 52]
1552553829617;[171, 0, 17, 255, 161, 76, 221, 14, 72, 0, 0, 1, 0, 0, 10, 1, 0, 246, 7, 70]
1552553829618;[171, 0, 17, 255, 161, 76, 221, 14, 72, 1, 0, 8, 0, 0, 11, 1, 0, 254, 7, 121]
1552553829784;[171, 0, 17, 255, 161, 76, 221, 14, 72, 1, 0, 1, 0, 0, 11, 1, 0, 249, 7, 206]
1552553829800;[171, 0, 17, 255, 161, 76, 221, 14, 72, 1, 0, 3, 0, 0, 20, 1, 0, 250, 8, 106]
1552553829967;[171, 0, 4, 255, 132, 128, 63]
1552553830135;[171, 0, 17, 255, 161, 76, 221, 14, 72, 1, 0, 1, 0, 0, 10, 1, 0, 254, 9, 4]
1552553830136;[171, 0, 17, 255, 161, 76, 221, 14, 73, 0, 0, 1, 0, 0, 11, 1, 0, 250, 9, 124]
1552553830302;[171, 0, 17, 255, 161, 76, 221, 14, 73, 1, 0, 3, 0, 0, 11, 1, 0, 250, 9, 247]
1552553830318;[171, 0, 17, 255, 161, 76, 221, 14, 73, 0, 0, 1, 0, 0, 11, 1, 0, 249, 10, 81]
1552553830486;[171, 0, 17, 255, 161, 76, 221, 14, 73, 0, 0, 1, 0, 0, 11, 1, 0, 250, 10, 152]
1552553830487;[171, 0, 17, 255, 161, 76, 221, 14, 73, 0, 0, 1, 0, 0, 16, 1, 0, 254, 10, 213]
1552553830653;[171, 0, 17, 255, 161, 76, 221, 14, 73, 1, 0, 1, 0, 0, 11, 1, 0, 250, 11, 2]
1552553830819;[171, 0, 17, 255, 161, 76, 221, 14, 73, 1, 0, 3, 0, 0, 11, 1, 0, 250, 11, 51]
1552553830836;[171, 0, 17, 255, 161, 76, 221, 14, 73, 1, 0, 2, 0, 0, 11, 1, 0, 249, 11, 211]
1552553831004;[171, 0, 17, 255, 161, 76, 221, 14, 73, 1, 0, 1, 0, 0, 11, 1, 0, 249, 12, 128]
1552553831005;[171, 0, 4, 255, 132, 128, 63]
1552553831172;[171, 0, 17, 255, 161, 76, 221, 14, 73, 1, 0, 1, 0, 0, 11, 1, 0, 254, 12, 252]
1552553831173;[171, 0, 17, 255, 161, 76, 221, 14, 74, 0, 0, 1, 0, 0, 11, 1, 0, 249, 13, 110]
1552553831337;[171, 0, 17, 255, 161, 76, 221, 14, 74, 0, 0, 1, 0, 0, 11, 1, 0, 250, 13, 204]
1552553831520;[171, 0, 17, 255, 161, 76, 221, 14, 74, 1, 0, 5, 0, 0, 11, 1, 0, 249, 14, 11]
1552553831521;[171, 0, 17, 255, 161, 76, 221, 14, 74, 0, 0, 0, 0, 0, 11, 1, 0, 250, 14, 58]
1552553831688;[171, 0, 17, 255, 161, 76, 221, 14, 74, 1, 0, 1, 0, 0, 11, 1, 0, 254, 14, 99]
1552553831688;[171, 0, 17, 255, 161, 76, 221, 14, 74, 0, 0, 1, 0, 0, 11, 1, 0, 250, 14, 122]
1552553831856;[171, 0, 17, 255, 161, 76, 221, 14, 74, 1, 0, 1, 0, 0, 11, 1, 0, 250, 14, 196]
1552553832038;[171, 0, 17, 255, 161, 76, 221, 14, 74, 0, 0, 1, 0, 0, 11, 1, 0, 254, 31, 116]
1552553832206;[171, 0, 17, 255, 161, 76, 221, 14, 76, 1, 0, 1, 0, 0, 20, 1, 0, 254, 9, 173]
1552553832373;[171, 0, 17, 255, 161, 76, 221, 14, 77, 1, 0, 3, 0, 0, 16, 1, 0, 249, 9, 189]
1552553832373;[171, 0, 17, 255, 161, 76, 221, 14, 77, 0, 0, 1, 0, 0, 11, 1, 0, 249, 9, 197]
1552553832556;[171, 0, 17, 255, 161, 76, 221, 14, 77, 1, 0, 1, 0, 0, 11, 1, 0, 250, 9, 177]
1552553832725;[171, 0, 17, 255, 161, 76, 221, 14, 77, 1, 0, 3, 0, 0, 16, 1, 0, 250, 9, 141]
1552553832725;[171, 0, 17, 255, 161, 76, 221, 14, 77, 1, 0, 1, 0, 0, 16, 1, 0, 250, 9, 106]
1552553832891;[171, 0, 17, 255, 161, 76, 221, 14, 77, 0, 0, 0, 0, 0, 16, 1, 0, 249, 9, 64]
1552553832892;[171, 0, 17, 255, 161, 76, 221, 14, 77, 1, 0, 1, 0, 0, 11, 1, 0, 249, 8, 254]
1552553833075;[171, 0, 17, 255, 161, 76, 221, 14, 77, 1, 0, 1, 0, 0, 11, 1, 0, 250, 8, 197]
1552553833243;[171, 0, 17, 255, 161, 76, 221, 14, 77, 1, 0, 1, 0, 0, 11, 1, 0, 250, 8, 197]
1552553833243;[171, 0, 4, 255, 132, 128, 63]
1552553833410;[171, 0, 17, 255, 161, 76, 221, 14, 77, 1, 0, 1, 0, 0, 11, 1, 0, 249, 8, 255]
1552553833411;[171, 0, 17, 255, 161, 76, 221, 14, 78, 1, 0, 1, 0, 0, 20, 1, 0, 254, 9, 29]
1552553833593;[171, 0, 17, 255, 161, 76, 221, 14, 78, 1, 0, 4, 0, 0, 11, 1, 0, 253, 9, 37]
1552553833595;[171, 0, 17, 255, 161, 76, 221, 14, 78, 0, 0, 1, 0, 0, 11, 1, 0, 249, 9, 28]
1552553833760;[171, 0, 17, 255, 161, 76, 221, 14, 78, 1, 0, 3, 0, 0, 16, 1, 0, 250, 8, 241]
1552553833927;[171, 0, 17, 255, 161, 76, 221, 14, 78, 1, 0, 4, 0, 0, 16, 1, 0, 250, 8, 210]
1552553833928;[171, 0, 17, 255, 161, 76, 221, 14, 78, 0, 0, 1, 0, 0, 16, 1, 0, 249, 8, 163]
1552553834110;[171, 0, 17, 255, 161, 76, 221, 14, 78, 1, 0, 1, 0, 0, 11, 1, 0, 250, 8, 116]
1552553834111;[171, 0, 17, 255, 161, 76, 221, 14, 78, 1, 0, 1, 0, 0, 11, 1, 0, 250, 8, 56]
1552553834278;[171, 0, 17, 255, 161, 76, 221, 14, 78, 1, 0, 3, 0, 0, 11, 1, 0, 250, 7, 251]
1552553834279;[171, 0, 4, 255, 132, 128, 63]
1552553834445;[171, 0, 17, 255, 161, 76, 221, 14, 78, 1, 0, 1, 0, 0, 11, 1, 0, 250, 8, 33]
1552553834614;[171, 0, 17, 255, 161, 76, 221, 14, 79, 1, 0, 6, 0, 0, 20, 1, 0, 254, 8, 72]
1552553834629;[171, 0, 17, 255, 161, 76, 221, 14, 79, 1, 0, 3, 0, 0, 10, 1, 0, 254, 8, 81]
1552553834797;[171, 0, 17, 255, 161, 76, 221, 14, 79, 0, 0, 1, 0, 0, 16, 1, 0, 250, 8, 80]
1552553834964;[171, 0, 17, 255, 161, 76, 221, 14, 79, 1, 0, 1, 0, 0, 11, 1, 0, 254, 8, 66]
1552553834965;[171, 0, 17, 255, 161, 76, 221, 14, 79, 0, 0, 1, 0, 0, 16, 1, 0, 249, 8, 32]
1552553834966;[171, 0, 17, 255, 161, 76, 221, 14, 79, 0, 0, 1, 0, 0, 16, 1, 0, 249, 8, 0]
1552553835129;[171, 0, 17, 255, 161, 76, 221, 14, 79, 1, 0, 1, 0, 0, 11, 1, 0, 250, 7, 206]
1552553835314;[171, 0, 17, 255, 161, 76, 221, 14, 79, 1, 0, 1, 0, 0, 11, 1, 0, 246, 7, 158]
1552553835315;[171, 0, 17, 255, 161, 76, 221, 14, 79, 1, 0, 1, 0, 0, 16, 1, 0, 254, 7, 134]
1552553835481;[171, 0, 4, 255, 132, 128, 62]
1552553835483;[171, 0, 17, 255, 161, 76, 221, 14, 79, 1, 0, 1, 0, 0, 11, 1, 0, 250, 7, 191]
1552553835648;[171, 0, 17, 255, 161, 76, 221, 14, 80, 0, 0, 2, 0, 0, 11, 1, 0, 255, 7, 213]
1552553835832;[171, 0, 17, 255, 161, 76, 221, 14, 80, 0, 0, 1, 0, 0, 14, 1, 0, 250, 7, 215]
1552553835833;[171, 0, 17, 255, 161, 76, 221, 14, 80, 0, 0, 1, 0, 0, 16, 1, 0, 249, 7, 203]
1552553835999;[171, 0, 17, 255, 161, 76, 221, 14, 80, 1, 0, 3, 0, 0, 16, 1, 0, 250, 7, 180]
1552553836000;[171, 0, 17, 255, 161, 76, 221, 14, 80, 1, 0, 1, 0, 0, 11, 1, 0, 254, 7, 156]
1552553836182;[171, 0, 17, 255, 161, 76, 221, 14, 80, 1, 0, 1, 0, 0, 11, 1, 0, 249, 7, 110]
1552553836184;[171, 0, 17, 255, 161, 76, 221, 14, 80, 0, 0, 1, 0, 0, 11, 1, 0, 249, 7, 58]
1552553836517;[171, 0, 17, 255, 161, 76, 221, 14, 80, 1, 0, 1, 0, 0, 16, 1, 0, 249, 7, 11]
1552553836518;[171, 0, 17, 255, 161, 76, 221, 14, 80, 0, 0, 2, 0, 0, 20, 1, 0, 249, 7, 52]
1552553836519;[171, 0, 4, 255, 132, 128, 62]
1552553836684;[171, 0, 17, 255, 161, 76, 221, 14, 80, 1, 0, 4, 0, 0, 16, 1, 0, 246, 7, 115]
1552553836700;[171, 0, 17, 255, 161, 76, 221, 14, 81, 1, 0, 1, 0, 0, 11, 1, 0, 250, 7, 157]
1552553836868;[171, 0, 17, 255, 161, 76, 221, 14, 81, 1, 0, 1, 0, 0, 16, 1, 0, 250, 7, 181]
1552553837036;[171, 0, 17, 255, 161, 76, 221, 14, 81, 0, 0, 1, 0, 0, 11, 1, 0, 249, 7, 194]
1552553837037;[171, 0, 17, 255, 161, 76, 221, 14, 81, 1, 0, 1, 0, 0, 16, 1, 0, 250, 7, 177]
1552553837202;[171, 0, 17, 255, 161, 76, 221, 14, 81, 1, 0, 1, 0, 0, 16, 1, 0, 248, 7, 156]
1552553837219;[171, 0, 17, 255, 161, 76, 221, 14, 81, 1, 0, 1, 0, 0, 11, 1, 0, 249, 7, 124]
1552553837385;[171, 0, 17, 255, 161, 76, 221, 14, 81, 0, 0, 1, 0, 0, 20, 1, 0, 255, 7, 91]
1552553837387;[171, 0, 17, 255, 161, 76, 221, 14, 81, 1, 0, 5, 0, 0, 11, 1, 0, 249, 7, 46]
1552553837553;[171, 0, 17, 255, 161, 76, 221, 14, 81, 0, 0, 1, 0, 0, 16, 1, 0, 249, 7, 130]
1552553837720;[171, 0, 4, 255, 132, 128, 62]
1552553837721;[171, 0, 17, 255, 161, 76, 221, 14, 81, 0, 0, 0, 0, 0, 20, 1, 0, 249, 7, 196]
1552553837904;[171, 0, 17, 255, 161, 76, 221, 14, 82, 0, 0, 0, 0, 0, 16, 1, 0, 249, 7, 231]
1552553837905;[171, 0, 17, 255, 161, 76, 221, 14, 82, 1, 0, 3, 0, 0, 11, 1, 0, 249, 7, 253]
1552553838071;[171, 0, 17, 255, 161, 76, 221, 14, 82, 0, 0, 2, 0, 0, 11, 1, 0, 254, 8, 6]
1552553838072;[171, 0, 17, 255, 161, 76, 221, 14, 82, 0, 0, 1, 0, 0, 16, 1, 0, 248, 7, 244]
1552553838238;[171, 0, 17, 255, 161, 76, 221, 14, 82, 0, 0, 0, 0, 0, 11, 1, 0, 254, 7, 227]
1552553838422;[171, 0, 17, 255, 161, 76, 221, 14, 82, 1, 0, 1, 0, 0, 15, 1, 0, 250, 7, 191]
1552553838423;[171, 0, 17, 255, 161, 76, 221, 14, 82, 1, 0, 4, 0, 0, 16, 1, 0, 254, 7, 160]
1552553838757;[171, 0, 17, 255, 161, 76, 221, 14, 82, 1, 0, 1, 0, 0, 10, 1, 0, 250, 7, 158]
1552553838940;[171, 0, 17, 255, 161, 76, 221, 14, 82, 1, 0, 3, 0, 0, 16, 1, 0, 250, 7, 239]
1552553839107;[171, 0, 4, 255, 132, 128, 61]
1552553839109;[171, 0, 17, 255, 161, 76, 221, 14, 82, 0, 0, 1, 0, 0, 16, 1, 0, 254, 8, 24]
1552553839110;[171, 0, 17, 255, 161, 76, 221, 14, 83, 0, 0, 1, 0, 0, 11, 1, 0, 250, 8, 37]
1552553839274;[171, 0, 17, 255, 161, 76, 221, 14, 83, 0, 0, 1, 0, 0, 11, 1, 0, 254, 8, 40]
1552553839275;[171, 0, 17, 255, 161, 76, 221, 14, 83, 1, 0, 1, 0, 0, 11, 1, 0, 249, 8, 21]
1552553839290;[171, 0, 17, 255, 161, 76, 221, 14, 83, 1, 0, 1, 0, 0, 11, 1, 0, 249, 7, 244]
1552553839291;[171, 0, 17, 255, 161, 76, 221, 14, 83, 1, 0, 3, 0, 0, 16, 1, 0, 250, 7, 205]
1552553839458;[171, 0, 17, 255, 161, 76, 221, 14, 83, 0, 0, 1, 0, 0, 11, 1, 0, 246, 7, 166]
1552553839625;[171, 0, 17, 255, 161, 76, 221, 14, 83, 0, 0, 0, 0, 0, 10, 1, 0, 254, 7, 121]
1552553839626;[171, 0, 17, 255, 161, 76, 221, 14, 83, 1, 0, 1, 0, 0, 16, 1, 0, 250, 7, 161]
1552553839792;[171, 0, 17, 255, 161, 76, 221, 14, 83, 1, 0, 1, 0, 0, 16, 1, 0, 250, 7, 205]
1552553839975;[171, 0, 4, 255, 132, 128, 61]
1552553839977;[171, 0, 17, 255, 161, 76, 221, 14, 83, 0, 0, 1, 0, 0, 16, 1, 0, 249, 7, 218]
1552553839978;[171, 0, 17, 255, 161, 76, 221, 14, 84, 1, 0, 1, 0, 0, 11, 1, 0, 250, 7, 228]
1552553840143;[171, 0, 17, 255, 161, 76, 221, 14, 84, 1, 0, 6, 0, 0, 16, 1, 0, 249, 7, 212]
1552553840310;[171, 0, 17, 255, 161, 76, 221, 14, 84, 0, 0, 1, 0, 0, 11, 1, 0, 249, 7, 167]
1552553840311;[171, 0, 17, 255, 161, 76, 221, 14, 84, 1, 0, 5, 0, 0, 11, 1, 0, 249, 7, 129]
1552553840494;[171, 0, 17, 255, 161, 76, 221, 14, 84, 1, 0, 3, 0, 0, 16, 1, 0, 250, 7, 72]
1552553840495;[171, 0, 17, 255, 161, 76, 221, 14, 84, 0, 0, 1, 0, 0, 11, 1, 0, 249, 7, 19]
1552553840661;[171, 0, 17, 255, 161, 76, 221, 14, 84, 0, 0, 1, 0, 0, 20, 1, 0, 254, 6, 223]
1552553840829;[171, 0, 17, 255, 161, 76, 221, 14, 84, 0, 0, 1, 0, 0, 16, 1, 0, 250, 7, 3]
1552553841013;[171, 0, 17, 255, 161, 76, 221, 14, 84, 0, 0, 1, 0, 0, 11, 1, 0, 249, 7, 32]
1552553841178;[171, 0, 4, 255, 132, 128, 61]
1552553841179;[171, 0, 17, 255, 161, 76, 221, 14, 84, 0, 0, 2, 0, 0, 16, 1, 0, 250, 7, 36]
1552553841181;[171, 0, 17, 255, 161, 76, 221, 14, 85, 0, 0, 2, 0, 0, 11, 1, 0, 249, 7, 35]
1552553841182;[171, 0, 17, 255, 161, 76, 221, 14, 85, 1, 0, 3, 0, 0, 11, 1, 1, 3, 6, 254]
1552553841347;[171, 0, 17, 255, 161, 76, 221, 14, 85, 1, 0, 1, 0, 0, 16, 1, 0, 250, 6, 209]
1552553841529;[171, 0, 17, 255, 161, 76, 221, 14, 85, 1, 0, 1, 0, 0, 11, 1, 0, 254, 6, 166]
1552553841530;[171, 0, 17, 255, 161, 76, 221, 14, 85, 1, 0, 1, 0, 0, 16, 1, 0, 249, 6, 120]
1552553841697;[171, 0, 17, 255, 161, 76, 221, 14, 85, 1, 0, 1, 0, 0, 16, 1, 0, 250, 6, 64]
1552553841698;[171, 0, 17, 255, 161, 76, 221, 14, 85, 1, 0, 3, 0, 0, 11, 1, 0, 249, 6, 65]
1552553841864;[171, 0, 17, 255, 161, 76, 221, 14, 85, 0, 0, 1, 0, 0, 11, 1, 0, 249, 6, 95]
1552553841865;[171, 0, 17, 255, 161, 76, 221, 14, 85, 0, 0, 2, 0, 0, 11, 1, 0, 249, 6, 99]
1552553842031;[171, 0, 4, 255, 132, 128, 61]
1552553842215;[171, 0, 17, 255, 161, 76, 221, 14, 85, 1, 0, 1, 0, 0, 16, 1, 0, 249, 6, 89]
1552553842216;[171, 0, 17, 255, 161, 76, 221, 14, 86, 1, 0, 1, 0, 0, 11, 1, 0, 248, 6, 74]
1552553842549;[171, 0, 17, 255, 161, 76, 221, 14, 86, 1, 0, 3, 0, 0, 11, 1, 0, 250, 6, 38]
1552553842566;[171, 0, 17, 255, 161, 76, 221, 14, 86, 1, 0, 6, 0, 0, 11, 1, 0, 250, 5, 251]
1552553842567;[171, 0, 17, 255, 161, 76, 221, 14, 86, 1, 0, 1, 0, 0, 11, 1, 0, 249, 5, 204]
1552553842733;[171, 0, 17, 255, 161, 76, 221, 14, 86, 1, 0, 1, 0, 0, 11, 1, 0, 250, 5, 152]
1552553842734;[171, 0, 17, 255, 161, 76, 221, 14, 86, 0, 0, 1, 0, 0, 11, 1, 0, 250, 5, 110]
1552553842900;[171, 0, 17, 255, 161, 76, 221, 14, 86, 1, 0, 6, 0, 0, 16, 1, 0, 249, 5, 138]
1552553842901;[171, 0, 17, 255, 161, 76, 221, 14, 86, 0, 0, 1, 0, 0, 11, 1, 0, 249, 5, 180]
1552553843067;[171, 0, 17, 255, 161, 76, 221, 14, 86, 1, 0, 1, 0, 0, 11, 1, 0, 249, 5, 206]
1552553843086;[171, 0, 4, 255, 132, 128, 61]
1552553843251;[171, 0, 17, 255, 161, 76, 221, 14, 86, 1, 0, 7, 0, 0, 20, 1, 0, 250, 5, 200]
1552553843418;[171, 0, 17, 255, 161, 76, 221, 14, 87, 1, 0, 2, 0, 0, 16, 1, 0, 250, 5, 198]
1552553843419;[171, 0, 17, 255, 161, 76, 221, 14, 87, 1, 0, 2, 0, 0, 16, 1, 0, 249, 5, 171]
1552553843585;[171, 0, 17, 255, 161, 76, 221, 14, 87, 1, 0, 4, 0, 0, 11, 1, 0, 250, 5, 140]
1552553843601;[171, 0, 17, 255, 161, 76, 221, 14, 87, 0, 0, 1, 0, 0, 11, 1, 0, 249, 5, 95]
1552553843769;[171, 0, 17, 255, 161, 76, 221, 14, 87, 1, 0, 1, 0, 0, 11, 1, 0, 250, 5, 54]
1552553843935;[171, 0, 17, 255, 161, 76, 221, 14, 87, 1, 0, 1, 0, 0, 11, 1, 0, 249, 5, 27]
1552553843936;[171, 0, 17, 255, 161, 76, 221, 14, 87, 0, 0, 1, 0, 0, 16, 1, 0, 250, 5, 76]
1552553844287;[171, 0, 17, 255, 161, 76, 221, 14, 87, 1, 0, 6, 0, 0, 20, 1, 0, 249, 5, 108]
1552553844288;[171, 0, 17, 255, 161, 76, 221, 14, 87, 1, 0, 1, 0, 0, 16, 1, 0, 250, 5, 117]
1552553844289;[171, 0, 4, 255, 132, 128, 61]
1552553844290;[171, 0, 17, 255, 161, 76, 221, 14, 87, 1, 0, 1, 0, 0, 11, 1, 0, 246, 5, 128]
1552553844454;[171, 0, 17, 255, 161, 76, 221, 14, 88, 0, 0, 2, 0, 0, 11, 1, 0, 250, 5, 117]
1552553844621;[171, 0, 17, 255, 161, 76, 221, 14, 88, 1, 0, 3, 0, 0, 11, 1, 0, 250, 5, 87]
1552553844638;[171, 0, 17, 255, 161, 76, 221, 14, 88, 1, 0, 1, 0, 0, 16, 1, 0, 250, 5, 62]
1552553844804;[171, 0, 17, 255, 161, 76, 221, 14, 88, 0, 0, 1, 0, 0, 11, 1, 0, 249, 5, 18]
1552553844805;[171, 0, 17, 255, 161, 76, 221, 14, 88, 0, 0, 1, 0, 0, 16, 1, 0, 249, 5, 17]
1552553844972;[171, 0, 17, 255, 161, 76, 221, 14, 88, 1, 0, 1, 0, 0, 20, 1, 0, 250, 5, 67]
1552553844973;[171, 0, 17, 255, 161, 76, 221, 14, 88, 1, 0, 1, 0, 0, 21, 1, 0, 254, 5, 91]
1552553845139;[171, 0, 17, 255, 161, 76, 221, 14, 88, 1, 0, 1, 0, 0, 16, 1, 0, 249, 5, 93]
1552553845323;[171, 0, 17, 255, 161, 76, 221, 14, 88, 1, 0, 1, 0, 0, 16, 1, 0, 250, 5, 90]
1552553845324;[171, 0, 4, 255, 132, 128, 61]
1552553845490;[171, 0, 17, 255, 161, 76, 221, 14, 88, 1, 0, 1, 0, 0, 16, 1, 0, 250, 5, 58]
1552553845491;[171, 0, 17, 255, 161, 76, 221, 14, 89, 1, 0, 1, 0, 0, 20, 1, 0, 249, 5, 30]
1552553845657;[171, 0, 17, 255, 161, 76, 221, 14, 89, 1, 0, 3, 0, 0, 16, 1, 0, 255, 4, 246]
1552553845840;[171, 0, 17, 255, 161, 76, 221, 14, 89, 1, 0, 3, 0, 0, 11, 1, 0, 249, 4, 200]
1552553845841;[171, 0, 17, 255, 161, 76, 221, 14, 89, 0, 0, 1, 0, 0, 11, 1, 0, 250, 4, 161]
1552553846008;[171, 0, 17, 255, 161, 76, 221, 14, 89, 1, 0, 2, 0, 0, 16, 1, 0, 250, 4, 215]
1552553846009;[171, 0, 17, 255, 161, 76, 221, 14, 89, 1, 0, 6, 0, 0, 11, 1, 0, 250, 4, 245]
1552553846175;[171, 0, 17, 255, 161, 76, 221, 14, 89, 1, 0, 1, 0, 0, 11, 1, 0, 249, 4, 252]
1552553846176;[171, 0, 17, 255, 161, 76, 221, 14, 89, 1, 0, 3, 0, 0, 16, 1, 0, 249, 5, 0]
1552553846358;[171, 0, 17, 255, 161, 76, 221, 14, 89, 1, 0, 1, 0, 0, 15, 1, 0, 250, 4, 227]
1552553846525;[171, 0, 4, 255, 132, 128, 61]
1552553846693;[171, 0, 17, 255, 161, 76, 221, 14, 89, 1, 0, 3, 0, 0, 11, 1, 0, 249, 4, 204]
1552553846694;[171, 0, 17, 255, 161, 76, 221, 14, 90, 1, 0, 1, 0, 0, 11, 1, 0, 254, 4, 162]
1552553846708;[171, 0, 17, 255, 161, 76, 221, 14, 90, 0, 0, 1, 0, 0, 16, 1, 0, 249, 4, 115]
1552553847043;[171, 0, 17, 255, 161, 76, 221, 14, 90, 0, 0, 1, 0, 0, 16, 1, 0, 249, 4, 64]
1552553847043;[171, 0, 17, 255, 161, 76, 221, 14, 90, 1, 0, 3, 0, 0, 11, 1, 0, 249, 4, 80]
1552553847211;[171, 0, 17, 255, 161, 76, 221, 14, 90, 1, 0, 1, 0, 0, 20, 1, 0, 249, 4, 113]
1552553847212;[171, 0, 17, 255, 161, 76, 221, 14, 90, 1, 0, 1, 0, 0, 11, 1, 0, 254, 4, 120]
1552553847213;[171, 0, 17, 255, 161, 76, 221, 14, 90, 1, 0, 1, 0, 0, 11, 1, 0, 250, 4, 121]
1552553847378;[171, 0, 17, 255, 161, 76, 221, 14, 90, 1, 0, 3, 0, 0, 11, 1, 0, 250, 4, 108]
1552553847395;[171, 0, 17, 255, 161, 76, 221, 14, 90, 0, 0, 1, 0, 0, 20, 1, 0, 250, 4, 76]
1552553847561;[171, 0, 4, 255, 132, 128, 62]
1552553847729;[171, 0, 17, 255, 161, 76, 221, 14, 90, 0, 0, 2, 0, 0, 16, 1, 0, 254, 4, 46]
1552553847730;[171, 0, 17, 255, 161, 76, 221, 14, 91, 1, 0, 1, 0, 0, 20, 1, 0, 250, 4, 8]
1552553847896;[171, 0, 17, 255, 161, 76, 221, 14, 91, 1, 0, 1, 0, 0, 16, 1, 0, 249, 3, 219]
1552553847912;[171, 0, 17, 255, 161, 76, 221, 14, 91, 0, 0, 2, 0, 0, 15, 1, 0, 249, 3, 238]
1552553848080;[171, 0, 17, 255, 161, 76, 221, 14, 91, 1, 0, 3, 0, 0, 11, 1, 0, 254, 4, 9]
1552553848081;[171, 0, 17, 255, 161, 76, 221, 14, 91, 1, 0, 4, 0, 0, 11, 1, 1, 3, 4, 10]
1552553848247;[171, 0, 17, 255, 161, 76, 221, 14, 91, 0, 0, 1, 0, 0, 11, 1, 0, 250, 4, 6]
1552553848597;[171, 0, 17, 255, 161, 76, 221, 14, 91, 0, 0, 1, 0, 0, 16, 1, 0, 249, 3, 247]
1552553848598;[171, 0, 17, 255, 161, 76, 221, 14, 91, 1, 0, 3, 0, 0, 16, 1, 0, 250, 3, 221]
1552553848599;[171, 0, 17, 255, 161, 76, 221, 14, 91, 1, 0, 3, 0, 0, 16, 1, 0, 250, 3, 180]
1552553848600;[171, 0, 4, 255, 132, 128, 62]
1552553848765;[171, 0, 17, 255, 161, 76, 221, 14, 91, 1, 0, 1, 0, 0, 16, 1, 0, 250, 3, 145]
1552553848766;[171, 0, 17, 255, 161, 76, 221, 14, 92, 1, 0, 1, 0, 0, 11, 1, 0, 250, 3, 94]
1552553848932;[171, 0, 17, 255, 161, 76, 221, 14, 92, 0, 0, 1, 0, 0, 16, 1, 0, 250, 3, 73]
1552553849116;[171, 0, 17, 255, 161, 76, 221, 14, 92, 0, 0, 1, 0, 0, 11, 1, 0, 255, 3, 115]
1552553849117;[171, 0, 17, 255, 161, 76, 221, 14, 92, 1, 0, 1, 0, 0, 20, 1, 0, 250, 3, 152]
1552553849283;[171, 0, 17, 255, 161, 76, 221, 14, 92, 1, 0, 1, 0, 0, 16, 1, 0, 250, 3, 166]
1552553849284;[171, 0, 17, 255, 161, 76, 221, 14, 92, 1, 0, 1, 0, 0, 11, 1, 0, 249, 3, 176]
1552553849450;[171, 0, 17, 255, 161, 76, 221, 14, 92, 1, 0, 1, 0, 0, 16, 1, 0, 250, 3, 162]
1552553849633;[171, 0, 17, 255, 161, 76, 221, 14, 92, 1, 0, 1, 0, 0, 16, 1, 0, 249, 3, 142]
1552553849634;[171, 0, 17, 255, 161, 76, 221, 14, 92, 1, 0, 1, 0, 0, 11, 1, 0, 249, 3, 114]
1552553849800;[171, 0, 4, 255, 132, 128, 62]
1552553849802;[171, 0, 17, 255, 161, 76, 221, 14, 92, 1, 0, 1, 0, 0, 16, 1, 0, 254, 3, 80]
1552553849967;[171, 0, 17, 255, 161, 76, 221, 14, 93, 1, 0, 2, 0, 0, 20, 1, 0, 250, 3, 47]
1552553850151;[171, 0, 17, 255, 161, 76, 221, 14, 93, 1, 0, 3, 0, 0, 11, 1, 0, 249, 3, 67]
1552553850319;[171, 0, 17, 255, 161, 76, 221, 14, 93, 0, 0, 1, 0, 0, 16, 1, 0, 250, 3, 126]
1552553850320;[171, 0, 17, 255, 161, 76, 221, 14, 93, 1, 0, 3, 0, 0, 16, 1, 0, 250, 3, 170]
1552553850321;[171, 0, 17, 255, 161, 76, 221, 14, 93, 1, 0, 3, 0, 0, 11, 1, 0, 254, 3, 204]
1552553850486;[171, 0, 17, 255, 161, 76, 221, 14, 93, 0, 0, 0, 0, 0, 16, 1, 0, 249, 3, 211]
1552553850487;[171, 0, 17, 255, 161, 76, 221, 14, 93, 1, 0, 1, 0, 0, 16, 1, 0, 254, 3, 195]
1552553850669;[171, 0, 17, 255, 161, 76, 221, 14, 93, 1, 0, 3, 0, 0, 11, 1, 0, 250, 3, 177]
1552553850837;[171, 0, 17, 255, 161, 76, 221, 14, 93, 1, 0, 3, 0, 0, 16, 1, 0, 250, 3, 149]
1552553850838;[171, 0, 4, 255, 132, 128, 62]
1552553851003;[171, 0, 17, 255, 161, 76, 221, 14, 93, 1, 0, 3, 0, 0, 21, 1, 0, 254, 3, 113]
1552553851005;[171, 0, 17, 255, 161, 76, 221, 14, 94, 1, 0, 3, 0, 0, 20, 1, 0, 249, 3, 121]
1552553851188;[171, 0, 17, 255, 161, 76, 221, 14, 94, 0, 0, 0, 0, 0, 16, 1, 0, 254, 3, 175]
1552553851189;[171, 0, 17, 255, 161, 76, 221, 14, 94, 1, 0, 3, 0, 0, 11, 1, 0, 249, 3, 198]
1552553851354;[171, 0, 17, 255, 161, 76, 221, 14, 94, 1, 0, 1, 0, 0, 16, 1, 0, 254, 3, 208]
1552553851521;[171, 0, 17, 255, 161, 76, 221, 14, 94, 1, 0, 1, 0, 0, 16, 1, 0, 250, 3, 219]
1552553851522;[171, 0, 17, 255, 161, 76, 221, 14, 94, 1, 0, 1, 0, 0, 11, 1, 0, 250, 3, 200]
1552553851705;[171, 0, 17, 255, 161, 76, 221, 14, 94, 1, 0, 1, 0, 0, 16, 1, 0, 250, 3, 179]
1552553851707;[171, 0, 17, 255, 161, 76, 221, 14, 94, 1, 0, 2, 0, 0, 16, 1, 0, 249, 3, 146]
1552553851872;[171, 0, 17, 255, 161, 76, 221, 14, 94, 1, 0, 1, 0, 0, 11, 1, 0, 249, 3, 132]
1552553851873;[171, 0, 4, 255, 132, 128, 62]
1552553852040;[171, 0, 17, 255, 161, 76, 221, 14, 94, 1, 0, 6, 0, 0, 11, 1, 0, 255, 3, 185]
1552553852223;[171, 0, 17, 255, 161, 76, 221, 14, 95, 1, 0, 4, 0, 0, 16, 1, 0, 249, 3, 239]
1552553852224;[171, 0, 17, 255, 161, 76, 221, 14, 95, 1, 0, 3, 0, 0, 16, 1, 0, 250, 4, 2]
1552553852390;[171, 0, 17, 255, 161, 76, 221, 14, 95, 1, 0, 7, 0, 0, 16, 1, 0, 249, 4, 23]
1552553852391;[171, 0, 17, 255, 161, 76, 221, 14, 95, 1, 0, 1, 0, 0, 11, 1, 0, 250, 4, 17]
1552553852557;[171, 0, 17, 255, 161, 76, 221, 14, 95, 1, 0, 1, 0, 0, 16, 1, 0, 254, 4, 6]
1552553852741;[171, 0, 17, 255, 161, 76, 221, 14, 95, 0, 0, 1, 0, 0, 16, 1, 0, 249, 3, 236]
1552553852742;[171, 0, 17, 255, 161, 76, 221, 14, 95, 1, 0, 3, 0, 0, 20, 1, 0, 254, 3, 199]
1552553853076;[171, 0, 17, 255, 161, 76, 221, 14, 95, 1, 0, 3, 0, 0, 16, 1, 0, 250, 3, 178]
1552553853076;[171, 0, 17, 255, 161, 76, 221, 14, 95, 0, 0, 1, 0, 0, 16, 1, 0, 250, 3, 252]
1552553853077;[171, 0, 4, 255, 132, 128, 63]
1552553853095;[171, 0, 17, 255, 161, 76, 221, 14, 95, 1, 0, 3, 0, 0, 16, 1, 0, 250, 4, 63]
1552553853242;[171, 0, 17, 255, 161, 76, 221, 14, 96, 1, 0, 1, 0, 0, 11, 1, 0, 249, 4, 96]
1552553853425;[171, 0, 17, 255, 161, 76, 221, 14, 96, 1, 0, 6, 0, 0, 11, 1, 0, 255, 4, 112]
1552553853426;[171, 0, 17, 255, 161, 76, 221, 14, 96, 1, 0, 1, 0, 0, 16, 1, 0, 250, 4, 113]
1552553853593;[171, 0, 17, 255, 161, 76, 221, 14, 96, 1, 0, 3, 0, 0, 16, 1, 0, 254, 4, 110]
1552553853594;[171, 0, 17, 255, 161, 76, 221, 14, 96, 1, 0, 2, 0, 0, 16, 1, 0, 255, 4, 86]
1552553853777;[171, 0, 17, 255, 161, 76, 221, 14, 96, 1, 0, 3, 0, 0, 20, 1, 0, 249, 4, 50]
1552553853778;[171, 0, 17, 255, 161, 76, 221, 14, 96, 1, 0, 1, 0, 0, 16, 1, 0, 250, 4, 14]
1552553853943;[171, 0, 17, 255, 161, 76, 221, 14, 96, 1, 0, 3, 0, 0, 11, 1, 0, 250, 4, 42]
1552553854110;[171, 0, 17, 255, 161, 76, 221, 14, 98, 1, 0, 3, 0, 0, 16, 1, 0, 250, 4, 198]
1552553854462;[171, 0, 17, 255, 161, 76, 221, 14, 99, 1, 0, 3, 0, 0, 20, 1, 0, 250, 4, 218]
1552553854463;[171, 0, 17, 255, 161, 76, 221, 14, 99, 1, 0, 4, 0, 0, 16, 1, 0, 254, 4, 206]
1552553854629;[171, 0, 17, 255, 161, 76, 221, 14, 99, 1, 0, 6, 0, 0, 20, 1, 0, 249, 4, 176]
1552553854630;[171, 0, 17, 255, 161, 76, 221, 14, 99, 1, 0, 7, 0, 0, 16, 1, 0, 254, 4, 149]
1552553854797;[171, 0, 17, 255, 161, 76, 221, 14, 99, 1, 0, 5, 0, 0, 16, 1, 0, 249, 4, 115]
1552553854813;[171, 0, 17, 255, 161, 76, 221, 14, 99, 1, 0, 1, 0, 0, 11, 1, 0, 250, 4, 70]
1552553854979;[171, 0, 17, 255, 161, 76, 221, 14, 99, 1, 0, 3, 0, 0, 16, 1, 0, 250, 4, 22]
1552553854980;[171, 0, 17, 255, 161, 76, 221, 14, 99, 1, 0, 3, 0, 0, 16, 1, 0, 250, 3, 236]
1552553855146;[171, 0, 17, 255, 161, 76, 221, 14, 99, 1, 0, 4, 0, 0, 11, 1, 0, 254, 4, 21]
1552553855314;[171, 0, 4, 255, 132, 128, 64]
1552553855337;[171, 0, 17, 255, 161, 76, 221, 14, 99, 1, 0, 1, 0, 0, 11, 1, 0, 250, 4, 69]
1552553855498;[171, 0, 17, 255, 161, 76, 221, 14, 100, 1, 0, 2, 0, 0, 20, 1, 0, 249, 4, 85]
1552553855499;[171, 0, 17, 255, 161, 76, 221, 14, 100, 1, 0, 3, 0, 0, 16, 1, 0, 250, 4, 82]
1552553855664;[171, 0, 17, 255, 161, 76, 221, 14, 100, 1, 0, 3, 0, 0, 16, 1, 0, 249, 4, 79]
1552553855666;[171, 0, 17, 255, 161, 76, 221, 14, 100, 1, 0, 1, 0, 0, 11, 1, 0, 249, 4, 59]
1552553855832;[171, 0, 17, 255, 161, 76, 221, 14, 100, 1, 0, 6, 0, 0, 20, 1, 0, 250, 4, 33]
1552553856016;[171, 0, 17, 255, 161, 76, 221, 14, 100, 1, 0, 4, 0, 0, 16, 1, 0, 249, 3, 243]
1552553856017;[171, 0, 17, 255, 161, 76, 221, 14, 100, 1, 0, 1, 0, 0, 16, 1, 0, 249, 3, 207]
1552553856183;[171, 0, 17, 255, 161, 76, 221, 14, 100, 1, 0, 6, 0, 0, 16, 1, 0, 254, 3, 166]
1552553856184;[171, 0, 17, 255, 161, 76, 221, 14, 100, 1, 0, 1, 0, 0, 16, 1, 0, 249, 3, 213]
1552553856352;[171, 0, 4, 255, 132, 128, 64]
1552553856534;[171, 0, 17, 255, 161, 76, 221, 14, 100, 1, 0, 2, 0, 0, 16, 1, 0, 254, 3, 235]
1552553856535;[171, 0, 17, 255, 161, 76, 221, 14, 101, 1, 0, 3, 0, 0, 16, 1, 0, 254, 3, 241]
1552553856701;[171, 0, 17, 255, 161, 76, 221, 14, 101, 1, 0, 2, 0, 0, 11, 1, 0, 254, 3, 243]
1552553856702;[171, 0, 17, 255, 161, 76, 221, 14, 101, 1, 0, 1, 0, 0, 11, 1, 0, 254, 3, 223]
1552553856868;[171, 0, 17, 255, 161, 76, 221, 14, 101, 1, 0, 8, 0, 0, 21, 1, 0, 249, 3, 209]
1552553856869;[171, 0, 17, 255, 161, 76, 221, 14, 101, 1, 0, 3, 0, 0, 16, 1, 0, 250, 3, 170]
1552553857052;[171, 0, 17, 255, 161, 76, 221, 14, 101, 1, 0, 1, 0, 0, 16, 1, 0, 250, 3, 148]
1552553857218;[171, 0, 17, 255, 161, 76, 221, 14, 101, 1, 0, 3, 0, 0, 16, 1, 0, 249, 3, 105]
1552553857220;[171, 0, 17, 255, 161, 76, 221, 14, 101, 1, 0, 1, 0, 0, 11, 1, 0, 254, 3, 103]
1552553857386;[171, 0, 17, 255, 161, 76, 221, 14, 101, 1, 0, 1, 0, 0, 11, 1, 0, 254, 3, 161]
1552553857387;[171, 0, 4, 255, 132, 128, 64]
1552553857570;[171, 0, 17, 255, 161, 76, 221, 14, 101, 1, 0, 2, 0, 0, 16, 1, 0, 249, 3, 194]
1552553857571;[171, 0, 17, 255, 161, 76, 221, 14, 102, 1, 0, 3, 0, 0, 11, 1, 0, 249, 3, 224]
1552553857737;[171, 0, 17, 255, 161, 76, 221, 14, 102, 1, 0, 6, 0, 0, 11, 1, 0, 250, 3, 226]
1552553857904;[171, 0, 17, 255, 161, 76, 221, 14, 102, 1, 0, 1, 0, 0, 21, 1, 0, 249, 3, 226]
1552553857905;[171, 0, 17, 255, 161, 76, 221, 14, 102, 1, 0, 8, 0, 0, 16, 1, 0, 250, 3, 201]
1552553858088;[171, 0, 17, 255, 161, 76, 221, 14, 102, 1, 0, 2, 0, 0, 16, 1, 0, 249, 3, 191]
1552553858255;[171, 0, 17, 255, 161, 76, 221, 14, 102, 1, 0, 2, 0, 0, 11, 1, 0, 254, 3, 168]
1552553858256;[171, 0, 17, 255, 161, 76, 221, 14, 102, 1, 0, 6, 0, 0, 11, 1, 0, 254, 3, 128]
1552553858606;[171, 0, 17, 255, 161, 76, 221, 14, 102, 1, 0, 1, 0, 0, 20, 1, 0, 255, 3, 122]
1552553858607;[171, 0, 17, 255, 161, 76, 221, 14, 102, 1, 0, 5, 0, 0, 11, 1, 0, 254, 3, 202]
1552553858608;[171, 0, 4, 255, 132, 128, 63]
1552553858609;[171, 0, 17, 255, 161, 76, 221, 14, 102, 1, 0, 4, 0, 0, 15, 1, 0, 250, 3, 255]
1552553858773;[171, 0, 17, 255, 161, 76, 221, 14, 103, 1, 0, 1, 0, 0, 16, 1, 0, 254, 4, 28]
1552553858774;[171, 0, 17, 255, 161, 76, 221, 14, 103, 0, 0, 1, 0, 0, 20, 1, 0, 250, 4, 61]
1552553859106;[171, 0, 17, 255, 161, 76, 221, 14, 103, 1, 0, 1, 0, 0, 16, 1, 0, 249, 4, 57]
1552553859123;[171, 0, 17, 255, 161, 76, 221, 14, 103, 1, 0, 3, 0, 0, 16, 1, 1, 3, 4, 64]
1552553859123;[171, 0, 17, 255, 161, 76, 221, 14, 103, 1, 0, 3, 0, 0, 21, 1, 0, 249, 4, 57]
1552553859458;[171, 0, 17, 255, 161, 76, 221, 14, 103, 1, 0, 3, 0, 0, 11, 1, 0, 254, 4, 45]
1552553859460;[171, 0, 17, 255, 161, 76, 221, 14, 103, 1, 0, 4, 0, 0, 20, 1, 0, 249, 4, 24]
1552553859475;[171, 0, 17, 255, 161, 76, 221, 14, 103, 1, 0, 2, 0, 0, 20, 1, 0, 254, 4, 115]
1552553859626;[171, 0, 17, 255, 161, 76, 221, 14, 103, 1, 0, 3, 0, 0, 16, 1, 0, 249, 4, 186]
1552553859641;[171, 0, 4, 255, 132, 128, 63]
1552553859809;[171, 0, 17, 255, 161, 76, 221, 14, 103, 1, 0, 3, 0, 0, 16, 1, 0, 254, 4, 220]
1552553859810;[171, 0, 17, 255, 161, 76, 221, 14, 104, 1, 0, 1, 0, 0, 11, 1, 0, 254, 5, 11]
1552553859976;[171, 0, 17, 255, 161, 76, 221, 14, 104, 1, 0, 1, 0, 0, 16, 1, 0, 249, 5, 12]
1552553859977;[171, 0, 17, 255, 161, 76, 221, 14, 104, 1, 0, 3, 0, 0, 20, 1, 0, 254, 5, 8]
1552553860160;[171, 0, 17, 255, 161, 76, 221, 14, 104, 0, 0, 1, 0, 0, 16, 1, 0, 254, 4, 253]
1552553860326;[171, 0, 17, 255, 161, 76, 221, 14, 104, 0, 0, 1, 0, 0, 11, 1, 0, 254, 4, 222]
1552553860326;[171, 0, 17, 255, 161, 76, 221, 14, 104, 1, 0, 1, 0, 0, 16, 1, 0, 254, 4, 184]
1552553860494;[171, 0, 17, 255, 161, 76, 221, 14, 104, 1, 0, 1, 0, 0, 16, 1, 0, 250, 4, 155]
1552553860494;[171, 0, 17, 255, 161, 76, 221, 14, 104, 1, 0, 2, 0, 0, 16, 1, 0, 249, 4, 227]
1552553860665;[171, 0, 17, 255, 161, 76, 221, 14, 104, 1, 0, 1, 0, 0, 11, 1, 0, 249, 5, 31]
1552553860666;[171, 0, 4, 255, 132, 128, 63]
1552553860845;[171, 0, 17, 255, 161, 76, 221, 14, 104, 1, 0, 1, 0, 0, 16, 1, 0, 255, 5, 53]
1552553861011;[171, 0, 17, 255, 161, 76, 221, 14, 105, 1, 0, 1, 0, 0, 11, 1, 0, 255, 5, 87]
1552553861012;[171, 0, 17, 255, 161, 76, 221, 14, 105, 1, 0, 6, 0, 0, 16, 1, 0, 250, 5, 91]
1552553861179;[171, 0, 17, 255, 161, 76, 221, 14, 105, 1, 0, 3, 0, 0, 11, 1, 0, 254, 5, 65]
1552553861179;[171, 0, 17, 255, 161, 76, 221, 14, 105, 1, 0, 3, 0, 0, 16, 1, 0, 254, 5, 51]
1552553861364;[171, 0, 17, 255, 161, 76, 221, 14, 105, 0, 0, 1, 0, 0, 16, 1, 0, 250, 5, 24]
1552553861529;[171, 0, 17, 255, 161, 76, 221, 14, 105, 1, 0, 1, 0, 0, 16, 1, 0, 249, 4, 245]
1552553861530;[171, 0, 17, 255, 161, 76, 221, 14, 105, 1, 0, 1, 0, 0, 20, 1, 0, 250, 5, 3]
1552553861697;[171, 0, 17, 255, 161, 76, 221, 14, 105, 0, 0, 1, 0, 0, 21, 1, 0, 249, 5, 67]
1552553861697;[171, 0, 17, 255, 161, 76, 221, 14, 105, 1, 0, 3, 0, 0, 21, 1, 0, 250, 5, 108]
1552553861879;[171, 0, 4, 255, 132, 128, 63]
1552553861881;[171, 0, 17, 255, 161, 76, 221, 14, 105, 1, 0, 10, 0, 0, 11, 1, 0, 254, 5, 121]
1552553862047;[171, 0, 17, 255, 161, 76, 221, 14, 106, 1, 0, 3, 0, 0, 11, 1, 0, 249, 5, 131]
1552553862215;[171, 0, 17, 255, 161, 76, 221, 14, 106, 1, 0, 3, 0, 0, 16, 1, 0, 249, 5, 112]
1552553862216;[171, 0, 17, 255, 161, 76, 221, 14, 106, 0, 0, 1, 0, 0, 16, 1, 0, 255, 5, 99]
1552553862398;[171, 0, 17, 255, 161, 76, 221, 14, 106, 1, 0, 3, 0, 0, 20, 1, 0, 250, 5, 66]
1552553862399;[171, 0, 17, 255, 161, 76, 221, 14, 106, 0, 0, 2, 0, 0, 11, 1, 0, 254, 5, 31]
1552553862564;[171, 0, 17, 255, 161, 76, 221, 14, 106, 0, 0, 1, 0, 0, 16, 1, 0, 254, 5, 64]
1552553862565;[171, 0, 17, 255, 161, 76, 221, 14, 106, 1, 0, 2, 0, 0, 16, 1, 0, 249, 5, 132]
1552553862732;[171, 0, 17, 255, 161, 76, 221, 14, 106, 1, 0, 1, 0, 0, 11, 1, 0, 249, 5, 164]
1552553863083;[171, 0, 17, 255, 161, 76, 221, 14, 106, 1, 0, 1, 0, 0, 11, 1, 0, 249, 5, 192]
1552553863084;[171, 0, 4, 255, 132, 128, 63]
1552553863085;[171, 0, 17, 255, 161, 76, 221, 14, 106, 0, 0, 1, 0, 0, 20, 1, 0, 254, 5, 186]
1552553863085;[171, 0, 17, 255, 161, 76, 221, 14, 107, 1, 0, 1, 0, 0, 16, 1, 0, 250, 5, 170]
1552553863250;[171, 0, 17, 255, 161, 76, 221, 14, 107, 1, 0, 1, 0, 0, 16, 1, 0, 249, 5, 143]
1552553863433;[171, 0, 17, 255, 161, 76, 221, 14, 107, 1, 0, 1, 0, 0, 16, 1, 0, 249, 5, 109]
1552553863434;[171, 0, 17, 255, 161, 76, 221, 14, 107, 1, 0, 1, 0, 0, 11, 1, 0, 250, 5, 69]
1552553863601;[171, 0, 17, 255, 161, 76, 221, 14, 107, 1, 0, 1, 0, 0, 11, 1, 0, 249, 5, 65]
1552553863602;[171, 0, 17, 255, 161, 76, 221, 14, 107, 1, 0, 4, 0, 0, 11, 1, 0, 249, 5, 136]
1552553863769;[171, 0, 17, 255, 161, 76, 221, 14, 107, 1, 0, 7, 0, 0, 16, 1, 0, 249, 5, 168]
1552553863769;[171, 0, 17, 255, 161, 76, 221, 14, 107, 1, 0, 1, 0, 0, 16, 1, 0, 249, 5, 179]
1552553863952;[171, 0, 17, 255, 161, 76, 221, 14, 107, 1, 0, 1, 0, 0, 20, 1, 0, 249, 5, 180]
1552553864119;[171, 0, 4, 255, 132, 128, 63]
1552553864120;[171, 0, 17, 255, 161, 76, 221, 14, 107, 1, 0, 1, 0, 0, 16, 1, 0, 249, 5, 157]
1552553864286;[171, 0, 17, 255, 161, 76, 221, 14, 108, 1, 0, 1, 0, 0, 16, 1, 0, 249, 5, 145]
1552553864287;[171, 0, 17, 255, 161, 76, 221, 14, 108, 1, 0, 1, 0, 0, 16, 1, 0, 250, 5, 109]
1552553864469;[171, 0, 17, 255, 161, 76, 221, 14, 108, 1, 0, 3, 0, 0, 11, 1, 0, 249, 5, 78]
1552553864469;[171, 0, 17, 255, 161, 76, 221, 14, 108, 1, 0, 1, 0, 0, 11, 1, 1, 3, 5, 114]
1552553864637;[171, 0, 17, 255, 161, 76, 221, 14, 108, 1, 0, 3, 0, 0, 16, 1, 0, 250, 5, 174]
1552553864804;[171, 0, 17, 255, 161, 76, 221, 14, 108, 1, 0, 3, 0, 0, 20, 1, 0, 254, 5, 198]
1552553864805;[171, 0, 17, 255, 161, 76, 221, 14, 108, 1, 0, 1, 0, 0, 16, 1, 0, 254, 5, 213]
1552553865155;[171, 0, 17, 255, 161, 76, 221, 14, 108, 1, 0, 3, 0, 0, 11, 1, 0, 248, 5, 212]
1552553865155;[171, 0, 17, 255, 161, 76, 221, 14, 108, 1, 0, 1, 0, 0, 16, 1, 0, 249, 5, 196]
1552553865156;[171, 0, 4, 255, 132, 128, 63]
1552553865322;[171, 0, 17, 255, 161, 76, 221, 14, 108, 1, 0, 3, 0, 0, 16, 1, 0, 249, 5, 169]
1552553865322;[171, 0, 17, 255, 161, 76, 221, 14, 109, 1, 0, 1, 0, 0, 20, 1, 0, 249, 5, 150]
1552553865505;[171, 0, 17, 255, 161, 76, 221, 14, 109, 1, 0, 4, 0, 0, 11, 1, 0, 250, 5, 101]
1552553865507;[171, 0, 17, 255, 161, 76, 221, 14, 109, 1, 0, 6, 0, 0, 11, 1, 0, 250, 5, 123]
1552553865673;[171, 0, 17, 255, 161, 76, 221, 14, 109, 0, 0, 1, 0, 0, 16, 1, 0, 249, 5, 201]
1552553865674;[171, 0, 17, 255, 161, 76, 221, 14, 109, 1, 0, 2, 0, 0, 16, 1, 0, 254, 5, 246]
1552553865840;[171, 0, 17, 255, 161, 76, 221, 14, 109, 1, 0, 1, 0, 0, 16, 1, 0, 249, 6, 9]
1552553866007;[171, 0, 17, 255, 161, 76, 221, 14, 109, 0, 0, 1, 0, 0, 17, 1, 0, 249, 6, 18]
1552553866023;[171, 0, 17, 255, 161, 76, 221, 14, 109, 0, 0, 1, 0, 0, 16, 1, 0, 249, 5, 253]
1552553866190;[171, 0, 17, 255, 161, 76, 221, 14, 109, 1, 0, 2, 0, 0, 16, 1, 0, 249, 5, 234]
1552553866358;[171, 0, 4, 255, 132, 128, 63]
1552553866359;[171, 0, 17, 255, 161, 76, 221, 14, 109, 1, 0, 3, 0, 0, 11, 1, 0, 250, 5, 198]
1552553866525;[171, 0, 17, 255, 161, 76, 221, 14, 110, 1, 0, 3, 0, 0, 16, 1, 0, 249, 5, 154]
1552553866541;[171, 0, 17, 255, 161, 76, 221, 14, 110, 1, 0, 3, 0, 0, 16, 1, 0, 248, 5, 102]
1552553866708;[171, 0, 17, 255, 161, 76, 221, 14, 110, 0, 0, 1, 0, 0, 20, 1, 0, 250, 5, 74]
1552553866708;[171, 0, 17, 255, 161, 76, 221, 14, 110, 1, 0, 1, 0, 0, 20, 1, 0, 248, 5, 140]
1552553866876;[171, 0, 17, 255, 161, 76, 221, 14, 110, 1, 0, 1, 0, 0, 16, 1, 0, 249, 5, 170]
1552553866877;[171, 0, 17, 255, 161, 76, 221, 14, 110, 0, 0, 1, 0, 0, 20, 1, 0, 249, 5, 181]
1552553867043;[171, 0, 17, 255, 161, 76, 221, 14, 110, 0, 0, 1, 0, 0, 16, 1, 0, 250, 5, 183]
1552553867227;[171, 0, 17, 255, 161, 76, 221, 14, 110, 0, 0, 1, 0, 0, 16, 1, 0, 255, 5, 159]
1552553867227;[171, 0, 17, 255, 161, 76, 221, 14, 110, 1, 0, 1, 0, 0, 16, 1, 0, 249, 5, 120]
1552553867394;[171, 0, 4, 255, 132, 128, 63]
1552553867395;[171, 0, 17, 255, 161, 76, 221, 14, 110, 1, 0, 1, 0, 0, 20, 1, 0, 254, 5, 88]
1552553867560;[171, 0, 17, 255, 161, 76, 221, 14, 111, 1, 0, 1, 0, 0, 21, 1, 0, 250, 5, 47]
1552553867560;[171, 0, 17, 255, 161, 76, 221, 14, 111, 0, 0, 1, 0, 0, 11, 1, 0, 249, 4, 249]
1552553867743;[171, 0, 17, 255, 161, 76, 221, 14, 111, 0, 0, 1, 0, 0, 16, 1, 0, 250, 4, 217]
1552553868079;[171, 0, 17, 255, 161, 76, 221, 14, 111, 1, 0, 2, 0, 0, 11, 1, 0, 250, 5, 18]
1552553868079;[171, 0, 17, 255, 161, 76, 221, 14, 111, 1, 0, 3, 0, 0, 16, 1, 0, 250, 5, 32]
1552553868430;[171, 0, 17, 255, 161, 76, 221, 14, 111, 1, 0, 3, 0, 0, 20, 1, 0, 249, 5, 30]
1552553868431;[171, 0, 17, 255, 161, 76, 221, 14, 111, 1, 0, 2, 0, 0, 16, 1, 0, 249, 5, 34]
1552553868431;[171, 0, 17, 255, 161, 76, 221, 14, 111, 0, 0, 2, 0, 0, 16, 1, 0, 250, 5, 3]
1552553868432;[171, 0, 17, 255, 161, 76, 221, 14, 111, 0, 0, 1, 0, 0, 20, 1, 0, 250, 4, 226]
1552553868432;[171, 0, 4, 255, 132, 128, 63]
1552553868597;[171, 0, 17, 255, 161, 76, 221, 14, 111, 1, 0, 1, 0, 0, 16, 1, 0, 249, 4, 180]
1552553868598;[171, 0, 17, 255, 161, 76, 221, 14, 112, 1, 0, 1, 0, 0, 20, 1, 0, 249, 4, 137]
1552553868781;[171, 0, 17, 255, 161, 76, 221, 14, 112, 1, 0, 1, 0, 0, 16, 1, 0, 249, 4, 79]
1552553868781;[171, 0, 17, 255, 161, 76, 221, 14, 112, 0, 0, 1, 0, 0, 16, 1, 0, 254, 4, 100]
1552553869115;[171, 0, 17, 255, 161, 76, 221, 14, 112, 1, 0, 1, 0, 0, 11, 1, 0, 250, 4, 137]
1552553869131;[171, 0, 17, 255, 161, 76, 221, 14, 112, 0, 0, 1, 0, 0, 20, 1, 0, 249, 4, 150]
1552553869132;[171, 0, 17, 255, 161, 76, 221, 14, 112, 1, 0, 4, 0, 0, 16, 1, 0, 254, 4, 151]
1552553869298;[171, 0, 17, 255, 161, 76, 221, 14, 112, 0, 0, 1, 0, 0, 16, 1, 0, 254, 4, 129]
1552553869298;[171, 0, 17, 255, 161, 76, 221, 14, 112, 0, 0, 1, 0, 0, 16, 1, 0, 249, 4, 100]
1552553869466;[171, 0, 17, 255, 161, 76, 221, 14, 112, 1, 0, 1, 0, 0, 20, 1, 0, 249, 4, 60]
1552553869466;[171, 0, 4, 255, 132, 128, 63]
1552553869632;[171, 0, 17, 255, 161, 76, 221, 14, 112, 1, 0, 1, 0, 0, 21, 1, 0, 246, 4, 8]
1552553869815;[171, 0, 17, 255, 161, 76, 221, 14, 113, 1, 0, 1, 0, 0, 20, 1, 0, 250, 3, 210]
1552553869817;[171, 0, 17, 255, 161, 76, 221, 14, 113, 0, 0, 1, 0, 0, 11, 1, 0, 250, 3, 162]
1552553869983;[171, 0, 17, 255, 161, 76, 221, 14, 113, 1, 0, 1, 0, 0, 20, 1, 0, 249, 3, 157]
1552553869984;[171, 0, 17, 255, 161, 76, 221, 14, 113, 0, 0, 0, 0, 0, 21, 1, 0, 249, 3, 208]
1552553870150;[171, 0, 17, 255, 161, 76, 221, 14, 113, 1, 0, 3, 0, 0, 16, 1, 0, 249, 3, 236]
1552553870334;[171, 0, 17, 255, 161, 76, 221, 14, 113, 1, 0, 4, 0, 0, 20, 1, 0, 250, 3, 234]
1552553870335;[171, 0, 17, 255, 161, 76, 221, 14, 113, 1, 0, 1, 0, 0, 20, 1, 0, 250, 3, 236]
1552553870501;[171, 0, 17, 255, 161, 76, 221, 14, 113, 0, 0, 1, 0, 0, 11, 1, 0, 249, 3, 207]
1552553870502;[171, 0, 17, 255, 161, 76, 221, 14, 113, 1, 0, 1, 0, 0, 21, 1, 0, 255, 3, 174]
1552553870669;[171, 0, 4, 255, 132, 128, 63]
1552553870670;[171, 0, 17, 255, 161, 76, 221, 14, 113, 1, 0, 1, 0, 0, 21, 1, 0, 248, 3, 136]
1552553870836;[171, 0, 17, 255, 161, 76, 221, 14, 114, 1, 0, 1, 0, 0, 20, 1, 0, 249, 3, 98]
1552553871019;[171, 0, 17, 255, 161, 76, 221, 14, 114, 0, 0, 1, 0, 0, 20, 1, 1, 3, 3, 52]
1552553871019;[171, 0, 17, 255, 161, 76, 221, 14, 114, 1, 0, 1, 0, 0, 16, 1, 0, 250, 3, 94]
1552553871187;[171, 0, 17, 255, 161, 76, 221, 14, 114, 0, 0, 1, 0, 0, 20, 1, 0, 255, 3, 131]
1552553871187;[171, 0, 17, 255, 161, 76, 221, 14, 114, 0, 0, 1, 0, 0, 16, 1, 0, 250, 3, 134]
1552553871371;[171, 0, 17, 255, 161, 76, 221, 14, 114, 0, 0, 1, 0, 0, 11, 1, 0, 249, 3, 134]
1552553871371;[171, 0, 17, 255, 161, 76, 221, 14, 114, 1, 0, 1, 0, 0, 11, 1, 0, 250, 3, 113]
1552553871538;[171, 0, 17, 255, 161, 76, 221, 14, 114, 1, 0, 3, 0, 0, 16, 1, 0, 250, 3, 91]
1552553871705;[171, 0, 17, 255, 161, 76, 221, 14, 114, 1, 0, 1, 0, 0, 11, 1, 0, 250, 3, 57]
1552553871705;[171, 0, 4, 255, 132, 128, 63]
1552553871887;[171, 0, 17, 255, 161, 76, 221, 14, 114, 1, 0, 6, 0, 0, 16, 1, 0, 249, 3, 20]
1552553871889;[171, 0, 17, 255, 161, 76, 221, 14, 115, 1, 0, 1, 0, 0, 11, 1, 0, 254, 2, 255]
1552553872055;[171, 0, 17, 255, 161, 76, 221, 14, 115, 1, 0, 1, 0, 0, 16, 1, 0, 250, 3, 48]
1552553872223;[171, 0, 17, 255, 161, 76, 221, 14, 115, 1, 0, 1, 0, 0, 11, 1, 0, 249, 3, 86]
1552553872224;[171, 0, 17, 255, 161, 76, 221, 14, 115, 0, 0, 1, 0, 0, 21, 1, 0, 250, 3, 94]
1552553872390;[171, 0, 17, 255, 161, 76, 221, 14, 115, 1, 0, 1, 0, 0, 20, 1, 0, 249, 3, 93]
1552553872405;[171, 0, 17, 255, 161, 76, 221, 14, 115, 1, 0, 1, 0, 0, 11, 1, 0, 250, 3, 81]
1552553872572;[171, 0, 17, 255, 161, 76, 221, 14, 115, 1, 0, 1, 0, 0, 11, 1, 0, 254, 3, 52]
1552553872574;[171, 0, 17, 255, 161, 76, 221, 14, 115, 1, 0, 2, 0, 0, 16, 1, 0, 250, 3, 17]
1552553872740;[171, 0, 17, 255, 161, 76, 221, 14, 115, 1, 0, 1, 0, 0, 16, 1, 0, 249, 2, 230]
1552553872907;[171, 0, 4, 255, 132, 128, 63]
1552553872926;[171, 0, 17, 255, 161, 76, 221, 14, 115, 1, 0, 1, 0, 0, 16, 1, 0, 249, 2, 176]
1552553873091;[171, 0, 17, 255, 161, 76, 221, 14, 116, 1, 0, 3, 0, 0, 20, 1, 0, 249, 2, 196]
1552553873092;[171, 0, 17, 255, 161, 76, 221, 14, 116, 0, 0, 1, 0, 0, 16, 1, 0, 249, 2, 234]
1552553873259;[171, 0, 17, 255, 161, 76, 221, 14, 116, 0, 0, 1, 0, 0, 16, 1, 0, 250, 2, 229]
1552553873425;[171, 0, 17, 255, 161, 76, 221, 14, 116, 1, 0, 6, 0, 0, 15, 1, 0, 250, 2, 207]
1552553873426;[171, 0, 17, 255, 161, 76, 221, 14, 116, 1, 0, 1, 0, 0, 11, 1, 1, 3, 2, 161]
1552553873610;[171, 0, 17, 255, 161, 76, 221, 14, 116, 0, 0, 1, 0, 0, 16, 1, 0, 255, 2, 67]
1552553873611;[171, 0, 17, 255, 161, 76, 221, 14, 116, 1, 0, 6, 0, 0, 11, 1, 0, 255, 1, 193]
1552553873776;[171, 0, 17, 255, 161, 76, 221, 14, 116, 1, 0, 13, 0, 0, 10, 1, 1, 5, 1, 36]
1552553873777;[171, 0, 17, 255, 161, 76, 221, 14, 116, 1, 0, 1, 0, 0, 10, 1, 0, 244, 16, 137]
1552553873943;[171, 0, 4, 255, 132, 128, 63]
1552553874128;[171, 0, 17, 255, 161, 76, 221, 14, 116, 1, 0, 4, 0, 0, 16, 1, 0, 249, 7, 134]
1552553874128;[171, 0, 17, 255, 161, 76, 221, 14, 117, 1, 0, 15, 0, 0, 11, 1, 0, 249, 7, 210]
1552553874461;[171, 0, 17, 255, 161, 76, 221, 14, 117, 1, 0, 8, 0, 0, 11, 1, 0, 250, 7, 246]
1552553874461;[171, 0, 17, 255, 161, 76, 221, 14, 117, 1, 0, 12, 0, 0, 15, 1, 0, 249, 7, 253]
1552553874477;[171, 0, 17, 255, 161, 76, 221, 14, 117, 1, 0, 8, 0, 0, 11, 1, 0, 246, 7, 247]
1552553874477;[171, 0, 17, 255, 161, 76, 221, 14, 117, 1, 0, 6, 0, 0, 15, 1, 0, 249, 7, 229]
1552553874645;[171, 0, 17, 255, 161, 76, 221, 14, 117, 1, 0, 6, 0, 0, 11, 1, 0, 254, 7, 210]
1552553874812;[171, 0, 17, 255, 161, 76, 221, 14, 117, 1, 0, 3, 0, 0, 10, 1, 0, 249, 7, 185]
1552553874812;[171, 0, 17, 255, 161, 76, 221, 14, 117, 1, 0, 6, 0, 0, 10, 1, 0, 249, 7, 191]
1552553874979;[171, 0, 17, 255, 161, 76, 221, 14, 117, 1, 0, 1, 0, 0, 11, 1, 0, 250, 7, 236]
1552553874979;[171, 0, 4, 255, 132, 128, 63]
1552553875163;[171, 0, 17, 255, 161, 76, 221, 14, 117, 1, 0, 12, 0, 0, 11, 1, 0, 254, 8, 4]
1552553875330;[171, 0, 17, 255, 161, 76, 221, 14, 118, 1, 0, 4, 0, 0, 11, 1, 0, 249, 8, 21]
1552553875331;[171, 0, 17, 255, 161, 76, 221, 14, 118, 1, 0, 1, 0, 0, 15, 1, 0, 249, 8, 31]
1552553875498;[171, 0, 17, 255, 161, 76, 221, 14, 118, 1, 0, 3, 0, 0, 10, 1, 0, 255, 8, 35]
1552553875498;[171, 0, 17, 255, 161, 76, 221, 14, 118, 1, 0, 1, 0, 0, 11, 1, 0, 254, 8, 29]
1552553875681;[171, 0, 17, 255, 161, 76, 221, 14, 118, 1, 0, 1, 0, 0, 11, 1, 0, 250, 8, 11]
1552553875682;[171, 0, 17, 255, 161, 76, 221, 14, 118, 1, 0, 1, 0, 0, 11, 1, 0, 249, 8, 11]
1552553875848;[171, 0, 17, 255, 161, 76, 221, 14, 118, 0, 0, 1, 0, 0, 10, 1, 0, 250, 8, 77]
1552553876015;[171, 0, 17, 255, 161, 76, 221, 14, 118, 1, 0, 10, 0, 0, 8, 1, 0, 250, 8, 152]
1552553876198;[171, 0, 17, 255, 161, 76, 221, 14, 120, 1, 0, 21, 0, 0, 35, 1, 0, 243, 4, 221]
1552553876366;[171, 0, 17, 255, 161, 76, 221, 14, 121, 1, 0, 24, 0, 0, 30, 1, 0, 242, 4, 190]
1552553876366;[171, 0, 17, 255, 161, 76, 221, 14, 121, 1, 0, 29, 0, 0, 24, 1, 0, 242, 4, 151]
1552553876533;[171, 0, 17, 255, 161, 76, 221, 14, 121, 1, 0, 37, 0, 0, 20, 1, 0, 249, 4, 165]
1552553876717;[171, 0, 17, 255, 161, 76, 221, 14, 121, 1, 0, 39, 0, 0, 8, 1, 0, 248, 4, 217]
1552553876718;[171, 0, 17, 255, 161, 76, 221, 14, 121, 1, 0, 37, 0, 0, 6, 1, 0, 250, 5, 5]
1552553876885;[171, 0, 17, 255, 161, 76, 221, 14, 121, 1, 0, 33, 0, 0, 5, 1, 0, 247, 5, 33]
1552553876885;[171, 0, 17, 255, 161, 76, 221, 14, 121, 1, 0, 25, 1, 0, 7, 1, 0, 242, 5, 64]
1552553877219;[171, 0, 17, 255, 161, 76, 221, 14, 121, 1, 0, 23, 0, 0, 0, 1, 0, 254, 5, 86]
1552553877234;[171, 0, 17, 255, 161, 76, 221, 14, 121, 1, 0, 6, 0, 0, 0, 1, 1, 11, 5, 101]
1552553877236;[171, 0, 4, 255, 132, 128, 63]
1552553877402;[171, 0, 17, 255, 161, 76, 221, 14, 121, 1, 0, 13, 0, 0, 3, 1, 0, 246, 5, 108]
1552553877402;[171, 0, 17, 255, 161, 76, 221, 14, 122, 0, 0, 1, 0, 0, 2, 1, 0, 254, 5, 123]
1552553877570;[171, 0, 17, 255, 161, 76, 221, 14, 122, 0, 0, 5, 1, 0, 2, 1, 1, 3, 5, 204]
1552553877570;[171, 0, 17, 255, 161, 76, 221, 14, 122, 0, 0, 9, 0, 0, 0, 1, 0, 248, 6, 54]
1552553877752;[171, 0, 17, 255, 161, 76, 221, 14, 122, 0, 0, 10, 0, 0, 0, 1, 0, 249, 6, 105]
1552553877920;[171, 0, 17, 255, 161, 76, 221, 14, 122, 0, 0, 12, 1, 0, 3, 1, 0, 255, 6, 127]
1552553877921;[171, 0, 17, 255, 161, 76, 221, 14, 122, 0, 0, 34, 1, 0, 1, 1, 0, 249, 6, 100]
1552553878088;[171, 0, 17, 255, 161, 76, 221, 14, 122, 0, 0, 23, 0, 0, 3, 1, 0, 250, 6, 14]
1552553878255;[171, 0, 17, 255, 161, 76, 221, 14, 122, 0, 0, 24, 0, 0, 0, 1, 0, 254, 5, 209]
1552553878270;[171, 0, 17, 255, 161, 76, 221, 14, 122, 0, 0, 11, 0, 0, 10, 1, 1, 3, 5, 188]
1552553878271;[171, 0, 4, 255, 132, 128, 63]
1552553878438;[171, 0, 17, 255, 161, 76, 221, 14, 122, 0, 0, 9, 0, 0, 16, 1, 0, 254, 5, 245]
1552553878606;[171, 0, 17, 255, 161, 76, 221, 14, 123, 1, 0, 3, 0, 0, 6, 1, 0, 245, 6, 65]
1552553878607;[171, 0, 17, 255, 161, 76, 221, 14, 123, 1, 0, 1, 0, 0, 5, 1, 0, 245, 6, 85]
1552553878773;[171, 0, 17, 255, 161, 76, 221, 14, 123, 1, 0, 14, 1, 0, 17, 1, 0, 249, 6, 86]
1552553878788;[171, 0, 17, 255, 161, 76, 221, 14, 123, 1, 0, 6, 1, 0, 7, 1, 1, 3, 6, 83]
1552553878955;[171, 0, 17, 255, 161, 76, 221, 14, 123, 1, 0, 2, 0, 0, 3, 1, 1, 3, 6, 38]
1552553879123;[171, 0, 17, 255, 161, 76, 221, 14, 123, 0, 0, 5, 0, 0, 1, 1, 0, 255, 5, 251]
1552553879124;[171, 0, 17, 255, 161, 76, 221, 14, 123, 1, 0, 10, 0, 0, 1, 1, 0, 254, 5, 200]
1552553879291;[171, 0, 17, 255, 161, 76, 221, 14, 123, 1, 0, 12, 1, 0, 1, 1, 0, 250, 5, 191]
1552553879292;[171, 0, 17, 255, 161, 76, 221, 14, 123, 1, 0, 14, 0, 0, 2, 1, 0, 250, 5, 173]
1552553879473;[171, 0, 4, 255, 132, 128, 64]
1552553879475;[171, 0, 17, 255, 161, 76, 221, 14, 123, 1, 0, 12, 0, 0, 3, 1, 0, 250, 5, 125]
1552553879641;[171, 0, 17, 255, 161, 76, 221, 14, 128, 1, 0, 14, 0, 0, 0, 1, 0, 250, 5, 88]
1552553879808;[171, 0, 17, 255, 161, 76, 221, 14, 128, 1, 0, 12, 1, 0, 1, 1, 0, 249, 5, 19]
1552553879809;[171, 0, 17, 255, 161, 76, 221, 14, 128, 1, 0, 11, 0, 0, 0, 1, 1, 3, 4, 200]
1552553879992;[171, 0, 17, 255, 161, 76, 221, 14, 128, 1, 0, 14, 0, 0, 2, 1, 0, 249, 4, 134]
1552553879993;[171, 0, 17, 255, 161, 76, 221, 14, 128, 1, 0, 11, 0, 0, 2, 1, 1, 3, 4, 119]
1552553880159;[171, 0, 17, 255, 161, 76, 221, 14, 128, 1, 0, 16, 1, 0, 2, 1, 0, 250, 4, 98]
1552553880509;[171, 0, 17, 255, 161, 76, 221, 14, 128, 1, 0, 12, 0, 0, 1, 1, 0, 249, 4, 60]
1552553880510;[171, 0, 17, 255, 161, 76, 221, 14, 128, 1, 0, 15, 1, 0, 2, 1, 0, 254, 4, 17]
1552553880510;[171, 0, 17, 255, 161, 76, 221, 14, 128, 0, 0, 1, 1, 0, 1, 1, 0, 255, 3, 229]
1552553880511;[171, 0, 4, 255, 132, 128, 64]
1552553880677;[171, 0, 17, 255, 161, 76, 221, 14, 128, 1, 0, 11, 1, 0, 1, 1, 0, 255, 3, 179]
1552553880679;[171, 0, 17, 255, 161, 76, 221, 14, 129, 1, 0, 15, 1, 0, 4, 1, 1, 11, 3, 147]
1552553880844;[171, 0, 17, 255, 161, 76, 221, 14, 129, 1, 0, 12, 1, 0, 1, 1, 0, 249, 3, 151]
1552553881027;[171, 0, 17, 255, 161, 76, 221, 14, 129, 1, 0, 15, 1, 0, 3, 1, 0, 255, 3, 134]
1552553881028;[171, 0, 17, 255, 161, 76, 221, 14, 129, 1, 0, 13, 1, 0, 3, 1, 0, 255, 3, 89]
1552553881195;[171, 0, 17, 255, 161, 76, 221, 14, 129, 1, 0, 8, 0, 0, 2, 1, 0, 250, 3, 64]
1552553881196;[171, 0, 17, 255, 161, 76, 221, 14, 129, 1, 0, 14, 1, 0, 1, 1, 0, 250, 3, 16]
1552553881362;[171, 0, 17, 255, 161, 76, 221, 14, 129, 1, 0, 10, 1, 0, 3, 1, 0, 254, 2, 212]
1552553881363;[171, 0, 17, 255, 161, 76, 221, 14, 129, 1, 0, 17, 1, 0, 3, 1, 0, 255, 2, 201]
1552553881547;[171, 0, 17, 255, 161, 76, 221, 14, 129, 1, 0, 8, 0, 0, 2, 1, 0, 250, 2, 209]
1552553881713;[171, 0, 4, 255, 132, 128, 65]
1552553881715;[171, 0, 17, 255, 161, 76, 221, 14, 129, 1, 0, 17, 0, 0, 2, 1, 0, 250, 2, 167]
1552553881880;[171, 0, 17, 255, 161, 76, 221, 14, 130, 1, 0, 1, 1, 0, 5, 1, 0, 255, 2, 76]
1552553881882;[171, 0, 17, 255, 161, 76, 221, 14, 130, 1, 0, 1, 1, 0, 7, 1, 0, 255, 1, 224]
1552553882064;[171, 0, 17, 255, 161, 76, 221, 14, 130, 0, 0, 13, 1, 0, 6, 1, 1, 0, 1, 99]
1552553882232;[171, 0, 17, 255, 161, 76, 221, 14, 130, 0, 0, 13, 1, 0, 2, 1, 0, 249, 0, 209]
1552553882234;[171, 0, 17, 255, 161, 76, 221, 14, 130, 0, 0, 1, 1, 0, 2, 1, 0, 250, 0, 209]
1552553882399;[171, 0, 17, 255, 161, 76, 221, 14, 130, 0, 0, 1, 1, 0, 1, 1, 0, 250, 16, 133]
1552553882400;[171, 0, 17, 255, 161, 76, 221, 14, 130, 0, 0, 2, 1, 0, 4, 1, 0, 250, 7, 150]
1552553882582;[171, 0, 17, 255, 161, 76, 221, 14, 130, 0, 0, 3, 1, 0, 1, 1, 0, 250, 7, 109]
1552553882583;[171, 0, 17, 255, 161, 76, 221, 14, 130, 0, 0, 11, 1, 0, 6, 1, 0, 255, 7, 75]
1552553882749;[171, 0, 4, 255, 132, 128, 65]
1552553882917;[171, 0, 17, 255, 161, 76, 221, 14, 130, 0, 0, 2, 1, 0, 1, 1, 0, 250, 7, 27]
1552553882918;[171, 0, 17, 255, 161, 76, 221, 14, 131, 0, 0, 5, 1, 0, 3, 1, 0, 248, 6, 248]
1552553883267;[171, 0, 17, 255, 161, 76, 221, 14, 131, 0, 0, 1, 0, 0, 0, 1, 1, 2, 7, 24]
1552553883268;[171, 0, 17, 255, 161, 76, 221, 14, 131, 0, 0, 3, 1, 0, 8, 1, 0, 250, 7, 42]
1552553883269;[171, 0, 17, 255, 161, 76, 221, 14, 131, 0, 0, 9, 1, 0, 6, 1, 0, 248, 7, 4]
1552553883270;[171, 0, 17, 255, 161, 76, 221, 14, 131, 0, 0, 19, 1, 0, 4, 1, 0, 250, 6, 211]
1552553883435;[171, 0, 17, 255, 161, 76, 221, 14, 131, 0, 0, 9, 1, 0, 4, 1, 0, 249, 6, 155]
1552553883617;[171, 0, 17, 255, 161, 76, 221, 14, 131, 0, 0, 18, 1, 0, 3, 1, 0, 254, 6, 92]
1552553883618;[171, 0, 17, 255, 161, 76, 221, 14, 131, 0, 0, 11, 1, 0, 6, 1, 0, 255, 5, 148]
1552553883785;[171, 0, 17, 255, 161, 76, 221, 14, 131, 1, 0, 5, 1, 0, 3, 1, 0, 255, 5, 91]
1552553883953;[171, 0, 4, 255, 132, 128, 66]
1552553884136;[171, 0, 17, 255, 161, 76, 221, 14, 131, 0, 0, 3, 1, 0, 4, 1, 0, 255, 5, 70]
1552553884137;[171, 0, 17, 255, 161, 76, 221, 14, 132, 1, 0, 6, 1, 0, 5, 1, 0, 254, 5, 76]
1552553884302;[171, 0, 17, 255, 161, 76, 221, 14, 132, 0, 0, 7, 1, 0, 3, 1, 1, 3, 5, 94]
1552553884303;[171, 0, 17, 255, 161, 76, 221, 14, 132, 0, 0, 18, 1, 0, 4, 1, 1, 3, 5, 95]
1552553884304;[171, 0, 17, 255, 161, 76, 221, 14, 132, 0, 0, 11, 1, 0, 8, 1, 0, 249, 5, 94]
1552553884470;[171, 0, 17, 255, 161, 76, 221, 14, 132, 0, 0, 17, 1, 0, 9, 1, 0, 249, 5, 61]
1552553884471;[171, 0, 17, 255, 161, 76, 221, 14, 132, 1, 0, 1, 1, 0, 9, 1, 0, 249, 4, 164]
1552553884819;[171, 0, 17, 255, 161, 76, 221, 14, 132, 1, 0, 6, 0, 0, 1, 1, 0, 254, 4, 184]
1552553884819;[171, 0, 17, 255, 161, 76, 221, 14, 132, 1, 0, 6, 1, 0, 2, 1, 0, 255, 4, 168]
1552553884820;[171, 0, 17, 255, 161, 76, 221, 14, 132, 1, 0, 18, 0, 0, 1, 1, 0, 249, 4, 181]
1552553884986;[171, 0, 4, 255, 132, 128, 66]
1552553884988;[171, 0, 17, 255, 161, 76, 221, 14, 132, 1, 0, 31, 1, 0, 1, 1, 0, 250, 5, 6]
1552553885155;[171, 0, 17, 255, 161, 76, 221, 14, 133, 1, 0, 23, 1, 0, 3, 1, 0, 255, 5, 106]
1552553885172;[171, 0, 17, 255, 161, 76, 221, 14, 133, 1, 0, 19, 0, 0, 3, 1, 0, 249, 5, 170]
1552553885338;[171, 0, 17, 255, 161, 76, 221, 14, 133, 1, 0, 18, 0, 0, 0, 1, 0, 255, 5, 230]
1552553885505;[171, 0, 17, 255, 161, 76, 221, 14, 133, 1, 0, 17, 1, 0, 1, 1, 0, 249, 6, 24]
1552553885506;[171, 0, 17, 255, 161, 76, 221, 14, 133, 1, 0, 15, 1, 0, 1, 1, 0, 250, 6, 101]
1552553885673;[171, 0, 17, 255, 161, 76, 221, 14, 133, 1, 0, 24, 0, 0, 3, 1, 0, 254, 6, 185]
1552553885689;[171, 0, 17, 255, 161, 76, 221, 14, 133, 1, 0, 14, 0, 0, 0, 1, 1, 3, 7, 25]
1552553885856;[171, 0, 17, 255, 161, 76, 221, 14, 133, 1, 0, 17, 0, 0, 0, 1, 0, 250, 7, 133]
1552553886191;[171, 0, 17, 255, 161, 76, 221, 14, 133, 1, 0, 16, 0, 0, 3, 1, 1, 3, 8, 122]
1552553886207;[171, 0, 4, 255, 132, 128, 67]
1552553886541;[171, 0, 17, 255, 161, 76, 221, 14, 133, 1, 0, 18, 0, 0, 0, 1, 0, 254, 9, 96]
1552553886542;[171, 0, 17, 255, 161, 76, 221, 14, 134, 1, 0, 17, 0, 0, 2, 1, 0, 254, 10, 13]
1552553886543;[171, 0, 17, 255, 161, 76, 221, 14, 134, 1, 0, 18, 0, 0, 3, 1, 0, 250, 10, 194]
1552553886558;[171, 0, 17, 255, 161, 76, 221, 14, 134, 1, 0, 18, 0, 0, 2, 1, 0, 255, 11, 73]
1552553886559;[171, 0, 17, 255, 161, 76, 221, 14, 134, 1, 0, 15, 0, 0, 1, 1, 0, 250, 11, 177]
1552553886709;[171, 0, 17, 255, 161, 76, 221, 14, 134, 1, 0, 14, 1, 0, 1, 1, 1, 3, 12, 10]
1552553886725;[171, 0, 17, 255, 161, 76, 221, 14, 134, 1, 0, 14, 0, 0, 2, 1, 0, 250, 12, 93]
1552553886893;[171, 0, 17, 255, 161, 76, 221, 14, 134, 1, 0, 17, 1, 0, 3, 1, 0, 254, 13, 40]
1552553886894;[171, 0, 17, 255, 161, 76, 221, 14, 134, 1, 0, 14, 1, 0, 1, 1, 0, 255, 14, 18]
1552553887060;[171, 0, 17, 255, 161, 76, 221, 14, 134, 1, 0, 17, 0, 0, 3, 1, 0, 255, 14, 193]
1552553887226;[171, 0, 4, 255, 132, 128, 68]
1552553887228;[171, 0, 17, 255, 161, 76, 221, 14, 134, 1, 0, 17, 0, 0, 3, 1, 0, 255, 31, 80]
1552553887410;[171, 0, 17, 255, 161, 76, 221, 14, 135, 1, 0, 16, 1, 0, 1, 1, 0, 254, 8, 69]
1552553887412;[171, 0, 17, 255, 161, 76, 221, 14, 135, 1, 0, 14, 0, 0, 1, 1, 0, 255, 8, 140]
1552553887578;[171, 0, 17, 255, 161, 76, 221, 14, 135, 1, 0, 15, 0, 0, 2, 1, 0, 254, 8, 200]
1552553887579;[171, 0, 17, 255, 161, 76, 221, 14, 135, 1, 0, 15, 0, 0, 2, 1, 0, 250, 8, 240]
1552553887744;[171, 0, 17, 255, 161, 76, 221, 14, 135, 1, 0, 15, 0, 0, 3, 1, 0, 254, 9, 23]
1552553887928;[171, 0, 17, 255, 161, 76, 221, 14, 135, 1, 0, 12, 1, 0, 1, 1, 0, 254, 9, 201]
1552553887929;[171, 0, 17, 255, 161, 76, 221, 14, 135, 1, 0, 16, 0, 0, 2, 1, 0, 255, 10, 101]
1552553888096;[171, 0, 17, 255, 161, 76, 221, 14, 135, 1, 0, 14, 0, 0, 4, 1, 0, 250, 10, 101]
1552553888097;[171, 0, 17, 255, 161, 76, 221, 14, 135, 1, 0, 17, 0, 0, 1, 1, 0, 254, 10, 172]
1552553888281;[171, 0, 4, 255, 132, 128, 69]
1552553888283;[171, 0, 17, 255, 161, 76, 221, 14, 135, 1, 0, 18, 0, 0, 2, 1, 0, 250, 10, 203]
1552553888447;[171, 0, 17, 255, 161, 76, 221, 14, 136, 1, 0, 15, 0, 0, 0, 1, 0, 254, 10, 225]
1552553888613;[171, 0, 17, 255, 161, 76, 221, 14, 136, 1, 0, 18, 0, 0, 3, 1, 0, 254, 10, 223]
1552553888614;[171, 0, 17, 255, 161, 76, 221, 14, 136, 1, 0, 18, 0, 0, 1, 1, 0, 250, 10, 222]
1552553888781;[171, 0, 17, 255, 161, 76, 221, 14, 136, 1, 0, 17, 0, 0, 0, 1, 0, 250, 10, 208]
1552553888782;[171, 0, 17, 255, 161, 76, 221, 14, 136, 1, 0, 18, 0, 0, 3, 1, 1, 3, 11, 66]
1552553888964;[171, 0, 17, 255, 161, 76, 221, 14, 136, 1, 0, 18, 0, 0, 0, 1, 0, 249, 11, 128]
1552553889133;[171, 0, 17, 255, 161, 76, 221, 14, 136, 1, 0, 17, 0, 0, 3, 1, 0, 250, 11, 156]
1552553889134;[171, 0, 17, 255, 161, 76, 221, 14, 136, 1, 0, 17, 0, 0, 3, 1, 0, 249, 11, 169]
1552553889648;[171, 0, 17, 255, 161, 76, 221, 14, 136, 1, 0, 14, 0, 0, 3, 1, 1, 3, 11, 167]
1552553889649;[171, 0, 4, 255, 132, 128, 68]
1552553889650;[171, 0, 17, 255, 161, 76, 221, 14, 136, 1, 0, 16, 0, 0, 2, 1, 1, 3, 11, 132]
1552553889651;[171, 0, 17, 255, 161, 76, 221, 14, 137, 1, 0, 18, 0, 0, 0, 1, 0, 255, 11, 99]
1552553889651;[171, 0, 17, 255, 161, 76, 221, 14, 137, 1, 0, 14, 0, 0, 0, 1, 0, 254, 11, 61]
1552553889816;[171, 0, 17, 255, 161, 76, 221, 14, 137, 1, 0, 17, 0, 0, 2, 1, 0, 250, 11, 116]
1552553889817;[171, 0, 17, 255, 161, 76, 221, 14, 137, 1, 0, 16, 1, 0, 2, 1, 0, 249, 11, 145]
1552553890001;[171, 0, 17, 255, 161, 76, 221, 14, 137, 1, 0, 16, 0, 0, 3, 1, 0, 255, 11, 138]
1552553890002;[171, 0, 17, 255, 161, 76, 221, 14, 137, 1, 0, 14, 0, 0, 0, 1, 0, 249, 11, 135]
1552553890167;[171, 0, 17, 255, 161, 76, 221, 14, 137, 1, 0, 18, 0, 0, 2, 1, 0, 254, 11, 100]
1552553890335;[171, 0, 17, 255, 161, 76, 221, 14, 137, 1, 0, 16, 0, 0, 2, 1, 0, 254, 11, 68]
1552553890336;[171, 0, 17, 255, 161, 76, 221, 14, 137, 1, 0, 17, 0, 0, 2, 1, 0, 250, 11, 18]
1552553890518;[171, 0, 4, 255, 132, 128, 68]
1552553890520;[171, 0, 17, 255, 161, 76, 221, 14, 137, 1, 0, 17, 0, 0, 3, 1, 0, 255, 10, 221]
1552553890684;[171, 0, 17, 255, 161, 76, 221, 14, 138, 1, 0, 16, 0, 0, 2, 1, 0, 255, 10, 240]
1552553890685;[171, 0, 17, 255, 161, 76, 221, 14, 138, 1, 0, 17, 0, 0, 3, 1, 0, 250, 11, 23]
1552553890852;[171, 0, 17, 255, 161, 76, 221, 14, 138, 1, 0, 16, 0, 0, 2, 1, 0, 250, 11, 26]
1552553891020;[171, 0, 17, 255, 161, 76, 221, 14, 138, 1, 0, 18, 1, 0, 2, 1, 0, 250, 11, 16]
1552553891203;[171, 0, 17, 255, 161, 76, 221, 14, 138, 1, 0, 18, 0, 0, 3, 1, 0, 254, 10, 255]
1552553891203;[171, 0, 17, 255, 161, 76, 221, 14, 138, 1, 0, 14, 0, 0, 2, 1, 1, 3, 10, 224]
1552553891204;[171, 0, 17, 255, 161, 76, 221, 14, 138, 1, 0, 17, 0, 0, 2, 1, 0, 250, 10, 177]
1552553891375;[171, 0, 17, 255, 161, 76, 221, 14, 138, 1, 0, 16, 1, 0, 1, 1, 0, 249, 10, 133]
1552553891375;[171, 0, 17, 255, 161, 76, 221, 14, 138, 1, 0, 16, 0, 0, 0, 1, 0, 254, 10, 110]
1552553891538;[171, 0, 4, 255, 132, 128, 68]
1552553891721;[171, 0, 17, 255, 161, 76, 221, 14, 138, 1, 0, 16, 0, 0, 0, 1, 0, 250, 10, 152]
1552553891722;[171, 0, 17, 255, 161, 76, 221, 14, 139, 1, 0, 16, 0, 0, 2, 1, 0, 254, 10, 181]
1552553891888;[171, 0, 17, 255, 161, 76, 221, 14, 139, 1, 0, 15, 0, 0, 3, 1, 0, 254, 10, 169]
1552553891888;[171, 0, 17, 255, 161, 76, 221, 14, 139, 1, 0, 19, 1, 0, 1, 1, 0, 250, 10, 170]
1552553892056;[171, 0, 17, 255, 161, 76, 221, 14, 139, 1, 0, 18, 1, 0, 1, 1, 0, 250, 10, 144]
1552553892071;[171, 0, 17, 255, 161, 76, 221, 14, 139, 1, 0, 18, 0, 0, 3, 1, 0, 250, 10, 112]
1552553892239;[171, 0, 17, 255, 161, 76, 221, 14, 139, 1, 0, 17, 1, 0, 3, 1, 0, 254, 10, 83]
1552553892406;[171, 0, 17, 255, 161, 76, 221, 14, 139, 1, 0, 14, 0, 0, 1, 1, 0, 250, 10, 38]
1552553892407;[171, 0, 17, 255, 161, 76, 221, 14, 139, 1, 0, 16, 0, 0, 0, 1, 0, 254, 10, 21]
1552553892573;[171, 0, 17, 255, 161, 76, 221, 14, 139, 1, 0, 17, 0, 0, 3, 1, 1, 3, 10, 57]
1552553892574;[171, 0, 4, 255, 132, 128, 68]
1552553892756;[171, 0, 17, 255, 161, 76, 221, 14, 139, 1, 0, 17, 0, 0, 0, 1, 0, 250, 10, 76]
1552553893091;[171, 0, 17, 255, 161, 76, 221, 14, 140, 1, 0, 14, 0, 0, 3, 1, 1, 3, 10, 77]
1552553893092;[171, 0, 17, 255, 161, 76, 221, 14, 140, 1, 0, 14, 0, 0, 2, 1, 0, 250, 10, 65]
1552553893107;[171, 0, 17, 255, 161, 76, 221, 14, 140, 1, 0, 18, 0, 0, 0, 1, 0, 250, 10, 48]
1552553893109;[171, 0, 17, 255, 161, 76, 221, 14, 140, 1, 0, 15, 0, 0, 2, 1, 0, 250, 10, 13]
1552553893275;[171, 0, 17, 255, 161, 76, 221, 14, 140, 1, 0, 16, 0, 0, 3, 1, 0, 249, 9, 232]
1552553893275;[171, 0, 17, 255, 161, 76, 221, 14, 140, 1, 0, 17, 0, 0, 2, 1, 0, 255, 9, 217]
1552553893443;[171, 0, 17, 255, 161, 76, 221, 14, 140, 1, 0, 16, 1, 0, 1, 1, 0, 250, 10, 13]
1552553893609;[171, 0, 17, 255, 161, 76, 221, 14, 140, 1, 0, 17, 0, 0, 2, 1, 0, 254, 10, 32]
1552553893609;[171, 0, 17, 255, 161, 76, 221, 14, 140, 1, 0, 15, 0, 0, 1, 1, 0, 250, 10, 38]
1552553893792;[171, 0, 4, 255, 132, 128, 69]
1552553893794;[171, 0, 17, 255, 161, 76, 221, 14, 140, 1, 0, 16, 0, 0, 2, 1, 0, 254, 10, 36]
1552553893960;[171, 0, 17, 255, 161, 76, 221, 14, 141, 1, 0, 14, 0, 0, 3, 1, 0, 250, 10, 21]
1552553894127;[171, 0, 17, 255, 161, 76, 221, 14, 141, 1, 0, 19, 0, 0, 1, 1, 0, 255, 9, 249]
1552553894127;[171, 0, 17, 255, 161, 76, 221, 14, 141, 1, 0, 15, 0, 0, 1, 1, 0, 250, 9, 218]
1552553894310;[171, 0, 17, 255, 161, 76, 221, 14, 141, 1, 0, 15, 0, 0, 3, 1, 0, 250, 9, 188]
1552553894311;[171, 0, 17, 255, 161, 76, 221, 14, 141, 1, 0, 17, 0, 0, 0, 1, 0, 249, 9, 236]
1552553894478;[171, 0, 17, 255, 161, 76, 221, 14, 141, 1, 0, 18, 0, 0, 1, 1, 0, 249, 10, 35]
1552553894478;[171, 0, 17, 255, 161, 76, 221, 14, 141, 1, 0, 17, 0, 0, 0, 1, 0, 254, 10, 57]
1552553894645;[171, 0, 17, 255, 161, 76, 221, 14, 141, 1, 0, 14, 0, 0, 2, 1, 0, 250, 10, 77]
1552553894828;[171, 0, 17, 255, 161, 76, 221, 14, 141, 1, 0, 18, 1, 0, 1, 1, 0, 255, 10, 78]
1552553894830;[171, 0, 4, 255, 132, 128, 69]
1552553894996;[171, 0, 17, 255, 161, 76, 221, 14, 141, 1, 0, 17, 0, 0, 0, 1, 0, 254, 10, 62]
1552553895163;[171, 0, 17, 255, 161, 76, 221, 14, 142, 1, 0, 19, 1, 0, 1, 1, 0, 250, 10, 42]
1552553895347;[171, 0, 17, 255, 161, 76, 221, 14, 142, 1, 0, 19, 0, 0, 2, 1, 0, 254, 10, 12]
1552553895347;[171, 0, 17, 255, 161, 76, 221, 14, 142, 1, 0, 15, 0, 0, 1, 1, 0, 250, 10, 9]
1552553895348;[171, 0, 17, 255, 161, 76, 221, 14, 142, 1, 0, 15, 0, 0, 1, 1, 0, 255, 10, 82]
1552553895514;[171, 0, 17, 255, 161, 76, 221, 14, 142, 1, 0, 15, 0, 0, 3, 1, 0, 250, 10, 138]
1552553895514;[171, 0, 17, 255, 161, 76, 221, 14, 142, 1, 0, 14, 1, 0, 1, 1, 0, 255, 10, 163]
1552553895681;[171, 0, 17, 255, 161, 76, 221, 14, 142, 1, 0, 17, 0, 0, 0, 1, 0, 250, 10, 173]
1552553895730;[171, 0, 17, 255, 161, 76, 221, 14, 142, 1, 0, 18, 0, 0, 3, 1, 0, 254, 10, 161]
1552553895864;[171, 0, 17, 255, 161, 76, 221, 14, 142, 1, 0, 15, 0, 0, 1, 1, 0, 250, 10, 148]
1552553896032;[171, 0, 4, 255, 132, 128, 69]
1552553896033;[171, 0, 17, 255, 161, 76, 221, 14, 142, 1, 0, 18, 0, 0, 3, 1, 0, 250, 10, 132]
1552553896199;[171, 0, 17, 255, 161, 76, 221, 14, 143, 1, 0, 15, 0, 0, 0, 1, 0, 249, 10, 105]
1552553896382;[171, 0, 17, 255, 161, 76, 221, 14, 143, 1, 0, 17, 0, 0, 2, 1, 0, 250, 10, 93]
1552553896382;[171, 0, 17, 255, 161, 76, 221, 14, 143, 1, 0, 18, 1, 0, 1, 1, 0, 255, 10, 174]
1552553896383;[171, 0, 17, 255, 161, 76, 221, 14, 143, 1, 0, 16, 0, 0, 1, 1, 0, 250, 10, 212]
1552553896717;[171, 0, 17, 255, 161, 76, 221, 14, 143, 1, 0, 18, 0, 0, 3, 1, 0, 249, 10, 240]
1552553896718;[171, 0, 17, 255, 161, 76, 221, 14, 143, 1, 0, 19, 1, 0, 1, 1, 0, 255, 11, 2]
1552553896734;[171, 0, 17, 255, 161, 76, 221, 14, 143, 1, 0, 14, 0, 0, 1, 1, 0, 254, 10, 249]
1552553896901;[171, 0, 17, 255, 161, 76, 221, 14, 143, 1, 0, 18, 0, 0, 3, 1, 0, 254, 10, 229]
1552553896902;[171, 0, 17, 255, 161, 76, 221, 14, 143, 1, 0, 15, 0, 0, 0, 1, 0, 250, 10, 212]
1552553897068;[171, 0, 4, 255, 132, 128, 69]
1552553897069;[171, 0, 17, 255, 161, 76, 221, 14, 143, 1, 0, 16, 0, 0, 2, 1, 0, 250, 10, 174]
1552553897235;[171, 0, 17, 255, 161, 76, 221, 14, 144, 1, 0, 18, 0, 0, 0, 1, 0, 250, 10, 189]
1552553897420;[171, 0, 17, 255, 161, 76, 221, 14, 144, 1, 0, 18, 0, 0, 3, 1, 0, 250, 11, 6]
1552553897586;[171, 0, 17, 255, 161, 76, 221, 14, 144, 1, 0, 15, 0, 0, 2, 1, 0, 254, 11, 44]
1552553897587;[171, 0, 17, 255, 161, 76, 221, 14, 144, 1, 0, 18, 0, 0, 3, 1, 0, 255, 11, 61]
1552553897588;[171, 0, 17, 255, 161, 76, 221, 14, 144, 1, 0, 18, 1, 0, 2, 1, 1, 3, 11, 74]
1552553898102;[171, 0, 17, 255, 161, 76, 221, 14, 144, 1, 0, 17, 0, 0, 2, 1, 0, 249, 11, 62]
1552553898103;[171, 0, 17, 255, 161, 76, 221, 14, 144, 1, 0, 19, 0, 0, 3, 1, 0, 249, 11, 33]
1552553898104;[171, 0, 17, 255, 161, 76, 221, 14, 144, 1, 0, 18, 0, 0, 3, 1, 0, 250, 11, 8]
1552553898104;[171, 0, 17, 255, 161, 76, 221, 14, 146, 1, 0, 17, 0, 0, 1, 1, 0, 249, 10, 180]
1552553898271;[171, 0, 17, 255, 161, 76, 221, 14, 147, 1, 0, 18, 0, 0, 0, 1, 0, 255, 10, 145]
1552553898455;[171, 0, 17, 255, 161, 76, 221, 14, 147, 1, 0, 17, 0, 0, 3, 1, 0, 254, 10, 100]
1552553898622;[171, 0, 17, 255, 161, 76, 221, 14, 147, 1, 0, 15, 0, 0, 0, 1, 0, 250, 10, 137]
1552553898623;[171, 0, 17, 255, 161, 76, 221, 14, 147, 1, 0, 21, 0, 0, 3, 1, 0, 250, 10, 171]
1552553898789;[171, 0, 17, 255, 161, 76, 221, 14, 147, 1, 0, 18, 1, 0, 1, 1, 0, 249, 10, 176]
1552553898790;[171, 0, 17, 255, 161, 76, 221, 14, 147, 1, 0, 17, 0, 0, 0, 1, 1, 3, 10, 188]
1552553898956;[171, 0, 17, 255, 161, 76, 221, 14, 147, 1, 0, 17, 0, 0, 1, 1, 0, 249, 10, 181]
1552553898973;[171, 0, 17, 255, 161, 76, 221, 14, 147, 1, 0, 18, 0, 0, 0, 1, 0, 250, 10, 147]
1552553899140;[171, 0, 17, 255, 161, 76, 221, 14, 147, 1, 0, 19, 0, 0, 3, 1, 0, 254, 10, 120]
1552553899307;[171, 0, 4, 255, 132, 128, 69]
1552553899309;[171, 0, 17, 255, 161, 76, 221, 14, 147, 1, 0, 19, 0, 0, 2, 1, 0, 250, 10, 92]
1552553899474;[171, 0, 17, 255, 161, 76, 221, 14, 148, 1, 0, 20, 0, 0, 2, 1, 1, 3, 10, 43]
