1552553477723;[171, 0, 17, 255, 161, 76, 221, 12, 208, 0, 0, 43, 1, 0, 4, 1, 0, 243, 12, 71]
1552553477727;[171, 0, 17, 255, 161, 76, 221, 12, 208, 0, 0, 43, 1, 0, 5, 1, 0, 243, 12, 98]
1552553477728;[171, 0, 4, 255, 132, 128, 58]
1552553477888;[171, 0, 17, 255, 161, 76, 221, 12, 208, 0, 0, 43, 1, 0, 5, 1, 0, 243, 12, 125]
1552553477889;[171, 0, 17, 255, 161, 76, 221, 12, 209, 0, 0, 43, 1, 0, 8, 1, 0, 246, 12, 129]
1552553478057;[171, 0, 17, 255, 161, 76, 221, 12, 209, 0, 0, 41, 1, 0, 7, 1, 0, 245, 12, 109]
1552553478239;[171, 0, 17, 255, 161, 76, 221, 12, 209, 0, 0, 44, 1, 0, 5, 1, 0, 242, 12, 83]
1552553478240;[171, 0, 17, 255, 161, 76, 221, 12, 209, 0, 0, 47, 1, 0, 7, 1, 0, 243, 12, 54]
1552553478407;[171, 0, 17, 255, 161, 76, 221, 12, 209, 0, 0, 44, 1, 0, 11, 1, 0, 243, 12, 9]
1552553478407;[171, 0, 17, 255, 161, 76, 221, 12, 209, 0, 0, 39, 1, 0, 7, 1, 0, 245, 12, 54]
1552553478575;[171, 0, 17, 255, 161, 76, 221, 12, 209, 0, 0, 41, 1, 0, 9, 1, 0, 243, 12, 123]
1552553478757;[171, 0, 17, 255, 161, 76, 221, 12, 209, 0, 0, 44, 1, 0, 4, 1, 0, 246, 12, 163]
1552553478758;[171, 0, 17, 255, 161, 76, 221, 12, 209, 0, 0, 44, 1, 0, 6, 1, 0, 246, 12, 189]
1552553478925;[171, 0, 4, 255, 132, 128, 58]
1552553478926;[171, 0, 17, 255, 161, 76, 221, 12, 209, 0, 0, 44, 1, 0, 6, 1, 0, 241, 12, 196]
1552553479092;[171, 0, 17, 255, 161, 76, 221, 12, 210, 0, 0, 43, 1, 0, 6, 1, 0, 242, 12, 180]
1552553479093;[171, 0, 17, 255, 161, 76, 221, 12, 210, 0, 0, 44, 1, 0, 4, 1, 0, 245, 12, 154]
1552553479276;[171, 0, 17, 255, 161, 76, 221, 12, 210, 0, 0, 44, 1, 0, 4, 1, 0, 243, 12, 118]
1552553479443;[171, 0, 17, 255, 161, 76, 221, 12, 210, 0, 0, 43, 1, 0, 7, 1, 0, 242, 12, 73]
1552553479444;[171, 0, 17, 255, 161, 76, 221, 12, 210, 0, 0, 45, 1, 0, 4, 1, 0, 245, 12, 30]
1552553479611;[171, 0, 17, 255, 161, 76, 221, 12, 210, 0, 0, 44, 1, 0, 5, 1, 0, 243, 12, 93]
1552553479611;[171, 0, 17, 255, 161, 76, 221, 12, 210, 0, 0, 44, 1, 0, 6, 1, 0, 242, 12, 166]
1552553479793;[171, 0, 17, 255, 161, 76, 221, 12, 210, 0, 0, 41, 1, 0, 10, 1, 0, 244, 12, 213]
1552553479960;[171, 0, 17, 255, 161, 76, 221, 12, 210, 0, 0, 41, 1, 0, 9, 1, 0, 245, 12, 248]
1552553479961;[171, 0, 4, 255, 132, 128, 59]
1552553480128;[171, 0, 17, 255, 161, 76, 221, 12, 210, 0, 0, 44, 1, 0, 4, 1, 0, 246, 12, 250]
1552553480129;[171, 0, 17, 255, 161, 76, 221, 12, 211, 0, 0, 44, 1, 0, 4, 1, 0, 245, 12, 235]
1552553480311;[171, 0, 17, 255, 161, 76, 221, 12, 211, 0, 0, 43, 1, 0, 2, 1, 0, 245, 12, 203]
1552553480311;[171, 0, 17, 255, 161, 76, 221, 12, 211, 0, 0, 43, 1, 0, 4, 1, 0, 245, 12, 165]
1552553480478;[171, 0, 17, 255, 161, 76, 221, 12, 211, 0, 0, 44, 1, 0, 7, 1, 0, 243, 12, 122]
1552553480646;[171, 0, 17, 255, 161, 76, 221, 12, 211, 0, 0, 45, 1, 0, 7, 1, 0, 242, 12, 67]
1552553480647;[171, 0, 17, 255, 161, 76, 221, 12, 211, 0, 0, 43, 1, 0, 6, 1, 0, 245, 12, 102]
1552553480829;[171, 0, 17, 255, 161, 76, 221, 12, 211, 0, 0, 41, 1, 0, 8, 1, 0, 243, 12, 174]
1552553480829;[171, 0, 17, 255, 161, 76, 221, 12, 211, 0, 0, 43, 1, 0, 6, 1, 0, 243, 12, 219]
1552553480995;[171, 0, 17, 255, 161, 76, 221, 12, 211, 0, 0, 43, 1, 0, 5, 1, 0, 245, 12, 249]
1552553480996;[171, 0, 4, 255, 132, 128, 59]
1552553481165;[171, 0, 17, 255, 161, 76, 221, 12, 211, 0, 0, 44, 1, 0, 7, 1, 0, 243, 12, 243]
1552553481347;[171, 0, 17, 255, 161, 76, 221, 12, 212, 0, 0, 43, 1, 0, 6, 1, 0, 241, 12, 222]
1552553481347;[171, 0, 17, 255, 161, 76, 221, 12, 212, 0, 0, 43, 1, 0, 6, 1, 0, 243, 12, 190]
1552553481514;[171, 0, 17, 255, 161, 76, 221, 12, 212, 0, 0, 44, 1, 0, 7, 1, 0, 241, 12, 151]
1552553481515;[171, 0, 17, 255, 161, 76, 221, 12, 212, 0, 0, 44, 1, 0, 5, 1, 0, 244, 12, 99]
1552553481681;[171, 0, 17, 255, 161, 76, 221, 12, 212, 0, 0, 41, 1, 0, 3, 1, 0, 243, 12, 40]
1552553481865;[171, 0, 17, 255, 161, 76, 221, 12, 212, 0, 0, 43, 1, 0, 8, 1, 0, 243, 11, 239]
1552553481865;[171, 0, 17, 255, 161, 76, 221, 12, 212, 0, 0, 44, 1, 0, 6, 1, 0, 244, 12, 8]
1552553482032;[171, 0, 17, 255, 161, 76, 221, 12, 212, 0, 0, 43, 1, 0, 4, 1, 0, 242, 12, 64]
1552553482200;[171, 0, 17, 255, 161, 76, 221, 12, 214, 0, 0, 43, 1, 0, 4, 1, 0, 242, 11, 133]
1552553482383;[171, 0, 17, 255, 161, 76, 221, 12, 215, 0, 0, 43, 1, 0, 3, 1, 0, 242, 11, 165]
1552553482551;[171, 0, 17, 255, 161, 76, 221, 12, 215, 0, 0, 43, 1, 0, 3, 1, 0, 245, 11, 172]
1552553482551;[171, 0, 17, 255, 161, 76, 221, 12, 215, 0, 0, 43, 1, 0, 5, 1, 0, 243, 11, 160]
1552553482717;[171, 0, 17, 255, 161, 76, 221, 12, 215, 0, 0, 41, 1, 0, 5, 1, 0, 243, 11, 138]
1552553482719;[171, 0, 17, 255, 161, 76, 221, 12, 215, 0, 0, 41, 1, 0, 7, 1, 0, 245, 11, 108]
1552553482901;[171, 0, 17, 255, 161, 76, 221, 12, 215, 0, 0, 43, 1, 0, 6, 1, 0, 242, 11, 63]
1552553482902;[171, 0, 17, 255, 161, 76, 221, 12, 215, 0, 0, 44, 1, 0, 7, 1, 0, 243, 11, 12]
1552553483068;[171, 0, 17, 255, 161, 76, 221, 12, 215, 0, 0, 43, 1, 0, 4, 1, 0, 243, 10, 217]
1552553485141;[171, 0, 17, 255, 161, 76, 221, 12, 215, 0, 0, 43, 1, 0, 7, 1, 0, 245, 10, 186]
1552553485150;[171, 0, 4, 255, 132, 128, 60]
1552553485158;[171, 0, 17, 255, 161, 76, 221, 12, 215, 0, 0, 43, 1, 0, 4, 1, 0, 243, 10, 245]
1552553485159;[171, 0, 17, 255, 161, 76, 221, 12, 216, 0, 0, 43, 1, 0, 7, 1, 0, 242, 11, 34]
1552553485159;[171, 0, 17, 255, 161, 76, 221, 12, 216, 0, 0, 43, 1, 0, 4, 1, 0, 245, 11, 48]
1552553485166;[171, 0, 17, 255, 161, 76, 221, 12, 216, 0, 0, 45, 1, 0, 5, 1, 0, 243, 11, 76]
1552553485166;[171, 0, 17, 255, 161, 76, 221, 12, 216, 0, 0, 43, 1, 0, 8, 1, 0, 242, 11, 63]
1552553485173;[171, 0, 17, 255, 161, 76, 221, 12, 216, 0, 0, 45, 1, 0, 3, 1, 0, 243, 11, 45]
1552553485173;[171, 0, 17, 255, 161, 76, 221, 12, 216, 0, 0, 43, 1, 0, 4, 1, 0, 248, 11, 13]
1552553485178;[171, 0, 17, 255, 161, 76, 221, 12, 216, 0, 0, 43, 1, 0, 6, 1, 0, 246, 10, 229]
1552553485183;[171, 0, 17, 255, 161, 76, 221, 12, 216, 0, 0, 43, 1, 0, 3, 1, 0, 242, 10, 183]
1552553485184;[171, 0, 17, 255, 161, 76, 221, 12, 216, 0, 0, 42, 1, 0, 4, 1, 0, 243, 10, 184]
1552553485188;[171, 0, 4, 255, 132, 128, 59]
1552553485190;[171, 0, 17, 255, 161, 76, 221, 12, 216, 0, 0, 43, 1, 0, 7, 1, 0, 243, 10, 248]
1552553485194;[171, 0, 17, 255, 161, 76, 221, 12, 217, 0, 0, 43, 1, 0, 5, 1, 0, 243, 11, 38]
1552553485195;[171, 0, 17, 255, 161, 76, 221, 12, 217, 0, 0, 43, 1, 0, 7, 1, 0, 244, 11, 61]
1552553485199;[171, 0, 17, 255, 161, 76, 221, 12, 217, 0, 0, 43, 1, 0, 8, 1, 0, 243, 11, 79]
1552553485200;[171, 0, 17, 255, 161, 76, 221, 12, 217, 0, 0, 41, 1, 0, 7, 1, 0, 243, 11, 59]
1552553485220;[171, 0, 17, 255, 161, 76, 221, 12, 217, 0, 0, 43, 1, 0, 8, 1, 0, 245, 11, 51]
1552553485226;[171, 0, 17, 255, 161, 76, 221, 12, 217, 0, 0, 44, 1, 0, 3, 1, 0, 242, 11, 30]
1552553485227;[171, 0, 17, 255, 161, 76, 221, 12, 217, 0, 0, 44, 1, 0, 10, 1, 0, 243, 10, 235]
1552553485308;[171, 0, 17, 255, 161, 76, 221, 12, 217, 0, 0, 44, 1, 0, 8, 1, 0, 245, 10, 200]
1552553485309;[171, 0, 17, 255, 161, 76, 221, 12, 217, 0, 0, 41, 1, 0, 6, 1, 0, 242, 10, 233]
1552553485474;[171, 0, 4, 255, 132, 128, 59]
1552553485658;[171, 0, 17, 255, 161, 76, 221, 12, 217, 0, 0, 44, 1, 0, 5, 1, 0, 242, 11, 54]
1552553485659;[171, 0, 17, 255, 161, 76, 221, 12, 218, 0, 0, 43, 1, 0, 8, 1, 0, 242, 11, 114]
1552553485825;[171, 0, 17, 255, 161, 76, 221, 12, 218, 0, 0, 43, 1, 0, 3, 1, 0, 243, 11, 148]
1552553485825;[171, 0, 17, 255, 161, 76, 221, 12, 218, 0, 0, 43, 1, 0, 4, 1, 0, 244, 11, 156]
1552553485993;[171, 0, 17, 255, 161, 76, 221, 12, 218, 0, 0, 41, 1, 0, 5, 1, 0, 242, 11, 150]
1552553485994;[171, 0, 17, 255, 161, 76, 221, 12, 218, 0, 0, 44, 1, 0, 5, 1, 0, 242, 11, 135]
1552553486176;[171, 0, 17, 255, 161, 76, 221, 12, 218, 0, 0, 43, 1, 0, 6, 1, 0, 242, 11, 104]
1552553486343;[171, 0, 17, 255, 161, 76, 221, 12, 218, 0, 0, 45, 1, 0, 6, 1, 0, 247, 11, 68]
1552553486511;[171, 0, 17, 255, 161, 76, 221, 12, 218, 0, 0, 41, 1, 0, 4, 1, 0, 242, 11, 13]
1552553486512;[171, 0, 17, 255, 161, 76, 221, 12, 218, 0, 0, 43, 1, 0, 5, 1, 0, 242, 10, 255]
1552553486512;[171, 0, 4, 255, 132, 128, 59]
1552553486694;[171, 0, 17, 255, 161, 76, 221, 12, 218, 0, 0, 44, 1, 0, 8, 1, 0, 243, 11, 87]
1552553486861;[171, 0, 17, 255, 161, 76, 221, 12, 219, 0, 0, 43, 1, 0, 8, 1, 0, 242, 11, 157]
1552553486862;[171, 0, 17, 255, 161, 76, 221, 12, 219, 0, 0, 43, 1, 0, 6, 1, 0, 242, 11, 186]
1552553487029;[171, 0, 17, 255, 161, 76, 221, 12, 219, 0, 0, 43, 1, 0, 4, 1, 0, 243, 11, 217]
1552553487030;[171, 0, 17, 255, 161, 76, 221, 12, 219, 0, 0, 41, 1, 0, 9, 1, 0, 243, 11, 216]
1552553487212;[171, 0, 17, 255, 161, 76, 221, 12, 219, 0, 0, 44, 1, 0, 3, 1, 0, 243, 11, 195]
1552553487213;[171, 0, 17, 255, 161, 76, 221, 12, 219, 0, 0, 44, 1, 0, 7, 1, 0, 246, 11, 171]
1552553487379;[171, 0, 17, 255, 161, 76, 221, 12, 219, 0, 0, 44, 1, 0, 4, 1, 0, 247, 11, 126]
1552553487546;[171, 0, 17, 255, 161, 76, 221, 12, 219, 0, 0, 44, 1, 0, 7, 1, 0, 246, 11, 88]
1552553487548;[171, 0, 17, 255, 161, 76, 221, 12, 219, 0, 0, 43, 1, 0, 4, 1, 0, 242, 11, 138]
1552553487730;[171, 0, 4, 255, 132, 128, 59]
1552553487731;[171, 0, 17, 255, 161, 76, 221, 12, 219, 0, 0, 43, 1, 0, 4, 1, 0, 249, 11, 206]
1552553487897;[171, 0, 17, 255, 161, 76, 221, 12, 220, 0, 0, 45, 1, 0, 7, 1, 0, 242, 11, 240]
1552553487898;[171, 0, 17, 255, 161, 76, 221, 12, 220, 0, 0, 43, 1, 0, 10, 1, 0, 243, 12, 3]
1552553488064;[171, 0, 17, 255, 161, 76, 221, 12, 220, 0, 0, 43, 1, 0, 5, 1, 0, 243, 11, 251]
1552553488248;[171, 0, 17, 255, 161, 76, 221, 12, 220, 0, 0, 41, 1, 0, 9, 1, 0, 246, 11, 224]
1552553488248;[171, 0, 17, 255, 161, 76, 221, 12, 220, 0, 0, 44, 1, 0, 3, 1, 0, 242, 11, 185]
1552553488415;[171, 0, 17, 255, 161, 76, 221, 12, 220, 0, 0, 43, 1, 0, 5, 1, 0, 242, 11, 138]
1552553488416;[171, 0, 17, 255, 161, 76, 221, 12, 220, 0, 0, 43, 1, 0, 7, 1, 0, 243, 11, 100]
1552553488582;[171, 0, 17, 255, 161, 76, 221, 12, 220, 0, 0, 44, 1, 0, 5, 1, 0, 243, 11, 33]
1552553488750;[171, 0, 17, 255, 161, 76, 221, 12, 220, 0, 0, 41, 1, 0, 6, 1, 0, 243, 11, 60]
1552553488766;[171, 0, 4, 255, 132, 128, 59]
1552553488933;[171, 0, 17, 255, 161, 76, 221, 12, 220, 0, 0, 41, 1, 0, 3, 1, 0, 242, 11, 123]
1552553488934;[171, 0, 17, 255, 161, 76, 221, 12, 221, 0, 0, 41, 1, 0, 7, 1, 0, 246, 11, 174]
1552553489100;[171, 0, 17, 255, 161, 76, 221, 12, 221, 0, 0, 44, 1, 0, 5, 1, 0, 246, 11, 182]
1552553489101;[171, 0, 17, 255, 161, 76, 221, 12, 221, 0, 0, 44, 1, 0, 5, 1, 0, 247, 11, 183]
1552553489268;[171, 0, 17, 255, 161, 76, 221, 12, 221, 0, 0, 43, 1, 0, 8, 1, 0, 245, 11, 160]
1552553489451;[171, 0, 17, 255, 161, 76, 221, 12, 221, 0, 0, 41, 1, 0, 4, 1, 0, 243, 11, 126]
1552553489618;[171, 0, 17, 255, 161, 76, 221, 12, 221, 0, 0, 41, 1, 0, 6, 1, 0, 241, 11, 79]
1552553489786;[171, 0, 17, 255, 161, 76, 221, 12, 221, 0, 0, 43, 1, 0, 8, 1, 0, 243, 11, 40]
1552553489786;[171, 0, 17, 255, 161, 76, 221, 12, 221, 0, 0, 43, 1, 0, 7, 1, 0, 242, 10, 227]
1552553489801;[171, 0, 17, 255, 161, 76, 221, 12, 221, 0, 0, 43, 1, 0, 7, 1, 0, 243, 10, 247]
1552553489802;[171, 0, 4, 255, 132, 128, 59]
1552553489969;[171, 0, 17, 255, 161, 76, 221, 12, 221, 0, 0, 43, 1, 0, 5, 1, 0, 243, 11, 51]
1552553490305;[171, 0, 17, 255, 161, 76, 221, 12, 222, 0, 0, 43, 1, 0, 3, 1, 0, 248, 11, 83]
1552553490306;[171, 0, 17, 255, 161, 76, 221, 12, 222, 0, 0, 41, 1, 0, 4, 1, 0, 243, 11, 92]
1552553490320;[171, 0, 17, 255, 161, 76, 221, 12, 222, 0, 0, 44, 1, 0, 5, 1, 0, 242, 11, 86]
1552553490321;[171, 0, 17, 255, 161, 76, 221, 12, 222, 0, 0, 43, 1, 0, 7, 1, 0, 245, 11, 58]
1552553490487;[171, 0, 17, 255, 161, 76, 221, 12, 222, 0, 0, 43, 1, 0, 6, 1, 0, 243, 11, 23]
1552553490654;[171, 0, 17, 255, 161, 76, 221, 12, 222, 0, 0, 44, 1, 0, 2, 1, 0, 243, 10, 238]
1552553490654;[171, 0, 17, 255, 161, 76, 221, 12, 222, 0, 0, 38, 1, 0, 8, 1, 0, 243, 10, 185]
1552553490822;[171, 0, 17, 255, 161, 76, 221, 12, 222, 0, 0, 44, 1, 0, 9, 1, 0, 243, 10, 125]
1552553490839;[171, 0, 17, 255, 161, 76, 221, 12, 222, 0, 0, 43, 1, 0, 8, 1, 0, 246, 10, 166]
1552553491004;[171, 0, 4, 255, 132, 128, 59]
1552553491006;[171, 0, 17, 255, 161, 76, 221, 12, 222, 0, 0, 43, 1, 0, 8, 1, 0, 248, 10, 196]
1552553491172;[171, 0, 17, 255, 161, 76, 221, 12, 223, 0, 0, 44, 1, 0, 3, 1, 0, 245, 10, 207]
1552553491340;[171, 0, 17, 255, 161, 76, 221, 12, 223, 0, 0, 44, 1, 0, 8, 1, 0, 242, 10, 215]
1552553491340;[171, 0, 17, 255, 161, 76, 221, 12, 223, 0, 0, 43, 1, 0, 5, 1, 0, 245, 10, 191]
1552553491522;[171, 0, 17, 255, 161, 76, 221, 12, 223, 0, 0, 43, 1, 0, 5, 1, 0, 243, 10, 159]
1552553491857;[171, 0, 17, 255, 161, 76, 221, 12, 223, 0, 0, 41, 1, 0, 3, 1, 0, 242, 10, 119]
1552553491858;[171, 0, 17, 255, 161, 76, 221, 12, 223, 0, 0, 44, 1, 0, 8, 1, 0, 243, 10, 72]
1552553491874;[171, 0, 17, 255, 161, 76, 221, 12, 223, 0, 0, 43, 1, 0, 7, 1, 0, 246, 10, 19]
1552553491874;[171, 0, 17, 255, 161, 76, 221, 12, 223, 0, 0, 43, 1, 0, 4, 1, 0, 243, 9, 223]
1552553492041;[171, 0, 17, 255, 161, 76, 221, 12, 223, 0, 0, 43, 1, 0, 5, 1, 0, 242, 9, 208]
1552553492041;[171, 0, 4, 255, 132, 128, 59]
1552553492208;[171, 0, 17, 255, 161, 76, 221, 12, 223, 0, 0, 41, 1, 0, 7, 1, 0, 245, 10, 6]
1552553492208;[171, 0, 17, 255, 161, 76, 221, 12, 224, 0, 0, 43, 1, 0, 4, 1, 0, 245, 10, 42]
1552553492375;[171, 0, 17, 255, 161, 76, 221, 12, 224, 0, 0, 43, 1, 0, 4, 1, 0, 242, 10, 59]
1552553492559;[171, 0, 17, 255, 161, 76, 221, 12, 224, 0, 0, 43, 1, 0, 6, 1, 0, 244, 10, 63]
1552553492559;[171, 0, 17, 255, 161, 76, 221, 12, 224, 0, 0, 41, 1, 0, 5, 1, 0, 242, 10, 48]
1552553492726;[171, 0, 17, 255, 161, 76, 221, 12, 224, 0, 0, 43, 1, 0, 4, 1, 0, 243, 10, 22]
1552553492726;[171, 0, 17, 255, 161, 76, 221, 12, 224, 0, 0, 43, 1, 0, 7, 1, 0, 245, 9, 241]
1552553492894;[171, 0, 17, 255, 161, 76, 221, 12, 224, 0, 0, 43, 1, 0, 5, 1, 0, 243, 9, 196]
1552553492895;[171, 0, 17, 255, 161, 76, 221, 12, 224, 0, 0, 44, 1, 0, 9, 1, 0, 243, 9, 150]
1552553493077;[171, 0, 17, 255, 161, 76, 221, 12, 224, 0, 0, 43, 1, 0, 7, 1, 0, 245, 9, 97]
1552553493243;[171, 0, 4, 255, 132, 128, 59]
1552553493245;[171, 0, 17, 255, 161, 76, 221, 12, 224, 0, 0, 43, 1, 0, 8, 1, 0, 243, 9, 114]
1552553493412;[171, 0, 17, 255, 161, 76, 221, 12, 225, 0, 0, 41, 1, 0, 6, 1, 0, 245, 9, 174]
1552553493412;[171, 0, 17, 255, 161, 76, 221, 12, 225, 0, 0, 43, 1, 0, 5, 1, 0, 243, 9, 212]
1552553493595;[171, 0, 17, 255, 161, 76, 221, 12, 225, 0, 0, 43, 1, 0, 7, 1, 0, 243, 9, 235]
1552553493762;[171, 0, 17, 255, 161, 76, 221, 12, 225, 0, 0, 43, 1, 0, 5, 1, 0, 242, 9, 246]
1552553493762;[171, 0, 17, 255, 161, 76, 221, 12, 225, 0, 0, 43, 1, 0, 7, 1, 0, 243, 9, 232]
1552553494113;[171, 0, 17, 255, 161, 76, 221, 12, 225, 0, 0, 44, 1, 0, 3, 1, 0, 242, 9, 201]
1552553494114;[171, 0, 17, 255, 161, 76, 221, 12, 225, 0, 0, 43, 1, 0, 5, 1, 0, 242, 9, 176]
1552553494114;[171, 0, 17, 255, 161, 76, 221, 12, 225, 0, 0, 44, 1, 0, 4, 1, 0, 243, 9, 135]
1552553494115;[171, 0, 17, 255, 161, 76, 221, 12, 225, 0, 0, 44, 1, 0, 7, 1, 0, 245, 9, 94]
1552553494279;[171, 0, 4, 255, 132, 128, 59]
1552553494447;[171, 0, 17, 255, 161, 76, 221, 12, 225, 0, 0, 44, 1, 0, 8, 1, 0, 243, 9, 80]
1552553494447;[171, 0, 17, 255, 161, 76, 221, 12, 226, 0, 0, 43, 1, 0, 3, 1, 0, 242, 9, 149]
1552553494630;[171, 0, 17, 255, 161, 76, 221, 12, 226, 0, 0, 45, 1, 0, 10, 1, 0, 245, 9, 186]
1552553494631;[171, 0, 17, 255, 161, 76, 221, 12, 226, 0, 0, 43, 1, 0, 8, 1, 0, 245, 9, 205]
1552553494798;[171, 0, 17, 255, 161, 76, 221, 12, 226, 0, 0, 43, 1, 0, 5, 1, 0, 243, 9, 214]
1552553494798;[171, 0, 17, 255, 161, 76, 221, 12, 226, 0, 0, 45, 1, 0, 6, 1, 0, 243, 9, 198]
1552553494965;[171, 0, 17, 255, 161, 76, 221, 12, 226, 0, 0, 43, 1, 0, 4, 1, 0, 242, 9, 172]
1552553495133;[171, 0, 17, 255, 161, 76, 221, 12, 226, 0, 0, 43, 1, 0, 5, 1, 0, 243, 9, 142]
1552553495149;[171, 0, 17, 255, 161, 76, 221, 12, 226, 0, 0, 44, 1, 0, 5, 1, 0, 243, 9, 94]
1552553495316;[171, 0, 17, 255, 161, 76, 221, 12, 226, 0, 0, 43, 1, 0, 4, 1, 0, 245, 9, 54]
1552553495317;[171, 0, 4, 255, 132, 128, 59]
1552553495483;[171, 0, 17, 255, 161, 76, 221, 12, 226, 0, 0, 43, 1, 0, 7, 1, 0, 245, 9, 112]
1552553495651;[171, 0, 17, 255, 161, 76, 221, 12, 227, 0, 0, 43, 1, 0, 6, 1, 0, 243, 9, 170]
1552553495666;[171, 0, 17, 255, 161, 76, 221, 12, 227, 0, 0, 43, 1, 0, 7, 1, 0, 243, 9, 187]
1552553495834;[171, 0, 17, 255, 161, 76, 221, 12, 227, 0, 0, 43, 1, 0, 5, 1, 0, 244, 9, 205]
1552553495835;[171, 0, 17, 255, 161, 76, 221, 12, 227, 0, 0, 41, 1, 0, 5, 1, 0, 246, 9, 205]
1552553496000;[171, 0, 17, 255, 161, 76, 221, 12, 227, 0, 0, 43, 1, 0, 8, 1, 0, 242, 9, 189]
1552553496001;[171, 0, 17, 255, 161, 76, 221, 12, 227, 0, 0, 43, 1, 0, 7, 1, 0, 242, 9, 156]
1552553496169;[171, 0, 17, 255, 161, 76, 221, 12, 227, 0, 0, 44, 1, 0, 3, 1, 0, 243, 9, 126]
1552553496352;[171, 0, 17, 255, 161, 76, 221, 12, 227, 0, 0, 43, 1, 0, 7, 1, 0, 245, 9, 84]
1552553496352;[171, 0, 17, 255, 161, 76, 221, 12, 227, 0, 0, 41, 1, 0, 8, 1, 0, 243, 9, 58]
1552553496519;[171, 0, 4, 255, 132, 128, 59]
1552553496520;[171, 0, 17, 255, 161, 76, 221, 12, 227, 0, 0, 43, 1, 0, 5, 1, 0, 243, 9, 128]
1552553496869;[171, 0, 17, 255, 161, 76, 221, 12, 228, 0, 0, 44, 1, 0, 5, 1, 0, 243, 9, 183]
1552553496871;[171, 0, 17, 255, 161, 76, 221, 12, 228, 0, 0, 44, 1, 0, 10, 1, 0, 242, 9, 209]
1552553496871;[171, 0, 17, 255, 161, 76, 221, 12, 228, 0, 0, 44, 1, 0, 4, 1, 0, 243, 9, 217]
1552553497036;[171, 0, 17, 255, 161, 76, 221, 12, 228, 0, 0, 44, 1, 0, 9, 1, 0, 243, 9, 213]
1552553497037;[171, 0, 17, 255, 161, 76, 221, 12, 228, 0, 0, 43, 1, 0, 3, 1, 0, 243, 9, 193]
1552553497205;[171, 0, 17, 255, 161, 76, 221, 12, 228, 0, 0, 43, 1, 0, 5, 1, 0, 244, 9, 159]
1552553497220;[171, 0, 17, 255, 161, 76, 221, 12, 228, 0, 0, 43, 1, 0, 4, 1, 0, 242, 9, 122]
1552553497388;[171, 0, 17, 255, 161, 76, 221, 12, 228, 0, 0, 43, 1, 0, 4, 1, 0, 242, 9, 75]
1552553497555;[171, 0, 17, 255, 161, 76, 221, 12, 228, 0, 0, 41, 1, 0, 7, 1, 0, 242, 9, 62]
1552553497555;[171, 0, 4, 255, 132, 128, 59]
1552553497723;[171, 0, 17, 255, 161, 76, 221, 12, 228, 0, 0, 43, 1, 0, 6, 1, 0, 245, 9, 119]
1552553497723;[171, 0, 17, 255, 161, 76, 221, 12, 229, 0, 0, 43, 1, 0, 5, 1, 0, 243, 9, 166]
1552553497906;[171, 0, 17, 255, 161, 76, 221, 12, 229, 0, 0, 43, 1, 0, 3, 1, 0, 243, 9, 188]
1552553497907;[171, 0, 17, 255, 161, 76, 221, 12, 229, 0, 0, 44, 1, 0, 6, 1, 0, 242, 9, 196]
1552553498073;[171, 0, 17, 255, 161, 76, 221, 12, 229, 0, 0, 44, 1, 0, 8, 1, 0, 243, 9, 187]
1552553498240;[171, 0, 17, 255, 161, 76, 221, 12, 229, 0, 0, 44, 1, 0, 6, 1, 0, 242, 9, 169]
1552553498240;[171, 0, 17, 255, 161, 76, 221, 12, 229, 0, 0, 43, 1, 0, 4, 1, 0, 246, 9, 146]
1552553498423;[171, 0, 17, 255, 161, 76, 221, 12, 229, 0, 0, 43, 1, 0, 8, 1, 0, 243, 9, 97]
1552553498423;[171, 0, 17, 255, 161, 76, 221, 12, 229, 0, 0, 44, 1, 0, 5, 1, 0, 243, 9, 77]
1552553498590;[171, 0, 17, 255, 161, 76, 221, 12, 229, 0, 0, 43, 1, 0, 6, 1, 0, 245, 9, 141]
1552553498591;[171, 0, 4, 255, 132, 128, 59]
1552553498758;[171, 0, 17, 255, 161, 76, 221, 12, 229, 0, 0, 41, 1, 0, 7, 1, 0, 243, 9, 177]
1552553498941;[171, 0, 17, 255, 161, 76, 221, 12, 230, 0, 0, 41, 1, 0, 10, 1, 0, 243, 9, 204]
1552553498941;[171, 0, 17, 255, 161, 76, 221, 12, 230, 0, 0, 44, 1, 0, 7, 1, 0, 243, 9, 215]
1552553499108;[171, 0, 17, 255, 161, 76, 221, 12, 230, 0, 0, 43, 1, 0, 4, 1, 0, 243, 9, 202]
1552553499108;[171, 0, 17, 255, 161, 76, 221, 12, 230, 0, 0, 43, 1, 0, 10, 1, 0, 245, 9, 170]
1552553499275;[171, 0, 17, 255, 161, 76, 221, 12, 230, 0, 0, 41, 1, 0, 7, 1, 0, 242, 9, 139]
1552553499459;[171, 0, 17, 255, 161, 76, 221, 12, 230, 0, 0, 43, 1, 0, 3, 1, 0, 242, 9, 93]
1552553499460;[171, 0, 17, 255, 161, 76, 221, 12, 230, 0, 0, 43, 1, 0, 5, 1, 0, 245, 9, 60]
1552553499626;[171, 0, 17, 255, 161, 76, 221, 12, 230, 0, 0, 43, 1, 0, 4, 1, 0, 243, 9, 114]
1552553499627;[171, 0, 17, 255, 161, 76, 221, 12, 230, 0, 0, 43, 1, 0, 5, 1, 0, 246, 9, 162]
1552553499793;[171, 0, 4, 255, 132, 128, 59]
1552553499795;[171, 0, 17, 255, 161, 76, 221, 12, 230, 0, 0, 43, 1, 0, 9, 1, 0, 245, 9, 186]
1552553500144;[171, 0, 17, 255, 161, 76, 221, 12, 231, 0, 0, 43, 1, 0, 5, 1, 0, 243, 9, 204]
1552553500145;[171, 0, 17, 255, 161, 76, 221, 12, 231, 0, 0, 45, 1, 0, 5, 1, 0, 245, 9, 195]
1552553500146;[171, 0, 17, 255, 161, 76, 221, 12, 231, 0, 0, 44, 1, 0, 8, 1, 0, 245, 9, 181]
1552553500312;[171, 0, 17, 255, 161, 76, 221, 12, 231, 0, 0, 43, 1, 0, 5, 1, 0, 243, 9, 144]
1552553500313;[171, 0, 17, 255, 161, 76, 221, 12, 231, 0, 0, 45, 1, 0, 4, 1, 0, 243, 9, 97]
1552553500495;[171, 0, 17, 255, 161, 76, 221, 12, 231, 0, 0, 44, 1, 0, 4, 1, 0, 243, 9, 55]
1552553500496;[171, 0, 17, 255, 161, 76, 221, 12, 231, 0, 0, 43, 1, 0, 4, 1, 0, 243, 9, 55]
1552553500663;[171, 0, 17, 255, 161, 76, 221, 12, 231, 0, 0, 41, 1, 0, 7, 1, 0, 242, 9, 111]
1552553500829;[171, 0, 17, 255, 161, 76, 221, 12, 231, 0, 0, 41, 1, 0, 4, 1, 0, 243, 9, 145]
1552553500830;[171, 0, 4, 255, 132, 128, 59]
1552553501014;[171, 0, 17, 255, 161, 76, 221, 12, 231, 0, 0, 43, 1, 0, 5, 1, 0, 243, 9, 164]
1552553501014;[171, 0, 17, 255, 161, 76, 221, 12, 232, 0, 0, 41, 1, 0, 4, 1, 0, 243, 9, 174]
1552553501180;[171, 0, 17, 255, 161, 76, 221, 12, 232, 0, 0, 44, 1, 0, 7, 1, 0, 245, 9, 146]
1552553501347;[171, 0, 17, 255, 161, 76, 221, 12, 232, 0, 0, 44, 1, 0, 5, 1, 0, 243, 9, 117]
1552553501348;[171, 0, 17, 255, 161, 76, 221, 12, 232, 0, 0, 42, 1, 0, 5, 1, 0, 243, 9, 77]
1552553501531;[171, 0, 17, 255, 161, 76, 221, 12, 232, 0, 0, 44, 1, 0, 8, 1, 0, 243, 9, 32]
1552553501531;[171, 0, 17, 255, 161, 76, 221, 12, 232, 0, 0, 47, 1, 0, 7, 1, 0, 242, 9, 61]
1552553501698;[171, 0, 17, 255, 161, 76, 221, 12, 232, 0, 0, 41, 1, 0, 5, 1, 0, 243, 9, 119]
1552553501699;[171, 0, 17, 255, 161, 76, 221, 12, 232, 0, 0, 41, 1, 0, 9, 1, 0, 245, 9, 140]
1552553501865;[171, 0, 17, 255, 161, 76, 221, 12, 232, 0, 0, 43, 1, 0, 7, 1, 0, 243, 9, 159]
1552553502032;[171, 0, 4, 255, 132, 128, 60]
1552553502051;[171, 0, 17, 255, 161, 76, 221, 12, 232, 0, 0, 43, 1, 0, 4, 1, 0, 242, 9, 141]
1552553502216;[171, 0, 17, 255, 161, 76, 221, 12, 233, 0, 0, 43, 1, 0, 4, 1, 0, 243, 9, 115]
1552553502216;[171, 0, 17, 255, 161, 76, 221, 12, 233, 0, 0, 40, 1, 0, 4, 1, 0, 245, 9, 85]
1552553502383;[171, 0, 17, 255, 161, 76, 221, 12, 233, 0, 0, 41, 1, 0, 7, 1, 0, 242, 9, 46]
1552553502550;[171, 0, 17, 255, 161, 76, 221, 12, 233, 0, 0, 44, 1, 0, 5, 1, 0, 244, 8, 247]
1552553502567;[171, 0, 17, 255, 161, 76, 221, 12, 233, 0, 0, 44, 1, 0, 5, 1, 0, 244, 8, 239]
1552553502734;[171, 0, 17, 255, 161, 76, 221, 12, 233, 0, 0, 41, 1, 0, 4, 1, 0, 245, 9, 53]
1552553502735;[171, 0, 17, 255, 161, 76, 221, 12, 233, 0, 0, 43, 1, 0, 7, 1, 0, 245, 9, 100]
1552553502901;[171, 0, 17, 255, 161, 76, 221, 12, 233, 0, 0, 43, 1, 0, 5, 1, 0, 242, 9, 126]
1552553502901;[171, 0, 17, 255, 161, 76, 221, 12, 233, 0, 0, 41, 1, 0, 7, 1, 0, 243, 9, 142]
1552553503069;[171, 0, 4, 255, 132, 128, 60]
1552553503418;[171, 0, 17, 255, 161, 76, 221, 12, 233, 0, 0, 43, 1, 0, 8, 1, 0, 243, 9, 132]
1552553503419;[171, 0, 17, 255, 161, 76, 221, 12, 234, 0, 0, 44, 1, 0, 4, 1, 0, 242, 9, 98]
1552553503420;[171, 0, 17, 255, 161, 76, 221, 12, 234, 0, 0, 43, 1, 0, 3, 1, 0, 243, 9, 65]
1552553503421;[171, 0, 17, 255, 161, 76, 221, 12, 234, 0, 0, 41, 1, 0, 6, 1, 0, 246, 9, 31]
1552553503587;[171, 0, 17, 255, 161, 76, 221, 12, 234, 0, 0, 44, 1, 0, 6, 1, 0, 242, 8, 226]
1552553503588;[171, 0, 17, 255, 161, 76, 221, 12, 234, 0, 0, 44, 1, 0, 4, 1, 0, 243, 9, 5]
1552553503936;[171, 0, 17, 255, 161, 76, 221, 12, 234, 0, 0, 41, 1, 0, 2, 1, 0, 245, 9, 60]
1552553503937;[171, 0, 17, 255, 161, 76, 221, 12, 234, 0, 0, 41, 1, 0, 7, 1, 0, 244, 9, 87]
1552553503938;[171, 0, 17, 255, 161, 76, 221, 12, 234, 0, 0, 41, 1, 0, 6, 1, 0, 242, 9, 110]
1552553504105;[171, 0, 17, 255, 161, 76, 221, 12, 236, 0, 0, 44, 1, 0, 3, 1, 0, 243, 8, 228]
1552553504455;[171, 0, 17, 255, 161, 76, 221, 12, 237, 0, 0, 44, 1, 0, 5, 1, 0, 246, 8, 183]
1552553504456;[171, 0, 17, 255, 161, 76, 221, 12, 237, 0, 0, 43, 1, 0, 8, 1, 0, 245, 8, 120]
1552553504622;[171, 0, 17, 255, 161, 76, 221, 12, 237, 0, 0, 43, 1, 0, 4, 1, 0, 242, 8, 106]
1552553504623;[171, 0, 17, 255, 161, 76, 221, 12, 237, 0, 0, 43, 1, 0, 5, 1, 0, 243, 8, 174]
1552553504973;[171, 0, 17, 255, 161, 76, 221, 12, 237, 0, 0, 44, 1, 0, 4, 1, 0, 243, 8, 217]
1552553504974;[171, 0, 17, 255, 161, 76, 221, 12, 237, 0, 0, 43, 1, 0, 4, 1, 0, 243, 8, 226]
1552553504974;[171, 0, 17, 255, 161, 76, 221, 12, 237, 0, 0, 44, 1, 0, 9, 1, 0, 243, 8, 228]
1552553505141;[171, 0, 17, 255, 161, 76, 221, 12, 237, 0, 0, 44, 1, 0, 11, 1, 0, 242, 8, 207]
1552553505141;[171, 0, 17, 255, 161, 76, 221, 12, 237, 0, 0, 43, 1, 0, 5, 1, 0, 243, 8, 174]
1552553505323;[171, 0, 4, 255, 132, 128, 62]
1552553505324;[171, 0, 17, 255, 161, 76, 221, 12, 237, 0, 0, 44, 1, 0, 5, 1, 0, 246, 8, 129]
1552553505491;[171, 0, 17, 255, 161, 76, 221, 12, 238, 0, 0, 44, 1, 0, 6, 1, 0, 243, 8, 83]
1552553505491;[171, 0, 17, 255, 161, 76, 221, 12, 238, 0, 0, 43, 1, 0, 6, 1, 0, 242, 8, 32]
1552553505659;[171, 0, 17, 255, 161, 76, 221, 12, 238, 0, 0, 44, 1, 0, 9, 1, 0, 241, 8, 74]
1552553505842;[171, 0, 17, 255, 161, 76, 221, 12, 238, 0, 0, 43, 1, 0, 6, 1, 0, 243, 8, 119]
1552553505842;[171, 0, 17, 255, 161, 76, 221, 12, 238, 0, 0, 44, 1, 0, 5, 1, 0, 243, 8, 124]
1552553506009;[171, 0, 17, 255, 161, 76, 221, 12, 238, 0, 0, 43, 1, 0, 5, 1, 0, 246, 8, 135]
1552553506009;[171, 0, 17, 255, 161, 76, 221, 12, 238, 0, 0, 44, 1, 0, 5, 1, 0, 246, 8, 124]
1552553506177;[171, 0, 17, 255, 161, 76, 221, 12, 238, 0, 0, 43, 1, 0, 8, 1, 0, 245, 8, 86]
1552553506360;[171, 0, 17, 255, 161, 76, 221, 12, 238, 0, 0, 44, 1, 0, 5, 1, 0, 242, 8, 49]
1552553506360;[171, 0, 4, 255, 132, 128, 62]
1552553506527;[171, 0, 17, 255, 161, 76, 221, 12, 238, 0, 0, 41, 1, 0, 8, 1, 0, 244, 7, 251]
1552553506527;[171, 0, 17, 255, 161, 76, 221, 12, 239, 0, 0, 43, 1, 0, 4, 1, 0, 242, 7, 204]
1552553506695;[171, 0, 17, 255, 161, 76, 221, 12, 239, 0, 0, 44, 1, 0, 6, 1, 0, 241, 7, 138]
1552553506695;[171, 0, 17, 255, 161, 76, 221, 12, 239, 0, 0, 43, 1, 0, 6, 1, 0, 244, 7, 170]
1552553506862;[171, 0, 17, 255, 161, 76, 221, 12, 239, 0, 0, 41, 1, 0, 7, 1, 0, 245, 7, 218]
1552553507045;[171, 0, 17, 255, 161, 76, 221, 12, 239, 0, 0, 45, 1, 0, 5, 1, 0, 243, 7, 245]
1552553507045;[171, 0, 17, 255, 161, 76, 221, 12, 239, 0, 0, 45, 1, 0, 7, 1, 0, 243, 8, 9]
1552553507211;[171, 0, 17, 255, 161, 76, 221, 12, 239, 0, 0, 41, 1, 0, 9, 1, 0, 244, 8, 3]
1552553507212;[171, 0, 17, 255, 161, 76, 221, 12, 239, 0, 0, 41, 1, 0, 8, 1, 0, 246, 7, 239]
1552553507396;[171, 0, 17, 255, 161, 76, 221, 12, 239, 0, 0, 43, 1, 0, 7, 1, 0, 243, 7, 206]
1552553507396;[171, 0, 4, 255, 132, 128, 62]
1552553507564;[171, 0, 17, 255, 161, 76, 221, 12, 239, 0, 0, 43, 1, 0, 5, 1, 0, 245, 7, 165]
1552553507730;[171, 0, 17, 255, 161, 76, 221, 12, 240, 0, 0, 41, 1, 0, 6, 1, 0, 243, 7, 122]
1552553507730;[171, 0, 17, 255, 161, 76, 221, 12, 240, 0, 0, 44, 1, 0, 7, 1, 0, 245, 7, 67]
1552553507914;[171, 0, 17, 255, 161, 76, 221, 12, 240, 0, 0, 44, 1, 0, 5, 1, 0, 242, 7, 52]
1552553507915;[171, 0, 17, 255, 161, 76, 221, 12, 240, 0, 0, 43, 1, 0, 4, 1, 0, 243, 7, 104]
1552553508081;[171, 0, 17, 255, 161, 76, 221, 12, 240, 0, 0, 43, 1, 0, 3, 1, 0, 243, 7, 139]
1552553508248;[171, 0, 17, 255, 161, 76, 221, 12, 240, 0, 0, 43, 1, 0, 4, 1, 0, 245, 7, 152]
1552553508416;[171, 0, 17, 255, 161, 76, 221, 12, 240, 0, 0, 44, 1, 0, 4, 1, 0, 242, 7, 161]
1552553508417;[171, 0, 17, 255, 161, 76, 221, 12, 240, 0, 0, 43, 1, 0, 3, 1, 0, 243, 7, 149]
1552553508432;[171, 0, 17, 255, 161, 76, 221, 12, 240, 0, 0, 43, 1, 0, 4, 1, 0, 243, 7, 125]
1552553508599;[171, 0, 4, 255, 132, 128, 62]
1552553508600;[171, 0, 17, 255, 161, 76, 221, 12, 240, 0, 0, 44, 1, 0, 8, 1, 0, 241, 7, 86]
1552553508767;[171, 0, 17, 255, 161, 76, 221, 12, 241, 0, 0, 43, 1, 0, 4, 1, 0, 242, 7, 38]
1552553508934;[171, 0, 17, 255, 161, 76, 221, 12, 241, 0, 0, 43, 1, 0, 7, 1, 0, 243, 6, 253]
1552553508949;[171, 0, 17, 255, 161, 76, 221, 12, 241, 0, 0, 43, 1, 0, 6, 1, 0, 245, 7, 11]
1552553509117;[171, 0, 17, 255, 161, 76, 221, 12, 241, 0, 0, 44, 1, 0, 5, 1, 0, 245, 7, 69]
1552553509117;[171, 0, 17, 255, 161, 76, 221, 12, 241, 0, 0, 43, 1, 0, 8, 1, 0, 243, 7, 103]
1552553509284;[171, 0, 17, 255, 161, 76, 221, 12, 241, 0, 0, 44, 1, 0, 10, 1, 0, 243, 7, 125]
1552553509452;[171, 0, 17, 255, 161, 76, 221, 12, 241, 0, 0, 43, 1, 0, 5, 1, 0, 243, 7, 133]
1552553509453;[171, 0, 17, 255, 161, 76, 221, 12, 241, 0, 0, 44, 1, 0, 4, 1, 0, 242, 7, 116]
1552553509635;[171, 0, 17, 255, 161, 76, 221, 12, 241, 0, 0, 43, 1, 0, 5, 1, 0, 245, 7, 92]
1552553509635;[171, 0, 4, 255, 132, 128, 62]
1552553509801;[171, 0, 17, 255, 161, 76, 221, 12, 241, 0, 0, 44, 1, 0, 7, 1, 0, 244, 7, 59]
1552553509802;[171, 0, 17, 255, 161, 76, 221, 12, 242, 0, 0, 43, 1, 0, 4, 1, 0, 245, 7, 9]
1552553509970;[171, 0, 17, 255, 161, 76, 221, 12, 242, 0, 0, 41, 1, 0, 5, 1, 0, 243, 6, 221]
1552553510152;[171, 0, 17, 255, 161, 76, 221, 12, 242, 0, 0, 43, 1, 0, 4, 1, 0, 242, 6, 198]
1552553510153;[171, 0, 17, 255, 161, 76, 221, 12, 242, 0, 0, 43, 1, 0, 8, 1, 0, 245, 7, 2]
1552553510319;[171, 0, 17, 255, 161, 76, 221, 12, 242, 0, 0, 44, 1, 0, 4, 1, 0, 243, 7, 62]
1552553510320;[171, 0, 17, 255, 161, 76, 221, 12, 242, 0, 0, 43, 1, 0, 6, 1, 0, 243, 7, 91]
1552553510487;[171, 0, 17, 255, 161, 76, 221, 12, 242, 0, 0, 39, 1, 0, 9, 1, 0, 243, 7, 115]
1552553510488;[171, 0, 17, 255, 161, 76, 221, 12, 242, 0, 0, 43, 1, 0, 3, 1, 0, 242, 7, 121]
1552553510670;[171, 0, 17, 255, 161, 76, 221, 12, 242, 0, 0, 45, 1, 0, 11, 1, 0, 242, 7, 104]
1552553510838;[171, 0, 4, 255, 132, 128, 62]
1552553510839;[171, 0, 17, 255, 161, 76, 221, 12, 242, 0, 0, 43, 1, 0, 5, 1, 0, 243, 7, 77]
1552553511188;[171, 0, 17, 255, 161, 76, 221, 12, 243, 0, 0, 41, 1, 0, 8, 1, 0, 246, 7, 46]
1552553511189;[171, 0, 17, 255, 161, 76, 221, 12, 243, 0, 0, 44, 1, 0, 8, 1, 0, 242, 7, 9]
1552553511189;[171, 0, 17, 255, 161, 76, 221, 12, 243, 0, 0, 45, 1, 0, 7, 1, 0, 243, 6, 215]
1552553511373;[171, 0, 17, 255, 161, 76, 221, 12, 243, 0, 0, 44, 1, 0, 6, 1, 0, 241, 6, 241]
1552553511374;[171, 0, 17, 255, 161, 76, 221, 12, 243, 0, 0, 44, 1, 0, 5, 1, 0, 243, 7, 31]
1552553511523;[171, 0, 17, 255, 161, 76, 221, 12, 243, 0, 0, 41, 1, 0, 6, 1, 0, 245, 6, 246]
1552553511524;[171, 0, 17, 255, 161, 76, 221, 12, 243, 0, 0, 41, 1, 0, 2, 1, 0, 240, 6, 49]
1552553511706;[171, 0, 17, 255, 161, 76, 221, 12, 243, 0, 0, 47, 1, 0, 14, 1, 0, 241, 6, 49]
1552553511707;[171, 0, 17, 255, 161, 76, 221, 12, 243, 0, 0, 51, 1, 0, 9, 1, 0, 242, 6, 49]
1552553511873;[171, 0, 4, 255, 132, 128, 62]
1552553512041;[171, 0, 17, 255, 161, 76, 221, 12, 243, 0, 0, 51, 1, 0, 7, 1, 0, 239, 4, 238]
1552553512224;[171, 0, 17, 255, 161, 76, 221, 12, 244, 0, 0, 60, 1, 0, 10, 1, 0, 242, 3, 187]
1552553512225;[171, 0, 17, 255, 161, 76, 221, 12, 244, 0, 0, 49, 1, 0, 7, 1, 0, 246, 3, 111]
1552553512225;[171, 0, 17, 255, 161, 76, 221, 12, 244, 0, 0, 47, 1, 0, 4, 1, 0, 241, 3, 117]
1552553512391;[171, 0, 17, 255, 161, 76, 221, 12, 244, 0, 0, 51, 1, 0, 5, 1, 0, 243, 3, 166]
1552553512392;[171, 0, 17, 255, 161, 76, 221, 12, 244, 0, 0, 50, 1, 0, 9, 1, 0, 242, 3, 254]
1552553512559;[171, 0, 17, 255, 161, 76, 221, 12, 244, 0, 0, 47, 1, 0, 9, 1, 0, 243, 4, 87]
1552553512742;[171, 0, 17, 255, 161, 76, 221, 12, 244, 0, 0, 49, 1, 0, 5, 1, 0, 243, 4, 141]
1552553512909;[171, 0, 17, 255, 161, 76, 221, 12, 244, 0, 0, 47, 1, 0, 5, 1, 0, 241, 4, 197]
1552553512910;[171, 0, 17, 255, 161, 76, 221, 12, 244, 0, 0, 47, 1, 0, 7, 1, 0, 243, 4, 244]
1552553512910;[171, 0, 4, 255, 132, 128, 62]
1552553513077;[171, 0, 17, 255, 161, 76, 221, 12, 244, 0, 0, 49, 1, 0, 5, 1, 0, 242, 5, 59]
1552553513260;[171, 0, 17, 255, 161, 76, 221, 12, 245, 0, 0, 49, 1, 0, 2, 1, 0, 242, 5, 185]
1552553513427;[171, 0, 17, 255, 161, 76, 221, 12, 245, 0, 0, 49, 1, 0, 5, 1, 0, 243, 6, 4]
1552553513428;[171, 0, 17, 255, 161, 76, 221, 12, 245, 0, 0, 51, 1, 0, 6, 1, 0, 242, 6, 85]
1552553513428;[171, 0, 17, 255, 161, 76, 221, 12, 245, 0, 0, 45, 1, 0, 4, 1, 0, 242, 6, 161]
1552553513594;[171, 0, 17, 255, 161, 76, 221, 12, 245, 0, 0, 54, 1, 0, 9, 1, 0, 242, 6, 208]
1552553513595;[171, 0, 17, 255, 161, 76, 221, 12, 245, 0, 0, 45, 1, 0, 10, 1, 0, 242, 6, 248]
1552553513945;[171, 0, 17, 255, 161, 76, 221, 12, 245, 0, 0, 47, 1, 0, 7, 1, 0, 243, 7, 41]
1552553513946;[171, 0, 17, 255, 161, 76, 221, 12, 245, 0, 0, 49, 1, 0, 4, 1, 0, 244, 7, 228]
1552553513946;[171, 0, 17, 255, 161, 76, 221, 12, 245, 0, 0, 44, 1, 0, 3, 1, 0, 241, 8, 142]
1552553514112;[171, 0, 4, 255, 132, 128, 62]
1552553514113;[171, 0, 17, 255, 161, 76, 221, 12, 245, 0, 0, 47, 1, 0, 6, 1, 0, 242, 9, 24]
1552553514280;[171, 0, 17, 255, 161, 76, 221, 12, 246, 0, 0, 45, 1, 0, 5, 1, 0, 240, 9, 149]
1552553514296;[171, 0, 17, 255, 161, 76, 221, 12, 246, 0, 0, 47, 1, 0, 7, 1, 0, 246, 9, 231]
1552553514463;[171, 0, 17, 255, 161, 76, 221, 12, 246, 0, 0, 44, 1, 0, 6, 1, 0, 242, 10, 22]
1552553514630;[171, 0, 17, 255, 161, 76, 221, 12, 246, 0, 0, 47, 1, 0, 9, 1, 0, 242, 10, 60]
1552553514631;[171, 0, 17, 255, 161, 76, 221, 12, 246, 0, 0, 47, 1, 0, 5, 1, 0, 243, 10, 93]
1552553514798;[171, 0, 17, 255, 161, 76, 221, 12, 246, 0, 0, 44, 1, 0, 6, 1, 0, 243, 11, 25]
1552553514981;[171, 0, 17, 255, 161, 76, 221, 12, 246, 0, 0, 47, 1, 0, 6, 1, 0, 243, 11, 207]
1552553515148;[171, 0, 17, 255, 161, 76, 221, 12, 246, 0, 0, 43, 1, 0, 4, 1, 0, 246, 12, 81]
1552553515149;[171, 0, 17, 255, 161, 76, 221, 12, 246, 0, 0, 45, 1, 0, 6, 1, 0, 242, 12, 169]
1552553515150;[171, 0, 4, 255, 132, 128, 62]
1552553515499;[171, 0, 17, 255, 161, 76, 221, 12, 246, 0, 0, 44, 1, 0, 9, 1, 0, 241, 12, 203]
1552553515499;[171, 0, 17, 255, 161, 76, 221, 12, 247, 0, 0, 44, 1, 0, 4, 1, 0, 240, 12, 215]
1552553515500;[171, 0, 17, 255, 161, 76, 221, 12, 247, 0, 0, 44, 1, 0, 7, 1, 0, 242, 12, 196]
1552553515500;[171, 0, 17, 255, 161, 76, 221, 12, 247, 0, 0, 45, 1, 0, 5, 1, 0, 242, 12, 155]
1552553515666;[171, 0, 17, 255, 161, 76, 221, 12, 247, 0, 0, 44, 1, 0, 7, 1, 0, 245, 12, 99]
1552553515834;[171, 0, 17, 255, 161, 76, 221, 12, 247, 0, 0, 45, 1, 0, 4, 1, 0, 243, 12, 37]
1552553515835;[171, 0, 17, 255, 161, 76, 221, 12, 247, 0, 0, 44, 1, 0, 7, 1, 0, 242, 11, 230]
1552553516017;[171, 0, 17, 255, 161, 76, 221, 12, 247, 0, 0, 44, 1, 0, 5, 1, 0, 242, 11, 163]
1552553516018;[171, 0, 17, 255, 161, 76, 221, 12, 247, 0, 0, 43, 1, 0, 7, 1, 0, 243, 11, 242]
1552553516184;[171, 0, 17, 255, 161, 76, 221, 12, 247, 0, 0, 44, 1, 0, 9, 1, 0, 241, 12, 48]
1552553516352;[171, 0, 4, 255, 132, 128, 62]
1552553516353;[171, 0, 17, 255, 161, 76, 221, 12, 247, 0, 0, 45, 1, 0, 3, 1, 0, 241, 12, 73]
1552553516536;[171, 0, 17, 255, 161, 76, 221, 12, 248, 0, 0, 45, 1, 0, 4, 1, 0, 245, 12, 71]
1552553516536;[171, 0, 17, 255, 161, 76, 221, 12, 248, 0, 0, 47, 1, 0, 6, 1, 0, 243, 12, 38]
1552553516701;[171, 0, 17, 255, 161, 76, 221, 12, 248, 0, 0, 45, 1, 0, 5, 1, 0, 242, 11, 226]
1552553516702;[171, 0, 17, 255, 161, 76, 221, 12, 248, 0, 0, 43, 1, 0, 3, 1, 0, 244, 11, 161]
1552553516870;[171, 0, 17, 255, 161, 76, 221, 12, 248, 0, 0, 44, 1, 0, 3, 1, 0, 244, 11, 83]
1552553517220;[171, 0, 17, 255, 161, 76, 221, 12, 248, 0, 0, 44, 1, 0, 3, 1, 0, 244, 10, 218]
1552553517221;[171, 0, 17, 255, 161, 76, 221, 12, 248, 0, 0, 47, 1, 0, 4, 1, 0, 243, 9, 243]
1552553517222;[171, 0, 17, 255, 161, 76, 221, 12, 248, 0, 0, 41, 1, 0, 4, 1, 0, 245, 8, 216]
1552553517222;[171, 0, 17, 255, 161, 76, 221, 12, 248, 0, 0, 44, 1, 0, 5, 1, 0, 242, 7, 245]
1552553517388;[171, 0, 4, 255, 132, 128, 62]
1552553517389;[171, 0, 17, 255, 161, 76, 221, 12, 248, 0, 0, 45, 1, 0, 4, 1, 0, 242, 7, 22]
1552553517571;[171, 0, 17, 255, 161, 76, 221, 12, 249, 0, 0, 44, 1, 0, 5, 1, 0, 243, 6, 103]
1552553517738;[171, 0, 17, 255, 161, 76, 221, 12, 249, 0, 0, 45, 1, 0, 3, 1, 0, 242, 5, 189]
1552553517739;[171, 0, 17, 255, 161, 76, 221, 12, 249, 0, 0, 44, 1, 0, 6, 1, 0, 246, 5, 16]
1552553517906;[171, 0, 17, 255, 161, 76, 221, 12, 249, 0, 0, 43, 1, 0, 6, 1, 0, 246, 4, 104]
1552553517907;[171, 0, 17, 255, 161, 76, 221, 12, 249, 0, 0, 45, 1, 0, 3, 1, 0, 246, 3, 214]
1552553518089;[171, 0, 17, 255, 161, 76, 221, 12, 249, 0, 0, 44, 1, 0, 5, 1, 0, 245, 3, 83]
1552553518256;[171, 0, 17, 255, 161, 76, 221, 12, 249, 0, 0, 45, 1, 0, 4, 1, 0, 243, 2, 213]
1552553518257;[171, 0, 17, 255, 161, 76, 221, 12, 249, 0, 0, 43, 1, 0, 8, 1, 0, 246, 2, 105]
1552553518423;[171, 0, 17, 255, 161, 76, 221, 12, 249, 0, 0, 41, 1, 0, 1, 1, 0, 245, 2, 13]
1552553518424;[171, 0, 4, 255, 132, 128, 62]
1552553518607;[171, 0, 17, 255, 161, 76, 221, 12, 249, 0, 0, 41, 1, 0, 6, 1, 0, 241, 2, 13]
1552553518607;[171, 0, 17, 255, 161, 76, 221, 12, 250, 0, 0, 44, 1, 0, 8, 1, 0, 245, 1, 241]
1552553518775;[171, 0, 17, 255, 161, 76, 221, 12, 250, 0, 0, 44, 1, 0, 4, 1, 0, 244, 1, 205]
1552553518941;[171, 0, 17, 255, 161, 76, 221, 12, 250, 0, 0, 44, 1, 0, 7, 1, 0, 243, 1, 173]
1552553518942;[171, 0, 17, 255, 161, 76, 221, 12, 250, 0, 0, 47, 1, 0, 10, 1, 0, 243, 1, 140]
1552553519125;[171, 0, 17, 255, 161, 76, 221, 12, 250, 0, 0, 44, 1, 0, 8, 1, 0, 243, 1, 110]
1552553519125;[171, 0, 17, 255, 161, 76, 221, 12, 250, 0, 0, 43, 1, 0, 8, 1, 0, 245, 1, 65]
1552553519292;[171, 0, 17, 255, 161, 76, 221, 12, 250, 0, 0, 44, 1, 0, 4, 1, 0, 243, 1, 22]
1552553519293;[171, 0, 17, 255, 161, 76, 221, 12, 250, 0, 0, 44, 1, 0, 4, 1, 0, 243, 0, 235]
1552553519459;[171, 0, 17, 255, 161, 76, 221, 12, 250, 0, 0, 43, 1, 0, 6, 1, 0, 244, 16, 193]
1552553519627;[171, 0, 4, 255, 132, 128, 62]
1552553519977;[171, 0, 17, 255, 161, 76, 221, 12, 250, 0, 0, 43, 1, 0, 3, 1, 0, 243, 7, 164]
1552553519978;[171, 0, 17, 255, 161, 76, 221, 12, 251, 0, 0, 45, 1, 0, 8, 1, 0, 243, 7, 171]
1552553519978;[171, 0, 17, 255, 161, 76, 221, 12, 251, 0, 0, 44, 1, 0, 5, 1, 0, 244, 7, 155]
1552553519979;[171, 0, 17, 255, 161, 76, 221, 12, 251, 0, 0, 44, 1, 0, 4, 1, 0, 243, 7, 140]
1552553520328;[171, 0, 17, 255, 161, 76, 221, 12, 251, 0, 0, 43, 1, 0, 6, 1, 0, 243, 7, 122]
1552553520329;[171, 0, 17, 255, 161, 76, 221, 12, 251, 0, 0, 45, 1, 0, 5, 1, 0, 243, 7, 95]
1552553520329;[171, 0, 17, 255, 161, 76, 221, 12, 251, 0, 0, 43, 1, 0, 5, 1, 0, 243, 7, 69]
1552553520330;[171, 0, 17, 255, 161, 76, 221, 12, 251, 0, 0, 43, 1, 0, 4, 1, 0, 242, 7, 40]
1552553520495;[171, 0, 17, 255, 161, 76, 221, 12, 251, 0, 0, 44, 1, 0, 6, 1, 0, 242, 7, 8]
1552553520496;[171, 0, 17, 255, 161, 76, 221, 12, 251, 0, 0, 43, 1, 0, 10, 1, 0, 241, 6, 241]
1552553520663;[171, 0, 4, 255, 132, 128, 62]
1552553520846;[171, 0, 17, 255, 161, 76, 221, 12, 251, 0, 0, 44, 1, 0, 8, 1, 0, 247, 6, 248]
1552553520847;[171, 0, 17, 255, 161, 76, 221, 13, 0, 0, 0, 43, 1, 0, 3, 1, 0, 243, 7, 11]
1552553521013;[171, 0, 17, 255, 161, 76, 221, 13, 0, 0, 0, 41, 1, 0, 9, 1, 0, 242, 7, 18]
1552553521015;[171, 0, 17, 255, 161, 76, 221, 13, 0, 0, 0, 43, 1, 0, 3, 1, 0, 242, 7, 21]
1552553521181;[171, 0, 17, 255, 161, 76, 221, 13, 0, 0, 0, 45, 1, 0, 6, 1, 0, 243, 7, 17]
1552553521181;[171, 0, 17, 255, 161, 76, 221, 13, 0, 0, 0, 43, 1, 0, 5, 1, 0, 242, 7, 2]
1552553521531;[171, 0, 17, 255, 161, 76, 221, 13, 0, 0, 0, 47, 1, 0, 6, 1, 0, 243, 6, 247]
1552553521532;[171, 0, 17, 255, 161, 76, 221, 13, 0, 0, 0, 43, 1, 0, 5, 1, 0, 242, 6, 226]
1552553521532;[171, 0, 17, 255, 161, 76, 221, 13, 0, 0, 0, 44, 1, 0, 4, 1, 0, 243, 6, 216]
1552553521699;[171, 0, 17, 255, 161, 76, 221, 13, 0, 0, 0, 44, 1, 0, 6, 1, 0, 246, 7, 9]
1552553521700;[171, 0, 4, 255, 132, 128, 62]
1552553521882;[171, 0, 17, 255, 161, 76, 221, 13, 0, 0, 0, 44, 1, 0, 2, 1, 0, 244, 7, 77]
1552553522049;[171, 0, 17, 255, 161, 76, 221, 13, 1, 0, 0, 44, 1, 0, 5, 1, 0, 245, 7, 127]
1552553522049;[171, 0, 17, 255, 161, 76, 221, 13, 1, 0, 0, 44, 1, 0, 5, 1, 0, 243, 7, 173]
1552553522217;[171, 0, 17, 255, 161, 76, 221, 13, 1, 0, 0, 43, 1, 0, 6, 1, 0, 246, 7, 212]
1552553522218;[171, 0, 17, 255, 161, 76, 221, 13, 1, 0, 0, 43, 1, 0, 7, 1, 0, 243, 7, 230]
1552553522400;[171, 0, 17, 255, 161, 76, 221, 13, 1, 0, 0, 43, 1, 0, 8, 1, 0, 243, 7, 250]
1552553522400;[171, 0, 17, 255, 161, 76, 221, 13, 1, 0, 0, 45, 1, 0, 6, 1, 0, 245, 8, 4]
1552553522567;[171, 0, 17, 255, 161, 76, 221, 13, 1, 0, 0, 47, 1, 0, 4, 1, 0, 242, 8, 14]
1552553522734;[171, 0, 17, 255, 161, 76, 221, 13, 1, 0, 0, 43, 1, 0, 5, 1, 0, 243, 8, 85]
1552553522735;[171, 0, 17, 255, 161, 76, 221, 13, 1, 0, 0, 43, 1, 0, 3, 1, 0, 243, 8, 190]
1552553523253;[171, 0, 4, 255, 132, 128, 61]
1552553523254;[171, 0, 17, 255, 161, 76, 221, 13, 1, 0, 0, 41, 1, 0, 5, 1, 0, 242, 9, 17]
1552553523254;[171, 0, 17, 255, 161, 76, 221, 13, 2, 0, 0, 47, 1, 0, 3, 1, 0, 246, 9, 90]
1552553523272;[171, 0, 17, 255, 161, 76, 221, 13, 2, 0, 0, 44, 1, 0, 5, 1, 0, 243, 9, 146]
1552553523273;[171, 0, 17, 255, 161, 76, 221, 13, 2, 0, 0, 41, 1, 0, 4, 1, 0, 243, 9, 174]
1552553523435;[171, 0, 17, 255, 161, 76, 221, 13, 2, 0, 0, 43, 1, 0, 7, 1, 0, 242, 9, 195]
1552553523436;[171, 0, 17, 255, 161, 76, 221, 13, 2, 0, 0, 44, 1, 0, 3, 1, 0, 242, 9, 208]
1552553523772;[171, 0, 17, 255, 161, 76, 221, 13, 2, 0, 0, 41, 1, 0, 4, 1, 0, 242, 9, 212]
1552553523772;[171, 0, 17, 255, 161, 76, 221, 13, 2, 0, 0, 43, 1, 0, 3, 1, 0, 243, 9, 227]
1552553523774;[171, 0, 17, 255, 161, 76, 221, 13, 2, 0, 0, 44, 1, 0, 2, 1, 0, 242, 10, 78]
1552553523954;[171, 0, 17, 255, 161, 76, 221, 13, 2, 0, 0, 44, 1, 0, 5, 1, 0, 243, 10, 159]
1552553523954;[171, 0, 4, 255, 132, 128, 62]
1552553524121;[171, 0, 17, 255, 161, 76, 221, 13, 2, 0, 0, 46, 1, 0, 5, 1, 0, 242, 10, 209]
1552553524121;[171, 0, 17, 255, 161, 76, 221, 13, 3, 0, 0, 44, 1, 0, 5, 1, 0, 243, 10, 249]
1552553524289;[171, 0, 17, 255, 161, 76, 221, 13, 3, 0, 0, 43, 1, 0, 5, 1, 0, 242, 11, 11]
1552553524290;[171, 0, 17, 255, 161, 76, 221, 13, 3, 0, 0, 43, 1, 0, 5, 1, 0, 242, 11, 14]
1552553524472;[171, 0, 17, 255, 161, 76, 221, 13, 3, 0, 0, 43, 1, 0, 4, 1, 0, 242, 10, 247]
1552553524639;[171, 0, 17, 255, 161, 76, 221, 13, 3, 0, 0, 43, 1, 0, 5, 1, 0, 245, 10, 216]
1552553524639;[171, 0, 17, 255, 161, 76, 221, 13, 3, 0, 0, 44, 1, 0, 3, 1, 0, 243, 10, 152]
1552553524807;[171, 0, 17, 255, 161, 76, 221, 13, 3, 0, 0, 45, 1, 0, 5, 1, 0, 243, 10, 146]
1552553524808;[171, 0, 17, 255, 161, 76, 221, 13, 3, 0, 0, 44, 1, 0, 5, 1, 0, 242, 10, 151]
1552553524989;[171, 0, 17, 255, 161, 76, 221, 13, 3, 0, 0, 44, 1, 0, 4, 1, 0, 243, 10, 153]
1552553525157;[171, 0, 4, 255, 132, 128, 62]
1552553525158;[171, 0, 17, 255, 161, 76, 221, 13, 3, 0, 0, 45, 1, 0, 10, 1, 0, 241, 10, 122]
1552553525324;[171, 0, 17, 255, 161, 76, 221, 13, 4, 0, 0, 43, 1, 0, 6, 1, 0, 242, 10, 49]
1552553525325;[171, 0, 17, 255, 161, 76, 221, 13, 4, 0, 0, 41, 1, 0, 7, 1, 0, 243, 9, 224]
1552553525507;[171, 0, 17, 255, 161, 76, 221, 13, 4, 0, 0, 44, 1, 0, 5, 1, 0, 242, 9, 171]
1552553525508;[171, 0, 17, 255, 161, 76, 221, 13, 4, 0, 0, 43, 1, 0, 3, 1, 0, 243, 9, 120]
1552553525675;[171, 0, 17, 255, 161, 76, 221, 13, 4, 0, 0, 44, 1, 0, 3, 1, 0, 242, 9, 60]
1552553525842;[171, 0, 17, 255, 161, 76, 221, 13, 4, 0, 0, 44, 1, 0, 6, 1, 0, 245, 8, 211]
1552553525844;[171, 0, 17, 255, 161, 76, 221, 13, 4, 0, 0, 41, 1, 0, 7, 1, 0, 243, 8, 151]
1552553526025;[171, 0, 17, 255, 161, 76, 221, 13, 4, 0, 0, 45, 1, 0, 7, 1, 0, 243, 8, 82]
1552553526360;[171, 0, 17, 255, 161, 76, 221, 13, 6, 0, 0, 49, 1, 0, 6, 1, 0, 242, 6, 7]
1552553526360;[171, 0, 17, 255, 161, 76, 221, 13, 7, 0, 0, 44, 1, 0, 7, 1, 0, 241, 6, 20]
1552553526528;[171, 0, 17, 255, 161, 76, 221, 13, 7, 0, 0, 51, 1, 0, 7, 1, 0, 242, 6, 18]
1552553526543;[171, 0, 17, 255, 161, 76, 221, 13, 7, 0, 0, 55, 1, 0, 4, 1, 0, 240, 5, 191]
1552553526710;[171, 0, 17, 255, 161, 76, 221, 13, 7, 0, 0, 44, 1, 0, 7, 1, 0, 244, 5, 32]
1552553526711;[171, 0, 17, 255, 161, 76, 221, 13, 7, 0, 0, 45, 1, 0, 5, 1, 0, 243, 4, 231]
1552553526878;[171, 0, 17, 255, 161, 76, 221, 13, 7, 0, 0, 41, 1, 0, 6, 1, 0, 243, 5, 107]
1552553527045;[171, 0, 17, 255, 161, 76, 221, 13, 7, 0, 0, 49, 1, 0, 3, 1, 0, 245, 6, 113]
1552553527061;[171, 0, 17, 255, 161, 76, 221, 13, 7, 0, 0, 43, 1, 0, 5, 1, 0, 243, 7, 108]
1552553527228;[171, 0, 17, 255, 161, 76, 221, 13, 7, 0, 0, 44, 1, 0, 6, 1, 0, 243, 8, 80]
1552553527229;[171, 0, 4, 255, 132, 128, 63]
1552553527563;[171, 0, 17, 255, 161, 76, 221, 13, 7, 0, 0, 44, 1, 0, 6, 1, 0, 243, 9, 26]
1552553527579;[171, 0, 17, 255, 161, 76, 221, 13, 8, 0, 0, 44, 1, 0, 3, 1, 0, 242, 9, 187]
1552553527580;[171, 0, 17, 255, 161, 76, 221, 13, 8, 0, 0, 43, 1, 0, 4, 1, 0, 242, 10, 72]
1552553527748;[171, 0, 17, 255, 161, 76, 221, 13, 8, 0, 0, 44, 1, 0, 5, 1, 0, 243, 10, 210]
1552553527749;[171, 0, 17, 255, 161, 76, 221, 13, 8, 0, 0, 44, 1, 0, 5, 1, 0, 243, 11, 69]
1552553527915;[171, 0, 17, 255, 161, 76, 221, 13, 8, 0, 0, 43, 1, 0, 3, 1, 0, 246, 11, 190]
1552553527916;[171, 0, 17, 255, 161, 76, 221, 13, 8, 0, 0, 43, 1, 0, 5, 1, 0, 243, 12, 226]
1552553528272;[171, 0, 17, 255, 161, 76, 221, 13, 8, 0, 0, 45, 1, 0, 6, 1, 0, 244, 13, 203]
1552553528273;[171, 0, 17, 255, 161, 76, 221, 13, 8, 0, 0, 43, 1, 0, 8, 1, 0, 241, 14, 138]
1552553528273;[171, 0, 17, 255, 161, 76, 221, 13, 8, 0, 0, 47, 1, 0, 4, 1, 0, 243, 31, 62]
1552553528431;[171, 0, 4, 255, 132, 128, 63]
1552553528432;[171, 0, 17, 255, 161, 76, 221, 13, 8, 0, 0, 44, 1, 0, 4, 1, 0, 249, 8, 81]
1552553528599;[171, 0, 17, 255, 161, 76, 221, 13, 9, 0, 0, 45, 1, 0, 5, 1, 0, 241, 8, 191]
1552553528600;[171, 0, 17, 255, 161, 76, 221, 13, 9, 0, 0, 47, 1, 0, 6, 1, 0, 242, 9, 10]
1552553528782;[171, 0, 17, 255, 161, 76, 221, 13, 9, 0, 0, 44, 1, 0, 10, 1, 0, 243, 9, 57]
1552553528949;[171, 0, 17, 255, 161, 76, 221, 13, 9, 0, 0, 47, 1, 0, 3, 1, 0, 246, 9, 93]
1552553528950;[171, 0, 17, 255, 161, 76, 221, 13, 9, 0, 0, 47, 1, 0, 4, 1, 0, 246, 9, 251]
1552553529117;[171, 0, 17, 255, 161, 76, 221, 13, 9, 0, 0, 43, 1, 0, 6, 1, 0, 243, 10, 155]
1552553529118;[171, 0, 17, 255, 161, 76, 221, 13, 9, 0, 0, 45, 1, 0, 9, 1, 0, 242, 11, 11]
1552553529327;[171, 0, 17, 255, 161, 76, 221, 13, 9, 0, 0, 44, 1, 0, 4, 1, 0, 242, 11, 11]
1552553529328;[171, 0, 17, 255, 161, 76, 221, 13, 9, 0, 0, 43, 1, 0, 9, 1, 0, 243, 11, 65]
1552553529467;[171, 0, 4, 255, 132, 128, 64]
1552553529636;[171, 0, 17, 255, 161, 76, 221, 13, 9, 0, 0, 44, 1, 0, 8, 1, 0, 242, 11, 71]
1552553529637;[171, 0, 17, 255, 161, 76, 221, 13, 10, 0, 0, 43, 1, 0, 7, 1, 0, 246, 11, 53]
1552553529817;[171, 0, 17, 255, 161, 76, 221, 13, 10, 0, 0, 43, 1, 0, 9, 1, 0, 243, 11, 34]
1552553529818;[171, 0, 17, 255, 161, 76, 221, 13, 10, 0, 0, 43, 1, 0, 4, 1, 0, 243, 10, 238]
1552553529985;[171, 0, 17, 255, 161, 76, 221, 13, 10, 0, 0, 47, 1, 0, 6, 1, 0, 243, 10, 186]
1552553530153;[171, 0, 17, 255, 161, 76, 221, 13, 10, 0, 0, 44, 1, 0, 3, 1, 0, 245, 10, 235]
1552553530154;[171, 0, 17, 255, 161, 76, 221, 13, 10, 0, 0, 44, 1, 0, 5, 1, 0, 246, 11, 79]
1552553530336;[171, 0, 17, 255, 161, 76, 221, 13, 10, 0, 0, 43, 1, 0, 6, 1, 0, 242, 11, 123]
1552553530337;[171, 0, 17, 255, 161, 76, 221, 13, 10, 0, 0, 44, 1, 0, 5, 1, 0, 243, 11, 148]
1552553530503;[171, 0, 17, 255, 161, 76, 221, 13, 10, 0, 0, 45, 1, 0, 3, 1, 0, 246, 11, 147]
1552553530503;[171, 0, 4, 255, 132, 128, 64]
1552553530670;[171, 0, 17, 255, 161, 76, 221, 13, 10, 0, 0, 44, 1, 0, 5, 1, 0, 243, 11, 120]
1552553530854;[171, 0, 17, 255, 161, 76, 221, 13, 11, 0, 0, 45, 1, 0, 5, 1, 0, 243, 11, 78]
1552553530854;[171, 0, 17, 255, 161, 76, 221, 13, 11, 0, 0, 45, 1, 0, 7, 1, 0, 242, 11, 20]
1552553531021;[171, 0, 17, 255, 161, 76, 221, 13, 11, 0, 0, 43, 1, 0, 6, 1, 0, 243, 10, 218]
1552553531021;[171, 0, 17, 255, 161, 76, 221, 13, 11, 0, 0, 44, 1, 0, 3, 1, 0, 243, 10, 145]
1552553531188;[171, 0, 17, 255, 161, 76, 221, 13, 11, 0, 0, 44, 1, 0, 4, 1, 0, 243, 10, 195]
1552553531190;[171, 0, 17, 255, 161, 76, 221, 13, 11, 0, 0, 45, 1, 0, 5, 1, 0, 247, 10, 241]
1552553531372;[171, 0, 17, 255, 161, 76, 221, 13, 11, 0, 0, 45, 1, 0, 3, 1, 0, 243, 10, 240]
1552553531539;[171, 0, 17, 255, 161, 76, 221, 13, 11, 0, 0, 43, 1, 0, 4, 1, 0, 243, 10, 236]
1552553531540;[171, 0, 17, 255, 161, 76, 221, 13, 11, 0, 0, 41, 1, 0, 3, 1, 0, 241, 10, 204]
1552553531706;[171, 0, 4, 255, 132, 128, 64]
1552553531708;[171, 0, 17, 255, 161, 76, 221, 13, 11, 0, 0, 44, 1, 0, 7, 1, 0, 243, 10, 158]
1552553531890;[171, 0, 17, 255, 161, 76, 221, 13, 12, 0, 0, 47, 1, 0, 7, 1, 0, 245, 10, 109]
1552553532057;[171, 0, 17, 255, 161, 76, 221, 13, 12, 0, 0, 44, 1, 0, 5, 1, 0, 241, 10, 39]
1552553532057;[171, 0, 17, 255, 161, 76, 221, 13, 12, 0, 0, 45, 1, 0, 8, 1, 0, 245, 9, 234]
1552553532226;[171, 0, 17, 255, 161, 76, 221, 13, 12, 0, 0, 45, 1, 0, 3, 1, 0, 243, 9, 165]
1552553532226;[171, 0, 17, 255, 161, 76, 221, 13, 12, 0, 0, 43, 1, 0, 7, 1, 0, 242, 9, 144]
1552553532408;[171, 0, 17, 255, 161, 76, 221, 13, 12, 0, 0, 44, 1, 0, 5, 1, 0, 242, 9, 191]
1552553532408;[171, 0, 17, 255, 161, 76, 221, 13, 12, 0, 0, 44, 1, 0, 7, 1, 0, 243, 9, 210]
1552553532575;[171, 0, 17, 255, 161, 76, 221, 13, 12, 0, 0, 44, 1, 0, 3, 1, 0, 243, 9, 199]
1552553532743;[171, 0, 17, 255, 161, 76, 221, 13, 12, 0, 0, 47, 1, 0, 5, 1, 0, 242, 9, 185]
1552553532743;[171, 0, 4, 255, 132, 128, 64]
1552553532910;[171, 0, 17, 255, 161, 76, 221, 13, 12, 0, 0, 44, 1, 0, 2, 1, 0, 243, 9, 157]
1552553533093;[171, 0, 17, 255, 161, 76, 221, 13, 13, 0, 0, 43, 1, 0, 6, 1, 0, 243, 9, 107]
1552553533093;[171, 0, 17, 255, 161, 76, 221, 13, 13, 0, 0, 44, 1, 0, 9, 1, 0, 243, 9, 64]
1552553533094;[171, 0, 17, 255, 161, 76, 221, 13, 13, 0, 0, 45, 1, 0, 6, 1, 0, 239, 8, 254]
1552553533260;[171, 0, 17, 255, 161, 76, 221, 13, 13, 0, 0, 45, 1, 0, 7, 1, 0, 243, 8, 191]
1552553533444;[171, 0, 17, 255, 161, 76, 221, 13, 13, 0, 0, 44, 1, 0, 6, 1, 0, 242, 8, 135]
1552553533444;[171, 0, 17, 255, 161, 76, 221, 13, 13, 0, 0, 44, 1, 0, 5, 1, 0, 242, 8, 162]
1552553533611;[171, 0, 17, 255, 161, 76, 221, 13, 13, 0, 0, 45, 1, 0, 6, 1, 0, 242, 8, 187]
1552553533612;[171, 0, 17, 255, 161, 76, 221, 13, 13, 0, 0, 44, 1, 0, 3, 1, 0, 242, 8, 191]
1552553533779;[171, 0, 17, 255, 161, 76, 221, 13, 13, 0, 0, 44, 1, 0, 3, 1, 0, 243, 8, 198]
1552553533946;[171, 0, 4, 255, 132, 128, 64]
1552553533964;[171, 0, 17, 255, 161, 76, 221, 13, 13, 0, 0, 41, 1, 0, 4, 1, 0, 242, 8, 177]
1552553534129;[171, 0, 17, 255, 161, 76, 221, 13, 14, 0, 0, 44, 1, 0, 3, 1, 0, 241, 8, 143]
1552553534129;[171, 0, 17, 255, 161, 76, 221, 13, 14, 0, 0, 47, 1, 0, 4, 1, 0, 244, 8, 109]
1552553534296;[171, 0, 17, 255, 161, 76, 221, 13, 14, 0, 0, 47, 1, 0, 7, 1, 0, 243, 8, 61]
1552553534296;[171, 0, 17, 255, 161, 76, 221, 13, 14, 0, 0, 44, 1, 0, 10, 1, 0, 243, 8, 9]
1552553534464;[171, 0, 17, 255, 161, 76, 221, 13, 14, 0, 0, 45, 1, 0, 3, 1, 0, 245, 7, 237]
1552553534646;[171, 0, 17, 255, 161, 76, 221, 13, 14, 0, 0, 41, 1, 0, 5, 1, 0, 242, 8, 28]
1552553534647;[171, 0, 17, 255, 161, 76, 221, 13, 14, 0, 0, 45, 1, 0, 10, 1, 0, 242, 8, 64]
1552553534814;[171, 0, 17, 255, 161, 76, 221, 13, 14, 0, 0, 45, 1, 0, 10, 1, 0, 243, 8, 75]
1552553534815;[171, 0, 17, 255, 161, 76, 221, 13, 14, 0, 0, 43, 1, 0, 5, 1, 0, 243, 8, 88]
1552553534980;[171, 0, 4, 255, 132, 128, 64]
1552553534982;[171, 0, 17, 255, 161, 76, 221, 13, 14, 0, 0, 44, 1, 0, 7, 1, 0, 243, 8, 69]
1552553535165;[171, 0, 17, 255, 161, 76, 221, 13, 15, 0, 0, 43, 1, 0, 4, 1, 0, 243, 8, 58]
1552553535332;[171, 0, 17, 255, 161, 76, 221, 13, 15, 0, 0, 43, 1, 0, 5, 1, 0, 242, 8, 21]
1552553535332;[171, 0, 17, 255, 161, 76, 221, 13, 15, 0, 0, 44, 1, 0, 7, 1, 0, 240, 7, 249]
1552553535500;[171, 0, 17, 255, 161, 76, 221, 13, 15, 0, 0, 43, 1, 0, 7, 1, 0, 243, 7, 216]
1552553535501;[171, 0, 17, 255, 161, 76, 221, 13, 15, 0, 0, 44, 1, 0, 8, 1, 0, 245, 7, 216]
1552553535682;[171, 0, 17, 255, 161, 76, 221, 13, 15, 0, 0, 44, 1, 0, 8, 1, 0, 243, 8, 43]
1552553535850;[171, 0, 17, 255, 161, 76, 221, 13, 15, 0, 0, 44, 1, 0, 5, 1, 0, 241, 8, 91]
1552553535850;[171, 0, 17, 255, 161, 76, 221, 13, 15, 0, 0, 45, 1, 0, 7, 1, 0, 242, 8, 129]
1552553536018;[171, 0, 17, 255, 161, 76, 221, 13, 15, 0, 0, 44, 1, 0, 3, 1, 0, 246, 8, 159]
1552553536018;[171, 0, 4, 255, 132, 128, 64]
1552553536201;[171, 0, 17, 255, 161, 76, 221, 13, 15, 0, 0, 43, 1, 0, 5, 1, 0, 245, 8, 163]
1552553536201;[171, 0, 17, 255, 161, 76, 221, 13, 16, 0, 0, 43, 1, 0, 3, 1, 0, 242, 8, 157]
1552553536367;[171, 0, 17, 255, 161, 76, 221, 13, 16, 0, 0, 44, 1, 0, 5, 1, 0, 243, 8, 150]
1552553536536;[171, 0, 17, 255, 161, 76, 221, 13, 16, 0, 0, 44, 1, 0, 5, 1, 0, 243, 8, 127]
1552553536536;[171, 0, 17, 255, 161, 76, 221, 13, 16, 0, 0, 45, 1, 0, 7, 1, 0, 243, 8, 106]
1552553536718;[171, 0, 17, 255, 161, 76, 221, 13, 16, 0, 0, 44, 1, 0, 7, 1, 0, 243, 8, 155]
1552553536719;[171, 0, 17, 255, 161, 76, 221, 13, 16, 0, 0, 47, 1, 0, 6, 1, 0, 243, 8, 244]
1552553536886;[171, 0, 17, 255, 161, 76, 221, 13, 16, 0, 0, 43, 1, 0, 8, 1, 0, 244, 9, 50]
1552553536887;[171, 0, 17, 255, 161, 76, 221, 13, 16, 0, 0, 43, 1, 0, 8, 1, 0, 245, 9, 109]
1552553537054;[171, 0, 17, 255, 161, 76, 221, 13, 16, 0, 0, 44, 1, 0, 4, 1, 0, 241, 9, 135]
1552553537236;[171, 0, 4, 255, 132, 128, 64]
1552553537237;[171, 0, 17, 255, 161, 76, 221, 13, 16, 0, 0, 44, 1, 0, 7, 1, 0, 243, 9, 144]
1552553537403;[171, 0, 17, 255, 161, 76, 221, 13, 17, 0, 0, 44, 1, 0, 5, 1, 0, 243, 9, 139]
1552553537404;[171, 0, 17, 255, 161, 76, 221, 13, 17, 0, 0, 44, 1, 0, 4, 1, 0, 242, 9, 127]
1552553537571;[171, 0, 17, 255, 161, 76, 221, 13, 17, 0, 0, 47, 1, 0, 5, 1, 0, 242, 9, 103]
1552553537754;[171, 0, 17, 255, 161, 76, 221, 13, 17, 0, 0, 47, 1, 0, 8, 1, 0, 242, 9, 165]
1552553537755;[171, 0, 17, 255, 161, 76, 221, 13, 17, 0, 0, 44, 1, 0, 4, 1, 0, 243, 9, 254]
1552553537921;[171, 0, 17, 255, 161, 76, 221, 13, 17, 0, 0, 41, 1, 0, 7, 1, 0, 242, 10, 33]
1552553537921;[171, 0, 17, 255, 161, 76, 221, 13, 17, 0, 0, 45, 1, 0, 4, 1, 0, 244, 10, 76]
1552553538089;[171, 0, 17, 255, 161, 76, 221, 13, 17, 0, 0, 51, 1, 0, 4, 1, 0, 242, 10, 90]
1552553538090;[171, 0, 17, 255, 161, 76, 221, 13, 17, 0, 0, 44, 1, 0, 7, 1, 0, 242, 10, 87]
1552553538272;[171, 0, 4, 255, 132, 128, 64]
1552553538439;[171, 0, 17, 255, 161, 76, 221, 13, 17, 0, 0, 44, 1, 0, 6, 1, 0, 243, 10, 69]
1552553538440;[171, 0, 17, 255, 161, 76, 221, 13, 18, 0, 0, 43, 1, 0, 4, 1, 0, 242, 10, 48]
1552553538607;[171, 0, 17, 255, 161, 76, 221, 13, 18, 0, 0, 44, 1, 0, 5, 1, 0, 241, 10, 12]
1552553538607;[171, 0, 17, 255, 161, 76, 221, 13, 18, 0, 0, 43, 1, 0, 8, 1, 0, 242, 10, 7]
1552553538790;[171, 0, 17, 255, 161, 76, 221, 13, 18, 0, 0, 44, 1, 0, 4, 1, 0, 243, 10, 107]
1552553539124;[171, 0, 17, 255, 161, 76, 221, 13, 18, 0, 0, 44, 1, 0, 7, 1, 0, 242, 10, 167]
1552553539125;[171, 0, 17, 255, 161, 76, 221, 13, 18, 0, 0, 44, 1, 0, 7, 1, 0, 242, 10, 196]
1552553539126;[171, 0, 17, 255, 161, 76, 221, 13, 18, 0, 0, 44, 1, 0, 4, 1, 0, 243, 10, 212]
1552553539126;[171, 0, 17, 255, 161, 76, 221, 13, 18, 0, 0, 44, 1, 0, 2, 1, 0, 243, 10, 199]
1552553539292;[171, 0, 17, 255, 161, 76, 221, 13, 18, 0, 0, 44, 1, 0, 3, 1, 0, 243, 10, 179]
1552553539308;[171, 0, 4, 255, 132, 128, 63]
1552553539475;[171, 0, 17, 255, 161, 76, 221, 13, 18, 0, 0, 45, 1, 0, 4, 1, 0, 241, 10, 138]
1552553539642;[171, 0, 17, 255, 161, 76, 221, 13, 19, 0, 0, 44, 1, 0, 2, 1, 0, 244, 10, 97]
1552553539644;[171, 0, 17, 255, 161, 76, 221, 13, 19, 0, 0, 47, 1, 0, 5, 1, 0, 243, 10, 46]
1552553539826;[171, 0, 17, 255, 161, 76, 221, 13, 19, 0, 0, 44, 1, 0, 4, 1, 0, 243, 10, 7]
1552553539826;[171, 0, 17, 255, 161, 76, 221, 13, 19, 0, 0, 45, 1, 0, 10, 1, 0, 242, 10, 74]
1552553539993;[171, 0, 17, 255, 161, 76, 221, 13, 19, 0, 0, 41, 1, 0, 6, 1, 0, 246, 10, 126]
1552553539993;[171, 0, 17, 255, 161, 76, 221, 13, 19, 0, 0, 47, 1, 0, 5, 1, 0, 242, 10, 150]
1552553540344;[171, 0, 17, 255, 161, 76, 221, 13, 19, 0, 0, 41, 1, 0, 7, 1, 0, 243, 10, 156]
1552553540344;[171, 0, 17, 255, 161, 76, 221, 13, 19, 0, 0, 43, 1, 0, 7, 1, 0, 243, 10, 136]
1552553540345;[171, 0, 17, 255, 161, 76, 221, 13, 19, 0, 0, 44, 1, 0, 4, 1, 0, 245, 10, 112]
1552553540511;[171, 0, 4, 255, 132, 128, 63]
1552553540512;[171, 0, 17, 255, 161, 76, 221, 13, 19, 0, 0, 44, 1, 0, 4, 1, 0, 248, 10, 75]
1552553540678;[171, 0, 17, 255, 161, 76, 221, 13, 20, 0, 0, 45, 1, 0, 6, 1, 0, 245, 10, 20]
1552553540845;[171, 0, 17, 255, 161, 76, 221, 13, 20, 0, 0, 47, 1, 0, 4, 1, 0, 241, 9, 226]
1552553540862;[171, 0, 17, 255, 161, 76, 221, 13, 20, 0, 0, 44, 1, 0, 3, 1, 0, 242, 9, 165]
1552553541029;[171, 0, 17, 255, 161, 76, 221, 13, 20, 0, 0, 44, 1, 0, 5, 1, 0, 243, 9, 199]
1552553541029;[171, 0, 17, 255, 161, 76, 221, 13, 20, 0, 0, 44, 1, 0, 4, 1, 0, 242, 9, 234]
1552553541196;[171, 0, 17, 255, 161, 76, 221, 13, 20, 0, 0, 45, 1, 0, 7, 1, 0, 243, 9, 245]
1552553541364;[171, 0, 17, 255, 161, 76, 221, 13, 20, 0, 0, 44, 1, 0, 3, 1, 0, 245, 9, 241]
1552553541364;[171, 0, 17, 255, 161, 76, 221, 13, 20, 0, 0, 45, 1, 0, 4, 1, 0, 242, 9, 221]
1552553541547;[171, 0, 17, 255, 161, 76, 221, 13, 20, 0, 0, 44, 1, 0, 4, 1, 0, 243, 9, 191]
1552553541548;[171, 0, 4, 255, 132, 128, 63]
1552553541882;[171, 0, 17, 255, 161, 76, 221, 13, 20, 0, 0, 44, 1, 0, 5, 1, 0, 243, 9, 146]
1552553541882;[171, 0, 17, 255, 161, 76, 221, 13, 21, 0, 0, 44, 1, 0, 7, 1, 0, 243, 9, 97]
1552553541897;[171, 0, 17, 255, 161, 76, 221, 13, 21, 0, 0, 45, 1, 0, 8, 1, 0, 243, 9, 36]
1552553541898;[171, 0, 17, 255, 161, 76, 221, 13, 21, 0, 0, 47, 1, 0, 10, 1, 0, 245, 8, 247]
1552553542065;[171, 0, 17, 255, 161, 76, 221, 13, 21, 0, 0, 43, 1, 0, 7, 1, 0, 248, 9, 38]
1552553542232;[171, 0, 17, 255, 161, 76, 221, 13, 21, 0, 0, 44, 1, 0, 9, 1, 0, 243, 9, 76]
1552553542233;[171, 0, 17, 255, 161, 76, 221, 13, 21, 0, 0, 44, 1, 0, 5, 1, 0, 242, 9, 88]
1552553542400;[171, 0, 17, 255, 161, 76, 221, 13, 21, 0, 0, 45, 1, 0, 5, 1, 0, 242, 9, 90]
1552553542401;[171, 0, 17, 255, 161, 76, 221, 13, 21, 0, 0, 44, 1, 0, 4, 1, 0, 242, 9, 65]
1552553542583;[171, 0, 17, 255, 161, 76, 221, 13, 21, 0, 0, 44, 1, 0, 3, 1, 0, 242, 9, 40]
1552553542750;[171, 0, 4, 255, 132, 128, 63]
1552553542752;[171, 0, 17, 255, 161, 76, 221, 13, 21, 0, 0, 45, 1, 0, 4, 1, 0, 242, 8, 252]
1552553542918;[171, 0, 17, 255, 161, 76, 221, 13, 22, 0, 0, 41, 1, 0, 6, 1, 0, 242, 8, 212]
1552553542918;[171, 0, 17, 255, 161, 76, 221, 13, 22, 0, 0, 45, 1, 0, 7, 1, 0, 242, 8, 155]
1552553543101;[171, 0, 17, 255, 161, 76, 221, 13, 22, 0, 0, 44, 1, 0, 6, 1, 0, 243, 8, 103]
1552553543101;[171, 0, 17, 255, 161, 76, 221, 13, 22, 0, 0, 45, 1, 0, 4, 1, 0, 243, 8, 144]
1552553543269;[171, 0, 17, 255, 161, 76, 221, 13, 22, 0, 0, 43, 1, 0, 4, 1, 0, 241, 8, 179]
1552553543435;[171, 0, 17, 255, 161, 76, 221, 13, 22, 0, 0, 47, 1, 0, 5, 1, 0, 242, 8, 198]
1552553543436;[171, 0, 17, 255, 161, 76, 221, 13, 22, 0, 0, 44, 1, 0, 4, 1, 0, 244, 8, 207]
1552553543619;[171, 0, 17, 255, 161, 76, 221, 13, 22, 0, 0, 45, 1, 0, 7, 1, 0, 242, 8, 195]
1552553543620;[171, 0, 17, 255, 161, 76, 221, 13, 22, 0, 0, 44, 1, 0, 8, 1, 0, 242, 8, 167]
1552553543786;[171, 0, 4, 255, 132, 128, 63]
1552553543787;[171, 0, 17, 255, 161, 76, 221, 13, 22, 0, 0, 45, 1, 0, 5, 1, 0, 242, 8, 135]
1552553543954;[171, 0, 17, 255, 161, 76, 221, 13, 23, 0, 0, 45, 1, 0, 5, 1, 0, 243, 8, 91]
1552553544137;[171, 0, 17, 255, 161, 76, 221, 13, 23, 0, 0, 43, 1, 0, 4, 1, 0, 241, 8, 47]
1552553544137;[171, 0, 17, 255, 161, 76, 221, 13, 23, 0, 0, 45, 1, 0, 4, 1, 0, 243, 7, 250]
1552553544305;[171, 0, 17, 255, 161, 76, 221, 13, 23, 0, 0, 45, 1, 0, 3, 1, 0, 242, 8, 33]
1552553544306;[171, 0, 17, 255, 161, 76, 221, 13, 23, 0, 0, 43, 1, 0, 4, 1, 0, 242, 8, 79]
1552553544471;[171, 0, 17, 255, 161, 76, 221, 13, 23, 0, 0, 47, 1, 0, 6, 1, 0, 243, 8, 91]
1552553544656;[171, 0, 17, 255, 161, 76, 221, 13, 23, 0, 0, 44, 1, 0, 4, 1, 0, 242, 8, 89]
1552553544656;[171, 0, 17, 255, 161, 76, 221, 13, 23, 0, 0, 43, 1, 0, 6, 1, 0, 243, 8, 90]
1552553544822;[171, 0, 17, 255, 161, 76, 221, 13, 23, 0, 0, 45, 1, 0, 8, 1, 0, 241, 8, 58]
1552553544823;[171, 0, 4, 255, 132, 128, 63]
1552553544990;[171, 0, 17, 255, 161, 76, 221, 13, 23, 0, 0, 45, 1, 0, 6, 1, 0, 242, 8, 26]
1552553544991;[171, 0, 17, 255, 161, 76, 221, 13, 24, 0, 0, 44, 1, 0, 5, 1, 0, 242, 7, 230]
1552553545173;[171, 0, 17, 255, 161, 76, 221, 13, 24, 0, 0, 44, 1, 0, 4, 1, 0, 242, 7, 189]
1552553545340;[171, 0, 17, 255, 161, 76, 221, 13, 24, 0, 0, 44, 1, 0, 8, 1, 0, 243, 7, 164]
1552553545341;[171, 0, 17, 255, 161, 76, 221, 13, 24, 0, 0, 43, 1, 0, 7, 1, 0, 245, 7, 231]
1552553545675;[171, 0, 17, 255, 161, 76, 221, 13, 24, 0, 0, 43, 1, 0, 3, 1, 0, 244, 8, 11]
1552553545690;[171, 0, 17, 255, 161, 76, 221, 13, 24, 0, 0, 44, 1, 0, 6, 1, 0, 243, 8, 32]
1552553545691;[171, 0, 17, 255, 161, 76, 221, 13, 24, 0, 0, 43, 1, 0, 4, 1, 0, 242, 8, 55]
1552553545858;[171, 0, 17, 255, 161, 76, 221, 13, 24, 0, 0, 47, 1, 0, 3, 1, 0, 241, 8, 38]
1552553545859;[171, 0, 17, 255, 161, 76, 221, 13, 24, 0, 0, 44, 1, 0, 5, 1, 0, 242, 8, 28]
1552553546025;[171, 0, 4, 255, 132, 128, 62]
1552553546026;[171, 0, 17, 255, 161, 76, 221, 13, 24, 0, 0, 44, 1, 0, 5, 1, 0, 242, 7, 255]
1552553546193;[171, 0, 17, 255, 161, 76, 221, 13, 25, 0, 0, 43, 1, 0, 4, 1, 0, 241, 7, 222]
1552553546208;[171, 0, 17, 255, 161, 76, 221, 13, 25, 0, 0, 44, 1, 0, 3, 1, 0, 243, 7, 166]
1552553546376;[171, 0, 17, 255, 161, 76, 221, 13, 25, 0, 0, 43, 1, 0, 5, 1, 0, 244, 7, 158]
1552553546543;[171, 0, 17, 255, 161, 76, 221, 13, 25, 0, 0, 45, 1, 0, 5, 1, 0, 246, 7, 231]
1552553546543;[171, 0, 17, 255, 161, 76, 221, 13, 25, 0, 0, 48, 1, 0, 6, 1, 0, 244, 8, 25]
1552553546711;[171, 0, 17, 255, 161, 76, 221, 13, 25, 0, 0, 44, 1, 0, 7, 1, 0, 243, 8, 49]
1552553546727;[171, 0, 17, 255, 161, 76, 221, 13, 25, 0, 0, 43, 1, 0, 3, 1, 0, 243, 8, 63]
1552553546894;[171, 0, 17, 255, 161, 76, 221, 13, 25, 0, 0, 44, 1, 0, 7, 1, 0, 242, 8, 49]
1552553546894;[171, 0, 17, 255, 161, 76, 221, 13, 25, 0, 0, 43, 1, 0, 6, 1, 0, 243, 8, 42]
1552553547060;[171, 0, 4, 255, 132, 128, 62]
1552553547229;[171, 0, 17, 255, 161, 76, 221, 13, 25, 0, 0, 43, 1, 0, 7, 1, 0, 243, 8, 13]
1552553547244;[171, 0, 17, 255, 161, 76, 221, 13, 26, 0, 0, 43, 1, 0, 4, 1, 0, 242, 7, 235]
1552553547412;[171, 0, 17, 255, 161, 76, 221, 13, 26, 0, 0, 43, 1, 0, 8, 1, 0, 243, 7, 189]
1552553547412;[171, 0, 17, 255, 161, 76, 221, 13, 26, 0, 0, 45, 1, 0, 5, 1, 0, 243, 7, 218]
1552553547746;[171, 0, 17, 255, 161, 76, 221, 13, 26, 0, 0, 43, 1, 0, 7, 1, 0, 242, 8, 21]
1552553547747;[171, 0, 17, 255, 161, 76, 221, 13, 26, 0, 0, 44, 1, 0, 5, 1, 0, 245, 8, 50]
1552553547762;[171, 0, 17, 255, 161, 76, 221, 13, 26, 0, 0, 44, 1, 0, 4, 1, 0, 243, 8, 66]
1552553547930;[171, 0, 17, 255, 161, 76, 221, 13, 26, 0, 0, 44, 1, 0, 3, 1, 0, 243, 8, 69]
1552553547930;[171, 0, 17, 255, 161, 76, 221, 13, 26, 0, 0, 44, 1, 0, 6, 1, 0, 242, 8, 49]
1552553548097;[171, 0, 17, 255, 161, 76, 221, 13, 28, 0, 0, 44, 1, 0, 4, 1, 0, 243, 8, 40]
1552553548448;[171, 0, 17, 255, 161, 76, 221, 13, 29, 0, 0, 44, 1, 0, 7, 1, 0, 245, 8, 76]
1552553548449;[171, 0, 17, 255, 161, 76, 221, 13, 29, 0, 0, 43, 1, 0, 3, 1, 0, 242, 8, 77]
1552553548615;[171, 0, 17, 255, 161, 76, 221, 13, 29, 0, 0, 45, 1, 0, 9, 1, 0, 242, 8, 75]
1552553548615;[171, 0, 17, 255, 161, 76, 221, 13, 29, 0, 0, 41, 1, 0, 7, 1, 0, 243, 8, 57]
1552553548783;[171, 0, 17, 255, 161, 76, 221, 13, 29, 0, 0, 44, 1, 0, 3, 1, 0, 243, 8, 22]
1552553548783;[171, 0, 17, 255, 161, 76, 221, 13, 29, 0, 0, 45, 1, 0, 6, 1, 0, 243, 7, 237]
1552553548966;[171, 0, 17, 255, 161, 76, 221, 13, 29, 0, 0, 49, 1, 0, 6, 1, 0, 243, 7, 198]
1552553549133;[171, 0, 17, 255, 161, 76, 221, 13, 29, 0, 0, 45, 1, 0, 8, 1, 0, 242, 7, 220]
1552553549133;[171, 0, 17, 255, 161, 76, 221, 13, 29, 0, 0, 43, 1, 0, 7, 1, 0, 242, 8, 16]
1552553549301;[171, 0, 4, 255, 132, 128, 62]
1552553549302;[171, 0, 17, 255, 161, 76, 221, 13, 29, 0, 0, 44, 1, 0, 7, 1, 0, 244, 8, 27]
1552553549483;[171, 0, 17, 255, 161, 76, 221, 13, 30, 0, 0, 45, 1, 0, 6, 1, 0, 244, 8, 38]
1552553549650;[171, 0, 17, 255, 161, 76, 221, 13, 30, 0, 0, 44, 1, 0, 4, 1, 0, 242, 8, 24]
1552553549651;[171, 0, 17, 255, 161, 76, 221, 13, 30, 0, 0, 44, 1, 0, 5, 1, 0, 242, 8, 8]
1552553549819;[171, 0, 17, 255, 161, 76, 221, 13, 30, 0, 0, 41, 1, 0, 8, 1, 0, 243, 7, 227]
1552553549819;[171, 0, 17, 255, 161, 76, 221, 13, 30, 0, 0, 45, 1, 0, 5, 1, 0, 243, 7, 187]
1552553550001;[171, 0, 17, 255, 161, 76, 221, 13, 30, 0, 0, 45, 1, 0, 7, 1, 0, 243, 7, 207]
1552553550169;[171, 0, 17, 255, 161, 76, 221, 13, 30, 0, 0, 49, 1, 0, 5, 1, 0, 243, 8, 5]
1552553550169;[171, 0, 17, 255, 161, 76, 221, 13, 30, 0, 0, 43, 1, 0, 6, 1, 0, 242, 8, 29]
1552553550336;[171, 0, 17, 255, 161, 76, 221, 13, 30, 0, 0, 45, 1, 0, 6, 1, 0, 243, 8, 41]
1552553550337;[171, 0, 4, 255, 132, 128, 62]
1552553550519;[171, 0, 17, 255, 161, 76, 221, 13, 30, 0, 0, 45, 1, 0, 5, 1, 0, 245, 8, 41]
1552553550520;[171, 0, 17, 255, 161, 76, 221, 13, 31, 0, 0, 45, 1, 0, 5, 1, 0, 243, 8, 12]
1552553550687;[171, 0, 17, 255, 161, 76, 221, 13, 31, 0, 0, 44, 1, 0, 5, 1, 0, 243, 7, 237]
1552553550687;[171, 0, 17, 255, 161, 76, 221, 13, 31, 0, 0, 44, 1, 0, 5, 1, 0, 243, 7, 184]
1552553550854;[171, 0, 17, 255, 161, 76, 221, 13, 31, 0, 0, 47, 1, 0, 8, 1, 0, 242, 7, 150]
1552553551038;[171, 0, 17, 255, 161, 76, 221, 13, 31, 0, 0, 44, 1, 0, 5, 1, 0, 242, 7, 201]
1552553551039;[171, 0, 17, 255, 161, 76, 221, 13, 31, 0, 0, 45, 1, 0, 5, 1, 0, 242, 7, 239]
1552553551205;[171, 0, 17, 255, 161, 76, 221, 13, 31, 0, 0, 44, 1, 0, 7, 1, 0, 243, 7, 251]
1552553551205;[171, 0, 17, 255, 161, 76, 221, 13, 31, 0, 0, 50, 1, 0, 5, 1, 0, 242, 8, 2]
1552553551372;[171, 0, 17, 255, 161, 76, 221, 13, 31, 0, 0, 44, 1, 0, 7, 1, 0, 244, 7, 241]
1552553551722;[171, 0, 4, 255, 132, 128, 62]
1552553551723;[171, 0, 17, 255, 161, 76, 221, 13, 31, 0, 0, 44, 1, 0, 4, 1, 0, 241, 7, 209]
1552553551724;[171, 0, 17, 255, 161, 76, 221, 13, 32, 0, 0, 43, 1, 0, 6, 1, 0, 243, 7, 172]
1552553551725;[171, 0, 17, 255, 161, 76, 221, 13, 32, 0, 0, 44, 1, 0, 3, 1, 0, 243, 7, 131]
1552553551889;[171, 0, 17, 255, 161, 76, 221, 13, 32, 0, 0, 45, 1, 0, 4, 1, 0, 243, 7, 145]
1552553551890;[171, 0, 17, 255, 161, 76, 221, 13, 32, 0, 0, 44, 1, 0, 7, 1, 0, 245, 7, 179]
1552553552057;[171, 0, 17, 255, 161, 76, 221, 13, 32, 0, 0, 43, 1, 0, 3, 1, 0, 245, 7, 182]
1552553552240;[171, 0, 17, 255, 161, 76, 221, 13, 32, 0, 0, 47, 1, 0, 7, 1, 0, 242, 7, 179]
1552553552240;[171, 0, 17, 255, 161, 76, 221, 13, 32, 0, 0, 43, 1, 0, 5, 1, 0, 241, 7, 154]
1552553552408;[171, 0, 17, 255, 161, 76, 221, 13, 32, 0, 0, 44, 1, 0, 8, 1, 0, 242, 7, 123]
1552553552408;[171, 0, 17, 255, 161, 76, 221, 13, 32, 0, 0, 43, 1, 0, 3, 1, 0, 242, 7, 71]
1552553552575;[171, 0, 4, 255, 132, 128, 63]
1552553552759;[171, 0, 17, 255, 161, 76, 221, 13, 32, 0, 0, 43, 1, 0, 5, 1, 0, 242, 7, 26]
1552553552759;[171, 0, 17, 255, 161, 76, 221, 13, 33, 0, 0, 43, 1, 0, 4, 1, 0, 242, 6, 228]
1552553552925;[171, 0, 17, 255, 161, 76, 221, 13, 33, 0, 0, 44, 1, 0, 5, 1, 0, 242, 6, 234]
1552553552926;[171, 0, 17, 255, 161, 76, 221, 13, 33, 0, 0, 43, 1, 0, 4, 1, 0, 243, 7, 15]
1552553553092;[171, 0, 17, 255, 161, 76, 221, 13, 33, 0, 0, 45, 1, 0, 9, 1, 0, 243, 7, 17]
1552553553109;[171, 0, 17, 255, 161, 76, 221, 13, 33, 0, 0, 44, 1, 0, 3, 1, 0, 243, 7, 8]
1552553553611;[171, 0, 17, 255, 161, 76, 221, 13, 33, 0, 0, 44, 1, 0, 4, 1, 0, 245, 6, 222]
1552553553611;[171, 0, 17, 255, 161, 76, 221, 13, 33, 0, 0, 47, 1, 0, 7, 1, 0, 242, 6, 189]
1552553553627;[171, 0, 17, 255, 161, 76, 221, 13, 33, 0, 0, 44, 1, 0, 5, 1, 0, 243, 6, 141]
1552553553628;[171, 0, 17, 255, 161, 76, 221, 13, 33, 0, 0, 44, 1, 0, 3, 1, 0, 243, 6, 91]
1552553553628;[171, 0, 4, 255, 132, 128, 63]
1552553553794;[171, 0, 17, 255, 161, 76, 221, 13, 33, 0, 0, 44, 1, 0, 6, 1, 0, 246, 6, 36]
1552553553795;[171, 0, 17, 255, 161, 76, 221, 13, 34, 0, 0, 45, 1, 0, 4, 1, 0, 243, 6, 57]
1552553553962;[171, 0, 17, 255, 161, 76, 221, 13, 34, 0, 0, 43, 1, 0, 6, 1, 0, 242, 6, 73]
1552553554145;[171, 0, 17, 255, 161, 76, 221, 13, 34, 0, 0, 43, 1, 0, 8, 1, 0, 243, 6, 59]
1552553554146;[171, 0, 17, 255, 161, 76, 221, 13, 34, 0, 0, 41, 1, 0, 4, 1, 0, 245, 6, 53]
1552553554312;[171, 0, 17, 255, 161, 76, 221, 13, 34, 0, 0, 49, 1, 0, 5, 1, 0, 243, 6, 22]
1552553554312;[171, 0, 17, 255, 161, 76, 221, 13, 34, 0, 0, 44, 1, 0, 5, 1, 0, 243, 5, 232]
1552553554479;[171, 0, 17, 255, 161, 76, 221, 13, 34, 0, 0, 44, 1, 0, 5, 1, 0, 246, 5, 194]
1552553554648;[171, 0, 17, 255, 161, 76, 221, 13, 34, 0, 0, 44, 1, 0, 4, 1, 0, 243, 5, 144]
1552553554648;[171, 0, 17, 255, 161, 76, 221, 13, 34, 0, 0, 45, 1, 0, 6, 1, 0, 245, 5, 156]
1552553554830;[171, 0, 4, 255, 132, 128, 64]
1552553554831;[171, 0, 17, 255, 161, 76, 221, 13, 34, 0, 0, 44, 1, 0, 6, 1, 0, 243, 5, 166]
1552553555165;[171, 0, 17, 255, 161, 76, 221, 13, 35, 0, 0, 45, 1, 0, 3, 1, 0, 243, 5, 150]
1552553555165;[171, 0, 17, 255, 161, 76, 221, 13, 35, 0, 0, 44, 1, 0, 4, 1, 0, 243, 5, 147]
1552553555181;[171, 0, 17, 255, 161, 76, 221, 13, 35, 0, 0, 43, 1, 0, 6, 1, 0, 245, 5, 115]
1552553555349;[171, 0, 17, 255, 161, 76, 221, 13, 35, 0, 0, 43, 1, 0, 4, 1, 0, 242, 5, 68]
1552553555349;[171, 0, 17, 255, 161, 76, 221, 13, 35, 0, 0, 44, 1, 0, 6, 1, 0, 242, 5, 32]
1552553555515;[171, 0, 17, 255, 161, 76, 221, 13, 35, 0, 0, 45, 1, 0, 5, 1, 0, 242, 4, 231]
1552553555516;[171, 0, 17, 255, 161, 76, 221, 13, 35, 0, 0, 44, 1, 0, 5, 1, 0, 242, 4, 203]
1552553555683;[171, 0, 17, 255, 161, 76, 221, 13, 35, 0, 0, 43, 1, 0, 7, 1, 0, 242, 4, 243]
1552553555684;[171, 0, 17, 255, 161, 76, 221, 13, 35, 0, 0, 44, 1, 0, 4, 1, 0, 241, 5, 1]
1552553555866;[171, 0, 4, 255, 132, 128, 64]
1552553556033;[171, 0, 17, 255, 161, 76, 221, 13, 35, 0, 0, 43, 1, 0, 6, 1, 0, 242, 5, 2]
1552553556201;[171, 0, 17, 255, 161, 76, 221, 13, 36, 0, 0, 43, 1, 0, 5, 1, 0, 241, 4, 253]
1552553556201;[171, 0, 17, 255, 161, 76, 221, 13, 36, 0, 0, 44, 1, 0, 5, 1, 0, 242, 4, 224]
1552553556202;[171, 0, 17, 255, 161, 76, 221, 13, 36, 0, 0, 44, 1, 0, 5, 1, 0, 241, 4, 197]
1552553556384;[171, 0, 17, 255, 161, 76, 221, 13, 36, 0, 0, 44, 1, 0, 5, 1, 0, 243, 4, 158]
1552553556551;[171, 0, 17, 255, 161, 76, 221, 13, 36, 0, 0, 44, 1, 0, 4, 1, 0, 243, 4, 114]
1552553556552;[171, 0, 17, 255, 161, 76, 221, 13, 36, 0, 0, 44, 1, 0, 5, 1, 0, 243, 4, 117]
1552553556719;[171, 0, 17, 255, 161, 76, 221, 13, 36, 0, 0, 43, 1, 0, 4, 1, 0, 242, 4, 166]
1552553556719;[171, 0, 17, 255, 161, 76, 221, 13, 36, 0, 0, 44, 1, 0, 4, 1, 0, 243, 4, 182]
1552553556902;[171, 0, 17, 255, 161, 76, 221, 13, 36, 0, 0, 43, 1, 0, 5, 1, 0, 247, 4, 194]
1552553556903;[171, 0, 4, 255, 132, 128, 65]
1552553557069;[171, 0, 17, 255, 161, 76, 221, 13, 36, 0, 0, 44, 1, 0, 7, 1, 0, 243, 4, 185]
1552553557237;[171, 0, 17, 255, 161, 76, 221, 13, 37, 0, 0, 44, 1, 0, 3, 1, 0, 242, 4, 162]
1552553557237;[171, 0, 17, 255, 161, 76, 221, 13, 37, 0, 0, 44, 1, 0, 5, 1, 0, 242, 4, 137]
1552553557404;[171, 0, 17, 255, 161, 76, 221, 13, 37, 0, 0, 44, 1, 0, 7, 1, 0, 243, 4, 104]
1552553557420;[171, 0, 17, 255, 161, 76, 221, 13, 37, 0, 0, 43, 1, 0, 7, 1, 0, 242, 4, 74]
1552553557754;[171, 0, 17, 255, 161, 76, 221, 13, 37, 0, 0, 44, 1, 0, 3, 1, 0, 243, 4, 94]
1552553557755;[171, 0, 17, 255, 161, 76, 221, 13, 37, 0, 0, 43, 1, 0, 3, 1, 0, 243, 4, 131]
1552553557756;[171, 0, 17, 255, 161, 76, 221, 13, 37, 0, 0, 47, 1, 0, 3, 1, 0, 243, 4, 139]
1552553557922;[171, 0, 17, 255, 161, 76, 221, 13, 37, 0, 0, 45, 1, 0, 6, 1, 0, 243, 4, 130]
1552553557938;[171, 0, 17, 255, 161, 76, 221, 13, 37, 0, 0, 45, 1, 0, 5, 1, 0, 243, 4, 126]
1552553558105;[171, 0, 4, 255, 132, 128, 65]
1552553558106;[171, 0, 17, 255, 161, 76, 221, 13, 37, 0, 0, 45, 1, 0, 8, 1, 0, 243, 4, 105]
1552553558272;[171, 0, 17, 255, 161, 76, 221, 13, 38, 0, 0, 44, 1, 0, 4, 1, 0, 246, 4, 88]
1552553558440;[171, 0, 17, 255, 161, 76, 221, 13, 38, 0, 0, 43, 1, 0, 4, 1, 0, 243, 4, 46]
1552553558456;[171, 0, 17, 255, 161, 76, 221, 13, 38, 0, 0, 44, 1, 0, 5, 1, 0, 241, 4, 58]
1552553558623;[171, 0, 17, 255, 161, 76, 221, 13, 38, 0, 0, 43, 1, 0, 7, 1, 0, 241, 4, 108]
1552553558624;[171, 0, 17, 255, 161, 76, 221, 13, 38, 0, 0, 43, 1, 0, 5, 1, 0, 242, 4, 130]
1552553558790;[171, 0, 17, 255, 161, 76, 221, 13, 38, 0, 0, 43, 1, 0, 5, 1, 0, 243, 4, 127]
1552553558791;[171, 0, 17, 255, 161, 76, 221, 13, 38, 0, 0, 45, 1, 0, 11, 1, 0, 242, 4, 130]
1552553558958;[171, 0, 17, 255, 161, 76, 221, 13, 38, 0, 0, 44, 1, 0, 9, 1, 0, 245, 4, 111]
1552553559141;[171, 0, 17, 255, 161, 76, 221, 13, 38, 0, 0, 44, 1, 0, 7, 1, 0, 242, 4, 89]
1552553559141;[171, 0, 4, 255, 132, 128, 66]
1552553559309;[171, 0, 17, 255, 161, 76, 221, 13, 38, 0, 0, 41, 1, 0, 7, 1, 0, 242, 4, 57]
1552553559309;[171, 0, 17, 255, 161, 76, 221, 13, 39, 0, 0, 43, 1, 0, 8, 1, 0, 243, 4, 19]
1552553559475;[171, 0, 17, 255, 161, 76, 221, 13, 39, 0, 0, 45, 1, 0, 4, 1, 0, 243, 4, 67]
1552553559659;[171, 0, 17, 255, 161, 76, 221, 13, 39, 0, 0, 44, 1, 0, 4, 1, 0, 241, 4, 99]
1552553559660;[171, 0, 17, 255, 161, 76, 221, 13, 39, 0, 0, 43, 1, 0, 5, 1, 0, 242, 4, 116]
1552553559826;[171, 0, 17, 255, 161, 76, 221, 13, 39, 0, 0, 43, 1, 0, 5, 1, 0, 242, 4, 115]
1552553559827;[171, 0, 17, 255, 161, 76, 221, 13, 39, 0, 0, 44, 1, 0, 5, 1, 0, 245, 4, 112]
1552553560177;[171, 0, 17, 255, 161, 76, 221, 13, 39, 0, 0, 43, 1, 0, 3, 1, 0, 246, 4, 89]
1552553560178;[171, 0, 17, 255, 161, 76, 221, 13, 39, 0, 0, 43, 1, 0, 5, 1, 0, 242, 4, 61]
1552553560178;[171, 0, 17, 255, 161, 76, 221, 13, 39, 0, 0, 47, 1, 0, 7, 1, 0, 242, 4, 35]
1552553560344;[171, 0, 4, 255, 132, 128, 66]
1552553560345;[171, 0, 17, 255, 161, 76, 221, 13, 39, 0, 0, 43, 1, 0, 7, 1, 0, 243, 4, 32]
1552553560513;[171, 0, 17, 255, 161, 76, 221, 13, 40, 0, 0, 43, 1, 0, 6, 1, 0, 242, 4, 72]
1552553560514;[171, 0, 17, 255, 161, 76, 221, 13, 40, 0, 0, 44, 1, 0, 4, 1, 0, 242, 4, 97]
1552553560695;[171, 0, 17, 255, 161, 76, 221, 13, 40, 0, 0, 44, 1, 0, 3, 1, 0, 243, 4, 103]
1552553560695;[171, 0, 17, 255, 161, 76, 221, 13, 40, 0, 0, 43, 1, 0, 4, 1, 0, 242, 4, 102]
1552553560862;[171, 0, 17, 255, 161, 76, 221, 13, 40, 0, 0, 44, 1, 0, 5, 1, 0, 245, 4, 83]
1552553561030;[171, 0, 17, 255, 161, 76, 221, 13, 40, 0, 0, 43, 1, 0, 4, 1, 0, 245, 4, 64]
1552553561031;[171, 0, 17, 255, 161, 76, 221, 13, 40, 0, 0, 44, 1, 0, 4, 1, 0, 241, 4, 29]
1552553561213;[171, 0, 17, 255, 161, 76, 221, 13, 40, 0, 0, 45, 1, 0, 4, 1, 0, 246, 4, 26]
1552553561214;[171, 0, 17, 255, 161, 76, 221, 13, 40, 0, 0, 46, 1, 0, 7, 1, 0, 241, 4, 65]
1552553561380;[171, 0, 4, 255, 132, 128, 67]
1552553561548;[171, 0, 17, 255, 161, 76, 221, 13, 40, 0, 0, 44, 1, 0, 7, 1, 0, 242, 4, 100]
1552553561549;[171, 0, 17, 255, 161, 76, 221, 13, 41, 0, 0, 44, 1, 0, 4, 1, 0, 243, 4, 103]
1552553561731;[171, 0, 17, 255, 161, 76, 221, 13, 41, 0, 0, 43, 1, 0, 7, 1, 0, 243, 4, 108]
1552553561732;[171, 0, 17, 255, 161, 76, 221, 13, 41, 0, 0, 43, 1, 0, 4, 1, 0, 246, 4, 97]
1552553561898;[171, 0, 17, 255, 161, 76, 221, 13, 41, 0, 0, 44, 1, 0, 7, 1, 0, 245, 4, 71]
