1552550915245;[171, 0, 17, 255, 161, 76, 221, 2, 34, 1, 0, 56, 0, 0, 4, 1, 0, 248, 3, 144]
1552550915250;[171, 0, 17, 255, 161, 76, 221, 2, 34, 1, 0, 56, 0, 0, 4, 1, 0, 248, 3, 127]
1552550915412;[171, 0, 17, 255, 161, 76, 221, 2, 34, 1, 0, 55, 0, 0, 6, 1, 0, 248, 3, 96]
1552550915412;[171, 0, 17, 255, 161, 76, 221, 2, 35, 1, 0, 56, 0, 0, 2, 1, 0, 250, 3, 64]
1552550915579;[171, 0, 17, 255, 161, 76, 221, 2, 35, 1, 0, 58, 0, 0, 4, 1, 0, 249, 3, 33]
1552550915580;[171, 0, 17, 255, 161, 76, 221, 2, 35, 1, 0, 57, 0, 0, 3, 1, 0, 250, 2, 255]
1552550915763;[171, 0, 17, 255, 161, 76, 221, 2, 35, 1, 0, 53, 0, 0, 4, 1, 0, 248, 2, 250]
1552550915930;[171, 0, 17, 255, 161, 76, 221, 2, 35, 1, 0, 54, 0, 0, 3, 1, 0, 250, 2, 249]
1552550915963;[171, 0, 17, 255, 161, 76, 221, 2, 35, 1, 0, 58, 0, 0, 6, 1, 0, 250, 2, 238]
1552550916097;[171, 0, 4, 255, 132, 128, 66]
1552550916098;[171, 0, 17, 255, 161, 76, 221, 2, 35, 1, 0, 56, 0, 0, 4, 1, 0, 249, 2, 232]
1552550916281;[171, 0, 17, 255, 161, 76, 221, 2, 35, 1, 0, 56, 0, 0, 4, 1, 0, 249, 2, 215]
1552550916449;[171, 0, 17, 255, 161, 76, 221, 2, 35, 1, 0, 59, 0, 0, 4, 1, 0, 248, 2, 182]
1552550916450;[171, 0, 17, 255, 161, 76, 221, 2, 35, 1, 0, 54, 0, 0, 4, 1, 0, 254, 2, 150]
1552550916618;[171, 0, 17, 255, 161, 76, 221, 2, 36, 1, 0, 56, 0, 0, 3, 1, 0, 248, 2, 126]
1552550916799;[171, 0, 17, 255, 161, 76, 221, 2, 36, 1, 0, 56, 0, 0, 3, 1, 0, 249, 2, 85]
1552550916966;[171, 0, 17, 255, 161, 76, 221, 2, 36, 1, 0, 53, 0, 0, 4, 1, 0, 255, 2, 66]
1552550916967;[171, 0, 17, 255, 161, 76, 221, 2, 36, 1, 0, 56, 0, 0, 4, 1, 0, 246, 2, 67]
1552550916967;[171, 0, 17, 255, 161, 76, 221, 2, 36, 1, 0, 56, 0, 0, 4, 1, 0, 249, 2, 79]
1552550917133;[171, 0, 17, 255, 161, 76, 221, 2, 36, 1, 0, 59, 0, 0, 4, 1, 0, 249, 2, 90]
1552550917133;[171, 0, 4, 255, 132, 128, 66]
1552550917317;[171, 0, 17, 255, 161, 76, 221, 2, 36, 1, 0, 57, 0, 0, 3, 1, 0, 249, 2, 83]
1552550917317;[171, 0, 17, 255, 161, 76, 221, 2, 36, 1, 0, 58, 0, 0, 4, 1, 0, 249, 2, 72]
1552550917484;[171, 0, 17, 255, 161, 76, 221, 2, 36, 1, 0, 57, 0, 0, 5, 1, 0, 249, 2, 50]
1552550917485;[171, 0, 17, 255, 161, 76, 221, 2, 36, 1, 0, 60, 0, 0, 3, 1, 0, 254, 2, 39]
1552550917651;[171, 0, 17, 255, 161, 76, 221, 2, 37, 1, 0, 56, 0, 0, 4, 1, 0, 250, 2, 19]
1552550917835;[171, 0, 17, 255, 161, 76, 221, 2, 37, 1, 0, 59, 0, 0, 5, 1, 0, 249, 1, 255]
1552550917835;[171, 0, 17, 255, 161, 76, 221, 2, 37, 1, 0, 58, 0, 0, 2, 1, 0, 249, 2, 9]
1552550918002;[171, 0, 17, 255, 161, 76, 221, 2, 37, 1, 0, 56, 0, 0, 3, 1, 0, 249, 2, 35]
1552550918002;[171, 0, 17, 255, 161, 76, 221, 2, 37, 1, 0, 54, 0, 0, 5, 1, 0, 249, 2, 51]
1552550918169;[171, 0, 17, 255, 161, 76, 221, 2, 37, 1, 0, 56, 0, 0, 3, 1, 0, 249, 2, 75]
1552550918352;[171, 0, 4, 255, 132, 128, 66]
1552550918354;[171, 0, 17, 255, 161, 76, 221, 2, 37, 1, 0, 56, 0, 0, 3, 1, 0, 254, 2, 81]
1552550918519;[171, 0, 17, 255, 161, 76, 221, 2, 37, 1, 0, 54, 0, 0, 3, 1, 0, 249, 2, 76]
1552550918520;[171, 0, 17, 255, 161, 76, 221, 2, 37, 1, 0, 56, 0, 0, 5, 1, 0, 250, 2, 70]
1552550918686;[171, 0, 17, 255, 161, 76, 221, 2, 37, 1, 0, 59, 0, 0, 3, 1, 0, 249, 2, 56]
1552550918687;[171, 0, 17, 255, 161, 76, 221, 2, 38, 1, 0, 57, 0, 0, 6, 1, 0, 249, 2, 49]
1552550918870;[171, 0, 17, 255, 161, 76, 221, 2, 38, 1, 0, 55, 0, 0, 6, 1, 0, 249, 2, 69]
1552550919037;[171, 0, 17, 255, 161, 76, 221, 2, 38, 1, 0, 54, 0, 0, 4, 1, 0, 249, 2, 104]
1552550919038;[171, 0, 17, 255, 161, 76, 221, 2, 38, 1, 0, 56, 0, 0, 4, 1, 0, 249, 2, 121]
1552550919204;[171, 0, 17, 255, 161, 76, 221, 2, 38, 1, 0, 56, 0, 0, 3, 1, 0, 249, 2, 142]
1552550919205;[171, 0, 17, 255, 161, 76, 221, 2, 38, 1, 0, 54, 0, 0, 4, 1, 0, 249, 2, 132]
1552550919388;[171, 0, 4, 255, 132, 128, 65]
1552550919389;[171, 0, 17, 255, 161, 76, 221, 2, 38, 1, 0, 57, 0, 0, 6, 1, 0, 255, 2, 120]
1552550919555;[171, 0, 17, 255, 161, 76, 221, 2, 38, 1, 0, 56, 0, 0, 4, 1, 0, 249, 2, 112]
1552550919722;[171, 0, 17, 255, 161, 76, 221, 2, 38, 1, 0, 56, 0, 0, 3, 1, 0, 249, 2, 97]
1552550919723;[171, 0, 17, 255, 161, 76, 221, 2, 38, 1, 0, 54, 0, 0, 4, 1, 0, 249, 2, 91]
1552550919906;[171, 0, 17, 255, 161, 76, 221, 2, 39, 1, 0, 59, 0, 0, 3, 1, 0, 249, 2, 139]
1552550919907;[171, 0, 17, 255, 161, 76, 221, 2, 39, 1, 0, 59, 0, 0, 4, 1, 0, 249, 2, 165]
1552550920073;[171, 0, 17, 255, 161, 76, 221, 2, 39, 1, 0, 54, 0, 0, 2, 1, 0, 249, 2, 193]
1552550920241;[171, 0, 17, 255, 161, 76, 221, 2, 39, 1, 0, 58, 0, 0, 8, 1, 0, 249, 2, 206]
1552550920241;[171, 0, 17, 255, 161, 76, 221, 2, 39, 1, 0, 54, 0, 0, 3, 1, 0, 250, 2, 203]
1552550920409;[171, 0, 17, 255, 161, 76, 221, 2, 39, 1, 0, 56, 0, 0, 3, 1, 0, 250, 2, 196]
1552550920424;[171, 0, 4, 255, 132, 128, 65]
1552550920591;[171, 0, 17, 255, 161, 76, 221, 2, 39, 1, 0, 54, 0, 0, 3, 1, 0, 248, 2, 196]
1552550920592;[171, 0, 17, 255, 161, 76, 221, 2, 39, 1, 0, 54, 0, 0, 4, 1, 0, 249, 2, 176]
1552550920758;[171, 0, 17, 255, 161, 76, 221, 2, 39, 1, 0, 58, 0, 0, 3, 1, 0, 250, 2, 205]
1552550920926;[171, 0, 17, 255, 161, 76, 221, 2, 39, 1, 0, 58, 0, 0, 4, 1, 0, 249, 3, 8]
1552550920942;[171, 0, 17, 255, 161, 76, 221, 2, 40, 1, 0, 57, 0, 0, 4, 1, 0, 250, 3, 43]
1552550921110;[171, 0, 17, 255, 161, 76, 221, 2, 40, 1, 0, 58, 0, 0, 3, 1, 0, 249, 3, 74]
1552550921110;[171, 0, 17, 255, 161, 76, 221, 2, 40, 1, 0, 59, 0, 0, 4, 1, 0, 250, 3, 98]
1552550921276;[171, 0, 17, 255, 161, 76, 221, 2, 40, 1, 0, 59, 0, 0, 4, 1, 0, 249, 3, 105]
1552550921277;[171, 0, 17, 255, 161, 76, 221, 2, 40, 1, 0, 54, 0, 0, 4, 1, 0, 246, 3, 104]
1552550921444;[171, 0, 17, 255, 161, 76, 221, 2, 40, 1, 0, 54, 0, 0, 3, 1, 0, 250, 3, 93]
1552550921627;[171, 0, 4, 255, 132, 128, 65]
1552550921628;[171, 0, 17, 255, 161, 76, 221, 2, 40, 1, 0, 56, 0, 0, 4, 1, 0, 249, 3, 84]
1552550921795;[171, 0, 17, 255, 161, 76, 221, 2, 40, 1, 0, 54, 0, 0, 3, 1, 0, 246, 3, 79]
1552550921795;[171, 0, 17, 255, 161, 76, 221, 2, 40, 1, 0, 55, 0, 0, 3, 1, 0, 249, 3, 113]
1552550922145;[171, 0, 17, 255, 161, 76, 221, 2, 40, 1, 0, 57, 0, 0, 3, 1, 0, 250, 3, 158]
1552550922146;[171, 0, 17, 255, 161, 76, 221, 2, 41, 1, 0, 56, 0, 0, 4, 1, 0, 249, 3, 183]
1552550922146;[171, 0, 17, 255, 161, 76, 221, 2, 41, 1, 0, 58, 0, 0, 3, 1, 0, 255, 3, 191]
1552550922312;[171, 0, 17, 255, 161, 76, 221, 2, 41, 1, 0, 57, 0, 0, 5, 1, 0, 249, 3, 184]
1552550922313;[171, 0, 17, 255, 161, 76, 221, 2, 41, 1, 0, 55, 0, 0, 4, 1, 0, 248, 3, 168]
1552550922479;[171, 0, 17, 255, 161, 76, 221, 2, 41, 1, 0, 58, 0, 0, 4, 1, 0, 250, 3, 145]
1552550922480;[171, 0, 17, 255, 161, 76, 221, 2, 41, 1, 0, 58, 0, 0, 4, 1, 0, 249, 3, 109]
1552550922663;[171, 0, 4, 255, 132, 128, 65]
1552550922831;[171, 0, 17, 255, 161, 76, 221, 2, 41, 1, 0, 54, 0, 0, 4, 1, 0, 249, 3, 75]
1552550922832;[171, 0, 17, 255, 161, 76, 221, 2, 41, 1, 0, 54, 0, 0, 4, 1, 0, 249, 3, 52]
1552550922997;[171, 0, 17, 255, 161, 76, 221, 2, 41, 1, 0, 58, 0, 0, 4, 1, 0, 250, 3, 75]
1552550922998;[171, 0, 17, 255, 161, 76, 221, 2, 41, 1, 0, 56, 0, 0, 6, 1, 0, 250, 3, 112]
1552550923181;[171, 0, 17, 255, 161, 76, 221, 2, 42, 1, 0, 57, 0, 0, 4, 1, 0, 250, 3, 120]
1552550923349;[171, 0, 17, 255, 161, 76, 221, 2, 42, 1, 0, 54, 0, 0, 6, 1, 0, 249, 3, 134]
1552550923350;[171, 0, 17, 255, 161, 76, 221, 2, 42, 1, 0, 57, 0, 0, 3, 1, 0, 250, 3, 132]
1552550923515;[171, 0, 17, 255, 161, 76, 221, 2, 42, 1, 0, 56, 0, 0, 5, 1, 0, 248, 3, 116]
1552550923516;[171, 0, 17, 255, 161, 76, 221, 2, 42, 1, 0, 54, 0, 0, 4, 1, 0, 250, 3, 94]
1552550923699;[171, 0, 17, 255, 161, 76, 221, 2, 42, 1, 0, 58, 0, 0, 8, 1, 0, 248, 3, 60]
1552550923699;[171, 0, 4, 255, 132, 128, 65]
1552550923867;[171, 0, 17, 255, 161, 76, 221, 2, 42, 1, 0, 54, 0, 0, 3, 1, 0, 249, 3, 27]
1552550924034;[171, 0, 17, 255, 161, 76, 221, 2, 42, 1, 0, 56, 0, 0, 3, 1, 0, 250, 2, 250]
1552550924035;[171, 0, 17, 255, 161, 76, 221, 2, 42, 1, 0, 56, 0, 0, 6, 1, 0, 249, 2, 240]
1552550924218;[171, 0, 17, 255, 161, 76, 221, 2, 42, 1, 0, 56, 0, 0, 4, 1, 0, 249, 3, 28]
1552550924218;[171, 0, 17, 255, 161, 76, 221, 2, 43, 1, 0, 52, 0, 0, 6, 1, 0, 254, 3, 59]
1552550924385;[171, 0, 17, 255, 161, 76, 221, 2, 43, 1, 0, 56, 0, 0, 4, 1, 0, 248, 3, 74]
1552550924385;[171, 0, 17, 255, 161, 76, 221, 2, 43, 1, 0, 56, 0, 0, 4, 1, 0, 249, 3, 82]
1552550924552;[171, 0, 17, 255, 161, 76, 221, 2, 43, 1, 0, 58, 0, 0, 3, 1, 0, 249, 3, 82]
1552550924735;[171, 0, 17, 255, 161, 76, 221, 2, 43, 1, 0, 56, 0, 0, 4, 1, 0, 249, 3, 75]
1552550924736;[171, 0, 17, 255, 161, 76, 221, 2, 43, 1, 0, 56, 0, 0, 4, 1, 0, 250, 3, 70]
1552550924902;[171, 0, 4, 255, 132, 128, 65]
1552550924903;[171, 0, 17, 255, 161, 76, 221, 2, 43, 1, 0, 56, 0, 0, 4, 1, 0, 249, 3, 50]
1552550925069;[171, 0, 17, 255, 161, 76, 221, 2, 43, 1, 0, 53, 0, 0, 1, 1, 0, 254, 3, 43]
1552550925253;[171, 0, 17, 255, 161, 76, 221, 2, 43, 1, 0, 54, 0, 0, 5, 1, 0, 246, 3, 41]
1552550925254;[171, 0, 17, 255, 161, 76, 221, 2, 43, 1, 0, 57, 0, 0, 3, 1, 0, 249, 3, 66]
1552550925420;[171, 0, 17, 255, 161, 76, 221, 2, 44, 1, 0, 54, 0, 0, 2, 1, 0, 250, 3, 74]
1552550925421;[171, 0, 17, 255, 161, 76, 221, 2, 44, 1, 0, 53, 0, 0, 4, 1, 0, 250, 3, 90]
1552550925588;[171, 0, 17, 255, 161, 76, 221, 2, 44, 1, 0, 54, 0, 0, 4, 1, 0, 249, 3, 68]
1552550925588;[171, 0, 17, 255, 161, 76, 221, 2, 44, 1, 0, 54, 0, 0, 6, 1, 0, 250, 3, 22]
1552550925938;[171, 0, 17, 255, 161, 76, 221, 2, 44, 1, 0, 56, 0, 0, 2, 1, 0, 249, 2, 243]
1552550925938;[171, 0, 17, 255, 161, 76, 221, 2, 44, 1, 0, 54, 0, 0, 4, 1, 0, 249, 2, 234]
1552550925939;[171, 0, 4, 255, 132, 128, 65]
1552550926106;[171, 0, 17, 255, 161, 76, 221, 2, 44, 1, 0, 58, 0, 0, 3, 1, 0, 251, 2, 190]
1552550926106;[171, 0, 17, 255, 161, 76, 221, 2, 44, 1, 0, 56, 0, 0, 4, 1, 0, 248, 2, 151]
1552550926289;[171, 0, 17, 255, 161, 76, 221, 2, 44, 1, 0, 54, 0, 0, 2, 1, 0, 254, 2, 155]
1552550926290;[171, 0, 17, 255, 161, 76, 221, 2, 44, 1, 0, 53, 0, 0, 3, 1, 0, 249, 2, 181]
1552550928394;[171, 0, 17, 255, 161, 76, 221, 2, 45, 1, 0, 54, 0, 0, 4, 1, 0, 249, 2, 185]
1552550928395;[171, 0, 17, 255, 161, 76, 221, 2, 45, 1, 0, 56, 0, 0, 3, 1, 0, 250, 2, 201]
1552550928396;[171, 0, 17, 255, 161, 76, 221, 2, 45, 1, 0, 52, 0, 0, 4, 1, 0, 249, 2, 194]
1552550928397;[171, 0, 17, 255, 161, 76, 221, 2, 45, 1, 0, 54, 0, 0, 4, 1, 0, 250, 2, 194]
1552550928397;[171, 0, 17, 255, 161, 76, 221, 2, 45, 1, 0, 56, 0, 0, 4, 1, 0, 249, 2, 191]
1552550928398;[171, 0, 17, 255, 161, 76, 221, 2, 45, 1, 0, 56, 0, 0, 3, 1, 0, 248, 2, 173]
1552550928398;[171, 0, 4, 255, 132, 128, 64]
1552550928400;[171, 0, 17, 255, 161, 76, 221, 2, 45, 1, 0, 53, 0, 0, 4, 1, 0, 249, 2, 145]
1552550928400;[171, 0, 17, 255, 161, 76, 221, 2, 45, 1, 0, 54, 0, 0, 3, 1, 0, 250, 2, 157]
1552550928400;[171, 0, 17, 255, 161, 76, 221, 2, 45, 1, 0, 55, 0, 0, 3, 1, 0, 250, 2, 176]
1552550928401;[171, 0, 17, 255, 161, 76, 221, 2, 45, 1, 0, 53, 0, 0, 4, 1, 0, 254, 2, 183]
1552550928401;[171, 0, 17, 255, 161, 76, 221, 2, 46, 1, 0, 55, 0, 0, 5, 1, 0, 249, 2, 176]
1552550928402;[171, 0, 17, 255, 161, 76, 221, 2, 46, 1, 0, 56, 0, 0, 5, 1, 0, 248, 2, 155]
1552550928402;[171, 0, 17, 255, 161, 76, 221, 2, 46, 1, 0, 56, 0, 0, 4, 1, 0, 248, 2, 121]
1552550928403;[171, 0, 17, 255, 161, 76, 221, 2, 46, 1, 0, 56, 0, 0, 4, 1, 0, 248, 2, 71]
1552550928403;[171, 0, 17, 255, 161, 76, 221, 2, 46, 1, 0, 54, 0, 0, 4, 1, 0, 246, 2, 42]
1552550928403;[171, 0, 17, 255, 161, 76, 221, 2, 48, 1, 0, 54, 0, 0, 3, 1, 0, 250, 2, 86]
1552550928404;[171, 0, 17, 255, 161, 76, 221, 2, 48, 1, 0, 54, 0, 0, 4, 1, 0, 249, 2, 79]
1552550928404;[171, 0, 17, 255, 161, 76, 221, 2, 48, 1, 0, 53, 0, 0, 3, 1, 0, 254, 2, 55]
1552550928528;[171, 0, 17, 255, 161, 76, 221, 2, 48, 1, 0, 56, 0, 0, 4, 1, 0, 248, 2, 25]
1552550928695;[171, 0, 17, 255, 161, 76, 221, 2, 49, 1, 0, 54, 0, 0, 4, 1, 0, 250, 1, 251]
1552550928695;[171, 0, 17, 255, 161, 76, 221, 2, 49, 1, 0, 57, 0, 0, 5, 1, 0, 249, 1, 224]
1552550928862;[171, 0, 17, 255, 161, 76, 221, 2, 49, 1, 0, 56, 0, 0, 4, 1, 0, 249, 1, 226]
1552550929046;[171, 0, 17, 255, 161, 76, 221, 2, 49, 1, 0, 54, 0, 0, 3, 1, 0, 250, 1, 246]
1552550929046;[171, 0, 17, 255, 161, 76, 221, 2, 49, 1, 0, 56, 0, 0, 4, 1, 0, 249, 1, 255]
1552550929213;[171, 0, 17, 255, 161, 76, 221, 2, 49, 1, 0, 54, 0, 0, 2, 1, 0, 250, 2, 6]
1552550929213;[171, 0, 4, 255, 132, 128, 64]
1552550929380;[171, 0, 17, 255, 161, 76, 221, 2, 49, 1, 0, 56, 0, 0, 5, 1, 0, 249, 2, 2]
1552550929381;[171, 0, 17, 255, 161, 76, 221, 2, 49, 1, 0, 53, 0, 0, 4, 1, 0, 249, 1, 241]
1552550929564;[171, 0, 17, 255, 161, 76, 221, 2, 49, 1, 0, 58, 0, 0, 4, 1, 0, 249, 1, 215]
1552550929731;[171, 0, 17, 255, 161, 76, 221, 2, 49, 1, 0, 59, 0, 0, 4, 1, 0, 249, 1, 193]
1552550929732;[171, 0, 17, 255, 161, 76, 221, 2, 50, 1, 0, 54, 0, 0, 5, 1, 0, 249, 1, 174]
1552550929898;[171, 0, 17, 255, 161, 76, 221, 2, 50, 1, 0, 54, 0, 0, 3, 1, 0, 250, 1, 235]
1552550929899;[171, 0, 17, 255, 161, 76, 221, 2, 50, 1, 0, 56, 0, 0, 3, 1, 0, 249, 2, 55]
1552550930082;[171, 0, 17, 255, 161, 76, 221, 2, 50, 1, 0, 53, 0, 0, 3, 1, 0, 254, 2, 104]
1552550930082;[171, 0, 17, 255, 161, 76, 221, 2, 50, 1, 0, 57, 0, 0, 5, 1, 0, 249, 2, 138]
1552550930249;[171, 0, 17, 255, 161, 76, 221, 2, 50, 1, 0, 54, 0, 0, 5, 1, 0, 250, 2, 168]
1552550930416;[171, 0, 4, 255, 132, 128, 64]
1552550930417;[171, 0, 17, 255, 161, 76, 221, 2, 50, 1, 0, 58, 0, 0, 4, 1, 0, 249, 2, 176]
1552550930600;[171, 0, 17, 255, 161, 76, 221, 2, 50, 1, 0, 56, 0, 0, 3, 1, 0, 249, 2, 131]
1552550930601;[171, 0, 17, 255, 161, 76, 221, 2, 50, 1, 0, 61, 0, 0, 0, 1, 0, 246, 2, 106]
1552550930934;[171, 0, 17, 255, 161, 76, 221, 2, 50, 1, 0, 57, 0, 0, 5, 1, 0, 249, 2, 82]
1552550930934;[171, 0, 17, 255, 161, 76, 221, 2, 51, 1, 0, 54, 0, 0, 6, 1, 0, 249, 2, 84]
1552550930935;[171, 0, 17, 255, 161, 76, 221, 2, 51, 1, 0, 58, 0, 0, 3, 1, 0, 249, 2, 147]
1552550931117;[171, 0, 17, 255, 161, 76, 221, 2, 51, 1, 0, 57, 0, 0, 3, 1, 0, 249, 2, 195]
1552550931118;[171, 0, 17, 255, 161, 76, 221, 2, 51, 1, 0, 59, 0, 0, 3, 1, 0, 249, 2, 228]
1552550931284;[171, 0, 17, 255, 161, 76, 221, 2, 51, 1, 0, 57, 0, 0, 3, 1, 0, 250, 3, 0]
1552550931285;[171, 0, 17, 255, 161, 76, 221, 2, 51, 1, 0, 54, 0, 0, 4, 1, 0, 249, 3, 15]
1552550931451;[171, 0, 4, 255, 132, 128, 64]
1552550931635;[171, 0, 17, 255, 161, 76, 221, 2, 51, 1, 0, 59, 0, 0, 4, 1, 0, 249, 3, 2]
1552550931636;[171, 0, 17, 255, 161, 76, 221, 2, 51, 1, 0, 60, 0, 0, 4, 1, 0, 248, 2, 247]
1552550931802;[171, 0, 17, 255, 161, 76, 221, 2, 51, 1, 0, 57, 0, 0, 3, 1, 0, 249, 2, 220]
1552550931803;[171, 0, 17, 255, 161, 76, 221, 2, 51, 1, 0, 59, 0, 0, 4, 1, 0, 249, 2, 199]
1552550931970;[171, 0, 17, 255, 161, 76, 221, 2, 52, 1, 0, 56, 0, 0, 4, 1, 0, 249, 2, 194]
1552550932153;[171, 0, 17, 255, 161, 76, 221, 2, 52, 1, 0, 54, 0, 0, 3, 1, 0, 249, 2, 248]
1552550932154;[171, 0, 17, 255, 161, 76, 221, 2, 52, 1, 0, 59, 0, 0, 4, 1, 0, 249, 3, 1]
1552550932320;[171, 0, 17, 255, 161, 76, 221, 2, 52, 1, 0, 56, 0, 0, 4, 1, 0, 249, 3, 38]
1552550932321;[171, 0, 17, 255, 161, 76, 221, 2, 52, 1, 0, 50, 0, 0, 4, 1, 0, 255, 3, 83]
1552550932487;[171, 0, 17, 255, 161, 76, 221, 2, 52, 1, 0, 73, 0, 0, 0, 1, 0, 245, 3, 131]
1552550932488;[171, 0, 4, 255, 132, 128, 64]
1552550932671;[171, 0, 17, 255, 161, 76, 221, 2, 52, 1, 0, 72, 0, 0, 7, 1, 0, 243, 3, 182]
1552550932839;[171, 0, 17, 255, 161, 76, 221, 2, 52, 1, 0, 1, 0, 0, 13, 1, 0, 255, 3, 88]
1552550932839;[171, 0, 17, 255, 161, 76, 221, 2, 52, 1, 0, 40, 0, 0, 2, 1, 1, 3, 3, 40]
1552550933006;[171, 0, 17, 255, 161, 76, 221, 2, 52, 1, 0, 46, 0, 0, 3, 1, 0, 249, 2, 240]
1552550933006;[171, 0, 17, 255, 161, 76, 221, 2, 53, 1, 0, 50, 0, 0, 2, 1, 0, 249, 2, 237]
1552550933173;[171, 0, 17, 255, 161, 76, 221, 2, 53, 1, 0, 43, 0, 0, 1, 1, 0, 254, 3, 28]
1552550933190;[171, 0, 17, 255, 161, 76, 221, 2, 53, 1, 0, 51, 0, 0, 0, 1, 0, 250, 3, 44]
1552550933356;[171, 0, 17, 255, 161, 76, 221, 2, 53, 1, 0, 51, 0, 0, 3, 1, 0, 247, 3, 72]
1552550933524;[171, 0, 17, 255, 161, 76, 221, 2, 53, 1, 0, 48, 0, 0, 1, 1, 0, 249, 3, 83]
1552550933691;[171, 0, 17, 255, 161, 76, 221, 2, 53, 1, 0, 51, 0, 0, 4, 1, 0, 250, 3, 105]
1552550933707;[171, 0, 4, 255, 132, 128, 65]
1552550933708;[171, 0, 17, 255, 161, 76, 221, 2, 53, 1, 0, 56, 0, 0, 2, 1, 0, 246, 3, 136]
1552550933875;[171, 0, 17, 255, 161, 76, 221, 2, 53, 1, 0, 60, 0, 0, 3, 1, 0, 247, 3, 161]
1552550934041;[171, 0, 17, 255, 161, 76, 221, 2, 53, 1, 0, 56, 0, 0, 3, 1, 0, 250, 3, 183]
1552550934042;[171, 0, 17, 255, 161, 76, 221, 2, 53, 1, 0, 56, 1, 0, 1, 1, 0, 249, 3, 186]
1552550934209;[171, 0, 17, 255, 161, 76, 221, 2, 54, 1, 0, 57, 0, 0, 3, 1, 0, 249, 3, 218]
1552550934210;[171, 0, 17, 255, 161, 76, 221, 2, 54, 1, 0, 56, 0, 0, 3, 1, 0, 250, 4, 16]
1552550934393;[171, 0, 17, 255, 161, 76, 221, 2, 54, 1, 0, 54, 0, 0, 3, 1, 0, 249, 4, 44]
1552550934393;[171, 0, 17, 255, 161, 76, 221, 2, 54, 1, 0, 53, 0, 0, 3, 1, 0, 249, 4, 72]
1552550934559;[171, 0, 17, 255, 161, 76, 221, 2, 54, 1, 0, 58, 0, 0, 4, 1, 0, 249, 4, 71]
1552550934726;[171, 0, 17, 255, 161, 76, 221, 2, 54, 1, 0, 54, 0, 0, 3, 1, 0, 249, 4, 55]
1552550934727;[171, 0, 4, 255, 132, 128, 65]
1552550934911;[171, 0, 17, 255, 161, 76, 221, 2, 54, 1, 0, 54, 0, 0, 2, 1, 0, 250, 4, 43]
1552550934911;[171, 0, 17, 255, 161, 76, 221, 2, 54, 1, 0, 54, 0, 0, 2, 1, 0, 249, 4, 10]
1552550935078;[171, 0, 17, 255, 161, 76, 221, 2, 54, 1, 0, 54, 0, 0, 4, 1, 0, 249, 3, 238]
1552550935078;[171, 0, 17, 255, 161, 76, 221, 2, 54, 1, 0, 54, 0, 0, 2, 1, 0, 248, 3, 238]
1552550935245;[171, 0, 17, 255, 161, 76, 221, 2, 55, 1, 0, 54, 0, 0, 3, 1, 0, 247, 4, 2]
1552550935429;[171, 0, 17, 255, 161, 76, 221, 2, 55, 1, 0, 56, 0, 0, 3, 1, 0, 248, 4, 13]
1552550935430;[171, 0, 17, 255, 161, 76, 221, 2, 55, 1, 0, 54, 0, 0, 3, 1, 0, 249, 4, 10]
1552550935595;[171, 0, 17, 255, 161, 76, 221, 2, 55, 1, 0, 59, 0, 0, 3, 1, 0, 250, 4, 6]
1552550935596;[171, 0, 17, 255, 161, 76, 221, 2, 55, 1, 0, 54, 0, 0, 2, 1, 0, 249, 3, 242]
1552550935762;[171, 0, 17, 255, 161, 76, 221, 2, 55, 1, 0, 57, 0, 0, 0, 1, 0, 247, 3, 200]
1552550935946;[171, 0, 4, 255, 132, 128, 64]
1552550935947;[171, 0, 17, 255, 161, 76, 221, 2, 55, 1, 0, 59, 0, 0, 2, 1, 0, 250, 3, 170]
1552550936113;[171, 0, 17, 255, 161, 76, 221, 2, 55, 1, 0, 59, 0, 0, 2, 1, 1, 3, 3, 124]
1552550936113;[171, 0, 17, 255, 161, 76, 221, 2, 55, 1, 0, 56, 0, 0, 2, 1, 0, 250, 3, 90]
1552550936464;[171, 0, 17, 255, 161, 76, 221, 2, 55, 1, 0, 55, 0, 0, 3, 1, 0, 249, 3, 117]
1552550936464;[171, 0, 17, 255, 161, 76, 221, 2, 56, 1, 0, 56, 0, 0, 1, 1, 0, 249, 3, 127]
1552550936465;[171, 0, 17, 255, 161, 76, 221, 2, 56, 1, 0, 56, 0, 0, 2, 1, 0, 249, 3, 133]
1552550936631;[171, 0, 17, 255, 161, 76, 221, 2, 56, 1, 0, 53, 0, 0, 2, 1, 0, 249, 3, 141]
1552550936632;[171, 0, 17, 255, 161, 76, 221, 2, 56, 1, 0, 54, 0, 0, 1, 1, 0, 250, 3, 142]
1552550936982;[171, 0, 17, 255, 161, 76, 221, 2, 56, 1, 0, 54, 0, 0, 2, 1, 0, 250, 3, 128]
1552550936982;[171, 0, 17, 255, 161, 76, 221, 2, 56, 1, 0, 54, 0, 0, 1, 1, 0, 250, 3, 116]
1552550936983;[171, 0, 4, 255, 132, 128, 64]
1552550936985;[171, 0, 17, 255, 161, 76, 221, 2, 56, 1, 0, 59, 0, 0, 3, 1, 0, 249, 3, 106]
1552550937149;[171, 0, 17, 255, 161, 76, 221, 2, 56, 1, 0, 54, 0, 0, 2, 1, 0, 248, 3, 91]
1552550937316;[171, 0, 17, 255, 161, 76, 221, 2, 56, 1, 0, 54, 0, 0, 3, 1, 0, 249, 3, 97]
1552550937316;[171, 0, 17, 255, 161, 76, 221, 2, 56, 1, 0, 54, 0, 0, 4, 1, 0, 249, 3, 153]
1552550937500;[171, 0, 17, 255, 161, 76, 221, 2, 57, 1, 0, 56, 0, 0, 3, 1, 0, 250, 3, 185]
1552550937501;[171, 0, 17, 255, 161, 76, 221, 2, 57, 1, 0, 57, 1, 0, 1, 1, 0, 249, 3, 190]
1552550937667;[171, 0, 17, 255, 161, 76, 221, 2, 57, 1, 0, 56, 0, 0, 3, 1, 0, 249, 3, 195]
1552550937834;[171, 0, 17, 255, 161, 76, 221, 2, 57, 1, 0, 54, 0, 0, 3, 1, 0, 249, 3, 175]
1552550937835;[171, 0, 17, 255, 161, 76, 221, 2, 57, 1, 0, 52, 0, 0, 4, 1, 0, 249, 3, 120]
1552550938018;[171, 0, 17, 255, 161, 76, 221, 2, 57, 1, 0, 56, 0, 0, 4, 1, 0, 255, 3, 51]
1552550938018;[171, 0, 4, 255, 132, 128, 64]
1552550938185;[171, 0, 17, 255, 161, 76, 221, 2, 57, 1, 0, 53, 0, 0, 2, 1, 0, 249, 2, 236]
1552550938186;[171, 0, 17, 255, 161, 76, 221, 2, 57, 1, 0, 54, 0, 0, 2, 1, 0, 249, 2, 237]
1552550938352;[171, 0, 17, 255, 161, 76, 221, 2, 57, 1, 0, 53, 0, 0, 3, 1, 0, 248, 2, 247]
1552550938536;[171, 0, 17, 255, 161, 76, 221, 2, 57, 1, 0, 53, 0, 0, 3, 1, 0, 250, 3, 2]
1552550938536;[171, 0, 17, 255, 161, 76, 221, 2, 58, 1, 0, 52, 0, 0, 2, 1, 0, 249, 3, 14]
1552550938703;[171, 0, 17, 255, 161, 76, 221, 2, 58, 1, 0, 51, 0, 0, 3, 1, 0, 249, 3, 51]
1552550938703;[171, 0, 17, 255, 161, 76, 221, 2, 58, 1, 0, 52, 0, 0, 3, 1, 0, 254, 3, 78]
1552550938870;[171, 0, 17, 255, 161, 76, 221, 2, 58, 1, 0, 53, 0, 0, 2, 1, 0, 249, 3, 66]
1552550939037;[171, 0, 17, 255, 161, 76, 221, 2, 58, 1, 0, 52, 0, 0, 3, 1, 0, 249, 3, 79]
1552550939053;[171, 0, 17, 255, 161, 76, 221, 2, 58, 1, 0, 53, 0, 0, 3, 1, 0, 246, 3, 123]
1552550939221;[171, 0, 4, 255, 132, 128, 64]
1552550939222;[171, 0, 17, 255, 161, 76, 221, 2, 58, 1, 0, 49, 0, 0, 3, 1, 0, 250, 3, 160]
1552550939388;[171, 0, 17, 255, 161, 76, 221, 2, 58, 1, 0, 54, 0, 0, 3, 1, 0, 249, 3, 176]
1552550939388;[171, 0, 17, 255, 161, 76, 221, 2, 58, 1, 0, 56, 0, 0, 4, 1, 0, 249, 3, 111]
1552550939555;[171, 0, 17, 255, 161, 76, 221, 2, 58, 1, 0, 57, 0, 0, 4, 1, 0, 249, 3, 90]
1552550939739;[171, 0, 17, 255, 161, 76, 221, 2, 59, 1, 0, 56, 0, 0, 2, 1, 0, 249, 3, 53]
1552550939740;[171, 0, 17, 255, 161, 76, 221, 2, 59, 1, 0, 57, 0, 0, 3, 1, 0, 249, 3, 16]
1552550939906;[171, 0, 17, 255, 161, 76, 221, 2, 59, 1, 0, 54, 0, 0, 3, 1, 0, 250, 3, 61]
1552550939906;[171, 0, 17, 255, 161, 76, 221, 2, 59, 1, 0, 62, 0, 0, 4, 1, 0, 248, 3, 76]
1552550940072;[171, 0, 17, 255, 161, 76, 221, 2, 59, 1, 0, 61, 0, 0, 4, 1, 0, 246, 3, 81]
1552550940089;[171, 0, 17, 255, 161, 76, 221, 2, 59, 1, 0, 56, 0, 0, 4, 1, 0, 249, 3, 28]
1552550940256;[171, 0, 4, 255, 132, 128, 64]
1552550940424;[171, 0, 17, 255, 161, 76, 221, 2, 59, 1, 0, 61, 0, 0, 5, 1, 0, 249, 2, 209]
1552550940424;[171, 0, 17, 255, 161, 76, 221, 2, 59, 1, 0, 60, 0, 0, 4, 1, 0, 248, 2, 125]
1552550940591;[171, 0, 17, 255, 161, 76, 221, 2, 59, 1, 0, 67, 0, 0, 4, 1, 0, 249, 2, 48]
1552550940607;[171, 0, 17, 255, 161, 76, 221, 2, 59, 1, 0, 60, 0, 0, 8, 1, 0, 246, 2, 37]
1552550940775;[171, 0, 17, 255, 161, 76, 221, 2, 64, 1, 0, 60, 0, 0, 4, 1, 0, 248, 2, 63]
1552550940942;[171, 0, 17, 255, 161, 76, 221, 2, 64, 1, 0, 60, 0, 0, 3, 1, 0, 249, 2, 94]
1552550940942;[171, 0, 17, 255, 161, 76, 221, 2, 64, 1, 0, 61, 0, 0, 5, 1, 0, 250, 2, 97]
1552550941109;[171, 0, 17, 255, 161, 76, 221, 2, 64, 1, 0, 61, 0, 0, 4, 1, 0, 250, 2, 65]
1552550941110;[171, 0, 17, 255, 161, 76, 221, 2, 64, 1, 0, 59, 0, 0, 5, 1, 0, 249, 2, 46]
1552550941293;[171, 0, 17, 255, 161, 76, 221, 2, 64, 1, 0, 60, 0, 0, 4, 1, 0, 250, 2, 13]
1552550941293;[171, 0, 4, 255, 132, 128, 64]
1552550941460;[171, 0, 17, 255, 161, 76, 221, 2, 64, 1, 0, 61, 0, 0, 6, 1, 0, 245, 1, 200]
1552550941627;[171, 0, 17, 255, 161, 76, 221, 2, 64, 1, 0, 65, 0, 0, 4, 1, 0, 249, 1, 148]
1552550941628;[171, 0, 17, 255, 161, 76, 221, 2, 64, 1, 0, 61, 0, 0, 3, 1, 0, 249, 1, 121]
1552550941811;[171, 0, 17, 255, 161, 76, 221, 2, 64, 1, 0, 61, 0, 0, 4, 1, 0, 249, 1, 68]
1552550941811;[171, 0, 17, 255, 161, 76, 221, 2, 65, 1, 0, 65, 0, 0, 4, 1, 0, 250, 1, 18]
1552550941978;[171, 0, 17, 255, 161, 76, 221, 2, 65, 1, 0, 60, 0, 0, 4, 1, 0, 248, 1, 18]
1552550941979;[171, 0, 17, 255, 161, 76, 221, 2, 65, 1, 0, 60, 0, 0, 4, 1, 0, 249, 0, 213]
1552550942145;[171, 0, 17, 255, 161, 76, 221, 2, 65, 1, 0, 59, 0, 0, 3, 1, 0, 250, 16, 172]
1552550942329;[171, 0, 17, 255, 161, 76, 221, 2, 65, 1, 0, 65, 0, 0, 8, 1, 0, 249, 7, 135]
1552550942329;[171, 0, 17, 255, 161, 76, 221, 2, 65, 1, 0, 54, 0, 0, 4, 1, 0, 249, 7, 65]
1552550942496;[171, 0, 4, 255, 132, 128, 64]
1552550942497;[171, 0, 17, 255, 161, 76, 221, 2, 65, 1, 0, 59, 0, 0, 8, 1, 0, 248, 6, 250]
1552550942664;[171, 0, 17, 255, 161, 76, 221, 2, 65, 1, 0, 57, 0, 0, 3, 1, 0, 254, 6, 198]
1552550942847;[171, 0, 17, 255, 161, 76, 221, 2, 65, 1, 0, 57, 0, 0, 4, 1, 0, 250, 6, 134]
1552550943014;[171, 0, 17, 255, 161, 76, 221, 2, 65, 1, 0, 57, 0, 0, 3, 1, 0, 249, 6, 66]
1552550943015;[171, 0, 17, 255, 161, 76, 221, 2, 66, 1, 0, 59, 0, 0, 4, 1, 0, 250, 6, 15]
1552550943015;[171, 0, 17, 255, 161, 76, 221, 2, 66, 1, 0, 59, 0, 0, 5, 1, 0, 250, 5, 208]
1552550943181;[171, 0, 17, 255, 161, 76, 221, 2, 66, 1, 0, 73, 0, 0, 5, 1, 0, 245, 5, 171]
1552550943181;[171, 0, 17, 255, 161, 76, 221, 2, 66, 1, 0, 71, 1, 0, 5, 1, 0, 241, 5, 101]
1552550943532;[171, 0, 17, 255, 161, 76, 221, 2, 66, 1, 0, 76, 0, 0, 2, 1, 0, 243, 4, 228]
1552550943533;[171, 0, 17, 255, 161, 76, 221, 2, 66, 1, 0, 79, 0, 0, 2, 1, 0, 246, 4, 168]
1552550943533;[171, 0, 4, 255, 132, 128, 65]
1552550943699;[171, 0, 17, 255, 161, 76, 221, 2, 66, 1, 0, 74, 0, 0, 3, 1, 0, 249, 4, 123]
1552550943699;[171, 0, 17, 255, 161, 76, 221, 2, 66, 1, 0, 72, 0, 0, 2, 1, 0, 243, 4, 91]
1552550943882;[171, 0, 17, 255, 161, 76, 221, 2, 66, 1, 0, 79, 0, 0, 4, 1, 0, 249, 4, 66]
1552550944051;[171, 0, 17, 255, 161, 76, 221, 2, 66, 1, 0, 73, 0, 0, 5, 1, 0, 245, 4, 37]
1552550944051;[171, 0, 17, 255, 161, 76, 221, 2, 67, 1, 0, 71, 0, 0, 4, 1, 0, 250, 4, 10]
1552550944216;[171, 0, 17, 255, 161, 76, 221, 2, 67, 1, 0, 74, 0, 0, 3, 1, 0, 245, 3, 252]
1552550944217;[171, 0, 17, 255, 161, 76, 221, 2, 67, 1, 0, 73, 0, 0, 3, 1, 0, 246, 3, 235]
1552550944401;[171, 0, 17, 255, 161, 76, 221, 2, 67, 1, 0, 73, 0, 0, 5, 1, 0, 248, 3, 206]
1552550944401;[171, 0, 17, 255, 161, 76, 221, 2, 67, 1, 0, 73, 0, 0, 4, 1, 0, 246, 3, 184]
1552550944568;[171, 0, 17, 255, 161, 76, 221, 2, 67, 1, 0, 75, 0, 0, 5, 1, 0, 249, 3, 165]
1552550944735;[171, 0, 4, 255, 132, 128, 65]
1552550944736;[171, 0, 17, 255, 161, 76, 221, 2, 67, 1, 0, 74, 0, 0, 4, 1, 0, 245, 3, 154]
1552550944919;[171, 0, 17, 255, 161, 76, 221, 2, 67, 1, 0, 74, 0, 0, 5, 1, 0, 248, 3, 145]
1552550944919;[171, 0, 17, 255, 161, 76, 221, 2, 67, 1, 0, 75, 0, 0, 2, 1, 0, 249, 3, 132]
1552550945436;[171, 0, 17, 255, 161, 76, 221, 2, 67, 1, 0, 72, 0, 0, 3, 1, 0, 245, 3, 122]
1552550945437;[171, 0, 17, 255, 161, 76, 221, 2, 68, 1, 0, 72, 0, 0, 3, 1, 0, 249, 3, 100]
1552550945437;[171, 0, 17, 255, 161, 76, 221, 2, 68, 1, 0, 74, 0, 0, 3, 1, 0, 246, 3, 93]
1552550945438;[171, 0, 17, 255, 161, 76, 221, 2, 68, 1, 0, 71, 0, 0, 4, 1, 0, 248, 3, 70]
1552550945439;[171, 0, 17, 255, 161, 76, 221, 2, 68, 1, 0, 74, 0, 0, 3, 1, 0, 248, 3, 54]
1552550945603;[171, 0, 17, 255, 161, 76, 221, 2, 68, 1, 0, 74, 0, 0, 3, 1, 0, 246, 3, 13]
1552550945604;[171, 0, 17, 255, 161, 76, 221, 2, 68, 1, 0, 73, 0, 0, 4, 1, 0, 249, 2, 246]
1552550945771;[171, 0, 4, 255, 132, 128, 65]
1552550946121;[171, 0, 17, 255, 161, 76, 221, 2, 68, 1, 0, 75, 0, 0, 2, 1, 0, 245, 2, 229]
1552550946295;[171, 0, 17, 255, 161, 76, 221, 2, 68, 1, 0, 73, 0, 0, 3, 1, 0, 248, 2, 242]
1552550946296;[171, 0, 17, 255, 161, 76, 221, 2, 68, 1, 0, 67, 0, 0, 3, 1, 0, 246, 2, 231]
1552550946296;[171, 0, 17, 255, 161, 76, 221, 2, 68, 1, 0, 72, 0, 0, 3, 1, 0, 249, 2, 227]
1552550946296;[171, 0, 17, 255, 161, 76, 221, 2, 69, 1, 0, 68, 0, 0, 2, 1, 0, 246, 2, 216]
1552550946297;[171, 0, 17, 255, 161, 76, 221, 2, 69, 1, 0, 71, 0, 0, 2, 1, 0, 248, 2, 193]
1552550946457;[171, 0, 17, 255, 161, 76, 221, 2, 69, 1, 0, 69, 0, 0, 1, 1, 0, 248, 2, 170]
1552550946642;[171, 0, 17, 255, 161, 76, 221, 2, 69, 1, 0, 65, 0, 0, 0, 1, 0, 249, 2, 142]
1552550946643;[171, 0, 17, 255, 161, 76, 221, 2, 69, 1, 0, 65, 0, 0, 0, 1, 0, 246, 2, 45]
1552550946807;[171, 0, 17, 255, 161, 76, 221, 2, 69, 1, 0, 77, 1, 0, 3, 1, 0, 245, 2, 45]
1552550946807;[171, 0, 4, 255, 132, 128, 65]
1552550946974;[171, 0, 17, 255, 161, 76, 221, 2, 69, 1, 0, 85, 0, 0, 5, 1, 0, 246, 1, 234]
1552550946974;[171, 0, 17, 255, 161, 76, 221, 2, 69, 1, 0, 79, 0, 0, 1, 1, 0, 245, 1, 205]
1552550947158;[171, 0, 17, 255, 161, 76, 221, 2, 69, 1, 0, 79, 0, 0, 3, 1, 0, 242, 1, 186]
1552550947325;[171, 0, 17, 255, 161, 76, 221, 2, 69, 1, 0, 77, 0, 0, 3, 1, 0, 244, 1, 181]
1552550947325;[171, 0, 17, 255, 161, 76, 221, 2, 70, 1, 0, 82, 0, 0, 3, 1, 0, 243, 1, 173]
1552550947492;[171, 0, 17, 255, 161, 76, 221, 2, 70, 1, 0, 79, 0, 0, 4, 1, 0, 243, 1, 172]
1552550947493;[171, 0, 17, 255, 161, 76, 221, 2, 70, 1, 0, 79, 0, 0, 4, 1, 0, 243, 1, 172]
1552550947676;[171, 0, 17, 255, 161, 76, 221, 2, 70, 1, 0, 82, 0, 0, 3, 1, 0, 243, 1, 160]
1552550948010;[171, 0, 17, 255, 161, 76, 221, 2, 70, 1, 0, 75, 0, 0, 4, 1, 0, 245, 1, 162]
1552550948010;[171, 0, 17, 255, 161, 76, 221, 2, 70, 1, 0, 81, 0, 0, 4, 1, 0, 243, 1, 158]
1552550948026;[171, 0, 4, 255, 132, 128, 66]
1552550948027;[171, 0, 17, 255, 161, 76, 221, 2, 70, 1, 0, 82, 0, 0, 5, 1, 0, 243, 1, 166]
1552550948193;[171, 0, 17, 255, 161, 76, 221, 2, 70, 1, 0, 81, 0, 0, 4, 1, 0, 245, 1, 187]
1552550948194;[171, 0, 17, 255, 161, 76, 221, 2, 70, 1, 0, 81, 0, 0, 3, 1, 0, 243, 1, 205]
1552550948360;[171, 0, 17, 255, 161, 76, 221, 2, 70, 1, 0, 82, 0, 0, 4, 1, 0, 246, 1, 225]
1552550948528;[171, 0, 17, 255, 161, 76, 221, 2, 71, 1, 0, 81, 0, 0, 4, 1, 0, 247, 1, 242]
1552550948528;[171, 0, 17, 255, 161, 76, 221, 2, 71, 1, 0, 79, 0, 0, 4, 1, 0, 246, 1, 255]
1552550948712;[171, 0, 17, 255, 161, 76, 221, 2, 71, 1, 0, 81, 0, 0, 3, 1, 0, 248, 2, 19]
1552550948712;[171, 0, 17, 255, 161, 76, 221, 2, 71, 1, 0, 82, 0, 0, 4, 1, 0, 248, 2, 26]
1552550948879;[171, 0, 17, 255, 161, 76, 221, 2, 71, 1, 0, 77, 0, 0, 5, 1, 0, 246, 2, 35]
1552550948879;[171, 0, 17, 255, 161, 76, 221, 2, 71, 1, 0, 81, 0, 0, 3, 1, 0, 248, 2, 65]
1552550949046;[171, 0, 4, 255, 132, 128, 66]
1552550949229;[171, 0, 17, 255, 161, 76, 221, 2, 71, 1, 0, 77, 0, 0, 4, 1, 0, 245, 2, 102]
1552550949230;[171, 0, 17, 255, 161, 76, 221, 2, 71, 1, 0, 77, 0, 0, 3, 1, 0, 245, 2, 129]
1552550949564;[171, 0, 17, 255, 161, 76, 221, 2, 71, 1, 0, 79, 0, 0, 3, 1, 0, 246, 2, 153]
1552550949564;[171, 0, 17, 255, 161, 76, 221, 2, 71, 1, 0, 79, 0, 0, 3, 1, 0, 246, 2, 184]
1552550949565;[171, 0, 17, 255, 161, 76, 221, 2, 72, 1, 0, 77, 0, 0, 3, 1, 0, 243, 2, 205]
1552550949748;[171, 0, 17, 255, 161, 76, 221, 2, 72, 1, 0, 81, 0, 0, 3, 1, 0, 246, 2, 219]
1552550949748;[171, 0, 17, 255, 161, 76, 221, 2, 72, 1, 0, 77, 0, 0, 4, 1, 0, 245, 2, 236]
1552550949915;[171, 0, 17, 255, 161, 76, 221, 2, 72, 1, 0, 79, 0, 0, 3, 1, 0, 243, 3, 27]
1552550949915;[171, 0, 17, 255, 161, 76, 221, 2, 72, 1, 0, 79, 0, 0, 4, 1, 0, 245, 3, 105]
1552550950265;[171, 0, 17, 255, 161, 76, 221, 2, 74, 1, 0, 74, 0, 0, 4, 1, 0, 245, 10, 198]
1552550950266;[171, 0, 17, 255, 161, 76, 221, 2, 74, 1, 0, 78, 0, 0, 3, 1, 0, 243, 10, 215]
1552550950432;[171, 0, 17, 255, 161, 76, 221, 2, 74, 1, 0, 81, 0, 0, 3, 1, 0, 245, 10, 217]
1552550950433;[171, 0, 17, 255, 161, 76, 221, 2, 74, 1, 0, 77, 0, 0, 3, 1, 0, 245, 11, 59]
1552550950600;[171, 0, 17, 255, 161, 76, 221, 2, 75, 1, 0, 77, 0, 0, 3, 1, 0, 246, 11, 125]
1552550950783;[171, 0, 17, 255, 161, 76, 221, 2, 75, 1, 0, 79, 0, 0, 3, 1, 0, 245, 11, 125]
1552550950784;[171, 0, 17, 255, 161, 76, 221, 2, 75, 1, 0, 77, 0, 0, 3, 1, 0, 245, 11, 140]
1552550950951;[171, 0, 17, 255, 161, 76, 221, 2, 75, 1, 0, 79, 0, 0, 3, 1, 0, 243, 11, 142]
1552550951118;[171, 0, 17, 255, 161, 76, 221, 2, 75, 1, 0, 79, 0, 0, 3, 1, 0, 246, 11, 97]
1552550951119;[171, 0, 17, 255, 161, 76, 221, 2, 75, 1, 0, 82, 0, 0, 4, 1, 0, 248, 11, 48]
1552550951301;[171, 0, 4, 255, 132, 128, 66]
1552550951302;[171, 0, 17, 255, 161, 76, 221, 2, 75, 1, 0, 81, 0, 0, 3, 1, 0, 246, 10, 251]
1552550951468;[171, 0, 17, 255, 161, 76, 221, 2, 75, 1, 0, 79, 0, 0, 5, 1, 0, 245, 11, 9]
1552550951804;[171, 0, 17, 255, 161, 76, 221, 2, 75, 1, 0, 82, 0, 0, 4, 1, 0, 241, 11, 60]
1552550951820;[171, 0, 17, 255, 161, 76, 221, 2, 75, 1, 0, 82, 0, 0, 3, 1, 0, 246, 11, 75]
1552550951987;[171, 0, 17, 255, 161, 76, 221, 2, 76, 1, 0, 79, 0, 0, 4, 1, 0, 243, 11, 57]
1552550951987;[171, 0, 17, 255, 161, 76, 221, 2, 76, 1, 0, 75, 0, 0, 4, 1, 0, 248, 11, 31]
1552550951988;[171, 0, 17, 255, 161, 76, 221, 2, 76, 1, 0, 82, 0, 0, 3, 1, 0, 243, 10, 250]
1552550951988;[171, 0, 17, 255, 161, 76, 221, 2, 76, 1, 0, 75, 0, 0, 4, 1, 0, 245, 10, 188]
1552550952153;[171, 0, 17, 255, 161, 76, 221, 2, 76, 1, 0, 82, 0, 0, 3, 1, 0, 246, 10, 125]
1552550952321;[171, 0, 17, 255, 161, 76, 221, 2, 76, 1, 0, 77, 0, 0, 4, 1, 0, 245, 10, 67]
1552550952337;[171, 0, 4, 255, 132, 128, 66]
1552550952838;[171, 0, 17, 255, 161, 76, 221, 2, 76, 1, 0, 83, 0, 0, 4, 1, 0, 247, 10, 90]
1552550952855;[171, 0, 17, 255, 161, 76, 221, 2, 76, 1, 0, 79, 0, 0, 2, 1, 0, 243, 10, 102]
1552550953022;[171, 0, 17, 255, 161, 76, 221, 2, 76, 1, 0, 79, 0, 0, 4, 1, 0, 246, 10, 80]
1552550953189;[171, 0, 17, 255, 161, 76, 221, 2, 76, 1, 0, 81, 0, 0, 2, 1, 0, 243, 10, 52]
1552550953190;[171, 0, 17, 255, 161, 76, 221, 2, 77, 1, 0, 81, 0, 0, 3, 1, 0, 243, 10, 10]
1552550953190;[171, 0, 17, 255, 161, 76, 221, 2, 77, 1, 0, 81, 0, 0, 3, 1, 0, 243, 9, 197]
1552550953191;[171, 0, 17, 255, 161, 76, 221, 2, 77, 1, 0, 79, 0, 0, 3, 1, 0, 243, 9, 140]
1552550953192;[171, 0, 17, 255, 161, 76, 221, 2, 77, 1, 0, 81, 0, 0, 3, 1, 0, 243, 9, 74]
1552550953206;[171, 0, 17, 255, 161, 76, 221, 2, 77, 1, 0, 82, 0, 0, 3, 1, 0, 243, 9, 10]
1552550953356;[171, 0, 17, 255, 161, 76, 221, 2, 77, 1, 0, 80, 0, 0, 3, 1, 0, 243, 9, 21]
1552550953540;[171, 0, 4, 255, 132, 128, 66]
1552550953541;[171, 0, 17, 255, 161, 76, 221, 2, 77, 1, 0, 77, 0, 0, 5, 1, 0, 246, 9, 20]
1552550953708;[171, 0, 17, 255, 161, 76, 221, 2, 77, 1, 0, 77, 0, 0, 4, 1, 0, 243, 9, 4]
1552550953708;[171, 0, 17, 255, 161, 76, 221, 2, 77, 1, 0, 77, 0, 0, 3, 1, 0, 245, 8, 244]
1552550953875;[171, 0, 17, 255, 161, 76, 221, 2, 77, 1, 0, 77, 0, 0, 4, 1, 0, 246, 8, 222]
1552550953876;[171, 0, 17, 255, 161, 76, 221, 2, 78, 1, 0, 79, 0, 0, 3, 1, 0, 247, 8, 179]
1552550954058;[171, 0, 17, 255, 161, 76, 221, 2, 78, 1, 0, 81, 0, 0, 3, 1, 0, 243, 8, 140]
1552550954225;[171, 0, 17, 255, 161, 76, 221, 2, 78, 1, 0, 82, 0, 0, 3, 1, 0, 243, 8, 82]
1552550954226;[171, 0, 17, 255, 161, 76, 221, 2, 78, 1, 0, 81, 0, 0, 4, 1, 0, 245, 8, 49]
1552550954575;[171, 0, 17, 255, 161, 76, 221, 2, 78, 1, 0, 79, 0, 0, 4, 1, 0, 245, 8, 38]
1552550954576;[171, 0, 17, 255, 161, 76, 221, 2, 78, 1, 0, 79, 0, 0, 3, 1, 0, 246, 8, 20]
1552550954576;[171, 0, 4, 255, 132, 128, 67]
1552550954743;[171, 0, 17, 255, 161, 76, 221, 2, 78, 1, 0, 79, 0, 0, 3, 1, 0, 243, 7, 251]
1552550954743;[171, 0, 17, 255, 161, 76, 221, 2, 78, 1, 0, 79, 0, 0, 2, 1, 0, 243, 7, 220]
1552550954910;[171, 0, 17, 255, 161, 76, 221, 2, 78, 1, 0, 77, 0, 0, 2, 1, 0, 246, 7, 181]
1552550954911;[171, 0, 17, 255, 161, 76, 221, 2, 78, 1, 0, 82, 0, 0, 4, 1, 0, 243, 7, 135]
1552550955094;[171, 0, 17, 255, 161, 76, 221, 2, 79, 1, 0, 82, 0, 0, 2, 1, 0, 243, 7, 82]
1552550955094;[171, 0, 17, 255, 161, 76, 221, 2, 79, 1, 0, 81, 0, 0, 4, 1, 0, 247, 7, 17]
1552550955261;[171, 0, 17, 255, 161, 76, 221, 2, 79, 1, 0, 82, 0, 0, 3, 1, 0, 248, 6, 249]
1552550955428;[171, 0, 17, 255, 161, 76, 221, 2, 79, 1, 0, 82, 0, 0, 5, 1, 0, 248, 7, 0]
1552550955429;[171, 0, 17, 255, 161, 76, 221, 2, 79, 1, 0, 82, 0, 0, 4, 1, 0, 246, 6, 251]
1552550955612;[171, 0, 17, 255, 161, 76, 221, 2, 79, 1, 0, 82, 0, 0, 3, 1, 0, 243, 6, 231]
1552550955612;[171, 0, 4, 255, 132, 128, 67]
1552550955779;[171, 0, 17, 255, 161, 76, 221, 2, 79, 1, 0, 82, 0, 0, 3, 1, 0, 242, 6, 219]
1552550955780;[171, 0, 17, 255, 161, 76, 221, 2, 79, 1, 0, 82, 0, 0, 2, 1, 0, 246, 6, 174]
1552550955946;[171, 0, 17, 255, 161, 76, 221, 2, 79, 1, 0, 82, 0, 0, 4, 1, 0, 243, 6, 136]
1552550956297;[171, 0, 17, 255, 161, 76, 221, 2, 79, 1, 0, 79, 0, 0, 3, 1, 0, 246, 6, 100]
1552550956297;[171, 0, 17, 255, 161, 76, 221, 2, 80, 1, 0, 79, 0, 0, 4, 1, 0, 245, 6, 49]
1552550956298;[171, 0, 17, 255, 161, 76, 221, 2, 80, 1, 0, 82, 0, 0, 3, 1, 0, 243, 6, 24]
1552550956298;[171, 0, 17, 255, 161, 76, 221, 2, 80, 1, 0, 79, 0, 0, 3, 1, 0, 245, 6, 35]
1552550956464;[171, 0, 17, 255, 161, 76, 221, 2, 80, 1, 0, 81, 0, 0, 4, 1, 0, 243, 6, 49]
1552550956648;[171, 0, 17, 255, 161, 76, 221, 2, 80, 1, 0, 82, 0, 0, 5, 1, 0, 245, 6, 37]
1552550956649;[171, 0, 17, 255, 161, 76, 221, 2, 80, 1, 0, 77, 0, 0, 4, 1, 0, 243, 6, 34]
1552550956815;[171, 0, 4, 255, 132, 128, 67]
1552550956816;[171, 0, 17, 255, 161, 76, 221, 2, 80, 1, 0, 79, 0, 0, 4, 1, 0, 245, 6, 15]
1552550956982;[171, 0, 17, 255, 161, 76, 221, 2, 80, 1, 0, 82, 0, 0, 3, 1, 0, 243, 5, 251]
1552550956982;[171, 0, 17, 255, 161, 76, 221, 2, 80, 1, 0, 75, 0, 0, 4, 1, 0, 243, 5, 227]
1552550957166;[171, 0, 17, 255, 161, 76, 221, 2, 80, 1, 0, 79, 0, 0, 4, 1, 0, 246, 5, 198]
1552550957333;[171, 0, 17, 255, 161, 76, 221, 2, 81, 1, 0, 77, 0, 0, 4, 1, 0, 243, 5, 171]
1552550957333;[171, 0, 17, 255, 161, 76, 221, 2, 81, 1, 0, 82, 0, 0, 4, 1, 0, 245, 5, 160]
1552550957500;[171, 0, 17, 255, 161, 76, 221, 2, 81, 1, 0, 77, 0, 0, 3, 1, 0, 245, 5, 190]
1552550957501;[171, 0, 17, 255, 161, 76, 221, 2, 81, 1, 0, 79, 0, 0, 3, 1, 0, 245, 5, 209]
1552550957684;[171, 0, 17, 255, 161, 76, 221, 2, 81, 1, 0, 81, 0, 0, 4, 1, 0, 245, 5, 212]
1552550957684;[171, 0, 17, 255, 161, 76, 221, 2, 81, 1, 0, 79, 0, 0, 3, 1, 0, 243, 5, 213]
1552550957851;[171, 0, 4, 255, 132, 128, 67]
1552550958018;[171, 0, 17, 255, 161, 76, 221, 2, 81, 1, 0, 79, 0, 0, 4, 1, 0, 245, 5, 202]
1552550958019;[171, 0, 17, 255, 161, 76, 221, 2, 81, 1, 0, 82, 0, 0, 3, 1, 0, 243, 5, 160]
1552550958185;[171, 0, 17, 255, 161, 76, 221, 2, 81, 1, 0, 83, 0, 0, 3, 1, 0, 243, 5, 141]
1552550958201;[171, 0, 17, 255, 161, 76, 221, 2, 81, 1, 0, 79, 0, 0, 5, 1, 0, 243, 5, 99]
1552550958369;[171, 0, 17, 255, 161, 76, 221, 2, 82, 1, 0, 82, 0, 0, 3, 1, 0, 243, 5, 73]
1552550958536;[171, 0, 17, 255, 161, 76, 221, 2, 82, 1, 0, 82, 0, 0, 3, 1, 0, 245, 5, 95]
1552550958536;[171, 0, 17, 255, 161, 76, 221, 2, 82, 1, 0, 82, 0, 0, 4, 1, 0, 243, 5, 115]
1552550958703;[171, 0, 17, 255, 161, 76, 221, 2, 82, 1, 0, 82, 0, 0, 3, 1, 0, 247, 5, 118]
1552550958720;[171, 0, 17, 255, 161, 76, 221, 2, 82, 1, 0, 77, 0, 0, 3, 1, 0, 242, 5, 128]
1552550958887;[171, 0, 17, 255, 161, 76, 221, 2, 82, 1, 0, 79, 0, 0, 5, 1, 0, 246, 5, 123]
1552550958888;[171, 0, 4, 255, 132, 128, 67]
1552550959054;[171, 0, 17, 255, 161, 76, 221, 2, 82, 1, 0, 79, 0, 0, 6, 1, 0, 243, 5, 107]
1552550959221;[171, 0, 17, 255, 161, 76, 221, 2, 82, 1, 0, 79, 0, 0, 3, 1, 0, 247, 5, 80]
1552550959237;[171, 0, 17, 255, 161, 76, 221, 2, 82, 1, 0, 83, 0, 0, 3, 1, 0, 245, 5, 45]
1552550959405;[171, 0, 17, 255, 161, 76, 221, 2, 82, 1, 0, 82, 0, 0, 3, 1, 0, 248, 5, 13]
1552550959572;[171, 0, 17, 255, 161, 76, 221, 2, 83, 1, 0, 79, 0, 0, 4, 1, 0, 246, 4, 242]
1552550959739;[171, 0, 17, 255, 161, 76, 221, 2, 83, 1, 0, 77, 0, 0, 4, 1, 0, 247, 5, 4]
1552550959755;[171, 0, 17, 255, 161, 76, 221, 2, 83, 1, 0, 82, 0, 0, 1, 1, 0, 243, 5, 22]
1552550959756;[171, 0, 17, 255, 161, 76, 221, 2, 83, 1, 0, 83, 0, 0, 4, 1, 0, 243, 5, 44]
1552550959923;[171, 0, 17, 255, 161, 76, 221, 2, 83, 1, 0, 79, 0, 0, 3, 1, 0, 246, 5, 57]
1552550959923;[171, 0, 17, 255, 161, 76, 221, 2, 83, 1, 0, 79, 0, 0, 3, 1, 0, 243, 5, 73]
1552550960090;[171, 0, 4, 255, 132, 128, 67]
1552550960091;[171, 0, 17, 255, 161, 76, 221, 2, 83, 1, 0, 81, 0, 0, 4, 1, 0, 248, 5, 66]
1552550960257;[171, 0, 17, 255, 161, 76, 221, 2, 83, 1, 0, 80, 0, 0, 4, 1, 0, 246, 5, 50]
1552550960441;[171, 0, 17, 255, 161, 76, 221, 2, 83, 1, 0, 82, 0, 0, 3, 1, 0, 243, 5, 27]
1552550960441;[171, 0, 17, 255, 161, 76, 221, 2, 83, 1, 0, 77, 0, 0, 4, 1, 0, 249, 5, 9]
1552550960608;[171, 0, 17, 255, 161, 76, 221, 2, 84, 1, 0, 77, 0, 0, 3, 1, 0, 244, 4, 235]
1552550960608;[171, 0, 17, 255, 161, 76, 221, 2, 84, 1, 0, 79, 0, 0, 4, 1, 0, 247, 4, 232]
1552550960775;[171, 0, 17, 255, 161, 76, 221, 2, 84, 1, 0, 81, 0, 0, 4, 1, 0, 243, 5, 14]
1552550960776;[171, 0, 17, 255, 161, 76, 221, 2, 84, 1, 0, 81, 0, 0, 1, 1, 0, 246, 5, 45]
1552550960959;[171, 0, 17, 255, 161, 76, 221, 2, 84, 1, 0, 81, 0, 0, 3, 1, 0, 242, 5, 42]
1552550961125;[171, 0, 17, 255, 161, 76, 221, 2, 84, 1, 0, 82, 0, 0, 1, 1, 0, 248, 5, 45]
1552550961126;[171, 0, 4, 255, 132, 128, 67]
1552550961293;[171, 0, 17, 255, 161, 76, 221, 2, 84, 1, 0, 80, 0, 0, 3, 1, 0, 243, 5, 32]
1552550961293;[171, 0, 17, 255, 161, 76, 221, 2, 84, 1, 0, 79, 0, 0, 3, 1, 0, 244, 5, 4]
1552550961644;[171, 0, 17, 255, 161, 76, 221, 2, 84, 1, 0, 81, 0, 0, 3, 1, 0, 247, 4, 225]
1552550961645;[171, 0, 17, 255, 161, 76, 221, 2, 84, 1, 0, 79, 0, 0, 3, 1, 0, 248, 4, 188]
1552550961645;[171, 0, 17, 255, 161, 76, 221, 2, 85, 1, 0, 82, 0, 0, 4, 1, 0, 243, 4, 189]
1552550961811;[171, 0, 17, 255, 161, 76, 221, 2, 85, 1, 0, 75, 0, 0, 6, 1, 0, 243, 4, 218]
1552550961812;[171, 0, 17, 255, 161, 76, 221, 2, 85, 1, 0, 83, 0, 0, 3, 1, 0, 242, 4, 215]
1552550962162;[171, 0, 17, 255, 161, 76, 221, 2, 85, 1, 0, 82, 0, 0, 2, 1, 0, 243, 4, 213]
1552550962162;[171, 0, 17, 255, 161, 76, 221, 2, 85, 1, 0, 82, 0, 0, 3, 1, 0, 242, 4, 209]
1552550962163;[171, 0, 17, 255, 161, 76, 221, 2, 85, 1, 0, 82, 0, 0, 4, 1, 0, 246, 4, 198]
1552550962329;[171, 0, 4, 255, 132, 128, 67]
1552550962330;[171, 0, 17, 255, 161, 76, 221, 2, 85, 1, 0, 83, 0, 0, 3, 1, 0, 242, 4, 184]
1552550962512;[171, 0, 17, 255, 161, 76, 221, 2, 85, 1, 0, 82, 0, 0, 4, 1, 0, 247, 4, 156]
1552550962513;[171, 0, 17, 255, 161, 76, 221, 2, 85, 1, 0, 80, 0, 0, 3, 1, 0, 245, 4, 122]
1552550962680;[171, 0, 17, 255, 161, 76, 221, 2, 85, 1, 0, 79, 0, 0, 3, 1, 0, 243, 4, 112]
1552550962681;[171, 0, 17, 255, 161, 76, 221, 2, 86, 1, 0, 82, 0, 0, 4, 1, 0, 243, 4, 141]
1552550963030;[171, 0, 17, 255, 161, 76, 221, 2, 86, 1, 0, 82, 0, 0, 3, 1, 0, 243, 4, 162]
1552550963031;[171, 0, 17, 255, 161, 76, 221, 2, 86, 1, 0, 82, 0, 0, 3, 1, 0, 243, 4, 170]
1552550963032;[171, 0, 17, 255, 161, 76, 221, 2, 86, 1, 0, 77, 0, 0, 5, 1, 0, 246, 4, 165]
1552550963198;[171, 0, 17, 255, 161, 76, 221, 2, 86, 1, 0, 79, 0, 0, 3, 1, 0, 243, 4, 154]
1552550963198;[171, 0, 17, 255, 161, 76, 221, 2, 86, 1, 0, 79, 0, 0, 4, 1, 0, 243, 4, 137]
1552550963365;[171, 0, 4, 255, 132, 128, 67]
1552550963549;[171, 0, 17, 255, 161, 76, 221, 2, 86, 1, 0, 82, 0, 0, 4, 1, 0, 242, 4, 104]
1552550963549;[171, 0, 17, 255, 161, 76, 221, 2, 86, 1, 0, 79, 0, 0, 6, 1, 0, 243, 4, 75]
1552550963716;[171, 0, 17, 255, 161, 76, 221, 2, 86, 1, 0, 79, 0, 0, 6, 1, 0, 245, 4, 47]
1552550963716;[171, 0, 17, 255, 161, 76, 221, 2, 86, 1, 0, 81, 0, 0, 3, 1, 0, 242, 4, 86]
1552550963883;[171, 0, 17, 255, 161, 76, 221, 2, 87, 1, 0, 81, 0, 0, 4, 1, 0, 245, 4, 112]
1552550963884;[171, 0, 17, 255, 161, 76, 221, 2, 87, 1, 0, 82, 0, 0, 5, 1, 0, 245, 4, 130]
1552550964067;[171, 0, 17, 255, 161, 76, 221, 2, 87, 1, 0, 82, 0, 0, 5, 1, 0, 245, 4, 156]
1552550964234;[171, 0, 17, 255, 161, 76, 221, 2, 87, 1, 0, 75, 0, 0, 4, 1, 0, 243, 4, 158]
1552550964234;[171, 0, 17, 255, 161, 76, 221, 2, 87, 1, 0, 79, 0, 0, 3, 1, 0, 248, 4, 148]
1552550964401;[171, 0, 17, 255, 161, 76, 221, 2, 87, 1, 0, 81, 0, 0, 5, 1, 0, 245, 4, 135]
1552550964401;[171, 0, 4, 255, 132, 128, 66]
1552550964568;[171, 0, 17, 255, 161, 76, 221, 2, 87, 1, 0, 82, 0, 0, 3, 1, 0, 246, 4, 112]
1552550964584;[171, 0, 17, 255, 161, 76, 221, 2, 87, 1, 0, 82, 0, 0, 3, 1, 0, 248, 4, 94]
1552550964751;[171, 0, 17, 255, 161, 76, 221, 2, 87, 1, 0, 82, 0, 0, 3, 1, 0, 245, 4, 103]
1552550964919;[171, 0, 17, 255, 161, 76, 221, 2, 87, 1, 0, 81, 0, 0, 3, 1, 0, 243, 4, 127]
1552550964919;[171, 0, 17, 255, 161, 76, 221, 2, 88, 1, 0, 81, 0, 0, 3, 1, 0, 245, 4, 136]
1552550965103;[171, 0, 17, 255, 161, 76, 221, 2, 88, 1, 0, 79, 0, 0, 1, 1, 0, 244, 4, 132]
1552550965103;[171, 0, 17, 255, 161, 76, 221, 2, 88, 1, 0, 79, 0, 0, 4, 1, 0, 246, 4, 125]
1552550965270;[171, 0, 17, 255, 161, 76, 221, 2, 88, 1, 0, 82, 0, 0, 3, 1, 0, 242, 4, 102]
1552550965437;[171, 0, 17, 255, 161, 76, 221, 2, 88, 1, 0, 81, 0, 0, 5, 1, 0, 245, 4, 75]
1552550965437;[171, 0, 17, 255, 161, 76, 221, 2, 88, 1, 0, 81, 0, 0, 3, 1, 0, 245, 4, 43]
1552550965604;[171, 0, 4, 255, 132, 128, 66]
1552550965605;[171, 0, 17, 255, 161, 76, 221, 2, 88, 1, 0, 77, 0, 0, 3, 1, 0, 246, 4, 3]
1552550965788;[171, 0, 17, 255, 161, 76, 221, 2, 88, 1, 0, 82, 0, 0, 4, 1, 0, 243, 3, 249]
1552550965789;[171, 0, 17, 255, 161, 76, 221, 2, 88, 1, 0, 82, 0, 0, 4, 1, 0, 245, 4, 21]
1552550965954;[171, 0, 17, 255, 161, 76, 221, 2, 88, 1, 0, 79, 0, 0, 6, 1, 0, 245, 4, 42]
1552550966121;[171, 0, 17, 255, 161, 76, 221, 2, 89, 1, 0, 79, 0, 0, 4, 1, 0, 245, 4, 57]
1552550966122;[171, 0, 17, 255, 161, 76, 221, 2, 89, 1, 0, 80, 0, 0, 3, 1, 0, 243, 4, 59]
1552550966306;[171, 0, 17, 255, 161, 76, 221, 2, 89, 1, 0, 82, 0, 0, 3, 1, 0, 243, 4, 44]
1552550966306;[171, 0, 17, 255, 161, 76, 221, 2, 89, 1, 0, 81, 0, 0, 3, 1, 0, 243, 4, 24]
1552550966472;[171, 0, 17, 255, 161, 76, 221, 2, 89, 1, 0, 82, 0, 0, 4, 1, 0, 243, 4, 2]
1552550966472;[171, 0, 17, 255, 161, 76, 221, 2, 89, 1, 0, 82, 0, 0, 3, 1, 0, 248, 3, 230]
1552550966639;[171, 0, 4, 255, 132, 128, 66]
1552550966823;[171, 0, 17, 255, 161, 76, 221, 2, 89, 1, 0, 83, 0, 0, 4, 1, 0, 246, 3, 195]
1552550966824;[171, 0, 17, 255, 161, 76, 221, 2, 89, 1, 0, 81, 0, 0, 4, 1, 0, 245, 3, 208]
1552550966990;[171, 0, 17, 255, 161, 76, 221, 2, 89, 1, 0, 82, 0, 0, 3, 1, 0, 243, 3, 237]
1552550966990;[171, 0, 17, 255, 161, 76, 221, 2, 89, 1, 0, 82, 0, 0, 3, 1, 0, 243, 3, 248]
1552550967157;[171, 0, 17, 255, 161, 76, 221, 2, 90, 1, 0, 81, 0, 0, 3, 1, 0, 243, 4, 5]
1552550967341;[171, 0, 17, 255, 161, 76, 221, 2, 90, 1, 0, 79, 0, 0, 5, 1, 0, 243, 3, 251]
1552550967341;[171, 0, 17, 255, 161, 76, 221, 2, 90, 1, 0, 79, 0, 0, 4, 1, 0, 247, 3, 242]
1552550967676;[171, 0, 17, 255, 161, 76, 221, 2, 90, 1, 0, 82, 0, 0, 4, 1, 0, 248, 3, 240]
1552550967676;[171, 0, 17, 255, 161, 76, 221, 2, 90, 1, 0, 82, 0, 0, 4, 1, 0, 241, 3, 228]
1552550967692;[171, 0, 17, 255, 161, 76, 221, 2, 90, 1, 0, 82, 0, 0, 3, 1, 0, 245, 3, 208]
1552550967692;[171, 0, 4, 255, 132, 128, 65]
1552550967859;[171, 0, 17, 255, 161, 76, 221, 2, 90, 1, 0, 79, 0, 0, 6, 1, 0, 246, 3, 206]
1552550968026;[171, 0, 17, 255, 161, 76, 221, 2, 90, 1, 0, 79, 0, 0, 6, 1, 0, 248, 3, 229]
1552550968026;[171, 0, 17, 255, 161, 76, 221, 2, 90, 1, 0, 77, 0, 0, 2, 1, 0, 243, 4, 4]
1552550968193;[171, 0, 17, 255, 161, 76, 221, 2, 90, 1, 0, 79, 0, 0, 1, 1, 0, 243, 4, 4]
1552550968194;[171, 0, 17, 255, 161, 76, 221, 2, 91, 1, 0, 83, 0, 0, 4, 1, 0, 243, 4, 4]
1552550968377;[171, 0, 17, 255, 161, 76, 221, 2, 91, 1, 0, 79, 0, 0, 2, 1, 0, 244, 4, 8]
1552550968544;[171, 0, 17, 255, 161, 76, 221, 2, 91, 1, 0, 82, 0, 0, 3, 1, 0, 242, 3, 255]
1552550968545;[171, 0, 17, 255, 161, 76, 221, 2, 91, 1, 0, 81, 0, 0, 3, 1, 0, 244, 3, 237]
1552550968711;[171, 0, 17, 255, 161, 76, 221, 2, 91, 1, 0, 85, 0, 0, 3, 1, 0, 247, 3, 220]
1552550968712;[171, 0, 17, 255, 161, 76, 221, 2, 91, 1, 0, 82, 0, 0, 4, 1, 0, 243, 3, 224]
1552550968895;[171, 0, 4, 255, 132, 128, 65]
1552550968896;[171, 0, 17, 255, 161, 76, 221, 2, 91, 1, 0, 83, 0, 0, 4, 1, 0, 243, 3, 238]
1552550969062;[171, 0, 17, 255, 161, 76, 221, 2, 91, 1, 0, 82, 0, 0, 5, 1, 0, 243, 4, 15]
1552550969229;[171, 0, 17, 255, 161, 76, 221, 2, 91, 1, 0, 80, 0, 0, 5, 1, 0, 246, 4, 16]
1552550969230;[171, 0, 17, 255, 161, 76, 221, 2, 91, 1, 0, 81, 0, 0, 3, 1, 0, 245, 4, 21]
1552550969413;[171, 0, 17, 255, 161, 76, 221, 2, 92, 1, 0, 83, 0, 0, 3, 1, 0, 243, 3, 250]
1552550969414;[171, 0, 17, 255, 161, 76, 221, 2, 92, 1, 0, 83, 0, 0, 0, 1, 0, 246, 3, 219]
1552550969581;[171, 0, 17, 255, 161, 76, 221, 2, 92, 1, 0, 82, 0, 0, 4, 1, 0, 243, 3, 195]
1552550969581;[171, 0, 17, 255, 161, 76, 221, 2, 92, 1, 0, 82, 0, 0, 3, 1, 0, 245, 3, 194]
1552550969915;[171, 0, 17, 255, 161, 76, 221, 2, 92, 1, 0, 82, 0, 0, 4, 1, 0, 244, 3, 235]
1552550969931;[171, 0, 17, 255, 161, 76, 221, 2, 92, 1, 0, 79, 0, 0, 4, 1, 0, 243, 4, 9]
1552550969931;[171, 0, 4, 255, 132, 128, 65]
1552550970098;[171, 0, 17, 255, 161, 76, 221, 2, 92, 1, 0, 82, 0, 0, 3, 1, 0, 243, 4, 0]
1552550970099;[171, 0, 17, 255, 161, 76, 221, 2, 92, 1, 0, 79, 0, 0, 3, 1, 0, 243, 4, 13]
1552550970265;[171, 0, 17, 255, 161, 76, 221, 2, 92, 1, 0, 82, 0, 0, 3, 1, 0, 243, 4, 11]
1552550970449;[171, 0, 17, 255, 161, 76, 221, 2, 92, 1, 0, 82, 0, 0, 4, 1, 0, 243, 3, 254]
1552550970449;[171, 0, 17, 255, 161, 76, 221, 2, 93, 1, 0, 79, 0, 0, 5, 1, 0, 248, 3, 228]
1552550970616;[171, 0, 17, 255, 161, 76, 221, 2, 93, 1, 0, 79, 0, 0, 3, 1, 0, 246, 3, 199]
1552550970616;[171, 0, 17, 255, 161, 76, 221, 2, 93, 1, 0, 80, 0, 0, 4, 1, 0, 243, 3, 194]
1552550970783;[171, 0, 17, 255, 161, 76, 221, 2, 93, 1, 0, 81, 0, 0, 4, 1, 0, 245, 3, 232]
1552550970783;[171, 0, 17, 255, 161, 76, 221, 2, 93, 1, 0, 82, 0, 0, 4, 1, 0, 246, 4, 10]
1552550970950;[171, 0, 17, 255, 161, 76, 221, 2, 93, 1, 0, 77, 0, 0, 5, 1, 0, 245, 4, 28]
1552550971134;[171, 0, 4, 255, 132, 128, 65]
1552550971135;[171, 0, 17, 255, 161, 76, 221, 2, 93, 1, 0, 81, 0, 0, 6, 1, 0, 243, 4, 35]
1552550971301;[171, 0, 17, 255, 161, 76, 221, 2, 93, 1, 0, 79, 0, 0, 4, 1, 0, 243, 4, 17]
1552550971302;[171, 0, 17, 255, 161, 76, 221, 2, 93, 1, 0, 83, 0, 0, 3, 1, 0, 242, 4, 9]
1552550971469;[171, 0, 17, 255, 161, 76, 221, 2, 93, 1, 0, 81, 0, 0, 5, 1, 0, 245, 3, 252]
1552550971485;[171, 0, 17, 255, 161, 76, 221, 2, 94, 1, 0, 81, 0, 0, 4, 1, 0, 244, 3, 225]
1552550971652;[171, 0, 17, 255, 161, 76, 221, 2, 94, 1, 0, 82, 0, 0, 5, 1, 0, 243, 3, 224]
1552550971819;[171, 0, 17, 255, 161, 76, 221, 2, 94, 1, 0, 82, 0, 0, 2, 1, 0, 245, 3, 255]
1552550971819;[171, 0, 17, 255, 161, 76, 221, 2, 94, 1, 0, 82, 0, 0, 4, 1, 0, 243, 3, 250]
1552550971986;[171, 0, 17, 255, 161, 76, 221, 2, 94, 1, 0, 82, 0, 0, 3, 1, 0, 243, 3, 255]
1552550972170;[171, 0, 17, 255, 161, 76, 221, 2, 96, 1, 0, 79, 0, 0, 6, 1, 0, 246, 3, 76]
1552550972337;[171, 0, 17, 255, 161, 76, 221, 2, 96, 1, 0, 79, 0, 0, 4, 1, 0, 245, 3, 52]
1552550972337;[171, 0, 17, 255, 161, 76, 221, 2, 96, 1, 0, 77, 0, 0, 4, 1, 0, 245, 3, 25]
1552550972504;[171, 0, 17, 255, 161, 76, 221, 2, 96, 1, 0, 75, 0, 0, 3, 1, 0, 245, 3, 44]
1552550972688;[171, 0, 17, 255, 161, 76, 221, 2, 97, 1, 0, 81, 0, 0, 4, 1, 0, 248, 3, 49]
1552550972689;[171, 0, 17, 255, 161, 76, 221, 2, 97, 1, 0, 82, 0, 0, 4, 1, 0, 242, 3, 50]
1552550972855;[171, 0, 17, 255, 161, 76, 221, 2, 97, 1, 0, 79, 0, 0, 3, 1, 0, 247, 3, 48]
1552550973022;[171, 0, 17, 255, 161, 76, 221, 2, 97, 1, 0, 81, 0, 0, 3, 1, 0, 243, 3, 30]
1552550973023;[171, 0, 17, 255, 161, 76, 221, 2, 97, 1, 0, 82, 0, 0, 4, 1, 0, 245, 3, 10]
1552550973206;[171, 0, 17, 255, 161, 76, 221, 2, 97, 1, 0, 82, 0, 0, 5, 1, 0, 245, 2, 238]
1552550973206;[171, 0, 4, 255, 132, 128, 65]
1552550973373;[171, 0, 17, 255, 161, 76, 221, 2, 97, 1, 0, 79, 0, 0, 3, 1, 0, 245, 2, 208]
1552550973373;[171, 0, 17, 255, 161, 76, 221, 2, 97, 1, 0, 79, 0, 0, 4, 1, 0, 246, 2, 185]
1552550973540;[171, 0, 17, 255, 161, 76, 221, 2, 97, 1, 0, 82, 0, 0, 3, 1, 0, 243, 2, 199]
1552550973724;[171, 0, 17, 255, 161, 76, 221, 2, 97, 1, 0, 82, 0, 0, 2, 1, 0, 246, 2, 217]
1552550973725;[171, 0, 17, 255, 161, 76, 221, 2, 98, 1, 0, 82, 0, 0, 2, 1, 0, 242, 2, 215]
1552550973891;[171, 0, 17, 255, 161, 76, 221, 2, 98, 1, 0, 82, 0, 0, 6, 1, 0, 246, 2, 214]
1552550973892;[171, 0, 17, 255, 161, 76, 221, 2, 98, 1, 0, 81, 0, 0, 3, 1, 0, 249, 2, 201]
1552550974058;[171, 0, 17, 255, 161, 76, 221, 2, 98, 1, 0, 82, 0, 0, 2, 1, 0, 243, 2, 186]
1552550974242;[171, 0, 17, 255, 161, 76, 221, 2, 98, 1, 0, 82, 0, 0, 6, 1, 0, 243, 2, 158]
1552550974243;[171, 0, 17, 255, 161, 76, 221, 2, 98, 1, 0, 79, 0, 0, 4, 1, 0, 243, 2, 128]
1552550974409;[171, 0, 4, 255, 132, 128, 65]
1552550974410;[171, 0, 17, 255, 161, 76, 221, 2, 98, 1, 0, 82, 0, 0, 3, 1, 0, 243, 2, 104]
1552550974575;[171, 0, 17, 255, 161, 76, 221, 2, 98, 1, 0, 75, 0, 0, 3, 1, 0, 242, 2, 123]
1552550974576;[171, 0, 17, 255, 161, 76, 221, 2, 98, 1, 0, 77, 0, 0, 4, 1, 0, 245, 2, 145]
1552550974760;[171, 0, 17, 255, 161, 76, 221, 2, 98, 1, 0, 79, 0, 0, 3, 1, 0, 246, 2, 148]
1552550974926;[171, 0, 17, 255, 161, 76, 221, 2, 99, 1, 0, 80, 0, 0, 3, 1, 0, 245, 2, 151]
1552550974927;[171, 0, 17, 255, 161, 76, 221, 2, 99, 1, 0, 79, 0, 0, 3, 1, 0, 243, 2, 144]
1552550975094;[171, 0, 17, 255, 161, 76, 221, 2, 99, 1, 0, 82, 0, 0, 3, 1, 0, 243, 2, 143]
1552550975094;[171, 0, 17, 255, 161, 76, 221, 2, 99, 1, 0, 82, 0, 0, 3, 1, 0, 243, 2, 127]
1552550975277;[171, 0, 17, 255, 161, 76, 221, 2, 99, 1, 0, 77, 0, 0, 4, 1, 0, 246, 2, 112]
1552550975445;[171, 0, 17, 255, 161, 76, 221, 2, 99, 1, 0, 81, 0, 0, 5, 1, 0, 246, 2, 86]
1552550975612;[171, 0, 4, 255, 132, 128, 65]
1552550975613;[171, 0, 17, 255, 161, 76, 221, 2, 99, 1, 0, 82, 0, 0, 2, 1, 0, 248, 2, 92]
1552550975614;[171, 0, 17, 255, 161, 76, 221, 2, 99, 1, 0, 79, 0, 0, 4, 1, 0, 242, 2, 107]
1552550975796;[171, 0, 17, 255, 161, 76, 221, 2, 99, 1, 0, 81, 0, 0, 3, 1, 0, 243, 2, 109]
1552550975797;[171, 0, 17, 255, 161, 76, 221, 2, 100, 1, 0, 78, 0, 0, 4, 1, 0, 245, 2, 102]
1552550975963;[171, 0, 17, 255, 161, 76, 221, 2, 100, 1, 0, 77, 0, 0, 3, 1, 0, 244, 2, 91]
1552550976130;[171, 0, 17, 255, 161, 76, 221, 2, 100, 1, 0, 80, 0, 0, 4, 1, 0, 247, 2, 67]
1552550976131;[171, 0, 17, 255, 161, 76, 221, 2, 100, 1, 0, 80, 0, 0, 4, 1, 0, 245, 2, 42]
1552550976481;[171, 0, 17, 255, 161, 76, 221, 2, 100, 1, 0, 82, 0, 0, 6, 1, 0, 243, 2, 12]
1552550976482;[171, 0, 17, 255, 161, 76, 221, 2, 100, 1, 0, 79, 0, 0, 4, 1, 0, 246, 2, 10]
1552550976483;[171, 0, 17, 255, 161, 76, 221, 2, 100, 1, 0, 82, 0, 0, 4, 1, 0, 243, 2, 31]
1552550976483;[171, 0, 4, 255, 132, 128, 66]
1552550976648;[171, 0, 17, 255, 161, 76, 221, 2, 100, 1, 0, 79, 0, 0, 4, 1, 0, 243, 2, 31]
1552550976815;[171, 0, 17, 255, 161, 76, 221, 2, 100, 1, 0, 75, 0, 0, 3, 1, 0, 243, 2, 27]
1552550976832;[171, 0, 17, 255, 161, 76, 221, 2, 100, 1, 0, 83, 0, 0, 4, 1, 0, 242, 2, 27]
1552550976999;[171, 0, 17, 255, 161, 76, 221, 2, 101, 1, 0, 82, 0, 0, 5, 1, 0, 243, 2, 6]
1552550976999;[171, 0, 17, 255, 161, 76, 221, 2, 101, 1, 0, 81, 0, 0, 4, 1, 0, 246, 1, 241]
1552550977165;[171, 0, 17, 255, 161, 76, 221, 2, 101, 1, 0, 77, 0, 0, 3, 1, 0, 243, 1, 223]
1552550977334;[171, 0, 17, 255, 161, 76, 221, 2, 101, 1, 0, 77, 0, 0, 3, 1, 0, 247, 1, 191]
1552550977350;[171, 0, 17, 255, 161, 76, 221, 2, 101, 1, 0, 83, 0, 0, 4, 1, 0, 244, 1, 167]
1552550977518;[171, 0, 17, 255, 161, 76, 221, 2, 101, 1, 0, 82, 0, 0, 3, 1, 0, 245, 1, 179]
1552550977518;[171, 0, 17, 255, 161, 76, 221, 2, 101, 1, 0, 79, 0, 0, 4, 1, 0, 243, 1, 198]
1552550977684;[171, 0, 4, 255, 132, 128, 66]
1552550977685;[171, 0, 17, 255, 161, 76, 221, 2, 101, 1, 0, 81, 0, 0, 3, 1, 0, 249, 1, 224]
1552550977851;[171, 0, 17, 255, 161, 76, 221, 2, 101, 1, 0, 77, 0, 0, 3, 1, 0, 245, 1, 233]
1552550978034;[171, 0, 17, 255, 161, 76, 221, 2, 101, 1, 0, 79, 0, 0, 4, 1, 0, 243, 1, 240]
1552550978035;[171, 0, 17, 255, 161, 76, 221, 2, 102, 1, 0, 81, 0, 0, 4, 1, 0, 243, 1, 236]
1552550978202;[171, 0, 17, 255, 161, 76, 221, 2, 102, 1, 0, 81, 0, 0, 3, 1, 0, 246, 1, 225]
1552550978202;[171, 0, 17, 255, 161, 76, 221, 2, 102, 1, 0, 79, 0, 0, 4, 1, 0, 242, 1, 219]
1552550978369;[171, 0, 17, 255, 161, 76, 221, 2, 102, 1, 0, 82, 0, 0, 4, 1, 0, 245, 1, 199]
1552550978385;[171, 0, 17, 255, 161, 76, 221, 2, 102, 1, 0, 77, 0, 0, 4, 1, 0, 249, 1, 203]
1552550978720;[171, 0, 17, 255, 161, 76, 221, 2, 102, 1, 0, 79, 0, 0, 4, 1, 0, 246, 1, 220]
1552550978720;[171, 0, 17, 255, 161, 76, 221, 2, 102, 1, 0, 75, 0, 0, 2, 1, 0, 245, 1, 233]
1552550978721;[171, 0, 4, 255, 132, 128, 66]
1552550978886;[171, 0, 17, 255, 161, 76, 221, 2, 102, 1, 0, 81, 0, 0, 4, 1, 0, 249, 1, 235]
1552550978887;[171, 0, 17, 255, 161, 76, 221, 2, 102, 1, 0, 82, 0, 0, 5, 1, 0, 243, 1, 231]
1552550979071;[171, 0, 17, 255, 161, 76, 221, 2, 102, 1, 0, 80, 0, 0, 3, 1, 0, 243, 1, 222]
1552550979238;[171, 0, 17, 255, 161, 76, 221, 2, 103, 1, 0, 79, 0, 0, 4, 1, 0, 243, 1, 201]
1552550979238;[171, 0, 17, 255, 161, 76, 221, 2, 103, 1, 0, 81, 0, 0, 3, 1, 0, 247, 1, 176]
1552550979405;[171, 0, 17, 255, 161, 76, 221, 2, 103, 1, 0, 82, 0, 0, 3, 1, 0, 246, 1, 144]
1552550979406;[171, 0, 17, 255, 161, 76, 221, 2, 103, 1, 0, 82, 0, 0, 2, 1, 0, 246, 1, 134]
1552550979756;[171, 0, 17, 255, 161, 76, 221, 2, 103, 1, 0, 82, 0, 0, 3, 1, 0, 243, 1, 151]
1552550979923;[171, 0, 17, 255, 161, 76, 221, 2, 103, 1, 0, 82, 0, 0, 3, 1, 0, 249, 1, 154]
1552550980106;[171, 0, 17, 255, 161, 76, 221, 2, 103, 1, 0, 77, 0, 0, 2, 1, 0, 246, 1, 152]
1552550980107;[171, 0, 4, 255, 132, 128, 66]
1552550980108;[171, 0, 17, 255, 161, 76, 221, 2, 103, 1, 0, 79, 0, 0, 4, 1, 0, 246, 1, 148]
1552550980108;[171, 0, 17, 255, 161, 76, 221, 2, 103, 1, 0, 79, 0, 0, 3, 1, 0, 246, 1, 132]
1552550980109;[171, 0, 17, 255, 161, 76, 221, 2, 103, 1, 0, 81, 0, 0, 4, 1, 0, 243, 1, 109]
1552550980274;[171, 0, 17, 255, 161, 76, 221, 2, 104, 1, 0, 79, 0, 0, 6, 1, 0, 248, 1, 94]
1552550980274;[171, 0, 17, 255, 161, 76, 221, 2, 104, 1, 0, 79, 0, 0, 4, 1, 0, 243, 1, 55]
1552550980441;[171, 0, 17, 255, 161, 76, 221, 2, 104, 1, 0, 82, 0, 0, 3, 1, 0, 245, 1, 56]
1552550980624;[171, 0, 17, 255, 161, 76, 221, 2, 104, 1, 0, 79, 0, 0, 4, 1, 0, 246, 1, 75]
1552550980625;[171, 0, 17, 255, 161, 76, 221, 2, 104, 1, 0, 81, 0, 0, 5, 1, 0, 243, 1, 96]
1552550980792;[171, 0, 17, 255, 161, 76, 221, 2, 104, 1, 0, 81, 0, 0, 3, 1, 0, 245, 1, 92]
1552550980792;[171, 0, 17, 255, 161, 76, 221, 2, 104, 1, 0, 82, 0, 0, 3, 1, 0, 243, 1, 102]
1552550980959;[171, 0, 4, 255, 132, 128, 66]
1552550981309;[171, 0, 17, 255, 161, 76, 221, 2, 104, 1, 0, 82, 0, 0, 5, 1, 0, 242, 1, 89]
1552550981310;[171, 0, 17, 255, 161, 76, 221, 2, 104, 1, 0, 79, 0, 0, 4, 1, 0, 246, 1, 85]
1552550981310;[171, 0, 17, 255, 161, 76, 221, 2, 104, 1, 0, 81, 0, 0, 3, 1, 0, 248, 1, 62]
1552550981310;[171, 0, 17, 255, 161, 76, 221, 2, 105, 1, 0, 82, 0, 0, 4, 1, 0, 246, 1, 36]
1552550981476;[171, 0, 17, 255, 161, 76, 221, 2, 105, 1, 0, 75, 0, 0, 4, 1, 0, 247, 1, 32]
1552550981476;[171, 0, 17, 255, 161, 76, 221, 2, 105, 1, 0, 80, 0, 0, 3, 1, 0, 246, 1, 46]
1552550981827;[171, 0, 17, 255, 161, 76, 221, 2, 105, 1, 0, 77, 0, 0, 3, 1, 0, 247, 1, 53]
1552550981828;[171, 0, 17, 255, 161, 76, 221, 2, 105, 1, 0, 79, 0, 0, 3, 1, 0, 243, 1, 48]
1552550982178;[171, 0, 17, 255, 161, 76, 221, 2, 105, 1, 0, 81, 0, 0, 4, 1, 0, 243, 1, 36]
1552550982179;[171, 0, 17, 255, 161, 76, 221, 2, 105, 1, 0, 82, 0, 0, 4, 1, 0, 248, 1, 21]
1552550982179;[171, 0, 4, 255, 132, 128, 66]
1552550982180;[171, 0, 17, 255, 161, 76, 221, 2, 105, 1, 0, 79, 0, 0, 3, 1, 0, 249, 0, 252]
1552550982181;[171, 0, 17, 255, 161, 76, 221, 2, 105, 1, 0, 79, 0, 0, 3, 1, 0, 246, 0, 219]
1552550982511;[171, 0, 17, 255, 161, 76, 221, 2, 105, 1, 0, 74, 0, 0, 3, 1, 0, 245, 16, 193]
1552550982512;[171, 0, 17, 255, 161, 76, 221, 2, 106, 1, 0, 79, 0, 0, 4, 1, 0, 245, 7, 194]
1552550982512;[171, 0, 17, 255, 161, 76, 221, 2, 106, 1, 0, 77, 0, 0, 3, 1, 0, 248, 7, 210]
1552550982695;[171, 0, 17, 255, 161, 76, 221, 2, 106, 1, 0, 79, 0, 0, 3, 1, 0, 246, 7, 223]
1552550982696;[171, 0, 17, 255, 161, 76, 221, 2, 106, 1, 0, 79, 0, 0, 4, 1, 0, 242, 7, 225]
1552550982863;[171, 0, 17, 255, 161, 76, 221, 2, 106, 1, 0, 77, 0, 0, 2, 1, 0, 243, 7, 229]
1552550983029;[171, 0, 17, 255, 161, 76, 221, 2, 106, 1, 0, 77, 0, 0, 6, 1, 0, 246, 7, 221]
1552550983029;[171, 0, 17, 255, 161, 76, 221, 2, 106, 1, 0, 82, 0, 0, 3, 1, 0, 245, 7, 195]
1552550983214;[171, 0, 4, 255, 132, 128, 66]
1552550983215;[171, 0, 17, 255, 161, 76, 221, 2, 106, 1, 0, 79, 0, 0, 4, 1, 0, 243, 7, 180]
1552550983381;[171, 0, 17, 255, 161, 76, 221, 2, 106, 1, 0, 75, 0, 0, 3, 1, 0, 243, 7, 148]
1552550983381;[171, 0, 17, 255, 161, 76, 221, 2, 106, 1, 0, 77, 0, 0, 4, 1, 0, 243, 7, 135]
1552550983548;[171, 0, 17, 255, 161, 76, 221, 2, 107, 1, 0, 75, 0, 0, 4, 1, 0, 247, 7, 138]
1552550983716;[171, 0, 17, 255, 161, 76, 221, 2, 107, 1, 0, 81, 0, 0, 3, 1, 0, 243, 7, 156]
1552550983716;[171, 0, 17, 255, 161, 76, 221, 2, 107, 1, 0, 77, 0, 0, 4, 1, 0, 245, 7, 161]
1552550983898;[171, 0, 17, 255, 161, 76, 221, 2, 107, 1, 0, 79, 0, 0, 3, 1, 0, 248, 7, 169]
1552550983898;[171, 0, 17, 255, 161, 76, 221, 2, 107, 1, 0, 79, 0, 0, 3, 1, 0, 246, 7, 155]
1552550984066;[171, 0, 17, 255, 161, 76, 221, 2, 107, 1, 0, 77, 0, 0, 2, 1, 0, 245, 7, 136]
1552550984233;[171, 0, 17, 255, 161, 76, 221, 2, 107, 1, 0, 79, 0, 0, 3, 1, 0, 247, 7, 128]
1552550984234;[171, 0, 4, 255, 132, 128, 66]
1552550984416;[171, 0, 17, 255, 161, 76, 221, 2, 107, 1, 0, 79, 0, 0, 6, 1, 0, 243, 7, 108]
1552550984417;[171, 0, 17, 255, 161, 76, 221, 2, 107, 1, 0, 77, 0, 0, 6, 1, 0, 245, 7, 81]
1552550984583;[171, 0, 17, 255, 161, 76, 221, 2, 107, 1, 0, 81, 0, 0, 2, 1, 0, 246, 7, 85]
1552550984584;[171, 0, 17, 255, 161, 76, 221, 2, 108, 1, 0, 79, 0, 0, 3, 1, 0, 243, 7, 99]
1552550984750;[171, 0, 17, 255, 161, 76, 221, 2, 108, 1, 0, 77, 0, 0, 3, 1, 0, 243, 7, 110]
1552550984934;[171, 0, 17, 255, 161, 76, 221, 2, 108, 1, 0, 82, 0, 0, 4, 1, 0, 245, 7, 107]
1552550984935;[171, 0, 17, 255, 161, 76, 221, 2, 108, 1, 0, 79, 0, 0, 4, 1, 0, 245, 7, 112]
1552550985269;[171, 0, 17, 255, 161, 76, 221, 2, 108, 1, 0, 75, 0, 0, 4, 1, 0, 246, 7, 95]
1552550985269;[171, 0, 17, 255, 161, 76, 221, 2, 108, 1, 0, 81, 0, 0, 3, 1, 0, 245, 7, 80]
1552550985285;[171, 0, 17, 255, 161, 76, 221, 2, 108, 1, 0, 79, 0, 0, 3, 1, 0, 245, 7, 58]
1552550985286;[171, 0, 4, 255, 132, 128, 66]
1552550985453;[171, 0, 17, 255, 161, 76, 221, 2, 108, 1, 0, 79, 0, 0, 4, 1, 0, 246, 7, 31]
1552550985788;[171, 0, 17, 255, 161, 76, 221, 2, 108, 1, 0, 79, 0, 0, 3, 1, 0, 246, 7, 33]
1552550985788;[171, 0, 17, 255, 161, 76, 221, 2, 108, 1, 0, 81, 0, 0, 3, 1, 0, 245, 7, 46]
1552550985788;[171, 0, 17, 255, 161, 76, 221, 2, 109, 1, 0, 81, 0, 0, 3, 1, 0, 243, 7, 53]
1552550985803;[171, 0, 17, 255, 161, 76, 221, 2, 109, 1, 0, 75, 0, 0, 3, 1, 0, 248, 7, 55]
1552550985971;[171, 0, 17, 255, 161, 76, 221, 2, 109, 1, 0, 81, 0, 0, 4, 1, 0, 247, 7, 45]
1552550986306;[171, 0, 17, 255, 161, 76, 221, 2, 109, 1, 0, 79, 0, 0, 4, 1, 0, 245, 7, 25]
1552550986306;[171, 0, 17, 255, 161, 76, 221, 2, 109, 1, 0, 77, 0, 0, 3, 1, 0, 243, 7, 6]
1552550986306;[171, 0, 17, 255, 161, 76, 221, 2, 109, 1, 0, 81, 0, 0, 3, 1, 0, 242, 6, 241]
1552550986307;[171, 0, 17, 255, 161, 76, 221, 2, 109, 1, 0, 82, 0, 0, 5, 1, 0, 245, 6, 215]
1552550986489;[171, 0, 4, 255, 132, 128, 66]
1552550986489;[171, 0, 17, 255, 161, 76, 221, 2, 109, 1, 0, 77, 0, 0, 5, 1, 0, 246, 6, 215]
1552550986656;[171, 0, 17, 255, 161, 76, 221, 2, 109, 1, 0, 81, 0, 0, 4, 1, 0, 246, 6, 233]
1552550986822;[171, 0, 17, 255, 161, 76, 221, 2, 109, 1, 0, 79, 0, 0, 3, 1, 0, 248, 6, 248]
1552550986823;[171, 0, 17, 255, 161, 76, 221, 2, 110, 1, 0, 77, 0, 0, 6, 1, 0, 246, 6, 250]
1552550987006;[171, 0, 17, 255, 161, 76, 221, 2, 110, 1, 0, 79, 0, 0, 4, 1, 0, 246, 7, 4]
1552550987008;[171, 0, 17, 255, 161, 76, 221, 2, 110, 1, 0, 80, 0, 0, 3, 1, 0, 245, 6, 253]
1552550987173;[171, 0, 17, 255, 161, 76, 221, 2, 110, 1, 0, 79, 0, 0, 4, 1, 0, 246, 6, 246]
1552550987174;[171, 0, 17, 255, 161, 76, 221, 2, 110, 1, 0, 79, 0, 0, 4, 1, 0, 244, 6, 235]
1552550987341;[171, 0, 17, 255, 161, 76, 221, 2, 110, 1, 0, 75, 0, 0, 3, 1, 0, 243, 6, 221]
1552550987525;[171, 0, 17, 255, 161, 76, 221, 2, 110, 1, 0, 75, 0, 0, 4, 1, 0, 246, 6, 206]
1552550987525;[171, 0, 4, 255, 132, 128, 66]
1552550987691;[171, 0, 17, 255, 161, 76, 221, 2, 110, 1, 0, 79, 0, 0, 4, 1, 0, 243, 6, 225]
1552550987692;[171, 0, 17, 255, 161, 76, 221, 2, 110, 1, 0, 81, 0, 0, 3, 1, 0, 248, 6, 238]
1552550987858;[171, 0, 17, 255, 161, 76, 221, 2, 110, 1, 0, 81, 0, 0, 4, 1, 0, 243, 6, 243]
1552550988042;[171, 0, 17, 255, 161, 76, 221, 2, 111, 1, 0, 79, 0, 0, 3, 1, 0, 248, 7, 10]
1552550988043;[171, 0, 17, 255, 161, 76, 221, 2, 111, 1, 0, 75, 0, 0, 4, 1, 0, 245, 7, 5]
1552550988210;[171, 0, 17, 255, 161, 76, 221, 2, 111, 1, 0, 77, 0, 0, 4, 1, 0, 243, 7, 9]
1552550988210;[171, 0, 17, 255, 161, 76, 221, 2, 111, 1, 0, 77, 0, 0, 2, 1, 0, 243, 6, 240]
1552550988377;[171, 0, 17, 255, 161, 76, 221, 2, 111, 1, 0, 79, 0, 0, 3, 1, 0, 248, 6, 212]
1552550988545;[171, 0, 17, 255, 161, 76, 221, 2, 111, 1, 0, 83, 0, 0, 3, 1, 0, 244, 6, 202]
1552550988561;[171, 0, 17, 255, 161, 76, 221, 2, 111, 1, 0, 79, 0, 0, 4, 1, 0, 249, 6, 233]
1552550988728;[171, 0, 4, 255, 132, 128, 66]
1552550988894;[171, 0, 17, 255, 161, 76, 221, 2, 111, 1, 0, 79, 0, 0, 4, 1, 0, 243, 6, 248]
1552550989062;[171, 0, 17, 255, 161, 76, 221, 2, 111, 1, 0, 77, 0, 0, 4, 1, 0, 246, 7, 3]
1552550989078;[171, 0, 17, 255, 161, 76, 221, 2, 111, 1, 0, 79, 0, 0, 4, 1, 0, 243, 7, 15]
1552550989079;[171, 0, 17, 255, 161, 76, 221, 2, 112, 1, 0, 82, 0, 0, 4, 1, 0, 248, 7, 5]
1552550989079;[171, 0, 17, 255, 161, 76, 221, 2, 112, 1, 0, 82, 0, 0, 4, 1, 0, 245, 6, 250]
1552550989245;[171, 0, 17, 255, 161, 76, 221, 2, 112, 1, 0, 81, 0, 0, 4, 1, 0, 242, 6, 230]
1552550989412;[171, 0, 17, 255, 161, 76, 221, 2, 112, 1, 0, 81, 0, 0, 4, 1, 0, 245, 6, 207]
1552550989413;[171, 0, 17, 255, 161, 76, 221, 2, 112, 1, 0, 75, 0, 0, 4, 1, 0, 243, 6, 195]
1552550989596;[171, 0, 17, 255, 161, 76, 221, 2, 112, 1, 0, 79, 0, 0, 3, 1, 0, 245, 6, 232]
1552550989597;[171, 0, 17, 255, 161, 76, 221, 2, 112, 1, 0, 77, 0, 0, 5, 1, 0, 243, 7, 4]
1552550989763;[171, 0, 4, 255, 132, 128, 66]
1552550989930;[171, 0, 17, 255, 161, 76, 221, 2, 112, 1, 0, 79, 0, 0, 8, 1, 0, 245, 7, 25]
1552550989930;[171, 0, 17, 255, 161, 76, 221, 2, 112, 1, 0, 80, 0, 0, 4, 1, 0, 245, 7, 55]
1552550990097;[171, 0, 17, 255, 161, 76, 221, 2, 112, 1, 0, 76, 0, 0, 4, 1, 0, 242, 7, 65]
1552550990114;[171, 0, 17, 255, 161, 76, 221, 2, 113, 1, 0, 79, 0, 0, 3, 1, 0, 247, 7, 85]
1552550990281;[171, 0, 17, 255, 161, 76, 221, 2, 113, 1, 0, 75, 0, 0, 3, 1, 0, 246, 7, 84]
1552550990281;[171, 0, 17, 255, 161, 76, 221, 2, 113, 1, 0, 79, 0, 0, 2, 1, 0, 248, 7, 88]
1552550990448;[171, 0, 17, 255, 161, 76, 221, 2, 113, 1, 0, 77, 0, 0, 3, 1, 0, 245, 7, 104]
1552550990615;[171, 0, 17, 255, 161, 76, 221, 2, 113, 1, 0, 76, 0, 0, 3, 1, 0, 246, 7, 135]
1552550990632;[171, 0, 17, 255, 161, 76, 221, 2, 113, 1, 0, 75, 0, 0, 2, 1, 0, 246, 7, 169]
1552550990799;[171, 0, 17, 255, 161, 76, 221, 2, 113, 1, 0, 79, 0, 0, 3, 1, 0, 244, 7, 183]
1552550990799;[171, 0, 4, 255, 132, 128, 66]
1552550990966;[171, 0, 17, 255, 161, 76, 221, 2, 113, 1, 0, 75, 0, 0, 3, 1, 0, 245, 7, 192]
1552550991317;[171, 0, 17, 255, 161, 76, 221, 2, 113, 1, 0, 79, 0, 0, 4, 1, 0, 243, 7, 189]
1552550991317;[171, 0, 17, 255, 161, 76, 221, 2, 113, 1, 0, 79, 0, 0, 1, 1, 0, 245, 7, 171]
1552550991317;[171, 0, 17, 255, 161, 76, 221, 2, 114, 1, 0, 79, 0, 0, 3, 1, 0, 245, 7, 166]
1552550991318;[171, 0, 17, 255, 161, 76, 221, 2, 114, 1, 0, 74, 0, 0, 3, 1, 0, 246, 7, 134]
1552550991484;[171, 0, 17, 255, 161, 76, 221, 2, 114, 1, 0, 74, 0, 0, 4, 1, 0, 243, 7, 121]
1552550991484;[171, 0, 17, 255, 161, 76, 221, 2, 114, 1, 0, 79, 0, 0, 3, 1, 0, 245, 7, 155]
1552550991651;[171, 0, 17, 255, 161, 76, 221, 2, 114, 1, 0, 75, 0, 0, 2, 1, 0, 245, 7, 164]
1552550991835;[171, 0, 17, 255, 161, 76, 221, 2, 114, 1, 0, 75, 0, 0, 5, 1, 0, 245, 7, 175]
1552550991835;[171, 0, 17, 255, 161, 76, 221, 2, 114, 1, 0, 75, 0, 0, 3, 1, 0, 248, 7, 186]
1552550992002;[171, 0, 4, 255, 132, 128, 66]
1552550992002;[171, 0, 17, 255, 161, 76, 221, 2, 114, 1, 0, 80, 0, 0, 4, 1, 0, 243, 7, 148]
1552550992169;[171, 0, 17, 255, 161, 76, 221, 2, 114, 1, 0, 79, 0, 0, 3, 1, 0, 245, 7, 132]
1552550992169;[171, 0, 17, 255, 161, 76, 221, 2, 114, 1, 0, 79, 0, 0, 2, 1, 0, 243, 7, 99]
1552550992354;[171, 0, 17, 255, 161, 76, 221, 2, 115, 1, 0, 82, 0, 0, 3, 1, 0, 246, 7, 78]
1552550992520;[171, 0, 17, 255, 161, 76, 221, 2, 115, 1, 0, 79, 0, 0, 2, 1, 0, 249, 7, 82]
1552550992520;[171, 0, 17, 255, 161, 76, 221, 2, 115, 1, 0, 77, 0, 0, 3, 1, 0, 246, 7, 105]
1552550992689;[171, 0, 17, 255, 161, 76, 221, 2, 115, 1, 0, 77, 0, 0, 4, 1, 0, 243, 7, 114]
1552550992690;[171, 0, 17, 255, 161, 76, 221, 2, 115, 1, 0, 75, 0, 0, 3, 1, 0, 243, 7, 126]
1552550992871;[171, 0, 17, 255, 161, 76, 221, 2, 115, 1, 0, 77, 0, 0, 3, 1, 0, 245, 7, 127]
1552550993039;[171, 0, 17, 255, 161, 76, 221, 2, 115, 1, 0, 82, 0, 0, 4, 1, 0, 245, 7, 99]
1552550993039;[171, 0, 4, 255, 132, 128, 66]
1552550993205;[171, 0, 17, 255, 161, 76, 221, 2, 115, 1, 0, 77, 0, 0, 5, 1, 0, 245, 7, 79]
1552550993206;[171, 0, 17, 255, 161, 76, 221, 2, 115, 1, 0, 77, 0, 0, 4, 1, 0, 247, 7, 65]
1552550993374;[171, 0, 17, 255, 161, 76, 221, 2, 115, 1, 0, 79, 0, 0, 1, 1, 0, 248, 7, 28]
1552550993389;[171, 0, 17, 255, 161, 76, 221, 2, 116, 1, 0, 77, 0, 0, 3, 1, 0, 243, 7, 47]
1552550993556;[171, 0, 17, 255, 161, 76, 221, 2, 116, 1, 0, 75, 0, 0, 5, 1, 0, 246, 7, 49]
1552550993723;[171, 0, 17, 255, 161, 76, 221, 2, 116, 1, 0, 74, 0, 0, 4, 1, 0, 246, 7, 44]
1552550993723;[171, 0, 17, 255, 161, 76, 221, 2, 116, 1, 0, 79, 0, 0, 3, 1, 0, 246, 7, 36]
1552550993907;[171, 0, 17, 255, 161, 76, 221, 2, 116, 1, 0, 79, 0, 0, 3, 1, 0, 247, 7, 22]
1552550993907;[171, 0, 17, 255, 161, 76, 221, 2, 116, 1, 0, 81, 0, 0, 3, 1, 0, 247, 6, 241]
1552550994074;[171, 0, 17, 255, 161, 76, 221, 2, 116, 1, 0, 80, 0, 0, 3, 1, 0, 246, 6, 209]
1552550994074;[171, 0, 4, 255, 132, 128, 66]
1552550994241;[171, 0, 17, 255, 161, 76, 221, 2, 116, 1, 0, 79, 0, 0, 2, 1, 0, 249, 6, 187]
1552550994425;[171, 0, 17, 255, 161, 76, 221, 2, 116, 1, 0, 79, 0, 0, 5, 1, 0, 246, 6, 151]
1552550994425;[171, 0, 17, 255, 161, 76, 221, 2, 116, 1, 0, 77, 0, 0, 4, 1, 0, 246, 6, 150]
1552550994592;[171, 0, 17, 255, 161, 76, 221, 2, 117, 1, 0, 82, 0, 0, 6, 1, 0, 248, 6, 167]
1552550994593;[171, 0, 17, 255, 161, 76, 221, 2, 117, 1, 0, 82, 0, 0, 3, 1, 0, 245, 6, 160]
1552550994759;[171, 0, 17, 255, 161, 76, 221, 2, 117, 1, 0, 77, 0, 0, 5, 1, 0, 249, 6, 160]
1552550994943;[171, 0, 17, 255, 161, 76, 221, 2, 117, 1, 0, 75, 0, 0, 4, 1, 0, 245, 6, 155]
1552550994943;[171, 0, 17, 255, 161, 76, 221, 2, 117, 1, 0, 75, 0, 0, 4, 1, 0, 245, 6, 129]
1552550995110;[171, 0, 17, 255, 161, 76, 221, 2, 117, 1, 0, 79, 0, 0, 3, 1, 0, 248, 6, 98]
1552550995277;[171, 0, 17, 255, 161, 76, 221, 2, 119, 1, 0, 79, 0, 0, 4, 1, 0, 245, 5, 123]
1552550995278;[171, 0, 17, 255, 161, 76, 221, 2, 119, 1, 0, 77, 0, 0, 4, 1, 0, 246, 5, 141]
1552550995461;[171, 0, 17, 255, 161, 76, 221, 2, 119, 1, 0, 75, 0, 0, 4, 1, 0, 246, 5, 144]
1552550995628;[171, 0, 17, 255, 161, 76, 221, 2, 120, 1, 0, 82, 0, 0, 3, 1, 0, 246, 5, 137]
1552550995795;[171, 0, 17, 255, 161, 76, 221, 2, 120, 1, 0, 77, 0, 0, 4, 1, 0, 246, 5, 137]
1552550995796;[171, 0, 17, 255, 161, 76, 221, 2, 120, 1, 0, 81, 0, 0, 4, 1, 0, 245, 5, 128]
1552550995962;[171, 0, 17, 255, 161, 76, 221, 2, 120, 1, 0, 81, 0, 0, 4, 1, 0, 243, 5, 119]
1552550996146;[171, 0, 17, 255, 161, 76, 221, 2, 120, 1, 0, 75, 0, 0, 3, 1, 0, 243, 5, 104]
1552550996147;[171, 0, 17, 255, 161, 76, 221, 2, 120, 1, 0, 77, 0, 0, 1, 1, 0, 245, 5, 85]
1552550996313;[171, 0, 17, 255, 161, 76, 221, 2, 120, 1, 0, 75, 0, 0, 3, 1, 0, 246, 5, 76]
1552550996314;[171, 0, 4, 255, 132, 128, 66]
1552550996480;[171, 0, 17, 255, 161, 76, 221, 2, 120, 1, 0, 75, 0, 0, 4, 1, 0, 246, 5, 96]
1552550996497;[171, 0, 17, 255, 161, 76, 221, 2, 120, 1, 0, 79, 0, 0, 6, 1, 0, 245, 5, 114]
1552550996664;[171, 0, 17, 255, 161, 76, 221, 2, 120, 1, 0, 75, 0, 0, 0, 1, 0, 246, 5, 138]
1552550996831;[171, 0, 17, 255, 161, 76, 221, 2, 121, 1, 0, 77, 0, 0, 5, 1, 0, 246, 5, 146]
1552550996831;[171, 0, 17, 255, 161, 76, 221, 2, 121, 1, 0, 77, 0, 0, 3, 1, 0, 243, 5, 143]
1552550996998;[171, 0, 17, 255, 161, 76, 221, 2, 121, 1, 0, 77, 0, 0, 2, 1, 0, 246, 5, 131]
1552550997015;[171, 0, 17, 255, 161, 76, 221, 2, 121, 1, 0, 79, 0, 0, 4, 1, 0, 246, 5, 138]
1552550997349;[171, 0, 17, 255, 161, 76, 221, 2, 121, 1, 0, 77, 0, 0, 4, 1, 0, 243, 5, 131]
1552550997350;[171, 0, 17, 255, 161, 76, 221, 2, 121, 1, 0, 79, 0, 0, 3, 1, 0, 243, 5, 171]
1552550997350;[171, 0, 17, 255, 161, 76, 221, 2, 121, 1, 0, 75, 0, 0, 3, 1, 0, 247, 5, 203]
1552550997516;[171, 0, 4, 255, 132, 128, 66]
1552550997517;[171, 0, 17, 255, 161, 76, 221, 2, 121, 1, 0, 75, 0, 0, 3, 1, 0, 243, 5, 230]
1552550997700;[171, 0, 17, 255, 161, 76, 221, 2, 121, 1, 0, 75, 0, 0, 4, 1, 0, 246, 5, 245]
1552550997700;[171, 0, 17, 255, 161, 76, 221, 2, 121, 1, 0, 82, 0, 0, 4, 1, 0, 243, 5, 233]
1552550997867;[171, 0, 17, 255, 161, 76, 221, 2, 122, 1, 0, 82, 0, 0, 4, 1, 0, 245, 5, 215]
1552550998034;[171, 0, 17, 255, 161, 76, 221, 2, 122, 1, 0, 82, 0, 0, 4, 1, 0, 243, 5, 218]
1552550998035;[171, 0, 17, 255, 161, 76, 221, 2, 122, 1, 0, 75, 0, 0, 3, 1, 0, 248, 5, 219]
1552550998218;[171, 0, 17, 255, 161, 76, 221, 2, 122, 1, 0, 75, 0, 0, 5, 1, 0, 244, 6, 29]
1552550998218;[171, 0, 17, 255, 161, 76, 221, 2, 122, 1, 0, 82, 0, 0, 5, 1, 0, 246, 6, 61]
1552550998385;[171, 0, 17, 255, 161, 76, 221, 2, 122, 1, 0, 82, 0, 0, 3, 1, 0, 245, 6, 94]
1552550998385;[171, 0, 17, 255, 161, 76, 221, 2, 122, 1, 0, 74, 0, 0, 3, 1, 0, 245, 6, 135]
1552550998552;[171, 0, 4, 255, 132, 128, 66]
1552550998736;[171, 0, 17, 255, 161, 76, 221, 2, 122, 1, 0, 74, 0, 0, 3, 1, 0, 246, 6, 172]
1552550998736;[171, 0, 17, 255, 161, 76, 221, 2, 122, 1, 0, 73, 0, 0, 2, 1, 0, 243, 6, 190]
1552550998903;[171, 0, 17, 255, 161, 76, 221, 2, 122, 1, 0, 74, 0, 0, 1, 1, 0, 243, 6, 194]
1552550998903;[171, 0, 17, 255, 161, 76, 221, 2, 123, 1, 0, 73, 0, 0, 1, 1, 0, 245, 6, 193]
1552550999070;[171, 0, 17, 255, 161, 76, 221, 2, 123, 1, 0, 74, 0, 0, 0, 1, 0, 249, 6, 249]
1552550999071;[171, 0, 17, 255, 161, 76, 221, 2, 123, 1, 0, 73, 0, 0, 2, 1, 0, 246, 7, 65]
1552550999254;[171, 0, 17, 255, 161, 76, 221, 2, 123, 1, 0, 75, 0, 0, 4, 1, 0, 249, 7, 115]
1552550999421;[171, 0, 17, 255, 161, 76, 221, 2, 123, 1, 0, 76, 0, 0, 2, 1, 0, 245, 7, 149]
1552550999421;[171, 0, 17, 255, 161, 76, 221, 2, 123, 1, 0, 73, 0, 0, 1, 1, 0, 246, 7, 171]
1552550999588;[171, 0, 17, 255, 161, 76, 221, 2, 123, 1, 0, 72, 0, 0, 2, 1, 0, 246, 7, 183]
1552550999589;[171, 0, 4, 255, 132, 128, 66]
1552550999772;[171, 0, 17, 255, 161, 76, 221, 2, 123, 1, 0, 75, 0, 0, 0, 1, 0, 247, 7, 183]
1552550999939;[171, 0, 17, 255, 161, 76, 221, 2, 123, 1, 0, 73, 0, 0, 1, 1, 0, 249, 7, 175]
1552550999939;[171, 0, 17, 255, 161, 76, 221, 2, 123, 1, 0, 74, 0, 0, 0, 1, 0, 245, 7, 209]
1552551000123;[171, 0, 17, 255, 161, 76, 221, 2, 128, 1, 0, 73, 0, 0, 3, 1, 0, 246, 8, 9]
1552551000123;[171, 0, 17, 255, 161, 76, 221, 2, 128, 1, 0, 73, 0, 0, 1, 1, 0, 245, 8, 30]
1552551000290;[171, 0, 17, 255, 161, 76, 221, 2, 128, 1, 0, 72, 0, 0, 0, 1, 0, 246, 8, 52]
1552551000290;[171, 0, 17, 255, 161, 76, 221, 2, 128, 1, 0, 73, 0, 0, 2, 1, 0, 243, 8, 63]
1552551000457;[171, 0, 17, 255, 161, 76, 221, 2, 128, 1, 0, 75, 0, 0, 3, 1, 0, 243, 8, 52]
1552551000624;[171, 0, 17, 255, 161, 76, 221, 2, 128, 1, 0, 74, 0, 0, 3, 1, 0, 249, 8, 41]
1552551000624;[171, 0, 17, 255, 161, 76, 221, 2, 128, 1, 0, 75, 0, 0, 3, 1, 0, 242, 8, 25]
1552551000808;[171, 0, 4, 255, 132, 128, 66]
