1552550573866;[171, 0, 17, 255, 161, 76, 221, 0, 181, 1, 0, 22, 0, 0, 44, 1, 0, 249, 6, 235]
1552550574215;[171, 0, 17, 255, 161, 76, 221, 0, 181, 1, 0, 18, 0, 0, 42, 1, 0, 250, 7, 10]
1552550574383;[171, 0, 17, 255, 161, 76, 221, 0, 181, 1, 0, 18, 0, 0, 40, 1, 0, 248, 7, 29]
1552550574383;[171, 0, 17, 255, 161, 76, 221, 0, 181, 1, 0, 18, 0, 0, 42, 1, 0, 249, 7, 30]
1552550574384;[171, 0, 17, 255, 161, 76, 221, 0, 181, 1, 0, 18, 0, 0, 41, 1, 0, 246, 7, 35]
1552550574384;[171, 0, 17, 255, 161, 76, 221, 0, 181, 1, 0, 19, 0, 0, 41, 1, 0, 249, 7, 16]
1552550574733;[171, 0, 17, 255, 161, 76, 221, 0, 181, 1, 0, 20, 0, 0, 42, 1, 0, 246, 6, 245]
1552550574734;[171, 0, 4, 255, 132, 128, 63]
1552550574735;[171, 0, 17, 255, 161, 76, 221, 0, 182, 1, 0, 18, 0, 0, 42, 1, 0, 249, 6, 215]
1552550574735;[171, 0, 17, 255, 161, 76, 221, 0, 182, 1, 0, 18, 0, 0, 41, 1, 0, 249, 6, 184]
1552550574901;[171, 0, 17, 255, 161, 76, 221, 0, 182, 1, 0, 18, 0, 0, 42, 1, 0, 245, 6, 145]
1552550575068;[171, 0, 17, 255, 161, 76, 221, 0, 182, 1, 0, 18, 0, 0, 36, 1, 0, 249, 6, 160]
1552550575069;[171, 0, 17, 255, 161, 76, 221, 0, 182, 1, 0, 17, 0, 0, 41, 1, 0, 250, 6, 199]
1552550575252;[171, 0, 17, 255, 161, 76, 221, 0, 182, 1, 0, 22, 0, 0, 44, 1, 0, 249, 6, 211]
1552550575253;[171, 0, 17, 255, 161, 76, 221, 0, 182, 1, 0, 15, 0, 0, 40, 1, 0, 246, 6, 211]
1552550575419;[171, 0, 17, 255, 161, 76, 221, 0, 182, 1, 0, 25, 0, 0, 36, 1, 0, 246, 6, 183]
1552550575420;[171, 0, 17, 255, 161, 76, 221, 0, 182, 1, 0, 22, 0, 0, 41, 1, 0, 245, 6, 143]
1552550575586;[171, 0, 17, 255, 161, 76, 221, 0, 182, 1, 0, 25, 0, 0, 44, 1, 0, 248, 6, 112]
1552550575770;[171, 0, 4, 255, 132, 128, 63]
1552550575771;[171, 0, 17, 255, 161, 76, 221, 0, 183, 1, 0, 22, 0, 0, 41, 1, 0, 243, 6, 58]
1552550576287;[171, 0, 17, 255, 161, 76, 221, 0, 183, 1, 0, 15, 0, 0, 42, 1, 0, 249, 6, 14]
1552550576288;[171, 0, 17, 255, 161, 76, 221, 0, 183, 1, 0, 20, 0, 0, 42, 1, 0, 250, 5, 236]
1552550576289;[171, 0, 17, 255, 161, 76, 221, 0, 183, 1, 0, 12, 0, 0, 41, 1, 0, 246, 5, 216]
1552550576289;[171, 0, 17, 255, 161, 76, 221, 0, 183, 1, 0, 22, 0, 0, 41, 1, 0, 249, 5, 201]
1552550576289;[171, 0, 17, 255, 161, 76, 221, 0, 183, 0, 0, 0, 0, 0, 36, 1, 0, 246, 5, 165]
1552550576455;[171, 0, 17, 255, 161, 76, 221, 0, 183, 1, 0, 18, 0, 0, 42, 1, 0, 242, 5, 131]
1552550576455;[171, 0, 17, 255, 161, 76, 221, 0, 183, 1, 0, 17, 0, 0, 40, 1, 0, 255, 5, 121]
1552550576622;[171, 0, 17, 255, 161, 76, 221, 0, 183, 1, 0, 31, 0, 0, 42, 1, 1, 6, 5, 140]
1552550576622;[171, 0, 17, 255, 161, 76, 221, 0, 183, 1, 0, 10, 0, 0, 44, 1, 0, 254, 5, 89]
1552550576789;[171, 0, 4, 255, 132, 128, 63]
1552550576973;[171, 0, 17, 255, 161, 76, 221, 0, 184, 1, 0, 12, 0, 0, 34, 1, 0, 242, 5, 34]
1552550576973;[171, 0, 17, 255, 161, 76, 221, 0, 184, 1, 0, 15, 0, 0, 44, 1, 0, 242, 5, 14]
1552550577140;[171, 0, 17, 255, 161, 76, 221, 0, 184, 1, 0, 27, 0, 0, 43, 1, 1, 3, 5, 21]
1552550577140;[171, 0, 17, 255, 161, 76, 221, 0, 184, 1, 0, 25, 0, 0, 41, 1, 0, 241, 5, 40]
1552550577324;[171, 0, 17, 255, 161, 76, 221, 0, 184, 1, 0, 38, 0, 0, 40, 1, 0, 250, 5, 55]
1552550577324;[171, 0, 17, 255, 161, 76, 221, 0, 184, 1, 0, 33, 0, 0, 43, 1, 0, 250, 5, 54]
1552550577491;[171, 0, 17, 255, 161, 76, 221, 0, 184, 1, 0, 22, 0, 0, 43, 1, 0, 245, 5, 74]
1552550577658;[171, 0, 17, 255, 161, 76, 221, 0, 184, 1, 0, 40, 0, 0, 36, 1, 0, 245, 5, 108]
1552550577658;[171, 0, 17, 255, 161, 76, 221, 0, 184, 1, 0, 33, 0, 0, 43, 1, 0, 243, 5, 110]
1552550577825;[171, 0, 17, 255, 161, 76, 221, 0, 184, 1, 0, 39, 0, 0, 41, 1, 0, 249, 5, 106]
1552550577841;[171, 0, 4, 255, 132, 128, 63]
1552550578009;[171, 0, 17, 255, 161, 76, 221, 0, 185, 1, 0, 32, 0, 0, 43, 1, 0, 249, 5, 99]
1552550578009;[171, 0, 17, 255, 161, 76, 221, 0, 185, 1, 0, 35, 0, 0, 42, 1, 0, 249, 5, 100]
1552550578176;[171, 0, 17, 255, 161, 76, 221, 0, 185, 1, 0, 37, 0, 0, 36, 1, 0, 249, 5, 164]
1552550578343;[171, 0, 17, 255, 161, 76, 221, 0, 185, 1, 0, 33, 0, 0, 42, 1, 0, 249, 5, 206]
1552550578360;[171, 0, 17, 255, 161, 76, 221, 0, 185, 1, 0, 33, 0, 0, 42, 1, 0, 245, 5, 239]
1552550578526;[171, 0, 17, 255, 161, 76, 221, 0, 185, 1, 0, 32, 0, 0, 42, 1, 0, 249, 6, 6]
1552550578527;[171, 0, 17, 255, 161, 76, 221, 0, 185, 1, 0, 30, 0, 0, 43, 1, 0, 248, 6, 24]
1552550578694;[171, 0, 17, 255, 161, 76, 221, 0, 185, 1, 0, 33, 0, 0, 42, 1, 0, 246, 6, 19]
1552550578861;[171, 0, 17, 255, 161, 76, 221, 0, 185, 1, 0, 33, 0, 0, 41, 1, 0, 248, 6, 12]
1552550578862;[171, 0, 17, 255, 161, 76, 221, 0, 185, 1, 0, 32, 0, 0, 41, 1, 0, 254, 6, 4]
1552550579044;[171, 0, 4, 255, 132, 128, 63]
1552550579045;[171, 0, 17, 255, 161, 76, 221, 0, 186, 1, 0, 32, 0, 0, 41, 1, 0, 245, 6, 19]
1552550579212;[171, 0, 17, 255, 161, 76, 221, 0, 186, 1, 0, 30, 0, 0, 43, 1, 0, 246, 6, 66]
1552550579212;[171, 0, 17, 255, 161, 76, 221, 0, 186, 1, 0, 30, 0, 0, 42, 1, 0, 246, 6, 103]
1552550579379;[171, 0, 17, 255, 161, 76, 221, 0, 186, 1, 0, 33, 0, 0, 40, 1, 0, 248, 6, 128]
1552550579562;[171, 0, 17, 255, 161, 76, 221, 0, 186, 1, 0, 33, 0, 0, 41, 1, 0, 245, 6, 139]
1552550579563;[171, 0, 17, 255, 161, 76, 221, 0, 186, 1, 0, 33, 0, 0, 42, 1, 0, 246, 6, 141]
1552550579730;[171, 0, 17, 255, 161, 76, 221, 0, 186, 1, 0, 33, 0, 0, 40, 1, 0, 249, 6, 143]
1552550579731;[171, 0, 17, 255, 161, 76, 221, 0, 186, 1, 0, 33, 0, 0, 40, 1, 0, 248, 6, 124]
1552550580084;[171, 0, 17, 255, 161, 76, 221, 0, 186, 1, 0, 33, 0, 0, 43, 1, 0, 249, 6, 117]
1552550580085;[171, 0, 17, 255, 161, 76, 221, 0, 186, 1, 0, 38, 0, 0, 41, 1, 0, 249, 6, 181]
1552550580085;[171, 0, 4, 255, 132, 128, 63]
1552550580249;[171, 0, 17, 255, 161, 76, 221, 0, 187, 1, 0, 33, 0, 0, 41, 1, 0, 249, 6, 220]
1552550580249;[171, 0, 17, 255, 161, 76, 221, 0, 187, 1, 0, 33, 0, 0, 41, 1, 0, 248, 6, 254]
1552550580414;[171, 0, 17, 255, 161, 76, 221, 0, 187, 1, 0, 33, 0, 0, 41, 1, 0, 250, 7, 18]
1552550580415;[171, 0, 17, 255, 161, 76, 221, 0, 187, 1, 0, 35, 0, 0, 42, 1, 0, 249, 7, 19]
1552550580598;[171, 0, 17, 255, 161, 76, 221, 0, 187, 1, 0, 30, 0, 0, 41, 1, 0, 249, 7, 9]
1552550580765;[171, 0, 17, 255, 161, 76, 221, 0, 187, 1, 0, 36, 0, 0, 41, 1, 0, 248, 6, 247]
1552550580766;[171, 0, 17, 255, 161, 76, 221, 0, 187, 1, 0, 33, 0, 0, 40, 1, 0, 248, 6, 225]
1552550580933;[171, 0, 17, 255, 161, 76, 221, 0, 187, 1, 0, 35, 0, 0, 41, 1, 0, 249, 6, 207]
1552550580933;[171, 0, 17, 255, 161, 76, 221, 0, 187, 1, 0, 32, 0, 0, 41, 1, 0, 248, 6, 247]
1552550581284;[171, 0, 17, 255, 161, 76, 221, 0, 187, 1, 0, 33, 0, 0, 41, 1, 0, 249, 7, 43]
1552550581285;[171, 0, 4, 255, 132, 128, 63]
1552550581286;[171, 0, 17, 255, 161, 76, 221, 0, 192, 1, 0, 33, 0, 0, 41, 1, 0, 248, 7, 68]
1552550581451;[171, 0, 17, 255, 161, 76, 221, 0, 192, 1, 0, 37, 0, 0, 41, 1, 0, 248, 7, 87]
1552550581451;[171, 0, 17, 255, 161, 76, 221, 0, 192, 1, 0, 30, 0, 0, 41, 1, 0, 249, 7, 90]
1552550581634;[171, 0, 17, 255, 161, 76, 221, 0, 192, 1, 0, 33, 0, 0, 41, 1, 0, 246, 7, 79]
1552550581635;[171, 0, 17, 255, 161, 76, 221, 0, 192, 1, 0, 35, 0, 0, 41, 1, 0, 249, 7, 56]
1552550581801;[171, 0, 17, 255, 161, 76, 221, 0, 192, 1, 0, 33, 0, 0, 42, 1, 0, 248, 7, 23]
1552550581969;[171, 0, 17, 255, 161, 76, 221, 0, 192, 1, 0, 32, 0, 0, 42, 1, 0, 246, 6, 240]
1552550581969;[171, 0, 17, 255, 161, 76, 221, 0, 192, 1, 0, 33, 0, 0, 41, 1, 0, 243, 6, 205]
1552550582152;[171, 0, 17, 255, 161, 76, 221, 0, 192, 1, 0, 35, 0, 0, 43, 1, 0, 249, 6, 223]
1552550582153;[171, 0, 17, 255, 161, 76, 221, 0, 192, 1, 0, 30, 0, 0, 40, 1, 0, 248, 7, 2]
1552550582319;[171, 0, 4, 255, 132, 128, 63]
1552550582320;[171, 0, 17, 255, 161, 76, 221, 0, 193, 1, 0, 33, 0, 0, 41, 1, 0, 246, 7, 20]
1552550582486;[171, 0, 17, 255, 161, 76, 221, 0, 193, 1, 0, 33, 0, 0, 43, 1, 0, 246, 7, 32]
1552550582653;[171, 0, 17, 255, 161, 76, 221, 0, 193, 1, 0, 30, 0, 0, 43, 1, 0, 249, 7, 29]
1552550582670;[171, 0, 17, 255, 161, 76, 221, 0, 193, 1, 0, 33, 0, 0, 41, 1, 0, 249, 7, 8]
1552550583004;[171, 0, 17, 255, 161, 76, 221, 0, 193, 1, 0, 32, 0, 0, 41, 1, 0, 249, 6, 247]
1552550583005;[171, 0, 17, 255, 161, 76, 221, 0, 193, 1, 0, 34, 0, 0, 41, 1, 0, 249, 6, 216]
1552550583005;[171, 0, 17, 255, 161, 76, 221, 0, 193, 1, 0, 31, 0, 0, 42, 1, 0, 243, 6, 183]
1552550583006;[171, 0, 17, 255, 161, 76, 221, 0, 193, 1, 0, 32, 0, 0, 43, 1, 0, 248, 6, 188]
1552550583171;[171, 0, 17, 255, 161, 76, 221, 0, 193, 1, 0, 35, 0, 0, 43, 1, 0, 246, 6, 228]
1552550583355;[171, 0, 17, 255, 161, 76, 221, 0, 193, 1, 0, 33, 0, 0, 42, 1, 0, 249, 6, 238]
1552550583355;[171, 0, 4, 255, 132, 128, 64]
1552550583522;[171, 0, 17, 255, 161, 76, 221, 0, 194, 1, 0, 33, 0, 0, 42, 1, 0, 249, 6, 246]
1552550583522;[171, 0, 17, 255, 161, 76, 221, 0, 194, 1, 0, 32, 0, 0, 41, 1, 0, 248, 6, 253]
1552550583689;[171, 0, 17, 255, 161, 76, 221, 0, 194, 1, 0, 29, 0, 0, 42, 1, 0, 249, 6, 241]
1552550583873;[171, 0, 17, 255, 161, 76, 221, 0, 194, 1, 0, 33, 0, 0, 42, 1, 0, 249, 6, 215]
1552550584040;[171, 0, 17, 255, 161, 76, 221, 0, 194, 1, 0, 33, 0, 0, 41, 1, 0, 250, 6, 173]
1552550584041;[171, 0, 17, 255, 161, 76, 221, 0, 194, 1, 0, 31, 0, 0, 44, 1, 0, 249, 6, 144]
1552550584207;[171, 0, 17, 255, 161, 76, 221, 0, 194, 1, 0, 32, 0, 0, 43, 1, 0, 245, 6, 120]
1552550584224;[171, 0, 17, 255, 161, 76, 221, 0, 194, 1, 0, 35, 0, 0, 40, 1, 0, 249, 6, 131]
1552550584225;[171, 0, 17, 255, 161, 76, 221, 0, 194, 1, 0, 32, 0, 0, 42, 1, 0, 249, 6, 161]
1552550584391;[171, 0, 17, 255, 161, 76, 221, 0, 194, 1, 0, 37, 0, 0, 41, 1, 0, 249, 6, 176]
1552550584558;[171, 0, 4, 255, 132, 128, 64]
1552550584559;[171, 0, 17, 255, 161, 76, 221, 0, 195, 1, 0, 33, 0, 0, 42, 1, 0, 248, 6, 173]
1552550584725;[171, 0, 17, 255, 161, 76, 221, 0, 195, 1, 0, 32, 0, 0, 41, 1, 0, 246, 6, 161]
1552550584726;[171, 0, 17, 255, 161, 76, 221, 0, 195, 1, 0, 31, 0, 0, 41, 1, 0, 249, 6, 144]
1552550584909;[171, 0, 17, 255, 161, 76, 221, 0, 195, 1, 0, 29, 0, 0, 41, 1, 0, 246, 6, 121]
1552550584909;[171, 0, 17, 255, 161, 76, 221, 0, 195, 1, 0, 31, 0, 0, 41, 1, 0, 249, 6, 87]
1552550585076;[171, 0, 17, 255, 161, 76, 221, 0, 195, 1, 0, 32, 0, 0, 42, 1, 0, 247, 6, 39]
1552550585243;[171, 0, 17, 255, 161, 76, 221, 0, 195, 1, 0, 29, 0, 0, 42, 1, 0, 249, 6, 27]
1552550585260;[171, 0, 17, 255, 161, 76, 221, 0, 195, 1, 0, 33, 0, 0, 42, 1, 0, 246, 6, 62]
1552550585427;[171, 0, 17, 255, 161, 76, 221, 0, 195, 1, 0, 29, 0, 0, 40, 1, 0, 248, 6, 79]
1552550585761;[171, 0, 17, 255, 161, 76, 221, 0, 198, 1, 0, 33, 0, 0, 41, 1, 0, 248, 6, 15]
1552550585762;[171, 0, 17, 255, 161, 76, 221, 0, 198, 1, 0, 37, 0, 0, 41, 1, 0, 249, 5, 250]
1552550585945;[171, 0, 17, 255, 161, 76, 221, 0, 198, 1, 0, 33, 0, 0, 41, 1, 0, 246, 5, 216]
1552550585946;[171, 0, 17, 255, 161, 76, 221, 0, 198, 1, 0, 33, 0, 0, 43, 1, 0, 248, 5, 186]
1552550586280;[171, 0, 17, 255, 161, 76, 221, 0, 198, 1, 0, 32, 0, 0, 41, 1, 0, 249, 5, 198]
1552550586280;[171, 0, 17, 255, 161, 76, 221, 0, 198, 1, 0, 37, 0, 0, 44, 1, 0, 243, 5, 246]
1552550586296;[171, 0, 17, 255, 161, 76, 221, 0, 198, 1, 0, 33, 0, 0, 42, 1, 0, 246, 6, 11]
1552550588379;[171, 0, 17, 255, 161, 76, 221, 0, 198, 1, 0, 27, 0, 0, 41, 1, 0, 249, 6, 18]
1552550588380;[171, 0, 17, 255, 161, 76, 221, 0, 198, 1, 0, 30, 0, 0, 41, 1, 0, 248, 6, 25]
1552550588381;[171, 0, 17, 255, 161, 76, 221, 0, 198, 1, 0, 37, 0, 0, 41, 1, 0, 249, 6, 18]
1552550588381;[171, 0, 4, 255, 132, 128, 64]
1552550588382;[171, 0, 17, 255, 161, 76, 221, 0, 199, 1, 0, 31, 0, 0, 41, 1, 0, 246, 6, 1]
1552550588383;[171, 0, 17, 255, 161, 76, 221, 0, 199, 1, 0, 33, 0, 0, 42, 1, 0, 248, 5, 231]
1552550588384;[171, 0, 17, 255, 161, 76, 221, 0, 199, 1, 0, 33, 0, 0, 42, 1, 0, 248, 5, 227]
1552550588384;[171, 0, 17, 255, 161, 76, 221, 0, 199, 1, 0, 33, 0, 0, 42, 1, 0, 249, 6, 8]
1552550588385;[171, 0, 17, 255, 161, 76, 221, 0, 199, 1, 0, 34, 0, 0, 41, 1, 0, 243, 6, 38]
1552550588385;[171, 0, 17, 255, 161, 76, 221, 0, 199, 1, 0, 33, 0, 0, 42, 1, 0, 249, 6, 46]
1552550588385;[171, 0, 17, 255, 161, 76, 221, 0, 199, 1, 0, 35, 0, 0, 41, 1, 0, 249, 6, 56]
1552550588386;[171, 0, 17, 255, 161, 76, 221, 0, 199, 1, 0, 30, 0, 0, 41, 1, 0, 248, 6, 35]
1552550588386;[171, 0, 17, 255, 161, 76, 221, 0, 199, 1, 0, 33, 0, 0, 43, 1, 0, 248, 6, 15]
1552550588387;[171, 0, 17, 255, 161, 76, 221, 0, 199, 1, 0, 29, 0, 0, 42, 1, 0, 249, 5, 246]
1552550588387;[171, 0, 4, 255, 132, 128, 64]
1552550588388;[171, 0, 17, 255, 161, 76, 221, 0, 200, 1, 0, 33, 0, 0, 43, 1, 0, 247, 5, 206]
1552550588388;[171, 0, 17, 255, 161, 76, 221, 0, 200, 1, 0, 33, 0, 0, 42, 1, 0, 248, 5, 198]
1552550588389;[171, 0, 17, 255, 161, 76, 221, 0, 200, 1, 0, 29, 0, 0, 41, 1, 0, 249, 5, 238]
1552550588389;[171, 0, 17, 255, 161, 76, 221, 0, 200, 1, 0, 30, 0, 0, 41, 1, 0, 246, 6, 22]
1552550588535;[171, 0, 17, 255, 161, 76, 221, 0, 200, 1, 0, 33, 0, 0, 43, 1, 0, 247, 6, 35]
1552550588536;[171, 0, 17, 255, 161, 76, 221, 0, 200, 1, 0, 35, 0, 0, 42, 1, 0, 249, 6, 39]
1552550588536;[171, 0, 17, 255, 161, 76, 221, 0, 200, 1, 0, 30, 0, 0, 42, 1, 0, 250, 6, 27]
1552550588537;[171, 0, 17, 255, 161, 76, 221, 0, 200, 1, 0, 33, 0, 0, 41, 1, 0, 249, 6, 4]
1552550588703;[171, 0, 17, 255, 161, 76, 221, 0, 200, 1, 0, 33, 0, 0, 42, 1, 0, 250, 5, 236]
1552550589037;[171, 0, 17, 255, 161, 76, 221, 0, 200, 1, 0, 29, 0, 0, 41, 1, 0, 245, 5, 194]
1552550589052;[171, 0, 4, 255, 132, 128, 64]
1552550589053;[171, 0, 17, 255, 161, 76, 221, 0, 201, 1, 0, 37, 0, 0, 41, 1, 0, 246, 5, 156]
1552550589054;[171, 0, 17, 255, 161, 76, 221, 0, 201, 1, 0, 31, 0, 0, 41, 1, 0, 249, 5, 176]
1552550589380;[171, 0, 17, 255, 161, 76, 221, 0, 201, 1, 0, 30, 0, 0, 42, 1, 0, 246, 5, 215]
1552550589381;[171, 0, 17, 255, 161, 76, 221, 0, 201, 1, 0, 35, 0, 0, 41, 1, 0, 248, 5, 237]
1552550589382;[171, 0, 17, 255, 161, 76, 221, 0, 201, 1, 0, 37, 0, 0, 42, 1, 0, 248, 6, 4]
1552550589552;[171, 0, 17, 255, 161, 76, 221, 0, 201, 1, 0, 35, 0, 0, 42, 1, 0, 246, 5, 253]
1552550589554;[171, 0, 17, 255, 161, 76, 221, 0, 201, 1, 0, 35, 0, 0, 41, 1, 0, 246, 5, 239]
1552550589725;[171, 0, 17, 255, 161, 76, 221, 0, 201, 1, 0, 34, 0, 0, 38, 1, 0, 245, 5, 216]
1552550589727;[171, 0, 17, 255, 161, 76, 221, 0, 201, 1, 0, 32, 0, 0, 40, 1, 0, 249, 5, 190]
1552550589897;[171, 0, 17, 255, 161, 76, 221, 0, 201, 1, 0, 30, 0, 0, 42, 1, 0, 249, 5, 156]
1552550589898;[171, 0, 4, 255, 132, 128, 64]
1552550590070;[171, 0, 17, 255, 161, 76, 221, 0, 202, 1, 0, 32, 0, 0, 41, 1, 0, 249, 5, 144]
1552550590242;[171, 0, 17, 255, 161, 76, 221, 0, 202, 1, 0, 37, 0, 0, 41, 1, 0, 248, 5, 176]
1552550590243;[171, 0, 17, 255, 161, 76, 221, 0, 202, 1, 0, 32, 0, 0, 41, 1, 0, 249, 5, 206]
1552550590414;[171, 0, 17, 255, 161, 76, 221, 0, 202, 1, 0, 33, 0, 0, 42, 1, 0, 248, 5, 209]
1552550590416;[171, 0, 17, 255, 161, 76, 221, 0, 202, 1, 0, 35, 0, 0, 43, 1, 0, 248, 5, 203]
1552550590587;[171, 0, 17, 255, 161, 76, 221, 0, 202, 1, 0, 29, 0, 0, 43, 1, 0, 250, 5, 185]
1552550590759;[171, 0, 17, 255, 161, 76, 221, 0, 202, 1, 0, 33, 0, 0, 42, 1, 0, 246, 5, 161]
1552550590761;[171, 0, 17, 255, 161, 76, 221, 0, 202, 1, 0, 35, 0, 0, 41, 1, 0, 249, 5, 130]
1552550590932;[171, 0, 17, 255, 161, 76, 221, 0, 202, 1, 0, 33, 0, 0, 43, 1, 0, 249, 5, 91]
1552550590933;[171, 0, 17, 255, 161, 76, 221, 0, 202, 1, 0, 33, 0, 0, 41, 1, 0, 249, 5, 45]
1552550591104;[171, 0, 4, 255, 132, 128, 64]
1552550591106;[171, 0, 17, 255, 161, 76, 221, 0, 203, 1, 0, 35, 0, 0, 42, 1, 0, 249, 5, 44]
1552550591278;[171, 0, 17, 255, 161, 76, 221, 0, 203, 1, 0, 33, 0, 0, 42, 1, 0, 248, 5, 79]
1552550591451;[171, 0, 17, 255, 161, 76, 221, 0, 203, 1, 0, 32, 0, 0, 42, 1, 0, 245, 5, 98]
1552550591453;[171, 0, 17, 255, 161, 76, 221, 0, 203, 1, 0, 27, 0, 0, 43, 1, 0, 249, 5, 109]
1552550591625;[171, 0, 17, 255, 161, 76, 221, 0, 203, 1, 0, 33, 0, 0, 41, 1, 0, 248, 5, 109]
1552550591627;[171, 0, 17, 255, 161, 76, 221, 0, 203, 1, 0, 35, 0, 0, 40, 1, 0, 245, 5, 82]
1552550591797;[171, 0, 17, 255, 161, 76, 221, 0, 203, 1, 0, 32, 0, 0, 41, 1, 0, 249, 5, 62]
1552550591799;[171, 0, 17, 255, 161, 76, 221, 0, 203, 1, 0, 33, 0, 0, 41, 1, 0, 243, 5, 34]
1552550591969;[171, 0, 17, 255, 161, 76, 221, 0, 203, 1, 0, 34, 0, 0, 41, 1, 0, 249, 4, 250]
1552550592141;[171, 0, 17, 255, 161, 76, 221, 0, 203, 1, 0, 33, 0, 0, 40, 1, 0, 248, 4, 208]
1552550592313;[171, 0, 4, 255, 132, 128, 64]
1552550592315;[171, 0, 17, 255, 161, 76, 221, 0, 204, 1, 0, 33, 0, 0, 41, 1, 0, 246, 4, 187]
1552550592317;[171, 0, 17, 255, 161, 76, 221, 0, 204, 1, 0, 32, 0, 0, 42, 1, 0, 246, 4, 207]
1552550592487;[171, 0, 17, 255, 161, 76, 221, 0, 204, 1, 0, 35, 0, 0, 41, 1, 0, 249, 4, 233]
1552550592658;[171, 0, 17, 255, 161, 76, 221, 0, 204, 1, 0, 35, 0, 0, 42, 1, 0, 243, 4, 240]
1552550592660;[171, 0, 17, 255, 161, 76, 221, 0, 204, 1, 0, 27, 0, 0, 41, 1, 0, 248, 4, 251]
1552550592832;[171, 0, 17, 255, 161, 76, 221, 0, 204, 1, 0, 31, 0, 0, 44, 1, 0, 248, 4, 241]
1552550592834;[171, 0, 17, 255, 161, 76, 221, 0, 204, 1, 0, 33, 0, 0, 41, 1, 0, 249, 4, 217]
1552550593005;[171, 0, 17, 255, 161, 76, 221, 0, 204, 1, 0, 33, 0, 0, 44, 1, 0, 249, 4, 184]
1552550593007;[171, 0, 17, 255, 161, 76, 221, 0, 204, 1, 0, 35, 0, 0, 42, 1, 0, 250, 4, 157]
1552550593176;[171, 0, 17, 255, 161, 76, 221, 0, 204, 1, 0, 36, 0, 0, 44, 1, 0, 248, 4, 132]
1552550593348;[171, 0, 4, 255, 132, 128, 64]
1552550593350;[171, 0, 17, 255, 161, 76, 221, 0, 205, 1, 0, 30, 0, 0, 42, 1, 0, 246, 4, 154]
1552550593521;[171, 0, 17, 255, 161, 76, 221, 0, 205, 1, 0, 30, 0, 0, 42, 1, 0, 249, 4, 188]
1552550593523;[171, 0, 17, 255, 161, 76, 221, 0, 205, 1, 0, 30, 0, 0, 41, 1, 0, 246, 4, 197]
1552550593693;[171, 0, 17, 255, 161, 76, 221, 0, 205, 1, 0, 33, 0, 0, 42, 1, 0, 248, 4, 203]
1552550593695;[171, 0, 17, 255, 161, 76, 221, 0, 205, 1, 0, 27, 0, 0, 43, 1, 0, 249, 4, 198]
1552550593875;[171, 0, 17, 255, 161, 76, 221, 0, 205, 1, 0, 37, 0, 0, 42, 1, 0, 249, 4, 177]
1552550594037;[171, 0, 17, 255, 161, 76, 221, 0, 205, 1, 0, 33, 0, 0, 41, 1, 0, 249, 4, 150]
1552550594039;[171, 0, 17, 255, 161, 76, 221, 0, 205, 1, 0, 32, 0, 0, 41, 1, 0, 248, 4, 122]
1552550594237;[171, 0, 17, 255, 161, 76, 221, 0, 205, 1, 0, 33, 0, 0, 41, 1, 0, 246, 4, 81]
1552550594238;[171, 0, 17, 255, 161, 76, 221, 0, 205, 1, 0, 33, 0, 0, 41, 1, 0, 248, 4, 63]
1552550594382;[171, 0, 4, 255, 132, 128, 64]
1552550594555;[171, 0, 17, 255, 161, 76, 221, 0, 206, 1, 0, 31, 0, 0, 42, 1, 0, 243, 4, 94]
1552550594556;[171, 0, 17, 255, 161, 76, 221, 0, 206, 1, 0, 32, 0, 0, 42, 1, 0, 249, 4, 130]
1552550594728;[171, 0, 17, 255, 161, 76, 221, 0, 206, 1, 0, 32, 0, 0, 42, 1, 0, 249, 4, 143]
1552550594730;[171, 0, 17, 255, 161, 76, 221, 0, 206, 1, 0, 37, 0, 0, 41, 1, 0, 249, 4, 160]
1552550594901;[171, 0, 17, 255, 161, 76, 221, 0, 206, 1, 0, 35, 0, 0, 42, 1, 0, 246, 4, 142]
1552550595075;[171, 0, 17, 255, 161, 76, 221, 0, 206, 1, 0, 35, 0, 0, 41, 1, 0, 249, 4, 135]
1552550595077;[171, 0, 17, 255, 161, 76, 221, 0, 206, 1, 0, 30, 0, 0, 41, 1, 0, 249, 4, 113]
1552550595248;[171, 0, 17, 255, 161, 76, 221, 0, 206, 1, 0, 33, 0, 0, 43, 1, 0, 246, 4, 75]
1552550595250;[171, 0, 17, 255, 161, 76, 221, 0, 206, 1, 0, 35, 0, 0, 41, 1, 0, 254, 4, 42]
1552550595418;[171, 0, 17, 255, 161, 76, 221, 0, 206, 1, 0, 33, 0, 0, 42, 1, 0, 250, 4, 26]
1552550595420;[171, 0, 4, 255, 132, 128, 64]
1552550595591;[171, 0, 17, 255, 161, 76, 221, 0, 207, 1, 0, 32, 0, 0, 40, 1, 0, 249, 4, 63]
1552550595765;[171, 0, 17, 255, 161, 76, 221, 0, 207, 1, 0, 33, 0, 0, 41, 1, 0, 250, 4, 104]
1552550595767;[171, 0, 17, 255, 161, 76, 221, 0, 207, 1, 0, 33, 0, 0, 44, 1, 0, 248, 4, 105]
1552550595938;[171, 0, 17, 255, 161, 76, 221, 0, 207, 1, 0, 32, 0, 0, 40, 1, 0, 248, 4, 119]
1552550595940;[171, 0, 17, 255, 161, 76, 221, 0, 207, 1, 0, 37, 0, 0, 40, 1, 0, 246, 4, 119]
1552550596108;[171, 0, 17, 255, 161, 76, 221, 0, 207, 1, 0, 37, 0, 0, 42, 1, 0, 248, 4, 109]
1552550596110;[171, 0, 17, 255, 161, 76, 221, 0, 207, 1, 0, 32, 0, 0, 42, 1, 0, 247, 4, 84]
1552550596283;[171, 0, 17, 255, 161, 76, 221, 0, 207, 1, 0, 31, 0, 0, 41, 1, 0, 248, 4, 66]
1552550596455;[171, 0, 17, 255, 161, 76, 221, 0, 207, 1, 0, 32, 0, 0, 42, 1, 0, 248, 4, 70]
1552550596457;[171, 0, 17, 255, 161, 76, 221, 0, 207, 1, 0, 33, 0, 0, 42, 1, 0, 248, 4, 107]
1552550596626;[171, 0, 4, 255, 132, 128, 64]
1552550596628;[171, 0, 17, 255, 161, 76, 221, 0, 208, 1, 0, 36, 0, 0, 43, 1, 0, 247, 4, 139]
1552550596800;[171, 0, 17, 255, 161, 76, 221, 0, 208, 1, 0, 27, 0, 0, 42, 1, 0, 249, 4, 160]
1552550596801;[171, 0, 17, 255, 161, 76, 221, 0, 208, 1, 0, 32, 0, 0, 42, 1, 0, 246, 4, 168]
1552550596973;[171, 0, 17, 255, 161, 76, 221, 0, 208, 1, 0, 33, 0, 0, 42, 1, 0, 248, 4, 161]
1552550597143;[171, 0, 17, 255, 161, 76, 221, 0, 208, 1, 0, 31, 0, 0, 42, 1, 0, 246, 4, 156]
1552550597145;[171, 0, 17, 255, 161, 76, 221, 0, 208, 1, 0, 33, 0, 0, 41, 1, 0, 254, 4, 134]
1552550597316;[171, 0, 17, 255, 161, 76, 221, 0, 208, 1, 0, 30, 0, 0, 41, 1, 0, 246, 4, 104]
1552550597318;[171, 0, 17, 255, 161, 76, 221, 0, 208, 1, 0, 30, 0, 0, 43, 1, 0, 248, 4, 101]
1552550597490;[171, 0, 17, 255, 161, 76, 221, 0, 208, 1, 0, 33, 0, 0, 41, 1, 0, 247, 4, 150]
1552550597661;[171, 0, 17, 255, 161, 76, 221, 0, 208, 1, 0, 37, 0, 0, 41, 1, 0, 243, 4, 192]
1552550597662;[171, 0, 4, 255, 132, 128, 64]
1552550597833;[171, 0, 17, 255, 161, 76, 221, 0, 209, 1, 0, 35, 0, 0, 42, 1, 0, 243, 4, 219]
1552550597835;[171, 0, 17, 255, 161, 76, 221, 0, 209, 1, 0, 33, 0, 0, 43, 1, 0, 248, 4, 219]
1552550598008;[171, 0, 17, 255, 161, 76, 221, 0, 209, 1, 0, 30, 0, 0, 41, 1, 0, 249, 4, 211]
1552550598010;[171, 0, 17, 255, 161, 76, 221, 0, 209, 1, 0, 33, 0, 0, 42, 1, 0, 249, 4, 200]
1552550598177;[171, 0, 17, 255, 161, 76, 221, 0, 209, 1, 0, 39, 0, 0, 39, 1, 0, 249, 4, 167]
1552550598351;[171, 0, 17, 255, 161, 76, 221, 0, 209, 1, 0, 35, 0, 0, 44, 1, 0, 249, 4, 140]
1552550598353;[171, 0, 17, 255, 161, 76, 221, 0, 209, 1, 0, 33, 0, 0, 42, 1, 0, 249, 4, 115]
1552550598525;[171, 0, 17, 255, 161, 76, 221, 0, 209, 1, 0, 35, 0, 0, 41, 1, 0, 249, 4, 152]
1552550598527;[171, 0, 17, 255, 161, 76, 221, 0, 209, 1, 0, 33, 0, 0, 42, 1, 0, 246, 4, 188]
1552550598698;[171, 0, 17, 255, 161, 76, 221, 0, 209, 1, 0, 29, 0, 0, 40, 1, 0, 246, 4, 205]
1552550598699;[171, 0, 4, 255, 132, 128, 64]
1552550598870;[171, 0, 17, 255, 161, 76, 221, 0, 210, 1, 0, 37, 0, 0, 42, 1, 0, 254, 4, 214]
1552550599041;[171, 0, 17, 255, 161, 76, 221, 0, 210, 1, 0, 30, 0, 0, 41, 1, 0, 246, 4, 211]
1552550599052;[171, 0, 17, 255, 161, 76, 221, 0, 210, 1, 0, 30, 0, 0, 41, 1, 0, 247, 4, 193]
1552550599215;[171, 0, 17, 255, 161, 76, 221, 0, 210, 1, 0, 35, 0, 0, 42, 1, 0, 254, 4, 169]
1552550599217;[171, 0, 17, 255, 161, 76, 221, 0, 210, 1, 0, 33, 0, 0, 41, 1, 0, 249, 4, 137]
1552550599385;[171, 0, 17, 255, 161, 76, 221, 0, 210, 1, 0, 33, 0, 0, 41, 1, 0, 246, 4, 150]
1552550599558;[171, 0, 17, 255, 161, 76, 221, 0, 210, 1, 0, 37, 0, 0, 41, 1, 0, 246, 4, 183]
1552550599560;[171, 0, 17, 255, 161, 76, 221, 0, 210, 1, 0, 33, 0, 0, 42, 1, 0, 248, 4, 199]
1552550599732;[171, 0, 17, 255, 161, 76, 221, 0, 210, 1, 0, 35, 0, 0, 41, 1, 0, 248, 4, 196]
1552550599734;[171, 0, 17, 255, 161, 76, 221, 0, 210, 1, 0, 33, 0, 0, 42, 1, 0, 248, 4, 208]
1552550599903;[171, 0, 4, 255, 132, 128, 64]
1552550599905;[171, 0, 17, 255, 161, 76, 221, 0, 211, 1, 0, 27, 0, 0, 42, 1, 0, 248, 4, 176]
1552550600077;[171, 0, 17, 255, 161, 76, 221, 0, 211, 1, 0, 35, 0, 0, 42, 1, 0, 249, 4, 151]
1552550600248;[171, 0, 17, 255, 161, 76, 221, 0, 211, 1, 0, 37, 0, 0, 42, 1, 0, 243, 4, 114]
1552550600250;[171, 0, 17, 255, 161, 76, 221, 0, 211, 1, 0, 35, 0, 0, 42, 1, 0, 249, 4, 76]
1552550600423;[171, 0, 17, 255, 161, 76, 221, 0, 211, 1, 0, 32, 0, 0, 42, 1, 0, 248, 4, 112]
1552550600595;[171, 0, 17, 255, 161, 76, 221, 0, 211, 1, 0, 30, 0, 0, 43, 1, 0, 248, 4, 139]
1552550600596;[171, 0, 17, 255, 161, 76, 221, 0, 211, 1, 0, 37, 0, 0, 42, 1, 0, 243, 4, 156]
1552550600598;[171, 0, 17, 255, 161, 76, 221, 0, 211, 1, 0, 33, 0, 0, 41, 1, 0, 249, 4, 157]
1552550600766;[171, 0, 17, 255, 161, 76, 221, 0, 211, 1, 0, 33, 0, 0, 46, 1, 0, 246, 4, 142]
1552550601111;[171, 0, 17, 255, 161, 76, 221, 0, 211, 1, 0, 35, 0, 0, 42, 1, 0, 247, 4, 124]
1552550601113;[171, 0, 4, 255, 132, 128, 64]
1552550601115;[171, 0, 17, 255, 161, 76, 221, 0, 212, 1, 0, 33, 0, 0, 41, 1, 0, 246, 4, 91]
1552550601116;[171, 0, 17, 255, 161, 76, 221, 0, 212, 1, 0, 33, 0, 0, 42, 1, 0, 249, 4, 55]
1552550601283;[171, 0, 17, 255, 161, 76, 221, 0, 212, 1, 0, 35, 0, 0, 42, 1, 0, 248, 4, 7]
1552550601630;[171, 0, 17, 255, 161, 76, 221, 0, 212, 1, 0, 30, 0, 0, 42, 1, 0, 243, 3, 239]
1552550601632;[171, 0, 17, 255, 161, 76, 221, 0, 212, 1, 0, 33, 0, 0, 40, 1, 0, 249, 4, 13]
1552550601633;[171, 0, 17, 255, 161, 76, 221, 0, 212, 1, 0, 31, 0, 0, 42, 1, 0, 248, 4, 31]
1552550601635;[171, 0, 17, 255, 161, 76, 221, 0, 212, 1, 0, 33, 0, 0, 41, 1, 0, 249, 4, 36]
1552550601800;[171, 0, 17, 255, 161, 76, 221, 0, 212, 1, 0, 35, 0, 0, 42, 1, 0, 245, 4, 26]
1552550601802;[171, 0, 17, 255, 161, 76, 221, 0, 212, 1, 0, 36, 0, 0, 41, 1, 0, 245, 4, 10]
1552550601973;[171, 0, 17, 255, 161, 76, 221, 0, 212, 1, 0, 33, 0, 0, 42, 1, 0, 249, 3, 239]
1552550602145;[171, 0, 4, 255, 132, 128, 64]
1552550602147;[171, 0, 17, 255, 161, 76, 221, 0, 213, 1, 0, 33, 0, 0, 44, 1, 0, 249, 3, 212]
1552550602320;[171, 0, 17, 255, 161, 76, 221, 0, 213, 1, 0, 33, 0, 0, 43, 1, 0, 248, 3, 163]
1552550602321;[171, 0, 17, 255, 161, 76, 221, 0, 213, 1, 0, 32, 0, 0, 41, 1, 0, 249, 3, 130]
1552550602491;[171, 0, 17, 255, 161, 76, 221, 0, 213, 1, 0, 33, 0, 0, 42, 1, 0, 245, 3, 95]
1552550602663;[171, 0, 17, 255, 161, 76, 221, 0, 213, 1, 0, 33, 0, 0, 42, 1, 0, 249, 3, 115]
1552550602665;[171, 0, 17, 255, 161, 76, 221, 0, 213, 1, 0, 33, 0, 0, 42, 1, 0, 243, 3, 129]
1552550602837;[171, 0, 17, 255, 161, 76, 221, 0, 213, 1, 0, 33, 0, 0, 42, 1, 0, 246, 3, 128]
1552550602839;[171, 0, 17, 255, 161, 76, 221, 0, 213, 1, 0, 33, 0, 0, 41, 1, 0, 246, 3, 130]
1552550603008;[171, 0, 17, 255, 161, 76, 221, 0, 213, 1, 0, 37, 0, 0, 41, 1, 0, 248, 3, 106]
1552550603011;[171, 0, 17, 255, 161, 76, 221, 0, 213, 1, 0, 30, 0, 0, 41, 1, 0, 248, 3, 81]
1552550603180;[171, 0, 4, 255, 132, 128, 64]
1552550603355;[171, 0, 17, 255, 161, 76, 221, 0, 214, 1, 0, 32, 0, 0, 44, 1, 0, 249, 3, 45]
1552550603357;[171, 0, 17, 255, 161, 76, 221, 0, 214, 1, 0, 39, 0, 0, 42, 1, 0, 248, 3, 9]
1552550603528;[171, 0, 17, 255, 161, 76, 221, 0, 214, 1, 0, 33, 0, 0, 41, 1, 0, 248, 3, 9]
1552550603529;[171, 0, 17, 255, 161, 76, 221, 0, 214, 1, 0, 33, 0, 0, 43, 1, 0, 249, 3, 21]
1552550603698;[171, 0, 17, 255, 161, 76, 221, 0, 214, 1, 0, 33, 0, 0, 36, 1, 0, 249, 3, 35]
1552550603700;[171, 0, 17, 255, 161, 76, 221, 0, 214, 1, 0, 37, 0, 0, 41, 1, 0, 248, 3, 53]
1552550603873;[171, 0, 17, 255, 161, 76, 221, 0, 214, 1, 0, 29, 0, 0, 42, 1, 0, 246, 3, 48]
1552550604045;[171, 0, 17, 255, 161, 76, 221, 0, 214, 1, 0, 35, 0, 0, 42, 1, 0, 248, 3, 44]
1552550604047;[171, 0, 17, 255, 161, 76, 221, 0, 214, 1, 0, 33, 0, 0, 41, 1, 0, 248, 3, 31]
1552550604217;[171, 0, 17, 255, 161, 76, 221, 0, 214, 1, 0, 32, 0, 0, 42, 1, 0, 245, 3, 15]
1552550604219;[171, 0, 4, 255, 132, 128, 64]
1552550604389;[171, 0, 17, 255, 161, 76, 221, 0, 215, 1, 0, 33, 0, 0, 41, 1, 0, 248, 2, 235]
1552550604561;[171, 0, 17, 255, 161, 76, 221, 0, 215, 1, 0, 31, 0, 0, 41, 1, 0, 249, 2, 206]
1552550604563;[171, 0, 17, 255, 161, 76, 221, 0, 215, 1, 0, 33, 0, 0, 40, 1, 0, 246, 2, 164]
1552550604736;[171, 0, 17, 255, 161, 76, 221, 0, 215, 1, 0, 32, 0, 0, 40, 1, 0, 249, 2, 172]
1552550604738;[171, 0, 17, 255, 161, 76, 221, 0, 215, 1, 0, 37, 0, 0, 41, 1, 0, 248, 2, 189]
1552550604908;[171, 0, 17, 255, 161, 76, 221, 0, 215, 1, 0, 37, 0, 0, 41, 1, 0, 249, 2, 199]
1552550605078;[171, 0, 17, 255, 161, 76, 221, 0, 215, 1, 0, 30, 0, 0, 43, 1, 0, 248, 2, 208]
1552550605250;[171, 0, 17, 255, 161, 76, 221, 0, 215, 1, 0, 39, 0, 0, 40, 1, 0, 249, 2, 195]
1552550605253;[171, 0, 17, 255, 161, 76, 221, 0, 215, 1, 0, 33, 0, 0, 41, 1, 0, 247, 2, 189]
1552550605255;[171, 0, 17, 255, 161, 76, 221, 0, 215, 1, 0, 33, 0, 0, 42, 1, 0, 248, 2, 164]
1552550605423;[171, 0, 4, 255, 132, 128, 64]
1552550605425;[171, 0, 17, 255, 161, 76, 221, 0, 216, 1, 0, 33, 0, 0, 40, 1, 0, 248, 2, 145]
1552550605595;[171, 0, 17, 255, 161, 76, 221, 0, 216, 1, 0, 33, 0, 0, 41, 1, 0, 248, 2, 117]
1552550605597;[171, 0, 17, 255, 161, 76, 221, 0, 216, 1, 0, 32, 0, 0, 43, 1, 0, 248, 2, 98]
1552550605942;[171, 0, 17, 255, 161, 76, 221, 0, 216, 1, 0, 35, 0, 0, 42, 1, 0, 246, 2, 123]
1552550605944;[171, 0, 17, 255, 161, 76, 221, 0, 216, 1, 0, 33, 0, 0, 43, 1, 0, 250, 2, 141]
1552550605946;[171, 0, 17, 255, 161, 76, 221, 0, 216, 1, 0, 33, 0, 0, 41, 1, 0, 246, 2, 154]
1552550606121;[171, 0, 17, 255, 161, 76, 221, 0, 216, 1, 0, 35, 0, 0, 40, 1, 0, 243, 2, 158]
1552550606288;[171, 0, 17, 255, 161, 76, 221, 0, 216, 1, 0, 33, 0, 0, 42, 1, 0, 249, 2, 162]
1552550606289;[171, 0, 17, 255, 161, 76, 221, 0, 216, 1, 0, 35, 0, 0, 44, 1, 0, 249, 2, 139]
1552550606459;[171, 0, 17, 255, 161, 76, 221, 0, 216, 1, 0, 37, 0, 0, 39, 1, 0, 248, 2, 128]
1552550606460;[171, 0, 4, 255, 132, 128, 64]
1552550606631;[171, 0, 17, 255, 161, 76, 221, 0, 217, 1, 0, 39, 0, 0, 41, 1, 0, 249, 2, 100]
1552550606633;[171, 0, 17, 255, 161, 76, 221, 0, 217, 1, 0, 32, 0, 0, 42, 1, 0, 249, 2, 101]
1552550606805;[171, 0, 17, 255, 161, 76, 221, 0, 217, 1, 0, 35, 0, 0, 40, 1, 0, 246, 2, 138]
1552550606807;[171, 0, 17, 255, 161, 76, 221, 0, 217, 1, 0, 35, 0, 0, 46, 1, 0, 246, 2, 168]
1552550606976;[171, 0, 17, 255, 161, 76, 221, 0, 217, 1, 0, 33, 0, 0, 43, 1, 0, 248, 2, 177]
1552550607148;[171, 0, 17, 255, 161, 76, 221, 0, 217, 1, 0, 35, 0, 0, 42, 1, 0, 246, 2, 190]
1552550607323;[171, 0, 17, 255, 161, 76, 221, 0, 217, 1, 0, 37, 0, 0, 42, 1, 0, 245, 2, 182]
1552550607535;[171, 0, 17, 255, 161, 76, 221, 0, 217, 1, 0, 33, 0, 0, 40, 1, 0, 248, 2, 169]
1552550607535;[171, 0, 17, 255, 161, 76, 221, 0, 217, 1, 0, 33, 0, 0, 41, 1, 0, 249, 2, 148]
1552550607668;[171, 0, 17, 255, 161, 76, 221, 0, 220, 1, 0, 29, 0, 0, 44, 1, 0, 245, 2, 78]
1552550607838;[171, 0, 17, 255, 161, 76, 221, 0, 220, 1, 0, 27, 0, 0, 42, 1, 0, 245, 2, 99]
1552550607840;[171, 0, 17, 255, 161, 76, 221, 0, 220, 1, 0, 27, 0, 0, 45, 1, 0, 246, 2, 106]
1552550608012;[171, 0, 17, 255, 161, 76, 221, 0, 220, 1, 0, 23, 0, 0, 43, 1, 0, 246, 2, 102]
1552550608014;[171, 0, 17, 255, 161, 76, 221, 0, 220, 1, 0, 32, 0, 0, 46, 1, 0, 248, 2, 92]
1552550608183;[171, 0, 17, 255, 161, 76, 221, 0, 220, 1, 0, 24, 0, 0, 44, 1, 0, 249, 2, 71]
1552550608358;[171, 0, 17, 255, 161, 76, 221, 0, 220, 1, 0, 29, 0, 0, 44, 1, 0, 249, 2, 42]
1552550608360;[171, 0, 17, 255, 161, 76, 221, 0, 220, 1, 0, 29, 0, 0, 43, 1, 0, 249, 2, 46]
1552550608530;[171, 0, 17, 255, 161, 76, 221, 0, 220, 1, 0, 29, 0, 0, 44, 1, 0, 249, 2, 104]
1552550608532;[171, 0, 17, 255, 161, 76, 221, 0, 220, 1, 0, 30, 0, 0, 46, 1, 0, 249, 2, 151]
1552550608873;[171, 0, 4, 255, 132, 128, 64]
1552550608875;[171, 0, 17, 255, 161, 76, 221, 0, 221, 1, 0, 29, 0, 0, 46, 1, 0, 245, 2, 180]
1552550608876;[171, 0, 17, 255, 161, 76, 221, 0, 221, 1, 0, 43, 0, 0, 42, 1, 0, 249, 2, 213]
1552550609045;[171, 0, 17, 255, 161, 76, 221, 0, 221, 1, 0, 41, 0, 0, 42, 1, 0, 250, 2, 218]
1552550609047;[171, 0, 17, 255, 161, 76, 221, 0, 221, 1, 0, 40, 0, 0, 42, 1, 0, 246, 2, 212]
1552550609218;[171, 0, 17, 255, 161, 76, 221, 0, 221, 1, 0, 40, 0, 0, 44, 1, 0, 248, 2, 199]
1552550609220;[171, 0, 17, 255, 161, 76, 221, 0, 221, 1, 0, 37, 0, 0, 44, 1, 0, 249, 2, 174]
1552550609390;[171, 0, 17, 255, 161, 76, 221, 0, 221, 1, 0, 40, 0, 0, 42, 1, 0, 248, 2, 147]
1552550609563;[171, 0, 17, 255, 161, 76, 221, 0, 221, 1, 0, 33, 0, 0, 42, 1, 0, 243, 2, 144]
1552550609566;[171, 0, 17, 255, 161, 76, 221, 0, 221, 1, 0, 40, 0, 0, 43, 1, 0, 246, 2, 182]
1552550609735;[171, 0, 17, 255, 161, 76, 221, 0, 221, 1, 0, 33, 0, 0, 46, 1, 0, 242, 2, 214]
1552550609737;[171, 0, 4, 255, 132, 128, 64]
1552550609908;[171, 0, 17, 255, 161, 76, 221, 0, 222, 1, 0, 40, 0, 0, 42, 1, 0, 249, 2, 227]
1552550609910;[171, 0, 17, 255, 161, 76, 221, 0, 222, 1, 0, 40, 0, 0, 42, 1, 0, 249, 2, 240]
1552550610252;[171, 0, 17, 255, 161, 76, 221, 0, 222, 1, 0, 40, 0, 0, 43, 1, 0, 246, 2, 230]
1552550610254;[171, 0, 17, 255, 161, 76, 221, 0, 222, 1, 0, 35, 0, 0, 44, 1, 0, 245, 2, 215]
1552550610255;[171, 0, 17, 255, 161, 76, 221, 0, 222, 1, 0, 39, 0, 0, 44, 1, 0, 248, 2, 190]
1552550610425;[171, 0, 17, 255, 161, 76, 221, 0, 222, 1, 0, 39, 0, 0, 42, 1, 0, 248, 2, 154]
1552550610427;[171, 0, 17, 255, 161, 76, 221, 0, 222, 1, 0, 33, 0, 0, 46, 1, 0, 248, 2, 126]
1552550610598;[171, 0, 17, 255, 161, 76, 221, 0, 222, 1, 0, 37, 0, 0, 42, 1, 0, 247, 2, 144]
1552550610600;[171, 0, 17, 255, 161, 76, 221, 0, 222, 1, 0, 37, 0, 0, 44, 1, 0, 248, 2, 171]
1552550610770;[171, 0, 17, 255, 161, 76, 221, 0, 222, 1, 0, 37, 0, 0, 42, 1, 0, 248, 2, 172]
1552550610943;[171, 0, 4, 255, 132, 128, 64]
1552550610945;[171, 0, 17, 255, 161, 76, 221, 0, 223, 1, 0, 39, 0, 0, 43, 1, 0, 249, 2, 165]
1552550611288;[171, 0, 17, 255, 161, 76, 221, 0, 223, 1, 0, 40, 0, 0, 42, 1, 0, 246, 2, 157]
1552550611290;[171, 0, 17, 255, 161, 76, 221, 0, 223, 1, 0, 37, 0, 0, 44, 1, 0, 246, 2, 131]
1552550611292;[171, 0, 17, 255, 161, 76, 221, 0, 223, 1, 0, 40, 0, 0, 43, 1, 0, 243, 2, 101]
1552550611460;[171, 0, 17, 255, 161, 76, 221, 0, 223, 1, 0, 35, 0, 0, 44, 1, 0, 248, 2, 74]
1552550611463;[171, 0, 17, 255, 161, 76, 221, 0, 223, 1, 0, 37, 0, 0, 43, 1, 0, 249, 2, 34]
1552550611633;[171, 0, 17, 255, 161, 76, 221, 0, 223, 1, 0, 30, 0, 0, 43, 1, 0, 247, 2, 25]
1552550611635;[171, 0, 17, 255, 161, 76, 221, 0, 223, 1, 0, 33, 0, 0, 41, 1, 0, 246, 2, 50]
1552550611805;[171, 0, 17, 255, 161, 76, 221, 0, 223, 1, 0, 37, 0, 0, 44, 1, 0, 243, 2, 68]
1552550611808;[171, 0, 17, 255, 161, 76, 221, 0, 223, 1, 0, 35, 0, 0, 43, 1, 0, 249, 2, 85]
1552550611978;[171, 0, 4, 255, 132, 128, 64]
1552550612150;[171, 0, 17, 255, 161, 76, 221, 0, 224, 1, 0, 35, 0, 0, 43, 1, 0, 248, 2, 84]
1552550612152;[171, 0, 17, 255, 161, 76, 221, 0, 224, 1, 0, 40, 0, 0, 44, 1, 0, 245, 2, 70]
1552550612323;[171, 0, 17, 255, 161, 76, 221, 0, 224, 1, 0, 35, 0, 0, 42, 1, 0, 249, 2, 47]
1552550612325;[171, 0, 17, 255, 161, 76, 221, 0, 224, 1, 0, 37, 0, 0, 44, 1, 0, 245, 2, 20]
1552550612495;[171, 0, 17, 255, 161, 76, 221, 0, 224, 1, 0, 40, 0, 0, 44, 1, 0, 245, 1, 250]
1552550612497;[171, 0, 17, 255, 161, 76, 221, 0, 224, 1, 0, 40, 0, 0, 42, 1, 0, 246, 1, 221]
1552550612668;[171, 0, 17, 255, 161, 76, 221, 0, 224, 1, 0, 40, 0, 0, 42, 1, 0, 246, 1, 242]
1552550612840;[171, 0, 17, 255, 161, 76, 221, 0, 224, 1, 0, 33, 0, 0, 42, 1, 0, 249, 2, 13]
1552550612842;[171, 0, 17, 255, 161, 76, 221, 0, 224, 1, 0, 33, 0, 0, 42, 1, 0, 248, 2, 24]
1552550613013;[171, 0, 17, 255, 161, 76, 221, 0, 224, 1, 0, 39, 0, 0, 42, 1, 0, 248, 2, 34]
1552550613014;[171, 0, 4, 255, 132, 128, 64]
1552550613185;[171, 0, 17, 255, 161, 76, 221, 0, 225, 1, 0, 37, 0, 0, 44, 1, 0, 248, 2, 23]
1552550613358;[171, 0, 17, 255, 161, 76, 221, 0, 225, 1, 0, 40, 0, 0, 42, 1, 0, 246, 2, 9]
1552550613360;[171, 0, 17, 255, 161, 76, 221, 0, 225, 1, 0, 37, 0, 0, 46, 1, 0, 248, 1, 250]
1552550613530;[171, 0, 17, 255, 161, 76, 221, 0, 225, 1, 0, 40, 0, 0, 43, 1, 0, 249, 1, 215]
1552550613532;[171, 0, 17, 255, 161, 76, 221, 0, 225, 1, 0, 40, 0, 0, 46, 1, 0, 249, 1, 199]
1552550613706;[171, 0, 17, 255, 161, 76, 221, 0, 225, 1, 0, 37, 0, 0, 42, 1, 0, 246, 1, 239]
1552550613706;[171, 0, 17, 255, 161, 76, 221, 0, 225, 1, 0, 40, 0, 0, 44, 1, 0, 245, 2, 16]
1552550613875;[171, 0, 17, 255, 161, 76, 221, 0, 225, 1, 0, 39, 0, 0, 42, 1, 0, 249, 2, 39]
1552550614048;[171, 0, 17, 255, 161, 76, 221, 0, 225, 1, 0, 37, 0, 0, 44, 1, 0, 250, 2, 51]
1552550614050;[171, 0, 17, 255, 161, 76, 221, 0, 225, 1, 0, 40, 0, 0, 42, 1, 0, 249, 2, 46]
1552550614220;[171, 0, 4, 255, 132, 128, 64]
1552550614222;[171, 0, 17, 255, 161, 76, 221, 0, 226, 1, 0, 40, 0, 0, 44, 1, 0, 246, 2, 37]
1552550614393;[171, 0, 17, 255, 161, 76, 221, 0, 226, 1, 0, 37, 0, 0, 44, 1, 0, 246, 2, 14]
1552550614395;[171, 0, 17, 255, 161, 76, 221, 0, 226, 1, 0, 40, 0, 0, 44, 1, 0, 247, 1, 241]
1552550614565;[171, 0, 17, 255, 161, 76, 221, 0, 226, 1, 0, 37, 0, 0, 42, 1, 0, 249, 1, 203]
1552550614738;[171, 0, 17, 255, 161, 76, 221, 0, 226, 1, 0, 35, 0, 0, 44, 1, 0, 250, 1, 201]
1552550614740;[171, 0, 17, 255, 161, 76, 221, 0, 226, 1, 0, 37, 0, 0, 43, 1, 0, 246, 1, 231]
1552550614910;[171, 0, 17, 255, 161, 76, 221, 0, 226, 1, 0, 39, 0, 0, 42, 1, 0, 250, 2, 13]
1552550614912;[171, 0, 17, 255, 161, 76, 221, 0, 226, 1, 0, 33, 0, 0, 42, 1, 0, 243, 2, 29]
1552550615083;[171, 0, 17, 255, 161, 76, 221, 0, 226, 1, 0, 37, 0, 0, 42, 1, 0, 243, 2, 27]
1552550615255;[171, 0, 17, 255, 161, 76, 221, 0, 226, 1, 0, 35, 0, 0, 44, 1, 0, 245, 2, 22]
1552550615257;[171, 0, 4, 255, 132, 128, 64]
1552550615428;[171, 0, 17, 255, 161, 76, 221, 0, 227, 1, 0, 40, 0, 0, 46, 1, 0, 248, 1, 255]
1552550615430;[171, 0, 17, 255, 161, 76, 221, 0, 227, 1, 0, 33, 0, 0, 41, 1, 0, 249, 1, 238]
1552550615600;[171, 0, 17, 255, 161, 76, 221, 0, 227, 1, 0, 33, 0, 0, 41, 1, 0, 249, 1, 204]
1552550615602;[171, 0, 17, 255, 161, 76, 221, 0, 227, 1, 0, 30, 0, 0, 41, 1, 0, 246, 1, 173]
1552550615946;[171, 0, 17, 255, 161, 76, 221, 0, 227, 1, 0, 37, 0, 0, 42, 1, 0, 250, 1, 174]
1552550615948;[171, 0, 17, 255, 161, 76, 221, 0, 227, 1, 0, 32, 0, 0, 44, 1, 0, 249, 1, 206]
1552550615950;[171, 0, 17, 255, 161, 76, 221, 0, 227, 1, 0, 39, 0, 0, 44, 1, 0, 249, 1, 231]
1552550616290;[171, 0, 17, 255, 161, 76, 221, 0, 227, 1, 0, 37, 0, 0, 44, 1, 0, 247, 1, 238]
1552550616292;[171, 0, 17, 255, 161, 76, 221, 0, 227, 1, 0, 35, 0, 0, 43, 1, 0, 249, 1, 234]
1552550616294;[171, 0, 17, 255, 161, 76, 221, 0, 227, 1, 0, 41, 0, 0, 43, 1, 0, 243, 1, 223]
1552550616296;[171, 0, 4, 255, 132, 128, 64]
1552550616463;[171, 0, 17, 255, 161, 76, 221, 0, 228, 1, 0, 37, 0, 0, 43, 1, 0, 246, 1, 212]
1552550616635;[171, 0, 17, 255, 161, 76, 221, 0, 228, 1, 0, 37, 0, 0, 46, 1, 0, 246, 1, 182]
1552550616638;[171, 0, 17, 255, 161, 76, 221, 0, 228, 1, 0, 39, 0, 0, 44, 1, 0, 249, 1, 148]
1552550616808;[171, 0, 17, 255, 161, 76, 221, 0, 228, 1, 0, 40, 0, 0, 46, 1, 0, 246, 1, 115]
1552550616810;[171, 0, 17, 255, 161, 76, 221, 0, 228, 1, 0, 32, 0, 0, 44, 1, 0, 249, 1, 143]
1552550616980;[171, 0, 17, 255, 161, 76, 221, 0, 228, 1, 0, 39, 0, 0, 42, 1, 0, 245, 1, 166]
1552550617153;[171, 0, 17, 255, 161, 76, 221, 0, 228, 1, 0, 39, 0, 0, 42, 1, 0, 246, 1, 181]
1552550617155;[171, 0, 17, 255, 161, 76, 221, 0, 228, 1, 0, 39, 0, 0, 42, 1, 0, 243, 1, 187]
1552550617325;[171, 0, 17, 255, 161, 76, 221, 0, 228, 1, 0, 39, 0, 0, 46, 1, 0, 248, 1, 175]
1552550617327;[171, 0, 17, 255, 161, 76, 221, 0, 228, 1, 0, 40, 0, 0, 44, 1, 0, 249, 1, 161]
1552550617498;[171, 0, 4, 255, 132, 128, 64]
1552550617500;[171, 0, 17, 255, 161, 76, 221, 0, 229, 1, 0, 40, 0, 0, 42, 1, 0, 249, 1, 135]
1552550617671;[171, 0, 17, 255, 161, 76, 221, 0, 229, 1, 0, 37, 0, 0, 41, 1, 0, 246, 1, 108]
1552550617843;[171, 0, 17, 255, 161, 76, 221, 0, 229, 1, 0, 37, 0, 0, 43, 1, 0, 248, 1, 74]
1552550617845;[171, 0, 17, 255, 161, 76, 221, 0, 229, 1, 0, 35, 0, 0, 43, 1, 0, 248, 1, 57]
1552550618015;[171, 0, 17, 255, 161, 76, 221, 0, 229, 1, 0, 33, 0, 0, 42, 1, 0, 247, 1, 86]
1552550618017;[171, 0, 17, 255, 161, 76, 221, 0, 229, 1, 0, 37, 0, 0, 44, 1, 0, 249, 1, 113]
1552550618188;[171, 0, 17, 255, 161, 76, 221, 0, 229, 1, 0, 33, 0, 0, 42, 1, 0, 248, 1, 121]
1552550618360;[171, 0, 17, 255, 161, 76, 221, 0, 229, 1, 0, 40, 0, 0, 43, 1, 0, 250, 1, 124]
1552550618362;[171, 0, 17, 255, 161, 76, 221, 0, 229, 1, 0, 35, 0, 0, 42, 1, 0, 247, 1, 126]
1552550618706;[171, 0, 17, 255, 161, 76, 221, 0, 229, 1, 0, 39, 0, 0, 44, 1, 0, 242, 1, 107]
1552550618707;[171, 0, 4, 255, 132, 128, 64]
1552550618710;[171, 0, 17, 255, 161, 76, 221, 0, 230, 1, 0, 35, 0, 0, 42, 1, 0, 247, 1, 73]
1552550618711;[171, 0, 17, 255, 161, 76, 221, 0, 230, 1, 0, 33, 0, 0, 44, 1, 0, 248, 1, 28]
1552550618878;[171, 0, 17, 255, 161, 76, 221, 0, 230, 1, 0, 35, 0, 0, 41, 1, 0, 248, 0, 204]
1552550619050;[171, 0, 17, 255, 161, 76, 221, 0, 230, 1, 0, 32, 0, 0, 44, 1, 0, 246, 16, 144]
1552550619053;[171, 0, 17, 255, 161, 76, 221, 0, 230, 1, 0, 35, 0, 0, 41, 1, 0, 249, 7, 215]
1552550619223;[171, 0, 17, 255, 161, 76, 221, 0, 230, 1, 0, 32, 0, 0, 42, 1, 0, 250, 7, 214]
1552550619225;[171, 0, 17, 255, 161, 76, 221, 0, 230, 1, 0, 33, 0, 0, 43, 1, 0, 243, 7, 199]
1552550619395;[171, 0, 17, 255, 161, 76, 221, 0, 230, 1, 0, 34, 0, 0, 42, 1, 0, 247, 7, 186]
1552550619397;[171, 0, 17, 255, 161, 76, 221, 0, 230, 1, 0, 30, 0, 0, 42, 1, 0, 249, 7, 167]
1552550619568;[171, 0, 17, 255, 161, 76, 221, 0, 230, 1, 0, 34, 0, 0, 41, 1, 0, 248, 7, 144]
1552550619740;[171, 0, 4, 255, 132, 128, 64]
1552550619743;[171, 0, 17, 255, 161, 76, 221, 0, 231, 1, 0, 33, 0, 0, 43, 1, 0, 246, 7, 115]
1552550619913;[171, 0, 17, 255, 161, 76, 221, 0, 231, 1, 0, 39, 0, 0, 43, 1, 0, 246, 7, 84]
1552550619915;[171, 0, 17, 255, 161, 76, 221, 0, 231, 1, 0, 33, 0, 0, 43, 1, 0, 249, 7, 56]
1552550620085;[171, 0, 17, 255, 161, 76, 221, 0, 231, 1, 0, 39, 0, 0, 42, 1, 0, 249, 7, 81]
1552550620258;[171, 0, 17, 255, 161, 76, 221, 0, 231, 1, 0, 33, 0, 0, 44, 1, 0, 246, 7, 103]
1552550620260;[171, 0, 17, 255, 161, 76, 221, 0, 231, 1, 0, 35, 0, 0, 43, 1, 0, 249, 7, 105]
1552550620431;[171, 0, 17, 255, 161, 76, 221, 0, 231, 1, 0, 37, 0, 0, 43, 1, 0, 246, 7, 100]
1552550620432;[171, 0, 17, 255, 161, 76, 221, 0, 231, 1, 0, 33, 0, 0, 36, 1, 0, 254, 7, 91]
1552550620603;[171, 0, 17, 255, 161, 76, 221, 0, 231, 1, 0, 33, 0, 0, 41, 1, 0, 246, 7, 65]
1552550620606;[171, 0, 17, 255, 161, 76, 221, 0, 231, 1, 0, 32, 0, 0, 42, 1, 0, 247, 7, 40]
1552550620775;[171, 0, 4, 255, 132, 128, 64]
1552550620948;[171, 0, 17, 255, 161, 76, 221, 0, 232, 1, 0, 32, 0, 0, 42, 1, 0, 247, 7, 13]
1552550620950;[171, 0, 17, 255, 161, 76, 221, 0, 232, 1, 0, 32, 0, 0, 41, 1, 0, 248, 6, 232]
1552550621120;[171, 0, 17, 255, 161, 76, 221, 0, 232, 1, 0, 30, 0, 0, 44, 1, 0, 249, 6, 239]
1552550621122;[171, 0, 17, 255, 161, 76, 221, 0, 232, 1, 0, 35, 0, 0, 41, 1, 0, 248, 7, 6]
1552550621293;[171, 0, 17, 255, 161, 76, 221, 0, 232, 1, 0, 35, 0, 0, 41, 1, 0, 249, 7, 29]
1552550621465;[171, 0, 17, 255, 161, 76, 221, 0, 232, 1, 0, 33, 0, 0, 42, 1, 0, 249, 7, 31]
1552550621468;[171, 0, 17, 255, 161, 76, 221, 0, 232, 1, 0, 33, 0, 0, 42, 1, 0, 248, 7, 27]
1552550621638;[171, 0, 17, 255, 161, 76, 221, 0, 232, 1, 0, 32, 0, 0, 44, 1, 0, 247, 7, 24]
1552550621640;[171, 0, 17, 255, 161, 76, 221, 0, 232, 1, 0, 35, 0, 0, 42, 1, 0, 251, 6, 254]
1552550621810;[171, 0, 17, 255, 161, 76, 221, 0, 232, 1, 0, 32, 0, 0, 45, 1, 0, 245, 6, 225]
1552550621812;[171, 0, 4, 255, 132, 128, 64]
1552550621983;[171, 0, 17, 255, 161, 76, 221, 0, 233, 1, 0, 33, 0, 0, 43, 1, 0, 246, 6, 206]
1552550622155;[171, 0, 17, 255, 161, 76, 221, 0, 233, 1, 0, 29, 0, 0, 42, 1, 0, 248, 6, 176]
1552550622158;[171, 0, 17, 255, 161, 76, 221, 0, 233, 1, 0, 37, 0, 0, 30, 1, 1, 3, 6, 199]
1552550622328;[171, 0, 17, 255, 161, 76, 221, 0, 233, 1, 0, 35, 0, 0, 46, 1, 0, 248, 6, 215]
1552550622331;[171, 0, 17, 255, 161, 76, 221, 0, 233, 1, 0, 34, 0, 0, 41, 1, 0, 242, 6, 219]
1552550622500;[171, 0, 17, 255, 161, 76, 221, 0, 233, 1, 0, 39, 0, 0, 46, 1, 0, 248, 6, 228]
1552550622503;[171, 0, 17, 255, 161, 76, 221, 0, 233, 1, 0, 45, 0, 0, 46, 1, 0, 243, 6, 208]
1552550622673;[171, 0, 17, 255, 161, 76, 221, 0, 233, 1, 0, 27, 0, 0, 44, 1, 0, 251, 6, 177]
1552550622845;[171, 0, 17, 255, 161, 76, 221, 0, 233, 1, 0, 37, 0, 0, 44, 1, 0, 248, 6, 171]
1552550622847;[171, 0, 17, 255, 161, 76, 221, 0, 233, 1, 0, 33, 0, 0, 44, 1, 0, 245, 6, 157]
1552550623018;[171, 0, 4, 255, 132, 128, 64]
1552550623020;[171, 0, 17, 255, 161, 76, 221, 0, 234, 1, 0, 8, 0, 0, 30, 1, 1, 8, 6, 132]
1552550623191;[171, 0, 17, 255, 161, 76, 221, 0, 234, 1, 0, 37, 0, 0, 44, 1, 0, 249, 6, 91]
1552550623192;[171, 0, 17, 255, 161, 76, 221, 0, 234, 1, 0, 21, 0, 0, 43, 1, 0, 242, 6, 52]
1552550623364;[171, 0, 17, 255, 161, 76, 221, 0, 234, 1, 0, 26, 0, 0, 42, 1, 0, 243, 6, 49]
1552550623535;[171, 0, 17, 255, 161, 76, 221, 0, 234, 1, 0, 45, 0, 0, 44, 1, 0, 255, 6, 73]
1552550623538;[171, 0, 17, 255, 161, 76, 221, 0, 234, 1, 0, 24, 0, 0, 42, 1, 0, 246, 6, 14]
1552550623708;[171, 0, 17, 255, 161, 76, 221, 0, 234, 1, 0, 22, 0, 0, 42, 1, 0, 246, 5, 217]
1552550623710;[171, 0, 17, 255, 161, 76, 221, 0, 234, 1, 0, 29, 0, 0, 44, 1, 0, 245, 5, 225]
1552550623881;[171, 0, 17, 255, 161, 76, 221, 0, 234, 1, 0, 54, 0, 0, 43, 1, 0, 244, 5, 230]
1552550624053;[171, 0, 17, 255, 161, 76, 221, 0, 234, 1, 0, 41, 0, 0, 42, 1, 0, 245, 5, 222]
1552550624055;[171, 0, 4, 255, 132, 128, 64]
1552550624225;[171, 0, 17, 255, 161, 76, 221, 0, 235, 1, 0, 45, 0, 0, 41, 1, 0, 249, 5, 244]
1552550624228;[171, 0, 17, 255, 161, 76, 221, 0, 235, 1, 0, 41, 0, 0, 35, 1, 1, 3, 6, 52]
1552550624398;[171, 0, 17, 255, 161, 76, 221, 0, 235, 1, 0, 59, 0, 0, 46, 1, 0, 249, 6, 108]
1552550624400;[171, 0, 17, 255, 161, 76, 221, 0, 235, 1, 0, 36, 0, 0, 51, 1, 0, 247, 6, 119]
1552550624571;[171, 0, 17, 255, 161, 76, 221, 0, 235, 1, 0, 42, 0, 0, 53, 1, 0, 249, 6, 85]
1552550624743;[171, 0, 17, 255, 161, 76, 221, 0, 235, 1, 0, 28, 0, 0, 53, 1, 0, 244, 6, 46]
1552550624745;[171, 0, 17, 255, 161, 76, 221, 0, 235, 1, 0, 38, 0, 0, 59, 1, 0, 231, 6, 3]
1552550624915;[171, 0, 17, 255, 161, 76, 221, 0, 235, 1, 0, 20, 0, 0, 58, 1, 0, 240, 5, 222]
1552550624918;[171, 0, 17, 255, 161, 76, 221, 0, 235, 1, 0, 19, 0, 0, 55, 1, 0, 243, 5, 193]
1552550625088;[171, 0, 17, 255, 161, 76, 221, 0, 235, 1, 0, 29, 0, 0, 53, 1, 0, 241, 5, 208]
1552550625260;[171, 0, 4, 255, 132, 128, 64]
1552550625262;[171, 0, 17, 255, 161, 76, 221, 0, 236, 1, 0, 23, 0, 0, 53, 1, 0, 243, 5, 209]
1552550625433;[171, 0, 17, 255, 161, 76, 221, 0, 236, 1, 0, 24, 0, 0, 54, 1, 0, 242, 5, 196]
1552550625434;[171, 0, 17, 255, 161, 76, 221, 0, 236, 1, 0, 25, 0, 0, 44, 1, 0, 246, 5, 195]
1552550625605;[171, 0, 17, 255, 161, 76, 221, 0, 236, 1, 0, 19, 0, 0, 42, 1, 0, 243, 5, 202]
1552550625608;[171, 0, 17, 255, 161, 76, 221, 0, 236, 1, 0, 20, 0, 0, 47, 1, 0, 246, 5, 204]
1552550625778;[171, 0, 17, 255, 161, 76, 221, 0, 236, 1, 0, 24, 0, 0, 42, 1, 0, 250, 5, 205]
1552550626123;[171, 0, 17, 255, 161, 76, 221, 0, 236, 1, 0, 21, 0, 0, 42, 1, 0, 246, 5, 215]
1552550626125;[171, 0, 17, 255, 161, 76, 221, 0, 236, 1, 0, 35, 0, 0, 43, 1, 0, 246, 6, 12]
1552550626126;[171, 0, 17, 255, 161, 76, 221, 0, 236, 1, 0, 37, 0, 0, 46, 1, 0, 243, 6, 51]
1552550626128;[171, 0, 17, 255, 161, 76, 221, 0, 236, 1, 0, 39, 0, 0, 43, 1, 0, 253, 6, 99]
1552550626295;[171, 0, 4, 255, 132, 128, 64]
1552550626297;[171, 0, 17, 255, 161, 76, 221, 0, 237, 1, 0, 40, 0, 0, 42, 1, 0, 254, 6, 128]
1552550626468;[171, 0, 17, 255, 161, 76, 221, 0, 237, 1, 0, 37, 0, 0, 41, 1, 0, 249, 6, 157]
1552550626640;[171, 0, 17, 255, 161, 76, 221, 0, 237, 1, 0, 33, 0, 0, 36, 1, 0, 249, 6, 180]
1552550626813;[171, 0, 17, 255, 161, 76, 221, 0, 237, 1, 0, 39, 0, 0, 41, 1, 0, 249, 6, 193]
1552550626815;[171, 0, 17, 255, 161, 76, 221, 0, 237, 1, 0, 44, 0, 0, 35, 1, 0, 248, 6, 212]
1552550626816;[171, 0, 17, 255, 161, 76, 221, 0, 237, 1, 0, 40, 0, 0, 40, 1, 0, 246, 7, 26]
1552550626985;[171, 0, 17, 255, 161, 76, 221, 0, 237, 1, 0, 37, 0, 0, 40, 1, 0, 249, 7, 103]
1552550627158;[171, 0, 17, 255, 161, 76, 221, 0, 237, 1, 0, 39, 0, 0, 41, 1, 0, 248, 7, 149]
1552550627160;[171, 0, 17, 255, 161, 76, 221, 0, 237, 1, 0, 39, 0, 0, 40, 1, 0, 249, 7, 180]
1552550627330;[171, 0, 17, 255, 161, 76, 221, 0, 237, 1, 0, 37, 0, 0, 41, 1, 0, 249, 7, 208]
1552550627332;[171, 0, 4, 255, 132, 128, 64]
1552550627546;[171, 0, 17, 255, 161, 76, 221, 0, 238, 1, 0, 30, 0, 0, 39, 1, 0, 243, 7, 215]
1552550627676;[171, 0, 17, 255, 161, 76, 221, 0, 238, 1, 0, 35, 0, 0, 40, 1, 0, 249, 7, 213]
1552550628021;[171, 0, 17, 255, 161, 76, 221, 0, 238, 1, 0, 37, 0, 0, 41, 1, 0, 249, 7, 212]
1552550628022;[171, 0, 17, 255, 161, 76, 221, 0, 238, 1, 0, 33, 0, 0, 30, 1, 0, 253, 8, 3]
1552550628025;[171, 0, 17, 255, 161, 76, 221, 0, 238, 1, 0, 40, 0, 0, 43, 1, 0, 249, 8, 63]
1552550628025;[171, 0, 17, 255, 161, 76, 221, 0, 238, 1, 0, 33, 0, 0, 41, 1, 0, 247, 8, 92]
1552550628027;[171, 0, 17, 255, 161, 76, 221, 0, 238, 1, 0, 33, 0, 0, 41, 1, 0, 248, 8, 111]
1552550628193;[171, 0, 17, 255, 161, 76, 221, 0, 238, 1, 0, 40, 0, 0, 41, 1, 0, 249, 8, 108]
1552550628195;[171, 0, 17, 255, 161, 76, 221, 0, 238, 1, 0, 33, 0, 0, 41, 1, 0, 249, 8, 91]
1552550628365;[171, 0, 17, 255, 161, 76, 221, 0, 238, 1, 0, 37, 0, 0, 42, 1, 0, 250, 8, 77]
1552550628538;[171, 0, 4, 255, 132, 128, 64]
1552550628540;[171, 0, 17, 255, 161, 76, 221, 0, 239, 1, 0, 39, 0, 0, 42, 1, 0, 249, 8, 44]
1552550628710;[171, 0, 17, 255, 161, 76, 221, 0, 239, 1, 0, 37, 0, 0, 40, 1, 0, 249, 8, 16]
1552550628712;[171, 0, 17, 255, 161, 76, 221, 0, 239, 1, 0, 33, 0, 0, 40, 1, 0, 249, 8, 69]
1552550628883;[171, 0, 17, 255, 161, 76, 221, 0, 239, 1, 0, 39, 0, 0, 42, 1, 0, 247, 8, 106]
1552550629055;[171, 0, 17, 255, 161, 76, 221, 0, 239, 1, 0, 40, 0, 0, 41, 1, 0, 246, 8, 129]
1552550629058;[171, 0, 17, 255, 161, 76, 221, 0, 239, 1, 0, 39, 0, 0, 39, 1, 0, 250, 8, 135]
1552550629228;[171, 0, 17, 255, 161, 76, 221, 0, 239, 1, 0, 35, 0, 0, 41, 1, 0, 249, 8, 126]
1552550629230;[171, 0, 17, 255, 161, 76, 221, 0, 239, 1, 0, 35, 0, 0, 41, 1, 0, 250, 8, 103]
1552550629400;[171, 0, 17, 255, 161, 76, 221, 0, 239, 1, 0, 35, 0, 0, 42, 1, 0, 249, 8, 84]
1552550629745;[171, 0, 17, 255, 161, 76, 221, 0, 242, 1, 0, 40, 0, 0, 42, 1, 0, 248, 6, 213]
1552550629748;[171, 0, 17, 255, 161, 76, 221, 0, 242, 1, 0, 35, 0, 0, 36, 1, 0, 249, 6, 184]
1552550629918;[171, 0, 17, 255, 161, 76, 221, 0, 242, 1, 0, 37, 0, 0, 43, 1, 0, 249, 6, 149]
1552550629920;[171, 0, 17, 255, 161, 76, 221, 0, 242, 1, 0, 40, 0, 0, 41, 1, 0, 249, 6, 108]
1552550630093;[171, 0, 17, 255, 161, 76, 221, 0, 242, 1, 0, 39, 0, 0, 41, 1, 0, 249, 6, 94]
1552550630093;[171, 0, 17, 255, 161, 76, 221, 0, 242, 1, 0, 40, 0, 0, 41, 1, 0, 249, 6, 122]
1552550630263;[171, 0, 17, 255, 161, 76, 221, 0, 242, 1, 0, 39, 0, 0, 42, 1, 0, 248, 6, 128]
1552550630435;[171, 0, 17, 255, 161, 76, 221, 0, 242, 1, 0, 40, 0, 0, 42, 1, 0, 246, 6, 125]
1552550630437;[171, 0, 17, 255, 161, 76, 221, 0, 242, 1, 0, 40, 0, 0, 40, 1, 0, 249, 6, 124]
1552550630608;[171, 0, 17, 255, 161, 76, 221, 0, 242, 1, 0, 37, 0, 0, 42, 1, 0, 246, 6, 106]
1552550630610;[171, 0, 4, 255, 132, 128, 65]
1552550630780;[171, 0, 17, 255, 161, 76, 221, 0, 243, 1, 0, 39, 0, 0, 41, 1, 0, 248, 6, 72]
1552550630953;[171, 0, 17, 255, 161, 76, 221, 0, 243, 1, 0, 41, 0, 0, 40, 1, 0, 245, 6, 45]
1552550630955;[171, 0, 17, 255, 161, 76, 221, 0, 243, 1, 0, 37, 0, 0, 41, 1, 0, 246, 6, 12]
1552550631126;[171, 0, 17, 255, 161, 76, 221, 0, 243, 1, 0, 40, 0, 0, 41, 1, 0, 249, 5, 239]
1552550631128;[171, 0, 17, 255, 161, 76, 221, 0, 243, 1, 0, 40, 0, 0, 40, 1, 0, 254, 5, 241]
1552550631298;[171, 0, 17, 255, 161, 76, 221, 0, 243, 1, 0, 37, 0, 0, 40, 1, 0, 250, 6, 9]
1552550631300;[171, 0, 17, 255, 161, 76, 221, 0, 243, 1, 0, 39, 0, 0, 41, 1, 0, 246, 6, 12]
1552550631470;[171, 0, 17, 255, 161, 76, 221, 0, 243, 1, 0, 39, 0, 0, 40, 1, 0, 247, 6, 19]
1552550631643;[171, 0, 17, 255, 161, 76, 221, 0, 243, 1, 0, 40, 0, 0, 40, 1, 0, 247, 6, 13]
1552550631645;[171, 0, 17, 255, 161, 76, 221, 0, 243, 1, 0, 40, 0, 0, 41, 1, 0, 247, 5, 253]
1552550631815;[171, 0, 4, 255, 132, 128, 64]
1552550631817;[171, 0, 17, 255, 161, 76, 221, 0, 244, 1, 0, 39, 0, 0, 40, 1, 0, 249, 5, 238]
1552550631988;[171, 0, 17, 255, 161, 76, 221, 0, 244, 1, 0, 39, 0, 0, 42, 1, 0, 247, 5, 215]
1552550632160;[171, 0, 17, 255, 161, 76, 221, 0, 244, 1, 0, 37, 0, 0, 41, 1, 0, 246, 5, 190]
1552550632333;[171, 0, 17, 255, 161, 76, 221, 0, 244, 1, 0, 40, 0, 0, 40, 1, 0, 250, 5, 190]
1552550632335;[171, 0, 17, 255, 161, 76, 221, 0, 244, 1, 0, 40, 0, 0, 42, 1, 0, 246, 5, 228]
1552550632337;[171, 0, 17, 255, 161, 76, 221, 0, 244, 1, 0, 39, 0, 0, 40, 1, 0, 248, 5, 239]
1552550632505;[171, 0, 17, 255, 161, 76, 221, 0, 244, 1, 0, 40, 0, 0, 41, 1, 0, 246, 5, 255]
1552550632508;[171, 0, 17, 255, 161, 76, 221, 0, 244, 1, 0, 39, 0, 0, 41, 1, 0, 248, 5, 253]
1552550632678;[171, 0, 17, 255, 161, 76, 221, 0, 244, 1, 0, 40, 0, 0, 41, 1, 0, 246, 5, 252]
1552550632850;[171, 0, 17, 255, 161, 76, 221, 0, 244, 1, 0, 40, 0, 0, 41, 1, 0, 250, 5, 239]
1552550632852;[171, 0, 4, 255, 132, 128, 64]
1552550633023;[171, 0, 17, 255, 161, 76, 221, 0, 245, 1, 0, 39, 0, 0, 43, 1, 0, 248, 5, 225]
1552550633025;[171, 0, 17, 255, 161, 76, 221, 0, 245, 1, 0, 40, 0, 0, 43, 1, 0, 246, 5, 226]
1552550633195;[171, 0, 17, 255, 161, 76, 221, 0, 245, 1, 0, 39, 0, 0, 41, 1, 0, 249, 6, 12]
1552550633197;[171, 0, 17, 255, 161, 76, 221, 0, 245, 1, 0, 40, 0, 0, 40, 1, 0, 246, 6, 46]
1552550633541;[171, 0, 17, 255, 161, 76, 221, 0, 245, 1, 0, 39, 0, 0, 41, 1, 0, 246, 6, 78]
1552550633543;[171, 0, 17, 255, 161, 76, 221, 0, 245, 1, 0, 40, 0, 0, 41, 1, 0, 248, 6, 90]
1552550633545;[171, 0, 17, 255, 161, 76, 221, 0, 245, 1, 0, 39, 0, 0, 40, 1, 0, 246, 6, 92]
1552550633713;[171, 0, 17, 255, 161, 76, 221, 0, 245, 1, 0, 40, 0, 0, 43, 1, 0, 246, 6, 86]
1552550633715;[171, 0, 17, 255, 161, 76, 221, 0, 245, 1, 0, 40, 0, 0, 41, 1, 0, 246, 6, 70]
1552550633890;[171, 0, 17, 255, 161, 76, 221, 0, 245, 1, 0, 39, 0, 0, 40, 1, 0, 247, 6, 60]
1552550634058;[171, 0, 4, 255, 132, 128, 64]
1552550634059;[171, 0, 17, 255, 161, 76, 221, 0, 246, 1, 0, 39, 0, 0, 42, 1, 0, 246, 6, 53]
1552550634230;[171, 0, 17, 255, 161, 76, 221, 0, 246, 1, 0, 39, 0, 0, 41, 1, 0, 247, 6, 100]
1552550634403;[171, 0, 17, 255, 161, 76, 221, 0, 246, 1, 0, 40, 0, 0, 40, 1, 0, 248, 6, 156]
1552550634576;[171, 0, 17, 255, 161, 76, 221, 0, 246, 1, 0, 41, 0, 0, 40, 1, 0, 246, 6, 186]
1552550634578;[171, 0, 17, 255, 161, 76, 221, 0, 246, 1, 0, 40, 0, 0, 41, 1, 0, 246, 6, 204]
1552550634579;[171, 0, 17, 255, 161, 76, 221, 0, 246, 1, 0, 41, 0, 0, 41, 1, 0, 249, 6, 217]
1552550634748;[171, 0, 17, 255, 161, 76, 221, 0, 246, 1, 0, 37, 0, 0, 40, 1, 0, 245, 6, 217]
1552550634750;[171, 0, 17, 255, 161, 76, 221, 0, 246, 1, 0, 41, 0, 0, 41, 1, 0, 249, 6, 205]
1552550634920;[171, 0, 17, 255, 161, 76, 221, 0, 246, 1, 0, 39, 0, 0, 41, 1, 0, 249, 6, 185]
1552550634922;[171, 0, 17, 255, 161, 76, 221, 0, 246, 1, 0, 39, 0, 0, 42, 1, 0, 246, 6, 161]
1552550635093;[171, 0, 4, 255, 132, 128, 64]
1552550635095;[171, 0, 17, 255, 161, 76, 221, 0, 247, 1, 0, 39, 0, 0, 41, 1, 0, 249, 6, 168]
1552550635265;[171, 0, 17, 255, 161, 76, 221, 0, 247, 1, 0, 40, 0, 0, 41, 1, 0, 248, 6, 214]
1552550635438;[171, 0, 17, 255, 161, 76, 221, 0, 247, 1, 0, 37, 0, 0, 42, 1, 0, 249, 7, 1]
1552550635440;[171, 0, 17, 255, 161, 76, 221, 0, 247, 1, 0, 39, 0, 0, 36, 1, 0, 248, 7, 31]
1552550635611;[171, 0, 17, 255, 161, 76, 221, 0, 247, 1, 0, 39, 0, 0, 41, 1, 0, 248, 7, 48]
1552550635613;[171, 0, 17, 255, 161, 76, 221, 0, 247, 1, 0, 39, 0, 0, 41, 1, 0, 246, 7, 53]
1552550635783;[171, 0, 17, 255, 161, 76, 221, 0, 247, 1, 0, 37, 0, 0, 41, 1, 0, 246, 7, 43]
1552550635955;[171, 0, 17, 255, 161, 76, 221, 0, 247, 1, 0, 40, 0, 0, 40, 1, 0, 248, 7, 34]
1552550635958;[171, 0, 17, 255, 161, 76, 221, 0, 247, 1, 0, 40, 0, 0, 42, 1, 0, 249, 7, 6]
1552550636301;[171, 0, 17, 255, 161, 76, 221, 0, 247, 1, 0, 39, 0, 0, 42, 1, 0, 248, 6, 244]
1552550636302;[171, 0, 4, 255, 132, 128, 64]
1552550636304;[171, 0, 17, 255, 161, 76, 221, 0, 248, 1, 0, 40, 0, 0, 40, 1, 0, 249, 7, 22]
1552550636306;[171, 0, 17, 255, 161, 76, 221, 0, 248, 1, 0, 41, 0, 0, 41, 1, 0, 246, 7, 61]
1552550636473;[171, 0, 17, 255, 161, 76, 221, 0, 248, 1, 0, 39, 0, 0, 40, 1, 0, 247, 7, 85]
1552550636645;[171, 0, 17, 255, 161, 76, 221, 0, 248, 1, 0, 40, 0, 0, 41, 1, 0, 249, 7, 91]
1552550636818;[171, 0, 17, 255, 161, 76, 221, 0, 248, 1, 0, 40, 0, 0, 41, 1, 0, 248, 7, 92]
1552550636820;[171, 0, 17, 255, 161, 76, 221, 0, 248, 1, 0, 37, 0, 0, 41, 1, 0, 246, 7, 72]
1552550636821;[171, 0, 17, 255, 161, 76, 221, 0, 248, 1, 0, 43, 0, 0, 41, 1, 0, 248, 7, 59]
1552550636990;[171, 0, 17, 255, 161, 76, 221, 0, 248, 1, 0, 41, 0, 0, 42, 1, 0, 248, 7, 26]
1552550636992;[171, 0, 17, 255, 161, 76, 221, 0, 248, 1, 0, 40, 0, 0, 41, 1, 0, 248, 6, 247]
1552550637163;[171, 0, 17, 255, 161, 76, 221, 0, 248, 1, 0, 40, 0, 0, 40, 1, 0, 249, 6, 212]
1552550637335;[171, 0, 4, 255, 132, 128, 64]
1552550637337;[171, 0, 17, 255, 161, 76, 221, 0, 249, 1, 0, 38, 0, 0, 42, 1, 0, 246, 6, 220]
1552550637508;[171, 0, 17, 255, 161, 76, 221, 0, 249, 1, 0, 40, 0, 0, 43, 1, 0, 249, 6, 251]
1552550637510;[171, 0, 17, 255, 161, 76, 221, 0, 249, 1, 0, 39, 0, 0, 41, 1, 0, 246, 7, 11]
1552550637680;[171, 0, 17, 255, 161, 76, 221, 0, 249, 1, 0, 39, 0, 0, 40, 1, 0, 245, 7, 27]
1552550637853;[171, 0, 17, 255, 161, 76, 221, 0, 249, 1, 0, 37, 0, 0, 41, 1, 0, 247, 7, 18]
1552550637855;[171, 0, 17, 255, 161, 76, 221, 0, 249, 1, 0, 41, 0, 0, 41, 1, 0, 249, 7, 3]
1552550638025;[171, 0, 17, 255, 161, 76, 221, 0, 249, 1, 0, 44, 0, 0, 40, 1, 0, 249, 6, 237]
1552550638027;[171, 0, 17, 255, 161, 76, 221, 0, 249, 1, 0, 40, 0, 0, 41, 1, 0, 246, 6, 214]
1552550638198;[171, 0, 17, 255, 161, 76, 221, 0, 249, 1, 0, 37, 0, 0, 42, 1, 0, 248, 6, 168]
1552550638200;[171, 0, 17, 255, 161, 76, 221, 0, 249, 1, 0, 39, 0, 0, 34, 1, 0, 248, 6, 124]
1552550638370;[171, 0, 4, 255, 132, 128, 64]
1552550638543;[171, 0, 17, 255, 161, 76, 221, 0, 250, 1, 0, 39, 0, 0, 42, 1, 0, 245, 6, 112]
1552550638545;[171, 0, 17, 255, 161, 76, 221, 0, 250, 1, 0, 41, 0, 0, 42, 1, 0, 246, 6, 142]
1552550638716;[171, 0, 17, 255, 161, 76, 221, 0, 250, 1, 0, 39, 0, 0, 41, 1, 0, 243, 6, 156]
1552550638888;[171, 0, 17, 255, 161, 76, 221, 0, 250, 1, 0, 39, 0, 0, 40, 1, 0, 249, 6, 159]
1552550639060;[171, 0, 17, 255, 161, 76, 221, 0, 250, 1, 0, 40, 0, 0, 41, 1, 0, 249, 6, 166]
1552550639063;[171, 0, 17, 255, 161, 76, 221, 0, 250, 1, 0, 40, 0, 0, 41, 1, 0, 249, 6, 151]
1552550639065;[171, 0, 17, 255, 161, 76, 221, 0, 250, 1, 0, 40, 0, 0, 40, 1, 0, 247, 6, 132]
1552550639233;[171, 0, 17, 255, 161, 76, 221, 0, 250, 1, 0, 37, 0, 0, 42, 1, 0, 248, 6, 114]
1552550639235;[171, 0, 17, 255, 161, 76, 221, 0, 250, 1, 0, 41, 0, 0, 42, 1, 0, 248, 6, 83]
1552550639405;[171, 0, 17, 255, 161, 76, 221, 0, 250, 1, 0, 39, 0, 0, 39, 1, 0, 249, 6, 66]
1552550639407;[171, 0, 4, 255, 132, 128, 64]
1552550639578;[171, 0, 17, 255, 161, 76, 221, 0, 251, 1, 0, 41, 0, 0, 42, 1, 0, 249, 6, 99]
1552550639750;[171, 0, 17, 255, 161, 76, 221, 0, 251, 1, 0, 43, 0, 0, 40, 1, 0, 246, 6, 126]
1552550639752;[171, 0, 17, 255, 161, 76, 221, 0, 251, 1, 0, 40, 0, 0, 40, 1, 0, 248, 6, 139]
1552550639923;[171, 0, 17, 255, 161, 76, 221, 0, 251, 1, 0, 41, 0, 0, 40, 1, 0, 246, 6, 140]
1552550639925;[171, 0, 17, 255, 161, 76, 221, 0, 251, 1, 0, 41, 0, 0, 36, 1, 0, 245, 6, 139]
1552550640099;[171, 0, 17, 255, 161, 76, 221, 0, 251, 1, 0, 41, 0, 0, 42, 1, 0, 250, 6, 112]
1552550640101;[171, 0, 17, 255, 161, 76, 221, 0, 251, 1, 0, 40, 0, 0, 42, 1, 0, 248, 6, 94]
1552550640267;[171, 0, 17, 255, 161, 76, 221, 0, 251, 1, 0, 39, 0, 0, 43, 1, 0, 245, 6, 66]
1552550640439;[171, 0, 17, 255, 161, 76, 221, 0, 251, 1, 0, 37, 0, 0, 39, 1, 0, 249, 6, 33]
1552550640441;[171, 0, 17, 255, 161, 76, 221, 0, 251, 1, 0, 39, 0, 0, 42, 1, 0, 246, 6, 34]
1552550640612;[171, 0, 4, 255, 132, 128, 63]
1552550640613;[171, 0, 17, 255, 161, 76, 221, 1, 0, 1, 0, 37, 0, 0, 41, 1, 0, 249, 6, 71]
1552550640785;[171, 0, 17, 255, 161, 76, 221, 1, 0, 1, 0, 43, 0, 0, 40, 1, 0, 248, 6, 93]
1552550640957;[171, 0, 17, 255, 161, 76, 221, 1, 0, 1, 0, 40, 0, 0, 41, 1, 0, 251, 6, 100]
1552550640958;[171, 0, 17, 255, 161, 76, 221, 1, 0, 1, 0, 41, 0, 0, 42, 1, 0, 248, 6, 109]
1552550641302;[171, 0, 17, 255, 161, 76, 221, 1, 0, 1, 0, 39, 0, 0, 36, 1, 0, 249, 6, 85]
1552550641304;[171, 0, 17, 255, 161, 76, 221, 1, 0, 1, 0, 37, 0, 0, 41, 1, 0, 250, 6, 66]
1552550641305;[171, 0, 17, 255, 161, 76, 221, 1, 0, 1, 0, 41, 0, 0, 41, 1, 0, 246, 6, 46]
1552550641307;[171, 0, 17, 255, 161, 76, 221, 1, 0, 1, 0, 43, 0, 0, 41, 1, 0, 249, 6, 18]
1552550641474;[171, 0, 17, 255, 161, 76, 221, 1, 0, 1, 0, 40, 0, 0, 41, 1, 0, 249, 5, 230]
1552550641647;[171, 0, 17, 255, 161, 76, 221, 1, 0, 1, 0, 39, 0, 0, 41, 1, 0, 247, 5, 242]
1552550641648;[171, 0, 4, 255, 132, 128, 63]
1552550641820;[171, 0, 17, 255, 161, 76, 221, 1, 1, 1, 0, 40, 0, 0, 41, 1, 0, 243, 6, 17]
1552550641822;[171, 0, 17, 255, 161, 76, 221, 1, 1, 1, 0, 40, 0, 0, 41, 1, 0, 248, 6, 56]
1552550641993;[171, 0, 17, 255, 161, 76, 221, 1, 1, 1, 0, 45, 0, 0, 41, 1, 0, 248, 6, 63]
1552550641994;[171, 0, 17, 255, 161, 76, 221, 1, 1, 1, 0, 39, 0, 0, 41, 1, 0, 247, 6, 79]
1552550642166;[171, 0, 17, 255, 161, 76, 221, 1, 1, 1, 0, 37, 0, 0, 40, 1, 0, 249, 6, 85]
1552550642338;[171, 0, 17, 255, 161, 76, 221, 1, 1, 1, 0, 40, 0, 0, 39, 1, 0, 249, 6, 66]
1552550642340;[171, 0, 17, 255, 161, 76, 221, 1, 1, 1, 0, 41, 0, 0, 41, 1, 0, 249, 6, 41]
1552550642510;[171, 0, 17, 255, 161, 76, 221, 1, 1, 1, 0, 41, 0, 0, 41, 1, 0, 247, 6, 21]
1552550642512;[171, 0, 17, 255, 161, 76, 221, 1, 1, 1, 0, 39, 0, 0, 41, 1, 0, 249, 6, 34]
1552550642683;[171, 0, 17, 255, 161, 76, 221, 1, 1, 1, 0, 39, 0, 0, 40, 1, 0, 249, 6, 76]
1552550642855;[171, 0, 4, 255, 132, 128, 63]
1552550642858;[171, 0, 17, 255, 161, 76, 221, 1, 2, 1, 0, 40, 0, 0, 43, 1, 0, 247, 6, 92]
1552550643028;[171, 0, 17, 255, 161, 76, 221, 1, 2, 1, 0, 40, 0, 0, 36, 1, 0, 249, 6, 103]
1552550643030;[171, 0, 17, 255, 161, 76, 221, 1, 2, 1, 0, 40, 0, 0, 42, 1, 0, 248, 6, 97]
1552550643200;[171, 0, 17, 255, 161, 76, 221, 1, 2, 1, 0, 38, 0, 0, 40, 1, 0, 248, 6, 87]
1552550643203;[171, 0, 17, 255, 161, 76, 221, 1, 2, 1, 0, 40, 0, 0, 41, 1, 0, 247, 6, 70]
1552550643373;[171, 0, 17, 255, 161, 76, 221, 1, 2, 1, 0, 40, 0, 0, 40, 1, 0, 246, 6, 41]
1552550643545;[171, 0, 17, 255, 161, 76, 221, 1, 2, 1, 0, 43, 0, 0, 42, 1, 0, 249, 6, 1]
1552550643547;[171, 0, 17, 255, 161, 76, 221, 1, 2, 1, 0, 38, 0, 0, 41, 1, 0, 249, 5, 244]
1552550643890;[171, 0, 17, 255, 161, 76, 221, 1, 2, 1, 0, 40, 0, 0, 41, 1, 0, 246, 6, 26]
1552550643893;[171, 0, 17, 255, 161, 76, 221, 1, 2, 1, 0, 40, 0, 0, 41, 1, 0, 246, 6, 64]
1552550643894;[171, 0, 4, 255, 132, 128, 63]
1552550644063;[171, 0, 17, 255, 161, 76, 221, 1, 3, 1, 0, 37, 0, 0, 44, 1, 0, 248, 6, 74]
1552550644065;[171, 0, 17, 255, 161, 76, 221, 1, 3, 1, 0, 41, 0, 0, 40, 1, 0, 243, 6, 85]
1552550644235;[171, 0, 17, 255, 161, 76, 221, 1, 3, 1, 0, 43, 0, 0, 41, 1, 0, 249, 6, 83]
1552550644237;[171, 0, 17, 255, 161, 76, 221, 1, 3, 1, 0, 40, 0, 0, 42, 1, 0, 249, 6, 66]
1552550644408;[171, 0, 17, 255, 161, 76, 221, 1, 3, 1, 0, 40, 0, 0, 35, 1, 0, 248, 6, 44]
1552550644410;[171, 0, 17, 255, 161, 76, 221, 1, 3, 1, 0, 41, 0, 0, 40, 1, 0, 249, 6, 10]
1552550644580;[171, 0, 17, 255, 161, 76, 221, 1, 3, 1, 0, 41, 0, 0, 41, 1, 0, 248, 5, 239]
1552550644753;[171, 0, 17, 255, 161, 76, 221, 1, 3, 1, 0, 43, 0, 0, 41, 1, 0, 250, 6, 4]
1552550644755;[171, 0, 17, 255, 161, 76, 221, 1, 3, 1, 0, 35, 0, 0, 41, 1, 0, 248, 6, 48]
1552550644925;[171, 0, 17, 255, 161, 76, 221, 1, 3, 1, 0, 40, 0, 0, 43, 1, 0, 246, 6, 70]
1552550644927;[171, 0, 4, 255, 132, 128, 63]
1552550645098;[171, 0, 17, 255, 161, 76, 221, 1, 4, 1, 0, 41, 0, 0, 41, 1, 0, 248, 6, 78]
1552550645100;[171, 0, 17, 255, 161, 76, 221, 1, 4, 1, 0, 40, 0, 0, 42, 1, 0, 248, 6, 79]
1552550645270;[171, 0, 17, 255, 161, 76, 221, 1, 4, 1, 0, 40, 0, 0, 41, 1, 0, 249, 6, 72]
1552550645443;[171, 0, 17, 255, 161, 76, 221, 1, 4, 1, 0, 39, 0, 0, 42, 1, 0, 248, 6, 51]
1552550645445;[171, 0, 17, 255, 161, 76, 221, 1, 4, 1, 0, 40, 0, 0, 41, 1, 0, 246, 6, 33]
1552550645615;[171, 0, 17, 255, 161, 76, 221, 1, 4, 1, 0, 41, 0, 0, 41, 1, 0, 246, 6, 13]
1552550645617;[171, 0, 17, 255, 161, 76, 221, 1, 4, 1, 0, 40, 0, 0, 41, 1, 0, 247, 6, 42]
1552550645788;[171, 0, 17, 255, 161, 76, 221, 1, 4, 1, 0, 40, 0, 0, 42, 1, 0, 249, 6, 68]
1552550645790;[171, 0, 17, 255, 161, 76, 221, 1, 4, 1, 0, 40, 0, 0, 41, 1, 0, 249, 6, 88]
1552550645960;[171, 0, 17, 255, 161, 76, 221, 1, 4, 1, 0, 40, 0, 0, 44, 1, 0, 245, 6, 101]
1552550646305;[171, 0, 4, 255, 132, 128, 63]
1552550646307;[171, 0, 17, 255, 161, 76, 221, 1, 5, 1, 0, 40, 0, 0, 41, 1, 0, 247, 6, 97]
1552550646308;[171, 0, 17, 255, 161, 76, 221, 1, 5, 1, 0, 41, 0, 0, 40, 1, 0, 250, 6, 89]
1552550646310;[171, 0, 17, 255, 161, 76, 221, 1, 5, 1, 0, 43, 0, 0, 42, 1, 0, 250, 6, 67]
1552550646478;[171, 0, 17, 255, 161, 76, 221, 1, 5, 1, 0, 40, 0, 0, 42, 1, 0, 249, 6, 37]
1552550646650;[171, 0, 17, 255, 161, 76, 221, 1, 5, 1, 0, 40, 0, 0, 42, 1, 0, 249, 6, 21]
1552550646652;[171, 0, 17, 255, 161, 76, 221, 1, 5, 1, 0, 41, 0, 0, 41, 1, 0, 245, 6, 59]
1552550646823;[171, 0, 17, 255, 161, 76, 221, 1, 5, 1, 0, 40, 0, 0, 41, 1, 0, 249, 6, 102]
1552550646824;[171, 0, 17, 255, 161, 76, 221, 1, 5, 1, 0, 45, 0, 0, 42, 1, 0, 245, 6, 121]
1552550646995;[171, 0, 17, 255, 161, 76, 221, 1, 5, 1, 0, 40, 0, 0, 41, 1, 0, 246, 6, 124]
1552550646997;[171, 0, 17, 255, 161, 76, 221, 1, 5, 1, 0, 43, 0, 0, 41, 1, 0, 243, 6, 128]
1552550647167;[171, 0, 4, 255, 132, 128, 63]
1552550647340;[171, 0, 17, 255, 161, 76, 221, 1, 6, 1, 0, 40, 0, 0, 42, 1, 0, 248, 6, 110]
1552550647342;[171, 0, 17, 255, 161, 76, 221, 1, 6, 1, 0, 41, 0, 0, 42, 1, 0, 249, 6, 99]
1552550647513;[171, 0, 17, 255, 161, 76, 221, 1, 6, 1, 0, 41, 0, 0, 42, 1, 0, 248, 6, 60]
1552550647515;[171, 0, 17, 255, 161, 76, 221, 1, 6, 1, 0, 39, 0, 0, 40, 1, 0, 249, 6, 38]
1552550647685;[171, 0, 17, 255, 161, 76, 221, 1, 6, 1, 0, 39, 0, 0, 36, 1, 0, 249, 6, 68]
1552550647858;[171, 0, 17, 255, 161, 76, 221, 1, 6, 1, 0, 41, 0, 0, 42, 1, 0, 248, 6, 101]
1552550647860;[171, 0, 17, 255, 161, 76, 221, 1, 6, 1, 0, 40, 0, 0, 40, 1, 0, 248, 6, 115]
1552550648031;[171, 0, 17, 255, 161, 76, 221, 1, 6, 1, 0, 41, 0, 0, 40, 1, 0, 249, 6, 114]
1552550648203;[171, 0, 17, 255, 161, 76, 221, 1, 6, 1, 0, 43, 0, 0, 40, 1, 0, 248, 6, 118]
1552550648205;[171, 0, 17, 255, 161, 76, 221, 1, 6, 1, 0, 41, 0, 0, 41, 1, 0, 249, 6, 100]
1552550648206;[171, 0, 4, 255, 132, 128, 63]
1552550648375;[171, 0, 17, 255, 161, 76, 221, 1, 7, 1, 0, 40, 0, 0, 36, 1, 0, 246, 6, 84]
1552550648548;[171, 0, 17, 255, 161, 76, 221, 1, 7, 1, 0, 41, 0, 0, 40, 1, 0, 249, 6, 60]
1552550648550;[171, 0, 17, 255, 161, 76, 221, 1, 7, 1, 0, 37, 0, 0, 36, 1, 0, 248, 6, 46]
1552550648720;[171, 0, 17, 255, 161, 76, 221, 1, 7, 1, 0, 37, 0, 0, 41, 1, 0, 243, 6, 92]
1552550648723;[171, 0, 17, 255, 161, 76, 221, 1, 7, 1, 0, 41, 0, 0, 36, 1, 0, 245, 6, 115]
1552550648893;[171, 0, 17, 255, 161, 76, 221, 1, 7, 1, 0, 41, 0, 0, 41, 1, 0, 244, 6, 128]
1552550648894;[171, 0, 17, 255, 161, 76, 221, 1, 7, 1, 0, 41, 0, 0, 40, 1, 0, 246, 6, 130]
1552550649065;[171, 0, 17, 255, 161, 76, 221, 1, 7, 1, 0, 43, 0, 0, 42, 1, 0, 249, 6, 109]
1552550649238;[171, 0, 17, 255, 161, 76, 221, 1, 7, 1, 0, 40, 0, 0, 41, 1, 0, 246, 6, 89]
1552550649240;[171, 0, 17, 255, 161, 76, 221, 1, 7, 1, 0, 41, 0, 0, 41, 1, 0, 246, 6, 60]
1552550649410;[171, 0, 4, 255, 132, 128, 63]
1552550649412;[171, 0, 17, 255, 161, 76, 221, 1, 8, 1, 0, 41, 0, 0, 35, 1, 0, 249, 6, 15]
1552550649583;[171, 0, 17, 255, 161, 76, 221, 1, 8, 1, 0, 40, 0, 0, 41, 1, 0, 248, 6, 22]
1552550649755;[171, 0, 17, 255, 161, 76, 221, 1, 8, 1, 0, 40, 0, 0, 41, 1, 0, 248, 6, 56]
1552550649757;[171, 0, 17, 255, 161, 76, 221, 1, 8, 1, 0, 46, 0, 0, 42, 1, 0, 247, 6, 81]
1552550649928;[171, 0, 17, 255, 161, 76, 221, 1, 8, 1, 0, 39, 0, 0, 41, 1, 0, 243, 6, 90]
1552550649930;[171, 0, 17, 255, 161, 76, 221, 1, 8, 1, 0, 43, 0, 0, 40, 1, 0, 249, 6, 86]
1552550650100;[171, 0, 17, 255, 161, 76, 221, 1, 8, 1, 0, 41, 0, 0, 41, 1, 0, 249, 6, 67]
1552550650102;[171, 0, 17, 255, 161, 76, 221, 1, 8, 1, 0, 43, 0, 0, 41, 1, 0, 248, 6, 42]
1552550650273;[171, 0, 17, 255, 161, 76, 221, 1, 8, 1, 0, 45, 0, 0, 41, 1, 0, 249, 6, 15]
1552550650445;[171, 0, 17, 255, 161, 76, 221, 1, 8, 1, 0, 40, 0, 0, 40, 1, 0, 248, 5, 228]
1552550650447;[171, 0, 4, 255, 132, 128, 64]
1552550650618;[171, 0, 17, 255, 161, 76, 221, 1, 9, 1, 0, 39, 0, 0, 42, 1, 0, 249, 5, 210]
1552550650620;[171, 0, 17, 255, 161, 76, 221, 1, 9, 1, 0, 37, 0, 0, 40, 1, 0, 248, 5, 246]
1552550650790;[171, 0, 17, 255, 161, 76, 221, 1, 9, 1, 0, 40, 0, 0, 41, 1, 0, 250, 6, 11]
1552550650792;[171, 0, 17, 255, 161, 76, 221, 1, 9, 1, 0, 40, 0, 0, 41, 1, 0, 249, 6, 12]
1552550651135;[171, 0, 17, 255, 161, 76, 221, 1, 9, 1, 0, 39, 0, 0, 42, 1, 0, 249, 6, 10]
1552550651137;[171, 0, 17, 255, 161, 76, 221, 1, 9, 1, 0, 42, 0, 0, 41, 1, 0, 249, 5, 236]
1552550651139;[171, 0, 17, 255, 161, 76, 221, 1, 9, 1, 0, 40, 0, 0, 42, 1, 0, 249, 5, 211]
1552550651308;[171, 0, 17, 255, 161, 76, 221, 1, 9, 1, 0, 40, 0, 0, 39, 1, 0, 246, 5, 175]
1552550651310;[171, 0, 17, 255, 161, 76, 221, 1, 9, 1, 0, 40, 0, 0, 41, 1, 0, 248, 5, 125]
1552550651653;[171, 0, 17, 255, 161, 76, 221, 1, 12, 1, 0, 40, 0, 0, 41, 1, 0, 249, 4, 11]
1552550651825;[171, 0, 17, 255, 161, 76, 221, 1, 12, 1, 0, 40, 0, 0, 43, 1, 0, 249, 4, 1]
1552550651827;[171, 0, 17, 255, 161, 76, 221, 1, 12, 1, 0, 39, 0, 0, 42, 1, 0, 248, 3, 246]
1552550652171;[171, 0, 17, 255, 161, 76, 221, 1, 12, 1, 0, 40, 0, 0, 40, 1, 0, 249, 3, 228]
1552550652173;[171, 0, 17, 255, 161, 76, 221, 1, 12, 1, 0, 38, 0, 0, 41, 1, 0, 246, 3, 192]
1552550652174;[171, 0, 17, 255, 161, 76, 221, 1, 12, 1, 0, 39, 0, 0, 41, 1, 0, 250, 3, 161]
1552550652342;[171, 0, 17, 255, 161, 76, 221, 1, 12, 1, 0, 40, 0, 0, 41, 1, 0, 250, 3, 127]
1552550652344;[171, 0, 17, 255, 161, 76, 221, 1, 12, 1, 0, 41, 0, 0, 41, 1, 0, 249, 3, 100]
1552550652515;[171, 0, 17, 255, 161, 76, 221, 1, 12, 1, 0, 40, 0, 0, 41, 1, 0, 248, 3, 115]
1552550652517;[171, 0, 17, 255, 161, 76, 221, 1, 12, 1, 0, 46, 0, 0, 41, 1, 0, 249, 3, 118]
1552550652688;[171, 0, 4, 255, 132, 128, 65]
1552550652690;[171, 0, 17, 255, 161, 76, 221, 1, 13, 1, 0, 40, 0, 0, 41, 1, 0, 249, 3, 115]
1552550652860;[171, 0, 17, 255, 161, 76, 221, 1, 13, 1, 0, 41, 0, 0, 41, 1, 0, 249, 3, 106]
1552550653033;[171, 0, 17, 255, 161, 76, 221, 1, 13, 1, 0, 40, 0, 0, 42, 1, 0, 246, 3, 83]
1552550653035;[171, 0, 17, 255, 161, 76, 221, 1, 13, 1, 0, 40, 0, 0, 41, 1, 0, 249, 3, 62]
1552550653205;[171, 0, 17, 255, 161, 76, 221, 1, 13, 1, 0, 40, 0, 0, 41, 1, 0, 249, 3, 40]
1552550653207;[171, 0, 17, 255, 161, 76, 221, 1, 13, 1, 0, 39, 0, 0, 41, 1, 0, 248, 3, 9]
1552550653378;[171, 0, 17, 255, 161, 76, 221, 1, 13, 1, 0, 39, 0, 0, 42, 1, 0, 249, 3, 15]
1552550653551;[171, 0, 17, 255, 161, 76, 221, 1, 13, 1, 0, 40, 0, 0, 41, 1, 0, 248, 3, 47]
1552550653552;[171, 0, 17, 255, 161, 76, 221, 1, 13, 1, 0, 40, 0, 0, 42, 1, 0, 249, 3, 49]
1552550653723;[171, 0, 17, 255, 161, 76, 221, 1, 13, 1, 0, 40, 0, 0, 39, 1, 0, 243, 3, 54]
1552550653724;[171, 0, 4, 255, 132, 128, 65]
1552550653895;[171, 0, 17, 255, 161, 76, 221, 1, 14, 1, 0, 37, 0, 0, 43, 1, 0, 245, 3, 56]
1552550653898;[171, 0, 17, 255, 161, 76, 221, 1, 14, 1, 0, 42, 0, 0, 43, 1, 0, 249, 3, 36]
1552550654068;[171, 0, 17, 255, 161, 76, 221, 1, 14, 1, 0, 41, 0, 0, 42, 1, 0, 250, 3, 15]
1552550654240;[171, 0, 17, 255, 161, 76, 221, 1, 14, 1, 0, 39, 0, 0, 41, 1, 0, 249, 2, 243]
1552550654242;[171, 0, 17, 255, 161, 76, 221, 1, 14, 1, 0, 40, 0, 0, 41, 1, 0, 250, 2, 224]
1552550654413;[171, 0, 17, 255, 161, 76, 221, 1, 14, 1, 0, 41, 0, 0, 41, 1, 0, 248, 2, 243]
1552550654415;[171, 0, 17, 255, 161, 76, 221, 1, 14, 1, 0, 41, 0, 0, 40, 1, 0, 249, 3, 11]
1552550654585;[171, 0, 17, 255, 161, 76, 221, 1, 14, 1, 0, 37, 0, 0, 41, 1, 0, 243, 3, 12]
1552550654758;[171, 0, 17, 255, 161, 76, 221, 1, 14, 1, 0, 41, 0, 0, 41, 1, 0, 249, 3, 19]
1552550654931;[171, 0, 17, 255, 161, 76, 221, 1, 14, 1, 0, 40, 0, 0, 42, 1, 0, 248, 3, 18]
1552550654933;[171, 0, 4, 255, 132, 128, 65]
1552550654935;[171, 0, 17, 255, 161, 76, 221, 1, 15, 1, 0, 40, 0, 0, 42, 1, 0, 246, 3, 1]
1552550655103;[171, 0, 17, 255, 161, 76, 221, 1, 15, 1, 0, 40, 0, 0, 41, 1, 0, 245, 2, 239]
1552550655104;[171, 0, 17, 255, 161, 76, 221, 1, 15, 1, 0, 41, 0, 0, 42, 1, 0, 249, 2, 217]
1552550655275;[171, 0, 17, 255, 161, 76, 221, 1, 15, 1, 0, 40, 0, 0, 41, 1, 0, 246, 2, 186]
1552550655448;[171, 0, 17, 255, 161, 76, 221, 1, 15, 1, 0, 41, 0, 0, 41, 1, 0, 246, 2, 187]
1552550655450;[171, 0, 17, 255, 161, 76, 221, 1, 15, 1, 0, 39, 0, 0, 42, 1, 0, 249, 2, 218]
1552550655620;[171, 0, 17, 255, 161, 76, 221, 1, 15, 1, 0, 40, 0, 0, 39, 1, 0, 249, 2, 238]
1552550655793;[171, 0, 17, 255, 161, 76, 221, 1, 15, 1, 0, 41, 0, 0, 36, 1, 0, 246, 2, 244]
1552550655794;[171, 0, 17, 255, 161, 76, 221, 1, 15, 1, 0, 40, 0, 0, 43, 1, 0, 248, 2, 244]
1552550655796;[171, 0, 17, 255, 161, 76, 221, 1, 15, 1, 0, 40, 0, 0, 40, 1, 0, 250, 2, 235]
1552550655965;[171, 0, 4, 255, 132, 128, 65]
1552550656138;[171, 0, 17, 255, 161, 76, 221, 1, 16, 1, 0, 37, 0, 0, 40, 1, 0, 249, 2, 215]
1552550656139;[171, 0, 17, 255, 161, 76, 221, 1, 16, 1, 0, 45, 0, 0, 41, 1, 0, 248, 2, 202]
1552550656313;[171, 0, 17, 255, 161, 76, 221, 1, 16, 1, 0, 40, 0, 0, 40, 1, 0, 249, 2, 166]
1552550656318;[171, 0, 17, 255, 161, 76, 221, 1, 16, 1, 0, 40, 0, 0, 41, 1, 0, 245, 2, 181]
1552550656482;[171, 0, 17, 255, 161, 76, 221, 1, 16, 1, 0, 40, 0, 0, 42, 1, 0, 248, 2, 206]
1552550656655;[171, 0, 17, 255, 161, 76, 221, 1, 16, 1, 0, 40, 0, 0, 42, 1, 0, 250, 2, 214]
1552550656657;[171, 0, 17, 255, 161, 76, 221, 1, 16, 1, 0, 41, 0, 0, 42, 1, 0, 249, 2, 210]
1552550656828;[171, 0, 17, 255, 161, 76, 221, 1, 16, 1, 0, 40, 0, 0, 41, 1, 0, 249, 2, 189]
1552550656830;[171, 0, 17, 255, 161, 76, 221, 1, 16, 1, 0, 40, 0, 0, 42, 1, 0, 248, 2, 162]
1552550657000;[171, 0, 17, 255, 161, 76, 221, 1, 16, 1, 0, 40, 0, 0, 42, 1, 0, 249, 2, 135]
1552550657002;[171, 0, 4, 255, 132, 128, 65]
1552550657173;[171, 0, 17, 255, 161, 76, 221, 1, 17, 1, 0, 40, 0, 0, 40, 1, 0, 249, 2, 98]
1552550657346;[171, 0, 17, 255, 161, 76, 221, 1, 17, 1, 0, 40, 0, 0, 41, 1, 0, 249, 2, 57]
1552550657347;[171, 0, 17, 255, 161, 76, 221, 1, 17, 1, 0, 37, 0, 0, 42, 1, 0, 249, 2, 45]
1552550657691;[171, 0, 17, 255, 161, 76, 221, 1, 17, 1, 0, 39, 0, 0, 42, 1, 0, 246, 2, 73]
1552550657693;[171, 0, 17, 255, 161, 76, 221, 1, 17, 1, 0, 33, 0, 0, 42, 1, 0, 246, 2, 73]
1552550657694;[171, 0, 17, 255, 161, 76, 221, 1, 17, 1, 0, 40, 0, 0, 42, 1, 0, 246, 2, 71]
1552550657696;[171, 0, 17, 255, 161, 76, 221, 1, 17, 1, 0, 39, 0, 0, 42, 1, 0, 246, 2, 69]
1552550657863;[171, 0, 17, 255, 161, 76, 221, 1, 17, 1, 0, 37, 0, 0, 41, 1, 0, 247, 2, 56]
1552550658036;[171, 0, 17, 255, 161, 76, 221, 1, 17, 1, 0, 40, 0, 0, 42, 1, 0, 249, 2, 30]
1552550658049;[171, 0, 17, 255, 161, 76, 221, 1, 17, 1, 0, 39, 0, 0, 42, 1, 0, 246, 2, 10]
1552550658207;[171, 0, 4, 255, 132, 128, 65]
1552550658209;[171, 0, 17, 255, 161, 76, 221, 1, 18, 1, 0, 39, 0, 0, 41, 1, 0, 245, 1, 237]
