1552552092201;[171, 0, 4, 255, 132, 128, 65]
1552552092384;[171, 0, 17, 255, 161, 76, 221, 7, 10, 1, 0, 3, 0, 0, 35, 1, 0, 246, 7, 8]
1552552092551;[171, 0, 17, 255, 161, 76, 221, 7, 10, 1, 0, 3, 0, 0, 41, 1, 0, 248, 6, 191]
1552552092552;[171, 0, 17, 255, 161, 76, 221, 7, 10, 1, 0, 3, 0, 0, 40, 1, 0, 250, 6, 165]
1552552092718;[171, 0, 17, 255, 161, 76, 221, 7, 10, 1, 0, 12, 0, 0, 40, 1, 0, 246, 6, 241]
1552552092719;[171, 0, 17, 255, 161, 76, 221, 7, 10, 1, 0, 3, 0, 0, 35, 1, 0, 250, 7, 48]
1552552094841;[171, 0, 17, 255, 161, 76, 221, 7, 10, 1, 0, 4, 0, 0, 40, 1, 0, 248, 7, 55]
1552552094842;[171, 0, 17, 255, 161, 76, 221, 7, 10, 1, 0, 6, 0, 0, 36, 1, 0, 249, 7, 54]
1552552094843;[171, 0, 17, 255, 161, 76, 221, 7, 10, 1, 0, 8, 0, 0, 36, 1, 0, 254, 7, 24]
1552552094843;[171, 0, 17, 255, 161, 76, 221, 7, 11, 1, 0, 1, 0, 0, 41, 1, 0, 249, 6, 240]
1552552094844;[171, 0, 17, 255, 161, 76, 221, 7, 11, 1, 0, 12, 0, 0, 41, 1, 0, 248, 6, 184]
1552552094844;[171, 0, 4, 255, 132, 128, 65]
1552552094845;[171, 0, 17, 255, 161, 76, 221, 7, 11, 1, 0, 11, 0, 0, 40, 1, 0, 249, 6, 121]
1552552094845;[171, 0, 17, 255, 161, 76, 221, 7, 11, 1, 0, 8, 0, 0, 40, 1, 0, 246, 6, 47]
1552552094846;[171, 0, 17, 255, 161, 76, 221, 7, 11, 1, 0, 2, 0, 0, 41, 1, 0, 249, 5, 239]
1552552094846;[171, 0, 17, 255, 161, 76, 221, 7, 11, 1, 0, 2, 0, 0, 36, 1, 0, 249, 5, 201]
1552552094847;[171, 0, 17, 255, 161, 76, 221, 7, 11, 1, 0, 12, 0, 0, 40, 1, 0, 249, 6, 28]
1552552094847;[171, 0, 17, 255, 161, 76, 221, 7, 11, 1, 0, 4, 0, 0, 42, 1, 0, 248, 6, 67]
1552552094848;[171, 0, 17, 255, 161, 76, 221, 7, 11, 1, 0, 11, 0, 0, 36, 1, 0, 250, 6, 77]
1552552094848;[171, 0, 17, 255, 161, 76, 221, 7, 11, 1, 0, 10, 0, 0, 39, 1, 0, 249, 6, 91]
1552552094849;[171, 0, 17, 255, 161, 76, 221, 7, 12, 1, 0, 6, 0, 0, 36, 1, 0, 249, 6, 70]
1552552094849;[171, 0, 17, 255, 161, 76, 221, 7, 12, 1, 0, 10, 0, 0, 35, 1, 0, 249, 6, 36]
1552552094849;[171, 0, 4, 255, 132, 128, 65]
1552552094850;[171, 0, 17, 255, 161, 76, 221, 7, 12, 1, 0, 6, 0, 0, 41, 1, 0, 248, 5, 248]
1552552094850;[171, 0, 17, 255, 161, 76, 221, 7, 12, 1, 0, 11, 0, 0, 41, 1, 0, 245, 5, 191]
1552552094870;[171, 0, 17, 255, 161, 76, 221, 7, 12, 1, 0, 11, 0, 0, 40, 1, 0, 249, 5, 135]
1552552094871;[171, 0, 17, 255, 161, 76, 221, 7, 12, 1, 0, 1, 0, 0, 40, 1, 0, 249, 5, 73]
1552552094957;[171, 0, 17, 255, 161, 76, 221, 7, 12, 1, 0, 7, 0, 0, 36, 1, 0, 249, 5, 100]
1552552095141;[171, 0, 17, 255, 161, 76, 221, 7, 12, 1, 0, 4, 0, 0, 41, 1, 0, 249, 5, 169]
1552552095142;[171, 0, 17, 255, 161, 76, 221, 7, 12, 1, 0, 4, 0, 0, 36, 1, 0, 249, 5, 202]
1552552095309;[171, 0, 17, 255, 161, 76, 221, 7, 12, 1, 0, 3, 0, 0, 41, 1, 0, 246, 5, 208]
1552552095309;[171, 0, 17, 255, 161, 76, 221, 7, 13, 1, 0, 6, 0, 0, 40, 1, 0, 250, 5, 210]
1552552095476;[171, 0, 17, 255, 161, 76, 221, 7, 13, 1, 0, 3, 0, 0, 36, 1, 0, 249, 5, 188]
1552552095659;[171, 0, 4, 255, 132, 128, 64]
1552552095660;[171, 0, 17, 255, 161, 76, 221, 7, 13, 1, 0, 10, 0, 0, 40, 1, 0, 249, 5, 147]
1552552095827;[171, 0, 17, 255, 161, 76, 221, 7, 13, 1, 0, 10, 0, 0, 40, 1, 0, 249, 5, 108]
1552552095827;[171, 0, 17, 255, 161, 76, 221, 7, 13, 1, 0, 7, 0, 0, 36, 1, 0, 249, 5, 66]
1552552095993;[171, 0, 17, 255, 161, 76, 221, 7, 13, 1, 0, 4, 0, 0, 41, 1, 0, 249, 5, 25]
1552552095994;[171, 0, 17, 255, 161, 76, 221, 7, 13, 1, 0, 4, 0, 0, 40, 1, 0, 250, 5, 111]
1552552096511;[171, 0, 17, 255, 161, 76, 221, 7, 13, 1, 0, 7, 0, 0, 40, 1, 0, 248, 5, 173]
1552552096695;[171, 0, 17, 255, 161, 76, 221, 7, 13, 1, 0, 10, 0, 0, 35, 1, 0, 250, 5, 198]
1552552097029;[171, 0, 17, 255, 161, 76, 221, 7, 13, 1, 0, 4, 0, 0, 41, 1, 0, 249, 5, 216]
1552552097029;[171, 0, 17, 255, 161, 76, 221, 7, 14, 1, 0, 11, 0, 0, 35, 1, 0, 246, 5, 206]
1552552097030;[171, 0, 17, 255, 161, 76, 221, 7, 16, 1, 0, 7, 0, 0, 36, 1, 0, 249, 6, 3]
1552552097046;[171, 0, 17, 255, 161, 76, 221, 7, 16, 1, 0, 7, 0, 0, 40, 1, 0, 249, 5, 224]
1552552097046;[171, 0, 17, 255, 161, 76, 221, 7, 16, 1, 0, 3, 0, 0, 41, 1, 0, 246, 5, 181]
1552552097047;[171, 0, 17, 255, 161, 76, 221, 7, 16, 1, 0, 6, 0, 0, 42, 1, 0, 249, 5, 188]
1552552097213;[171, 0, 17, 255, 161, 76, 221, 7, 16, 1, 0, 10, 0, 0, 40, 1, 0, 249, 6, 3]
1552552097213;[171, 0, 17, 255, 161, 76, 221, 7, 16, 1, 0, 6, 0, 0, 41, 1, 0, 249, 6, 47]
1552552097380;[171, 0, 17, 255, 161, 76, 221, 7, 16, 1, 0, 10, 0, 0, 39, 1, 0, 245, 6, 57]
1552552097548;[171, 0, 17, 255, 161, 76, 221, 7, 16, 1, 0, 10, 0, 0, 41, 1, 0, 246, 6, 63]
1552552097548;[171, 0, 17, 255, 161, 76, 221, 7, 17, 1, 0, 8, 0, 0, 41, 1, 0, 247, 6, 40]
1552552097731;[171, 0, 17, 255, 161, 76, 221, 7, 17, 1, 0, 4, 0, 0, 40, 1, 0, 249, 6, 15]
1552552097731;[171, 0, 4, 255, 132, 128, 62]
1552552097898;[171, 0, 17, 255, 161, 76, 221, 7, 17, 1, 0, 8, 0, 0, 41, 1, 0, 249, 5, 222]
1552552097898;[171, 0, 17, 255, 161, 76, 221, 7, 17, 1, 0, 11, 0, 0, 40, 1, 0, 249, 5, 181]
1552552098065;[171, 0, 17, 255, 161, 76, 221, 7, 17, 1, 0, 3, 0, 0, 40, 1, 0, 248, 5, 168]
1552552098249;[171, 0, 17, 255, 161, 76, 221, 7, 17, 1, 0, 11, 0, 0, 42, 1, 0, 248, 6, 5]
1552552098249;[171, 0, 17, 255, 161, 76, 221, 7, 17, 1, 0, 3, 0, 0, 41, 1, 0, 246, 6, 71]
1552552098416;[171, 0, 17, 255, 161, 76, 221, 7, 17, 1, 0, 8, 0, 0, 39, 1, 0, 246, 6, 84]
1552552098416;[171, 0, 17, 255, 161, 76, 221, 7, 17, 1, 0, 8, 0, 0, 39, 1, 0, 248, 6, 98]
1552552098583;[171, 0, 17, 255, 161, 76, 221, 7, 17, 1, 0, 8, 0, 0, 36, 1, 0, 248, 6, 97]
1552552098766;[171, 0, 17, 255, 161, 76, 221, 7, 18, 1, 0, 6, 0, 0, 42, 1, 0, 246, 6, 72]
1552552098767;[171, 0, 17, 255, 161, 76, 221, 7, 18, 1, 0, 3, 0, 0, 41, 1, 0, 249, 6, 37]
1552552098934;[171, 0, 4, 255, 132, 128, 62]
1552552098935;[171, 0, 17, 255, 161, 76, 221, 7, 18, 1, 0, 3, 0, 0, 40, 1, 0, 249, 5, 251]
1552552099101;[171, 0, 17, 255, 161, 76, 221, 7, 18, 1, 0, 6, 0, 0, 40, 1, 0, 246, 5, 197]
1552552099268;[171, 0, 17, 255, 161, 76, 221, 7, 18, 1, 0, 7, 0, 0, 42, 1, 0, 246, 5, 192]
1552552099285;[171, 0, 17, 255, 161, 76, 221, 7, 18, 1, 0, 6, 0, 0, 39, 1, 0, 246, 6, 28]
1552552099452;[171, 0, 17, 255, 161, 76, 221, 7, 18, 1, 0, 8, 0, 0, 35, 1, 0, 248, 6, 86]
1552552099452;[171, 0, 17, 255, 161, 76, 221, 7, 18, 1, 0, 3, 0, 0, 41, 1, 0, 245, 6, 110]
1552552099619;[171, 0, 17, 255, 161, 76, 221, 7, 18, 1, 0, 10, 0, 0, 41, 1, 0, 249, 6, 128]
1552552099620;[171, 0, 17, 255, 161, 76, 221, 7, 18, 1, 0, 7, 0, 0, 41, 1, 0, 249, 6, 114]
1552552099786;[171, 0, 17, 255, 161, 76, 221, 7, 19, 1, 0, 8, 0, 0, 40, 1, 0, 249, 6, 86]
1552552099803;[171, 0, 17, 255, 161, 76, 221, 7, 19, 1, 0, 12, 0, 0, 36, 1, 0, 249, 6, 50]
1552552099970;[171, 0, 4, 255, 132, 128, 62]
1552552100137;[171, 0, 17, 255, 161, 76, 221, 7, 19, 1, 0, 7, 0, 0, 41, 1, 0, 249, 6, 8]
1552552100138;[171, 0, 17, 255, 161, 76, 221, 7, 19, 1, 0, 12, 0, 0, 41, 1, 0, 249, 5, 205]
1552552100304;[171, 0, 17, 255, 161, 76, 221, 7, 19, 1, 0, 4, 0, 0, 36, 1, 0, 249, 6, 9]
1552552100320;[171, 0, 17, 255, 161, 76, 221, 7, 19, 1, 0, 6, 0, 0, 40, 1, 0, 249, 6, 82]
1552552100488;[171, 0, 17, 255, 161, 76, 221, 7, 19, 1, 0, 11, 0, 0, 41, 1, 0, 249, 6, 83]
1552552100655;[171, 0, 17, 255, 161, 76, 221, 7, 19, 1, 0, 10, 0, 0, 42, 1, 0, 249, 6, 91]
1552552100655;[171, 0, 17, 255, 161, 76, 221, 7, 19, 1, 0, 8, 0, 0, 41, 1, 0, 248, 6, 84]
1552552100822;[171, 0, 17, 255, 161, 76, 221, 7, 19, 1, 0, 6, 0, 0, 41, 1, 0, 249, 6, 59]
1552552100839;[171, 0, 17, 255, 161, 76, 221, 7, 20, 1, 0, 6, 0, 0, 40, 1, 0, 248, 6, 18]
1552552101006;[171, 0, 17, 255, 161, 76, 221, 7, 20, 1, 0, 11, 0, 0, 40, 1, 0, 248, 5, 223]
1552552101006;[171, 0, 4, 255, 132, 128, 62]
1552552101172;[171, 0, 17, 255, 161, 76, 221, 7, 20, 1, 0, 7, 0, 0, 41, 1, 0, 249, 5, 172]
1552552101340;[171, 0, 17, 255, 161, 76, 221, 7, 20, 1, 0, 1, 0, 0, 41, 1, 0, 248, 5, 208]
1552552101340;[171, 0, 17, 255, 161, 76, 221, 7, 20, 1, 0, 4, 0, 0, 41, 1, 0, 249, 6, 23]
1552552101523;[171, 0, 17, 255, 161, 76, 221, 7, 20, 1, 0, 3, 0, 0, 36, 1, 0, 249, 6, 66]
1552552101524;[171, 0, 17, 255, 161, 76, 221, 7, 20, 1, 0, 3, 0, 0, 41, 1, 0, 248, 6, 70]
1552552101690;[171, 0, 17, 255, 161, 76, 221, 7, 20, 1, 0, 11, 0, 0, 40, 1, 0, 248, 6, 66]
1552552101691;[171, 0, 17, 255, 161, 76, 221, 7, 20, 1, 0, 6, 0, 0, 41, 1, 0, 246, 6, 41]
1552552101858;[171, 0, 17, 255, 161, 76, 221, 7, 20, 1, 0, 6, 0, 0, 39, 1, 0, 249, 6, 0]
1552552102041;[171, 0, 17, 255, 161, 76, 221, 7, 21, 1, 0, 6, 0, 0, 41, 1, 0, 246, 5, 204]
1552552102042;[171, 0, 17, 255, 161, 76, 221, 7, 21, 1, 0, 1, 0, 0, 40, 1, 0, 249, 5, 148]
1552552102209;[171, 0, 4, 255, 132, 128, 62]
1552552102210;[171, 0, 17, 255, 161, 76, 221, 7, 21, 1, 0, 3, 0, 0, 40, 1, 0, 248, 5, 149]
1552552102560;[171, 0, 17, 255, 161, 76, 221, 7, 21, 1, 0, 6, 0, 0, 41, 1, 0, 249, 5, 239]
1552552102560;[171, 0, 17, 255, 161, 76, 221, 7, 21, 1, 0, 8, 0, 0, 41, 1, 0, 249, 6, 31]
1552552102561;[171, 0, 17, 255, 161, 76, 221, 7, 21, 1, 0, 8, 0, 0, 41, 1, 0, 246, 6, 44]
1552552102726;[171, 0, 17, 255, 161, 76, 221, 7, 21, 1, 0, 3, 0, 0, 41, 1, 0, 249, 6, 48]
1552552102727;[171, 0, 17, 255, 161, 76, 221, 7, 21, 1, 0, 10, 0, 0, 42, 1, 0, 249, 6, 27]
1552552102894;[171, 0, 17, 255, 161, 76, 221, 7, 21, 1, 0, 7, 0, 0, 36, 1, 0, 249, 5, 238]
1552552102894;[171, 0, 17, 255, 161, 76, 221, 7, 21, 1, 0, 4, 0, 0, 41, 1, 0, 245, 5, 193]
1552552103077;[171, 0, 17, 255, 161, 76, 221, 7, 22, 1, 0, 6, 0, 0, 41, 1, 0, 247, 5, 139]
1552552103244;[171, 0, 17, 255, 161, 76, 221, 7, 22, 1, 0, 8, 0, 0, 40, 1, 0, 249, 5, 73]
1552552103245;[171, 0, 4, 255, 132, 128, 62]
1552552103411;[171, 0, 17, 255, 161, 76, 221, 7, 22, 1, 0, 4, 0, 0, 41, 1, 0, 247, 5, 84]
1552552103412;[171, 0, 17, 255, 161, 76, 221, 7, 22, 1, 0, 8, 0, 0, 40, 1, 0, 248, 5, 166]
1552552103595;[171, 0, 17, 255, 161, 76, 221, 7, 22, 1, 0, 11, 0, 0, 36, 1, 0, 249, 5, 195]
1552552103763;[171, 0, 17, 255, 161, 76, 221, 7, 22, 1, 0, 8, 0, 0, 41, 1, 0, 246, 5, 207]
1552552103764;[171, 0, 17, 255, 161, 76, 221, 7, 22, 1, 0, 4, 0, 0, 41, 1, 0, 249, 5, 215]
1552552103930;[171, 0, 17, 255, 161, 76, 221, 7, 22, 1, 0, 6, 0, 0, 41, 1, 0, 248, 5, 187]
1552552103931;[171, 0, 17, 255, 161, 76, 221, 7, 22, 1, 0, 3, 0, 0, 41, 1, 0, 248, 5, 145]
1552552104113;[171, 0, 17, 255, 161, 76, 221, 7, 22, 1, 0, 11, 0, 0, 40, 1, 0, 249, 5, 98]
1552552104114;[171, 0, 17, 255, 161, 76, 221, 7, 23, 1, 0, 10, 0, 0, 41, 1, 0, 249, 5, 40]
1552552104280;[171, 0, 17, 255, 161, 76, 221, 7, 23, 1, 0, 3, 0, 0, 42, 1, 0, 247, 5, 23]
1552552104631;[171, 0, 4, 255, 132, 128, 62]
1552552104632;[171, 0, 17, 255, 161, 76, 221, 7, 23, 1, 0, 11, 0, 0, 41, 1, 0, 248, 5, 106]
1552552104633;[171, 0, 17, 255, 161, 76, 221, 7, 23, 1, 0, 6, 0, 0, 42, 1, 0, 249, 5, 155]
1552552104633;[171, 0, 17, 255, 161, 76, 221, 7, 23, 1, 0, 6, 0, 0, 41, 1, 0, 246, 5, 159]
1552552104798;[171, 0, 17, 255, 161, 76, 221, 7, 23, 1, 0, 6, 0, 0, 41, 1, 0, 249, 5, 173]
1552552104799;[171, 0, 17, 255, 161, 76, 221, 7, 23, 1, 0, 8, 0, 0, 42, 1, 0, 253, 5, 154]
1552552104965;[171, 0, 17, 255, 161, 76, 221, 7, 23, 1, 0, 8, 0, 0, 41, 1, 0, 246, 5, 115]
1552552105133;[171, 0, 17, 255, 161, 76, 221, 7, 23, 1, 0, 4, 0, 0, 41, 1, 0, 249, 5, 71]
1552552105149;[171, 0, 17, 255, 161, 76, 221, 7, 23, 1, 0, 6, 0, 0, 42, 1, 0, 249, 5, 21]
1552552105316;[171, 0, 17, 255, 161, 76, 221, 7, 24, 1, 0, 3, 0, 0, 42, 1, 0, 249, 4, 226]
1552552105317;[171, 0, 17, 255, 161, 76, 221, 7, 24, 1, 0, 12, 0, 0, 41, 1, 0, 248, 5, 49]
1552552105483;[171, 0, 4, 255, 132, 128, 62]
1552552105651;[171, 0, 17, 255, 161, 76, 221, 7, 24, 1, 0, 4, 0, 0, 41, 1, 0, 249, 5, 112]
1552552105667;[171, 0, 17, 255, 161, 76, 221, 7, 24, 1, 0, 11, 0, 0, 41, 1, 0, 250, 5, 141]
1552552105834;[171, 0, 17, 255, 161, 76, 221, 7, 24, 1, 0, 7, 0, 0, 42, 1, 0, 249, 5, 157]
1552552105835;[171, 0, 17, 255, 161, 76, 221, 7, 24, 1, 0, 8, 0, 0, 40, 1, 0, 248, 5, 152]
1552552106001;[171, 0, 17, 255, 161, 76, 221, 7, 24, 1, 0, 12, 0, 0, 41, 1, 0, 249, 5, 122]
1552552106002;[171, 0, 17, 255, 161, 76, 221, 7, 24, 1, 0, 10, 0, 0, 41, 1, 0, 248, 5, 77]
1552552106168;[171, 0, 17, 255, 161, 76, 221, 7, 24, 1, 0, 3, 0, 0, 41, 1, 0, 249, 5, 29]
1552552106352;[171, 0, 17, 255, 161, 76, 221, 7, 24, 1, 0, 12, 0, 0, 42, 1, 0, 249, 4, 236]
1552552106353;[171, 0, 17, 255, 161, 76, 221, 7, 25, 1, 0, 3, 0, 0, 40, 1, 0, 248, 4, 187]
1552552106519;[171, 0, 17, 255, 161, 76, 221, 7, 25, 1, 0, 8, 0, 0, 40, 1, 0, 250, 4, 250]
1552552106519;[171, 0, 4, 255, 132, 128, 62]
1552552106686;[171, 0, 17, 255, 161, 76, 221, 7, 25, 1, 0, 4, 0, 0, 42, 1, 0, 246, 5, 58]
1552552106703;[171, 0, 17, 255, 161, 76, 221, 7, 25, 1, 0, 6, 0, 0, 41, 1, 0, 250, 5, 66]
1552552106870;[171, 0, 17, 255, 161, 76, 221, 7, 25, 1, 0, 6, 0, 0, 41, 1, 0, 249, 5, 93]
1552552107037;[171, 0, 17, 255, 161, 76, 221, 7, 25, 1, 0, 10, 0, 0, 41, 1, 0, 253, 5, 84]
1552552107038;[171, 0, 17, 255, 161, 76, 221, 7, 25, 1, 0, 7, 0, 0, 39, 1, 0, 248, 5, 54]
1552552107204;[171, 0, 17, 255, 161, 76, 221, 7, 25, 1, 0, 6, 0, 0, 42, 1, 0, 248, 5, 16]
1552552107205;[171, 0, 17, 255, 161, 76, 221, 7, 25, 1, 0, 1, 0, 0, 41, 1, 0, 246, 4, 223]
1552552107388;[171, 0, 17, 255, 161, 76, 221, 7, 25, 1, 0, 12, 0, 0, 42, 1, 0, 248, 4, 179]
1552552107555;[171, 0, 17, 255, 161, 76, 221, 7, 26, 1, 0, 3, 0, 0, 41, 1, 0, 249, 4, 190]
1552552107556;[171, 0, 17, 255, 161, 76, 221, 7, 26, 1, 0, 12, 0, 0, 41, 1, 0, 249, 5, 12]
1552552107722;[171, 0, 4, 255, 132, 128, 62]
1552552107723;[171, 0, 17, 255, 161, 76, 221, 7, 26, 1, 0, 3, 0, 0, 41, 1, 0, 249, 5, 43]
1552552107906;[171, 0, 17, 255, 161, 76, 221, 7, 26, 1, 0, 6, 0, 0, 40, 1, 0, 249, 5, 50]
1552552107906;[171, 0, 17, 255, 161, 76, 221, 7, 26, 1, 0, 10, 0, 0, 40, 1, 0, 246, 5, 52]
1552552108073;[171, 0, 17, 255, 161, 76, 221, 7, 26, 1, 0, 10, 0, 0, 41, 1, 0, 249, 5, 23]
1552552108240;[171, 0, 17, 255, 161, 76, 221, 7, 26, 1, 0, 8, 0, 0, 44, 1, 0, 246, 4, 247]
1552552108241;[171, 0, 17, 255, 161, 76, 221, 7, 26, 1, 0, 8, 0, 0, 42, 1, 0, 249, 4, 207]
1552552108591;[171, 0, 17, 255, 161, 76, 221, 7, 26, 1, 0, 4, 0, 0, 41, 1, 0, 249, 4, 155]
1552552108592;[171, 0, 17, 255, 161, 76, 221, 7, 26, 1, 0, 6, 0, 0, 41, 1, 0, 250, 4, 100]
1552552108592;[171, 0, 17, 255, 161, 76, 221, 7, 27, 1, 0, 8, 0, 0, 40, 1, 0, 248, 4, 147]
1552552108593;[171, 0, 17, 255, 161, 76, 221, 7, 27, 1, 0, 6, 0, 0, 40, 1, 0, 249, 4, 226]
1552552108758;[171, 0, 4, 255, 132, 128, 62]
1552552108942;[171, 0, 17, 255, 161, 76, 221, 7, 27, 1, 0, 12, 0, 0, 42, 1, 0, 249, 5, 16]
1552552108943;[171, 0, 17, 255, 161, 76, 221, 7, 27, 1, 0, 11, 0, 0, 41, 1, 0, 249, 5, 38]
1552552109109;[171, 0, 17, 255, 161, 76, 221, 7, 27, 1, 0, 8, 0, 0, 42, 1, 0, 249, 5, 43]
1552552109110;[171, 0, 17, 255, 161, 76, 221, 7, 27, 1, 0, 8, 0, 0, 42, 1, 0, 247, 5, 17]
1552552109276;[171, 0, 17, 255, 161, 76, 221, 7, 27, 1, 0, 10, 0, 0, 41, 1, 0, 249, 4, 246]
1552552109461;[171, 0, 17, 255, 161, 76, 221, 7, 27, 1, 0, 6, 0, 0, 41, 1, 0, 248, 4, 200]
1552552109461;[171, 0, 17, 255, 161, 76, 221, 7, 27, 1, 0, 6, 0, 0, 41, 1, 0, 249, 4, 151]
1552552109628;[171, 0, 17, 255, 161, 76, 221, 7, 27, 1, 0, 7, 0, 0, 42, 1, 0, 246, 4, 126]
1552552109628;[171, 0, 17, 255, 161, 76, 221, 7, 28, 1, 0, 6, 0, 0, 41, 1, 0, 249, 4, 202]
1552552109795;[171, 0, 17, 255, 161, 76, 221, 7, 28, 1, 0, 3, 0, 0, 41, 1, 0, 245, 5, 9]
1552552109795;[171, 0, 4, 255, 132, 128, 62]
1552552109978;[171, 0, 17, 255, 161, 76, 221, 7, 28, 1, 0, 6, 0, 0, 40, 1, 0, 250, 5, 18]
1552552110146;[171, 0, 17, 255, 161, 76, 221, 7, 28, 1, 0, 1, 0, 0, 42, 1, 0, 246, 5, 35]
1552552110147;[171, 0, 17, 255, 161, 76, 221, 7, 28, 1, 0, 3, 0, 0, 41, 1, 0, 246, 5, 16]
1552552110312;[171, 0, 17, 255, 161, 76, 221, 7, 28, 1, 0, 4, 0, 0, 40, 1, 0, 246, 4, 241]
1552552110313;[171, 0, 17, 255, 161, 76, 221, 7, 28, 1, 0, 4, 0, 0, 41, 1, 0, 249, 4, 196]
1552552110496;[171, 0, 17, 255, 161, 76, 221, 7, 28, 1, 0, 12, 0, 0, 42, 1, 0, 248, 4, 143]
1552552110663;[171, 0, 17, 255, 161, 76, 221, 7, 28, 1, 0, 3, 0, 0, 41, 1, 0, 249, 4, 123]
1552552110664;[171, 0, 17, 255, 161, 76, 221, 7, 28, 1, 0, 10, 0, 0, 36, 1, 0, 249, 4, 206]
1552552110830;[171, 0, 17, 255, 161, 76, 221, 7, 29, 1, 0, 6, 0, 0, 41, 1, 0, 248, 5, 11]
1552552110831;[171, 0, 17, 255, 161, 76, 221, 7, 29, 1, 0, 5, 0, 0, 42, 1, 0, 249, 5, 23]
1552552110997;[171, 0, 4, 255, 132, 128, 62]
1552552111016;[171, 0, 17, 255, 161, 76, 221, 7, 29, 1, 0, 6, 0, 0, 41, 1, 0, 249, 5, 31]
1552552111181;[171, 0, 17, 255, 161, 76, 221, 7, 29, 1, 0, 8, 0, 0, 42, 1, 0, 253, 5, 17]
1552552111348;[171, 0, 17, 255, 161, 76, 221, 7, 29, 1, 0, 4, 0, 0, 40, 1, 0, 249, 4, 242]
1552552111349;[171, 0, 17, 255, 161, 76, 221, 7, 29, 1, 0, 7, 0, 0, 41, 1, 0, 245, 4, 193]
1552552111515;[171, 0, 17, 255, 161, 76, 221, 7, 29, 1, 0, 11, 0, 0, 40, 1, 0, 249, 4, 139]
1552552111532;[171, 0, 17, 255, 161, 76, 221, 7, 29, 1, 0, 7, 0, 0, 39, 1, 0, 248, 4, 101]
1552552111866;[171, 0, 17, 255, 161, 76, 221, 7, 29, 1, 0, 3, 0, 0, 41, 1, 0, 246, 4, 188]
1552552111866;[171, 0, 17, 255, 161, 76, 221, 7, 29, 1, 0, 6, 0, 0, 42, 1, 0, 248, 4, 252]
1552552111867;[171, 0, 17, 255, 161, 76, 221, 7, 30, 1, 0, 6, 0, 0, 41, 1, 0, 249, 5, 11]
1552552112033;[171, 0, 17, 255, 161, 76, 221, 7, 30, 1, 0, 8, 0, 0, 40, 1, 0, 243, 5, 15]
1552552112050;[171, 0, 4, 255, 132, 128, 62]
1552552112217;[171, 0, 17, 255, 161, 76, 221, 7, 30, 1, 0, 1, 0, 0, 42, 1, 0, 249, 4, 239]
1552552112217;[171, 0, 17, 255, 161, 76, 221, 7, 30, 1, 0, 10, 0, 0, 41, 1, 0, 249, 4, 188]
1552552112384;[171, 0, 17, 255, 161, 76, 221, 7, 30, 1, 0, 3, 0, 0, 40, 1, 0, 249, 4, 119]
1552552112551;[171, 0, 17, 255, 161, 76, 221, 7, 30, 1, 0, 6, 0, 0, 41, 1, 0, 246, 4, 58]
1552552112568;[171, 0, 17, 255, 161, 76, 221, 7, 30, 1, 0, 8, 0, 0, 40, 1, 0, 249, 3, 219]
1552552112735;[171, 0, 17, 255, 161, 76, 221, 7, 30, 1, 0, 6, 0, 0, 40, 1, 0, 248, 3, 253]
1552552112735;[171, 0, 17, 255, 161, 76, 221, 7, 30, 1, 0, 1, 0, 0, 41, 1, 0, 251, 4, 76]
1552552112902;[171, 0, 17, 255, 161, 76, 221, 7, 30, 1, 0, 3, 0, 0, 36, 1, 0, 249, 4, 110]
1552552112903;[171, 0, 17, 255, 161, 76, 221, 7, 31, 1, 0, 1, 0, 0, 41, 1, 0, 249, 4, 120]
1552552113069;[171, 0, 17, 255, 161, 76, 221, 7, 31, 1, 0, 7, 0, 0, 40, 1, 0, 249, 4, 120]
1552552113252;[171, 0, 4, 255, 132, 128, 63]
1552552113253;[171, 0, 17, 255, 161, 76, 221, 7, 31, 1, 0, 8, 0, 0, 41, 1, 0, 245, 4, 97]
1552552113420;[171, 0, 17, 255, 161, 76, 221, 7, 31, 1, 0, 6, 0, 0, 41, 1, 0, 248, 4, 49]
1552552113421;[171, 0, 17, 255, 161, 76, 221, 7, 31, 1, 0, 8, 0, 0, 41, 1, 0, 248, 3, 242]
1552552113588;[171, 0, 17, 255, 161, 76, 221, 7, 31, 1, 0, 11, 0, 0, 36, 1, 0, 248, 3, 187]
1552552113588;[171, 0, 17, 255, 161, 76, 221, 7, 31, 1, 0, 3, 0, 0, 41, 1, 0, 249, 3, 227]
1552552113771;[171, 0, 17, 255, 161, 76, 221, 7, 31, 1, 0, 8, 0, 0, 41, 1, 0, 248, 4, 33]
1552552113938;[171, 0, 17, 255, 161, 76, 221, 7, 31, 1, 0, 3, 0, 0, 41, 1, 0, 250, 4, 44]
1552552113938;[171, 0, 17, 255, 161, 76, 221, 7, 31, 1, 0, 1, 0, 0, 41, 1, 0, 248, 4, 42]
1552552114104;[171, 0, 17, 255, 161, 76, 221, 7, 32, 1, 0, 4, 0, 0, 41, 1, 0, 249, 4, 29]
1552552114105;[171, 0, 17, 255, 161, 76, 221, 7, 32, 1, 0, 4, 0, 0, 41, 1, 0, 248, 3, 242]
1552552114288;[171, 0, 4, 255, 132, 128, 63]
1552552114455;[171, 0, 17, 255, 161, 76, 221, 7, 32, 1, 0, 1, 0, 0, 41, 1, 0, 247, 3, 193]
1552552114456;[171, 0, 17, 255, 161, 76, 221, 7, 32, 1, 0, 6, 0, 0, 41, 1, 0, 246, 3, 138]
1552552114622;[171, 0, 17, 255, 161, 76, 221, 7, 32, 1, 0, 4, 0, 0, 41, 1, 0, 250, 3, 86]
1552552114623;[171, 0, 17, 255, 161, 76, 221, 7, 32, 1, 0, 1, 0, 0, 41, 1, 0, 249, 3, 109]
1552552114807;[171, 0, 17, 255, 161, 76, 221, 7, 32, 1, 0, 7, 0, 0, 41, 1, 0, 249, 3, 205]
1552552114807;[171, 0, 17, 255, 161, 76, 221, 7, 32, 1, 0, 4, 0, 0, 41, 1, 0, 250, 3, 250]
1552552114973;[171, 0, 17, 255, 161, 76, 221, 7, 32, 1, 0, 3, 0, 0, 40, 1, 0, 249, 4, 7]
1552552115140;[171, 0, 17, 255, 161, 76, 221, 7, 32, 1, 0, 2, 0, 0, 41, 1, 0, 248, 3, 250]
1552552115141;[171, 0, 17, 255, 161, 76, 221, 7, 33, 1, 0, 4, 0, 0, 42, 1, 0, 249, 3, 211]
1552552115325;[171, 0, 17, 255, 161, 76, 221, 7, 33, 1, 0, 6, 0, 0, 43, 1, 0, 249, 3, 176]
1552552115325;[171, 0, 4, 255, 132, 128, 63]
1552552115491;[171, 0, 17, 255, 161, 76, 221, 7, 33, 1, 0, 3, 0, 0, 41, 1, 0, 249, 3, 160]
1552552115492;[171, 0, 17, 255, 161, 76, 221, 7, 33, 1, 0, 8, 0, 0, 41, 1, 0, 249, 3, 129]
1552552115659;[171, 0, 17, 255, 161, 76, 221, 7, 33, 1, 0, 3, 0, 0, 41, 1, 0, 249, 3, 103]
1552552115843;[171, 0, 17, 255, 161, 76, 221, 7, 33, 1, 0, 1, 0, 0, 41, 1, 0, 249, 3, 194]
1552552115843;[171, 0, 17, 255, 161, 76, 221, 7, 33, 1, 0, 3, 0, 0, 39, 1, 0, 249, 3, 254]
1552552116176;[171, 0, 17, 255, 161, 76, 221, 7, 33, 1, 0, 3, 0, 0, 40, 1, 0, 250, 4, 17]
1552552116177;[171, 0, 17, 255, 161, 76, 221, 7, 33, 1, 0, 3, 0, 0, 43, 1, 0, 249, 4, 26]
1552552116178;[171, 0, 17, 255, 161, 76, 221, 7, 33, 0, 0, 1, 0, 0, 40, 1, 0, 249, 4, 12]
1552552116360;[171, 0, 17, 255, 161, 76, 221, 7, 34, 1, 0, 6, 0, 0, 41, 1, 0, 248, 3, 230]
1552552116361;[171, 0, 17, 255, 161, 76, 221, 7, 34, 1, 0, 8, 0, 0, 41, 1, 0, 246, 3, 188]
1552552116527;[171, 0, 4, 255, 132, 128, 63]
1552552116528;[171, 0, 17, 255, 161, 76, 221, 7, 34, 1, 0, 8, 0, 0, 42, 1, 0, 249, 3, 139]
1552552116695;[171, 0, 17, 255, 161, 76, 221, 7, 34, 1, 0, 3, 0, 0, 35, 1, 0, 245, 3, 88]
1552552116695;[171, 0, 17, 255, 161, 76, 221, 7, 34, 1, 0, 8, 0, 0, 41, 1, 0, 246, 3, 127]
1552552116879;[171, 0, 17, 255, 161, 76, 221, 7, 34, 1, 0, 10, 0, 0, 41, 1, 0, 248, 3, 191]
1552552117046;[171, 0, 17, 255, 161, 76, 221, 7, 34, 1, 0, 6, 0, 0, 42, 1, 0, 249, 3, 214]
1552552117046;[171, 0, 17, 255, 161, 76, 221, 7, 34, 1, 0, 2, 0, 0, 40, 1, 0, 249, 3, 226]
1552552117213;[171, 0, 17, 255, 161, 76, 221, 7, 34, 1, 0, 1, 0, 0, 41, 1, 0, 248, 3, 212]
1552552117213;[171, 0, 17, 255, 161, 76, 221, 7, 34, 1, 0, 6, 0, 0, 41, 1, 0, 246, 3, 185]
1552552117397;[171, 0, 17, 255, 161, 76, 221, 7, 35, 1, 0, 6, 0, 0, 40, 1, 0, 249, 3, 140]
1552552117397;[171, 0, 17, 255, 161, 76, 221, 7, 35, 1, 0, 3, 0, 0, 41, 1, 0, 248, 3, 93]
1552552117564;[171, 0, 4, 255, 132, 128, 63]
1552552117731;[171, 0, 17, 255, 161, 76, 221, 7, 35, 1, 0, 3, 0, 0, 35, 1, 0, 249, 3, 32]
1552552117731;[171, 0, 17, 255, 161, 76, 221, 7, 35, 1, 0, 3, 0, 0, 41, 1, 0, 246, 3, 3]
1552552117915;[171, 0, 17, 255, 161, 76, 221, 7, 35, 1, 0, 11, 0, 0, 41, 1, 0, 249, 3, 82]
1552552117915;[171, 0, 17, 255, 161, 76, 221, 7, 35, 1, 0, 4, 0, 0, 41, 1, 0, 249, 3, 141]
1552552118082;[171, 0, 17, 255, 161, 76, 221, 7, 35, 1, 0, 3, 0, 0, 41, 1, 0, 246, 3, 152]
1552552118249;[171, 0, 17, 255, 161, 76, 221, 7, 35, 1, 0, 6, 0, 0, 41, 1, 0, 246, 3, 171]
1552552118249;[171, 0, 17, 255, 161, 76, 221, 7, 35, 1, 0, 4, 0, 0, 39, 1, 0, 249, 3, 164]
1552552118416;[171, 0, 17, 255, 161, 76, 221, 7, 35, 1, 0, 1, 0, 0, 41, 1, 0, 246, 3, 128]
1552552118433;[171, 0, 17, 255, 161, 76, 221, 7, 36, 1, 0, 3, 0, 0, 40, 1, 0, 249, 3, 96]
1552552118600;[171, 0, 17, 255, 161, 76, 221, 7, 38, 1, 0, 1, 0, 0, 40, 1, 0, 246, 3, 10]
1552552118767;[171, 0, 17, 255, 161, 76, 221, 7, 38, 1, 0, 3, 0, 0, 36, 1, 0, 248, 3, 43]
1552552118934;[171, 0, 17, 255, 161, 76, 221, 7, 38, 1, 0, 3, 0, 0, 41, 1, 0, 249, 3, 63]
1552552118951;[171, 0, 17, 255, 161, 76, 221, 7, 38, 1, 0, 10, 0, 0, 36, 1, 0, 250, 3, 70]
1552552119117;[171, 0, 17, 255, 161, 76, 221, 7, 38, 1, 0, 4, 0, 0, 42, 1, 0, 247, 3, 44]
1552552119118;[171, 0, 17, 255, 161, 76, 221, 7, 38, 0, 0, 1, 0, 0, 42, 1, 0, 248, 3, 26]
1552552119285;[171, 0, 17, 255, 161, 76, 221, 7, 38, 1, 0, 4, 0, 0, 41, 1, 0, 249, 2, 252]
1552552119452;[171, 0, 17, 255, 161, 76, 221, 7, 38, 1, 0, 3, 0, 0, 41, 1, 0, 247, 2, 222]
1552552119469;[171, 0, 17, 255, 161, 76, 221, 7, 39, 0, 0, 2, 0, 0, 41, 1, 0, 248, 3, 0]
1552552119635;[171, 0, 17, 255, 161, 76, 221, 7, 39, 1, 0, 3, 0, 0, 40, 1, 0, 249, 3, 103]
1552552119636;[171, 0, 4, 255, 132, 128, 64]
1552552119803;[171, 0, 17, 255, 161, 76, 221, 7, 39, 1, 0, 4, 0, 0, 41, 1, 0, 248, 3, 164]
1552552119803;[171, 0, 17, 255, 161, 76, 221, 7, 39, 1, 0, 1, 0, 0, 39, 1, 0, 248, 3, 211]
1552552119970;[171, 0, 17, 255, 161, 76, 221, 7, 39, 1, 0, 3, 0, 0, 41, 1, 0, 249, 4, 3]
1552552120153;[171, 0, 17, 255, 161, 76, 221, 7, 39, 1, 0, 1, 0, 0, 40, 1, 0, 249, 4, 19]
1552552120154;[171, 0, 17, 255, 161, 76, 221, 7, 39, 1, 0, 3, 0, 0, 30, 1, 0, 249, 4, 23]
1552552120322;[171, 0, 17, 255, 161, 76, 221, 7, 39, 1, 0, 4, 0, 0, 41, 1, 0, 249, 4, 17]
1552552120322;[171, 0, 17, 255, 161, 76, 221, 7, 39, 1, 0, 6, 0, 0, 39, 1, 0, 246, 4, 18]
1552552120671;[171, 0, 17, 255, 161, 76, 221, 7, 39, 1, 0, 1, 0, 0, 42, 1, 0, 245, 4, 126]
1552552120672;[171, 0, 17, 255, 161, 76, 221, 7, 40, 1, 0, 1, 0, 0, 41, 1, 0, 249, 4, 226]
1552552120672;[171, 0, 17, 255, 161, 76, 221, 7, 40, 1, 0, 3, 0, 0, 36, 1, 0, 249, 5, 23]
1552552120838;[171, 0, 4, 255, 132, 128, 64]
1552552120840;[171, 0, 17, 255, 161, 76, 221, 7, 40, 1, 0, 1, 0, 0, 40, 1, 0, 243, 5, 76]
1552552121189;[171, 0, 17, 255, 161, 76, 221, 7, 40, 1, 0, 4, 0, 0, 41, 1, 0, 249, 5, 89]
1552552121190;[171, 0, 17, 255, 161, 76, 221, 7, 40, 1, 0, 4, 0, 0, 41, 1, 0, 254, 5, 73]
1552552121190;[171, 0, 17, 255, 161, 76, 221, 7, 40, 0, 0, 1, 0, 0, 36, 1, 0, 249, 5, 44]
1552552121356;[171, 0, 17, 255, 161, 76, 221, 7, 40, 1, 0, 1, 0, 0, 35, 1, 0, 249, 5, 17]
1552552121357;[171, 0, 17, 255, 161, 76, 221, 7, 40, 1, 0, 3, 0, 0, 35, 1, 0, 249, 4, 239]
1552552121523;[171, 0, 17, 255, 161, 76, 221, 7, 40, 0, 0, 0, 0, 0, 39, 1, 0, 249, 5, 65]
1552552121524;[171, 0, 17, 255, 161, 76, 221, 7, 40, 0, 0, 1, 0, 0, 40, 1, 0, 246, 5, 137]
1552552121707;[171, 0, 17, 255, 161, 76, 221, 7, 41, 1, 0, 3, 0, 0, 41, 1, 0, 249, 5, 163]
1552552121708;[171, 0, 17, 255, 161, 76, 221, 7, 41, 1, 0, 1, 0, 0, 40, 1, 0, 246, 5, 181]
1552552121874;[171, 0, 4, 255, 132, 128, 64]
1552552122041;[171, 0, 17, 255, 161, 76, 221, 7, 41, 1, 0, 3, 0, 0, 41, 1, 0, 249, 5, 184]
1552552122042;[171, 0, 17, 255, 161, 76, 221, 7, 41, 0, 0, 1, 0, 0, 42, 1, 0, 246, 5, 161]
1552552122225;[171, 0, 17, 255, 161, 76, 221, 7, 41, 1, 0, 1, 0, 0, 40, 1, 0, 249, 5, 134]
1552552122226;[171, 0, 17, 255, 161, 76, 221, 7, 41, 1, 0, 1, 0, 0, 40, 1, 0, 249, 5, 99]
1552552122393;[171, 0, 17, 255, 161, 76, 221, 7, 41, 1, 0, 4, 0, 0, 30, 1, 0, 249, 5, 48]
1552552122393;[171, 0, 17, 255, 161, 76, 221, 7, 41, 1, 0, 1, 0, 0, 41, 1, 0, 249, 5, 80]
1552552122560;[171, 0, 17, 255, 161, 76, 221, 7, 41, 1, 0, 1, 0, 0, 41, 1, 0, 248, 5, 160]
1552552122743;[171, 0, 17, 255, 161, 76, 221, 7, 41, 1, 0, 7, 0, 0, 40, 1, 0, 249, 5, 203]
1552552122744;[171, 0, 17, 255, 161, 76, 221, 7, 42, 1, 0, 3, 0, 0, 36, 1, 0, 249, 5, 213]
1552552122911;[171, 0, 17, 255, 161, 76, 221, 7, 42, 1, 0, 1, 0, 0, 41, 1, 0, 245, 5, 229]
1552552122911;[171, 0, 4, 255, 132, 128, 64]
1552552123078;[171, 0, 17, 255, 161, 76, 221, 7, 42, 1, 0, 3, 0, 0, 40, 1, 0, 249, 5, 197]
1552552123261;[171, 0, 17, 255, 161, 76, 221, 7, 42, 1, 0, 3, 0, 0, 39, 1, 0, 250, 5, 172]
1552552123262;[171, 0, 17, 255, 161, 76, 221, 7, 42, 1, 0, 3, 0, 0, 41, 1, 0, 249, 5, 125]
1552552123429;[171, 0, 17, 255, 161, 76, 221, 7, 42, 0, 0, 1, 0, 0, 40, 1, 0, 249, 5, 82]
1552552123596;[171, 0, 17, 255, 161, 76, 221, 7, 42, 0, 0, 1, 0, 0, 39, 1, 0, 248, 5, 95]
1552552123780;[171, 0, 17, 255, 161, 76, 221, 7, 42, 1, 0, 1, 0, 0, 41, 1, 0, 249, 5, 154]
1552552123780;[171, 0, 17, 255, 161, 76, 221, 7, 42, 1, 0, 3, 0, 0, 39, 1, 0, 247, 5, 188]
1552552123780;[171, 0, 17, 255, 161, 76, 221, 7, 42, 1, 0, 1, 0, 0, 40, 1, 0, 245, 5, 190]
1552552123946;[171, 0, 17, 255, 161, 76, 221, 7, 43, 0, 0, 1, 0, 0, 39, 1, 0, 246, 5, 192]
1552552123947;[171, 0, 17, 255, 161, 76, 221, 7, 43, 1, 0, 1, 0, 0, 36, 1, 0, 249, 5, 167]
1552552124113;[171, 0, 4, 255, 132, 128, 65]
1552552124114;[171, 0, 17, 255, 161, 76, 221, 7, 43, 1, 0, 1, 0, 0, 36, 1, 0, 248, 5, 128]
1552552124464;[171, 0, 17, 255, 161, 76, 221, 7, 43, 1, 0, 1, 0, 0, 41, 1, 0, 249, 5, 87]
1552552124465;[171, 0, 17, 255, 161, 76, 221, 7, 43, 1, 0, 6, 0, 0, 40, 1, 0, 249, 5, 43]
1552552124465;[171, 0, 17, 255, 161, 76, 221, 7, 43, 1, 0, 4, 0, 0, 36, 1, 0, 249, 5, 106]
1552552124631;[171, 0, 17, 255, 161, 76, 221, 7, 43, 1, 0, 1, 0, 0, 40, 1, 0, 249, 5, 172]
1552552124631;[171, 0, 17, 255, 161, 76, 221, 7, 43, 1, 0, 4, 0, 0, 42, 1, 0, 249, 5, 192]
1552552124799;[171, 0, 17, 255, 161, 76, 221, 7, 43, 1, 0, 1, 0, 0, 40, 1, 0, 249, 5, 206]
1552552124815;[171, 0, 17, 255, 161, 76, 221, 7, 43, 1, 0, 3, 0, 0, 36, 1, 0, 248, 5, 212]
1552552124983;[171, 0, 17, 255, 161, 76, 221, 7, 44, 1, 0, 1, 0, 0, 35, 1, 0, 248, 5, 178]
1552552125149;[171, 0, 17, 255, 161, 76, 221, 7, 44, 1, 0, 6, 0, 0, 41, 1, 0, 246, 5, 143]
1552552125316;[171, 0, 4, 255, 132, 128, 65]
1552552125317;[171, 0, 17, 255, 161, 76, 221, 7, 44, 1, 0, 1, 0, 0, 34, 1, 0, 249, 5, 103]
1552552125337;[171, 0, 17, 255, 161, 76, 221, 7, 44, 0, 0, 2, 0, 0, 41, 1, 0, 249, 5, 51]
1552552125501;[171, 0, 17, 255, 161, 76, 221, 7, 44, 1, 0, 1, 0, 0, 40, 1, 0, 245, 5, 95]
1552552125501;[171, 0, 17, 255, 161, 76, 221, 7, 44, 1, 0, 4, 0, 0, 40, 1, 0, 248, 5, 176]
1552552125667;[171, 0, 17, 255, 161, 76, 221, 7, 44, 1, 0, 3, 0, 0, 40, 1, 0, 249, 5, 214]
1552552125835;[171, 0, 17, 255, 161, 76, 221, 7, 44, 1, 0, 1, 0, 0, 36, 1, 0, 250, 5, 218]
1552552125835;[171, 0, 17, 255, 161, 76, 221, 7, 44, 1, 0, 3, 0, 0, 35, 1, 0, 248, 5, 219]
1552552126018;[171, 0, 17, 255, 161, 76, 221, 7, 44, 1, 0, 3, 0, 0, 40, 1, 0, 250, 5, 196]
1552552126019;[171, 0, 17, 255, 161, 76, 221, 7, 45, 1, 0, 1, 0, 0, 39, 1, 0, 248, 5, 164]
1552552126185;[171, 0, 17, 255, 161, 76, 221, 7, 45, 1, 0, 1, 0, 0, 41, 1, 0, 250, 5, 119]
1552552126352;[171, 0, 4, 255, 132, 128, 65]
1552552126353;[171, 0, 17, 255, 161, 76, 221, 7, 45, 0, 0, 1, 0, 0, 40, 1, 0, 249, 5, 73]
1552552126703;[171, 0, 17, 255, 161, 76, 221, 7, 45, 1, 0, 3, 0, 0, 40, 1, 0, 243, 5, 24]
1552552126704;[171, 0, 17, 255, 161, 76, 221, 7, 45, 1, 0, 6, 0, 0, 39, 1, 0, 249, 5, 82]
1552552126704;[171, 0, 17, 255, 161, 76, 221, 7, 45, 1, 0, 5, 0, 0, 40, 1, 0, 248, 5, 148]
1552552126705;[171, 0, 17, 255, 161, 76, 221, 7, 45, 1, 0, 1, 0, 0, 36, 1, 0, 249, 5, 164]
1552552126870;[171, 0, 17, 255, 161, 76, 221, 7, 45, 1, 0, 1, 0, 0, 39, 1, 0, 246, 5, 178]
1552552127054;[171, 0, 17, 255, 161, 76, 221, 7, 45, 1, 0, 2, 0, 0, 40, 1, 0, 246, 5, 163]
1552552127055;[171, 0, 17, 255, 161, 76, 221, 7, 45, 1, 0, 1, 0, 0, 40, 1, 0, 248, 5, 146]
1552552127221;[171, 0, 17, 255, 161, 76, 221, 7, 46, 1, 0, 1, 0, 0, 40, 1, 0, 248, 5, 107]
1552552127222;[171, 0, 17, 255, 161, 76, 221, 7, 46, 0, 0, 1, 0, 0, 40, 1, 0, 249, 5, 61]
1552552127388;[171, 0, 4, 255, 132, 128, 65]
1552552127389;[171, 0, 17, 255, 161, 76, 221, 7, 46, 1, 0, 1, 0, 0, 42, 1, 0, 248, 5, 27]
1552552127572;[171, 0, 17, 255, 161, 76, 221, 7, 46, 1, 0, 3, 0, 0, 36, 1, 0, 248, 5, 92]
1552552127739;[171, 0, 17, 255, 161, 76, 221, 7, 46, 1, 0, 8, 0, 0, 36, 1, 0, 249, 5, 148]
1552552127740;[171, 0, 17, 255, 161, 76, 221, 7, 46, 0, 0, 1, 0, 0, 41, 1, 0, 243, 5, 147]
1552552127906;[171, 0, 17, 255, 161, 76, 221, 7, 46, 1, 0, 1, 0, 0, 41, 1, 0, 246, 5, 173]
1552552128090;[171, 0, 17, 255, 161, 76, 221, 7, 46, 1, 0, 4, 0, 0, 36, 1, 0, 246, 5, 157]
1552552128257;[171, 0, 17, 255, 161, 76, 221, 7, 46, 1, 0, 3, 0, 0, 41, 1, 0, 249, 5, 123]
1552552128257;[171, 0, 17, 255, 161, 76, 221, 7, 46, 1, 0, 2, 0, 0, 41, 1, 0, 246, 5, 90]
1552552128258;[171, 0, 17, 255, 161, 76, 221, 7, 47, 1, 0, 1, 0, 0, 42, 1, 0, 248, 5, 47]
1552552128424;[171, 0, 17, 255, 161, 76, 221, 7, 47, 1, 0, 4, 0, 0, 30, 1, 0, 246, 5, 8]
1552552128608;[171, 0, 4, 255, 132, 128, 65]
1552552128609;[171, 0, 17, 255, 161, 76, 221, 7, 47, 1, 0, 1, 0, 0, 40, 1, 0, 249, 5, 87]
1552552128610;[171, 0, 17, 255, 161, 76, 221, 7, 47, 1, 0, 1, 0, 0, 40, 1, 0, 248, 5, 148]
1552552128775;[171, 0, 17, 255, 161, 76, 221, 7, 47, 1, 0, 3, 0, 0, 43, 1, 0, 249, 5, 165]
1552552128942;[171, 0, 17, 255, 161, 76, 221, 7, 47, 1, 0, 1, 0, 0, 41, 1, 0, 249, 5, 181]
1552552128943;[171, 0, 17, 255, 161, 76, 221, 7, 47, 0, 0, 1, 0, 0, 40, 1, 0, 248, 5, 179]
1552552129126;[171, 0, 17, 255, 161, 76, 221, 7, 47, 0, 0, 1, 0, 0, 40, 1, 0, 249, 5, 149]
1552552129126;[171, 0, 17, 255, 161, 76, 221, 7, 47, 1, 0, 6, 0, 0, 41, 1, 0, 249, 5, 127]
1552552129293;[171, 0, 17, 255, 161, 76, 221, 7, 47, 1, 0, 1, 0, 0, 41, 1, 0, 248, 5, 96]
1552552129294;[171, 0, 17, 255, 161, 76, 221, 7, 48, 0, 0, 0, 0, 0, 42, 1, 0, 248, 5, 89]
1552552129460;[171, 0, 17, 255, 161, 76, 221, 7, 48, 1, 0, 1, 0, 0, 35, 1, 0, 246, 5, 177]
1552552129627;[171, 0, 4, 255, 132, 128, 65]
1552552129647;[171, 0, 17, 255, 161, 76, 221, 7, 48, 0, 0, 2, 0, 0, 41, 1, 0, 249, 5, 234]
1552552129978;[171, 0, 17, 255, 161, 76, 221, 7, 48, 0, 0, 1, 0, 0, 41, 1, 0, 243, 6, 1]
1552552129979;[171, 0, 17, 255, 161, 76, 221, 7, 48, 1, 0, 1, 0, 0, 41, 1, 0, 243, 6, 21]
1552552129979;[171, 0, 17, 255, 161, 76, 221, 7, 48, 1, 0, 3, 0, 0, 40, 1, 0, 248, 6, 6]
1552552130145;[171, 0, 17, 255, 161, 76, 221, 7, 48, 1, 0, 3, 0, 0, 40, 1, 0, 248, 5, 225]
1552552130162;[171, 0, 17, 255, 161, 76, 221, 7, 48, 1, 0, 1, 0, 0, 41, 1, 0, 249, 5, 181]
1552552130329;[171, 0, 17, 255, 161, 76, 221, 7, 48, 1, 0, 3, 0, 0, 36, 1, 0, 244, 5, 153]
1552552130330;[171, 0, 17, 255, 161, 76, 221, 7, 48, 1, 0, 1, 0, 0, 40, 1, 0, 246, 5, 219]
1552552130495;[171, 0, 17, 255, 161, 76, 221, 7, 49, 1, 0, 1, 0, 0, 40, 1, 0, 249, 6, 24]
1552552130496;[171, 0, 17, 255, 161, 76, 221, 7, 49, 0, 0, 1, 0, 0, 41, 1, 0, 249, 6, 35]
1552552130663;[171, 0, 4, 255, 132, 128, 65]
1552552130847;[171, 0, 17, 255, 161, 76, 221, 7, 49, 1, 0, 6, 0, 0, 38, 1, 0, 250, 6, 42]
1552552130847;[171, 0, 17, 255, 161, 76, 221, 7, 49, 0, 0, 1, 0, 0, 41, 1, 0, 249, 6, 33]
1552552131014;[171, 0, 17, 255, 161, 76, 221, 7, 49, 1, 0, 1, 0, 0, 40, 1, 0, 243, 6, 2]
1552552131014;[171, 0, 17, 255, 161, 76, 221, 7, 49, 0, 0, 1, 0, 0, 40, 1, 0, 249, 5, 216]
1552552131181;[171, 0, 17, 255, 161, 76, 221, 7, 49, 0, 0, 0, 0, 0, 40, 1, 0, 249, 5, 153]
1552552131198;[171, 0, 17, 255, 161, 76, 221, 7, 49, 0, 0, 2, 0, 0, 41, 1, 0, 249, 5, 194]
1552552131365;[171, 0, 17, 255, 161, 76, 221, 7, 49, 0, 0, 1, 0, 0, 42, 1, 0, 243, 5, 254]
1552552131532;[171, 0, 17, 255, 161, 76, 221, 7, 50, 1, 0, 1, 0, 0, 41, 1, 0, 249, 6, 12]
1552552131533;[171, 0, 17, 255, 161, 76, 221, 7, 50, 1, 0, 1, 0, 0, 41, 1, 0, 249, 6, 25]
1552552131699;[171, 0, 17, 255, 161, 76, 221, 7, 50, 1, 0, 1, 0, 0, 36, 1, 0, 248, 6, 16]
1552552131700;[171, 0, 4, 255, 132, 128, 65]
1552552132050;[171, 0, 17, 255, 161, 76, 221, 7, 50, 1, 0, 3, 0, 0, 41, 1, 0, 249, 5, 245]
1552552132051;[171, 0, 17, 255, 161, 76, 221, 7, 50, 0, 0, 1, 0, 0, 35, 1, 0, 246, 5, 199]
1552552132052;[171, 0, 17, 255, 161, 76, 221, 7, 50, 1, 0, 4, 0, 0, 41, 1, 0, 249, 5, 145]
1552552132217;[171, 0, 17, 255, 161, 76, 221, 7, 50, 1, 0, 1, 0, 0, 41, 1, 0, 249, 5, 115]
1552552132217;[171, 0, 17, 255, 161, 76, 221, 7, 50, 0, 0, 0, 0, 0, 40, 1, 0, 250, 5, 177]
1552552132401;[171, 0, 17, 255, 161, 76, 221, 7, 50, 1, 0, 1, 0, 0, 40, 1, 0, 249, 5, 253]
1552552132568;[171, 0, 17, 255, 161, 76, 221, 7, 50, 0, 0, 1, 0, 0, 36, 1, 0, 249, 6, 22]
1552552132735;[171, 0, 17, 255, 161, 76, 221, 7, 51, 1, 0, 1, 0, 0, 41, 1, 0, 248, 6, 34]
1552552132736;[171, 0, 17, 255, 161, 76, 221, 7, 51, 1, 0, 1, 0, 0, 40, 1, 0, 246, 6, 21]
1552552132751;[171, 0, 17, 255, 161, 76, 221, 7, 51, 1, 0, 1, 0, 0, 41, 1, 0, 249, 5, 237]
1552552132919;[171, 0, 4, 255, 132, 128, 66]
1552552132920;[171, 0, 17, 255, 161, 76, 221, 7, 51, 1, 0, 1, 0, 0, 40, 1, 0, 250, 5, 190]
1552552133252;[171, 0, 17, 255, 161, 76, 221, 7, 51, 1, 0, 1, 0, 0, 30, 1, 0, 247, 5, 137]
1552552133253;[171, 0, 17, 255, 161, 76, 221, 7, 51, 1, 0, 1, 0, 0, 40, 1, 0, 245, 5, 87]
1552552133253;[171, 0, 17, 255, 161, 76, 221, 7, 51, 1, 0, 3, 0, 0, 30, 1, 0, 248, 5, 100]
1552552133436;[171, 0, 17, 255, 161, 76, 221, 7, 51, 0, 0, 1, 0, 0, 40, 1, 0, 245, 5, 155]
1552552133437;[171, 0, 17, 255, 161, 76, 221, 7, 51, 1, 0, 3, 0, 0, 36, 1, 0, 250, 5, 194]
1552552133603;[171, 0, 17, 255, 161, 76, 221, 7, 51, 1, 0, 3, 0, 0, 41, 1, 0, 249, 5, 185]
1552552133604;[171, 0, 17, 255, 161, 76, 221, 7, 52, 1, 0, 1, 0, 0, 41, 1, 0, 249, 5, 187]
1552552133771;[171, 0, 17, 255, 161, 76, 221, 7, 52, 0, 0, 1, 0, 0, 35, 1, 0, 248, 5, 148]
1552552133956;[171, 0, 17, 255, 161, 76, 221, 7, 52, 0, 0, 1, 0, 0, 41, 1, 0, 246, 5, 95]
1552552133956;[171, 0, 4, 255, 132, 128, 66]
1552552134289;[171, 0, 17, 255, 161, 76, 221, 7, 52, 1, 0, 1, 0, 0, 35, 1, 0, 246, 5, 47]
1552552134289;[171, 0, 17, 255, 161, 76, 221, 7, 52, 1, 0, 1, 0, 0, 40, 1, 0, 249, 4, 252]
1552552134305;[171, 0, 17, 255, 161, 76, 221, 7, 52, 0, 0, 1, 0, 0, 41, 1, 0, 249, 5, 26]
1552552134306;[171, 0, 17, 255, 161, 76, 221, 7, 52, 1, 0, 1, 0, 0, 39, 1, 0, 246, 5, 78]
1552552134472;[171, 0, 17, 255, 161, 76, 221, 7, 52, 0, 0, 1, 0, 0, 40, 1, 0, 248, 5, 85]
1552552134639;[171, 0, 17, 255, 161, 76, 221, 7, 52, 0, 0, 1, 0, 0, 41, 1, 0, 248, 5, 85]
1552552134640;[171, 0, 17, 255, 161, 76, 221, 7, 52, 1, 0, 3, 0, 0, 41, 1, 0, 249, 5, 66]
1552552134806;[171, 0, 17, 255, 161, 76, 221, 7, 53, 1, 0, 1, 0, 0, 41, 1, 0, 248, 5, 33]
1552552134990;[171, 0, 17, 255, 161, 76, 221, 7, 53, 1, 0, 1, 0, 0, 35, 1, 0, 250, 4, 234]
1552552135157;[171, 0, 17, 255, 161, 76, 221, 7, 53, 1, 0, 1, 0, 0, 41, 1, 0, 249, 4, 175]
1552552135158;[171, 0, 4, 255, 132, 128, 66]
1552552135159;[171, 0, 17, 255, 161, 76, 221, 7, 53, 0, 0, 1, 0, 0, 41, 1, 0, 248, 4, 127]
1552552135324;[171, 0, 17, 255, 161, 76, 221, 7, 53, 0, 0, 1, 0, 0, 36, 1, 0, 247, 4, 69]
1552552135325;[171, 0, 17, 255, 161, 76, 221, 7, 53, 1, 0, 1, 0, 0, 40, 1, 0, 248, 4, 143]
1552552135508;[171, 0, 17, 255, 161, 76, 221, 7, 53, 0, 0, 2, 0, 0, 41, 1, 0, 246, 4, 184]
1552552135509;[171, 0, 17, 255, 161, 76, 221, 7, 53, 1, 0, 1, 0, 0, 41, 1, 0, 250, 4, 178]
1552552135675;[171, 0, 17, 255, 161, 76, 221, 7, 53, 0, 0, 1, 0, 0, 40, 1, 0, 249, 4, 181]
1552552136026;[171, 0, 17, 255, 161, 76, 221, 7, 53, 1, 0, 1, 0, 0, 41, 1, 0, 249, 4, 160]
1552552136026;[171, 0, 17, 255, 161, 76, 221, 7, 54, 1, 0, 1, 0, 0, 40, 1, 0, 250, 4, 131]
1552552136027;[171, 0, 17, 255, 161, 76, 221, 7, 54, 1, 0, 1, 0, 0, 40, 1, 0, 249, 4, 84]
1552552136027;[171, 0, 17, 255, 161, 76, 221, 7, 54, 0, 0, 2, 0, 0, 41, 1, 0, 249, 4, 32]
1552552136193;[171, 0, 4, 255, 132, 128, 66]
1552552136194;[171, 0, 17, 255, 161, 76, 221, 7, 54, 1, 0, 1, 0, 0, 39, 1, 0, 249, 3, 234]
1552552136361;[171, 0, 17, 255, 161, 76, 221, 7, 54, 0, 0, 1, 0, 0, 40, 1, 0, 249, 3, 183]
1552552136544;[171, 0, 17, 255, 161, 76, 221, 7, 54, 0, 0, 1, 0, 0, 40, 1, 0, 249, 3, 249]
1552552136545;[171, 0, 17, 255, 161, 76, 221, 7, 54, 0, 0, 2, 0, 0, 41, 1, 0, 248, 4, 22]
1552552136711;[171, 0, 17, 255, 161, 76, 221, 7, 54, 0, 0, 2, 0, 0, 41, 1, 0, 248, 4, 6]
1552552136712;[171, 0, 17, 255, 161, 76, 221, 7, 54, 0, 0, 1, 0, 0, 35, 1, 0, 247, 4, 10]
1552552136878;[171, 0, 17, 255, 161, 76, 221, 7, 54, 0, 0, 3, 0, 0, 36, 1, 0, 250, 3, 233]
1552552137045;[171, 0, 17, 255, 161, 76, 221, 7, 55, 1, 0, 1, 0, 0, 41, 1, 0, 245, 3, 207]
1552552137062;[171, 0, 17, 255, 161, 76, 221, 7, 55, 0, 0, 1, 0, 0, 40, 1, 0, 249, 3, 154]
1552552137229;[171, 0, 17, 255, 161, 76, 221, 7, 55, 0, 0, 1, 0, 0, 38, 1, 0, 248, 3, 116]
1552552137230;[171, 0, 4, 255, 132, 128, 67]
1552552137396;[171, 0, 17, 255, 161, 76, 221, 7, 55, 1, 0, 1, 0, 0, 40, 1, 0, 246, 3, 125]
1552552137397;[171, 0, 17, 255, 161, 76, 221, 7, 55, 0, 0, 2, 0, 0, 42, 1, 0, 245, 3, 171]
1552552137563;[171, 0, 17, 255, 161, 76, 221, 7, 55, 1, 0, 1, 0, 0, 38, 1, 0, 249, 3, 185]
1552552137747;[171, 0, 17, 255, 161, 76, 221, 7, 55, 1, 0, 1, 0, 0, 40, 1, 0, 246, 3, 176]
1552552137748;[171, 0, 17, 255, 161, 76, 221, 7, 55, 0, 0, 1, 0, 0, 40, 1, 0, 249, 3, 176]
1552552137914;[171, 0, 17, 255, 161, 76, 221, 7, 55, 0, 0, 2, 0, 0, 40, 1, 0, 247, 3, 143]
1552552137915;[171, 0, 17, 255, 161, 76, 221, 7, 55, 0, 0, 1, 0, 0, 41, 1, 0, 246, 3, 109]
1552552138081;[171, 0, 17, 255, 161, 76, 221, 7, 56, 1, 0, 1, 0, 0, 41, 1, 0, 248, 3, 67]
1552552138098;[171, 0, 17, 255, 161, 76, 221, 7, 56, 1, 0, 4, 0, 0, 40, 1, 0, 246, 3, 21]
1552552138265;[171, 0, 17, 255, 161, 76, 221, 7, 56, 0, 0, 2, 0, 0, 36, 1, 0, 248, 3, 88]
1552552138432;[171, 0, 4, 255, 132, 128, 67]
1552552138433;[171, 0, 17, 255, 161, 76, 221, 7, 56, 0, 0, 2, 0, 0, 41, 1, 0, 249, 3, 136]
1552552138783;[171, 0, 17, 255, 161, 76, 221, 7, 56, 0, 0, 1, 0, 0, 40, 1, 0, 245, 3, 156]
1552552138783;[171, 0, 17, 255, 161, 76, 221, 7, 56, 0, 0, 1, 0, 0, 41, 1, 0, 249, 3, 163]
1552552138784;[171, 0, 17, 255, 161, 76, 221, 7, 56, 0, 0, 1, 0, 0, 40, 1, 0, 245, 3, 154]
1552552138950;[171, 0, 17, 255, 161, 76, 221, 7, 56, 1, 0, 1, 0, 0, 42, 1, 0, 246, 3, 131]
1552552138951;[171, 0, 17, 255, 161, 76, 221, 7, 56, 1, 0, 3, 0, 0, 30, 1, 0, 249, 3, 93]
1552552139118;[171, 0, 17, 255, 161, 76, 221, 7, 56, 0, 0, 2, 0, 0, 40, 1, 0, 247, 3, 57]
1552552139134;[171, 0, 17, 255, 161, 76, 221, 7, 57, 1, 0, 1, 0, 0, 41, 1, 0, 249, 2, 252]
1552552139301;[171, 0, 17, 255, 161, 76, 221, 7, 57, 0, 0, 2, 0, 0, 40, 1, 0, 248, 3, 33]
1552552139468;[171, 0, 17, 255, 161, 76, 221, 7, 57, 0, 0, 1, 0, 0, 40, 1, 0, 249, 3, 101]
1552552139635;[171, 0, 4, 255, 132, 128, 67]
1552552139636;[171, 0, 17, 255, 161, 76, 221, 7, 57, 0, 0, 1, 0, 0, 40, 1, 0, 250, 3, 122]
1552552139819;[171, 0, 17, 255, 161, 76, 221, 7, 57, 1, 0, 2, 0, 0, 40, 1, 0, 249, 3, 136]
1552552139820;[171, 0, 17, 255, 161, 76, 221, 7, 57, 0, 0, 1, 0, 0, 35, 1, 0, 249, 3, 136]
1552552139821;[171, 0, 17, 255, 161, 76, 221, 7, 57, 0, 0, 1, 0, 0, 41, 1, 0, 246, 3, 118]
1552552139986;[171, 0, 17, 255, 161, 76, 221, 7, 57, 1, 0, 1, 0, 0, 40, 1, 0, 249, 3, 85]
1552552140153;[171, 0, 17, 255, 161, 76, 221, 7, 57, 1, 0, 3, 0, 0, 41, 1, 0, 246, 3, 53]
1552552140154;[171, 0, 17, 255, 161, 76, 221, 7, 57, 0, 0, 1, 0, 0, 40, 1, 0, 246, 3, 9]
1552552140337;[171, 0, 17, 255, 161, 76, 221, 7, 58, 0, 0, 1, 0, 0, 40, 1, 0, 248, 2, 210]
1552552140338;[171, 0, 17, 255, 161, 76, 221, 7, 58, 0, 0, 1, 0, 0, 39, 1, 0, 248, 3, 17]
1552552140504;[171, 0, 17, 255, 161, 76, 221, 7, 58, 0, 0, 1, 0, 0, 36, 1, 0, 248, 3, 66]
1552552140505;[171, 0, 4, 255, 132, 128, 67]
1552552140671;[171, 0, 17, 255, 161, 76, 221, 7, 58, 0, 0, 2, 0, 0, 40, 1, 0, 245, 3, 67]
1552552140855;[171, 0, 17, 255, 161, 76, 221, 7, 58, 0, 0, 1, 0, 0, 40, 1, 0, 246, 3, 69]
1552552140855;[171, 0, 17, 255, 161, 76, 221, 7, 58, 0, 0, 3, 0, 0, 40, 1, 0, 246, 3, 61]
1552552141022;[171, 0, 17, 255, 161, 76, 221, 7, 58, 0, 0, 4, 0, 0, 41, 1, 0, 249, 3, 30]
1552552141022;[171, 0, 17, 255, 161, 76, 221, 7, 58, 0, 0, 1, 0, 0, 43, 1, 0, 250, 2, 245]
1552552141189;[171, 0, 17, 255, 161, 76, 221, 7, 58, 0, 0, 1, 0, 0, 42, 1, 0, 248, 2, 196]
1552552141373;[171, 0, 17, 255, 161, 76, 221, 7, 58, 1, 0, 1, 0, 0, 36, 1, 0, 249, 2, 140]
1552552141374;[171, 0, 17, 255, 161, 76, 221, 7, 59, 1, 0, 1, 0, 0, 42, 1, 0, 249, 2, 111]
1552552141540;[171, 0, 17, 255, 161, 76, 221, 7, 59, 0, 0, 1, 0, 0, 39, 1, 0, 248, 2, 184]
1552552141707;[171, 0, 17, 255, 161, 76, 221, 7, 65, 1, 0, 10, 0, 0, 35, 1, 0, 246, 7, 25]
1552552141708;[171, 0, 17, 255, 161, 76, 221, 7, 65, 1, 0, 1, 0, 0, 36, 1, 0, 248, 7, 32]
1552552142058;[171, 0, 17, 255, 161, 76, 221, 7, 65, 1, 0, 1, 0, 0, 30, 1, 0, 249, 7, 20]
1552552142059;[171, 0, 17, 255, 161, 76, 221, 7, 65, 0, 0, 2, 0, 0, 36, 1, 0, 246, 7, 10]
1552552142225;[171, 0, 17, 255, 161, 76, 221, 7, 65, 1, 0, 10, 0, 0, 36, 1, 0, 249, 7, 2]
1552552142226;[171, 0, 17, 255, 161, 76, 221, 7, 65, 1, 0, 11, 0, 0, 44, 1, 0, 243, 6, 234]
1552552142392;[171, 0, 17, 255, 161, 76, 221, 7, 65, 1, 0, 4, 0, 0, 40, 1, 0, 249, 6, 185]
1552552142409;[171, 0, 17, 255, 161, 76, 221, 7, 66, 1, 0, 1, 0, 0, 41, 1, 0, 246, 6, 174]
1552552142576;[171, 0, 17, 255, 161, 76, 221, 7, 66, 1, 0, 1, 0, 0, 40, 1, 0, 249, 7, 7]
1552552142743;[171, 0, 17, 255, 161, 76, 221, 7, 66, 1, 0, 3, 0, 0, 41, 1, 0, 246, 7, 75]
1552552142743;[171, 0, 4, 255, 132, 128, 66]
1552552142927;[171, 0, 17, 255, 161, 76, 221, 7, 66, 1, 0, 10, 0, 0, 41, 1, 0, 248, 7, 100]
1552552143094;[171, 0, 17, 255, 161, 76, 221, 7, 66, 1, 0, 3, 0, 0, 41, 1, 0, 249, 7, 133]
1552552143094;[171, 0, 17, 255, 161, 76, 221, 7, 66, 1, 0, 12, 0, 0, 36, 1, 0, 249, 7, 146]
1552552143261;[171, 0, 17, 255, 161, 76, 221, 7, 66, 1, 0, 1, 0, 0, 41, 1, 0, 246, 7, 130]
1552552143261;[171, 0, 17, 255, 161, 76, 221, 7, 66, 1, 0, 1, 0, 0, 41, 1, 0, 248, 7, 116]
1552552143428;[171, 0, 17, 255, 161, 76, 221, 7, 66, 1, 0, 10, 0, 0, 36, 1, 0, 248, 7, 84]
1552552143445;[171, 0, 17, 255, 161, 76, 221, 7, 66, 0, 0, 2, 0, 0, 42, 1, 0, 249, 7, 63]
1552552143612;[171, 0, 17, 255, 161, 76, 221, 7, 67, 1, 0, 11, 0, 0, 42, 1, 0, 245, 7, 141]
1552552143612;[171, 0, 17, 255, 161, 76, 221, 7, 67, 1, 0, 1, 0, 0, 44, 1, 0, 250, 7, 211]
1552552143779;[171, 0, 17, 255, 161, 76, 221, 7, 67, 0, 0, 2, 0, 0, 42, 1, 0, 243, 7, 227]
1552552143946;[171, 0, 4, 255, 132, 128, 65]
1552552144130;[171, 0, 17, 255, 161, 76, 221, 7, 67, 1, 0, 4, 0, 0, 30, 1, 0, 249, 7, 255]
1552552144130;[171, 0, 17, 255, 161, 76, 221, 7, 67, 0, 0, 3, 0, 0, 42, 1, 0, 246, 8, 4]
1552552144131;[171, 0, 17, 255, 161, 76, 221, 7, 67, 1, 0, 10, 0, 0, 34, 1, 0, 249, 8, 13]
1552552144297;[171, 0, 17, 255, 161, 76, 221, 7, 67, 1, 0, 1, 0, 0, 36, 1, 0, 241, 8, 0]
1552552144298;[171, 0, 17, 255, 161, 76, 221, 7, 67, 1, 0, 7, 0, 0, 34, 1, 0, 255, 7, 233]
1552552144464;[171, 0, 17, 255, 161, 76, 221, 7, 67, 1, 0, 3, 0, 0, 30, 1, 0, 249, 8, 58]
1552552144648;[171, 0, 17, 255, 161, 76, 221, 7, 67, 1, 0, 1, 0, 0, 41, 1, 0, 249, 8, 141]
1552552144649;[171, 0, 17, 255, 161, 76, 221, 7, 68, 1, 0, 6, 0, 0, 35, 1, 0, 246, 8, 174]
1552552144815;[171, 0, 17, 255, 161, 76, 221, 7, 68, 1, 0, 1, 0, 0, 41, 1, 0, 248, 8, 191]
1552552144815;[171, 0, 17, 255, 161, 76, 221, 7, 68, 1, 0, 3, 0, 0, 40, 1, 0, 248, 8, 199]
1552552144982;[171, 0, 4, 255, 132, 128, 65]
1552552144983;[171, 0, 17, 255, 161, 76, 221, 7, 68, 1, 0, 1, 0, 0, 36, 1, 0, 248, 8, 175]
1552552145166;[171, 0, 17, 255, 161, 76, 221, 7, 68, 1, 0, 3, 0, 0, 36, 1, 0, 243, 8, 138]
1552552145333;[171, 0, 17, 255, 161, 76, 221, 7, 68, 0, 0, 1, 0, 0, 41, 1, 0, 249, 8, 95]
1552552145333;[171, 0, 17, 255, 161, 76, 221, 7, 68, 1, 0, 1, 0, 0, 40, 1, 0, 249, 8, 126]
1552552145500;[171, 0, 17, 255, 161, 76, 221, 7, 68, 1, 0, 7, 0, 0, 40, 1, 0, 250, 8, 214]
1552552145501;[171, 0, 17, 255, 161, 76, 221, 7, 68, 1, 0, 1, 0, 0, 40, 1, 0, 248, 9, 0]
1552552145683;[171, 0, 17, 255, 161, 76, 221, 7, 68, 1, 0, 12, 0, 0, 40, 1, 0, 249, 9, 13]
1552552145851;[171, 0, 17, 255, 161, 76, 221, 7, 69, 1, 0, 6, 0, 0, 36, 1, 0, 249, 9, 19]
1552552145851;[171, 0, 17, 255, 161, 76, 221, 7, 69, 1, 0, 3, 0, 0, 41, 1, 0, 249, 8, 242]
1552552146018;[171, 0, 17, 255, 161, 76, 221, 7, 69, 1, 0, 1, 0, 0, 42, 1, 0, 249, 8, 197]
1552552146018;[171, 0, 4, 255, 132, 128, 65]
1552552146201;[171, 0, 17, 255, 161, 76, 221, 7, 69, 1, 0, 10, 0, 0, 40, 1, 0, 250, 8, 150]
1552552146369;[171, 0, 17, 255, 161, 76, 221, 7, 69, 1, 0, 1, 0, 0, 41, 1, 0, 249, 8, 146]
1552552146369;[171, 0, 17, 255, 161, 76, 221, 7, 69, 1, 0, 2, 0, 0, 36, 1, 0, 250, 8, 235]
1552552146536;[171, 0, 17, 255, 161, 76, 221, 7, 69, 0, 0, 1, 0, 0, 41, 1, 0, 249, 9, 34]
1552552146536;[171, 0, 17, 255, 161, 76, 221, 7, 69, 1, 0, 3, 0, 0, 41, 1, 0, 246, 9, 49]
1552552146720;[171, 0, 17, 255, 161, 76, 221, 7, 69, 1, 0, 3, 0, 0, 40, 1, 0, 249, 9, 58]
1552552146720;[171, 0, 17, 255, 161, 76, 221, 7, 69, 1, 0, 1, 0, 0, 41, 1, 0, 249, 9, 38]
1552552146887;[171, 0, 17, 255, 161, 76, 221, 7, 70, 1, 0, 6, 0, 0, 41, 1, 0, 249, 9, 12]
1552552147054;[171, 0, 17, 255, 161, 76, 221, 7, 70, 1, 0, 3, 0, 0, 40, 1, 0, 250, 8, 223]
1552552147054;[171, 0, 17, 255, 161, 76, 221, 7, 70, 1, 0, 6, 0, 0, 41, 1, 0, 254, 8, 181]
1552552147238;[171, 0, 4, 255, 132, 128, 65]
1552552147239;[171, 0, 17, 255, 161, 76, 221, 7, 70, 0, 0, 1, 0, 0, 35, 1, 0, 245, 8, 217]
1552552147572;[171, 0, 17, 255, 161, 76, 221, 7, 70, 1, 0, 1, 0, 0, 42, 1, 0, 249, 9, 42]
1552552147573;[171, 0, 17, 255, 161, 76, 221, 7, 70, 1, 0, 4, 0, 0, 40, 1, 0, 250, 9, 85]
1552552147573;[171, 0, 17, 255, 161, 76, 221, 7, 70, 1, 0, 3, 0, 0, 40, 1, 0, 248, 9, 84]
1552552147755;[171, 0, 17, 255, 161, 76, 221, 7, 70, 1, 0, 6, 0, 0, 41, 1, 0, 248, 9, 80]
1552552147756;[171, 0, 17, 255, 161, 76, 221, 7, 70, 1, 0, 3, 0, 0, 41, 1, 0, 246, 9, 51]
1552552147923;[171, 0, 17, 255, 161, 76, 221, 7, 70, 1, 0, 3, 0, 0, 40, 1, 0, 249, 9, 11]
1552552147923;[171, 0, 17, 255, 161, 76, 221, 7, 71, 1, 0, 4, 0, 0, 42, 1, 0, 248, 8, 217]
1552552148089;[171, 0, 17, 255, 161, 76, 221, 7, 71, 1, 0, 1, 0, 0, 39, 1, 0, 248, 8, 158]
1552552148090;[171, 0, 17, 255, 161, 76, 221, 7, 71, 0, 0, 1, 0, 0, 40, 1, 0, 246, 8, 190]
1552552148273;[171, 0, 4, 255, 132, 128, 65]
1552552148607;[171, 0, 17, 255, 161, 76, 221, 7, 71, 1, 0, 1, 0, 0, 39, 1, 0, 249, 9, 5]
1552552148608;[171, 0, 17, 255, 161, 76, 221, 7, 71, 1, 0, 7, 0, 0, 40, 1, 0, 249, 9, 39]
1552552148608;[171, 0, 17, 255, 161, 76, 221, 7, 71, 1, 0, 6, 0, 0, 41, 1, 0, 247, 9, 55]
1552552148608;[171, 0, 17, 255, 161, 76, 221, 7, 71, 1, 0, 3, 0, 0, 41, 1, 0, 249, 9, 40]
1552552148791;[171, 0, 17, 255, 161, 76, 221, 7, 71, 1, 0, 3, 0, 0, 41, 1, 0, 248, 9, 8]
1552552149125;[171, 0, 17, 255, 161, 76, 221, 7, 71, 1, 0, 6, 0, 0, 40, 1, 0, 249, 8, 225]
1552552149126;[171, 0, 17, 255, 161, 76, 221, 7, 71, 1, 0, 8, 0, 0, 40, 1, 0, 246, 8, 169]
1552552149126;[171, 0, 17, 255, 161, 76, 221, 7, 72, 1, 0, 3, 0, 0, 36, 1, 0, 246, 8, 111]
1552552149126;[171, 0, 17, 255, 161, 76, 221, 7, 72, 1, 0, 1, 0, 0, 42, 1, 0, 246, 8, 42]
1552552149292;[171, 0, 17, 255, 161, 76, 221, 7, 72, 1, 0, 1, 0, 0, 41, 1, 0, 246, 8, 62]
1552552149309;[171, 0, 4, 255, 132, 128, 65]
1552552149476;[171, 0, 17, 255, 161, 76, 221, 7, 72, 1, 0, 1, 0, 0, 41, 1, 0, 249, 8, 115]
1552552149644;[171, 0, 17, 255, 161, 76, 221, 7, 72, 1, 0, 1, 0, 0, 41, 1, 0, 249, 8, 128]
1552552149644;[171, 0, 17, 255, 161, 76, 221, 7, 72, 1, 0, 4, 0, 0, 42, 1, 0, 249, 8, 120]
1552552149810;[171, 0, 17, 255, 161, 76, 221, 7, 72, 1, 0, 4, 0, 0, 39, 1, 0, 247, 8, 113]
1552552149827;[171, 0, 17, 255, 161, 76, 221, 7, 72, 1, 0, 2, 0, 0, 41, 1, 0, 249, 8, 79]
1552552149994;[171, 0, 17, 255, 161, 76, 221, 7, 72, 1, 0, 1, 0, 0, 41, 1, 0, 249, 8, 34]
1552552149995;[171, 0, 17, 255, 161, 76, 221, 7, 72, 1, 0, 3, 0, 0, 40, 1, 0, 248, 7, 237]
1552552150161;[171, 0, 17, 255, 161, 76, 221, 7, 73, 1, 0, 4, 0, 0, 40, 1, 0, 249, 7, 180]
1552552150329;[171, 0, 17, 255, 161, 76, 221, 7, 73, 1, 0, 2, 0, 0, 41, 1, 0, 249, 7, 116]
1552552150329;[171, 0, 17, 255, 161, 76, 221, 7, 73, 1, 0, 8, 0, 0, 41, 1, 0, 249, 7, 152]
1552552150512;[171, 0, 4, 255, 132, 128, 65]
1552552150513;[171, 0, 17, 255, 161, 76, 221, 7, 73, 1, 0, 3, 0, 0, 41, 1, 0, 246, 7, 185]
1552552150680;[171, 0, 17, 255, 161, 76, 221, 7, 73, 1, 0, 8, 0, 0, 40, 1, 0, 249, 7, 170]
1552552150847;[171, 0, 17, 255, 161, 76, 221, 7, 73, 1, 0, 1, 0, 0, 42, 1, 0, 248, 7, 171]
1552552150847;[171, 0, 17, 255, 161, 76, 221, 7, 73, 1, 0, 1, 0, 0, 41, 1, 0, 249, 7, 142]
1552552151031;[171, 0, 17, 255, 161, 76, 221, 7, 73, 1, 0, 3, 0, 0, 40, 1, 0, 249, 7, 104]
1552552151031;[171, 0, 17, 255, 161, 76, 221, 7, 73, 0, 0, 1, 0, 0, 41, 1, 0, 250, 7, 57]
1552552151197;[171, 0, 17, 255, 161, 76, 221, 7, 73, 1, 0, 1, 0, 0, 40, 1, 0, 249, 7, 7]
1552552151198;[171, 0, 17, 255, 161, 76, 221, 7, 74, 1, 0, 6, 0, 0, 42, 1, 0, 249, 6, 213]
1552552151365;[171, 0, 17, 255, 161, 76, 221, 7, 74, 1, 0, 6, 0, 0, 41, 1, 0, 249, 6, 215]
1552552151548;[171, 0, 17, 255, 161, 76, 221, 7, 74, 1, 0, 3, 0, 0, 40, 1, 0, 248, 7, 28]
1552552151549;[171, 0, 4, 255, 132, 128, 65]
1552552151715;[171, 0, 17, 255, 161, 76, 221, 7, 74, 1, 0, 4, 0, 0, 41, 1, 0, 246, 7, 62]
1552552151716;[171, 0, 17, 255, 161, 76, 221, 7, 74, 1, 0, 4, 0, 0, 41, 1, 0, 247, 7, 62]
1552552151882;[171, 0, 17, 255, 161, 76, 221, 7, 74, 1, 0, 3, 0, 0, 40, 1, 0, 249, 7, 64]
1552552151883;[171, 0, 17, 255, 161, 76, 221, 7, 74, 1, 0, 1, 0, 0, 41, 1, 0, 249, 7, 51]
1552552152066;[171, 0, 17, 255, 161, 76, 221, 7, 74, 1, 0, 1, 0, 0, 41, 1, 0, 249, 7, 20]
1552552152233;[171, 0, 17, 255, 161, 76, 221, 7, 74, 1, 0, 3, 0, 0, 40, 1, 0, 249, 6, 247]
1552552152234;[171, 0, 17, 255, 161, 76, 221, 7, 74, 1, 0, 8, 0, 0, 40, 1, 0, 249, 6, 191]
1552552152401;[171, 0, 17, 255, 161, 76, 221, 7, 75, 1, 0, 1, 0, 0, 41, 1, 0, 249, 6, 149]
1552552152584;[171, 0, 17, 255, 161, 76, 221, 7, 75, 1, 0, 1, 0, 0, 41, 1, 0, 249, 6, 149]
1552552152585;[171, 0, 17, 255, 161, 76, 221, 7, 75, 1, 0, 3, 0, 0, 40, 1, 0, 250, 6, 211]
1552552152751;[171, 0, 4, 255, 132, 128, 65]
1552552152752;[171, 0, 17, 255, 161, 76, 221, 7, 75, 1, 0, 6, 0, 0, 40, 1, 0, 249, 6, 253]
1552552152919;[171, 0, 17, 255, 161, 76, 221, 7, 75, 1, 0, 1, 0, 0, 41, 1, 0, 248, 7, 22]
1552552152919;[171, 0, 17, 255, 161, 76, 221, 7, 75, 1, 0, 6, 0, 0, 44, 1, 0, 248, 7, 37]
1552552153102;[171, 0, 17, 255, 161, 76, 221, 7, 75, 1, 0, 6, 0, 0, 41, 1, 0, 249, 7, 34]
1552552153103;[171, 0, 17, 255, 161, 76, 221, 7, 75, 1, 0, 7, 0, 0, 41, 1, 0, 249, 7, 30]
1552552153269;[171, 0, 17, 255, 161, 76, 221, 7, 75, 1, 0, 1, 0, 0, 40, 1, 0, 249, 6, 250]
1552552153620;[171, 0, 17, 255, 161, 76, 221, 7, 75, 1, 0, 3, 0, 0, 40, 1, 0, 249, 6, 206]
1552552153621;[171, 0, 17, 255, 161, 76, 221, 7, 76, 1, 0, 6, 0, 0, 41, 1, 0, 250, 6, 174]
1552552153621;[171, 0, 17, 255, 161, 76, 221, 7, 76, 1, 0, 3, 0, 0, 40, 1, 0, 249, 6, 198]
1552552153621;[171, 0, 17, 255, 161, 76, 221, 7, 76, 1, 0, 1, 0, 0, 41, 1, 0, 249, 7, 23]
1552552153787;[171, 0, 4, 255, 132, 128, 65]
1552552153788;[171, 0, 17, 255, 161, 76, 221, 7, 76, 1, 0, 10, 0, 0, 42, 1, 0, 249, 7, 56]
1552552153955;[171, 0, 17, 255, 161, 76, 221, 7, 76, 1, 0, 4, 0, 0, 41, 1, 0, 249, 7, 66]
1552552154138;[171, 0, 17, 255, 161, 76, 221, 7, 76, 1, 0, 3, 0, 0, 41, 1, 0, 246, 7, 83]
1552552154139;[171, 0, 17, 255, 161, 76, 221, 7, 76, 1, 0, 6, 0, 0, 41, 1, 0, 248, 7, 62]
1552552154305;[171, 0, 17, 255, 161, 76, 221, 7, 76, 0, 0, 0, 0, 0, 42, 1, 0, 249, 7, 42]
1552552154306;[171, 0, 17, 255, 161, 76, 221, 7, 76, 1, 0, 3, 0, 0, 30, 1, 0, 249, 7, 13]
1552552154472;[171, 0, 17, 255, 161, 76, 221, 7, 76, 1, 0, 2, 0, 0, 41, 1, 0, 249, 6, 228]
1552552154657;[171, 0, 17, 255, 161, 76, 221, 7, 77, 1, 0, 1, 0, 0, 41, 1, 0, 246, 6, 250]
1552552154657;[171, 0, 17, 255, 161, 76, 221, 7, 77, 1, 0, 3, 0, 0, 40, 1, 0, 249, 7, 71]
1552552154823;[171, 0, 17, 255, 161, 76, 221, 7, 77, 1, 0, 10, 0, 0, 40, 1, 0, 249, 7, 113]
1552552154824;[171, 0, 4, 255, 132, 128, 65]
1552552154991;[171, 0, 17, 255, 161, 76, 221, 7, 77, 1, 0, 8, 0, 0, 41, 1, 0, 248, 7, 135]
1552552154991;[171, 0, 17, 255, 161, 76, 221, 7, 77, 1, 0, 3, 0, 0, 41, 1, 0, 250, 7, 138]
1552552155158;[171, 0, 17, 255, 161, 76, 221, 7, 77, 1, 0, 1, 0, 0, 41, 1, 0, 246, 7, 120]
1552552155342;[171, 0, 17, 255, 161, 76, 221, 7, 77, 1, 0, 3, 0, 0, 41, 1, 0, 246, 7, 86]
1552552155343;[171, 0, 17, 255, 161, 76, 221, 7, 77, 1, 0, 1, 0, 0, 40, 1, 0, 249, 7, 53]
1552552155508;[171, 0, 17, 255, 161, 76, 221, 7, 77, 1, 0, 2, 0, 0, 41, 1, 0, 248, 7, 12]
1552552155509;[171, 0, 17, 255, 161, 76, 221, 7, 77, 1, 0, 8, 0, 0, 41, 1, 0, 248, 6, 242]
1552552155675;[171, 0, 17, 255, 161, 76, 221, 7, 78, 1, 0, 3, 0, 0, 41, 1, 0, 249, 7, 61]
1552552155859;[171, 0, 17, 255, 161, 76, 221, 7, 78, 1, 0, 3, 0, 0, 42, 1, 0, 248, 7, 121]
1552552155860;[171, 0, 17, 255, 161, 76, 221, 7, 78, 1, 0, 3, 0, 0, 41, 1, 0, 247, 7, 148]
1552552156026;[171, 0, 4, 255, 132, 128, 65]
1552552156028;[171, 0, 17, 255, 161, 76, 221, 7, 78, 1, 0, 3, 0, 0, 40, 1, 0, 249, 7, 167]
1552552156194;[171, 0, 17, 255, 161, 76, 221, 7, 78, 1, 0, 1, 0, 0, 39, 1, 0, 249, 7, 162]
1552552156210;[171, 0, 17, 255, 161, 76, 221, 7, 78, 1, 0, 1, 0, 0, 41, 1, 0, 247, 7, 138]
1552552156377;[171, 0, 17, 255, 161, 76, 221, 7, 78, 1, 0, 4, 0, 0, 41, 1, 0, 246, 7, 104]
1552552156544;[171, 0, 17, 255, 161, 76, 221, 7, 78, 1, 0, 7, 0, 0, 42, 1, 0, 249, 7, 78]
1552552156545;[171, 0, 17, 255, 161, 76, 221, 7, 78, 1, 0, 2, 0, 0, 40, 1, 0, 246, 7, 28]
1552552156712;[171, 0, 17, 255, 161, 76, 221, 7, 78, 1, 0, 1, 0, 0, 41, 1, 0, 249, 7, 70]
1552552156712;[171, 0, 17, 255, 161, 76, 221, 7, 79, 1, 0, 1, 0, 0, 41, 1, 0, 246, 7, 143]
1552552156895;[171, 0, 17, 255, 161, 76, 221, 7, 79, 1, 0, 1, 0, 0, 39, 1, 0, 249, 7, 182]
1552552156896;[171, 0, 17, 255, 161, 76, 221, 7, 79, 1, 0, 4, 0, 0, 41, 1, 0, 249, 7, 197]
1552552157063;[171, 0, 4, 255, 132, 128, 64]
1552552157229;[171, 0, 17, 255, 161, 76, 221, 7, 79, 1, 0, 6, 0, 0, 40, 1, 0, 246, 7, 209]
1552552157413;[171, 0, 17, 255, 161, 76, 221, 7, 79, 1, 0, 4, 0, 0, 41, 1, 0, 249, 7, 195]
1552552157581;[171, 0, 17, 255, 161, 76, 221, 7, 79, 1, 0, 6, 0, 0, 41, 1, 0, 248, 7, 166]
1552552157581;[171, 0, 17, 255, 161, 76, 221, 7, 79, 1, 0, 1, 0, 0, 41, 1, 0, 249, 7, 138]
1552552157582;[171, 0, 17, 255, 161, 76, 221, 7, 79, 1, 0, 4, 0, 0, 40, 1, 0, 247, 7, 120]
1552552157748;[171, 0, 17, 255, 161, 76, 221, 7, 79, 1, 0, 8, 0, 0, 41, 1, 0, 249, 7, 191]
1552552157748;[171, 0, 17, 255, 161, 76, 221, 7, 79, 1, 0, 6, 0, 0, 42, 1, 0, 249, 7, 252]
1552552157931;[171, 0, 17, 255, 161, 76, 221, 7, 80, 1, 0, 3, 0, 0, 42, 1, 0, 249, 8, 18]
1552552157932;[171, 0, 17, 255, 161, 76, 221, 7, 80, 1, 0, 6, 0, 0, 40, 1, 0, 248, 8, 25]
1552552158098;[171, 0, 17, 255, 161, 76, 221, 7, 80, 1, 0, 2, 0, 0, 40, 1, 0, 246, 8, 18]
1552552158099;[171, 0, 4, 255, 132, 128, 64]
1552552158265;[171, 0, 17, 255, 161, 76, 221, 7, 80, 1, 0, 3, 0, 0, 41, 1, 0, 249, 7, 245]
1552552158449;[171, 0, 17, 255, 161, 76, 221, 7, 80, 1, 0, 4, 0, 0, 40, 1, 0, 249, 7, 220]
1552552158450;[171, 0, 17, 255, 161, 76, 221, 7, 80, 1, 0, 6, 0, 0, 42, 1, 0, 246, 7, 185]
1552552158616;[171, 0, 17, 255, 161, 76, 221, 7, 80, 1, 0, 7, 0, 0, 40, 1, 0, 246, 7, 152]
1552552158617;[171, 0, 17, 255, 161, 76, 221, 7, 80, 1, 0, 8, 0, 0, 41, 1, 0, 249, 7, 229]
1552552158783;[171, 0, 17, 255, 161, 76, 221, 7, 80, 1, 0, 1, 0, 0, 41, 1, 0, 249, 8, 40]
1552552158784;[171, 0, 17, 255, 161, 76, 221, 7, 80, 1, 0, 2, 0, 0, 41, 1, 0, 249, 8, 65]
1552552158967;[171, 0, 17, 255, 161, 76, 221, 7, 81, 1, 0, 4, 0, 0, 41, 1, 0, 249, 8, 85]
1552552159134;[171, 0, 17, 255, 161, 76, 221, 7, 81, 1, 0, 6, 0, 0, 41, 1, 0, 249, 8, 81]
1552552159135;[171, 0, 17, 255, 161, 76, 221, 7, 81, 1, 0, 3, 0, 0, 43, 1, 0, 246, 8, 56]
1552552159301;[171, 0, 4, 255, 132, 128, 64]
1552552159303;[171, 0, 17, 255, 161, 76, 221, 7, 81, 1, 0, 3, 0, 0, 41, 1, 0, 248, 8, 30]
1552552159652;[171, 0, 17, 255, 161, 76, 221, 7, 81, 1, 0, 6, 0, 0, 40, 1, 0, 246, 7, 253]
1552552159653;[171, 0, 17, 255, 161, 76, 221, 7, 81, 1, 0, 7, 0, 0, 40, 1, 0, 249, 7, 208]
1552552159653;[171, 0, 17, 255, 161, 76, 221, 7, 81, 1, 0, 1, 0, 0, 41, 1, 0, 246, 7, 255]
1552552159819;[171, 0, 17, 255, 161, 76, 221, 7, 81, 1, 0, 6, 0, 0, 41, 1, 0, 246, 8, 68]
1552552159820;[171, 0, 17, 255, 161, 76, 221, 7, 81, 1, 0, 3, 0, 0, 40, 1, 0, 249, 8, 106]
1552552160003;[171, 0, 17, 255, 161, 76, 221, 7, 81, 1, 0, 6, 0, 0, 41, 1, 0, 248, 8, 118]
1552552160004;[171, 0, 17, 255, 161, 76, 221, 7, 82, 1, 0, 3, 0, 0, 40, 1, 0, 246, 8, 125]
1552552160337;[171, 0, 17, 255, 161, 76, 221, 7, 82, 1, 0, 4, 0, 0, 41, 1, 0, 249, 8, 99]
1552552160338;[171, 0, 17, 255, 161, 76, 221, 7, 82, 1, 0, 3, 0, 0, 42, 1, 0, 250, 8, 76]
1552552160338;[171, 0, 4, 255, 132, 128, 64]
1552552160521;[171, 0, 17, 255, 161, 76, 221, 7, 82, 1, 0, 1, 0, 0, 41, 1, 0, 249, 8, 43]
1552552160522;[171, 0, 17, 255, 161, 76, 221, 7, 82, 1, 0, 2, 0, 0, 40, 1, 0, 249, 8, 3]
1552552160688;[171, 0, 17, 255, 161, 76, 221, 7, 82, 1, 0, 3, 0, 0, 41, 1, 0, 249, 8, 20]
1552552160689;[171, 0, 17, 255, 161, 76, 221, 7, 82, 0, 0, 1, 0, 0, 41, 1, 0, 248, 8, 92]
1552552160855;[171, 0, 17, 255, 161, 76, 221, 7, 82, 1, 0, 6, 0, 0, 41, 1, 0, 249, 8, 111]
1552552161206;[171, 0, 17, 255, 161, 76, 221, 7, 82, 1, 0, 6, 0, 0, 41, 1, 0, 249, 8, 118]
1552552161206;[171, 0, 17, 255, 161, 76, 221, 7, 82, 1, 0, 1, 0, 0, 41, 1, 0, 249, 8, 116]
1552552161207;[171, 0, 17, 255, 161, 76, 221, 7, 83, 1, 0, 1, 0, 0, 43, 1, 0, 249, 8, 96]
1552552161208;[171, 0, 17, 255, 161, 76, 221, 7, 83, 1, 0, 2, 0, 0, 41, 1, 0, 249, 8, 59]
1552552161373;[171, 0, 17, 255, 161, 76, 221, 7, 83, 1, 0, 4, 0, 0, 41, 1, 0, 248, 8, 22]
1552552161723;[171, 0, 4, 255, 132, 128, 64]
1552552161725;[171, 0, 17, 255, 161, 76, 221, 7, 83, 0, 0, 1, 0, 0, 41, 1, 0, 246, 7, 234]
1552552161725;[171, 0, 17, 255, 161, 76, 221, 7, 83, 1, 0, 6, 0, 0, 41, 1, 0, 249, 7, 176]
1552552161726;[171, 0, 17, 255, 161, 76, 221, 7, 83, 1, 0, 1, 0, 0, 42, 1, 0, 246, 7, 221]
1552552161891;[171, 0, 17, 255, 161, 76, 221, 7, 83, 1, 0, 3, 0, 0, 43, 1, 0, 249, 8, 12]
1552552161892;[171, 0, 17, 255, 161, 76, 221, 7, 83, 1, 0, 4, 0, 0, 41, 1, 0, 246, 8, 42]
1552552162058;[171, 0, 17, 255, 161, 76, 221, 7, 83, 1, 0, 3, 0, 0, 40, 1, 0, 243, 8, 40]
1552552162242;[171, 0, 17, 255, 161, 76, 221, 7, 83, 1, 0, 7, 0, 0, 40, 1, 0, 246, 8, 36]
1552552162243;[171, 0, 17, 255, 161, 76, 221, 7, 84, 1, 0, 3, 0, 0, 41, 1, 0, 247, 8, 7]
1552552162409;[171, 0, 17, 255, 161, 76, 221, 7, 84, 1, 0, 4, 0, 0, 41, 1, 0, 243, 7, 219]
1552552162409;[171, 0, 17, 255, 161, 76, 221, 7, 84, 1, 0, 3, 0, 0, 40, 1, 0, 248, 7, 179]
1552552162575;[171, 0, 4, 255, 132, 128, 64]
1552552162760;[171, 0, 17, 255, 161, 76, 221, 7, 84, 1, 0, 3, 0, 0, 41, 1, 0, 249, 7, 128]
1552552162761;[171, 0, 17, 255, 161, 76, 221, 7, 84, 1, 0, 1, 0, 0, 42, 1, 0, 246, 7, 71]
1552552162926;[171, 0, 17, 255, 161, 76, 221, 7, 84, 1, 0, 2, 0, 0, 36, 1, 0, 246, 7, 72]
1552552162927;[171, 0, 17, 255, 161, 76, 221, 7, 84, 1, 0, 2, 0, 0, 40, 1, 0, 246, 7, 131]
1552552163093;[171, 0, 17, 255, 161, 76, 221, 7, 84, 1, 0, 3, 0, 0, 36, 1, 0, 249, 7, 157]
1552552163110;[171, 0, 17, 255, 161, 76, 221, 7, 84, 1, 0, 3, 0, 0, 40, 1, 0, 249, 7, 172]
1552552163278;[171, 0, 17, 255, 161, 76, 221, 7, 84, 1, 0, 3, 0, 0, 39, 1, 0, 249, 7, 167]
1552552163445;[171, 0, 17, 255, 161, 76, 221, 7, 85, 1, 0, 3, 0, 0, 36, 1, 0, 249, 7, 142]
1552552163445;[171, 0, 17, 255, 161, 76, 221, 7, 85, 1, 0, 3, 0, 0, 40, 1, 0, 249, 7, 117]
1552552163612;[171, 0, 17, 255, 161, 76, 221, 7, 87, 1, 0, 6, 0, 0, 42, 1, 0, 246, 6, 192]
1552552163798;[171, 0, 17, 255, 161, 76, 221, 7, 87, 0, 0, 1, 0, 0, 41, 1, 0, 248, 6, 183]
1552552163963;[171, 0, 17, 255, 161, 76, 221, 7, 87, 1, 0, 6, 0, 0, 41, 1, 0, 249, 7, 5]
1552552164130;[171, 0, 17, 255, 161, 76, 221, 7, 87, 1, 0, 2, 0, 0, 42, 1, 0, 245, 7, 43]
1552552164130;[171, 0, 17, 255, 161, 76, 221, 7, 87, 1, 0, 3, 0, 0, 41, 1, 0, 247, 7, 61]
1552552164313;[171, 0, 17, 255, 161, 76, 221, 7, 87, 1, 0, 6, 0, 0, 41, 1, 0, 249, 7, 71]
1552552164314;[171, 0, 17, 255, 161, 76, 221, 7, 87, 1, 0, 4, 0, 0, 38, 1, 0, 249, 7, 72]
1552552164481;[171, 0, 17, 255, 161, 76, 221, 7, 88, 1, 0, 1, 0, 0, 41, 1, 0, 248, 7, 39]
1552552164648;[171, 0, 17, 255, 161, 76, 221, 7, 88, 1, 0, 2, 0, 0, 42, 1, 0, 246, 7, 1]
1552552164648;[171, 0, 17, 255, 161, 76, 221, 7, 88, 1, 0, 10, 0, 0, 42, 1, 0, 246, 6, 226]
1552552164831;[171, 0, 4, 255, 132, 128, 64]
1552552164832;[171, 0, 17, 255, 161, 76, 221, 7, 88, 1, 0, 11, 0, 0, 42, 1, 0, 249, 6, 212]
1552552164999;[171, 0, 17, 255, 161, 76, 221, 7, 88, 1, 0, 3, 0, 0, 41, 1, 0, 249, 7, 37]
1552552164999;[171, 0, 17, 255, 161, 76, 221, 7, 88, 1, 0, 6, 0, 0, 42, 1, 0, 249, 7, 86]
1552552165166;[171, 0, 17, 255, 161, 76, 221, 7, 88, 1, 0, 3, 0, 0, 41, 1, 0, 249, 7, 110]
1552552165516;[171, 0, 17, 255, 161, 76, 221, 7, 88, 1, 0, 1, 0, 0, 41, 1, 0, 249, 7, 120]
1552552165517;[171, 0, 17, 255, 161, 76, 221, 7, 88, 1, 0, 1, 0, 0, 41, 1, 0, 249, 7, 116]
1552552165518;[171, 0, 17, 255, 161, 76, 221, 7, 88, 1, 0, 4, 0, 0, 40, 1, 0, 243, 7, 95]
1552552165519;[171, 0, 17, 255, 161, 76, 221, 7, 89, 1, 0, 1, 0, 0, 41, 1, 0, 248, 7, 68]
1552552165683;[171, 0, 17, 255, 161, 76, 221, 7, 89, 1, 0, 2, 0, 0, 42, 1, 0, 248, 7, 22]
1552552165684;[171, 0, 17, 255, 161, 76, 221, 7, 89, 1, 0, 3, 0, 0, 42, 1, 0, 247, 6, 231]
1552552165868;[171, 0, 4, 255, 132, 128, 64]
1552552166035;[171, 0, 17, 255, 161, 76, 221, 7, 89, 1, 0, 4, 0, 0, 42, 1, 0, 248, 6, 247]
1552552166035;[171, 0, 17, 255, 161, 76, 221, 7, 89, 1, 0, 3, 0, 0, 41, 1, 0, 249, 7, 70]
1552552166202;[171, 0, 17, 255, 161, 76, 221, 7, 89, 1, 0, 3, 0, 0, 44, 1, 0, 247, 7, 114]
1552552166202;[171, 0, 17, 255, 161, 76, 221, 7, 89, 1, 0, 1, 0, 0, 42, 1, 0, 249, 7, 134]
1552552166385;[171, 0, 17, 255, 161, 76, 221, 7, 89, 1, 0, 3, 0, 0, 41, 1, 0, 249, 7, 141]
1552552166720;[171, 0, 17, 255, 161, 76, 221, 7, 89, 1, 0, 8, 0, 0, 43, 1, 0, 249, 7, 129]
1552552166720;[171, 0, 17, 255, 161, 76, 221, 7, 89, 1, 0, 1, 0, 0, 41, 1, 0, 249, 7, 111]
1552552166721;[171, 0, 17, 255, 161, 76, 221, 7, 90, 1, 0, 1, 0, 0, 40, 1, 0, 249, 7, 82]
1552552166722;[171, 0, 17, 255, 161, 76, 221, 7, 90, 1, 0, 1, 0, 0, 42, 1, 0, 248, 7, 42]
1552552166903;[171, 0, 17, 255, 161, 76, 221, 7, 90, 1, 0, 6, 0, 0, 41, 1, 0, 249, 6, 250]
1552552166904;[171, 0, 4, 255, 132, 128, 64]
1552552167070;[171, 0, 17, 255, 161, 76, 221, 7, 90, 1, 0, 3, 0, 0, 46, 1, 0, 249, 7, 4]
1552552167237;[171, 0, 17, 255, 161, 76, 221, 7, 90, 1, 0, 1, 0, 0, 43, 1, 0, 248, 7, 73]
1552552167238;[171, 0, 17, 255, 161, 76, 221, 7, 90, 1, 0, 10, 0, 0, 42, 1, 0, 248, 7, 101]
1552552167405;[171, 0, 17, 255, 161, 76, 221, 7, 90, 1, 0, 4, 0, 0, 40, 1, 0, 249, 7, 103]
1552552167421;[171, 0, 17, 255, 161, 76, 221, 7, 90, 1, 0, 3, 0, 0, 41, 1, 0, 250, 7, 115]
1552552167755;[171, 0, 17, 255, 161, 76, 221, 7, 90, 1, 0, 4, 0, 0, 40, 1, 0, 249, 7, 91]
1552552167756;[171, 0, 17, 255, 161, 76, 221, 7, 90, 1, 0, 8, 0, 0, 42, 1, 0, 245, 7, 61]
1552552167756;[171, 0, 17, 255, 161, 76, 221, 7, 91, 1, 0, 6, 0, 0, 42, 1, 0, 248, 7, 23]
1552552167923;[171, 0, 17, 255, 161, 76, 221, 7, 91, 1, 0, 1, 0, 0, 41, 1, 0, 248, 6, 237]
1552552167939;[171, 0, 17, 255, 161, 76, 221, 7, 91, 1, 0, 1, 0, 0, 41, 1, 0, 249, 6, 190]
1552552168106;[171, 0, 4, 255, 132, 128, 63]
1552552168107;[171, 0, 17, 255, 161, 76, 221, 7, 91, 1, 0, 1, 0, 0, 41, 1, 0, 249, 6, 230]
1552552168273;[171, 0, 17, 255, 161, 76, 221, 7, 91, 0, 0, 1, 0, 0, 41, 1, 0, 249, 7, 26]
1552552168440;[171, 0, 17, 255, 161, 76, 221, 7, 91, 0, 0, 1, 0, 0, 42, 1, 0, 246, 7, 47]
1552552168457;[171, 0, 17, 255, 161, 76, 221, 7, 91, 1, 0, 1, 0, 0, 41, 1, 0, 249, 7, 52]
1552552168624;[171, 0, 17, 255, 161, 76, 221, 7, 91, 1, 0, 8, 0, 0, 42, 1, 0, 246, 7, 46]
1552552168791;[171, 0, 17, 255, 161, 76, 221, 7, 91, 1, 0, 1, 0, 0, 41, 1, 0, 250, 7, 29]
1552552168792;[171, 0, 17, 255, 161, 76, 221, 7, 91, 1, 0, 3, 0, 0, 42, 1, 0, 247, 6, 248]
1552552168793;[171, 0, 17, 255, 161, 76, 221, 7, 92, 1, 0, 1, 0, 0, 41, 1, 0, 249, 6, 203]
1552552168958;[171, 0, 17, 255, 161, 76, 221, 7, 92, 1, 0, 6, 0, 0, 43, 1, 0, 249, 6, 156]
1552552169142;[171, 0, 17, 255, 161, 76, 221, 7, 92, 1, 0, 7, 0, 0, 41, 1, 0, 249, 6, 104]
1552552169143;[171, 0, 4, 255, 132, 128, 63]
1552552169476;[171, 0, 17, 255, 161, 76, 221, 7, 92, 0, 0, 1, 0, 0, 41, 1, 0, 248, 6, 134]
1552552169477;[171, 0, 17, 255, 161, 76, 221, 7, 92, 1, 0, 1, 0, 0, 41, 1, 0, 245, 6, 194]
1552552169493;[171, 0, 17, 255, 161, 76, 221, 7, 92, 1, 0, 1, 0, 0, 41, 1, 0, 246, 6, 216]
1552552169493;[171, 0, 17, 255, 161, 76, 221, 7, 92, 1, 0, 4, 0, 0, 43, 1, 0, 243, 6, 215]
1552552169660;[171, 0, 17, 255, 161, 76, 221, 7, 92, 1, 0, 3, 0, 0, 41, 1, 0, 249, 6, 227]
1552552169827;[171, 0, 17, 255, 161, 76, 221, 7, 92, 1, 0, 8, 0, 0, 41, 1, 0, 249, 6, 205]
1552552169828;[171, 0, 17, 255, 161, 76, 221, 7, 92, 1, 0, 6, 0, 0, 42, 1, 0, 246, 6, 186]
1552552169994;[171, 0, 17, 255, 161, 76, 221, 7, 93, 1, 0, 4, 0, 0, 42, 1, 0, 250, 6, 148]
1552552169995;[171, 0, 17, 255, 161, 76, 221, 7, 93, 1, 0, 3, 0, 0, 41, 1, 0, 249, 6, 106]
1552552170178;[171, 0, 17, 255, 161, 76, 221, 7, 93, 1, 0, 8, 0, 0, 42, 1, 0, 248, 6, 63]
1552552170345;[171, 0, 4, 255, 132, 128, 63]
1552552170346;[171, 0, 17, 255, 161, 76, 221, 7, 93, 1, 0, 3, 0, 0, 42, 1, 0, 249, 6, 111]
1552552170512;[171, 0, 17, 255, 161, 76, 221, 7, 93, 1, 0, 6, 0, 0, 41, 1, 0, 249, 6, 160]
1552552170512;[171, 0, 17, 255, 161, 76, 221, 7, 93, 1, 0, 3, 0, 0, 41, 1, 0, 249, 6, 170]
1552552170696;[171, 0, 17, 255, 161, 76, 221, 7, 93, 1, 0, 6, 0, 0, 42, 1, 0, 248, 6, 178]
1552552170697;[171, 0, 17, 255, 161, 76, 221, 7, 93, 1, 0, 1, 0, 0, 41, 1, 0, 246, 6, 174]
1552552170863;[171, 0, 17, 255, 161, 76, 221, 7, 93, 1, 0, 4, 0, 0, 41, 1, 0, 243, 6, 154]
1552552171030;[171, 0, 17, 255, 161, 76, 221, 7, 93, 1, 0, 1, 0, 0, 42, 1, 0, 249, 6, 117]
1552552171031;[171, 0, 17, 255, 161, 76, 221, 7, 94, 1, 0, 3, 0, 0, 42, 1, 0, 246, 6, 76]
1552552171214;[171, 0, 17, 255, 161, 76, 221, 7, 94, 0, 0, 0, 0, 0, 44, 1, 0, 248, 6, 35]
1552552171214;[171, 0, 17, 255, 161, 76, 221, 7, 94, 1, 0, 2, 0, 0, 44, 1, 0, 250, 6, 12]
1552552171381;[171, 0, 4, 255, 132, 128, 63]
1552552171548;[171, 0, 17, 255, 161, 76, 221, 7, 94, 1, 0, 2, 0, 0, 42, 1, 0, 248, 6, 81]
1552552171549;[171, 0, 17, 255, 161, 76, 221, 7, 94, 1, 0, 3, 0, 0, 42, 1, 0, 249, 6, 127]
1552552171731;[171, 0, 17, 255, 161, 76, 221, 7, 94, 1, 0, 2, 0, 0, 41, 1, 0, 246, 6, 139]
1552552171732;[171, 0, 17, 255, 161, 76, 221, 7, 94, 1, 0, 3, 0, 0, 42, 1, 0, 247, 6, 162]
1552552171898;[171, 0, 17, 255, 161, 76, 221, 7, 94, 1, 0, 1, 0, 0, 42, 1, 0, 246, 6, 154]
1552552171899;[171, 0, 17, 255, 161, 76, 221, 7, 94, 1, 0, 1, 0, 0, 44, 1, 0, 250, 6, 131]
1552552172065;[171, 0, 17, 255, 161, 76, 221, 7, 94, 1, 0, 6, 0, 0, 42, 1, 0, 249, 6, 96]
1552552172250;[171, 0, 17, 255, 161, 76, 221, 7, 95, 0, 0, 1, 0, 0, 41, 1, 0, 249, 6, 65]
1552552172250;[171, 0, 17, 255, 161, 76, 221, 7, 95, 1, 0, 3, 0, 0, 42, 1, 0, 249, 6, 18]
1552552172417;[171, 0, 17, 255, 161, 76, 221, 7, 95, 1, 0, 1, 0, 0, 42, 1, 0, 246, 6, 17]
1552552172417;[171, 0, 4, 255, 132, 128, 63]
1552552172584;[171, 0, 17, 255, 161, 76, 221, 7, 95, 1, 0, 1, 0, 0, 42, 1, 0, 248, 6, 85]
1552552172584;[171, 0, 17, 255, 161, 76, 221, 7, 95, 1, 0, 2, 0, 0, 41, 1, 0, 248, 6, 134]
1552552172767;[171, 0, 17, 255, 161, 76, 221, 7, 95, 1, 0, 3, 0, 0, 41, 1, 0, 248, 6, 149]
1552552172935;[171, 0, 17, 255, 161, 76, 221, 7, 95, 1, 0, 8, 0, 0, 41, 1, 0, 246, 6, 160]
1552552172935;[171, 0, 17, 255, 161, 76, 221, 7, 95, 1, 0, 1, 0, 0, 41, 1, 0, 249, 6, 158]
1552552173102;[171, 0, 17, 255, 161, 76, 221, 7, 95, 1, 0, 4, 0, 0, 42, 1, 0, 249, 6, 134]
1552552173102;[171, 0, 17, 255, 161, 76, 221, 7, 95, 1, 0, 1, 0, 0, 41, 1, 0, 246, 6, 92]
1552552173286;[171, 0, 17, 255, 161, 76, 221, 7, 96, 1, 0, 2, 0, 0, 41, 1, 0, 246, 6, 60]
1552552173453;[171, 0, 17, 255, 161, 76, 221, 7, 96, 1, 0, 1, 0, 0, 41, 1, 0, 246, 6, 51]
1552552173454;[171, 0, 17, 255, 161, 76, 221, 7, 96, 1, 0, 7, 0, 0, 42, 1, 0, 247, 6, 120]
1552552173803;[171, 0, 4, 255, 132, 128, 63]
1552552173804;[171, 0, 17, 255, 161, 76, 221, 7, 96, 1, 0, 1, 0, 0, 41, 1, 0, 246, 6, 148]
1552552173805;[171, 0, 17, 255, 161, 76, 221, 7, 96, 1, 0, 2, 0, 0, 41, 1, 0, 246, 6, 159]
1552552173805;[171, 0, 17, 255, 161, 76, 221, 7, 96, 1, 0, 1, 0, 0, 42, 1, 0, 249, 6, 163]
1552552173971;[171, 0, 17, 255, 161, 76, 221, 7, 96, 1, 0, 3, 0, 0, 41, 1, 0, 246, 6, 151]
1552552174138;[171, 0, 17, 255, 161, 76, 221, 7, 96, 1, 0, 3, 0, 0, 41, 1, 0, 250, 6, 125]
1552552174138;[171, 0, 17, 255, 161, 76, 221, 7, 96, 1, 0, 6, 0, 0, 42, 1, 0, 249, 6, 86]
1552552174305;[171, 0, 17, 255, 161, 76, 221, 7, 96, 1, 0, 3, 0, 0, 43, 1, 0, 249, 6, 46]
1552552174322;[171, 0, 17, 255, 161, 76, 221, 7, 97, 1, 0, 1, 0, 0, 42, 1, 0, 246, 6, 73]
1552552174489;[171, 0, 17, 255, 161, 76, 221, 7, 97, 1, 0, 6, 0, 0, 42, 1, 0, 243, 6, 142]
1552552174490;[171, 0, 17, 255, 161, 76, 221, 7, 97, 1, 0, 3, 0, 0, 41, 1, 0, 246, 6, 187]
1552552174655;[171, 0, 4, 255, 132, 128, 63]
1552552174823;[171, 0, 17, 255, 161, 76, 221, 7, 97, 1, 0, 8, 0, 0, 44, 1, 0, 249, 6, 199]
1552552174840;[171, 0, 17, 255, 161, 76, 221, 7, 97, 0, 0, 1, 0, 0, 44, 1, 0, 249, 6, 213]
1552552175007;[171, 0, 17, 255, 161, 76, 221, 7, 97, 1, 0, 6, 0, 0, 46, 1, 0, 246, 6, 193]
1552552175007;[171, 0, 17, 255, 161, 76, 221, 7, 97, 1, 0, 2, 0, 0, 41, 1, 0, 249, 6, 169]
1552552175174;[171, 0, 17, 255, 161, 76, 221, 7, 97, 1, 0, 6, 0, 0, 41, 1, 0, 244, 6, 130]
1552552175525;[171, 0, 17, 255, 161, 76, 221, 7, 97, 1, 0, 1, 0, 0, 42, 1, 0, 246, 6, 85]
1552552175526;[171, 0, 17, 255, 161, 76, 221, 7, 97, 1, 0, 3, 0, 0, 42, 1, 0, 248, 6, 102]
1552552175526;[171, 0, 17, 255, 161, 76, 221, 7, 98, 1, 0, 6, 0, 0, 42, 1, 0, 248, 6, 177]
1552552175527;[171, 0, 17, 255, 161, 76, 221, 7, 98, 1, 0, 3, 0, 0, 41, 1, 0, 246, 6, 212]
1552552175692;[171, 0, 17, 255, 161, 76, 221, 7, 98, 1, 0, 6, 0, 0, 42, 1, 0, 248, 6, 227]
1552552175692;[171, 0, 4, 255, 132, 128, 63]
1552552175859;[171, 0, 17, 255, 161, 76, 221, 7, 98, 1, 0, 6, 0, 0, 42, 1, 0, 246, 6, 246]
1552552176043;[171, 0, 17, 255, 161, 76, 221, 7, 98, 1, 0, 1, 0, 0, 42, 1, 0, 245, 6, 230]
1552552176044;[171, 0, 17, 255, 161, 76, 221, 7, 98, 1, 0, 1, 0, 0, 40, 1, 0, 246, 6, 204]
1552552176210;[171, 0, 17, 255, 161, 76, 221, 7, 98, 1, 0, 6, 0, 0, 40, 1, 0, 248, 6, 158]
1552552176211;[171, 0, 17, 255, 161, 76, 221, 7, 98, 1, 0, 8, 0, 0, 41, 1, 0, 249, 6, 130]
1552552176377;[171, 0, 17, 255, 161, 76, 221, 7, 98, 1, 0, 4, 0, 0, 42, 1, 0, 249, 6, 200]
1552552176561;[171, 0, 17, 255, 161, 76, 221, 7, 98, 1, 0, 1, 0, 0, 41, 1, 0, 249, 6, 234]
1552552176562;[171, 0, 17, 255, 161, 76, 221, 7, 99, 1, 0, 6, 0, 0, 42, 1, 0, 249, 6, 238]
1552552176727;[171, 0, 17, 255, 161, 76, 221, 7, 99, 1, 0, 8, 0, 0, 41, 1, 0, 243, 6, 240]
1552552176728;[171, 0, 17, 255, 161, 76, 221, 7, 99, 1, 0, 3, 0, 0, 36, 1, 0, 250, 6, 213]
1552552176895;[171, 0, 4, 255, 132, 128, 63]
1552552176896;[171, 0, 17, 255, 161, 76, 221, 7, 99, 1, 0, 3, 0, 0, 41, 1, 0, 249, 6, 188]
1552552177078;[171, 0, 17, 255, 161, 76, 221, 7, 99, 1, 0, 3, 0, 0, 41, 1, 0, 248, 6, 148]
1552552177245;[171, 0, 17, 255, 161, 76, 221, 7, 99, 1, 0, 1, 0, 0, 41, 1, 0, 249, 6, 108]
1552552177246;[171, 0, 17, 255, 161, 76, 221, 7, 99, 1, 0, 1, 0, 0, 35, 1, 0, 250, 6, 160]
1552552177412;[171, 0, 17, 255, 161, 76, 221, 7, 99, 1, 0, 6, 0, 0, 42, 1, 0, 249, 6, 221]
1552552177413;[171, 0, 17, 255, 161, 76, 221, 7, 99, 1, 0, 1, 0, 0, 41, 1, 0, 243, 6, 240]
1552552177596;[171, 0, 17, 255, 161, 76, 221, 7, 99, 1, 0, 1, 0, 0, 41, 1, 0, 249, 6, 233]
1552552177597;[171, 0, 17, 255, 161, 76, 221, 7, 100, 1, 0, 3, 0, 0, 35, 1, 0, 247, 6, 232]
1552552177764;[171, 0, 17, 255, 161, 76, 221, 7, 100, 1, 0, 8, 0, 0, 41, 1, 0, 249, 6, 208]
1552552177931;[171, 0, 17, 255, 161, 76, 221, 7, 100, 0, 0, 1, 0, 0, 42, 1, 0, 248, 6, 162]
1552552177931;[171, 0, 4, 255, 132, 128, 63]
1552552178281;[171, 0, 17, 255, 161, 76, 221, 7, 100, 1, 0, 6, 0, 0, 40, 1, 0, 249, 6, 119]
