1552553393712;[171, 0, 17, 255, 161, 76, 221, 12, 116, 0, 0, 40, 1, 0, 9, 1, 0, 246, 6, 31]
1552553393717;[171, 0, 17, 255, 161, 76, 221, 12, 116, 0, 0, 42, 1, 0, 13, 1, 0, 246, 5, 170]
1552553393879;[171, 0, 17, 255, 161, 76, 221, 12, 116, 0, 0, 35, 1, 0, 8, 1, 0, 243, 4, 248]
1552553394047;[171, 0, 17, 255, 161, 76, 221, 12, 116, 0, 0, 41, 1, 0, 9, 1, 0, 247, 4, 103]
1552553394230;[171, 0, 17, 255, 161, 76, 221, 12, 118, 0, 0, 39, 1, 0, 9, 1, 0, 245, 2, 149]
1552553394397;[171, 0, 17, 255, 161, 76, 221, 12, 119, 0, 0, 43, 1, 0, 8, 1, 0, 243, 2, 161]
1552553394398;[171, 0, 17, 255, 161, 76, 221, 12, 119, 0, 0, 38, 1, 0, 9, 1, 0, 245, 2, 171]
1552553394581;[171, 0, 17, 255, 161, 76, 221, 12, 119, 0, 0, 39, 1, 0, 11, 1, 0, 246, 2, 181]
1552553394748;[171, 0, 17, 255, 161, 76, 221, 12, 119, 0, 0, 40, 1, 0, 8, 1, 0, 245, 2, 173]
1552553394749;[171, 0, 17, 255, 161, 76, 221, 12, 119, 0, 0, 39, 1, 0, 8, 1, 0, 249, 2, 158]
1552553394916;[171, 0, 17, 255, 161, 76, 221, 12, 119, 0, 0, 41, 1, 0, 12, 1, 0, 245, 2, 117]
1552553394916;[171, 0, 17, 255, 161, 76, 221, 12, 119, 0, 0, 43, 1, 0, 8, 1, 0, 246, 2, 76]
1552553395099;[171, 0, 17, 255, 161, 76, 221, 12, 119, 0, 0, 40, 1, 0, 11, 1, 0, 245, 2, 38]
1552553395266;[171, 0, 17, 255, 161, 76, 221, 12, 119, 0, 0, 38, 1, 0, 11, 1, 0, 248, 2, 16]
1552553395267;[171, 0, 4, 255, 132, 128, 62]
1552553395434;[171, 0, 17, 255, 161, 76, 221, 12, 119, 0, 0, 38, 1, 0, 11, 1, 0, 243, 1, 220]
1552553395435;[171, 0, 17, 255, 161, 76, 221, 12, 120, 0, 0, 41, 1, 0, 7, 1, 0, 243, 1, 251]
1552553395601;[171, 0, 17, 255, 161, 76, 221, 12, 120, 0, 0, 43, 1, 0, 8, 1, 0, 246, 2, 38]
1552553395617;[171, 0, 17, 255, 161, 76, 221, 12, 120, 0, 0, 41, 1, 0, 11, 1, 0, 243, 2, 60]
1552553395951;[171, 0, 17, 255, 161, 76, 221, 12, 120, 0, 0, 41, 1, 0, 11, 1, 0, 243, 2, 73]
1552553395952;[171, 0, 17, 255, 161, 76, 221, 12, 120, 0, 0, 41, 1, 0, 11, 1, 0, 245, 2, 67]
1552553395952;[171, 0, 17, 255, 161, 76, 221, 12, 120, 0, 0, 39, 1, 0, 9, 1, 0, 245, 2, 48]
1552553396119;[171, 0, 17, 255, 161, 76, 221, 12, 120, 0, 0, 43, 1, 0, 11, 1, 0, 243, 2, 23]
1552553396119;[171, 0, 17, 255, 161, 76, 221, 12, 120, 0, 0, 41, 1, 0, 7, 1, 0, 243, 2, 8]
1552553396470;[171, 0, 17, 255, 161, 76, 221, 12, 120, 0, 0, 43, 1, 0, 11, 1, 0, 243, 1, 245]
1552553396470;[171, 0, 4, 255, 132, 128, 62]
1552553396472;[171, 0, 17, 255, 161, 76, 221, 12, 120, 0, 0, 38, 1, 0, 8, 1, 0, 243, 1, 240]
1552553396637;[171, 0, 17, 255, 161, 76, 221, 12, 121, 0, 0, 41, 1, 0, 11, 1, 0, 246, 1, 239]
1552553396637;[171, 0, 17, 255, 161, 76, 221, 12, 121, 0, 0, 39, 1, 0, 11, 1, 0, 243, 2, 95]
1552553396820;[171, 0, 17, 255, 161, 76, 221, 12, 121, 0, 0, 41, 1, 0, 9, 1, 0, 243, 2, 216]
1552553396820;[171, 0, 17, 255, 161, 76, 221, 12, 121, 0, 0, 41, 1, 0, 11, 1, 0, 243, 3, 44]
1552553396987;[171, 0, 17, 255, 161, 76, 221, 12, 121, 0, 0, 38, 1, 0, 10, 1, 0, 245, 3, 85]
1552553397155;[171, 0, 17, 255, 161, 76, 221, 12, 121, 0, 0, 41, 1, 0, 10, 1, 0, 245, 3, 102]
1552553397156;[171, 0, 17, 255, 161, 76, 221, 12, 121, 0, 0, 41, 1, 0, 10, 1, 0, 243, 3, 80]
1552553397338;[171, 0, 17, 255, 161, 76, 221, 12, 121, 0, 0, 41, 1, 0, 11, 1, 0, 245, 3, 95]
1552553397339;[171, 0, 17, 255, 161, 76, 221, 12, 121, 0, 0, 41, 1, 0, 11, 1, 0, 243, 3, 131]
1552553397505;[171, 0, 4, 255, 132, 128, 62]
1552553397506;[171, 0, 17, 255, 161, 76, 221, 12, 121, 0, 0, 39, 1, 0, 10, 1, 0, 243, 3, 178]
1552553397673;[171, 0, 17, 255, 161, 76, 221, 12, 122, 0, 0, 41, 1, 0, 8, 1, 0, 243, 3, 228]
1552553397856;[171, 0, 17, 255, 161, 76, 221, 12, 122, 0, 0, 41, 1, 0, 8, 1, 0, 243, 4, 14]
1552553397857;[171, 0, 17, 255, 161, 76, 221, 12, 122, 0, 0, 39, 1, 0, 12, 1, 0, 243, 4, 166]
1552553398023;[171, 0, 17, 255, 161, 76, 221, 12, 122, 0, 0, 38, 1, 0, 10, 1, 0, 243, 5, 78]
1552553398024;[171, 0, 17, 255, 161, 76, 221, 12, 122, 0, 0, 39, 1, 0, 11, 1, 0, 245, 5, 224]
1552553398191;[171, 0, 17, 255, 161, 76, 221, 12, 122, 0, 0, 43, 1, 0, 11, 1, 0, 245, 6, 111]
1552553398191;[171, 0, 17, 255, 161, 76, 221, 12, 122, 0, 0, 39, 1, 0, 10, 1, 0, 247, 6, 235]
1552553398374;[171, 0, 17, 255, 161, 76, 221, 12, 122, 0, 0, 41, 1, 0, 10, 1, 0, 243, 7, 72]
1552553398541;[171, 0, 17, 255, 161, 76, 221, 12, 122, 0, 0, 38, 1, 0, 8, 1, 0, 245, 7, 150]
1552553398542;[171, 0, 4, 255, 132, 128, 62]
1552553398709;[171, 0, 17, 255, 161, 76, 221, 12, 122, 0, 0, 41, 1, 0, 11, 1, 0, 246, 7, 202]
1552553398892;[171, 0, 17, 255, 161, 76, 221, 12, 123, 0, 0, 41, 1, 0, 9, 1, 0, 243, 7, 240]
1552553399059;[171, 0, 17, 255, 161, 76, 221, 12, 123, 0, 0, 39, 1, 0, 7, 1, 0, 245, 8, 12]
1552553399060;[171, 0, 17, 255, 161, 76, 221, 12, 123, 0, 0, 42, 1, 0, 11, 1, 0, 248, 8, 174]
1552553399060;[171, 0, 17, 255, 161, 76, 221, 12, 123, 0, 0, 39, 1, 0, 5, 1, 0, 242, 9, 60]
1552553399227;[171, 0, 17, 255, 161, 76, 221, 12, 123, 0, 0, 38, 1, 0, 7, 1, 0, 243, 9, 154]
1552553399227;[171, 0, 17, 255, 161, 76, 221, 12, 123, 0, 0, 38, 1, 0, 14, 1, 0, 243, 9, 248]
1552553399410;[171, 0, 17, 255, 161, 76, 221, 12, 123, 0, 0, 39, 1, 0, 11, 1, 0, 243, 10, 37]
1552553399410;[171, 0, 17, 255, 161, 76, 221, 12, 123, 0, 0, 39, 1, 0, 8, 1, 0, 245, 10, 54]
1552553399577;[171, 0, 17, 255, 161, 76, 221, 12, 123, 0, 0, 41, 1, 0, 5, 1, 0, 246, 10, 63]
1552553399744;[171, 0, 4, 255, 132, 128, 61]
1552553399746;[171, 0, 17, 255, 161, 76, 221, 12, 123, 0, 0, 41, 1, 0, 8, 1, 0, 242, 10, 50]
1552553399929;[171, 0, 17, 255, 161, 76, 221, 12, 128, 0, 0, 39, 1, 0, 8, 1, 0, 247, 10, 37]
1552553399929;[171, 0, 17, 255, 161, 76, 221, 12, 128, 0, 0, 40, 1, 0, 10, 1, 0, 245, 9, 252]
1552553400095;[171, 0, 17, 255, 161, 76, 221, 12, 128, 0, 0, 41, 1, 0, 11, 1, 0, 243, 10, 71]
1552553400262;[171, 0, 17, 255, 161, 76, 221, 12, 128, 0, 0, 39, 1, 0, 12, 1, 0, 246, 10, 179]
1552553400263;[171, 0, 17, 255, 161, 76, 221, 12, 128, 0, 0, 41, 1, 0, 8, 1, 0, 246, 10, 249]
1552553400430;[171, 0, 17, 255, 161, 76, 221, 12, 128, 0, 0, 39, 1, 0, 7, 1, 0, 245, 11, 26]
1552553400447;[171, 0, 17, 255, 161, 76, 221, 12, 128, 0, 0, 41, 1, 0, 7, 1, 0, 245, 11, 48]
1552553400614;[171, 0, 17, 255, 161, 76, 221, 12, 128, 0, 0, 41, 1, 0, 10, 1, 0, 248, 11, 18]
1552553400614;[171, 0, 17, 255, 161, 76, 221, 12, 128, 0, 0, 40, 1, 0, 10, 1, 0, 243, 10, 248]
1552553400780;[171, 0, 4, 255, 132, 128, 61]
1552553400948;[171, 0, 17, 255, 161, 76, 221, 12, 128, 0, 0, 39, 1, 0, 11, 1, 0, 242, 10, 209]
1552553400964;[171, 0, 17, 255, 161, 76, 221, 12, 129, 0, 0, 40, 1, 0, 11, 1, 0, 246, 10, 152]
1552553401131;[171, 0, 17, 255, 161, 76, 221, 12, 129, 0, 0, 41, 1, 0, 8, 1, 0, 245, 10, 86]
1552553401132;[171, 0, 17, 255, 161, 76, 221, 12, 129, 0, 0, 38, 1, 0, 10, 1, 0, 248, 10, 27]
1552553401481;[171, 0, 17, 255, 161, 76, 221, 12, 129, 0, 0, 41, 1, 0, 11, 1, 0, 243, 10, 86]
1552553401482;[171, 0, 17, 255, 161, 76, 221, 12, 129, 0, 0, 38, 1, 0, 7, 1, 0, 243, 10, 133]
1552553401483;[171, 0, 17, 255, 161, 76, 221, 12, 129, 0, 0, 39, 1, 0, 8, 1, 0, 245, 10, 153]
1552553401649;[171, 0, 17, 255, 161, 76, 221, 12, 129, 0, 0, 39, 1, 0, 10, 1, 0, 245, 10, 161]
1552553401649;[171, 0, 17, 255, 161, 76, 221, 12, 129, 0, 0, 43, 1, 0, 11, 1, 0, 243, 10, 140]
1552553401984;[171, 0, 17, 255, 161, 76, 221, 12, 129, 0, 0, 39, 1, 0, 10, 1, 0, 246, 10, 89]
1552553402000;[171, 0, 4, 255, 132, 128, 60]
1552553402001;[171, 0, 17, 255, 161, 76, 221, 12, 129, 0, 0, 41, 1, 0, 4, 1, 0, 243, 10, 42]
1552553402167;[171, 0, 17, 255, 161, 76, 221, 12, 130, 0, 0, 40, 1, 0, 11, 1, 0, 246, 9, 233]
1552553402168;[171, 0, 17, 255, 161, 76, 221, 12, 130, 0, 0, 41, 1, 0, 9, 1, 0, 243, 9, 169]
1552553402335;[171, 0, 17, 255, 161, 76, 221, 12, 130, 0, 0, 41, 1, 0, 8, 1, 0, 246, 9, 114]
1552553402503;[171, 0, 17, 255, 161, 76, 221, 12, 130, 0, 0, 43, 1, 0, 8, 1, 0, 249, 9, 163]
1552553402517;[171, 0, 17, 255, 161, 76, 221, 12, 130, 0, 0, 40, 1, 0, 11, 1, 0, 243, 9, 195]
1552553402518;[171, 0, 17, 255, 161, 76, 221, 12, 130, 0, 0, 39, 1, 0, 9, 1, 0, 246, 9, 193]
1552553402685;[171, 0, 17, 255, 161, 76, 221, 12, 130, 0, 0, 78, 1, 0, 14, 1, 0, 246, 9, 182]
1552553402851;[171, 0, 17, 255, 161, 76, 221, 12, 130, 0, 0, 39, 1, 0, 11, 1, 0, 243, 9, 155]
1552553402852;[171, 0, 17, 255, 161, 76, 221, 12, 130, 0, 0, 22, 1, 0, 11, 1, 0, 254, 9, 109]
1552553403020;[171, 0, 4, 255, 132, 128, 60]
1552553403021;[171, 0, 17, 255, 161, 76, 221, 12, 130, 0, 0, 41, 1, 0, 9, 1, 0, 242, 9, 63]
1552553405140;[171, 0, 17, 255, 161, 76, 221, 12, 131, 0, 0, 39, 1, 0, 10, 1, 0, 248, 8, 254]
1552553405142;[171, 0, 17, 255, 161, 76, 221, 12, 131, 0, 0, 41, 1, 0, 7, 1, 0, 242, 8, 198]
1552553405149;[171, 0, 17, 255, 161, 76, 221, 12, 131, 0, 0, 41, 1, 0, 9, 1, 0, 248, 8, 125]
1552553405158;[171, 0, 17, 255, 161, 76, 221, 12, 131, 0, 0, 41, 1, 0, 7, 1, 0, 246, 8, 105]
1552553405159;[171, 0, 17, 255, 161, 76, 221, 12, 131, 0, 0, 41, 1, 0, 7, 1, 0, 242, 8, 147]
1552553405166;[171, 0, 17, 255, 161, 76, 221, 12, 131, 0, 0, 40, 1, 0, 7, 1, 0, 245, 8, 174]
1552553405166;[171, 0, 17, 255, 161, 76, 221, 12, 131, 0, 0, 41, 1, 0, 11, 1, 0, 245, 8, 165]
1552553405172;[171, 0, 17, 255, 161, 76, 221, 12, 131, 0, 0, 39, 1, 0, 9, 1, 0, 243, 8, 163]
1552553405178;[171, 0, 17, 255, 161, 76, 221, 12, 131, 0, 0, 39, 1, 0, 9, 1, 0, 249, 8, 136]
1552553405179;[171, 0, 4, 255, 132, 128, 60]
1552553405184;[171, 0, 17, 255, 161, 76, 221, 12, 131, 0, 0, 39, 1, 0, 11, 1, 0, 246, 8, 104]
1552553405185;[171, 0, 17, 255, 161, 76, 221, 12, 132, 0, 0, 41, 1, 0, 9, 1, 0, 243, 8, 64]
1552553405190;[171, 0, 17, 255, 161, 76, 221, 12, 132, 0, 0, 39, 1, 0, 10, 1, 0, 245, 8, 8]
1552553405190;[171, 0, 17, 255, 161, 76, 221, 12, 132, 0, 0, 41, 1, 0, 9, 1, 0, 245, 7, 204]
1552553405195;[171, 0, 17, 255, 161, 76, 221, 12, 132, 0, 0, 39, 1, 0, 7, 1, 0, 249, 7, 146]
1552553405201;[171, 0, 17, 255, 161, 76, 221, 12, 132, 0, 0, 41, 1, 0, 11, 1, 0, 246, 7, 82]
1552553405201;[171, 0, 17, 255, 161, 76, 221, 12, 132, 0, 0, 38, 1, 0, 11, 1, 0, 243, 7, 61]
1552553405226;[171, 0, 17, 255, 161, 76, 221, 12, 132, 0, 0, 41, 1, 0, 6, 1, 0, 245, 7, 92]
1552553405226;[171, 0, 17, 255, 161, 76, 221, 12, 132, 0, 0, 41, 1, 0, 9, 1, 0, 245, 7, 104]
1552553405232;[171, 0, 17, 255, 161, 76, 221, 12, 132, 0, 0, 39, 1, 0, 9, 1, 0, 243, 7, 98]
1552553405233;[171, 0, 4, 255, 132, 128, 59]
1552553405275;[171, 0, 17, 255, 161, 76, 221, 12, 132, 0, 0, 41, 1, 0, 9, 1, 0, 243, 7, 99]
1552553405442;[171, 0, 17, 255, 161, 76, 221, 12, 133, 0, 0, 41, 1, 0, 11, 1, 0, 243, 7, 63]
1552553405443;[171, 0, 17, 255, 161, 76, 221, 12, 133, 0, 0, 39, 1, 0, 11, 1, 0, 243, 7, 41]
1552553405610;[171, 0, 17, 255, 161, 76, 221, 12, 133, 0, 0, 39, 1, 0, 11, 1, 0, 243, 7, 6]
1552553405611;[171, 0, 17, 255, 161, 76, 221, 12, 133, 0, 0, 41, 1, 0, 8, 1, 0, 243, 6, 221]
1552553405794;[171, 0, 17, 255, 161, 76, 221, 12, 133, 0, 0, 40, 1, 0, 11, 1, 0, 246, 6, 94]
1552553405961;[171, 0, 17, 255, 161, 76, 221, 12, 133, 0, 0, 40, 1, 0, 14, 1, 0, 245, 5, 239]
1552553406128;[171, 0, 17, 255, 161, 76, 221, 12, 133, 0, 0, 40, 1, 0, 11, 1, 0, 245, 5, 196]
1552553406312;[171, 0, 17, 255, 161, 76, 221, 12, 133, 0, 0, 41, 1, 0, 11, 1, 0, 245, 5, 151]
1552553406313;[171, 0, 17, 255, 161, 76, 221, 12, 133, 0, 0, 39, 1, 0, 8, 1, 0, 246, 5, 108]
1552553406313;[171, 0, 4, 255, 132, 128, 59]
1552553406315;[171, 0, 17, 255, 161, 76, 221, 12, 133, 0, 0, 43, 1, 0, 8, 1, 0, 244, 5, 24]
1552553406479;[171, 0, 17, 255, 161, 76, 221, 12, 134, 0, 0, 41, 1, 0, 10, 1, 0, 243, 3, 112]
1552553406646;[171, 0, 17, 255, 161, 76, 221, 12, 134, 0, 0, 41, 1, 0, 8, 1, 0, 245, 1, 250]
1552553406647;[171, 0, 17, 255, 161, 76, 221, 12, 134, 0, 0, 41, 1, 0, 14, 1, 0, 246, 1, 203]
1552553406829;[171, 0, 17, 255, 161, 76, 221, 12, 134, 0, 0, 28, 1, 0, 11, 1, 0, 246, 2, 44]
1552553406830;[171, 0, 17, 255, 161, 76, 221, 12, 134, 0, 0, 43, 1, 0, 6, 1, 0, 245, 2, 131]
1552553406999;[171, 0, 17, 255, 161, 76, 221, 12, 134, 0, 0, 39, 1, 0, 7, 1, 0, 246, 2, 244]
1552553407164;[171, 0, 17, 255, 161, 76, 221, 12, 134, 0, 0, 39, 1, 0, 7, 1, 0, 245, 3, 195]
1552553407165;[171, 0, 17, 255, 161, 76, 221, 12, 134, 0, 0, 38, 1, 0, 6, 1, 0, 245, 4, 154]
1552553407347;[171, 0, 17, 255, 161, 76, 221, 12, 134, 0, 0, 41, 1, 0, 7, 1, 0, 243, 5, 87]
1552553407347;[171, 0, 4, 255, 132, 128, 59]
1552553407510;[171, 0, 17, 255, 161, 76, 221, 12, 134, 0, 0, 39, 1, 0, 7, 1, 0, 248, 6, 22]
1552553407511;[171, 0, 17, 255, 161, 76, 221, 12, 135, 0, 0, 41, 1, 0, 7, 1, 0, 246, 6, 171]
1552553407682;[171, 0, 17, 255, 161, 76, 221, 12, 135, 0, 0, 39, 1, 0, 4, 1, 0, 245, 7, 45]
1552553407848;[171, 0, 17, 255, 161, 76, 221, 12, 135, 0, 0, 40, 1, 0, 9, 1, 0, 243, 7, 154]
1552553408201;[171, 0, 17, 255, 161, 76, 221, 12, 135, 0, 0, 38, 1, 0, 9, 1, 0, 242, 8, 5]
1552553408202;[171, 0, 17, 255, 161, 76, 221, 12, 135, 0, 0, 41, 1, 0, 9, 1, 0, 243, 8, 99]
1552553408203;[171, 0, 17, 255, 161, 76, 221, 12, 135, 0, 0, 39, 1, 0, 3, 1, 0, 243, 9, 65]
1552553408217;[171, 0, 17, 255, 161, 76, 221, 12, 135, 0, 0, 38, 1, 0, 8, 1, 0, 242, 10, 23]
1552553408218;[171, 0, 17, 255, 161, 76, 221, 12, 135, 0, 0, 41, 1, 0, 4, 1, 0, 243, 10, 206]
1552553408368;[171, 0, 17, 255, 161, 76, 221, 12, 135, 0, 0, 39, 1, 0, 10, 1, 0, 243, 11, 120]
1552553408551;[171, 0, 4, 255, 132, 128, 58]
1552553408553;[171, 0, 17, 255, 161, 76, 221, 12, 135, 0, 0, 40, 1, 0, 8, 1, 0, 245, 12, 11]
1552553408718;[171, 0, 17, 255, 161, 76, 221, 12, 136, 0, 0, 41, 1, 0, 4, 1, 0, 246, 12, 116]
1552553408719;[171, 0, 17, 255, 161, 76, 221, 12, 136, 0, 0, 38, 1, 0, 8, 1, 0, 244, 12, 206]
1552553408885;[171, 0, 17, 255, 161, 76, 221, 12, 136, 0, 0, 41, 1, 0, 7, 1, 0, 243, 13, 19]
1552553409068;[171, 0, 17, 255, 161, 76, 221, 12, 136, 0, 0, 38, 1, 0, 8, 1, 0, 246, 13, 137]
1552553409069;[171, 0, 17, 255, 161, 76, 221, 12, 136, 0, 0, 43, 1, 0, 8, 1, 0, 246, 14, 93]
1552553409236;[171, 0, 17, 255, 161, 76, 221, 12, 136, 0, 0, 39, 1, 0, 7, 1, 0, 245, 14, 255]
1552553409236;[171, 0, 17, 255, 161, 76, 221, 12, 136, 0, 0, 41, 1, 0, 5, 1, 0, 248, 31, 103]
1552553409403;[171, 0, 17, 255, 161, 76, 221, 12, 136, 0, 0, 42, 1, 0, 5, 1, 0, 248, 8, 42]
1552553409419;[171, 0, 17, 255, 161, 76, 221, 12, 136, 0, 0, 41, 1, 0, 7, 1, 0, 247, 8, 89]
1552553409586;[171, 0, 4, 255, 132, 128, 58]
1552553409754;[171, 0, 17, 255, 161, 76, 221, 12, 136, 0, 0, 39, 1, 0, 5, 1, 0, 246, 8, 89]
1552553410103;[171, 0, 17, 255, 161, 76, 221, 12, 137, 0, 0, 40, 1, 0, 9, 1, 0, 246, 8, 104]
1552553410104;[171, 0, 17, 255, 161, 76, 221, 12, 137, 0, 0, 39, 1, 0, 8, 1, 0, 245, 8, 111]
1552553410272;[171, 0, 17, 255, 161, 76, 221, 12, 137, 0, 0, 41, 1, 0, 5, 1, 0, 242, 9, 12]
1552553410274;[171, 0, 17, 255, 161, 76, 221, 12, 137, 0, 0, 39, 1, 0, 11, 1, 0, 242, 9, 145]
1552553410274;[171, 0, 17, 255, 161, 76, 221, 12, 137, 0, 0, 41, 1, 0, 7, 1, 0, 243, 9, 189]
1552553410288;[171, 0, 17, 255, 161, 76, 221, 12, 137, 0, 0, 38, 1, 0, 10, 1, 0, 243, 9, 229]
1552553410438;[171, 0, 17, 255, 161, 76, 221, 12, 137, 0, 0, 40, 1, 0, 5, 1, 0, 243, 9, 240]
1552553410439;[171, 0, 17, 255, 161, 76, 221, 12, 137, 0, 0, 41, 1, 0, 8, 1, 0, 245, 9, 221]
1552553410621;[171, 0, 17, 255, 161, 76, 221, 12, 137, 0, 0, 39, 1, 0, 5, 1, 0, 245, 9, 181]
1552553410622;[171, 0, 4, 255, 132, 128, 58]
1552553410790;[171, 0, 17, 255, 161, 76, 221, 12, 137, 0, 0, 38, 1, 0, 7, 1, 0, 241, 9, 147]
1552553410956;[171, 0, 17, 255, 161, 76, 221, 12, 138, 0, 0, 41, 1, 0, 5, 1, 0, 243, 9, 221]
1552553410956;[171, 0, 17, 255, 161, 76, 221, 12, 138, 0, 0, 39, 1, 0, 5, 1, 0, 243, 10, 57]
1552553411139;[171, 0, 17, 255, 161, 76, 221, 12, 138, 0, 0, 41, 1, 0, 10, 1, 0, 243, 10, 87]
1552553411141;[171, 0, 17, 255, 161, 76, 221, 12, 138, 0, 0, 37, 1, 0, 8, 1, 0, 248, 10, 96]
1552553411308;[171, 0, 17, 255, 161, 76, 221, 12, 138, 0, 0, 43, 1, 0, 5, 1, 0, 245, 10, 90]
1552553411309;[171, 0, 17, 255, 161, 76, 221, 12, 138, 0, 0, 38, 1, 0, 5, 1, 0, 242, 10, 52]
1552553411473;[171, 0, 17, 255, 161, 76, 221, 12, 138, 0, 0, 41, 1, 0, 3, 1, 0, 248, 9, 252]
1552553411660;[171, 0, 17, 255, 161, 76, 221, 12, 138, 0, 0, 39, 1, 0, 8, 1, 0, 243, 9, 233]
1552553411660;[171, 0, 17, 255, 161, 76, 221, 12, 138, 0, 0, 39, 1, 0, 8, 1, 0, 246, 10, 40]
1552553411825;[171, 0, 4, 255, 132, 128, 58]
1552553411826;[171, 0, 17, 255, 161, 76, 221, 12, 138, 0, 0, 43, 1, 0, 6, 1, 0, 245, 10, 88]
1552553411992;[171, 0, 17, 255, 161, 76, 221, 12, 139, 0, 0, 38, 1, 0, 7, 1, 0, 245, 10, 77]
1552553411993;[171, 0, 17, 255, 161, 76, 221, 12, 139, 0, 0, 35, 1, 0, 5, 1, 0, 248, 10, 70]
1552553412175;[171, 0, 17, 255, 161, 76, 221, 12, 139, 0, 0, 39, 1, 0, 6, 1, 0, 242, 10, 30]
1552553412344;[171, 0, 17, 255, 161, 76, 221, 12, 139, 0, 0, 39, 1, 0, 11, 1, 0, 248, 9, 232]
1552553412345;[171, 0, 17, 255, 161, 76, 221, 12, 139, 0, 0, 41, 1, 0, 7, 1, 0, 246, 9, 178]
1552553412510;[171, 0, 17, 255, 161, 76, 221, 12, 139, 0, 0, 38, 1, 0, 7, 1, 0, 243, 9, 101]
1552553412510;[171, 0, 17, 255, 161, 76, 221, 12, 139, 0, 0, 39, 1, 0, 3, 1, 0, 242, 9, 18]
1552553412693;[171, 0, 17, 255, 161, 76, 221, 12, 139, 0, 0, 41, 1, 0, 9, 1, 0, 245, 8, 23]
1552553412862;[171, 0, 17, 255, 161, 76, 221, 12, 139, 0, 0, 41, 1, 0, 7, 1, 0, 242, 5, 206]
1552553412862;[171, 0, 4, 255, 132, 128, 58]
1552553413029;[171, 0, 17, 255, 161, 76, 221, 12, 139, 0, 0, 41, 1, 0, 9, 1, 0, 246, 3, 28]
1552553413030;[171, 0, 17, 255, 161, 76, 221, 12, 140, 0, 0, 51, 1, 0, 6, 1, 0, 243, 0, 243]
1552553413196;[171, 0, 17, 255, 161, 76, 221, 12, 140, 0, 0, 44, 1, 0, 8, 1, 0, 248, 16, 0]
1552553413211;[171, 0, 17, 255, 161, 76, 221, 12, 140, 0, 0, 41, 1, 0, 4, 1, 0, 243, 7, 18]
1552553413379;[171, 0, 17, 255, 161, 76, 221, 12, 140, 0, 0, 41, 1, 0, 9, 1, 0, 245, 6, 140]
1552553413547;[171, 0, 17, 255, 161, 76, 221, 12, 140, 0, 0, 47, 1, 0, 5, 1, 0, 246, 5, 236]
1552553413547;[171, 0, 17, 255, 161, 76, 221, 12, 140, 0, 0, 41, 1, 0, 11, 1, 0, 249, 5, 48]
1552553413713;[171, 0, 17, 255, 161, 76, 221, 12, 140, 0, 0, 45, 1, 0, 10, 1, 0, 239, 4, 104]
1552553413729;[171, 0, 17, 255, 161, 76, 221, 12, 140, 0, 0, 34, 1, 0, 13, 1, 0, 245, 1, 246]
1552553414063;[171, 0, 17, 255, 161, 76, 221, 12, 140, 0, 0, 43, 1, 0, 13, 1, 0, 242, 1, 246]
1552553414064;[171, 0, 4, 255, 132, 128, 59]
1552553414065;[171, 0, 17, 255, 161, 76, 221, 12, 140, 0, 0, 43, 1, 0, 11, 1, 0, 243, 1, 246]
1552553414231;[171, 0, 17, 255, 161, 76, 221, 12, 141, 0, 0, 41, 1, 0, 5, 1, 0, 243, 2, 101]
1552553414247;[171, 0, 17, 255, 161, 76, 221, 12, 141, 0, 0, 43, 1, 0, 5, 1, 0, 243, 2, 215]
1552553414415;[171, 0, 17, 255, 161, 76, 221, 12, 141, 0, 0, 41, 1, 0, 10, 1, 0, 243, 3, 55]
1552553414416;[171, 0, 17, 255, 161, 76, 221, 12, 141, 0, 0, 39, 1, 0, 8, 1, 0, 243, 3, 171]
1552553414582;[171, 0, 17, 255, 161, 76, 221, 12, 141, 0, 0, 43, 1, 0, 5, 1, 0, 241, 4, 0]
1552553414750;[171, 0, 17, 255, 161, 76, 221, 12, 141, 0, 0, 39, 1, 0, 10, 1, 0, 243, 4, 57]
1552553414751;[171, 0, 17, 255, 161, 76, 221, 12, 141, 0, 0, 40, 1, 0, 7, 1, 0, 243, 4, 123]
1552553414933;[171, 0, 17, 255, 161, 76, 221, 12, 141, 0, 0, 43, 1, 0, 7, 1, 0, 242, 4, 165]
1552553414934;[171, 0, 17, 255, 161, 76, 221, 12, 141, 0, 0, 43, 1, 0, 8, 1, 0, 243, 4, 195]
1552553415101;[171, 0, 4, 255, 132, 128, 59]
1552553415102;[171, 0, 17, 255, 161, 76, 221, 12, 141, 0, 0, 41, 1, 0, 9, 1, 0, 243, 4, 215]
1552553415267;[171, 0, 17, 255, 161, 76, 221, 12, 142, 0, 0, 43, 1, 0, 5, 1, 0, 242, 4, 226]
1552553415451;[171, 0, 17, 255, 161, 76, 221, 12, 142, 0, 0, 43, 1, 0, 3, 1, 0, 243, 4, 250]
1552553415451;[171, 0, 17, 255, 161, 76, 221, 12, 142, 0, 0, 43, 1, 0, 5, 1, 0, 244, 5, 93]
1552553415617;[171, 0, 17, 255, 161, 76, 221, 12, 142, 0, 0, 41, 1, 0, 7, 1, 0, 245, 5, 194]
1552553415618;[171, 0, 17, 255, 161, 76, 221, 12, 142, 0, 0, 41, 1, 0, 7, 1, 0, 246, 6, 25]
1552553415784;[171, 0, 17, 255, 161, 76, 221, 12, 142, 0, 0, 43, 1, 0, 7, 1, 0, 242, 6, 120]
1552553415969;[171, 0, 17, 255, 161, 76, 221, 12, 142, 0, 0, 39, 1, 0, 5, 1, 0, 243, 6, 185]
1552553415970;[171, 0, 17, 255, 161, 76, 221, 12, 142, 0, 0, 41, 1, 0, 7, 1, 0, 243, 6, 244]
1552553416136;[171, 0, 17, 255, 161, 76, 221, 12, 144, 0, 0, 44, 1, 0, 10, 1, 0, 242, 11, 21]
1552553416302;[171, 0, 17, 255, 161, 76, 221, 12, 145, 0, 0, 43, 1, 0, 8, 1, 0, 244, 10, 224]
1552553416487;[171, 0, 17, 255, 161, 76, 221, 12, 145, 0, 0, 41, 1, 0, 7, 1, 0, 243, 10, 173]
1552553416654;[171, 0, 17, 255, 161, 76, 221, 12, 145, 0, 0, 43, 1, 0, 11, 1, 0, 245, 10, 248]
1552553416655;[171, 0, 17, 255, 161, 76, 221, 12, 145, 0, 0, 43, 1, 0, 7, 1, 0, 243, 11, 42]
1552553416822;[171, 0, 17, 255, 161, 76, 221, 12, 145, 0, 0, 43, 1, 0, 4, 1, 0, 243, 11, 49]
1552553416823;[171, 0, 17, 255, 161, 76, 221, 12, 145, 0, 0, 43, 1, 0, 5, 1, 0, 243, 11, 56]
1552553417005;[171, 0, 17, 255, 161, 76, 221, 12, 145, 0, 0, 43, 1, 0, 7, 1, 0, 243, 11, 42]
1552553417006;[171, 0, 17, 255, 161, 76, 221, 12, 145, 0, 0, 43, 1, 0, 3, 1, 0, 242, 11, 2]
1552553417339;[171, 0, 17, 255, 161, 76, 221, 12, 145, 0, 0, 41, 1, 0, 8, 1, 0, 244, 10, 211]
1552553417340;[171, 0, 4, 255, 132, 128, 60]
1552553417360;[171, 0, 17, 255, 161, 76, 221, 12, 145, 0, 0, 41, 1, 0, 3, 1, 0, 243, 10, 157]
1552553417522;[171, 0, 17, 255, 161, 76, 221, 12, 146, 0, 0, 43, 1, 0, 4, 1, 0, 242, 10, 113]
1552553417523;[171, 0, 17, 255, 161, 76, 221, 12, 146, 0, 0, 43, 1, 0, 8, 1, 0, 246, 10, 164]
1552553417690;[171, 0, 17, 255, 161, 76, 221, 12, 146, 0, 0, 43, 1, 0, 8, 1, 0, 243, 10, 196]
1552553417857;[171, 0, 17, 255, 161, 76, 221, 12, 146, 0, 0, 43, 1, 0, 8, 1, 0, 243, 10, 200]
1552553417874;[171, 0, 17, 255, 161, 76, 221, 12, 146, 0, 0, 43, 1, 0, 4, 1, 0, 243, 10, 200]
1552553418041;[171, 0, 17, 255, 161, 76, 221, 12, 146, 0, 0, 43, 1, 0, 7, 1, 0, 248, 10, 168]
1552553418042;[171, 0, 17, 255, 161, 76, 221, 12, 146, 0, 0, 41, 1, 0, 4, 1, 0, 245, 10, 122]
1552553418208;[171, 0, 17, 255, 161, 76, 221, 12, 146, 0, 0, 41, 1, 0, 4, 1, 0, 243, 10, 75]
1552553418209;[171, 0, 17, 255, 161, 76, 221, 12, 146, 0, 0, 39, 1, 0, 10, 1, 0, 244, 10, 10]
1552553418375;[171, 0, 4, 255, 132, 128, 60]
1552553418559;[171, 0, 17, 255, 161, 76, 221, 12, 146, 0, 0, 41, 1, 0, 7, 1, 0, 242, 9, 202]
1552553418560;[171, 0, 17, 255, 161, 76, 221, 12, 147, 0, 0, 40, 1, 0, 5, 1, 0, 245, 9, 198]
1552553418726;[171, 0, 17, 255, 161, 76, 221, 12, 147, 0, 0, 39, 1, 0, 6, 1, 0, 242, 9, 229]
1552553418727;[171, 0, 17, 255, 161, 76, 221, 12, 147, 0, 0, 43, 1, 0, 8, 1, 0, 245, 9, 244]
1552553418892;[171, 0, 17, 255, 161, 76, 221, 12, 147, 0, 0, 40, 1, 0, 4, 1, 0, 243, 9, 225]
1552553418894;[171, 0, 17, 255, 161, 76, 221, 12, 147, 0, 0, 41, 1, 0, 8, 1, 0, 243, 9, 206]
1552553419077;[171, 0, 17, 255, 161, 76, 221, 12, 147, 0, 0, 39, 1, 0, 7, 1, 0, 243, 9, 173]
1552553419244;[171, 0, 17, 255, 161, 76, 221, 12, 147, 0, 0, 43, 1, 0, 6, 1, 0, 243, 9, 123]
1552553419245;[171, 0, 17, 255, 161, 76, 221, 12, 147, 0, 0, 42, 1, 0, 7, 1, 0, 243, 9, 74]
1552553419411;[171, 0, 17, 255, 161, 76, 221, 12, 147, 0, 0, 41, 1, 0, 4, 1, 0, 242, 9, 13]
1552553419412;[171, 0, 4, 255, 132, 128, 60]
1552553419595;[171, 0, 17, 255, 161, 76, 221, 12, 147, 0, 0, 43, 1, 0, 4, 1, 0, 243, 8, 197]
1552553419762;[171, 0, 17, 255, 161, 76, 221, 12, 148, 0, 0, 43, 1, 0, 4, 1, 0, 243, 8, 188]
1552553419763;[171, 0, 17, 255, 161, 76, 221, 12, 148, 0, 0, 41, 1, 0, 10, 1, 0, 244, 8, 202]
1552553420112;[171, 0, 17, 255, 161, 76, 221, 12, 148, 0, 0, 39, 1, 0, 5, 1, 0, 242, 8, 206]
1552553420113;[171, 0, 17, 255, 161, 76, 221, 12, 148, 0, 0, 44, 1, 0, 5, 1, 0, 243, 8, 200]
1552553420113;[171, 0, 17, 255, 161, 76, 221, 12, 148, 0, 0, 44, 1, 0, 8, 1, 0, 247, 8, 177]
1552553420114;[171, 0, 17, 255, 161, 76, 221, 12, 148, 0, 0, 43, 1, 0, 6, 1, 0, 243, 8, 131]
1552553420280;[171, 0, 17, 255, 161, 76, 221, 12, 148, 0, 0, 41, 1, 0, 8, 1, 0, 242, 8, 94]
1552553420447;[171, 0, 17, 255, 161, 76, 221, 12, 148, 0, 0, 43, 1, 0, 5, 1, 0, 245, 8, 39]
1552553420448;[171, 0, 17, 255, 161, 76, 221, 12, 148, 0, 0, 43, 1, 0, 5, 1, 0, 245, 7, 241]
1552553420614;[171, 0, 4, 255, 132, 128, 60]
1552553420634;[171, 0, 17, 255, 161, 76, 221, 12, 148, 0, 0, 41, 1, 0, 7, 1, 0, 243, 7, 211]
1552553420798;[171, 0, 17, 255, 161, 76, 221, 12, 149, 0, 0, 41, 1, 0, 7, 1, 0, 243, 7, 247]
1552553420965;[171, 0, 17, 255, 161, 76, 221, 12, 149, 0, 0, 43, 1, 0, 5, 1, 0, 243, 8, 5]
1552553420966;[171, 0, 17, 255, 161, 76, 221, 12, 149, 0, 0, 43, 1, 0, 5, 1, 0, 243, 8, 10]
1552553421133;[171, 0, 17, 255, 161, 76, 221, 12, 149, 0, 0, 40, 1, 0, 7, 1, 0, 246, 8, 0]
1552553421148;[171, 0, 17, 255, 161, 76, 221, 12, 149, 0, 0, 43, 1, 0, 6, 1, 0, 243, 7, 231]
1552553421316;[171, 0, 17, 255, 161, 76, 221, 12, 149, 0, 0, 39, 1, 0, 8, 1, 0, 243, 7, 209]
1552553421317;[171, 0, 17, 255, 161, 76, 221, 12, 149, 0, 0, 39, 1, 0, 5, 1, 0, 245, 7, 162]
1552553421651;[171, 0, 17, 255, 161, 76, 221, 12, 149, 0, 0, 40, 1, 0, 6, 1, 0, 243, 7, 124]
1552553421667;[171, 0, 17, 255, 161, 76, 221, 12, 149, 0, 0, 41, 1, 0, 5, 1, 0, 243, 7, 70]
1552553421668;[171, 0, 4, 255, 132, 128, 61]
1552553421834;[171, 0, 17, 255, 161, 76, 221, 12, 149, 0, 0, 42, 1, 0, 7, 1, 0, 244, 7, 28]
1552553421835;[171, 0, 17, 255, 161, 76, 221, 12, 150, 0, 0, 43, 1, 0, 5, 1, 0, 243, 7, 61]
1552553422000;[171, 0, 17, 255, 161, 76, 221, 12, 150, 0, 0, 41, 1, 0, 4, 1, 0, 246, 7, 98]
1552553422000;[171, 0, 17, 255, 161, 76, 221, 12, 150, 0, 0, 43, 1, 0, 9, 1, 0, 245, 7, 110]
1552553422169;[171, 0, 17, 255, 161, 76, 221, 12, 150, 0, 0, 41, 1, 0, 4, 1, 0, 245, 7, 124]
1552553422351;[171, 0, 17, 255, 161, 76, 221, 12, 150, 0, 0, 43, 1, 0, 4, 1, 0, 246, 7, 116]
1552553422352;[171, 0, 17, 255, 161, 76, 221, 12, 150, 0, 0, 43, 1, 0, 10, 1, 0, 243, 7, 96]
1552553422518;[171, 0, 17, 255, 161, 76, 221, 12, 150, 0, 0, 41, 1, 0, 7, 1, 0, 248, 7, 76]
1552553422520;[171, 0, 17, 255, 161, 76, 221, 12, 150, 0, 0, 41, 1, 0, 5, 1, 0, 245, 7, 46]
1552553422686;[171, 0, 17, 255, 161, 76, 221, 12, 150, 0, 0, 42, 1, 0, 5, 1, 0, 243, 7, 3]
1552553422870;[171, 0, 4, 255, 132, 128, 61]
1552553422871;[171, 0, 17, 255, 161, 76, 221, 12, 150, 0, 0, 41, 1, 0, 9, 1, 0, 243, 6, 223]
1552553423037;[171, 0, 17, 255, 161, 76, 221, 12, 151, 0, 0, 41, 1, 0, 7, 1, 0, 243, 6, 240]
1552553423038;[171, 0, 17, 255, 161, 76, 221, 12, 151, 0, 0, 41, 1, 0, 5, 1, 0, 245, 7, 41]
1552553423388;[171, 0, 17, 255, 161, 76, 221, 12, 151, 0, 0, 44, 1, 0, 3, 1, 0, 243, 7, 78]
1552553423389;[171, 0, 17, 255, 161, 76, 221, 12, 151, 0, 0, 43, 1, 0, 3, 1, 0, 245, 7, 101]
1552553423390;[171, 0, 17, 255, 161, 76, 221, 12, 151, 0, 0, 41, 1, 0, 10, 1, 0, 242, 7, 115]
1552553423555;[171, 0, 17, 255, 161, 76, 221, 12, 151, 0, 0, 41, 1, 0, 5, 1, 0, 244, 7, 117]
1552553423556;[171, 0, 17, 255, 161, 76, 221, 12, 151, 0, 0, 41, 1, 0, 5, 1, 0, 242, 7, 96]
1552553423906;[171, 0, 17, 255, 161, 76, 221, 12, 151, 0, 0, 41, 1, 0, 4, 1, 0, 243, 7, 83]
1552553423907;[171, 0, 17, 255, 161, 76, 221, 12, 151, 0, 0, 41, 1, 0, 5, 1, 0, 243, 7, 55]
1552553423908;[171, 0, 4, 255, 132, 128, 61]
1552553423909;[171, 0, 17, 255, 161, 76, 221, 12, 151, 0, 0, 43, 1, 0, 5, 1, 0, 243, 7, 67]
1552553424073;[171, 0, 17, 255, 161, 76, 221, 12, 152, 0, 0, 43, 1, 0, 4, 1, 0, 243, 7, 145]
1552553424240;[171, 0, 17, 255, 161, 76, 221, 12, 152, 0, 0, 43, 1, 0, 5, 1, 0, 249, 7, 196]
1552553424241;[171, 0, 17, 255, 161, 76, 221, 12, 152, 0, 0, 41, 1, 0, 7, 1, 0, 246, 7, 234]
1552553424423;[171, 0, 17, 255, 161, 76, 221, 12, 152, 0, 0, 40, 1, 0, 4, 1, 0, 245, 8, 6]
1552553424425;[171, 0, 17, 255, 161, 76, 221, 12, 152, 0, 0, 39, 1, 0, 4, 1, 0, 246, 8, 13]
1552553424591;[171, 0, 17, 255, 161, 76, 221, 12, 152, 0, 0, 43, 1, 0, 8, 1, 0, 243, 8, 3]
1552553424758;[171, 0, 17, 255, 161, 76, 221, 12, 152, 0, 0, 41, 1, 0, 5, 1, 0, 243, 7, 233]
1552553424759;[171, 0, 17, 255, 161, 76, 221, 12, 152, 0, 0, 39, 1, 0, 8, 1, 0, 243, 7, 211]
1552553424942;[171, 0, 17, 255, 161, 76, 221, 12, 152, 0, 0, 41, 1, 0, 2, 1, 0, 242, 7, 181]
1552553424943;[171, 0, 4, 255, 132, 128, 62]
1552553425108;[171, 0, 17, 255, 161, 76, 221, 12, 152, 0, 0, 41, 1, 0, 7, 1, 0, 245, 7, 179]
1552553425109;[171, 0, 17, 255, 161, 76, 221, 12, 153, 0, 0, 41, 1, 0, 5, 1, 0, 243, 8, 0]
1552553425276;[171, 0, 17, 255, 161, 76, 221, 12, 153, 0, 0, 41, 1, 0, 7, 1, 0, 243, 8, 56]
1552553425459;[171, 0, 17, 255, 161, 76, 221, 12, 153, 0, 0, 41, 1, 0, 6, 1, 0, 249, 8, 92]
1552553425461;[171, 0, 17, 255, 161, 76, 221, 12, 153, 0, 0, 43, 1, 0, 7, 1, 0, 245, 8, 115]
1552553425627;[171, 0, 17, 255, 161, 76, 221, 12, 153, 0, 0, 44, 1, 0, 4, 1, 0, 242, 8, 126]
1552553425628;[171, 0, 17, 255, 161, 76, 221, 12, 153, 0, 0, 41, 1, 0, 8, 1, 0, 248, 8, 108]
1552553425794;[171, 0, 17, 255, 161, 76, 221, 12, 153, 0, 0, 41, 1, 0, 6, 1, 0, 243, 8, 95]
1552553425978;[171, 0, 17, 255, 161, 76, 221, 12, 153, 0, 0, 39, 1, 0, 6, 1, 0, 242, 8, 74]
1552553426145;[171, 0, 17, 255, 161, 76, 221, 12, 153, 0, 0, 43, 1, 0, 8, 1, 0, 245, 8, 32]
1552553426146;[171, 0, 4, 255, 132, 128, 62]
1552553426148;[171, 0, 17, 255, 161, 76, 221, 12, 153, 0, 0, 41, 1, 0, 8, 1, 0, 242, 8, 21]
1552553426312;[171, 0, 17, 255, 161, 76, 221, 12, 154, 0, 0, 43, 1, 0, 3, 1, 0, 244, 8, 84]
1552553426313;[171, 0, 17, 255, 161, 76, 221, 12, 154, 0, 0, 43, 1, 0, 5, 1, 0, 243, 8, 134]
1552553426496;[171, 0, 17, 255, 161, 76, 221, 12, 154, 0, 0, 40, 1, 0, 6, 1, 0, 243, 8, 145]
1552553426665;[171, 0, 17, 255, 161, 76, 221, 12, 154, 0, 0, 43, 1, 0, 5, 1, 0, 242, 8, 162]
1552553426666;[171, 0, 17, 255, 161, 76, 221, 12, 154, 0, 0, 43, 1, 0, 5, 1, 0, 245, 8, 151]
1552553426830;[171, 0, 17, 255, 161, 76, 221, 12, 154, 0, 0, 41, 1, 0, 7, 1, 0, 249, 8, 128]
1552553426831;[171, 0, 17, 255, 161, 76, 221, 12, 154, 0, 0, 41, 1, 0, 2, 1, 0, 243, 8, 101]
1552553427000;[171, 0, 17, 255, 161, 76, 221, 12, 154, 0, 0, 39, 1, 0, 7, 1, 0, 242, 8, 58]
1552553427001;[171, 0, 17, 255, 161, 76, 221, 12, 154, 0, 0, 43, 1, 0, 4, 1, 0, 245, 8, 29]
1552553427181;[171, 0, 4, 255, 132, 128, 62]
1552553427348;[171, 0, 17, 255, 161, 76, 221, 12, 154, 0, 0, 43, 1, 0, 8, 1, 0, 243, 8, 75]
1552553427349;[171, 0, 17, 255, 161, 76, 221, 12, 155, 0, 0, 43, 1, 0, 6, 1, 0, 242, 8, 147]
1552553427514;[171, 0, 17, 255, 161, 76, 221, 12, 155, 0, 0, 41, 1, 0, 5, 1, 0, 242, 8, 178]
1552553427531;[171, 0, 17, 255, 161, 76, 221, 12, 155, 0, 0, 43, 1, 0, 4, 1, 0, 243, 8, 198]
1552553427698;[171, 0, 17, 255, 161, 76, 221, 12, 155, 0, 0, 41, 1, 0, 8, 1, 0, 246, 8, 203]
1552553427698;[171, 0, 17, 255, 161, 76, 221, 12, 155, 0, 0, 41, 1, 0, 7, 1, 0, 245, 8, 182]
1552553427866;[171, 0, 17, 255, 161, 76, 221, 12, 155, 0, 0, 43, 1, 0, 6, 1, 0, 243, 8, 156]
1552553428032;[171, 0, 17, 255, 161, 76, 221, 12, 155, 0, 0, 39, 1, 0, 4, 1, 0, 245, 8, 123]
1552553428049;[171, 0, 17, 255, 161, 76, 221, 12, 155, 0, 0, 41, 1, 0, 3, 1, 0, 247, 8, 88]
1552553428217;[171, 0, 17, 255, 161, 76, 221, 12, 155, 0, 0, 40, 1, 0, 8, 1, 0, 247, 8, 37]
1552553428218;[171, 0, 4, 255, 132, 128, 62]
1552553428384;[171, 0, 17, 255, 161, 76, 221, 12, 155, 0, 0, 43, 1, 0, 5, 1, 0, 243, 8, 78]
1552553428550;[171, 0, 17, 255, 161, 76, 221, 12, 156, 0, 0, 43, 1, 0, 5, 1, 0, 247, 8, 131]
1552553428551;[171, 0, 17, 255, 161, 76, 221, 12, 156, 0, 0, 43, 1, 0, 7, 1, 0, 246, 8, 164]
1552553428735;[171, 0, 17, 255, 161, 76, 221, 12, 156, 0, 0, 41, 1, 0, 8, 1, 0, 243, 8, 186]
1552553428737;[171, 0, 17, 255, 161, 76, 221, 12, 156, 0, 0, 44, 1, 0, 8, 1, 0, 243, 8, 179]
1552553428902;[171, 0, 17, 255, 161, 76, 221, 12, 156, 0, 0, 39, 1, 0, 5, 1, 0, 243, 8, 159]
1552553428903;[171, 0, 17, 255, 161, 76, 221, 12, 156, 0, 0, 41, 1, 0, 5, 1, 0, 244, 8, 144]
1552553429069;[171, 0, 17, 255, 161, 76, 221, 12, 156, 0, 0, 43, 1, 0, 7, 1, 0, 243, 8, 104]
1552553429253;[171, 0, 17, 255, 161, 76, 221, 12, 156, 0, 0, 41, 1, 0, 7, 1, 0, 243, 8, 61]
1552553429254;[171, 0, 17, 255, 161, 76, 221, 12, 156, 0, 0, 43, 1, 0, 9, 1, 0, 245, 8, 46]
1552553429419;[171, 0, 4, 255, 132, 128, 62]
1552553429421;[171, 0, 17, 255, 161, 76, 221, 12, 156, 0, 0, 41, 1, 0, 7, 1, 0, 245, 8, 97]
1552553429587;[171, 0, 17, 255, 161, 76, 221, 12, 157, 0, 0, 43, 1, 0, 8, 1, 0, 243, 8, 133]
1552553429938;[171, 0, 17, 255, 161, 76, 221, 12, 157, 0, 0, 39, 1, 0, 6, 1, 0, 245, 8, 148]
1552553429938;[171, 0, 17, 255, 161, 76, 221, 12, 157, 0, 0, 41, 1, 0, 4, 1, 0, 243, 8, 148]
1552553429939;[171, 0, 17, 255, 161, 76, 221, 12, 157, 0, 0, 44, 1, 0, 8, 1, 0, 243, 8, 135]
1552553429954;[171, 0, 17, 255, 161, 76, 221, 12, 157, 0, 0, 41, 1, 0, 4, 1, 0, 243, 8, 109]
1552553430103;[171, 0, 17, 255, 161, 76, 221, 12, 157, 0, 0, 41, 1, 0, 4, 1, 0, 242, 8, 77]
1552553430104;[171, 0, 17, 255, 161, 76, 221, 12, 157, 0, 0, 41, 1, 0, 5, 1, 0, 245, 8, 41]
1552553430288;[171, 0, 17, 255, 161, 76, 221, 12, 157, 0, 0, 40, 1, 0, 6, 1, 0, 242, 8, 30]
1552553430456;[171, 0, 17, 255, 161, 76, 221, 12, 157, 0, 0, 43, 1, 0, 4, 1, 0, 244, 8, 87]
1552553430457;[171, 0, 4, 255, 132, 128, 62]
1552553430622;[171, 0, 17, 255, 161, 76, 221, 12, 157, 0, 0, 38, 1, 0, 8, 1, 0, 243, 8, 136]
1552553430623;[171, 0, 17, 255, 161, 76, 221, 12, 158, 0, 0, 41, 1, 0, 5, 1, 0, 243, 8, 153]
1552553430805;[171, 0, 17, 255, 161, 76, 221, 12, 158, 0, 0, 43, 1, 0, 7, 1, 0, 245, 8, 167]
1552553430806;[171, 0, 17, 255, 161, 76, 221, 12, 158, 0, 0, 41, 1, 0, 4, 1, 0, 242, 8, 152]
1552553430974;[171, 0, 17, 255, 161, 76, 221, 12, 158, 0, 0, 39, 1, 0, 10, 1, 0, 243, 8, 123]
1552553431140;[171, 0, 17, 255, 161, 76, 221, 12, 158, 0, 0, 43, 1, 0, 6, 1, 0, 246, 8, 97]
1552553431141;[171, 0, 17, 255, 161, 76, 221, 12, 158, 0, 0, 43, 1, 0, 4, 1, 0, 243, 8, 57]
1552553431325;[171, 0, 17, 255, 161, 76, 221, 12, 158, 0, 0, 43, 1, 0, 5, 1, 0, 247, 8, 7]
1552553431326;[171, 0, 17, 255, 161, 76, 221, 12, 158, 0, 0, 43, 1, 0, 5, 1, 0, 245, 8, 22]
1552553431492;[171, 0, 17, 255, 161, 76, 221, 12, 158, 0, 0, 41, 1, 0, 4, 1, 0, 242, 8, 85]
1552553431658;[171, 0, 4, 255, 132, 128, 62]
1552553431662;[171, 0, 17, 255, 161, 76, 221, 12, 158, 0, 0, 44, 1, 0, 6, 1, 0, 245, 8, 123]
1552553431842;[171, 0, 17, 255, 161, 76, 221, 12, 159, 0, 0, 39, 1, 0, 3, 1, 0, 243, 8, 138]
1552553431843;[171, 0, 17, 255, 161, 76, 221, 12, 159, 0, 0, 40, 1, 0, 10, 1, 0, 244, 8, 143]
1552553432009;[171, 0, 17, 255, 161, 76, 221, 12, 159, 0, 0, 43, 1, 0, 5, 1, 0, 243, 8, 121]
1552553432359;[171, 0, 17, 255, 161, 76, 221, 12, 159, 0, 0, 43, 1, 0, 4, 1, 0, 243, 8, 98]
1552553432360;[171, 0, 17, 255, 161, 76, 221, 12, 159, 0, 0, 41, 1, 0, 5, 1, 0, 243, 8, 62]
1552553432360;[171, 0, 17, 255, 161, 76, 221, 12, 159, 0, 0, 44, 1, 0, 8, 1, 0, 243, 8, 19]
1552553432361;[171, 0, 17, 255, 161, 76, 221, 12, 159, 0, 0, 39, 1, 0, 4, 1, 0, 247, 7, 234]
1552553432527;[171, 0, 17, 255, 161, 76, 221, 12, 159, 0, 0, 41, 1, 0, 5, 1, 0, 244, 7, 238]
1552553432528;[171, 0, 17, 255, 161, 76, 221, 12, 159, 0, 0, 41, 1, 0, 10, 1, 0, 245, 8, 24]
1552553432694;[171, 0, 4, 255, 132, 128, 62]
1552553432696;[171, 0, 17, 255, 161, 76, 221, 12, 159, 0, 0, 43, 1, 0, 3, 1, 0, 245, 8, 51]
1552553432878;[171, 0, 17, 255, 161, 76, 221, 12, 160, 0, 0, 43, 1, 0, 6, 1, 0, 243, 8, 71]
1552553433044;[171, 0, 17, 255, 161, 76, 221, 12, 160, 0, 0, 43, 1, 0, 5, 1, 0, 243, 8, 80]
1552553433045;[171, 0, 17, 255, 161, 76, 221, 12, 160, 0, 0, 38, 1, 0, 9, 1, 0, 243, 8, 52]
1552553433213;[171, 0, 17, 255, 161, 76, 221, 12, 160, 0, 0, 43, 1, 0, 5, 1, 0, 243, 8, 33]
1552553433214;[171, 0, 17, 255, 161, 76, 221, 12, 160, 0, 0, 43, 1, 0, 8, 1, 0, 243, 7, 250]
1552553433380;[171, 0, 17, 255, 161, 76, 221, 12, 160, 0, 0, 43, 1, 0, 7, 1, 0, 245, 7, 203]
1552553433562;[171, 0, 17, 255, 161, 76, 221, 12, 160, 0, 0, 43, 1, 0, 5, 1, 0, 243, 7, 174]
1552553433563;[171, 0, 17, 255, 161, 76, 221, 12, 160, 0, 0, 41, 1, 0, 4, 1, 0, 243, 7, 219]
1552553433763;[171, 0, 17, 255, 161, 76, 221, 12, 160, 0, 0, 43, 1, 0, 4, 1, 0, 243, 8, 8]
1552553433763;[171, 0, 4, 255, 132, 128, 62]
1552553433896;[171, 0, 17, 255, 161, 76, 221, 12, 160, 0, 0, 41, 1, 0, 5, 1, 0, 242, 8, 23]
1552553433897;[171, 0, 17, 255, 161, 76, 221, 12, 161, 0, 0, 43, 1, 0, 5, 1, 0, 246, 8, 46]
1552553434081;[171, 0, 17, 255, 161, 76, 221, 12, 161, 0, 0, 43, 1, 0, 4, 1, 0, 245, 8, 32]
1552553434248;[171, 0, 17, 255, 161, 76, 221, 12, 161, 0, 0, 39, 1, 0, 7, 1, 0, 247, 8, 10]
1552553434249;[171, 0, 17, 255, 161, 76, 221, 12, 161, 0, 0, 43, 1, 0, 4, 1, 0, 245, 7, 234]
1552553434415;[171, 0, 17, 255, 161, 76, 221, 12, 161, 0, 0, 43, 1, 0, 8, 1, 0, 244, 7, 196]
1552553434432;[171, 0, 17, 255, 161, 76, 221, 12, 161, 0, 0, 42, 1, 0, 7, 1, 0, 242, 7, 159]
1552553434933;[171, 0, 17, 255, 161, 76, 221, 12, 161, 0, 0, 43, 1, 0, 6, 1, 0, 243, 7, 107]
1552553434949;[171, 0, 17, 255, 161, 76, 221, 12, 161, 0, 0, 44, 1, 0, 8, 1, 0, 243, 7, 102]
1552553434950;[171, 0, 17, 255, 161, 76, 221, 12, 161, 0, 0, 43, 1, 0, 3, 1, 0, 243, 7, 164]
1552553434950;[171, 0, 4, 255, 132, 128, 62]
1552553434951;[171, 0, 17, 255, 161, 76, 221, 12, 161, 0, 0, 39, 1, 0, 4, 1, 0, 242, 7, 201]
1552553435117;[171, 0, 17, 255, 161, 76, 221, 12, 162, 0, 0, 39, 1, 0, 5, 1, 0, 243, 7, 213]
1552553435118;[171, 0, 17, 255, 161, 76, 221, 12, 162, 0, 0, 41, 1, 0, 7, 1, 0, 246, 7, 210]
1552553435452;[171, 0, 17, 255, 161, 76, 221, 12, 162, 0, 0, 43, 1, 0, 10, 1, 0, 243, 7, 210]
1552553435467;[171, 0, 17, 255, 161, 76, 221, 12, 162, 0, 0, 40, 1, 0, 3, 1, 0, 242, 7, 185]
1552553435468;[171, 0, 17, 255, 161, 76, 221, 12, 162, 0, 0, 43, 1, 0, 5, 1, 0, 246, 7, 160]
1552553435635;[171, 0, 17, 255, 161, 76, 221, 12, 162, 0, 0, 42, 1, 0, 3, 1, 0, 246, 7, 118]
1552553435636;[171, 0, 17, 255, 161, 76, 221, 12, 162, 0, 0, 43, 1, 0, 7, 1, 0, 242, 7, 75]
1552553435803;[171, 0, 17, 255, 161, 76, 221, 12, 162, 0, 0, 40, 1, 0, 3, 1, 0, 246, 7, 32]
1552553435804;[171, 0, 17, 255, 161, 76, 221, 12, 162, 0, 0, 39, 1, 0, 6, 1, 0, 245, 7, 57]
1552553435975;[171, 0, 4, 255, 132, 128, 62]
1552553436152;[171, 0, 17, 255, 161, 76, 221, 12, 162, 0, 0, 41, 1, 0, 6, 1, 0, 243, 7, 95]
1552553436154;[171, 0, 17, 255, 161, 76, 221, 12, 163, 0, 0, 43, 1, 0, 7, 1, 0, 242, 7, 123]
1552553436321;[171, 0, 17, 255, 161, 76, 221, 12, 163, 0, 0, 41, 1, 0, 3, 1, 0, 245, 7, 139]
1552553436487;[171, 0, 17, 255, 161, 76, 221, 12, 163, 0, 0, 44, 1, 0, 5, 1, 0, 241, 7, 137]
1552553436488;[171, 0, 17, 255, 161, 76, 221, 12, 163, 0, 0, 41, 1, 0, 8, 1, 0, 245, 7, 122]
1552553436671;[171, 0, 17, 255, 161, 76, 221, 12, 163, 0, 0, 38, 1, 0, 5, 1, 0, 246, 7, 100]
1552553436674;[171, 0, 17, 255, 161, 76, 221, 12, 163, 0, 0, 42, 1, 0, 5, 1, 0, 246, 7, 62]
1552553436838;[171, 0, 17, 255, 161, 76, 221, 12, 163, 0, 0, 43, 1, 0, 4, 1, 0, 240, 7, 29]
1552553436839;[171, 0, 17, 255, 161, 76, 221, 12, 163, 0, 0, 41, 1, 0, 4, 1, 0, 243, 7, 14]
1552553437005;[171, 0, 17, 255, 161, 76, 221, 12, 163, 0, 0, 42, 1, 0, 5, 1, 0, 246, 7, 68]
1552553437006;[171, 0, 4, 255, 132, 128, 62]
1552553437189;[171, 0, 17, 255, 161, 76, 221, 12, 163, 0, 0, 43, 1, 0, 5, 1, 0, 243, 7, 110]
1552553437356;[171, 0, 17, 255, 161, 76, 221, 12, 164, 0, 0, 41, 1, 0, 7, 1, 0, 243, 7, 127]
1552553437358;[171, 0, 17, 255, 161, 76, 221, 12, 164, 0, 0, 41, 1, 0, 5, 1, 0, 243, 7, 138]
1552553437524;[171, 0, 17, 255, 161, 76, 221, 12, 164, 0, 0, 41, 1, 0, 3, 1, 0, 242, 7, 131]
1552553437525;[171, 0, 17, 255, 161, 76, 221, 12, 164, 0, 0, 41, 1, 0, 5, 1, 0, 243, 7, 108]
1552553437706;[171, 0, 17, 255, 161, 76, 221, 12, 164, 0, 0, 40, 1, 0, 5, 1, 0, 245, 7, 70]
1552553437708;[171, 0, 17, 255, 161, 76, 221, 12, 164, 0, 0, 41, 1, 0, 5, 1, 0, 245, 7, 37]
1552553437874;[171, 0, 17, 255, 161, 76, 221, 12, 164, 0, 0, 43, 1, 0, 6, 1, 0, 243, 6, 245]
1552553438041;[171, 0, 17, 255, 161, 76, 221, 12, 164, 0, 0, 43, 1, 0, 10, 1, 0, 243, 6, 249]
1552553438224;[171, 0, 17, 255, 161, 76, 221, 12, 166, 0, 0, 39, 1, 0, 10, 1, 0, 246, 7, 231]
1552553438392;[171, 0, 17, 255, 161, 76, 221, 12, 167, 0, 0, 43, 1, 0, 7, 1, 0, 245, 7, 236]
1552553438558;[171, 0, 17, 255, 161, 76, 221, 12, 167, 0, 0, 43, 1, 0, 5, 1, 0, 243, 7, 218]
1552553438559;[171, 0, 17, 255, 161, 76, 221, 12, 167, 0, 0, 41, 1, 0, 6, 1, 0, 245, 7, 202]
1552553438742;[171, 0, 17, 255, 161, 76, 221, 12, 167, 0, 0, 43, 1, 0, 6, 1, 0, 246, 7, 167]
1552553438744;[171, 0, 17, 255, 161, 76, 221, 12, 167, 0, 0, 39, 1, 0, 7, 1, 0, 243, 7, 131]
1552553438909;[171, 0, 17, 255, 161, 76, 221, 12, 167, 0, 0, 43, 1, 0, 5, 1, 0, 245, 7, 102]
1552553438910;[171, 0, 17, 255, 161, 76, 221, 12, 167, 0, 0, 41, 1, 0, 7, 1, 0, 243, 7, 175]
1552553439077;[171, 0, 17, 255, 161, 76, 221, 12, 167, 0, 0, 39, 1, 0, 5, 1, 0, 243, 7, 222]
1552553439260;[171, 0, 17, 255, 161, 76, 221, 12, 167, 0, 0, 43, 1, 0, 5, 1, 0, 245, 7, 241]
1552553439261;[171, 0, 4, 255, 132, 128, 62]
1552553439426;[171, 0, 17, 255, 161, 76, 221, 12, 167, 0, 0, 43, 1, 0, 5, 1, 0, 245, 8, 5]
1552553439427;[171, 0, 17, 255, 161, 76, 221, 12, 168, 0, 0, 40, 1, 0, 7, 1, 0, 243, 7, 249]
1552553439595;[171, 0, 17, 255, 161, 76, 221, 12, 168, 0, 0, 41, 1, 0, 6, 1, 0, 242, 7, 222]
1552553439595;[171, 0, 17, 255, 161, 76, 221, 12, 168, 0, 0, 40, 1, 0, 5, 1, 0, 243, 7, 193]
1552553439763;[171, 0, 17, 255, 161, 76, 221, 12, 168, 0, 0, 43, 1, 0, 4, 1, 0, 243, 7, 154]
1552553439946;[171, 0, 17, 255, 161, 76, 221, 12, 168, 0, 0, 41, 1, 0, 4, 1, 0, 243, 7, 110]
1552553439946;[171, 0, 17, 255, 161, 76, 221, 12, 168, 0, 0, 41, 1, 0, 7, 1, 0, 245, 7, 102]
1552553440113;[171, 0, 17, 255, 161, 76, 221, 12, 168, 0, 0, 41, 1, 0, 6, 1, 0, 243, 7, 159]
1552553440113;[171, 0, 17, 255, 161, 76, 221, 12, 168, 0, 0, 41, 1, 0, 3, 1, 0, 243, 7, 201]
1552553440281;[171, 0, 17, 255, 161, 76, 221, 12, 168, 0, 0, 41, 1, 0, 4, 1, 0, 242, 7, 211]
1552553440463;[171, 0, 4, 255, 132, 128, 62]
1552553440465;[171, 0, 17, 255, 161, 76, 221, 12, 168, 0, 0, 42, 1, 0, 5, 1, 0, 243, 7, 207]
1552553440631;[171, 0, 17, 255, 161, 76, 221, 12, 169, 0, 0, 41, 1, 0, 8, 1, 0, 243, 7, 202]
1552553440632;[171, 0, 17, 255, 161, 76, 221, 12, 169, 0, 0, 41, 1, 0, 8, 1, 0, 246, 7, 174]
1552553440798;[171, 0, 17, 255, 161, 76, 221, 12, 169, 0, 0, 43, 1, 0, 7, 1, 0, 246, 7, 134]
1552553440798;[171, 0, 17, 255, 161, 76, 221, 12, 169, 0, 0, 41, 1, 0, 4, 1, 0, 245, 7, 88]
1552553440982;[171, 0, 17, 255, 161, 76, 221, 12, 169, 0, 0, 39, 1, 0, 8, 1, 0, 243, 7, 47]
1552553441149;[171, 0, 17, 255, 161, 76, 221, 12, 169, 0, 0, 43, 1, 0, 6, 1, 0, 243, 7, 91]
1552553441149;[171, 0, 17, 255, 161, 76, 221, 12, 169, 0, 0, 41, 1, 0, 7, 1, 0, 243, 7, 124]
1552553441499;[171, 0, 17, 255, 161, 76, 221, 12, 169, 0, 0, 39, 1, 0, 5, 1, 0, 242, 7, 115]
1552553441500;[171, 0, 17, 255, 161, 76, 221, 12, 169, 0, 0, 43, 1, 0, 3, 1, 0, 245, 7, 115]
1552553441501;[171, 0, 4, 255, 132, 128, 62]
1552553441501;[171, 0, 17, 255, 161, 76, 221, 12, 169, 0, 0, 43, 1, 0, 5, 1, 0, 243, 7, 93]
1552553441667;[171, 0, 17, 255, 161, 76, 221, 12, 170, 0, 0, 43, 1, 0, 3, 1, 0, 248, 7, 53]
1552553441834;[171, 0, 17, 255, 161, 76, 221, 12, 170, 0, 0, 43, 1, 0, 8, 1, 0, 243, 7, 18]
1552553441835;[171, 0, 17, 255, 161, 76, 221, 12, 170, 0, 0, 41, 1, 0, 4, 1, 0, 243, 6, 217]
1552553442018;[171, 0, 17, 255, 161, 76, 221, 12, 170, 0, 0, 43, 1, 0, 5, 1, 0, 242, 6, 164]
1552553442018;[171, 0, 17, 255, 161, 76, 221, 12, 170, 0, 0, 43, 1, 0, 4, 1, 0, 241, 6, 178]
1552553442184;[171, 0, 17, 255, 161, 76, 221, 12, 170, 0, 0, 43, 1, 0, 8, 1, 0, 243, 6, 228]
1552553442351;[171, 0, 17, 255, 161, 76, 221, 12, 170, 0, 0, 39, 1, 0, 3, 1, 0, 246, 7, 1]
1552553442534;[171, 0, 17, 255, 161, 76, 221, 12, 170, 0, 0, 41, 1, 0, 4, 1, 0, 244, 7, 8]
1552553442535;[171, 0, 17, 255, 161, 76, 221, 12, 170, 0, 0, 41, 1, 0, 4, 1, 0, 242, 7, 4]
1552553442536;[171, 0, 4, 255, 132, 128, 62]
1552553442702;[171, 0, 17, 255, 161, 76, 221, 12, 170, 0, 0, 41, 1, 0, 5, 1, 0, 242, 6, 233]
1552553442703;[171, 0, 17, 255, 161, 76, 221, 12, 171, 0, 0, 41, 1, 0, 7, 1, 0, 243, 6, 192]
1552553442869;[171, 0, 17, 255, 161, 76, 221, 12, 171, 0, 0, 41, 1, 0, 5, 1, 0, 243, 6, 151]
1552553443053;[171, 0, 17, 255, 161, 76, 221, 12, 171, 0, 0, 38, 1, 0, 4, 1, 0, 245, 6, 101]
1552553443054;[171, 0, 17, 255, 161, 76, 221, 12, 171, 0, 0, 43, 1, 0, 4, 1, 0, 246, 6, 45]
1552553443220;[171, 0, 17, 255, 161, 76, 221, 12, 171, 0, 0, 43, 1, 0, 5, 1, 0, 245, 5, 252]
1552553443220;[171, 0, 17, 255, 161, 76, 221, 12, 171, 0, 0, 43, 1, 0, 7, 1, 0, 242, 5, 200]
1552553443387;[171, 0, 17, 255, 161, 76, 221, 12, 171, 0, 0, 41, 1, 0, 7, 1, 0, 245, 5, 223]
1552553443556;[171, 0, 17, 255, 161, 76, 221, 12, 171, 0, 0, 42, 1, 0, 8, 1, 0, 246, 6, 2]
1552553443572;[171, 0, 17, 255, 161, 76, 221, 12, 171, 0, 0, 43, 1, 0, 5, 1, 0, 248, 6, 23]
1552553443738;[171, 0, 4, 255, 132, 128, 62]
1552553443739;[171, 0, 17, 255, 161, 76, 221, 12, 171, 0, 0, 40, 1, 0, 7, 1, 0, 246, 6, 29]
1552553443905;[171, 0, 17, 255, 161, 76, 221, 12, 172, 0, 0, 41, 1, 0, 5, 1, 0, 246, 6, 22]
1552553443906;[171, 0, 17, 255, 161, 76, 221, 12, 172, 0, 0, 42, 1, 0, 8, 1, 0, 243, 5, 248]
1552553444255;[171, 0, 17, 255, 161, 76, 221, 12, 172, 0, 0, 41, 1, 0, 7, 1, 0, 243, 5, 217]
1552553444255;[171, 0, 17, 255, 161, 76, 221, 12, 172, 0, 0, 42, 1, 0, 7, 1, 0, 242, 5, 188]
1552553444256;[171, 0, 17, 255, 161, 76, 221, 12, 172, 0, 0, 41, 1, 0, 7, 1, 0, 245, 5, 130]
1552553444424;[171, 0, 17, 255, 161, 76, 221, 12, 172, 0, 0, 39, 1, 0, 4, 1, 0, 245, 5, 85]
1552553444425;[171, 0, 17, 255, 161, 76, 221, 12, 172, 0, 0, 39, 1, 0, 5, 1, 0, 245, 5, 51]
1552553444607;[171, 0, 17, 255, 161, 76, 221, 12, 172, 0, 0, 41, 0, 0, 0, 1, 0, 247, 5, 83]
1552553444608;[171, 0, 17, 255, 161, 76, 221, 12, 172, 0, 0, 43, 1, 0, 6, 1, 0, 245, 5, 103]
1552553444774;[171, 0, 4, 255, 132, 128, 62]
1552553444941;[171, 0, 17, 255, 161, 76, 221, 12, 172, 0, 0, 43, 1, 0, 11, 1, 0, 245, 5, 109]
1552553444942;[171, 0, 17, 255, 161, 76, 221, 12, 173, 0, 0, 43, 1, 0, 4, 1, 0, 243, 5, 99]
1552553445124;[171, 0, 17, 255, 161, 76, 221, 12, 173, 0, 0, 43, 1, 0, 5, 1, 0, 242, 5, 81]
1552553445125;[171, 0, 17, 255, 161, 76, 221, 12, 173, 0, 0, 41, 1, 0, 4, 1, 0, 243, 5, 46]
1552553445292;[171, 0, 17, 255, 161, 76, 221, 12, 173, 0, 0, 41, 1, 0, 7, 1, 0, 246, 5, 7]
1552553445459;[171, 0, 17, 255, 161, 76, 221, 12, 173, 0, 0, 44, 1, 0, 6, 1, 0, 243, 4, 216]
1552553445460;[171, 0, 17, 255, 161, 76, 221, 12, 173, 0, 0, 43, 1, 0, 3, 1, 0, 245, 4, 170]
1552553445810;[171, 0, 17, 255, 161, 76, 221, 12, 173, 0, 0, 41, 1, 0, 4, 1, 0, 243, 4, 132]
1552553445811;[171, 0, 17, 255, 161, 76, 221, 12, 173, 0, 0, 44, 1, 0, 4, 1, 0, 244, 4, 163]
1552553445812;[171, 0, 17, 255, 161, 76, 221, 12, 173, 0, 0, 39, 1, 0, 5, 1, 0, 245, 4, 199]
1552553445813;[171, 0, 4, 255, 132, 128, 62]
1552553445976;[171, 0, 17, 255, 161, 76, 221, 12, 173, 0, 0, 41, 1, 0, 4, 1, 0, 242, 4, 205]
1552553446145;[171, 0, 17, 255, 161, 76, 221, 12, 174, 0, 0, 43, 1, 0, 6, 1, 0, 244, 4, 210]
1552553446161;[171, 0, 17, 255, 161, 76, 221, 12, 174, 0, 0, 40, 1, 0, 5, 1, 0, 242, 4, 195]
1552553446329;[171, 0, 17, 255, 161, 76, 221, 12, 174, 0, 0, 41, 1, 0, 5, 1, 0, 243, 4, 169]
1552553446330;[171, 0, 17, 255, 161, 76, 221, 12, 174, 0, 0, 39, 1, 0, 6, 1, 0, 243, 4, 140]
1552553446497;[171, 0, 17, 255, 161, 76, 221, 12, 174, 0, 0, 41, 1, 0, 3, 1, 0, 243, 4, 102]
1552553446498;[171, 0, 17, 255, 161, 76, 221, 12, 174, 0, 0, 41, 1, 0, 7, 1, 0, 242, 4, 64]
1552553446663;[171, 0, 17, 255, 161, 76, 221, 12, 174, 0, 0, 43, 1, 0, 8, 1, 0, 243, 4, 17]
1552553446846;[171, 0, 17, 255, 161, 76, 221, 12, 174, 0, 0, 39, 1, 0, 5, 1, 0, 243, 4, 39]
1552553446847;[171, 0, 17, 255, 161, 76, 221, 12, 174, 0, 0, 43, 1, 0, 6, 1, 0, 243, 4, 79]
1552553447010;[171, 0, 4, 255, 132, 128, 62]
1552553447012;[171, 0, 17, 255, 161, 76, 221, 12, 174, 0, 0, 43, 1, 0, 4, 1, 0, 243, 4, 88]
1552553447180;[171, 0, 17, 255, 161, 76, 221, 12, 175, 0, 0, 43, 1, 0, 5, 1, 0, 245, 4, 98]
1552553447531;[171, 0, 17, 255, 161, 76, 221, 12, 175, 0, 0, 41, 1, 0, 4, 1, 0, 243, 4, 84]
1552553447533;[171, 0, 17, 255, 161, 76, 221, 12, 175, 0, 0, 40, 1, 0, 8, 1, 0, 242, 4, 67]
1552553447534;[171, 0, 17, 255, 161, 76, 221, 12, 175, 0, 0, 43, 1, 0, 7, 1, 0, 246, 4, 42]
1552553447548;[171, 0, 17, 255, 161, 76, 221, 12, 175, 0, 0, 39, 1, 0, 10, 1, 0, 243, 4, 7]
1552553447699;[171, 0, 17, 255, 161, 76, 221, 12, 175, 0, 0, 41, 1, 0, 4, 1, 0, 243, 3, 224]
1552553447716;[171, 0, 17, 255, 161, 76, 221, 12, 175, 0, 0, 41, 1, 0, 4, 1, 0, 242, 3, 227]
1552553448049;[171, 0, 17, 255, 161, 76, 221, 12, 175, 0, 0, 41, 1, 0, 3, 1, 0, 246, 4, 19]
1552553448050;[171, 0, 17, 255, 161, 76, 221, 12, 175, 0, 0, 43, 1, 0, 3, 1, 0, 246, 4, 48]
1552553448051;[171, 0, 4, 255, 132, 128, 61]
1552553448216;[171, 0, 17, 255, 161, 76, 221, 12, 175, 0, 0, 41, 1, 0, 4, 1, 0, 243, 4, 61]
1552553448232;[171, 0, 17, 255, 161, 76, 221, 12, 176, 0, 0, 41, 1, 0, 7, 1, 0, 243, 4, 65]
1552553448399;[171, 0, 17, 255, 161, 76, 221, 12, 176, 0, 0, 39, 1, 0, 8, 1, 0, 243, 4, 49]
1552553448400;[171, 0, 17, 255, 161, 76, 221, 12, 176, 0, 0, 41, 1, 0, 7, 1, 0, 243, 4, 31]
1552553448736;[171, 0, 17, 255, 161, 76, 221, 12, 176, 0, 0, 41, 1, 0, 5, 1, 0, 243, 4, 2]
1552553448750;[171, 0, 17, 255, 161, 76, 221, 12, 176, 0, 0, 44, 1, 0, 3, 1, 0, 242, 3, 224]
1552553448751;[171, 0, 17, 255, 161, 76, 221, 12, 176, 0, 0, 39, 1, 0, 5, 1, 0, 247, 3, 193]
1552553448918;[171, 0, 17, 255, 161, 76, 221, 12, 176, 0, 0, 41, 1, 0, 5, 1, 0, 243, 3, 173]
1552553448920;[171, 0, 17, 255, 161, 76, 221, 12, 176, 0, 0, 41, 1, 0, 5, 1, 0, 246, 3, 230]
1552553449085;[171, 0, 17, 255, 161, 76, 221, 12, 176, 0, 0, 41, 1, 0, 3, 1, 0, 242, 4, 27]
1552553449251;[171, 0, 4, 255, 132, 128, 61]
1552553449253;[171, 0, 17, 255, 161, 76, 221, 12, 176, 0, 0, 44, 1, 0, 7, 1, 0, 246, 4, 45]
1552553449435;[171, 0, 17, 255, 161, 76, 221, 12, 177, 0, 0, 43, 1, 0, 6, 1, 0, 244, 4, 62]
1552553449436;[171, 0, 17, 255, 161, 76, 221, 12, 177, 0, 0, 44, 1, 0, 5, 1, 0, 243, 4, 75]
1552553449602;[171, 0, 17, 255, 161, 76, 221, 12, 177, 0, 0, 43, 1, 0, 7, 1, 0, 243, 4, 65]
1552553449604;[171, 0, 17, 255, 161, 76, 221, 12, 177, 0, 0, 41, 1, 0, 5, 1, 0, 245, 4, 47]
1552553449770;[171, 0, 17, 255, 161, 76, 221, 12, 177, 0, 0, 40, 1, 0, 4, 1, 0, 243, 4, 31]
1552553449953;[171, 0, 17, 255, 161, 76, 221, 12, 177, 0, 0, 41, 1, 0, 11, 1, 0, 243, 3, 255]
1552553449955;[171, 0, 17, 255, 161, 76, 221, 12, 177, 0, 0, 43, 1, 0, 3, 1, 0, 245, 3, 226]
1552553450289;[171, 0, 17, 255, 161, 76, 221, 12, 177, 0, 0, 41, 1, 0, 5, 1, 0, 245, 3, 214]
1552553450290;[171, 0, 17, 255, 161, 76, 221, 12, 177, 0, 0, 41, 1, 0, 7, 1, 0, 243, 4, 13]
1552553450304;[171, 0, 4, 255, 132, 128, 61]
1552553450306;[171, 0, 17, 255, 161, 76, 221, 12, 177, 0, 0, 41, 1, 0, 9, 1, 0, 244, 4, 56]
1552553450471;[171, 0, 17, 255, 161, 76, 221, 12, 178, 0, 0, 41, 1, 0, 5, 1, 0, 246, 4, 91]
1552553450639;[171, 0, 17, 255, 161, 76, 221, 12, 178, 0, 0, 41, 1, 0, 5, 1, 0, 245, 4, 116]
1552553450640;[171, 0, 17, 255, 161, 76, 221, 12, 178, 0, 0, 41, 1, 0, 4, 1, 0, 243, 4, 113]
1552553450806;[171, 0, 17, 255, 161, 76, 221, 12, 178, 0, 0, 43, 1, 0, 5, 1, 0, 246, 4, 108]
1552553450807;[171, 0, 17, 255, 161, 76, 221, 12, 178, 0, 0, 41, 1, 0, 3, 1, 0, 244, 4, 99]
1552553450989;[171, 0, 17, 255, 161, 76, 221, 12, 178, 0, 0, 43, 1, 0, 4, 1, 0, 249, 4, 74]
1552553451157;[171, 0, 17, 255, 161, 76, 221, 12, 178, 0, 0, 43, 1, 0, 4, 1, 0, 243, 4, 37]
1552553451158;[171, 0, 17, 255, 161, 76, 221, 12, 178, 0, 0, 39, 1, 0, 4, 1, 0, 243, 4, 2]
1552553451324;[171, 0, 17, 255, 161, 76, 221, 12, 178, 0, 0, 39, 1, 0, 7, 1, 0, 242, 4, 31]
1552553451325;[171, 0, 4, 255, 132, 128, 61]
1552553451507;[171, 0, 17, 255, 161, 76, 221, 12, 178, 0, 0, 41, 1, 0, 6, 1, 0, 245, 4, 97]
1552553451508;[171, 0, 17, 255, 161, 76, 221, 12, 179, 0, 0, 43, 1, 0, 6, 1, 0, 243, 4, 154]
1552553451842;[171, 0, 17, 255, 161, 76, 221, 12, 179, 0, 0, 41, 1, 0, 7, 1, 0, 246, 4, 182]
1552553451843;[171, 0, 17, 255, 161, 76, 221, 12, 179, 0, 0, 40, 1, 0, 7, 1, 0, 242, 4, 204]
1552553451844;[171, 0, 17, 255, 161, 76, 221, 12, 179, 0, 0, 43, 1, 0, 3, 1, 0, 246, 4, 202]
1552553452026;[171, 0, 17, 255, 161, 76, 221, 12, 179, 0, 0, 39, 1, 0, 4, 1, 0, 243, 4, 194]
1552553452027;[171, 0, 17, 255, 161, 76, 221, 12, 179, 0, 0, 40, 1, 0, 6, 1, 0, 243, 4, 174]
1552553452193;[171, 0, 17, 255, 161, 76, 221, 12, 179, 0, 0, 41, 1, 0, 7, 1, 0, 243, 4, 139]
1552553452361;[171, 0, 17, 255, 161, 76, 221, 12, 179, 0, 0, 41, 1, 0, 7, 1, 0, 248, 4, 108]
1552553452362;[171, 0, 17, 255, 161, 76, 221, 12, 179, 0, 0, 41, 1, 0, 3, 1, 0, 243, 4, 65]
1552553452527;[171, 0, 4, 255, 132, 128, 61]
1552553452549;[171, 0, 17, 255, 161, 76, 221, 12, 179, 0, 0, 41, 1, 0, 6, 1, 0, 243, 4, 45]
1552553452878;[171, 0, 17, 255, 161, 76, 221, 12, 180, 0, 0, 43, 1, 0, 4, 1, 0, 242, 4, 103]
1552553452879;[171, 0, 17, 255, 161, 76, 221, 12, 180, 0, 0, 39, 1, 0, 5, 1, 0, 246, 4, 154]
1552553452880;[171, 0, 17, 255, 161, 76, 221, 12, 180, 0, 0, 41, 1, 0, 4, 1, 0, 243, 4, 190]
1552553453044;[171, 0, 17, 255, 161, 76, 221, 12, 180, 0, 0, 43, 1, 0, 7, 1, 0, 243, 4, 212]
1552553453061;[171, 0, 17, 255, 161, 76, 221, 12, 180, 0, 0, 41, 1, 0, 5, 1, 0, 245, 4, 214]
1552553453228;[171, 0, 17, 255, 161, 76, 221, 12, 180, 0, 0, 41, 1, 0, 5, 1, 0, 242, 4, 211]
1552553453230;[171, 0, 17, 255, 161, 76, 221, 12, 180, 0, 0, 41, 1, 0, 4, 1, 0, 243, 4, 195]
1552553453397;[171, 0, 17, 255, 161, 76, 221, 12, 180, 0, 0, 39, 1, 0, 8, 1, 0, 243, 4, 166]
1552553453398;[171, 0, 17, 255, 161, 76, 221, 12, 180, 0, 0, 40, 1, 0, 5, 1, 0, 243, 4, 138]
1552553453563;[171, 0, 4, 255, 132, 128, 61]
1552553453747;[171, 0, 17, 255, 161, 76, 221, 12, 180, 0, 0, 40, 1, 0, 5, 1, 0, 242, 4, 91]
1552553453914;[171, 0, 17, 255, 161, 76, 221, 12, 181, 0, 0, 38, 1, 0, 5, 1, 0, 243, 4, 89]
1552553453915;[171, 0, 17, 255, 161, 76, 221, 12, 181, 0, 0, 41, 1, 0, 5, 1, 0, 243, 4, 141]
1552553453916;[171, 0, 17, 255, 161, 76, 221, 12, 181, 0, 0, 39, 1, 0, 5, 1, 0, 245, 4, 183]
1552553454081;[171, 0, 17, 255, 161, 76, 221, 12, 181, 0, 0, 40, 1, 0, 6, 1, 0, 243, 4, 198]
1552553454264;[171, 0, 17, 255, 161, 76, 221, 12, 181, 0, 0, 43, 1, 0, 8, 1, 0, 242, 4, 209]
1552553454265;[171, 0, 17, 255, 161, 76, 221, 12, 181, 0, 0, 38, 1, 0, 4, 1, 0, 246, 4, 196]
1552553454432;[171, 0, 17, 255, 161, 76, 221, 12, 181, 0, 0, 41, 1, 0, 6, 1, 0, 246, 4, 182]
1552553454433;[171, 0, 17, 255, 161, 76, 221, 12, 181, 0, 0, 39, 1, 0, 5, 1, 0, 243, 4, 159]
1552553454599;[171, 0, 17, 255, 161, 76, 221, 12, 181, 0, 0, 39, 1, 0, 5, 1, 0, 243, 4, 127]
1552553454615;[171, 0, 4, 255, 132, 128, 60]
1552553454786;[171, 0, 17, 255, 161, 76, 221, 12, 181, 0, 0, 41, 1, 0, 7, 1, 0, 245, 4, 93]
1552553454950;[171, 0, 17, 255, 161, 76, 221, 12, 182, 0, 0, 41, 1, 0, 4, 1, 0, 243, 4, 51]
1552553454951;[171, 0, 17, 255, 161, 76, 221, 12, 182, 0, 0, 41, 1, 0, 7, 1, 0, 245, 4, 81]
1552553455117;[171, 0, 17, 255, 161, 76, 221, 12, 182, 0, 0, 43, 1, 0, 10, 1, 0, 246, 4, 130]
1552553455117;[171, 0, 17, 255, 161, 76, 221, 12, 182, 0, 0, 41, 1, 0, 4, 1, 0, 246, 4, 172]
1552553455300;[171, 0, 17, 255, 161, 76, 221, 12, 182, 0, 0, 41, 1, 0, 4, 1, 0, 243, 4, 199]
1552553455302;[171, 0, 17, 255, 161, 76, 221, 12, 182, 0, 0, 39, 1, 0, 8, 1, 0, 243, 4, 202]
1552553455467;[171, 0, 17, 255, 161, 76, 221, 12, 182, 0, 0, 39, 1, 0, 6, 1, 0, 243, 4, 201]
1552553455634;[171, 0, 17, 255, 161, 76, 221, 12, 182, 0, 0, 41, 1, 0, 4, 1, 0, 243, 4, 197]
1552553455650;[171, 0, 17, 255, 161, 76, 221, 12, 182, 0, 0, 41, 1, 0, 3, 1, 0, 246, 4, 164]
1552553455818;[171, 0, 4, 255, 132, 128, 60]
1552553455820;[171, 0, 17, 255, 161, 76, 221, 12, 182, 0, 0, 41, 1, 0, 3, 1, 0, 242, 4, 146]
1552553455985;[171, 0, 17, 255, 161, 76, 221, 12, 183, 0, 0, 41, 1, 0, 4, 1, 0, 243, 4, 112]
1552553456152;[171, 0, 17, 255, 161, 76, 221, 12, 183, 0, 0, 43, 1, 0, 6, 1, 0, 244, 4, 162]
1552553456153;[171, 0, 17, 255, 161, 76, 221, 12, 183, 0, 0, 43, 1, 0, 5, 1, 0, 242, 4, 221]
1552553456336;[171, 0, 17, 255, 161, 76, 221, 12, 183, 0, 0, 38, 1, 0, 4, 1, 0, 245, 4, 241]
1552553456337;[171, 0, 17, 255, 161, 76, 221, 12, 183, 0, 0, 41, 1, 0, 4, 1, 0, 243, 5, 16]
1552553456503;[171, 0, 17, 255, 161, 76, 221, 12, 183, 0, 0, 43, 1, 0, 8, 1, 0, 248, 5, 12]
1552553456504;[171, 0, 17, 255, 161, 76, 221, 12, 183, 0, 0, 40, 1, 0, 4, 1, 0, 244, 5, 3]
1552553456671;[171, 0, 17, 255, 161, 76, 221, 12, 183, 0, 0, 41, 1, 0, 7, 1, 0, 243, 4, 239]
1552553456854;[171, 0, 17, 255, 161, 76, 221, 12, 183, 0, 0, 43, 1, 0, 5, 1, 0, 246, 4, 219]
1552553456855;[171, 0, 4, 255, 132, 128, 60]
1552553457020;[171, 0, 17, 255, 161, 76, 221, 12, 183, 0, 0, 38, 1, 0, 5, 1, 0, 244, 4, 175]
1552553457021;[171, 0, 17, 255, 161, 76, 221, 12, 184, 0, 0, 39, 1, 0, 3, 1, 0, 243, 4, 207]
1552553457372;[171, 0, 17, 255, 161, 76, 221, 12, 184, 0, 0, 38, 1, 0, 8, 1, 0, 243, 5, 26]
1552553457373;[171, 0, 17, 255, 161, 76, 221, 12, 184, 0, 0, 39, 1, 0, 4, 1, 0, 243, 5, 63]
1552553457374;[171, 0, 17, 255, 161, 76, 221, 12, 184, 0, 0, 39, 1, 0, 5, 1, 0, 245, 5, 96]
1552553457539;[171, 0, 17, 255, 161, 76, 221, 12, 184, 0, 0, 38, 1, 0, 7, 1, 0, 246, 5, 108]
1552553457540;[171, 0, 17, 255, 161, 76, 221, 12, 184, 0, 0, 38, 1, 0, 7, 1, 0, 246, 5, 107]
1552553457889;[171, 0, 17, 255, 161, 76, 221, 12, 184, 0, 0, 38, 1, 0, 3, 1, 0, 243, 5, 94]
1552553457890;[171, 0, 17, 255, 161, 76, 221, 12, 184, 0, 0, 39, 1, 0, 5, 1, 0, 245, 5, 68]
1552553457890;[171, 0, 17, 255, 161, 76, 221, 12, 184, 0, 0, 39, 1, 0, 4, 1, 0, 244, 5, 38]
1552553458057;[171, 0, 4, 255, 132, 128, 59]
1552553458059;[171, 0, 17, 255, 161, 76, 221, 12, 184, 0, 0, 41, 1, 0, 3, 1, 0, 243, 4, 172]
1552553458224;[171, 0, 17, 255, 161, 76, 221, 12, 185, 0, 0, 38, 1, 0, 5, 1, 0, 243, 3, 164]
1552553458226;[171, 0, 17, 255, 161, 76, 221, 12, 185, 0, 0, 41, 1, 0, 4, 1, 0, 242, 2, 139]
1552553458408;[171, 0, 17, 255, 161, 76, 221, 12, 185, 0, 0, 40, 1, 0, 8, 1, 0, 243, 2, 139]
1552553458575;[171, 0, 17, 255, 161, 76, 221, 12, 185, 0, 0, 43, 1, 0, 4, 1, 0, 244, 1, 153]
1552553458742;[171, 0, 17, 255, 161, 76, 221, 12, 185, 0, 0, 43, 1, 0, 7, 1, 0, 243, 0, 212]
1552553458743;[171, 0, 17, 255, 161, 76, 221, 12, 185, 0, 0, 43, 1, 0, 7, 1, 0, 246, 16, 54]
1552553458744;[171, 0, 17, 255, 161, 76, 221, 12, 185, 0, 0, 47, 1, 0, 7, 1, 0, 244, 7, 42]
1552553458909;[171, 0, 17, 255, 161, 76, 221, 12, 185, 0, 0, 41, 1, 0, 4, 1, 0, 246, 6, 98]
1552553458926;[171, 0, 17, 255, 161, 76, 221, 12, 185, 0, 0, 39, 1, 0, 9, 1, 0, 243, 5, 191]
1552553459093;[171, 0, 4, 255, 132, 128, 59]
1552553459260;[171, 0, 17, 255, 161, 76, 221, 12, 185, 0, 0, 41, 1, 0, 5, 1, 0, 246, 5, 165]
1552553459261;[171, 0, 17, 255, 161, 76, 221, 12, 186, 0, 0, 38, 1, 0, 8, 1, 0, 243, 6, 8]
1552553459611;[171, 0, 17, 255, 161, 76, 221, 12, 186, 0, 0, 38, 1, 0, 4, 1, 0, 242, 6, 59]
1552553459612;[171, 0, 17, 255, 161, 76, 221, 12, 186, 0, 0, 43, 1, 0, 9, 1, 0, 242, 6, 43]
1552553459613;[171, 0, 17, 255, 161, 76, 221, 12, 186, 0, 0, 45, 1, 0, 6, 1, 0, 243, 6, 16]
1552553459614;[171, 0, 17, 255, 161, 76, 221, 12, 186, 0, 0, 49, 1, 0, 5, 1, 0, 243, 5, 185]
1552553459778;[171, 0, 17, 255, 161, 76, 221, 12, 186, 0, 0, 40, 1, 0, 5, 1, 0, 246, 4, 175]
1552553460127;[171, 0, 17, 255, 161, 76, 221, 12, 186, 0, 0, 38, 1, 0, 8, 1, 0, 243, 4, 175]
1552553460128;[171, 0, 17, 255, 161, 76, 221, 12, 186, 0, 0, 41, 1, 0, 8, 1, 0, 245, 4, 166]
1552553460128;[171, 0, 17, 255, 161, 76, 221, 12, 192, 0, 0, 43, 1, 0, 7, 1, 0, 242, 5, 244]
1552553460296;[171, 0, 17, 255, 161, 76, 221, 12, 193, 0, 0, 39, 1, 0, 6, 1, 0, 243, 6, 16]
1552553460463;[171, 0, 17, 255, 161, 76, 221, 12, 193, 0, 0, 43, 1, 0, 7, 1, 0, 246, 6, 56]
1552553460645;[171, 0, 17, 255, 161, 76, 221, 12, 193, 0, 0, 41, 1, 0, 5, 1, 0, 245, 6, 200]
1552553460646;[171, 0, 17, 255, 161, 76, 221, 12, 193, 0, 0, 39, 1, 0, 10, 1, 0, 243, 7, 73]
1552553460814;[171, 0, 17, 255, 161, 76, 221, 12, 193, 0, 0, 43, 1, 0, 7, 1, 0, 244, 7, 183]
1552553460815;[171, 0, 17, 255, 161, 76, 221, 12, 193, 0, 0, 40, 1, 0, 3, 1, 0, 245, 8, 37]
1552553460981;[171, 0, 17, 255, 161, 76, 221, 12, 193, 0, 0, 41, 1, 0, 3, 1, 0, 246, 8, 96]
1552553461164;[171, 0, 17, 255, 161, 76, 221, 12, 193, 0, 0, 41, 1, 0, 3, 1, 0, 243, 8, 148]
1552553461165;[171, 0, 17, 255, 161, 76, 221, 12, 193, 0, 0, 43, 1, 0, 5, 1, 0, 243, 8, 177]
1552553461332;[171, 0, 4, 255, 132, 128, 58]
1552553461334;[171, 0, 17, 255, 161, 76, 221, 12, 193, 0, 0, 41, 1, 0, 8, 1, 0, 242, 8, 201]
1552553461499;[171, 0, 17, 255, 161, 76, 221, 12, 194, 0, 0, 43, 1, 0, 8, 1, 0, 241, 8, 201]
1552553461516;[171, 0, 17, 255, 161, 76, 221, 12, 194, 0, 0, 43, 1, 0, 10, 1, 0, 246, 8, 191]
1552553461683;[171, 0, 17, 255, 161, 76, 221, 12, 194, 0, 0, 41, 1, 0, 5, 1, 0, 242, 9, 52]
1552553461850;[171, 0, 17, 255, 161, 76, 221, 12, 194, 0, 0, 43, 1, 0, 6, 1, 0, 242, 9, 164]
1552553461852;[171, 0, 17, 255, 161, 76, 221, 12, 194, 0, 0, 44, 1, 0, 5, 1, 0, 243, 9, 245]
1552553462017;[171, 0, 17, 255, 161, 76, 221, 12, 194, 0, 0, 43, 1, 0, 10, 1, 0, 242, 10, 64]
1552553462200;[171, 0, 17, 255, 161, 76, 221, 12, 194, 0, 0, 43, 1, 0, 5, 1, 0, 247, 10, 73]
1552553462201;[171, 0, 17, 255, 161, 76, 221, 12, 194, 0, 0, 41, 1, 0, 4, 1, 0, 245, 9, 244]
1552553462202;[171, 0, 17, 255, 161, 76, 221, 12, 194, 0, 0, 43, 1, 0, 8, 1, 0, 243, 9, 116]
1552553462368;[171, 0, 4, 255, 132, 128, 58]
1552553462535;[171, 0, 17, 255, 161, 76, 221, 12, 194, 0, 0, 41, 1, 0, 5, 1, 0, 243, 8, 236]
1552553462536;[171, 0, 17, 255, 161, 76, 221, 12, 195, 0, 0, 41, 1, 0, 7, 1, 0, 243, 8, 117]
1552553462719;[171, 0, 17, 255, 161, 76, 221, 12, 195, 0, 0, 42, 1, 0, 8, 1, 0, 243, 7, 242]
1552553462886;[171, 0, 17, 255, 161, 76, 221, 12, 195, 0, 0, 43, 1, 0, 8, 1, 0, 243, 7, 196]
1552553462887;[171, 0, 17, 255, 161, 76, 221, 12, 195, 0, 0, 41, 1, 0, 7, 1, 0, 246, 7, 185]
1552553463053;[171, 0, 17, 255, 161, 76, 221, 12, 195, 0, 0, 44, 1, 0, 5, 1, 0, 243, 7, 167]
1552553463237;[171, 0, 17, 255, 161, 76, 221, 12, 195, 0, 0, 43, 1, 0, 11, 1, 0, 242, 7, 191]
1552553463403;[171, 0, 17, 255, 161, 76, 221, 12, 195, 0, 0, 41, 1, 0, 8, 1, 0, 242, 7, 200]
1552553463404;[171, 0, 17, 255, 161, 76, 221, 12, 195, 0, 0, 41, 1, 0, 8, 1, 0, 245, 7, 198]
1552553463405;[171, 0, 17, 255, 161, 76, 221, 12, 195, 0, 0, 44, 1, 0, 6, 1, 0, 244, 7, 191]
1552553463405;[171, 0, 4, 255, 132, 128, 57]
1552553463570;[171, 0, 17, 255, 161, 76, 221, 12, 195, 0, 0, 43, 1, 0, 7, 1, 0, 243, 7, 170]
1552553463922;[171, 0, 17, 255, 161, 76, 221, 12, 196, 0, 0, 40, 1, 0, 7, 1, 0, 242, 7, 147]
1552553463923;[171, 0, 17, 255, 161, 76, 221, 12, 196, 0, 0, 43, 1, 0, 7, 1, 0, 243, 7, 135]
1552553463924;[171, 0, 17, 255, 161, 76, 221, 12, 196, 0, 0, 41, 1, 0, 7, 1, 0, 243, 7, 208]
1552553463925;[171, 0, 17, 255, 161, 76, 221, 12, 196, 0, 0, 43, 1, 0, 10, 1, 0, 243, 8, 32]
1552553464089;[171, 0, 17, 255, 161, 76, 221, 12, 196, 0, 0, 43, 1, 0, 7, 1, 0, 246, 8, 67]
1552553464273;[171, 0, 17, 255, 161, 76, 221, 12, 196, 0, 0, 43, 1, 0, 6, 1, 0, 243, 8, 102]
1552553464274;[171, 0, 17, 255, 161, 76, 221, 12, 196, 0, 0, 40, 1, 0, 11, 1, 0, 242, 8, 106]
1552553464440;[171, 0, 17, 255, 161, 76, 221, 12, 196, 0, 0, 43, 1, 0, 10, 1, 0, 243, 8, 84]
1552553464441;[171, 0, 17, 255, 161, 76, 221, 12, 196, 0, 0, 41, 1, 0, 10, 1, 0, 245, 8, 58]
1552553464607;[171, 0, 4, 255, 132, 128, 57]
1552553464609;[171, 0, 17, 255, 161, 76, 221, 12, 196, 0, 0, 43, 1, 0, 4, 1, 0, 245, 7, 242]
1552553464790;[171, 0, 17, 255, 161, 76, 221, 12, 197, 0, 0, 43, 1, 0, 7, 1, 0, 244, 7, 141]
1552553464959;[171, 0, 17, 255, 161, 76, 221, 12, 197, 0, 0, 44, 1, 0, 10, 1, 0, 245, 7, 44]
1552553464960;[171, 0, 17, 255, 161, 76, 221, 12, 197, 0, 0, 43, 1, 0, 5, 1, 0, 246, 6, 187]
1552553465124;[171, 0, 17, 255, 161, 76, 221, 12, 197, 0, 0, 41, 1, 0, 10, 1, 0, 243, 6, 141]
1552553465124;[171, 0, 17, 255, 161, 76, 221, 12, 197, 0, 0, 41, 1, 0, 7, 1, 0, 243, 6, 54]
1552553465292;[171, 0, 17, 255, 161, 76, 221, 12, 197, 0, 0, 44, 1, 0, 5, 1, 0, 241, 6, 0]
1552553465309;[171, 0, 17, 255, 161, 76, 221, 12, 197, 0, 0, 43, 1, 0, 8, 1, 0, 243, 5, 246]
1552553465642;[171, 0, 17, 255, 161, 76, 221, 12, 197, 0, 0, 43, 1, 0, 5, 1, 0, 245, 5, 235]
1552553465643;[171, 0, 17, 255, 161, 76, 221, 12, 197, 0, 0, 44, 1, 0, 4, 1, 0, 241, 5, 224]
1552553465643;[171, 0, 4, 255, 132, 128, 57]
1552553465827;[171, 0, 17, 255, 161, 76, 221, 12, 197, 0, 0, 44, 1, 0, 5, 1, 0, 243, 5, 209]
1552553465828;[171, 0, 17, 255, 161, 76, 221, 12, 198, 0, 0, 43, 1, 0, 8, 1, 0, 245, 5, 187]
1552553466160;[171, 0, 17, 255, 161, 76, 221, 12, 198, 0, 0, 44, 1, 0, 4, 1, 0, 243, 5, 165]
1552553466161;[171, 0, 17, 255, 161, 76, 221, 12, 198, 0, 0, 43, 1, 0, 4, 1, 0, 243, 5, 136]
1552553466162;[171, 0, 17, 255, 161, 76, 221, 12, 198, 0, 0, 41, 1, 0, 10, 1, 0, 242, 5, 111]
1552553466328;[171, 0, 17, 255, 161, 76, 221, 12, 198, 0, 0, 43, 1, 0, 4, 1, 0, 242, 5, 164]
1552553466345;[171, 0, 17, 255, 161, 76, 221, 12, 198, 0, 0, 43, 1, 0, 8, 1, 0, 243, 5, 200]
1552553466512;[171, 0, 17, 255, 161, 76, 221, 12, 198, 0, 0, 43, 1, 0, 7, 1, 0, 243, 5, 219]
1552553466513;[171, 0, 17, 255, 161, 76, 221, 12, 198, 0, 0, 44, 1, 0, 7, 1, 0, 241, 5, 224]
1552553466679;[171, 0, 17, 255, 161, 76, 221, 12, 198, 0, 0, 43, 1, 0, 10, 1, 0, 245, 5, 226]
1552553466846;[171, 0, 4, 255, 132, 128, 57]
1552553466868;[171, 0, 17, 255, 161, 76, 221, 12, 198, 0, 0, 44, 1, 0, 7, 1, 0, 242, 5, 208]
1552553467029;[171, 0, 17, 255, 161, 76, 221, 12, 199, 0, 0, 44, 1, 0, 8, 1, 0, 242, 5, 187]
1552553467030;[171, 0, 17, 255, 161, 76, 221, 12, 199, 0, 0, 46, 1, 0, 8, 1, 0, 242, 5, 168]
1552553467197;[171, 0, 17, 255, 161, 76, 221, 12, 199, 0, 0, 49, 1, 0, 5, 1, 0, 245, 5, 126]
1552553467198;[171, 0, 17, 255, 161, 76, 221, 12, 199, 0, 0, 49, 1, 0, 10, 1, 0, 242, 5, 44]
1552553467364;[171, 0, 17, 255, 161, 76, 221, 12, 199, 0, 0, 55, 1, 0, 5, 1, 0, 241, 5, 19]
1552553467546;[171, 0, 17, 255, 161, 76, 221, 12, 199, 0, 0, 43, 1, 0, 7, 1, 0, 242, 4, 22]
1552553467547;[171, 0, 17, 255, 161, 76, 221, 12, 199, 0, 0, 43, 1, 0, 5, 1, 0, 245, 3, 61]
1552553467716;[171, 0, 17, 255, 161, 76, 221, 12, 199, 0, 0, 43, 1, 0, 5, 1, 0, 242, 3, 32]
1552553467717;[171, 0, 17, 255, 161, 76, 221, 12, 199, 0, 0, 41, 1, 0, 10, 1, 0, 247, 3, 106]
1552553467882;[171, 0, 4, 255, 132, 128, 57]
1552553468066;[171, 0, 17, 255, 161, 76, 221, 12, 199, 0, 0, 45, 1, 0, 6, 1, 0, 246, 3, 219]
1552553468067;[171, 0, 17, 255, 161, 76, 221, 12, 200, 0, 0, 43, 1, 0, 5, 1, 0, 241, 4, 71]
1552553468233;[171, 0, 17, 255, 161, 76, 221, 12, 200, 0, 0, 43, 1, 0, 8, 1, 0, 243, 4, 163]
1552553468234;[171, 0, 17, 255, 161, 76, 221, 12, 200, 0, 0, 43, 1, 0, 5, 1, 0, 243, 4, 245]
1552553468583;[171, 0, 17, 255, 161, 76, 221, 12, 200, 0, 0, 43, 1, 0, 5, 1, 0, 245, 5, 67]
1552553468584;[171, 0, 17, 255, 161, 76, 221, 12, 200, 0, 0, 43, 1, 0, 10, 1, 0, 245, 6, 5]
1552553468586;[171, 0, 17, 255, 161, 76, 221, 12, 200, 0, 0, 43, 1, 0, 4, 1, 0, 248, 7, 29]
1552553468751;[171, 0, 17, 255, 161, 76, 221, 12, 200, 0, 0, 41, 1, 0, 3, 1, 0, 243, 8, 4]
1552553468752;[171, 0, 17, 255, 161, 76, 221, 12, 200, 0, 0, 41, 1, 0, 4, 1, 0, 244, 8, 214]
1552553468917;[171, 0, 17, 255, 161, 76, 221, 12, 200, 0, 0, 43, 1, 0, 8, 1, 0, 243, 9, 134]
1552553468918;[171, 0, 4, 255, 132, 128, 57]
1552553469100;[171, 0, 17, 255, 161, 76, 221, 12, 200, 0, 0, 41, 1, 0, 4, 1, 0, 243, 10, 11]
1552553469101;[171, 0, 17, 255, 161, 76, 221, 12, 201, 0, 0, 43, 1, 0, 5, 1, 0, 243, 10, 126]
1552553469268;[171, 0, 17, 255, 161, 76, 221, 12, 201, 0, 0, 43, 1, 0, 4, 1, 0, 245, 10, 216]
1552553469436;[171, 0, 17, 255, 161, 76, 221, 12, 201, 0, 0, 41, 1, 0, 7, 1, 0, 243, 11, 25]
1552553469437;[171, 0, 17, 255, 161, 76, 221, 12, 201, 0, 0, 44, 1, 0, 6, 1, 0, 243, 11, 78]
1552553469618;[171, 0, 17, 255, 161, 76, 221, 12, 201, 0, 0, 43, 1, 0, 10, 1, 0, 243, 11, 117]
1552553469619;[171, 0, 17, 255, 161, 76, 221, 12, 201, 0, 0, 44, 1, 0, 7, 1, 0, 241, 12, 40]
1552553469785;[171, 0, 17, 255, 161, 76, 221, 12, 201, 0, 0, 43, 1, 0, 7, 1, 0, 247, 12, 218]
1552553469952;[171, 0, 17, 255, 161, 76, 221, 12, 201, 0, 0, 43, 1, 0, 10, 1, 0, 244, 13, 88]
1552553469953;[171, 0, 17, 255, 161, 76, 221, 12, 201, 0, 0, 43, 1, 0, 7, 1, 0, 243, 13, 187]
1552553470120;[171, 0, 4, 255, 132, 128, 57]
1552553470139;[171, 0, 17, 255, 161, 76, 221, 12, 201, 0, 0, 43, 1, 0, 9, 1, 0, 246, 13, 250]
1552553470303;[171, 0, 17, 255, 161, 76, 221, 12, 202, 0, 0, 43, 1, 0, 6, 1, 0, 243, 14, 24]
1552553470304;[171, 0, 17, 255, 161, 76, 221, 12, 202, 0, 0, 43, 1, 0, 8, 1, 0, 245, 14, 39]
1552553470470;[171, 0, 17, 255, 161, 76, 221, 12, 202, 0, 0, 44, 1, 0, 7, 1, 0, 243, 14, 39]
1552553470638;[171, 0, 17, 255, 161, 76, 221, 12, 202, 0, 0, 42, 1, 0, 8, 1, 0, 246, 14, 15]
1552553470653;[171, 0, 17, 255, 161, 76, 221, 12, 202, 0, 0, 44, 1, 0, 5, 1, 0, 243, 13, 224]
1552553470821;[171, 0, 17, 255, 161, 76, 221, 12, 202, 0, 0, 43, 1, 0, 7, 1, 0, 242, 14, 37]
1552553470822;[171, 0, 17, 255, 161, 76, 221, 12, 202, 0, 0, 43, 1, 0, 7, 1, 0, 243, 14, 150]
1552553470988;[171, 0, 17, 255, 161, 76, 221, 12, 202, 0, 0, 38, 1, 0, 10, 1, 0, 247, 14, 229]
1552553470988;[171, 0, 17, 255, 161, 76, 221, 12, 202, 0, 0, 44, 1, 0, 6, 1, 0, 243, 15, 11]
1552553471156;[171, 0, 4, 255, 132, 128, 57]
1552553471339;[171, 0, 17, 255, 161, 76, 221, 12, 202, 0, 0, 41, 1, 0, 6, 1, 0, 242, 15, 33]
1552553471340;[171, 0, 17, 255, 161, 76, 221, 12, 203, 0, 0, 41, 1, 0, 5, 1, 0, 243, 15, 23]
1552553471674;[171, 0, 17, 255, 161, 76, 221, 12, 203, 0, 0, 43, 1, 0, 4, 1, 0, 245, 14, 227]
1552553471690;[171, 0, 17, 255, 161, 76, 221, 12, 203, 0, 0, 43, 1, 0, 5, 1, 0, 243, 14, 191]
1552553471691;[171, 0, 17, 255, 161, 76, 221, 12, 203, 0, 0, 43, 1, 0, 5, 1, 0, 243, 14, 126]
1552553471857;[171, 0, 17, 255, 161, 76, 221, 12, 203, 0, 0, 43, 1, 0, 5, 1, 0, 243, 14, 54]
1552553471857;[171, 0, 17, 255, 161, 76, 221, 12, 203, 0, 0, 43, 1, 0, 5, 1, 0, 243, 13, 243]
1552553472024;[171, 0, 17, 255, 161, 76, 221, 12, 203, 0, 0, 41, 1, 0, 5, 1, 0, 243, 14, 45]
1552553472024;[171, 0, 17, 255, 161, 76, 221, 12, 203, 0, 0, 41, 1, 0, 7, 1, 0, 243, 14, 102]
1552553472192;[171, 0, 17, 255, 161, 76, 221, 12, 203, 0, 0, 44, 1, 0, 6, 1, 0, 243, 14, 121]
1552553472208;[171, 0, 4, 255, 132, 128, 57]
1552553472375;[171, 0, 17, 255, 161, 76, 221, 12, 203, 0, 0, 41, 1, 0, 4, 1, 0, 246, 14, 125]
1552553472542;[171, 0, 17, 255, 161, 76, 221, 12, 204, 0, 0, 41, 1, 0, 8, 1, 0, 243, 14, 95]
1552553472542;[171, 0, 17, 255, 161, 76, 221, 12, 204, 0, 0, 45, 1, 0, 4, 1, 0, 243, 14, 52]
1552553472711;[171, 0, 17, 255, 161, 76, 221, 12, 204, 0, 0, 44, 1, 0, 8, 1, 0, 241, 14, 6]
1552553472711;[171, 0, 17, 255, 161, 76, 221, 12, 204, 0, 0, 41, 1, 0, 8, 1, 0, 246, 13, 193]
1552553472893;[171, 0, 17, 255, 161, 76, 221, 12, 204, 0, 0, 43, 1, 0, 5, 1, 0, 243, 13, 118]
1552553473228;[171, 0, 17, 255, 161, 76, 221, 12, 204, 0, 0, 43, 1, 0, 5, 1, 0, 242, 13, 42]
1552553473228;[171, 0, 17, 255, 161, 76, 221, 12, 204, 0, 0, 45, 1, 0, 4, 1, 0, 243, 13, 50]
1552553473243;[171, 0, 17, 255, 161, 76, 221, 12, 204, 0, 0, 44, 1, 0, 6, 1, 0, 243, 13, 84]
1552553473244;[171, 0, 17, 255, 161, 76, 221, 12, 204, 0, 0, 44, 1, 0, 7, 1, 0, 248, 13, 91]
1552553473411;[171, 0, 4, 255, 132, 128, 57]
1552553473412;[171, 0, 17, 255, 161, 76, 221, 12, 204, 0, 0, 43, 1, 0, 11, 1, 0, 243, 13, 89]
1552553473578;[171, 0, 17, 255, 161, 76, 221, 12, 205, 0, 0, 43, 1, 0, 5, 1, 0, 242, 13, 65]
1552553473745;[171, 0, 17, 255, 161, 76, 221, 12, 205, 0, 0, 41, 1, 0, 4, 1, 0, 245, 13, 19]
1552553473746;[171, 0, 17, 255, 161, 76, 221, 12, 205, 0, 0, 43, 1, 0, 9, 1, 0, 245, 12, 229]
1552553473929;[171, 0, 17, 255, 161, 76, 221, 12, 205, 0, 0, 43, 1, 0, 5, 1, 0, 243, 12, 168]
1552553473929;[171, 0, 17, 255, 161, 76, 221, 12, 205, 0, 0, 43, 1, 0, 7, 1, 0, 243, 12, 113]
1552553474095;[171, 0, 17, 255, 161, 76, 221, 12, 205, 0, 0, 43, 1, 0, 4, 1, 0, 245, 12, 49]
1552553474096;[171, 0, 17, 255, 161, 76, 221, 12, 205, 0, 0, 44, 1, 0, 7, 1, 0, 243, 12, 64]
1552553474264;[171, 0, 17, 255, 161, 76, 221, 12, 205, 0, 0, 43, 1, 0, 5, 1, 0, 245, 12, 114]
1552553474447;[171, 0, 17, 255, 161, 76, 221, 12, 205, 0, 0, 43, 1, 0, 4, 1, 0, 247, 12, 141]
1552553474447;[171, 0, 4, 255, 132, 128, 57]
1552553474614;[171, 0, 17, 255, 161, 76, 221, 12, 205, 0, 0, 41, 1, 0, 5, 1, 0, 241, 12, 151]
1552553474615;[171, 0, 17, 255, 161, 76, 221, 12, 206, 0, 0, 43, 1, 0, 7, 1, 0, 243, 12, 142]
1552553474782;[171, 0, 17, 255, 161, 76, 221, 12, 206, 0, 0, 44, 1, 0, 4, 1, 0, 243, 12, 110]
1552553474965;[171, 0, 17, 255, 161, 76, 221, 12, 206, 0, 0, 43, 1, 0, 3, 1, 0, 248, 12, 81]
1552553474965;[171, 0, 17, 255, 161, 76, 221, 12, 206, 0, 0, 43, 1, 0, 8, 1, 0, 242, 12, 44]
1552553475132;[171, 0, 17, 255, 161, 76, 221, 12, 206, 0, 0, 43, 1, 0, 8, 1, 0, 247, 12, 0]
1552553475132;[171, 0, 17, 255, 161, 76, 221, 12, 206, 0, 0, 43, 1, 0, 7, 1, 0, 245, 11, 204]
1552553475299;[171, 0, 17, 255, 161, 76, 221, 12, 206, 0, 0, 43, 1, 0, 6, 1, 0, 243, 11, 249]
1552553475299;[171, 0, 17, 255, 161, 76, 221, 12, 206, 0, 0, 43, 1, 0, 5, 1, 0, 242, 12, 43]
1552553475483;[171, 0, 17, 255, 161, 76, 221, 12, 206, 0, 0, 43, 1, 0, 5, 1, 0, 242, 12, 71]
1552553475649;[171, 0, 4, 255, 132, 128, 57]
1552553475651;[171, 0, 17, 255, 161, 76, 221, 12, 206, 0, 0, 43, 1, 0, 5, 1, 0, 243, 12, 78]
1552553475817;[171, 0, 17, 255, 161, 76, 221, 12, 207, 0, 0, 44, 1, 0, 7, 1, 0, 243, 12, 85]
1552553475817;[171, 0, 17, 255, 161, 76, 221, 12, 207, 0, 0, 43, 1, 0, 4, 1, 0, 243, 12, 62]
1552553476001;[171, 0, 17, 255, 161, 76, 221, 12, 207, 0, 0, 44, 1, 0, 7, 1, 0, 242, 12, 37]
1552553476001;[171, 0, 17, 255, 161, 76, 221, 12, 207, 0, 0, 43, 1, 0, 7, 1, 0, 241, 11, 254]
1552553476168;[171, 0, 17, 255, 161, 76, 221, 12, 207, 0, 0, 44, 1, 0, 10, 1, 0, 243, 11, 202]
1552553476335;[171, 0, 17, 255, 161, 76, 221, 12, 207, 0, 0, 45, 1, 0, 8, 1, 0, 243, 11, 150]
1552553476336;[171, 0, 17, 255, 161, 76, 221, 12, 207, 0, 0, 44, 1, 0, 5, 1, 0, 246, 11, 192]
1552553476686;[171, 0, 17, 255, 161, 76, 221, 12, 207, 0, 0, 44, 1, 0, 5, 1, 0, 243, 12, 5]
1552553476687;[171, 0, 17, 255, 161, 76, 221, 12, 207, 0, 0, 44, 1, 0, 3, 1, 0, 245, 12, 48]
1552553476853;[171, 0, 4, 255, 132, 128, 58]
1552553476854;[171, 0, 17, 255, 161, 76, 221, 12, 207, 0, 0, 43, 1, 0, 7, 1, 0, 242, 12, 74]
1552553476856;[171, 0, 17, 255, 161, 76, 221, 12, 208, 0, 0, 41, 1, 0, 5, 1, 0, 244, 12, 96]
1552553477021;[171, 0, 17, 255, 161, 76, 221, 12, 208, 0, 0, 44, 1, 0, 7, 1, 0, 246, 12, 86]
1552553477037;[171, 0, 17, 255, 161, 76, 221, 12, 208, 0, 0, 43, 1, 0, 5, 1, 0, 243, 12, 62]
1552553477203;[171, 0, 17, 255, 161, 76, 221, 12, 208, 0, 0, 44, 1, 0, 6, 1, 0, 245, 12, 43]
1552553477204;[171, 0, 17, 255, 161, 76, 221, 12, 208, 0, 0, 44, 1, 0, 7, 1, 0, 243, 12, 8]
1552553477371;[171, 0, 17, 255, 161, 76, 221, 12, 208, 0, 0, 44, 1, 0, 8, 1, 0, 243, 11, 216]
1552553477721;[171, 0, 17, 255, 161, 76, 221, 12, 208, 0, 0, 43, 1, 0, 7, 1, 0, 242, 12, 9]
