1552553981931;[171, 0, 17, 255, 161, 76, 221, 14, 232, 0, 0, 112, 1, 0, 188, 1, 0, 94, 8, 217]
1552553981936;[171, 0, 17, 255, 161, 76, 221, 14, 233, 0, 0, 110, 1, 0, 187, 1, 0, 96, 8, 209]
1552553982114;[171, 0, 17, 255, 161, 76, 221, 14, 233, 0, 0, 109, 1, 0, 187, 1, 0, 94, 8, 196]
1552553982114;[171, 0, 17, 255, 161, 76, 221, 14, 233, 0, 0, 111, 1, 0, 186, 1, 0, 93, 8, 175]
1552553982280;[171, 0, 17, 255, 161, 76, 221, 14, 233, 0, 0, 114, 1, 0, 187, 1, 0, 94, 8, 142]
1552553982281;[171, 0, 17, 255, 161, 76, 221, 14, 233, 0, 0, 111, 1, 0, 187, 1, 0, 94, 8, 103]
1552553982448;[171, 0, 17, 255, 161, 76, 221, 14, 233, 0, 0, 114, 1, 0, 187, 1, 0, 96, 8, 66]
1552553982630;[171, 0, 17, 255, 161, 76, 221, 14, 233, 0, 0, 112, 1, 0, 187, 1, 0, 93, 8, 98]
1552553982632;[171, 0, 17, 255, 161, 76, 221, 14, 233, 0, 0, 110, 1, 0, 187, 1, 0, 94, 8, 124]
1552553982798;[171, 0, 17, 255, 161, 76, 221, 14, 233, 0, 0, 114, 1, 0, 186, 1, 0, 94, 8, 149]
1552553982799;[171, 0, 4, 255, 132, 128, 61]
1552553982967;[171, 0, 17, 255, 161, 76, 221, 14, 233, 0, 0, 112, 1, 0, 187, 1, 0, 96, 8, 161]
1552553982967;[171, 0, 17, 255, 161, 76, 221, 14, 234, 0, 0, 112, 1, 0, 186, 1, 0, 94, 8, 163]
1552553985150;[171, 0, 17, 255, 161, 76, 221, 14, 234, 0, 0, 112, 1, 0, 189, 1, 0, 96, 8, 148]
1552553985168;[171, 0, 17, 255, 161, 76, 221, 14, 234, 0, 0, 114, 1, 0, 187, 1, 0, 94, 8, 136]
1552553985169;[171, 0, 17, 255, 161, 76, 221, 14, 234, 0, 0, 114, 1, 0, 187, 1, 0, 94, 8, 108]
1552553985180;[171, 0, 17, 255, 161, 76, 221, 14, 234, 0, 0, 112, 1, 0, 187, 1, 0, 93, 8, 78]
1552553985181;[171, 0, 17, 255, 161, 76, 221, 14, 234, 0, 0, 112, 1, 0, 188, 1, 0, 94, 8, 98]
1552553985188;[171, 0, 17, 255, 161, 76, 221, 14, 234, 0, 0, 111, 1, 0, 187, 1, 0, 94, 8, 130]
1552553985189;[171, 0, 17, 255, 161, 76, 221, 14, 234, 0, 0, 112, 1, 0, 186, 1, 0, 94, 8, 150]
1552553985196;[171, 0, 17, 255, 161, 76, 221, 14, 234, 0, 0, 114, 1, 0, 186, 1, 0, 94, 8, 159]
1552553985209;[171, 0, 4, 255, 132, 128, 61]
1552553985211;[171, 0, 17, 255, 161, 76, 221, 14, 234, 0, 0, 112, 1, 0, 186, 1, 0, 94, 8, 152]
1552553985211;[171, 0, 17, 255, 161, 76, 221, 14, 235, 0, 0, 112, 1, 0, 187, 1, 0, 94, 8, 150]
1552553985212;[171, 0, 17, 255, 161, 76, 221, 14, 235, 0, 0, 112, 1, 0, 187, 1, 0, 94, 8, 114]
1552553985217;[171, 0, 17, 255, 161, 76, 221, 14, 235, 0, 0, 115, 1, 0, 188, 1, 0, 96, 8, 86]
1552553985222;[171, 0, 17, 255, 161, 76, 221, 14, 235, 0, 0, 114, 1, 0, 187, 1, 0, 93, 8, 58]
1552553985223;[171, 0, 17, 255, 161, 76, 221, 14, 235, 0, 0, 114, 1, 0, 188, 1, 0, 94, 8, 21]
1552553985227;[171, 0, 17, 255, 161, 76, 221, 14, 235, 0, 0, 114, 1, 0, 186, 1, 0, 93, 8, 60]
1552553985228;[171, 0, 17, 255, 161, 76, 221, 14, 235, 0, 0, 112, 1, 0, 187, 1, 0, 94, 8, 97]
1552553985242;[171, 0, 17, 255, 161, 76, 221, 14, 235, 0, 0, 114, 1, 0, 186, 1, 0, 94, 8, 121]
1552553985242;[171, 0, 17, 255, 161, 76, 221, 14, 235, 0, 0, 111, 1, 0, 186, 1, 0, 95, 8, 140]
1552553985243;[171, 0, 4, 255, 132, 128, 61]
1552553985247;[171, 0, 17, 255, 161, 76, 221, 14, 235, 0, 0, 114, 1, 0, 186, 1, 0, 94, 8, 145]
1552553985247;[171, 0, 17, 255, 161, 76, 221, 14, 236, 0, 0, 111, 1, 0, 186, 1, 0, 94, 8, 122]
1552553985388;[171, 0, 17, 255, 161, 76, 221, 14, 236, 0, 0, 112, 1, 0, 187, 1, 0, 96, 8, 109]
1552553985389;[171, 0, 17, 255, 161, 76, 221, 14, 236, 0, 0, 112, 1, 0, 188, 1, 0, 94, 8, 75]
1552553985556;[171, 0, 17, 255, 161, 76, 221, 14, 236, 0, 0, 114, 1, 0, 187, 1, 0, 96, 8, 40]
1552553985557;[171, 0, 17, 255, 161, 76, 221, 14, 236, 0, 0, 108, 1, 0, 186, 1, 0, 94, 8, 11]
1552553985740;[171, 0, 17, 255, 161, 76, 221, 14, 236, 0, 0, 112, 1, 0, 186, 1, 0, 94, 8, 39]
1552553985906;[171, 0, 17, 255, 161, 76, 221, 14, 236, 0, 0, 111, 1, 0, 188, 1, 0, 94, 8, 91]
1552553985907;[171, 0, 17, 255, 161, 76, 221, 14, 236, 0, 0, 112, 1, 0, 187, 1, 0, 94, 8, 107]
1552553986073;[171, 0, 17, 255, 161, 76, 221, 14, 238, 0, 0, 114, 1, 0, 187, 1, 0, 98, 8, 113]
1552553986425;[171, 0, 17, 255, 161, 76, 221, 14, 239, 0, 0, 114, 1, 0, 186, 1, 0, 93, 8, 89]
1552553986427;[171, 0, 17, 255, 161, 76, 221, 14, 239, 0, 0, 112, 1, 0, 187, 1, 0, 94, 8, 55]
1552553986591;[171, 0, 17, 255, 161, 76, 221, 14, 239, 0, 0, 112, 1, 0, 187, 1, 0, 94, 8, 20]
1552553986592;[171, 0, 17, 255, 161, 76, 221, 14, 239, 0, 0, 112, 1, 0, 186, 1, 0, 94, 8, 55]
1552553986758;[171, 0, 17, 255, 161, 76, 221, 14, 239, 0, 0, 114, 1, 0, 186, 1, 0, 96, 8, 88]
1552553986775;[171, 0, 17, 255, 161, 76, 221, 14, 239, 0, 0, 112, 1, 0, 186, 1, 0, 94, 8, 90]
1552553986942;[171, 0, 17, 255, 161, 76, 221, 14, 239, 0, 0, 114, 1, 0, 187, 1, 0, 94, 8, 111]
1552553987110;[171, 0, 17, 255, 161, 76, 221, 14, 239, 0, 0, 112, 1, 0, 187, 1, 0, 96, 8, 94]
1552553987111;[171, 0, 17, 255, 161, 76, 221, 14, 239, 0, 0, 109, 1, 0, 186, 1, 0, 94, 8, 81]
1552553987276;[171, 0, 4, 255, 132, 128, 61]
1552553987299;[171, 0, 17, 255, 161, 76, 221, 14, 239, 0, 0, 114, 1, 0, 187, 1, 0, 95, 8, 57]
1552553987460;[171, 0, 17, 255, 161, 76, 221, 14, 240, 0, 0, 114, 1, 0, 187, 1, 0, 93, 8, 25]
1552553987461;[171, 0, 17, 255, 161, 76, 221, 14, 240, 0, 0, 114, 1, 0, 186, 1, 0, 94, 7, 249]
1552553987627;[171, 0, 17, 255, 161, 76, 221, 14, 240, 0, 0, 110, 1, 0, 187, 1, 0, 94, 8, 22]
1552553987794;[171, 0, 17, 255, 161, 76, 221, 14, 240, 0, 0, 114, 1, 0, 187, 1, 0, 93, 8, 43]
1552553987979;[171, 0, 17, 255, 161, 76, 221, 14, 240, 0, 0, 113, 1, 0, 187, 1, 0, 94, 8, 49]
1552553987979;[171, 0, 17, 255, 161, 76, 221, 14, 240, 0, 0, 112, 1, 0, 186, 1, 0, 93, 8, 39]
1552553987980;[171, 0, 17, 255, 161, 76, 221, 14, 240, 0, 0, 112, 1, 0, 187, 1, 0, 93, 8, 28]
1552553988146;[171, 0, 17, 255, 161, 76, 221, 14, 240, 0, 0, 114, 1, 0, 186, 1, 0, 94, 7, 254]
1552553988496;[171, 0, 17, 255, 161, 76, 221, 14, 240, 0, 0, 112, 1, 0, 186, 1, 0, 94, 7, 220]
1552553988497;[171, 0, 4, 255, 132, 128, 61]
1552553988498;[171, 0, 17, 255, 161, 76, 221, 14, 240, 0, 0, 112, 1, 0, 188, 1, 0, 94, 7, 177]
1552553988499;[171, 0, 17, 255, 161, 76, 221, 14, 241, 0, 0, 114, 1, 0, 187, 1, 0, 93, 7, 132]
1552553988664;[171, 0, 17, 255, 161, 76, 221, 14, 241, 0, 0, 112, 1, 0, 186, 1, 0, 94, 7, 154]
1552553988665;[171, 0, 17, 255, 161, 76, 221, 14, 241, 0, 0, 114, 1, 0, 186, 1, 0, 94, 7, 180]
1552553988831;[171, 0, 17, 255, 161, 76, 221, 14, 241, 0, 0, 112, 1, 0, 186, 1, 0, 94, 7, 197]
1552553989014;[171, 0, 17, 255, 161, 76, 221, 14, 241, 0, 0, 112, 1, 0, 188, 1, 0, 96, 7, 197]
1552553989015;[171, 0, 17, 255, 161, 76, 221, 14, 241, 0, 0, 114, 1, 0, 186, 1, 0, 96, 7, 190]
1552553989182;[171, 0, 17, 255, 161, 76, 221, 14, 241, 0, 0, 112, 1, 0, 187, 1, 0, 94, 7, 156]
1552553989183;[171, 0, 17, 255, 161, 76, 221, 14, 241, 0, 0, 113, 1, 0, 186, 1, 0, 94, 7, 120]
1552553989348;[171, 0, 17, 255, 161, 76, 221, 14, 241, 0, 0, 114, 1, 0, 188, 1, 0, 96, 7, 86]
1552553989532;[171, 0, 4, 255, 132, 128, 61]
1552553989534;[171, 0, 17, 255, 161, 76, 221, 14, 241, 0, 0, 115, 1, 0, 187, 1, 0, 94, 7, 42]
1552553989698;[171, 0, 17, 255, 161, 76, 221, 14, 242, 0, 0, 114, 1, 0, 188, 1, 0, 94, 7, 4]
1552553989699;[171, 0, 17, 255, 161, 76, 221, 14, 242, 0, 0, 115, 1, 0, 187, 1, 0, 94, 7, 20]
1552553989866;[171, 0, 17, 255, 161, 76, 221, 14, 242, 0, 0, 114, 1, 0, 187, 1, 0, 94, 7, 39]
1552553989866;[171, 0, 17, 255, 161, 76, 221, 14, 242, 0, 0, 112, 1, 0, 186, 1, 0, 93, 7, 51]
1552553990050;[171, 0, 17, 255, 161, 76, 221, 14, 242, 0, 0, 112, 1, 0, 187, 1, 0, 94, 7, 52]
1552553990217;[171, 0, 17, 255, 161, 76, 221, 14, 242, 0, 0, 114, 1, 0, 187, 1, 0, 97, 7, 32]
1552553990218;[171, 0, 17, 255, 161, 76, 221, 14, 242, 0, 0, 116, 1, 0, 188, 1, 0, 94, 7, 10]
1552553990383;[171, 0, 17, 255, 161, 76, 221, 14, 242, 0, 0, 112, 1, 0, 187, 1, 0, 94, 6, 232]
1552553990384;[171, 0, 17, 255, 161, 76, 221, 14, 242, 0, 0, 111, 1, 0, 186, 1, 0, 93, 6, 204]
1552553990567;[171, 0, 4, 255, 132, 128, 62]
1552553990569;[171, 0, 17, 255, 161, 76, 221, 14, 242, 0, 0, 114, 1, 0, 187, 1, 0, 95, 6, 154]
1552553990735;[171, 0, 17, 255, 161, 76, 221, 14, 243, 0, 0, 114, 1, 0, 186, 1, 0, 94, 6, 117]
1552553990902;[171, 0, 17, 255, 161, 76, 221, 14, 243, 0, 0, 111, 1, 0, 186, 1, 0, 94, 6, 139]
1552553990903;[171, 0, 17, 255, 161, 76, 221, 14, 243, 0, 0, 114, 1, 0, 186, 1, 0, 96, 6, 144]
1552553991253;[171, 0, 17, 255, 161, 76, 221, 14, 243, 0, 0, 114, 1, 0, 186, 1, 0, 94, 6, 144]
1552553991254;[171, 0, 17, 255, 161, 76, 221, 14, 243, 0, 0, 112, 1, 0, 187, 1, 0, 94, 6, 139]
1552553991255;[171, 0, 17, 255, 161, 76, 221, 14, 243, 0, 0, 116, 1, 0, 187, 1, 0, 93, 6, 122]
1552553991421;[171, 0, 17, 255, 161, 76, 221, 14, 243, 0, 0, 115, 1, 0, 186, 1, 0, 93, 6, 101]
1552553991422;[171, 0, 17, 255, 161, 76, 221, 14, 243, 0, 0, 114, 1, 0, 187, 1, 0, 94, 6, 63]
1552553991587;[171, 0, 17, 255, 161, 76, 221, 14, 243, 0, 0, 111, 1, 0, 187, 1, 0, 96, 6, 36]
1552553991604;[171, 0, 4, 255, 132, 128, 62]
1552553991771;[171, 0, 17, 255, 161, 76, 221, 14, 243, 0, 0, 114, 1, 0, 186, 1, 0, 95, 6, 8]
1552553991772;[171, 0, 17, 255, 161, 76, 221, 14, 244, 0, 0, 114, 1, 0, 187, 1, 0, 94, 6, 44]
1552553991937;[171, 0, 17, 255, 161, 76, 221, 14, 244, 0, 0, 114, 1, 0, 186, 1, 0, 94, 6, 50]
1552553992104;[171, 0, 17, 255, 161, 76, 221, 14, 244, 0, 0, 114, 1, 0, 187, 1, 0, 96, 6, 49]
1552553992121;[171, 0, 17, 255, 161, 76, 221, 14, 244, 0, 0, 111, 1, 0, 186, 1, 0, 94, 6, 40]
1552553992455;[171, 0, 17, 255, 161, 76, 221, 14, 244, 0, 0, 109, 1, 0, 186, 1, 0, 96, 6, 23]
1552553992456;[171, 0, 17, 255, 161, 76, 221, 14, 244, 0, 0, 112, 1, 0, 186, 1, 0, 93, 5, 250]
1552553992471;[171, 0, 17, 255, 161, 76, 221, 14, 244, 0, 0, 114, 1, 0, 187, 1, 0, 93, 5, 217]
1552553992472;[171, 0, 17, 255, 161, 76, 221, 14, 244, 0, 0, 114, 1, 0, 187, 1, 0, 94, 5, 182]
1552553992623;[171, 0, 17, 255, 161, 76, 221, 14, 244, 0, 0, 114, 1, 0, 187, 1, 0, 93, 5, 144]
1552553992805;[171, 0, 4, 255, 132, 128, 62]
1552553992973;[171, 0, 17, 255, 161, 76, 221, 14, 244, 0, 0, 111, 1, 0, 188, 1, 0, 94, 5, 129]
1552553992974;[171, 0, 17, 255, 161, 76, 221, 14, 245, 0, 0, 112, 1, 0, 187, 1, 0, 94, 5, 166]
1552553992975;[171, 0, 17, 255, 161, 76, 221, 14, 245, 0, 0, 112, 1, 0, 186, 1, 0, 94, 5, 190]
1552553993140;[171, 0, 17, 255, 161, 76, 221, 14, 245, 0, 0, 116, 1, 0, 186, 1, 0, 94, 5, 185]
1552553993324;[171, 0, 17, 255, 161, 76, 221, 14, 245, 0, 0, 112, 1, 0, 188, 1, 0, 94, 5, 183]
1552553993325;[171, 0, 17, 255, 161, 76, 221, 14, 245, 0, 0, 114, 1, 0, 188, 1, 0, 94, 5, 170]
1552553993492;[171, 0, 17, 255, 161, 76, 221, 14, 245, 0, 0, 114, 1, 0, 186, 1, 0, 93, 5, 138]
1552553993493;[171, 0, 17, 255, 161, 76, 221, 14, 245, 0, 0, 110, 1, 0, 187, 1, 0, 94, 5, 105]
1552553993658;[171, 0, 17, 255, 161, 76, 221, 14, 245, 0, 0, 114, 1, 0, 187, 1, 0, 93, 5, 60]
1552553993675;[171, 0, 17, 255, 161, 76, 221, 14, 245, 0, 0, 114, 1, 0, 187, 1, 0, 93, 5, 17]
1552553993842;[171, 0, 4, 255, 132, 128, 62]
1552553994010;[171, 0, 17, 255, 161, 76, 221, 14, 245, 0, 0, 112, 1, 0, 187, 1, 0, 96, 4, 217]
1552553994011;[171, 0, 17, 255, 161, 76, 221, 14, 246, 0, 0, 112, 1, 0, 188, 1, 0, 94, 4, 188]
1552553994177;[171, 0, 17, 255, 161, 76, 221, 14, 246, 0, 0, 114, 1, 0, 187, 1, 0, 96, 4, 201]
1552553994178;[171, 0, 17, 255, 161, 76, 221, 14, 246, 0, 0, 114, 1, 0, 187, 1, 0, 94, 4, 230]
1552553994360;[171, 0, 17, 255, 161, 76, 221, 14, 246, 0, 0, 112, 1, 0, 187, 1, 0, 93, 5, 0]
1552553994394;[171, 0, 17, 255, 161, 76, 221, 14, 246, 0, 0, 112, 1, 0, 186, 1, 0, 96, 5, 13]
1552553994461;[171, 0, 17, 255, 161, 76, 221, 14, 246, 0, 0, 111, 1, 0, 187, 1, 0, 93, 5, 38]
1552553994560;[171, 0, 17, 255, 161, 76, 221, 14, 246, 0, 0, 112, 1, 0, 187, 1, 0, 94, 5, 32]
1552553994659;[171, 0, 17, 255, 161, 76, 221, 14, 246, 0, 0, 114, 1, 0, 186, 1, 0, 94, 5, 31]
1552553994759;[171, 0, 17, 255, 161, 76, 221, 14, 246, 0, 0, 114, 1, 0, 187, 1, 0, 94, 5, 11]
1552553994861;[171, 0, 4, 255, 132, 128, 62]
1552553994961;[171, 0, 17, 255, 161, 76, 221, 14, 246, 0, 0, 110, 1, 0, 188, 1, 0, 94, 4, 242]
1552553995212;[171, 0, 17, 255, 161, 76, 221, 14, 247, 0, 0, 112, 1, 0, 186, 1, 0, 96, 4, 231]
1552553995396;[171, 0, 17, 255, 161, 76, 221, 14, 247, 0, 0, 111, 1, 0, 186, 1, 0, 93, 5, 14]
1552553995397;[171, 0, 17, 255, 161, 76, 221, 14, 247, 0, 0, 112, 1, 0, 187, 1, 0, 93, 5, 44]
1552553995563;[171, 0, 17, 255, 161, 76, 221, 14, 247, 0, 0, 114, 1, 0, 187, 1, 0, 96, 5, 54]
1552553995564;[171, 0, 17, 255, 161, 76, 221, 14, 247, 0, 0, 112, 1, 0, 188, 1, 0, 93, 5, 71]
1552553995565;[171, 0, 17, 255, 161, 76, 221, 14, 247, 0, 0, 114, 1, 0, 187, 1, 0, 94, 5, 70]
1552553995730;[171, 0, 17, 255, 161, 76, 221, 14, 247, 0, 0, 114, 1, 0, 186, 1, 0, 94, 5, 57]
1552553995914;[171, 0, 17, 255, 161, 76, 221, 14, 247, 0, 0, 114, 1, 0, 186, 1, 0, 93, 5, 40]
1552553995915;[171, 0, 17, 255, 161, 76, 221, 14, 247, 0, 0, 115, 1, 0, 186, 1, 0, 94, 5, 21]
1552553996082;[171, 0, 4, 255, 132, 128, 63]
1552553996083;[171, 0, 17, 255, 161, 76, 221, 14, 247, 0, 0, 112, 1, 0, 187, 1, 0, 96, 4, 243]
1552553996248;[171, 0, 17, 255, 161, 76, 221, 14, 248, 0, 0, 112, 1, 0, 186, 1, 0, 96, 4, 241]
1552553996432;[171, 0, 17, 255, 161, 76, 221, 14, 248, 0, 0, 112, 1, 0, 186, 1, 0, 95, 5, 39]
1552553996599;[171, 0, 17, 255, 161, 76, 221, 14, 248, 0, 0, 112, 1, 0, 186, 1, 0, 94, 5, 78]
1552553996766;[171, 0, 17, 255, 161, 76, 221, 14, 248, 0, 0, 111, 1, 0, 188, 1, 0, 94, 5, 99]
1552553996767;[171, 0, 17, 255, 161, 76, 221, 14, 248, 0, 0, 112, 1, 0, 187, 1, 0, 96, 5, 120]
1552553996949;[171, 0, 17, 255, 161, 76, 221, 14, 248, 0, 0, 112, 1, 0, 188, 1, 0, 94, 5, 121]
1552553996949;[171, 0, 17, 255, 161, 76, 221, 14, 248, 0, 0, 112, 1, 0, 187, 1, 0, 96, 5, 123]
1552553996950;[171, 0, 17, 255, 161, 76, 221, 14, 248, 0, 0, 109, 1, 0, 186, 1, 0, 93, 5, 108]
1552553997117;[171, 0, 17, 255, 161, 76, 221, 14, 248, 0, 0, 111, 1, 0, 187, 1, 0, 94, 5, 85]
1552553997118;[171, 0, 4, 255, 132, 128, 63]
1552553997284;[171, 0, 17, 255, 161, 76, 221, 14, 248, 0, 0, 112, 1, 0, 186, 1, 0, 93, 5, 59]
1552553997285;[171, 0, 17, 255, 161, 76, 221, 14, 249, 0, 0, 114, 1, 0, 187, 1, 0, 94, 5, 87]
1552553997468;[171, 0, 17, 255, 161, 76, 221, 14, 249, 0, 0, 114, 1, 0, 187, 1, 0, 93, 5, 129]
1552553997469;[171, 0, 17, 255, 161, 76, 221, 14, 249, 0, 0, 114, 1, 0, 188, 1, 0, 94, 5, 164]
1552553997635;[171, 0, 17, 255, 161, 76, 221, 14, 249, 0, 0, 111, 1, 0, 186, 1, 0, 97, 5, 186]
1552553997802;[171, 0, 17, 255, 161, 76, 221, 14, 249, 0, 0, 114, 1, 0, 187, 1, 0, 94, 5, 197]
1552553997986;[171, 0, 17, 255, 161, 76, 221, 14, 249, 0, 0, 114, 1, 0, 187, 1, 0, 94, 5, 199]
1552553998153;[171, 0, 17, 255, 161, 76, 221, 14, 249, 0, 0, 109, 1, 0, 188, 1, 0, 94, 5, 185]
1552553998154;[171, 0, 17, 255, 161, 76, 221, 14, 249, 0, 0, 109, 1, 0, 188, 1, 0, 94, 5, 174]
1552553998321;[171, 0, 17, 255, 161, 76, 221, 14, 249, 0, 0, 114, 1, 0, 186, 1, 0, 93, 5, 148]
1552553998321;[171, 0, 4, 255, 132, 128, 62]
1552553998323;[171, 0, 17, 255, 161, 76, 221, 14, 249, 0, 0, 108, 1, 0, 186, 1, 0, 94, 5, 176]
1552553998485;[171, 0, 17, 255, 161, 76, 221, 14, 250, 0, 0, 111, 1, 0, 188, 1, 0, 94, 5, 226]
1552553998486;[171, 0, 17, 255, 161, 76, 221, 14, 250, 0, 0, 114, 1, 0, 186, 1, 0, 96, 6, 1]
1552553998671;[171, 0, 17, 255, 161, 76, 221, 14, 250, 0, 0, 109, 1, 0, 186, 1, 0, 94, 6, 20]
1552553998672;[171, 0, 17, 255, 161, 76, 221, 14, 250, 0, 0, 112, 1, 0, 185, 1, 0, 96, 6, 33]
1552553999010;[171, 0, 17, 255, 161, 76, 221, 14, 250, 0, 0, 114, 1, 0, 186, 1, 0, 94, 6, 22]
1552553999022;[171, 0, 17, 255, 161, 76, 221, 14, 250, 0, 0, 114, 1, 0, 186, 1, 0, 96, 6, 2]
1552553999022;[171, 0, 17, 255, 161, 76, 221, 14, 250, 0, 0, 112, 1, 0, 186, 1, 0, 94, 5, 235]
1552553999188;[171, 0, 17, 255, 161, 76, 221, 14, 250, 0, 0, 112, 1, 0, 186, 1, 0, 94, 5, 193]
1552553999189;[171, 0, 17, 255, 161, 76, 221, 14, 250, 0, 0, 115, 1, 0, 184, 1, 0, 94, 5, 159]
1552553999355;[171, 0, 4, 255, 132, 128, 62]
1552553999356;[171, 0, 17, 255, 161, 76, 221, 14, 250, 0, 0, 112, 1, 0, 186, 1, 0, 94, 5, 165]
1552553999524;[171, 0, 17, 255, 161, 76, 221, 14, 251, 0, 0, 111, 1, 0, 187, 1, 0, 96, 5, 217]
1552553999706;[171, 0, 17, 255, 161, 76, 221, 14, 251, 0, 0, 112, 1, 0, 188, 1, 0, 94, 5, 247]
1552553999706;[171, 0, 17, 255, 161, 76, 221, 14, 251, 0, 0, 112, 1, 0, 187, 1, 0, 94, 6, 13]
1552553999874;[171, 0, 17, 255, 161, 76, 221, 14, 251, 0, 0, 110, 1, 0, 186, 1, 0, 93, 6, 23]
1552553999874;[171, 0, 17, 255, 161, 76, 221, 14, 251, 0, 0, 109, 1, 0, 186, 1, 0, 94, 6, 20]
1552554000040;[171, 0, 17, 255, 161, 76, 221, 14, 251, 0, 0, 112, 1, 0, 187, 1, 0, 96, 5, 251]
1552554000224;[171, 0, 17, 255, 161, 76, 221, 14, 251, 0, 0, 114, 1, 0, 187, 1, 0, 93, 5, 235]
1552554000225;[171, 0, 17, 255, 161, 76, 221, 14, 251, 0, 0, 113, 1, 0, 186, 1, 0, 93, 5, 211]
1552554000392;[171, 0, 17, 255, 161, 76, 221, 14, 251, 0, 0, 114, 1, 0, 192, 1, 0, 93, 5, 176]
1552554000394;[171, 0, 4, 255, 132, 128, 62]
1552554000559;[171, 0, 17, 255, 161, 76, 221, 14, 251, 0, 0, 114, 1, 0, 186, 1, 0, 94, 5, 205]
1552554000575;[171, 0, 17, 255, 161, 76, 221, 16, 0, 0, 0, 110, 1, 0, 187, 1, 0, 94, 5, 228]
1552554000742;[171, 0, 17, 255, 161, 76, 221, 16, 0, 0, 0, 112, 1, 0, 186, 1, 0, 94, 5, 237]
1552554000910;[171, 0, 17, 255, 161, 76, 221, 16, 0, 0, 0, 112, 1, 0, 188, 1, 0, 96, 5, 252]
1552554000911;[171, 0, 17, 255, 161, 76, 221, 16, 0, 0, 0, 114, 1, 0, 186, 1, 0, 94, 5, 241]
1552554001077;[171, 0, 17, 255, 161, 76, 221, 16, 0, 0, 0, 112, 1, 0, 186, 1, 0, 96, 5, 222]
1552554001093;[171, 0, 17, 255, 161, 76, 221, 16, 0, 0, 0, 114, 1, 0, 186, 1, 0, 94, 5, 193]
1552554001260;[171, 0, 17, 255, 161, 76, 221, 16, 0, 0, 0, 112, 1, 0, 187, 1, 0, 93, 5, 164]
1552554001261;[171, 0, 17, 255, 161, 76, 221, 16, 0, 0, 0, 114, 1, 0, 186, 1, 0, 96, 5, 136]
1552554001427;[171, 0, 17, 255, 161, 76, 221, 16, 0, 0, 0, 114, 1, 0, 184, 1, 0, 94, 5, 162]
1552554001779;[171, 0, 4, 255, 132, 128, 62]
1552554001781;[171, 0, 17, 255, 161, 76, 221, 16, 0, 0, 0, 111, 1, 0, 187, 1, 0, 94, 5, 184]
1552554001782;[171, 0, 17, 255, 161, 76, 221, 16, 1, 0, 0, 114, 1, 0, 187, 1, 0, 94, 5, 190]
1552554001783;[171, 0, 17, 255, 161, 76, 221, 16, 1, 0, 0, 111, 1, 0, 186, 1, 0, 94, 5, 177]
1552554001946;[171, 0, 17, 255, 161, 76, 221, 16, 1, 0, 0, 109, 1, 0, 187, 1, 0, 95, 5, 161]
1552554002111;[171, 0, 17, 255, 161, 76, 221, 16, 1, 0, 0, 114, 1, 0, 187, 1, 0, 96, 5, 142]
1552554002112;[171, 0, 17, 255, 161, 76, 221, 16, 1, 0, 0, 111, 1, 0, 187, 1, 0, 93, 5, 110]
1552554002297;[171, 0, 17, 255, 161, 76, 221, 16, 1, 0, 0, 114, 1, 0, 188, 1, 0, 94, 5, 64]
1552554002298;[171, 0, 17, 255, 161, 76, 221, 16, 1, 0, 0, 114, 1, 0, 186, 1, 0, 94, 5, 18]
1552554002463;[171, 0, 17, 255, 161, 76, 221, 16, 1, 0, 0, 114, 1, 0, 187, 1, 0, 98, 4, 230]
1552554002464;[171, 0, 17, 255, 161, 76, 221, 16, 1, 0, 0, 112, 1, 0, 187, 1, 0, 94, 4, 252]
1552554002814;[171, 0, 4, 255, 132, 128, 62]
1552554002816;[171, 0, 17, 255, 161, 76, 221, 16, 1, 0, 0, 112, 1, 0, 187, 1, 0, 96, 5, 5]
1552554002817;[171, 0, 17, 255, 161, 76, 221, 16, 2, 0, 0, 109, 1, 0, 187, 1, 0, 94, 5, 12]
1552554002982;[171, 0, 17, 255, 161, 76, 221, 16, 2, 0, 0, 111, 1, 0, 186, 1, 0, 93, 5, 4]
1552554002983;[171, 0, 17, 255, 161, 76, 221, 16, 2, 0, 0, 112, 1, 0, 187, 1, 0, 96, 4, 250]
1552554003159;[171, 0, 17, 255, 161, 76, 221, 16, 2, 0, 0, 110, 1, 0, 188, 1, 0, 94, 4, 225]
1552554003333;[171, 0, 17, 255, 161, 76, 221, 16, 2, 0, 0, 112, 1, 0, 188, 1, 0, 96, 4, 201]
1552554003334;[171, 0, 17, 255, 161, 76, 221, 16, 2, 0, 0, 110, 1, 0, 187, 1, 0, 94, 4, 169]
1552554003500;[171, 0, 17, 255, 161, 76, 221, 16, 2, 0, 0, 112, 1, 0, 188, 1, 0, 94, 4, 134]
1552554003501;[171, 0, 17, 255, 161, 76, 221, 16, 2, 0, 0, 111, 1, 0, 185, 1, 0, 94, 4, 94]
1552554003667;[171, 0, 17, 255, 161, 76, 221, 16, 2, 0, 0, 111, 1, 0, 186, 1, 0, 94, 4, 115]
1552554003668;[171, 0, 4, 255, 132, 128, 62]
1552554004018;[171, 0, 17, 255, 161, 76, 221, 16, 2, 0, 0, 114, 1, 0, 185, 1, 0, 94, 4, 123]
1552554004019;[171, 0, 17, 255, 161, 76, 221, 16, 3, 0, 0, 112, 1, 0, 187, 1, 0, 95, 4, 129]
1552554004020;[171, 0, 17, 255, 161, 76, 221, 16, 3, 0, 0, 112, 1, 0, 186, 1, 0, 94, 4, 128]
1552554004185;[171, 0, 17, 255, 161, 76, 221, 16, 3, 0, 0, 112, 1, 0, 187, 1, 0, 94, 4, 106]
1552554004186;[171, 0, 17, 255, 161, 76, 221, 16, 3, 0, 0, 115, 1, 0, 190, 1, 0, 97, 4, 80]
1552554004352;[171, 0, 17, 255, 161, 76, 221, 16, 3, 0, 0, 112, 1, 0, 186, 1, 0, 94, 4, 55]
1552554004368;[171, 0, 17, 255, 161, 76, 221, 16, 3, 0, 0, 112, 1, 0, 186, 1, 0, 94, 4, 22]
1552554004536;[171, 0, 17, 255, 161, 76, 221, 16, 3, 0, 0, 114, 1, 0, 187, 1, 0, 96, 3, 242]
1552554004703;[171, 0, 17, 255, 161, 76, 221, 16, 3, 0, 0, 116, 1, 0, 187, 1, 0, 93, 3, 196]
1552554004704;[171, 0, 17, 255, 161, 76, 221, 16, 3, 0, 0, 114, 1, 0, 186, 1, 0, 96, 3, 201]
1552554005053;[171, 0, 4, 255, 132, 128, 62]
1552554005055;[171, 0, 17, 255, 161, 76, 221, 16, 3, 0, 0, 114, 1, 0, 186, 1, 0, 96, 3, 219]
1552554005056;[171, 0, 17, 255, 161, 76, 221, 16, 4, 0, 0, 113, 1, 0, 187, 1, 0, 94, 3, 243]
1552554005221;[171, 0, 17, 255, 161, 76, 221, 16, 4, 0, 0, 111, 1, 0, 187, 1, 0, 94, 3, 246]
1552554005222;[171, 0, 17, 255, 161, 76, 221, 16, 4, 0, 0, 112, 1, 0, 187, 1, 0, 94, 3, 254]
1552554005387;[171, 0, 17, 255, 161, 76, 221, 16, 4, 0, 0, 112, 1, 0, 187, 1, 0, 94, 3, 243]
1552554005388;[171, 0, 17, 255, 161, 76, 221, 16, 4, 0, 0, 109, 1, 0, 187, 1, 0, 96, 3, 222]
1552554005572;[171, 0, 17, 255, 161, 76, 221, 16, 4, 0, 0, 114, 1, 0, 189, 1, 0, 94, 3, 206]
1552554005573;[171, 0, 17, 255, 161, 76, 221, 16, 4, 0, 0, 114, 1, 0, 186, 1, 0, 96, 3, 174]
1552554005739;[171, 0, 17, 255, 161, 76, 221, 16, 4, 0, 0, 109, 1, 0, 187, 1, 0, 94, 3, 174]
1552554006089;[171, 0, 17, 255, 161, 76, 221, 16, 4, 0, 0, 112, 1, 0, 187, 1, 0, 94, 3, 144]
1552554006090;[171, 0, 4, 255, 132, 128, 62]
1552554006092;[171, 0, 17, 255, 161, 76, 221, 16, 4, 0, 0, 114, 1, 0, 185, 1, 0, 96, 3, 148]
1552554006093;[171, 0, 17, 255, 161, 76, 221, 16, 5, 0, 0, 114, 1, 0, 186, 1, 0, 96, 3, 181]
1552554006257;[171, 0, 17, 255, 161, 76, 221, 16, 5, 0, 0, 112, 1, 0, 188, 1, 0, 96, 3, 208]
1552554006258;[171, 0, 17, 255, 161, 76, 221, 16, 5, 0, 0, 110, 1, 0, 186, 1, 0, 96, 3, 230]
1552554006424;[171, 0, 17, 255, 161, 76, 221, 16, 5, 0, 0, 112, 1, 0, 187, 1, 0, 96, 3, 241]
1552554006607;[171, 0, 17, 255, 161, 76, 221, 16, 5, 0, 0, 111, 1, 0, 188, 1, 0, 94, 3, 247]
1552554006609;[171, 0, 17, 255, 161, 76, 221, 16, 5, 0, 0, 112, 1, 0, 188, 1, 0, 94, 3, 229]
1552554006774;[171, 0, 17, 255, 161, 76, 221, 16, 5, 0, 0, 114, 1, 0, 187, 1, 0, 93, 3, 222]
1552554006775;[171, 0, 17, 255, 161, 76, 221, 16, 5, 0, 0, 114, 1, 0, 186, 1, 0, 96, 3, 200]
1552554006942;[171, 0, 17, 255, 161, 76, 221, 16, 5, 0, 0, 110, 1, 0, 186, 1, 0, 94, 3, 178]
1552554007293;[171, 0, 4, 255, 132, 128, 62]
1552554007294;[171, 0, 17, 255, 161, 76, 221, 16, 5, 0, 0, 114, 1, 0, 183, 1, 0, 95, 3, 208]
1552554007295;[171, 0, 17, 255, 161, 76, 221, 16, 6, 0, 0, 114, 1, 0, 192, 1, 0, 96, 3, 249]
1552554007296;[171, 0, 17, 255, 161, 76, 221, 16, 6, 0, 0, 114, 1, 0, 186, 1, 0, 94, 4, 15]
1552554007460;[171, 0, 17, 255, 161, 76, 221, 16, 6, 0, 0, 109, 1, 0, 186, 1, 0, 96, 4, 30]
1552554007461;[171, 0, 17, 255, 161, 76, 221, 16, 6, 0, 0, 111, 1, 0, 186, 1, 0, 94, 4, 35]
1552554007643;[171, 0, 17, 255, 161, 76, 221, 16, 6, 0, 0, 115, 1, 0, 188, 1, 0, 94, 4, 22]
1552554007811;[171, 0, 17, 255, 161, 76, 221, 16, 6, 0, 0, 112, 1, 0, 186, 1, 0, 93, 3, 255]
1552554007812;[171, 0, 17, 255, 161, 76, 221, 16, 6, 0, 0, 114, 1, 0, 186, 1, 0, 96, 3, 238]
1552554007977;[171, 0, 17, 255, 161, 76, 221, 16, 6, 0, 0, 114, 1, 0, 188, 1, 0, 96, 3, 217]
1552554008160;[171, 0, 17, 255, 161, 76, 221, 16, 8, 0, 0, 108, 1, 0, 187, 1, 0, 99, 4, 61]
1552554008328;[171, 0, 17, 255, 161, 76, 221, 16, 9, 0, 0, 109, 1, 0, 187, 1, 0, 98, 4, 101]
1552554008495;[171, 0, 17, 255, 161, 76, 221, 16, 9, 0, 0, 109, 1, 0, 188, 1, 0, 101, 4, 110]
1552554008496;[171, 0, 17, 255, 161, 76, 221, 16, 9, 0, 0, 110, 1, 0, 186, 1, 0, 96, 4, 103]
1552554008680;[171, 0, 17, 255, 161, 76, 221, 16, 9, 0, 0, 111, 1, 0, 187, 1, 0, 97, 4, 102]
1552554008681;[171, 0, 17, 255, 161, 76, 221, 16, 9, 0, 0, 109, 1, 0, 186, 1, 0, 98, 4, 79]
1552554008846;[171, 0, 17, 255, 161, 76, 221, 16, 9, 0, 0, 106, 1, 0, 187, 1, 0, 98, 4, 60]
1552554009013;[171, 0, 17, 255, 161, 76, 221, 16, 9, 0, 0, 110, 1, 0, 185, 1, 0, 96, 4, 102]
1552554009014;[171, 0, 17, 255, 161, 76, 221, 16, 9, 0, 0, 108, 1, 0, 186, 1, 0, 99, 4, 140]
1552554009197;[171, 0, 17, 255, 161, 76, 221, 16, 9, 0, 0, 111, 1, 0, 187, 1, 0, 102, 4, 164]
1552554009198;[171, 0, 4, 255, 132, 128, 61]
1552554009364;[171, 0, 17, 255, 161, 76, 221, 16, 9, 0, 0, 112, 1, 0, 186, 1, 0, 99, 4, 175]
1552554009365;[171, 0, 17, 255, 161, 76, 221, 16, 10, 0, 0, 114, 1, 0, 186, 1, 0, 99, 4, 170]
1552554009715;[171, 0, 17, 255, 161, 76, 221, 16, 10, 0, 0, 111, 1, 0, 186, 1, 0, 102, 4, 137]
1552554009717;[171, 0, 17, 255, 161, 76, 221, 16, 10, 0, 0, 110, 1, 0, 185, 1, 0, 98, 4, 110]
1552554009717;[171, 0, 17, 255, 161, 76, 221, 16, 10, 0, 0, 115, 1, 0, 186, 1, 0, 98, 4, 74]
1552554009881;[171, 0, 17, 255, 161, 76, 221, 16, 10, 0, 0, 116, 1, 0, 186, 1, 0, 96, 4, 32]
1552554009882;[171, 0, 17, 255, 161, 76, 221, 16, 10, 0, 0, 114, 1, 0, 185, 1, 0, 102, 4, 43]
1552554010049;[171, 0, 17, 255, 161, 76, 221, 16, 10, 0, 0, 115, 1, 0, 186, 1, 0, 105, 4, 63]
1552554010216;[171, 0, 17, 255, 161, 76, 221, 16, 10, 0, 0, 112, 1, 0, 185, 1, 0, 96, 4, 62]
1552554010233;[171, 0, 17, 255, 161, 76, 221, 16, 10, 0, 0, 112, 1, 0, 186, 1, 0, 97, 4, 60]
1552554010399;[171, 0, 4, 255, 132, 128, 62]
1552554010401;[171, 0, 17, 255, 161, 76, 221, 16, 10, 0, 0, 110, 1, 0, 185, 1, 0, 97, 4, 52]
1552554010566;[171, 0, 17, 255, 161, 76, 221, 16, 11, 0, 0, 111, 1, 0, 186, 1, 0, 96, 4, 21]
1552554010567;[171, 0, 17, 255, 161, 76, 221, 16, 11, 0, 0, 114, 1, 0, 184, 1, 0, 96, 3, 254]
1552554010733;[171, 0, 17, 255, 161, 76, 221, 16, 11, 0, 0, 112, 1, 0, 184, 1, 0, 99, 3, 214]
1552554010920;[171, 0, 17, 255, 161, 76, 221, 16, 11, 0, 0, 112, 1, 0, 184, 1, 0, 102, 3, 178]
1552554010920;[171, 0, 17, 255, 161, 76, 221, 16, 11, 0, 0, 112, 1, 0, 184, 1, 0, 96, 3, 209]
1552554011086;[171, 0, 17, 255, 161, 76, 221, 16, 11, 0, 0, 115, 1, 0, 186, 1, 0, 97, 3, 230]
1552554011086;[171, 0, 17, 255, 161, 76, 221, 16, 11, 0, 0, 112, 1, 0, 186, 1, 0, 100, 3, 223]
1552554011252;[171, 0, 17, 255, 161, 76, 221, 16, 11, 0, 0, 112, 1, 0, 186, 1, 0, 97, 3, 228]
1552554011436;[171, 0, 17, 255, 161, 76, 221, 16, 11, 0, 0, 112, 1, 0, 185, 1, 0, 101, 3, 221]
1552554011437;[171, 0, 4, 255, 132, 128, 62]
1552554011604;[171, 0, 17, 255, 161, 76, 221, 16, 11, 0, 0, 112, 1, 0, 186, 1, 0, 101, 3, 185]
1552554011605;[171, 0, 17, 255, 161, 76, 221, 16, 12, 0, 0, 115, 1, 0, 186, 1, 0, 99, 3, 153]
1552554011770;[171, 0, 17, 255, 161, 76, 221, 16, 12, 0, 0, 114, 1, 0, 186, 1, 0, 99, 3, 126]
1552554011771;[171, 0, 17, 255, 161, 76, 221, 16, 12, 0, 0, 112, 1, 0, 184, 1, 0, 102, 3, 99]
1552554011955;[171, 0, 17, 255, 161, 76, 221, 16, 12, 0, 0, 115, 1, 0, 186, 1, 0, 96, 3, 131]
1552554012122;[171, 0, 17, 255, 161, 76, 221, 16, 12, 0, 0, 112, 1, 0, 186, 1, 0, 101, 3, 152]
1552554012122;[171, 0, 17, 255, 161, 76, 221, 16, 12, 0, 0, 112, 1, 0, 186, 1, 0, 99, 3, 170]
1552554012288;[171, 0, 17, 255, 161, 76, 221, 16, 12, 0, 0, 112, 1, 0, 184, 1, 0, 98, 3, 178]
1552554012472;[171, 0, 17, 255, 161, 76, 221, 16, 12, 0, 0, 109, 1, 0, 186, 1, 0, 103, 3, 169]
1552554012473;[171, 0, 17, 255, 161, 76, 221, 16, 12, 0, 0, 114, 1, 0, 186, 1, 0, 98, 3, 125]
1552554012473;[171, 0, 4, 255, 132, 128, 62]
1552554012807;[171, 0, 17, 255, 161, 76, 221, 16, 13, 0, 0, 115, 1, 0, 182, 1, 0, 99, 3, 90]
1552554012808;[171, 0, 17, 255, 161, 76, 221, 16, 13, 0, 0, 114, 1, 0, 184, 1, 0, 96, 3, 51]
1552554012808;[171, 0, 17, 255, 161, 76, 221, 16, 13, 0, 0, 110, 1, 0, 186, 1, 0, 99, 3, 15]
1552554012989;[171, 0, 17, 255, 161, 76, 221, 16, 13, 0, 0, 109, 1, 0, 186, 1, 0, 98, 2, 241]
1552554012991;[171, 0, 17, 255, 161, 76, 221, 16, 13, 0, 0, 112, 1, 0, 185, 1, 0, 97, 3, 7]
1552554013158;[171, 0, 17, 255, 161, 76, 221, 16, 13, 0, 0, 114, 1, 0, 186, 1, 0, 96, 3, 27]
1552554013325;[171, 0, 17, 255, 161, 76, 221, 16, 13, 0, 0, 111, 1, 0, 186, 1, 0, 102, 3, 37]
1552554013325;[171, 0, 17, 255, 161, 76, 221, 16, 13, 0, 0, 114, 1, 0, 185, 1, 0, 97, 3, 49]
1552554013508;[171, 0, 17, 255, 161, 76, 221, 16, 13, 0, 0, 111, 1, 0, 187, 1, 0, 97, 3, 47]
1552554013509;[171, 0, 17, 255, 161, 76, 221, 16, 13, 0, 0, 114, 1, 0, 184, 1, 0, 98, 3, 37]
1552554013675;[171, 0, 4, 255, 132, 128, 62]
1552554013677;[171, 0, 17, 255, 161, 76, 221, 16, 14, 0, 0, 112, 1, 0, 186, 1, 0, 98, 3, 25]
1552554013843;[171, 0, 17, 255, 161, 76, 221, 16, 14, 0, 0, 110, 1, 0, 187, 1, 0, 98, 3, 5]
1552554014026;[171, 0, 17, 255, 161, 76, 221, 16, 14, 0, 0, 112, 1, 0, 186, 1, 0, 99, 2, 231]
1552554014028;[171, 0, 17, 255, 161, 76, 221, 16, 14, 0, 0, 112, 1, 0, 186, 1, 0, 101, 2, 196]
1552554014193;[171, 0, 17, 255, 161, 76, 221, 16, 14, 0, 0, 114, 1, 0, 186, 1, 0, 99, 2, 205]
1552554014194;[171, 0, 17, 255, 161, 76, 221, 16, 14, 0, 0, 114, 1, 0, 187, 1, 0, 96, 2, 240]
1552554014360;[171, 0, 17, 255, 161, 76, 221, 16, 14, 0, 0, 112, 1, 0, 186, 1, 0, 99, 3, 14]
1552554014360;[171, 0, 17, 255, 161, 76, 221, 16, 14, 0, 0, 110, 1, 0, 182, 1, 0, 105, 3, 26]
1552554014544;[171, 0, 17, 255, 161, 76, 221, 16, 14, 0, 0, 109, 1, 0, 184, 1, 0, 101, 3, 40]
1552554014711;[171, 0, 17, 255, 161, 76, 221, 16, 14, 0, 0, 114, 1, 0, 185, 1, 0, 101, 3, 38]
1552554014711;[171, 0, 4, 255, 132, 128, 63]
1552554014879;[171, 0, 17, 255, 161, 76, 221, 16, 15, 0, 0, 112, 1, 0, 187, 1, 0, 105, 3, 30]
1552554014879;[171, 0, 17, 255, 161, 76, 221, 16, 15, 0, 0, 111, 1, 0, 184, 1, 0, 98, 3, 15]
1552554015062;[171, 0, 17, 255, 161, 76, 221, 16, 15, 0, 0, 109, 1, 0, 186, 1, 0, 101, 2, 244]
1552554015229;[171, 0, 17, 255, 161, 76, 221, 16, 15, 0, 0, 110, 1, 0, 186, 1, 0, 101, 2, 202]
1552554015397;[171, 0, 17, 255, 161, 76, 221, 16, 15, 0, 0, 112, 1, 0, 186, 1, 0, 101, 2, 184]
1552554015398;[171, 0, 17, 255, 161, 76, 221, 16, 15, 0, 0, 111, 1, 0, 186, 1, 0, 101, 2, 216]
1552554015398;[171, 0, 17, 255, 161, 76, 221, 16, 15, 0, 0, 112, 1, 0, 186, 1, 0, 101, 2, 246]
1552554015564;[171, 0, 17, 255, 161, 76, 221, 16, 15, 0, 0, 112, 1, 0, 186, 1, 0, 98, 3, 12]
1552554015579;[171, 0, 17, 255, 161, 76, 221, 16, 15, 0, 0, 109, 1, 0, 186, 1, 0, 98, 3, 38]
1552554015747;[171, 0, 17, 255, 161, 76, 221, 16, 15, 0, 0, 110, 1, 0, 188, 1, 0, 99, 3, 42]
1552554015915;[171, 0, 4, 255, 132, 128, 63]
1552554015916;[171, 0, 17, 255, 161, 76, 221, 16, 16, 0, 0, 112, 1, 0, 185, 1, 0, 98, 3, 31]
1552554016081;[171, 0, 17, 255, 161, 76, 221, 16, 16, 0, 0, 114, 1, 0, 186, 1, 0, 98, 3, 20]
1552554016099;[171, 0, 17, 255, 161, 76, 221, 16, 16, 0, 0, 116, 1, 0, 186, 1, 0, 97, 3, 1]
1552554016265;[171, 0, 17, 255, 161, 76, 221, 16, 16, 0, 0, 110, 1, 0, 183, 1, 0, 98, 2, 235]
1552554016266;[171, 0, 17, 255, 161, 76, 221, 16, 16, 0, 0, 110, 1, 0, 186, 1, 0, 98, 2, 223]
1552554016433;[171, 0, 17, 255, 161, 76, 221, 16, 16, 0, 0, 114, 1, 0, 186, 1, 0, 102, 3, 8]
1552554016599;[171, 0, 17, 255, 161, 76, 221, 16, 16, 0, 0, 112, 1, 0, 185, 1, 0, 96, 3, 34]
1552554016615;[171, 0, 17, 255, 161, 76, 221, 16, 16, 0, 0, 109, 1, 0, 185, 1, 0, 101, 3, 50]
1552554016783;[171, 0, 17, 255, 161, 76, 221, 16, 16, 0, 0, 114, 1, 0, 184, 1, 0, 98, 3, 64]
1552554016783;[171, 0, 17, 255, 161, 76, 221, 16, 16, 0, 0, 112, 1, 0, 186, 1, 0, 98, 3, 65]
1552554016949;[171, 0, 4, 255, 132, 128, 63]
1552554016950;[171, 0, 17, 255, 161, 76, 221, 16, 17, 0, 0, 114, 1, 0, 186, 1, 0, 99, 3, 44]
1552554017117;[171, 0, 17, 255, 161, 76, 221, 16, 17, 0, 0, 112, 1, 0, 186, 1, 0, 98, 3, 34]
1552554017301;[171, 0, 17, 255, 161, 76, 221, 16, 17, 0, 0, 115, 1, 0, 185, 1, 0, 98, 3, 10]
1552554017302;[171, 0, 17, 255, 161, 76, 221, 16, 17, 0, 0, 114, 1, 0, 184, 1, 0, 98, 3, 48]
1552554017468;[171, 0, 17, 255, 161, 76, 221, 16, 17, 0, 0, 109, 1, 0, 185, 1, 0, 102, 3, 100]
1552554017468;[171, 0, 17, 255, 161, 76, 221, 16, 17, 0, 0, 114, 1, 0, 185, 1, 0, 98, 3, 123]
1552554017636;[171, 0, 17, 255, 161, 76, 221, 16, 17, 0, 0, 114, 1, 0, 182, 1, 0, 99, 3, 144]
1552554017819;[171, 0, 17, 255, 161, 76, 221, 16, 17, 0, 0, 111, 1, 0, 186, 1, 0, 101, 3, 158]
1552554017819;[171, 0, 17, 255, 161, 76, 221, 16, 17, 0, 0, 114, 1, 0, 187, 1, 0, 98, 3, 159]
1552554018152;[171, 0, 17, 255, 161, 76, 221, 16, 17, 0, 0, 112, 1, 0, 185, 1, 0, 101, 3, 131]
1552554018153;[171, 0, 4, 255, 132, 128, 62]
1552554018171;[171, 0, 17, 255, 161, 76, 221, 16, 18, 0, 0, 114, 1, 0, 186, 1, 0, 99, 3, 114]
1552554018171;[171, 0, 17, 255, 161, 76, 221, 16, 18, 0, 0, 112, 1, 0, 186, 1, 0, 98, 3, 101]
1552554018337;[171, 0, 17, 255, 161, 76, 221, 16, 18, 0, 0, 115, 1, 0, 184, 1, 0, 96, 3, 153]
1552554018504;[171, 0, 17, 255, 161, 76, 221, 16, 18, 0, 0, 112, 1, 0, 184, 1, 0, 98, 3, 214]
1552554018505;[171, 0, 17, 255, 161, 76, 221, 16, 18, 0, 0, 114, 1, 0, 184, 1, 0, 98, 3, 251]
1552554018671;[171, 0, 17, 255, 161, 76, 221, 16, 18, 0, 0, 110, 1, 0, 186, 1, 0, 97, 4, 22]
1552554018672;[171, 0, 17, 255, 161, 76, 221, 16, 18, 0, 0, 111, 1, 0, 184, 1, 0, 99, 4, 39]
1552554018854;[171, 0, 17, 255, 161, 76, 221, 16, 18, 0, 0, 114, 1, 0, 182, 1, 0, 105, 4, 33]
1552554019189;[171, 0, 17, 255, 161, 76, 221, 16, 18, 0, 0, 114, 1, 0, 186, 1, 0, 98, 4, 22]
1552554019189;[171, 0, 17, 255, 161, 76, 221, 16, 18, 0, 0, 112, 1, 0, 186, 1, 0, 98, 4, 2]
1552554019189;[171, 0, 4, 255, 132, 128, 62]
1552554019207;[171, 0, 17, 255, 161, 76, 221, 16, 19, 0, 0, 109, 1, 0, 182, 1, 0, 96, 3, 239]
1552554019372;[171, 0, 17, 255, 161, 76, 221, 16, 19, 0, 0, 112, 1, 0, 186, 1, 0, 101, 3, 239]
1552554019373;[171, 0, 17, 255, 161, 76, 221, 16, 19, 0, 0, 112, 1, 0, 187, 1, 0, 97, 4, 56]
1552554019540;[171, 0, 17, 255, 161, 76, 221, 16, 19, 0, 0, 114, 1, 0, 186, 1, 0, 97, 4, 115]
1552554019706;[171, 0, 17, 255, 161, 76, 221, 16, 19, 0, 0, 112, 1, 0, 186, 1, 0, 96, 4, 143]
1552554019889;[171, 0, 17, 255, 161, 76, 221, 16, 19, 0, 0, 115, 1, 0, 187, 1, 0, 98, 4, 168]
1552554019890;[171, 0, 17, 255, 161, 76, 221, 16, 19, 0, 0, 111, 1, 0, 187, 1, 0, 97, 4, 181]
1552554019891;[171, 0, 17, 255, 161, 76, 221, 16, 19, 0, 0, 113, 1, 0, 186, 1, 0, 94, 4, 171]
1552554020058;[171, 0, 17, 255, 161, 76, 221, 16, 19, 0, 0, 112, 1, 0, 185, 1, 0, 99, 4, 160]
1552554020058;[171, 0, 17, 255, 161, 76, 221, 16, 19, 0, 0, 114, 1, 0, 185, 1, 0, 94, 4, 132]
1552554020225;[171, 0, 4, 255, 132, 128, 62]
1552554020408;[171, 0, 17, 255, 161, 76, 221, 16, 20, 0, 0, 114, 1, 0, 184, 1, 0, 98, 4, 148]
1552554020409;[171, 0, 17, 255, 161, 76, 221, 16, 20, 0, 0, 114, 1, 0, 186, 1, 0, 98, 4, 215]
1552554020576;[171, 0, 17, 255, 161, 76, 221, 16, 20, 0, 0, 113, 1, 0, 186, 1, 0, 96, 5, 11]
1552554020576;[171, 0, 17, 255, 161, 76, 221, 16, 20, 0, 0, 114, 1, 0, 184, 1, 0, 101, 5, 32]
1552554020743;[171, 0, 17, 255, 161, 76, 221, 16, 20, 0, 0, 112, 1, 0, 186, 1, 0, 101, 5, 44]
1552554020926;[171, 0, 17, 255, 161, 76, 221, 16, 20, 0, 0, 110, 1, 0, 187, 1, 0, 102, 5, 40]
1552554020927;[171, 0, 17, 255, 161, 76, 221, 16, 20, 0, 0, 114, 1, 0, 184, 1, 0, 99, 5, 27]
1552554021094;[171, 0, 17, 255, 161, 76, 221, 16, 20, 0, 0, 114, 1, 0, 186, 1, 0, 104, 4, 249]
1552554021094;[171, 0, 17, 255, 161, 76, 221, 16, 20, 0, 0, 112, 1, 0, 186, 1, 0, 98, 4, 219]
1552554021260;[171, 0, 17, 255, 161, 76, 221, 16, 20, 0, 0, 112, 1, 0, 184, 1, 0, 101, 4, 182]
1552554021261;[171, 0, 4, 255, 132, 128, 62]
1552554021428;[171, 0, 17, 255, 161, 76, 221, 16, 21, 0, 0, 111, 1, 0, 184, 1, 0, 98, 4, 215]
1552554021612;[171, 0, 17, 255, 161, 76, 221, 16, 21, 0, 0, 114, 1, 0, 187, 1, 0, 99, 5, 9]
1552554021612;[171, 0, 17, 255, 161, 76, 221, 16, 21, 0, 0, 114, 1, 0, 186, 1, 0, 98, 5, 46]
1552554021779;[171, 0, 17, 255, 161, 76, 221, 16, 21, 0, 0, 114, 1, 0, 184, 1, 0, 102, 5, 66]
1552554021946;[171, 0, 17, 255, 161, 76, 221, 16, 21, 0, 0, 114, 1, 0, 184, 1, 0, 98, 5, 71]
1552554022129;[171, 0, 17, 255, 161, 76, 221, 16, 21, 0, 0, 110, 1, 0, 184, 1, 0, 95, 5, 60]
1552554022129;[171, 0, 17, 255, 161, 76, 221, 16, 21, 0, 0, 114, 1, 0, 186, 1, 0, 101, 5, 35]
1552554022130;[171, 0, 17, 255, 161, 76, 221, 16, 21, 0, 0, 110, 1, 0, 187, 1, 0, 99, 4, 255]
1552554022296;[171, 0, 17, 255, 161, 76, 221, 16, 21, 0, 0, 114, 1, 0, 186, 1, 0, 99, 4, 223]
1552554022297;[171, 0, 17, 255, 161, 76, 221, 16, 21, 0, 0, 114, 1, 0, 184, 1, 0, 102, 4, 178]
1552554022463;[171, 0, 4, 255, 132, 128, 63]
1552554022482;[171, 0, 17, 255, 161, 76, 221, 16, 22, 0, 0, 112, 1, 0, 184, 1, 0, 100, 4, 167]
1552554022647;[171, 0, 17, 255, 161, 76, 221, 16, 22, 0, 0, 114, 1, 0, 186, 1, 0, 98, 4, 214]
1552554022815;[171, 0, 17, 255, 161, 76, 221, 16, 22, 0, 0, 114, 1, 0, 184, 1, 0, 98, 4, 254]
1552554022815;[171, 0, 17, 255, 161, 76, 221, 16, 22, 0, 0, 112, 1, 0, 184, 1, 0, 102, 5, 4]
1552554022982;[171, 0, 17, 255, 161, 76, 221, 16, 22, 0, 0, 112, 1, 0, 185, 1, 0, 101, 5, 6]
1552554022997;[171, 0, 17, 255, 161, 76, 221, 16, 22, 0, 0, 112, 1, 0, 187, 1, 0, 96, 4, 241]
1552554023166;[171, 0, 17, 255, 161, 76, 221, 16, 22, 0, 0, 114, 1, 0, 186, 1, 0, 98, 4, 209]
1552554023166;[171, 0, 17, 255, 161, 76, 221, 16, 22, 0, 0, 111, 1, 0, 186, 1, 0, 99, 4, 184]
1552554023500;[171, 0, 17, 255, 161, 76, 221, 16, 22, 0, 0, 111, 1, 0, 186, 1, 0, 98, 4, 136]
1552554023515;[171, 0, 17, 255, 161, 76, 221, 16, 22, 0, 0, 114, 1, 0, 186, 1, 0, 99, 4, 110]
1552554023517;[171, 0, 4, 255, 132, 128, 63]
1552554023683;[171, 0, 17, 255, 161, 76, 221, 16, 23, 0, 0, 115, 1, 0, 188, 1, 0, 101, 4, 139]
1552554023683;[171, 0, 17, 255, 161, 76, 221, 16, 23, 0, 0, 114, 1, 0, 186, 1, 0, 99, 4, 173]
1552554023852;[171, 0, 17, 255, 161, 76, 221, 16, 23, 0, 0, 112, 1, 0, 186, 1, 0, 99, 4, 183]
1552554023853;[171, 0, 17, 255, 161, 76, 221, 16, 23, 0, 0, 112, 1, 0, 182, 1, 0, 98, 4, 179]
1552554024017;[171, 0, 17, 255, 161, 76, 221, 16, 23, 0, 0, 114, 1, 0, 186, 1, 0, 99, 4, 163]
1552554024201;[171, 0, 17, 255, 161, 76, 221, 16, 23, 0, 0, 111, 1, 0, 186, 1, 0, 98, 4, 127]
1552554024202;[171, 0, 17, 255, 161, 76, 221, 16, 23, 0, 0, 114, 1, 0, 186, 1, 0, 96, 4, 93]
1552554024368;[171, 0, 17, 255, 161, 76, 221, 16, 23, 0, 0, 114, 1, 0, 184, 1, 0, 99, 4, 49]
1552554024536;[171, 0, 17, 255, 161, 76, 221, 16, 23, 0, 0, 114, 1, 0, 186, 1, 0, 102, 3, 250]
1552554024720;[171, 0, 17, 255, 161, 76, 221, 16, 23, 0, 0, 112, 1, 0, 186, 1, 0, 98, 3, 204]
1552554024720;[171, 0, 4, 255, 132, 128, 63]
1552554024886;[171, 0, 17, 255, 161, 76, 221, 16, 24, 0, 0, 114, 1, 0, 186, 1, 0, 102, 3, 214]
1552554024887;[171, 0, 17, 255, 161, 76, 221, 16, 24, 0, 0, 110, 1, 0, 184, 1, 0, 102, 3, 252]
1552554024887;[171, 0, 17, 255, 161, 76, 221, 16, 24, 0, 0, 112, 1, 0, 185, 1, 0, 98, 4, 17]
1552554025054;[171, 0, 17, 255, 161, 76, 221, 16, 24, 0, 0, 113, 1, 0, 184, 1, 0, 98, 4, 22]
1552554025054;[171, 0, 17, 255, 161, 76, 221, 16, 24, 0, 0, 114, 1, 0, 185, 1, 0, 98, 4, 14]
1552554025236;[171, 0, 17, 255, 161, 76, 221, 16, 24, 0, 0, 114, 1, 0, 185, 1, 0, 94, 3, 252]
1552554025404;[171, 0, 17, 255, 161, 76, 221, 16, 24, 0, 0, 112, 1, 0, 188, 1, 0, 98, 3, 216]
1552554025405;[171, 0, 17, 255, 161, 76, 221, 16, 24, 0, 0, 112, 1, 0, 182, 1, 0, 96, 3, 184]
1552554025572;[171, 0, 17, 255, 161, 76, 221, 16, 24, 0, 0, 114, 1, 0, 186, 1, 0, 98, 3, 138]
1552554025573;[171, 0, 17, 255, 161, 76, 221, 16, 24, 0, 0, 112, 1, 0, 186, 1, 0, 97, 3, 96]
1552554025755;[171, 0, 4, 255, 132, 128, 63]
1552554025922;[171, 0, 17, 255, 161, 76, 221, 16, 25, 0, 0, 112, 1, 0, 186, 1, 0, 96, 3, 103]
1552554025923;[171, 0, 17, 255, 161, 76, 221, 16, 25, 0, 0, 114, 1, 0, 186, 1, 0, 96, 3, 136]
1552554026273;[171, 0, 17, 255, 161, 76, 221, 16, 25, 0, 0, 112, 1, 0, 186, 1, 0, 99, 3, 146]
1552554026440;[171, 0, 17, 255, 161, 76, 221, 16, 25, 0, 0, 114, 1, 0, 182, 1, 0, 98, 3, 147]
1552554026441;[171, 0, 17, 255, 161, 76, 221, 16, 25, 0, 0, 114, 1, 0, 182, 1, 0, 98, 3, 149]
1552554026442;[171, 0, 17, 255, 161, 76, 221, 16, 25, 0, 0, 114, 1, 0, 186, 1, 0, 98, 3, 120]
1552554026442;[171, 0, 17, 255, 161, 76, 221, 16, 25, 0, 0, 114, 1, 0, 184, 1, 0, 101, 3, 86]
1552554026607;[171, 0, 17, 255, 161, 76, 221, 16, 25, 0, 0, 112, 1, 0, 184, 1, 0, 100, 3, 55]
1552554026608;[171, 0, 17, 255, 161, 76, 221, 16, 25, 0, 0, 109, 1, 0, 186, 1, 0, 99, 3, 29]
1552554026790;[171, 0, 17, 255, 161, 76, 221, 16, 25, 0, 0, 114, 1, 0, 186, 1, 0, 98, 3, 54]
1552554026791;[171, 0, 4, 255, 132, 128, 63]
1552554027125;[171, 0, 17, 255, 161, 76, 221, 16, 26, 0, 0, 111, 1, 0, 186, 1, 0, 99, 3, 86]
1552554027126;[171, 0, 17, 255, 161, 76, 221, 16, 26, 0, 0, 115, 1, 0, 184, 1, 0, 98, 3, 96]
1552554027126;[171, 0, 17, 255, 161, 76, 221, 16, 26, 0, 0, 115, 1, 0, 186, 1, 0, 98, 3, 111]
1552554027310;[171, 0, 17, 255, 161, 76, 221, 16, 26, 0, 0, 112, 1, 0, 186, 1, 0, 99, 3, 104]
1552554027310;[171, 0, 17, 255, 161, 76, 221, 16, 26, 0, 0, 112, 1, 0, 184, 1, 0, 99, 3, 91]
1552554027477;[171, 0, 17, 255, 161, 76, 221, 16, 26, 0, 0, 112, 1, 0, 185, 1, 0, 98, 3, 59]
1552554027477;[171, 0, 17, 255, 161, 76, 221, 16, 26, 0, 0, 112, 1, 0, 185, 1, 0, 101, 3, 37]
1552554027643;[171, 0, 17, 255, 161, 76, 221, 16, 26, 0, 0, 114, 1, 0, 184, 1, 0, 101, 3, 2]
1552554027811;[171, 0, 17, 255, 161, 76, 221, 16, 26, 0, 0, 113, 1, 0, 184, 1, 0, 95, 3, 62]
1552554027826;[171, 0, 17, 255, 161, 76, 221, 16, 26, 0, 0, 112, 1, 0, 185, 1, 0, 102, 3, 104]
1552554027995;[171, 0, 4, 255, 132, 128, 63]
1552554027996;[171, 0, 17, 255, 161, 76, 221, 16, 27, 0, 0, 112, 1, 0, 186, 1, 0, 98, 3, 132]
1552554028161;[171, 0, 17, 255, 161, 76, 221, 16, 27, 0, 0, 112, 1, 0, 185, 1, 0, 102, 3, 151]
1552554028161;[171, 0, 17, 255, 161, 76, 221, 16, 27, 0, 0, 112, 1, 0, 184, 1, 0, 99, 3, 147]
1552554028329;[171, 0, 17, 255, 161, 76, 221, 16, 27, 0, 0, 115, 1, 0, 184, 1, 0, 98, 3, 143]
1552554028512;[171, 0, 17, 255, 161, 76, 221, 16, 27, 0, 0, 112, 1, 0, 186, 1, 0, 101, 3, 138]
1552554028512;[171, 0, 17, 255, 161, 76, 221, 16, 27, 0, 0, 114, 1, 0, 184, 1, 0, 100, 3, 108]
1552554028681;[171, 0, 17, 255, 161, 76, 221, 16, 27, 0, 0, 112, 1, 0, 187, 1, 0, 97, 3, 83]
1552554028682;[171, 0, 17, 255, 161, 76, 221, 16, 27, 0, 0, 112, 1, 0, 186, 1, 0, 99, 3, 141]
1552554028846;[171, 0, 17, 255, 161, 76, 221, 16, 27, 0, 0, 115, 1, 0, 185, 1, 0, 98, 3, 192]
1552554028862;[171, 0, 17, 255, 161, 76, 221, 16, 27, 0, 0, 115, 1, 0, 186, 1, 0, 97, 3, 218]
1552554029029;[171, 0, 4, 255, 132, 128, 62]
1552554029196;[171, 0, 17, 255, 161, 76, 221, 16, 28, 0, 0, 114, 1, 0, 186, 1, 0, 96, 3, 238]
1552554029197;[171, 0, 17, 255, 161, 76, 221, 16, 28, 0, 0, 111, 1, 0, 185, 1, 0, 96, 3, 245]
1552554029364;[171, 0, 17, 255, 161, 76, 221, 16, 28, 0, 0, 112, 1, 0, 184, 1, 0, 98, 3, 228]
1552554029380;[171, 0, 17, 255, 161, 76, 221, 16, 28, 0, 0, 116, 1, 0, 186, 1, 0, 99, 3, 214]
1552554029715;[171, 0, 17, 255, 161, 76, 221, 16, 28, 0, 0, 112, 1, 0, 184, 1, 0, 99, 3, 185]
1552554029716;[171, 0, 17, 255, 161, 76, 221, 16, 28, 0, 0, 111, 1, 0, 186, 1, 0, 99, 3, 163]
1552554029716;[171, 0, 17, 255, 161, 76, 221, 16, 28, 0, 0, 115, 1, 0, 186, 1, 0, 97, 3, 207]
1552554029882;[171, 0, 17, 255, 161, 76, 221, 16, 28, 0, 0, 112, 1, 0, 184, 1, 0, 99, 3, 248]
1552554029898;[171, 0, 17, 255, 161, 76, 221, 16, 28, 0, 0, 114, 1, 0, 184, 1, 0, 97, 4, 7]
1552554030065;[171, 0, 17, 255, 161, 76, 221, 16, 28, 0, 0, 114, 1, 0, 186, 1, 0, 98, 4, 10]
1552554030066;[171, 0, 4, 255, 132, 128, 63]
1552554030401;[171, 0, 17, 255, 161, 76, 221, 16, 29, 0, 0, 114, 1, 0, 187, 1, 0, 99, 4, 14]
1552554030401;[171, 0, 17, 255, 161, 76, 221, 16, 29, 0, 0, 115, 1, 0, 186, 1, 0, 101, 3, 247]
1552554030417;[171, 0, 17, 255, 161, 76, 221, 16, 29, 0, 0, 112, 1, 0, 184, 1, 0, 96, 3, 214]
1552554030584;[171, 0, 17, 255, 161, 76, 221, 16, 29, 0, 0, 112, 1, 0, 186, 1, 0, 98, 3, 183]
1552554030584;[171, 0, 17, 255, 161, 76, 221, 16, 29, 0, 0, 112, 1, 0, 185, 1, 0, 98, 3, 136]
1552554030751;[171, 0, 17, 255, 161, 76, 221, 16, 29, 0, 0, 114, 1, 0, 186, 1, 0, 100, 3, 89]
1552554030751;[171, 0, 17, 255, 161, 76, 221, 16, 29, 0, 0, 114, 1, 0, 184, 1, 0, 99, 3, 123]
1552554030919;[171, 0, 17, 255, 161, 76, 221, 16, 29, 0, 0, 111, 1, 0, 185, 1, 0, 104, 3, 168]
1552554031102;[171, 0, 17, 255, 161, 76, 221, 16, 29, 0, 0, 114, 1, 0, 183, 1, 0, 98, 3, 181]
1552554031436;[171, 0, 17, 255, 161, 76, 221, 16, 32, 0, 0, 113, 1, 0, 184, 1, 0, 98, 2, 92]
1552554031436;[171, 0, 17, 255, 161, 76, 221, 16, 32, 0, 0, 113, 1, 0, 186, 1, 0, 104, 2, 99]
1552554031619;[171, 0, 17, 255, 161, 76, 221, 16, 32, 0, 0, 111, 1, 0, 186, 1, 0, 98, 2, 81]
1552554031620;[171, 0, 17, 255, 161, 76, 221, 16, 32, 0, 0, 115, 1, 0, 182, 1, 0, 94, 2, 73]
1552554031788;[171, 0, 17, 255, 161, 76, 221, 16, 32, 0, 0, 111, 1, 0, 184, 1, 0, 98, 2, 37]
1552554031788;[171, 0, 17, 255, 161, 76, 221, 16, 32, 0, 0, 111, 1, 0, 185, 1, 0, 98, 2, 11]
1552554031954;[171, 0, 17, 255, 161, 76, 221, 16, 32, 0, 0, 112, 1, 0, 186, 1, 0, 99, 1, 223]
1552554031954;[171, 0, 17, 255, 161, 76, 221, 16, 32, 0, 0, 114, 1, 0, 185, 1, 0, 96, 1, 179]
1552554032139;[171, 0, 17, 255, 161, 76, 221, 16, 32, 0, 0, 112, 1, 0, 184, 1, 0, 96, 1, 173]
1552554032305;[171, 0, 17, 255, 161, 76, 221, 16, 32, 0, 0, 112, 1, 0, 186, 1, 0, 98, 1, 215]
1552554032305;[171, 0, 4, 255, 132, 128, 63]
1552554032472;[171, 0, 17, 255, 161, 76, 221, 16, 33, 0, 0, 112, 1, 0, 183, 1, 0, 101, 1, 247]
1552554032472;[171, 0, 17, 255, 161, 76, 221, 16, 33, 0, 0, 111, 1, 0, 186, 1, 0, 101, 2, 1]
1552554032654;[171, 0, 17, 255, 161, 76, 221, 16, 33, 0, 0, 114, 1, 0, 184, 1, 0, 104, 2, 19]
1552554032990;[171, 0, 17, 255, 161, 76, 221, 16, 33, 0, 0, 112, 1, 0, 184, 1, 0, 102, 2, 12]
1552554032990;[171, 0, 17, 255, 161, 76, 221, 16, 33, 0, 0, 114, 1, 0, 186, 1, 0, 98, 1, 255]
1552554032991;[171, 0, 17, 255, 161, 76, 221, 16, 33, 0, 0, 114, 1, 0, 185, 1, 0, 97, 1, 233]
1552554032991;[171, 0, 17, 255, 161, 76, 221, 16, 33, 0, 0, 114, 1, 0, 184, 1, 0, 98, 1, 212]
1552554033172;[171, 0, 17, 255, 161, 76, 221, 16, 33, 0, 0, 114, 1, 0, 186, 1, 0, 96, 1, 178]
1552554033173;[171, 0, 17, 255, 161, 76, 221, 16, 33, 0, 0, 110, 1, 0, 182, 1, 0, 96, 1, 163]
1552554033341;[171, 0, 17, 255, 161, 76, 221, 16, 33, 0, 0, 109, 1, 0, 186, 1, 0, 102, 1, 213]
1552554033508;[171, 0, 4, 255, 132, 128, 63]
1552554033509;[171, 0, 17, 255, 161, 76, 221, 16, 34, 0, 0, 112, 1, 0, 184, 1, 0, 99, 1, 252]
1552554033690;[171, 0, 17, 255, 161, 76, 221, 16, 34, 0, 0, 114, 1, 0, 185, 1, 0, 99, 2, 20]
1552554033691;[171, 0, 17, 255, 161, 76, 221, 16, 34, 0, 0, 112, 1, 0, 185, 1, 0, 97, 2, 40]
1552554033858;[171, 0, 17, 255, 161, 76, 221, 16, 34, 0, 0, 112, 1, 0, 184, 1, 0, 97, 2, 38]
1552554033859;[171, 0, 17, 255, 161, 76, 221, 16, 34, 0, 0, 112, 1, 0, 184, 1, 0, 100, 2, 32]
1552554034026;[171, 0, 17, 255, 161, 76, 221, 16, 34, 0, 0, 112, 1, 0, 182, 1, 0, 97, 2, 12]
1552554034209;[171, 0, 17, 255, 161, 76, 221, 16, 34, 0, 0, 111, 1, 0, 186, 1, 0, 99, 1, 253]
1552554034210;[171, 0, 17, 255, 161, 76, 221, 16, 34, 0, 0, 113, 1, 0, 186, 1, 0, 101, 1, 235]
1552554034377;[171, 0, 17, 255, 161, 76, 221, 16, 34, 0, 0, 109, 1, 0, 183, 1, 0, 96, 2, 37]
1552554034378;[171, 0, 17, 255, 161, 76, 221, 16, 34, 0, 0, 115, 1, 0, 183, 1, 0, 101, 2, 92]
1552554034710;[171, 0, 4, 255, 132, 128, 62]
1552554034730;[171, 0, 17, 255, 161, 76, 221, 16, 35, 0, 0, 115, 1, 0, 185, 1, 0, 97, 2, 129]
1552554034731;[171, 0, 17, 255, 161, 76, 221, 16, 35, 0, 0, 109, 1, 0, 184, 1, 0, 99, 2, 154]
1552554034894;[171, 0, 17, 255, 161, 76, 221, 16, 35, 0, 0, 112, 1, 0, 184, 1, 0, 98, 2, 153]
1552554034895;[171, 0, 17, 255, 161, 76, 221, 16, 35, 0, 0, 114, 1, 0, 184, 1, 0, 98, 2, 159]
1552554035062;[171, 0, 17, 255, 161, 76, 221, 16, 35, 0, 0, 114, 1, 0, 187, 1, 0, 98, 2, 143]
1552554035062;[171, 0, 17, 255, 161, 76, 221, 16, 35, 0, 0, 110, 1, 0, 186, 1, 0, 102, 2, 115]
1552554035229;[171, 0, 17, 255, 161, 76, 221, 16, 35, 0, 0, 112, 1, 0, 184, 1, 0, 102, 2, 94]
1552554035412;[171, 0, 17, 255, 161, 76, 221, 16, 35, 0, 0, 114, 1, 0, 182, 1, 0, 104, 2, 135]
1552554035413;[171, 0, 17, 255, 161, 76, 221, 16, 35, 0, 0, 112, 1, 0, 186, 1, 0, 98, 2, 202]
1552554035579;[171, 0, 17, 255, 161, 76, 221, 16, 35, 0, 0, 112, 1, 0, 184, 1, 0, 99, 2, 244]
1552554035580;[171, 0, 4, 255, 132, 128, 62]
1552554035747;[171, 0, 17, 255, 161, 76, 221, 16, 36, 0, 0, 111, 1, 0, 184, 1, 0, 104, 3, 9]
1552554035764;[171, 0, 17, 255, 161, 76, 221, 16, 36, 0, 0, 114, 1, 0, 184, 1, 0, 105, 3, 23]
1552554035930;[171, 0, 17, 255, 161, 76, 221, 16, 36, 0, 0, 109, 1, 0, 184, 1, 0, 102, 3, 19]
1552554036097;[171, 0, 17, 255, 161, 76, 221, 16, 36, 0, 0, 114, 1, 0, 186, 1, 0, 98, 3, 2]
1552554036098;[171, 0, 17, 255, 161, 76, 221, 16, 36, 0, 0, 114, 1, 0, 185, 1, 0, 98, 2, 243]
1552554036266;[171, 0, 17, 255, 161, 76, 221, 16, 36, 0, 0, 114, 1, 0, 185, 1, 0, 101, 2, 224]
1552554036266;[171, 0, 17, 255, 161, 76, 221, 16, 36, 0, 0, 114, 1, 0, 186, 1, 0, 99, 2, 239]
1552554036448;[171, 0, 17, 255, 161, 76, 221, 16, 36, 0, 0, 112, 1, 0, 186, 1, 0, 102, 3, 47]
1552554036616;[171, 0, 17, 255, 161, 76, 221, 16, 36, 0, 0, 112, 1, 0, 184, 1, 0, 98, 3, 78]
1552554036617;[171, 0, 17, 255, 161, 76, 221, 16, 36, 0, 0, 112, 1, 0, 185, 1, 0, 99, 3, 91]
1552554036783;[171, 0, 4, 255, 132, 128, 62]
1552554036784;[171, 0, 17, 255, 161, 76, 221, 16, 37, 0, 0, 112, 1, 0, 184, 1, 0, 101, 3, 100]
1552554036967;[171, 0, 17, 255, 161, 76, 221, 16, 37, 0, 0, 111, 1, 0, 185, 1, 0, 98, 3, 94]
1552554036968;[171, 0, 17, 255, 161, 76, 221, 16, 37, 0, 0, 114, 1, 0, 185, 1, 0, 104, 3, 72]
1552554037134;[171, 0, 17, 255, 161, 76, 221, 16, 37, 0, 0, 112, 1, 0, 186, 1, 0, 102, 3, 52]
1552554037302;[171, 0, 17, 255, 161, 76, 221, 16, 37, 0, 0, 112, 1, 0, 186, 1, 0, 102, 3, 20]
1552554037303;[171, 0, 17, 255, 161, 76, 221, 16, 37, 0, 0, 114, 1, 0, 185, 1, 0, 102, 3, 67]
1552554037485;[171, 0, 17, 255, 161, 76, 221, 16, 37, 0, 0, 114, 1, 0, 186, 1, 0, 99, 3, 125]
1552554037485;[171, 0, 17, 255, 161, 76, 221, 16, 37, 0, 0, 111, 1, 0, 182, 1, 0, 97, 3, 155]
1552554037652;[171, 0, 17, 255, 161, 76, 221, 16, 37, 0, 0, 114, 1, 0, 186, 1, 0, 98, 3, 174]
1552554037652;[171, 0, 17, 255, 161, 76, 221, 16, 37, 0, 0, 109, 1, 0, 184, 1, 0, 104, 3, 174]
1552554038001;[171, 0, 4, 255, 132, 128, 62]
1552554038002;[171, 0, 17, 255, 161, 76, 221, 16, 38, 0, 0, 114, 1, 0, 184, 1, 0, 96, 3, 153]
1552554038004;[171, 0, 17, 255, 161, 76, 221, 16, 38, 0, 0, 112, 1, 0, 185, 1, 0, 99, 3, 128]
1552554038169;[171, 0, 17, 255, 161, 76, 221, 16, 38, 0, 0, 112, 1, 0, 184, 1, 0, 101, 3, 99]
1552554038170;[171, 0, 17, 255, 161, 76, 221, 16, 38, 0, 0, 114, 1, 0, 186, 1, 0, 98, 3, 63]
1552554038521;[171, 0, 17, 255, 161, 76, 221, 16, 38, 0, 0, 112, 1, 0, 184, 1, 0, 98, 3, 74]
1552554038521;[171, 0, 17, 255, 161, 76, 221, 16, 38, 0, 0, 109, 1, 0, 186, 1, 0, 99, 3, 140]
1552554038522;[171, 0, 17, 255, 161, 76, 221, 16, 38, 0, 0, 112, 1, 0, 186, 1, 0, 98, 3, 180]
1552554038687;[171, 0, 17, 255, 161, 76, 221, 16, 38, 0, 0, 111, 1, 0, 185, 1, 0, 102, 3, 195]
1552554038688;[171, 0, 17, 255, 161, 76, 221, 16, 38, 0, 0, 110, 1, 0, 186, 1, 0, 98, 3, 202]
1552554038854;[171, 0, 17, 255, 161, 76, 221, 16, 38, 0, 0, 113, 1, 0, 187, 1, 0, 98, 3, 191]
1552554038855;[171, 0, 4, 255, 132, 128, 62]
1552554039039;[171, 0, 17, 255, 161, 76, 221, 16, 39, 0, 0, 114, 1, 0, 184, 1, 0, 101, 3, 161]
1552554039206;[171, 0, 17, 255, 161, 76, 221, 16, 39, 0, 0, 115, 1, 0, 182, 1, 0, 99, 3, 132]
1552554039207;[171, 0, 17, 255, 161, 76, 221, 16, 39, 0, 0, 111, 1, 0, 186, 1, 0, 98, 3, 98]
1552554039372;[171, 0, 17, 255, 161, 76, 221, 16, 39, 0, 0, 109, 1, 0, 186, 1, 0, 96, 3, 56]
1552554039373;[171, 0, 17, 255, 161, 76, 221, 16, 39, 0, 0, 110, 1, 0, 185, 1, 0, 96, 3, 89]
1552554039556;[171, 0, 17, 255, 161, 76, 221, 16, 39, 0, 0, 112, 1, 0, 185, 1, 0, 99, 3, 127]
1552554039556;[171, 0, 17, 255, 161, 76, 221, 16, 39, 0, 0, 110, 1, 0, 184, 1, 0, 102, 3, 136]
1552554039724;[171, 0, 17, 255, 161, 76, 221, 16, 39, 0, 0, 112, 1, 0, 182, 1, 0, 96, 3, 154]
1552554039890;[171, 0, 17, 255, 161, 76, 221, 16, 39, 0, 0, 112, 1, 0, 186, 1, 0, 98, 3, 144]
1552554040074;[171, 0, 17, 255, 161, 76, 221, 16, 39, 0, 0, 114, 1, 0, 186, 1, 0, 98, 3, 119]
1552554040241;[171, 0, 4, 255, 132, 128, 62]
1552554040242;[171, 0, 17, 255, 161, 76, 221, 16, 40, 0, 0, 113, 1, 0, 187, 1, 0, 98, 3, 93]
1552554040243;[171, 0, 17, 255, 161, 76, 221, 16, 40, 0, 0, 114, 1, 0, 187, 1, 0, 101, 3, 53]
1552554040410;[171, 0, 17, 255, 161, 76, 221, 16, 40, 0, 0, 112, 1, 0, 186, 1, 0, 98, 3, 5]
1552554040410;[171, 0, 17, 255, 161, 76, 221, 16, 40, 0, 0, 114, 1, 0, 186, 1, 0, 96, 3, 24]
1552554040760;[171, 0, 17, 255, 161, 76, 221, 16, 40, 0, 0, 111, 1, 0, 186, 1, 0, 99, 3, 70]
1552554040760;[171, 0, 17, 255, 161, 76, 221, 16, 40, 0, 0, 112, 1, 0, 186, 1, 0, 97, 3, 79]
1552554040761;[171, 0, 17, 255, 161, 76, 221, 16, 40, 0, 0, 111, 1, 0, 182, 1, 0, 99, 3, 89]
1552554040761;[171, 0, 17, 255, 161, 76, 221, 16, 40, 0, 0, 114, 1, 0, 185, 1, 0, 100, 3, 79]
1552554040927;[171, 0, 17, 255, 161, 76, 221, 16, 40, 0, 0, 114, 1, 0, 185, 1, 0, 96, 3, 52]
1552554041093;[171, 0, 17, 255, 161, 76, 221, 16, 40, 0, 0, 112, 1, 0, 185, 1, 0, 101, 3, 26]
1552554041110;[171, 0, 4, 255, 132, 128, 63]
1552554041278;[171, 0, 17, 255, 161, 76, 221, 16, 41, 0, 0, 114, 1, 0, 186, 1, 0, 98, 2, 244]
1552554041278;[171, 0, 17, 255, 161, 76, 221, 16, 41, 0, 0, 114, 1, 0, 183, 1, 0, 102, 2, 199]
1552554041444;[171, 0, 17, 255, 161, 76, 221, 16, 41, 0, 0, 114, 1, 0, 185, 1, 0, 101, 2, 194]
1552554041613;[171, 0, 17, 255, 161, 76, 221, 16, 41, 0, 0, 112, 1, 0, 186, 1, 0, 101, 2, 238]
1552554041627;[171, 0, 17, 255, 161, 76, 221, 16, 41, 0, 0, 112, 1, 0, 182, 1, 0, 96, 3, 20]
1552554041796;[171, 0, 17, 255, 161, 76, 221, 16, 41, 0, 0, 112, 1, 0, 186, 1, 0, 102, 3, 28]
1552554041797;[171, 0, 17, 255, 161, 76, 221, 16, 41, 0, 0, 115, 1, 0, 186, 1, 0, 97, 3, 28]
1552554041963;[171, 0, 17, 255, 161, 76, 221, 16, 41, 0, 0, 111, 1, 0, 186, 1, 0, 98, 3, 5]
1552554041964;[171, 0, 17, 255, 161, 76, 221, 16, 41, 0, 0, 111, 1, 0, 186, 1, 0, 101, 2, 240]
1552554042130;[171, 0, 17, 255, 161, 76, 221, 16, 41, 0, 0, 110, 1, 0, 185, 1, 0, 97, 2, 207]
1552554042313;[171, 0, 4, 255, 132, 128, 63]
1552554042315;[171, 0, 17, 255, 161, 76, 221, 16, 42, 0, 0, 112, 1, 0, 182, 1, 0, 98, 2, 172]
1552554042480;[171, 0, 17, 255, 161, 76, 221, 16, 42, 0, 0, 112, 1, 0, 187, 1, 0, 101, 2, 133]
1552554042481;[171, 0, 17, 255, 161, 76, 221, 16, 42, 0, 0, 114, 1, 0, 187, 1, 0, 96, 2, 169]
1552554042831;[171, 0, 17, 255, 161, 76, 221, 16, 42, 0, 0, 114, 1, 0, 186, 1, 0, 102, 2, 196]
1552554042832;[171, 0, 17, 255, 161, 76, 221, 16, 42, 0, 0, 114, 1, 0, 186, 1, 0, 98, 2, 210]
1552554042833;[171, 0, 17, 255, 161, 76, 221, 16, 42, 0, 0, 110, 1, 0, 186, 1, 0, 95, 2, 214]
1552554042998;[171, 0, 17, 255, 161, 76, 221, 16, 42, 0, 0, 109, 1, 0, 184, 1, 0, 102, 2, 206]
1552554042998;[171, 0, 17, 255, 161, 76, 221, 16, 42, 0, 0, 114, 1, 0, 187, 1, 0, 101, 2, 181]
1552554043165;[171, 0, 17, 255, 161, 76, 221, 16, 42, 0, 0, 112, 1, 0, 186, 1, 0, 98, 2, 153]
1552554043166;[171, 0, 17, 255, 161, 76, 221, 16, 42, 0, 0, 111, 1, 0, 186, 1, 0, 99, 2, 116]
1552554043349;[171, 0, 4, 255, 132, 128, 63]
1552554043517;[171, 0, 17, 255, 161, 76, 221, 16, 43, 0, 0, 115, 1, 0, 184, 1, 0, 102, 2, 83]
1552554043518;[171, 0, 17, 255, 161, 76, 221, 16, 43, 0, 0, 111, 1, 0, 185, 1, 0, 96, 2, 121]
1552554043684;[171, 0, 17, 255, 161, 76, 221, 16, 43, 0, 0, 111, 1, 0, 184, 1, 0, 98, 2, 158]
1552554043685;[171, 0, 17, 255, 161, 76, 221, 16, 43, 0, 0, 111, 1, 0, 184, 1, 0, 96, 2, 172]
1552554044035;[171, 0, 17, 255, 161, 76, 221, 16, 43, 0, 0, 109, 1, 0, 188, 1, 0, 98, 2, 178]
1552554044035;[171, 0, 17, 255, 161, 76, 221, 16, 43, 0, 0, 114, 1, 0, 186, 1, 0, 102, 2, 171]
1552554044036;[171, 0, 17, 255, 161, 76, 221, 16, 43, 0, 0, 114, 1, 0, 186, 1, 0, 99, 2, 149]
1552554044202;[171, 0, 17, 255, 161, 76, 221, 16, 43, 0, 0, 112, 1, 0, 185, 1, 0, 101, 2, 132]
1552554044218;[171, 0, 17, 255, 161, 76, 221, 16, 43, 0, 0, 110, 1, 0, 184, 1, 0, 98, 2, 96]
1552554044553;[171, 0, 17, 255, 161, 76, 221, 16, 43, 0, 0, 111, 1, 0, 184, 1, 0, 102, 2, 50]
1552554044554;[171, 0, 4, 255, 132, 128, 63]
1552554044555;[171, 0, 17, 255, 161, 76, 221, 16, 44, 0, 0, 109, 1, 0, 186, 1, 0, 103, 2, 51]
1552554044572;[171, 0, 17, 255, 161, 76, 221, 16, 44, 0, 0, 110, 1, 0, 184, 1, 0, 98, 2, 108]
1552554044720;[171, 0, 17, 255, 161, 76, 221, 16, 44, 0, 0, 114, 1, 0, 184, 1, 0, 101, 2, 140]
1552554044903;[171, 0, 17, 255, 161, 76, 221, 16, 44, 0, 0, 109, 1, 0, 182, 1, 0, 104, 2, 151]
1552554044904;[171, 0, 17, 255, 161, 76, 221, 16, 44, 0, 0, 112, 1, 0, 186, 1, 0, 97, 2, 156]
