1552553899658;[171, 0, 17, 255, 161, 76, 221, 14, 148, 1, 0, 17, 0, 0, 1, 1, 0, 254, 10, 82]
1552553899825;[171, 0, 17, 255, 161, 76, 221, 14, 148, 1, 0, 20, 0, 0, 3, 1, 0, 250, 10, 116]
1552553899826;[171, 0, 17, 255, 161, 76, 221, 14, 148, 1, 0, 18, 0, 0, 3, 1, 0, 254, 10, 159]
1552553899827;[171, 0, 17, 255, 161, 76, 221, 14, 148, 1, 0, 21, 0, 0, 0, 1, 0, 249, 10, 168]
1552553900176;[171, 0, 17, 255, 161, 76, 221, 14, 148, 1, 0, 18, 0, 0, 2, 1, 0, 249, 10, 185]
1552553900177;[171, 0, 17, 255, 161, 76, 221, 14, 148, 1, 0, 17, 1, 0, 1, 1, 0, 250, 10, 173]
1552553900178;[171, 0, 17, 255, 161, 76, 221, 14, 148, 1, 0, 19, 0, 0, 2, 1, 0, 250, 10, 156]
1552553900178;[171, 0, 17, 255, 161, 76, 221, 14, 148, 1, 0, 21, 0, 0, 1, 1, 0, 255, 10, 126]
1552553900343;[171, 0, 4, 255, 132, 128, 68]
1552553900509;[171, 0, 17, 255, 161, 76, 221, 14, 148, 1, 0, 20, 0, 0, 0, 1, 0, 255, 10, 98]
1552553900526;[171, 0, 17, 255, 161, 76, 221, 14, 149, 1, 0, 17, 0, 0, 3, 1, 0, 250, 10, 82]
1552553900693;[171, 0, 17, 255, 161, 76, 221, 14, 149, 1, 0, 18, 1, 0, 1, 1, 0, 250, 10, 150]
1552553900694;[171, 0, 17, 255, 161, 76, 221, 14, 149, 1, 0, 18, 1, 0, 1, 1, 0, 254, 10, 208]
1552553900860;[171, 0, 17, 255, 161, 76, 221, 14, 149, 1, 0, 18, 0, 0, 2, 1, 1, 3, 10, 242]
1552553900861;[171, 0, 17, 255, 161, 76, 221, 14, 149, 1, 0, 18, 1, 0, 1, 1, 0, 255, 11, 6]
1552553901027;[171, 0, 17, 255, 161, 76, 221, 14, 149, 1, 0, 18, 0, 0, 3, 1, 0, 249, 11, 11]
1552553901212;[171, 0, 17, 255, 161, 76, 221, 14, 149, 1, 0, 15, 0, 0, 2, 1, 0, 250, 10, 253]
1552553901213;[171, 0, 17, 255, 161, 76, 221, 14, 149, 1, 0, 18, 0, 0, 0, 1, 0, 255, 10, 239]
1552553901379;[171, 0, 17, 255, 161, 76, 221, 14, 149, 1, 0, 14, 0, 0, 3, 1, 0, 249, 10, 216]
1552553901380;[171, 0, 4, 255, 132, 128, 68]
1552553901546;[171, 0, 17, 255, 161, 76, 221, 14, 149, 1, 0, 18, 1, 0, 3, 1, 0, 249, 10, 180]
1552553901897;[171, 0, 17, 255, 161, 76, 221, 14, 150, 1, 0, 18, 0, 0, 1, 1, 0, 254, 10, 155]
1552553902064;[171, 0, 17, 255, 161, 76, 221, 14, 150, 1, 0, 18, 0, 0, 4, 1, 1, 3, 10, 238]
1552553902248;[171, 0, 17, 255, 161, 76, 221, 14, 150, 1, 0, 17, 0, 0, 3, 1, 0, 254, 11, 21]
1552553902249;[171, 0, 17, 255, 161, 76, 221, 14, 150, 1, 0, 17, 1, 0, 1, 1, 0, 250, 11, 44]
1552553902250;[171, 0, 17, 255, 161, 76, 221, 14, 150, 1, 0, 18, 1, 0, 1, 1, 0, 250, 11, 70]
1552553902251;[171, 0, 17, 255, 161, 76, 221, 14, 150, 1, 0, 21, 0, 0, 3, 1, 1, 3, 11, 62]
1552553902251;[171, 0, 17, 255, 161, 76, 221, 14, 150, 1, 0, 17, 0, 0, 3, 1, 0, 250, 11, 56]
1552553902415;[171, 0, 17, 255, 161, 76, 221, 14, 150, 1, 0, 21, 0, 0, 0, 1, 0, 254, 11, 28]
1552553902416;[171, 0, 17, 255, 161, 76, 221, 14, 150, 1, 0, 18, 0, 0, 2, 1, 0, 254, 10, 253]
1552553902581;[171, 0, 4, 255, 132, 128, 67]
1552553902583;[171, 0, 17, 255, 161, 76, 221, 14, 150, 1, 0, 17, 0, 0, 2, 1, 0, 255, 10, 216]
1552553902766;[171, 0, 17, 255, 161, 76, 221, 14, 151, 1, 0, 18, 0, 0, 2, 1, 0, 255, 10, 236]
1552553902933;[171, 0, 17, 255, 161, 76, 221, 14, 151, 1, 0, 17, 0, 0, 2, 1, 0, 255, 11, 9]
1552553902934;[171, 0, 17, 255, 161, 76, 221, 14, 151, 1, 0, 18, 0, 0, 2, 1, 0, 255, 10, 234]
1552553903099;[171, 0, 17, 255, 161, 76, 221, 14, 151, 1, 0, 25, 0, 0, 2, 1, 1, 5, 10, 181]
1552553903100;[171, 0, 17, 255, 161, 76, 221, 14, 151, 1, 0, 25, 1, 0, 3, 1, 1, 30, 10, 125]
1552553905139;[171, 0, 17, 255, 161, 76, 221, 14, 151, 1, 0, 9, 0, 0, 16, 1, 1, 19, 10, 59]
1552553905140;[171, 0, 17, 255, 161, 76, 221, 14, 151, 0, 0, 49, 0, 0, 62, 1, 0, 211, 10, 70]
1552553905142;[171, 0, 17, 255, 161, 76, 221, 14, 151, 1, 0, 4, 0, 0, 92, 1, 0, 213, 10, 117]
1552553905142;[171, 0, 17, 255, 161, 76, 221, 14, 151, 1, 0, 2, 0, 0, 127, 1, 0, 157, 10, 202]
1552553905143;[171, 0, 4, 255, 132, 128, 66]
1552553905145;[171, 0, 17, 255, 161, 76, 221, 14, 151, 0, 0, 143, 0, 0, 127, 0, 0, 7, 11, 181]
1552553905146;[171, 0, 17, 255, 161, 76, 221, 14, 152, 0, 0, 215, 0, 0, 133, 1, 0, 30, 12, 145]
1552553905147;[171, 0, 17, 255, 161, 76, 221, 14, 152, 0, 0, 192, 0, 0, 130, 0, 0, 18, 13, 144]
1552553905148;[171, 0, 17, 255, 161, 76, 221, 14, 152, 0, 0, 199, 0, 0, 130, 0, 0, 35, 14, 74]
1552553905149;[171, 0, 17, 255, 161, 76, 221, 14, 152, 0, 0, 191, 0, 0, 147, 0, 0, 51, 14, 195]
1552553905152;[171, 0, 17, 255, 161, 76, 221, 14, 152, 0, 0, 191, 0, 0, 138, 0, 0, 51, 15, 1]
1552553905153;[171, 0, 17, 255, 161, 76, 221, 14, 152, 0, 0, 192, 0, 0, 147, 0, 0, 57, 14, 170]
1552553905154;[171, 0, 17, 255, 161, 76, 221, 14, 152, 0, 0, 196, 0, 0, 140, 0, 0, 53, 14, 35]
1552553905155;[171, 0, 17, 255, 161, 76, 221, 14, 152, 0, 0, 194, 0, 0, 148, 0, 0, 69, 13, 195]
1552553905155;[171, 0, 17, 255, 161, 76, 221, 14, 152, 0, 0, 187, 0, 0, 144, 0, 0, 53, 13, 161]
1552553905156;[171, 0, 4, 255, 132, 128, 66]
1552553905156;[171, 0, 17, 255, 161, 76, 221, 14, 152, 0, 0, 186, 0, 0, 144, 0, 0, 53, 13, 143]
1552553905179;[171, 0, 17, 255, 161, 76, 221, 14, 153, 0, 0, 201, 0, 0, 145, 0, 0, 58, 13, 136]
1552553905180;[171, 0, 17, 255, 161, 76, 221, 14, 153, 0, 0, 206, 0, 0, 134, 0, 0, 33, 13, 107]
1552553905181;[171, 0, 17, 255, 161, 76, 221, 14, 153, 0, 0, 204, 0, 0, 145, 0, 0, 57, 13, 77]
1552553905181;[171, 0, 17, 255, 161, 76, 221, 14, 153, 0, 0, 189, 0, 0, 147, 0, 0, 53, 13, 96]
1552553905339;[171, 0, 17, 255, 161, 76, 221, 14, 153, 0, 0, 175, 0, 0, 148, 0, 0, 45, 13, 57]
1552553905522;[171, 0, 17, 255, 161, 76, 221, 14, 153, 0, 0, 194, 0, 0, 145, 0, 0, 51, 12, 226]
1552553905523;[171, 0, 17, 255, 161, 76, 221, 14, 153, 0, 0, 195, 0, 0, 142, 0, 0, 47, 12, 181]
1552553905689;[171, 0, 17, 255, 161, 76, 221, 14, 153, 0, 0, 211, 0, 0, 144, 0, 0, 81, 12, 162]
1552553905690;[171, 0, 17, 255, 161, 76, 221, 14, 153, 0, 0, 198, 0, 0, 138, 0, 0, 84, 12, 155]
1552553905857;[171, 0, 4, 255, 132, 128, 66]
1552553905879;[171, 0, 17, 255, 161, 76, 221, 14, 153, 0, 0, 170, 0, 0, 164, 0, 0, 42, 12, 121]
1552553906040;[171, 0, 17, 255, 161, 76, 221, 14, 154, 0, 0, 148, 0, 0, 172, 1, 0, 2, 12, 121]
1552553906208;[171, 0, 17, 255, 161, 76, 221, 14, 154, 0, 0, 168, 0, 0, 158, 1, 0, 43, 12, 141]
1552553906209;[171, 0, 17, 255, 161, 76, 221, 14, 154, 0, 0, 173, 0, 0, 146, 1, 0, 30, 12, 104]
1552553906375;[171, 0, 17, 255, 161, 76, 221, 14, 154, 0, 0, 146, 0, 0, 168, 1, 0, 105, 12, 63]
1552553906559;[171, 0, 17, 255, 161, 76, 221, 14, 154, 0, 0, 119, 0, 0, 172, 1, 0, 132, 12, 45]
1552553906726;[171, 0, 17, 255, 161, 76, 221, 14, 154, 0, 0, 101, 0, 0, 173, 1, 0, 146, 12, 39]
1552553906727;[171, 0, 17, 255, 161, 76, 221, 14, 154, 0, 0, 91, 0, 0, 177, 1, 0, 138, 12, 40]
1552553906728;[171, 0, 17, 255, 161, 76, 221, 14, 154, 0, 0, 79, 0, 0, 182, 1, 0, 150, 12, 142]
1552553906892;[171, 0, 17, 255, 161, 76, 221, 14, 154, 0, 0, 75, 0, 0, 192, 1, 0, 144, 12, 227]
1552553906893;[171, 0, 4, 255, 132, 128, 65]
1552553907076;[171, 0, 17, 255, 161, 76, 221, 14, 154, 0, 0, 63, 0, 0, 202, 1, 0, 117, 12, 231]
1552553907077;[171, 0, 17, 255, 161, 76, 221, 14, 155, 0, 0, 62, 0, 0, 211, 1, 0, 102, 12, 241]
1552553907243;[171, 0, 17, 255, 161, 76, 221, 14, 155, 0, 0, 64, 0, 0, 212, 1, 0, 114, 12, 236]
1552553907410;[171, 0, 17, 255, 161, 76, 221, 14, 155, 0, 0, 57, 0, 0, 213, 1, 0, 125, 12, 188]
1552553907411;[171, 0, 17, 255, 161, 76, 221, 14, 155, 0, 0, 33, 0, 0, 228, 1, 0, 114, 12, 146]
1552553907594;[171, 0, 17, 255, 161, 76, 221, 14, 155, 0, 0, 1, 0, 0, 224, 1, 0, 113, 12, 72]
1552553907595;[171, 0, 17, 255, 161, 76, 221, 14, 155, 1, 0, 52, 0, 0, 211, 1, 0, 135, 11, 225]
1552553907762;[171, 0, 17, 255, 161, 76, 221, 14, 155, 1, 0, 45, 0, 0, 208, 1, 0, 133, 12, 18]
1552553907763;[171, 0, 17, 255, 161, 76, 221, 14, 155, 1, 0, 37, 0, 0, 211, 1, 0, 139, 12, 76]
1552553907928;[171, 0, 17, 255, 161, 76, 221, 14, 155, 1, 0, 35, 0, 0, 212, 1, 0, 135, 12, 108]
1552553908111;[171, 0, 4, 255, 132, 128, 65]
1552553908112;[171, 0, 17, 255, 161, 76, 221, 14, 155, 1, 0, 35, 0, 0, 211, 1, 0, 142, 12, 132]
1552553908279;[171, 0, 17, 255, 161, 76, 221, 14, 156, 1, 0, 30, 0, 0, 211, 1, 0, 133, 12, 151]
1552553908280;[171, 0, 17, 255, 161, 76, 221, 14, 156, 1, 0, 29, 0, 0, 211, 1, 0, 133, 12, 152]
1552553908446;[171, 0, 17, 255, 161, 76, 221, 14, 156, 1, 0, 51, 0, 0, 208, 1, 0, 133, 12, 143]
1552553908630;[171, 0, 17, 255, 161, 76, 221, 14, 156, 0, 0, 15, 0, 0, 205, 1, 0, 126, 12, 184]
1552553908631;[171, 0, 17, 255, 161, 76, 221, 14, 156, 0, 0, 74, 0, 0, 217, 1, 0, 107, 13, 59]
1552553908797;[171, 0, 17, 255, 161, 76, 221, 14, 156, 0, 0, 61, 0, 0, 213, 1, 0, 119, 13, 135]
1552553908798;[171, 0, 17, 255, 161, 76, 221, 14, 156, 0, 0, 65, 0, 0, 215, 1, 0, 111, 13, 132]
1552553909148;[171, 0, 17, 255, 161, 76, 221, 14, 156, 0, 0, 54, 0, 0, 217, 1, 0, 111, 13, 136]
1552553909149;[171, 0, 17, 255, 161, 76, 221, 14, 156, 0, 0, 62, 0, 0, 215, 1, 0, 113, 13, 110]
1552553909150;[171, 0, 4, 255, 132, 128, 65]
1552553909316;[171, 0, 17, 255, 161, 76, 221, 14, 156, 0, 0, 55, 0, 0, 215, 1, 0, 109, 13, 96]
1552553909317;[171, 0, 17, 255, 161, 76, 221, 14, 157, 0, 0, 67, 0, 0, 212, 1, 0, 111, 13, 72]
1552553909482;[171, 0, 17, 255, 161, 76, 221, 14, 157, 0, 0, 66, 0, 0, 211, 1, 0, 114, 13, 72]
1552553909484;[171, 0, 17, 255, 161, 76, 221, 14, 157, 0, 0, 54, 0, 0, 215, 1, 0, 105, 13, 110]
1552553909666;[171, 0, 17, 255, 161, 76, 221, 14, 157, 0, 0, 60, 0, 0, 210, 1, 0, 118, 13, 108]
1552553909999;[171, 0, 17, 255, 161, 76, 221, 14, 157, 0, 0, 69, 0, 0, 210, 1, 0, 117, 13, 105]
1552553910001;[171, 0, 17, 255, 161, 76, 221, 14, 157, 0, 0, 66, 0, 0, 211, 1, 0, 117, 13, 92]
1552553910001;[171, 0, 17, 255, 161, 76, 221, 14, 157, 0, 0, 72, 0, 0, 210, 1, 0, 118, 13, 62]
1552553910016;[171, 0, 17, 255, 161, 76, 221, 14, 157, 0, 0, 67, 0, 0, 210, 1, 0, 122, 13, 26]
1552553910184;[171, 0, 17, 255, 161, 76, 221, 14, 157, 0, 0, 66, 0, 0, 210, 1, 0, 118, 12, 240]
1552553910185;[171, 0, 4, 255, 132, 128, 65]
1552553910351;[171, 0, 17, 255, 161, 76, 221, 14, 157, 0, 0, 70, 0, 0, 210, 1, 0, 119, 13, 16]
1552553910686;[171, 0, 17, 255, 161, 76, 221, 14, 158, 0, 0, 67, 0, 0, 210, 1, 0, 119, 13, 54]
1552553910701;[171, 0, 17, 255, 161, 76, 221, 14, 158, 0, 0, 68, 0, 0, 210, 1, 0, 117, 13, 60]
1552553910702;[171, 0, 17, 255, 161, 76, 221, 14, 158, 0, 0, 67, 0, 0, 210, 1, 0, 116, 13, 60]
1552553910702;[171, 0, 17, 255, 161, 76, 221, 14, 158, 0, 0, 65, 0, 0, 207, 1, 0, 125, 13, 43]
1552553910868;[171, 0, 17, 255, 161, 76, 221, 14, 158, 0, 0, 63, 0, 0, 210, 1, 0, 122, 13, 1]
1552553911203;[171, 0, 17, 255, 161, 76, 221, 14, 158, 0, 0, 69, 0, 0, 210, 1, 0, 111, 12, 195]
1552553911376;[171, 0, 17, 255, 161, 76, 221, 14, 158, 0, 0, 66, 0, 0, 206, 1, 0, 126, 12, 158]
1552553911386;[171, 0, 17, 255, 161, 76, 221, 14, 158, 0, 0, 55, 0, 0, 208, 1, 0, 128, 12, 122]
1552553911386;[171, 0, 17, 255, 161, 76, 221, 14, 158, 0, 0, 80, 0, 0, 208, 1, 0, 111, 12, 173]
1552553911387;[171, 0, 4, 255, 132, 128, 65]
1552553911388;[171, 0, 17, 255, 161, 76, 221, 14, 158, 0, 0, 76, 0, 0, 209, 1, 0, 109, 12, 210]
1552553911554;[171, 0, 17, 255, 161, 76, 221, 14, 159, 0, 0, 74, 0, 0, 210, 1, 0, 107, 12, 209]
1552553911721;[171, 0, 17, 255, 161, 76, 221, 14, 159, 0, 0, 80, 0, 0, 210, 1, 0, 107, 12, 194]
1552553911737;[171, 0, 17, 255, 161, 76, 221, 14, 159, 0, 0, 76, 0, 0, 208, 1, 0, 109, 12, 162]
1552553911905;[171, 0, 17, 255, 161, 76, 221, 14, 159, 0, 0, 74, 0, 0, 205, 1, 0, 108, 12, 138]
1552553911906;[171, 0, 17, 255, 161, 76, 221, 14, 159, 0, 0, 85, 0, 0, 208, 1, 0, 109, 12, 116]
1552553912239;[171, 0, 17, 255, 161, 76, 221, 14, 159, 0, 0, 75, 0, 0, 208, 1, 0, 114, 12, 78]
1552553912289;[171, 0, 17, 255, 161, 76, 221, 14, 159, 0, 0, 74, 0, 0, 206, 1, 0, 111, 12, 83]
1552553912290;[171, 0, 17, 255, 161, 76, 221, 14, 159, 0, 0, 84, 0, 0, 208, 1, 0, 116, 12, 118]
1552553912423;[171, 0, 17, 255, 161, 76, 221, 14, 159, 0, 0, 78, 0, 0, 202, 1, 0, 122, 12, 154]
1552553912424;[171, 0, 4, 255, 132, 128, 65]
1552553912590;[171, 0, 17, 255, 161, 76, 221, 14, 159, 0, 0, 79, 0, 0, 202, 1, 0, 116, 12, 149]
1552553912591;[171, 0, 17, 255, 161, 76, 221, 14, 160, 0, 0, 85, 0, 0, 205, 1, 0, 114, 12, 115]
1552553912757;[171, 0, 17, 255, 161, 76, 221, 14, 160, 0, 0, 67, 0, 0, 208, 1, 0, 98, 12, 57]
1552553912758;[171, 0, 17, 255, 161, 76, 221, 14, 160, 0, 0, 78, 0, 0, 206, 1, 0, 61, 12, 166]
1552553912941;[171, 0, 17, 255, 161, 76, 221, 14, 160, 0, 0, 138, 0, 0, 214, 0, 0, 1, 13, 160]
1552553913107;[171, 0, 17, 255, 161, 76, 221, 14, 160, 0, 0, 135, 0, 0, 212, 0, 0, 6, 14, 33]
1552553913108;[171, 0, 17, 255, 161, 76, 221, 14, 160, 0, 0, 133, 0, 0, 217, 0, 0, 3, 14, 76]
1552553913277;[171, 0, 17, 255, 161, 76, 221, 14, 160, 0, 0, 144, 0, 0, 210, 1, 0, 14, 14, 128]
1552553913278;[171, 0, 17, 255, 161, 76, 221, 14, 160, 0, 0, 82, 0, 0, 175, 1, 0, 118, 14, 71]
1552553913458;[171, 0, 17, 255, 161, 76, 221, 14, 160, 0, 0, 123, 0, 0, 225, 0, 0, 14, 13, 140]
1552553913625;[171, 0, 4, 255, 132, 128, 66]
1552553913627;[171, 0, 17, 255, 161, 76, 221, 14, 160, 0, 0, 122, 0, 0, 210, 1, 0, 21, 12, 211]
1552553913976;[171, 0, 17, 255, 161, 76, 221, 14, 161, 0, 0, 115, 0, 0, 214, 1, 0, 20, 12, 31]
1552553913976;[171, 0, 17, 255, 161, 76, 221, 14, 161, 0, 0, 127, 0, 0, 214, 1, 0, 12, 11, 137]
1552553913977;[171, 0, 17, 255, 161, 76, 221, 14, 161, 0, 0, 139, 0, 0, 210, 1, 0, 25, 11, 19]
1552553913977;[171, 0, 17, 255, 161, 76, 221, 14, 161, 0, 0, 112, 0, 0, 217, 1, 0, 27, 10, 180]
1552553914143;[171, 0, 17, 255, 161, 76, 221, 14, 161, 0, 0, 108, 0, 0, 214, 1, 0, 25, 10, 104]
1552553914311;[171, 0, 17, 255, 161, 76, 221, 14, 161, 0, 0, 114, 0, 0, 217, 1, 0, 25, 10, 26]
1552553914312;[171, 0, 17, 255, 161, 76, 221, 14, 161, 0, 0, 114, 0, 0, 216, 1, 0, 26, 9, 195]
1552553914494;[171, 0, 17, 255, 161, 76, 221, 14, 161, 0, 0, 114, 0, 0, 215, 1, 0, 26, 9, 115]
1552553914495;[171, 0, 17, 255, 161, 76, 221, 14, 161, 0, 0, 116, 0, 0, 217, 1, 0, 25, 9, 39]
1552553914662;[171, 0, 4, 255, 132, 128, 66]
1552553914663;[171, 0, 17, 255, 161, 76, 221, 14, 161, 0, 0, 97, 0, 0, 223, 1, 0, 29, 8, 209]
1552553914829;[171, 0, 17, 255, 161, 76, 221, 14, 162, 0, 0, 107, 0, 0, 224, 1, 0, 29, 8, 133]
1552553915179;[171, 0, 17, 255, 161, 76, 221, 14, 162, 0, 0, 103, 0, 0, 223, 1, 0, 26, 8, 67]
1552553915179;[171, 0, 17, 255, 161, 76, 221, 14, 162, 0, 0, 97, 0, 0, 223, 1, 0, 29, 8, 27]
1552553915180;[171, 0, 17, 255, 161, 76, 221, 14, 162, 0, 0, 108, 0, 0, 221, 1, 0, 32, 7, 223]
1552553915180;[171, 0, 17, 255, 161, 76, 221, 14, 162, 0, 0, 109, 0, 0, 220, 1, 0, 29, 7, 181]
1552553915531;[171, 0, 17, 255, 161, 76, 221, 14, 162, 0, 0, 108, 0, 0, 219, 1, 0, 33, 7, 126]
1552553915532;[171, 0, 17, 255, 161, 76, 221, 14, 162, 0, 0, 106, 0, 0, 222, 1, 0, 29, 7, 75]
1552553915533;[171, 0, 17, 255, 161, 76, 221, 14, 162, 0, 0, 103, 0, 0, 225, 1, 0, 33, 7, 25]
1552553915698;[171, 0, 17, 255, 161, 76, 221, 14, 162, 0, 0, 97, 0, 0, 224, 1, 0, 33, 6, 225]
1552553915699;[171, 0, 4, 255, 132, 128, 67]
1552553915865;[171, 0, 17, 255, 161, 76, 221, 14, 162, 0, 0, 105, 0, 0, 221, 1, 0, 31, 6, 176]
1552553915867;[171, 0, 17, 255, 161, 76, 221, 14, 163, 0, 0, 107, 0, 0, 222, 1, 0, 30, 6, 154]
1552553916032;[171, 0, 17, 255, 161, 76, 221, 14, 163, 0, 0, 103, 0, 0, 223, 1, 0, 33, 6, 130]
1552553916216;[171, 0, 17, 255, 161, 76, 221, 14, 163, 0, 0, 101, 0, 0, 227, 1, 0, 30, 6, 96]
1552553916217;[171, 0, 17, 255, 161, 76, 221, 14, 163, 0, 0, 107, 0, 0, 224, 1, 0, 32, 6, 62]
1552553916383;[171, 0, 17, 255, 161, 76, 221, 14, 163, 0, 0, 101, 0, 0, 225, 1, 0, 33, 6, 19]
1552553916384;[171, 0, 17, 255, 161, 76, 221, 14, 163, 0, 0, 109, 0, 0, 221, 1, 0, 29, 5, 233]
1552553916550;[171, 0, 17, 255, 161, 76, 221, 14, 163, 0, 0, 97, 0, 0, 224, 1, 0, 32, 5, 190]
1552553916738;[171, 0, 17, 255, 161, 76, 221, 14, 163, 0, 0, 97, 0, 0, 225, 1, 0, 32, 5, 148]
1552553916749;[171, 0, 17, 255, 161, 76, 221, 14, 163, 0, 0, 97, 0, 0, 227, 1, 0, 27, 5, 131]
1552553916901;[171, 0, 4, 255, 132, 128, 68]
1552553916903;[171, 0, 17, 255, 161, 76, 221, 14, 163, 0, 0, 103, 0, 0, 224, 1, 0, 31, 5, 131]
1552553917252;[171, 0, 17, 255, 161, 76, 221, 14, 164, 0, 0, 101, 0, 0, 224, 1, 0, 32, 5, 129]
1552553917253;[171, 0, 17, 255, 161, 76, 221, 14, 164, 0, 0, 108, 0, 0, 226, 1, 0, 33, 5, 129]
1552553917254;[171, 0, 17, 255, 161, 76, 221, 14, 164, 0, 0, 96, 0, 0, 223, 1, 0, 35, 5, 126]
1552553917419;[171, 0, 17, 255, 161, 76, 221, 14, 164, 0, 0, 95, 0, 0, 224, 1, 0, 31, 5, 100]
1552553917420;[171, 0, 17, 255, 161, 76, 221, 14, 164, 0, 0, 97, 0, 0, 227, 1, 0, 33, 5, 82]
1552553917586;[171, 0, 17, 255, 161, 76, 221, 14, 164, 0, 0, 97, 0, 0, 222, 1, 0, 31, 5, 70]
1552553917602;[171, 0, 17, 255, 161, 76, 221, 14, 164, 0, 0, 108, 0, 0, 223, 1, 0, 33, 5, 62]
1552553917770;[171, 0, 17, 255, 161, 76, 221, 14, 164, 0, 0, 101, 0, 0, 228, 1, 0, 33, 5, 117]
1552553917771;[171, 0, 17, 255, 161, 76, 221, 14, 164, 0, 0, 97, 0, 0, 226, 1, 0, 33, 5, 159]
1552553917937;[171, 0, 4, 255, 132, 128, 69]
1552553918287;[171, 0, 17, 255, 161, 76, 221, 14, 164, 0, 0, 96, 0, 0, 226, 1, 0, 31, 5, 200]
1552553918288;[171, 0, 17, 255, 161, 76, 221, 14, 165, 0, 0, 103, 0, 0, 223, 1, 0, 33, 5, 212]
1552553918289;[171, 0, 17, 255, 161, 76, 221, 14, 165, 0, 0, 97, 0, 0, 221, 1, 0, 33, 5, 226]
1552553918290;[171, 0, 17, 255, 161, 76, 221, 14, 165, 0, 0, 103, 0, 0, 221, 1, 0, 30, 5, 224]
1552553918454;[171, 0, 17, 255, 161, 76, 221, 14, 165, 0, 0, 103, 0, 0, 223, 1, 0, 35, 5, 220]
1552553918621;[171, 0, 17, 255, 161, 76, 221, 14, 165, 0, 0, 101, 0, 0, 225, 1, 0, 30, 6, 5]
1552553918638;[171, 0, 17, 255, 161, 76, 221, 14, 165, 0, 0, 97, 0, 0, 225, 1, 0, 29, 6, 81]
1552553918805;[171, 0, 17, 255, 161, 76, 221, 14, 165, 0, 0, 103, 0, 0, 222, 1, 0, 33, 6, 124]
1552553918806;[171, 0, 17, 255, 161, 76, 221, 14, 165, 0, 0, 103, 0, 0, 222, 1, 0, 33, 6, 160]
1552553918972;[171, 0, 17, 255, 161, 76, 221, 14, 165, 0, 0, 109, 0, 0, 224, 1, 0, 30, 6, 189]
1552553918973;[171, 0, 4, 255, 132, 128, 69]
1552553919139;[171, 0, 17, 255, 161, 76, 221, 14, 165, 0, 0, 96, 0, 0, 224, 1, 0, 35, 6, 197]
1552553919489;[171, 0, 17, 255, 161, 76, 221, 14, 166, 0, 0, 96, 0, 0, 225, 1, 0, 30, 6, 204]
1552553919490;[171, 0, 17, 255, 161, 76, 221, 14, 166, 0, 0, 102, 0, 0, 226, 1, 0, 29, 6, 200]
1552553919491;[171, 0, 17, 255, 161, 76, 221, 14, 166, 0, 0, 103, 0, 0, 220, 1, 0, 33, 7, 3]
1552553919840;[171, 0, 17, 255, 161, 76, 221, 14, 166, 0, 0, 107, 0, 0, 222, 1, 0, 30, 7, 69]
1552553919841;[171, 0, 17, 255, 161, 76, 221, 14, 166, 0, 0, 107, 0, 0, 221, 1, 0, 32, 7, 100]
1552553919841;[171, 0, 17, 255, 161, 76, 221, 14, 166, 0, 0, 103, 0, 0, 225, 1, 0, 33, 7, 132]
1552553919841;[171, 0, 17, 255, 161, 76, 221, 14, 166, 0, 0, 96, 0, 0, 220, 1, 0, 33, 7, 151]
1552553920008;[171, 0, 17, 255, 161, 76, 221, 14, 166, 0, 0, 107, 0, 0, 223, 1, 0, 32, 7, 151]
1552553920176;[171, 0, 17, 255, 161, 76, 221, 14, 168, 0, 0, 107, 0, 0, 221, 1, 0, 30, 8, 102]
1552553920359;[171, 0, 17, 255, 161, 76, 221, 14, 169, 0, 0, 108, 0, 0, 220, 1, 0, 33, 8, 92]
1552553920525;[171, 0, 17, 255, 161, 76, 221, 14, 169, 0, 0, 108, 0, 0, 220, 1, 0, 32, 8, 76]
1552553920875;[171, 0, 17, 255, 161, 76, 221, 14, 169, 0, 0, 103, 0, 0, 219, 1, 0, 33, 8, 46]
1552553920877;[171, 0, 17, 255, 161, 76, 221, 14, 169, 0, 0, 97, 0, 0, 224, 1, 0, 32, 8, 18]
1552553920877;[171, 0, 17, 255, 161, 76, 221, 14, 169, 0, 0, 101, 0, 0, 222, 1, 0, 30, 7, 236]
1552553920878;[171, 0, 17, 255, 161, 76, 221, 14, 169, 0, 0, 106, 0, 0, 225, 1, 0, 33, 8, 2]
1552553920878;[171, 0, 17, 255, 161, 76, 221, 14, 169, 0, 0, 111, 0, 0, 219, 1, 0, 33, 8, 23]
1552553921045;[171, 0, 17, 255, 161, 76, 221, 14, 169, 0, 0, 108, 0, 0, 218, 1, 0, 33, 8, 26]
1552553921211;[171, 0, 17, 255, 161, 76, 221, 14, 169, 0, 0, 106, 0, 0, 222, 1, 0, 30, 8, 29]
1552553921212;[171, 0, 4, 255, 132, 128, 72]
1552553921394;[171, 0, 17, 255, 161, 76, 221, 14, 169, 0, 0, 97, 0, 0, 223, 1, 0, 33, 8, 3]
1552553921394;[171, 0, 17, 255, 161, 76, 221, 14, 170, 0, 0, 107, 0, 0, 221, 1, 0, 31, 7, 243]
1552553921562;[171, 0, 17, 255, 161, 76, 221, 14, 170, 0, 0, 106, 0, 0, 222, 1, 0, 33, 7, 209]
1552553921730;[171, 0, 17, 255, 161, 76, 221, 14, 170, 0, 0, 111, 0, 0, 222, 1, 0, 29, 7, 180]
1552553921730;[171, 0, 17, 255, 161, 76, 221, 14, 170, 0, 0, 97, 0, 0, 223, 1, 0, 33, 7, 152]
1552553921896;[171, 0, 17, 255, 161, 76, 221, 14, 170, 0, 0, 108, 0, 0, 218, 1, 0, 29, 7, 183]
1552553921913;[171, 0, 17, 255, 161, 76, 221, 14, 170, 0, 0, 103, 0, 0, 223, 1, 0, 31, 7, 198]
1552553922079;[171, 0, 17, 255, 161, 76, 221, 14, 170, 0, 0, 107, 0, 0, 223, 1, 0, 33, 7, 186]
1552553922079;[171, 0, 17, 255, 161, 76, 221, 14, 170, 0, 0, 109, 0, 0, 221, 1, 0, 30, 7, 190]
1552553922247;[171, 0, 17, 255, 161, 76, 221, 14, 170, 0, 0, 107, 0, 0, 223, 1, 0, 30, 7, 179]
1552553922414;[171, 0, 4, 255, 132, 128, 73]
1552553922433;[171, 0, 17, 255, 161, 76, 221, 14, 170, 0, 0, 107, 0, 0, 220, 1, 0, 30, 7, 162]
1552553922765;[171, 0, 17, 255, 161, 76, 221, 14, 171, 0, 0, 106, 0, 0, 222, 1, 0, 29, 7, 133]
1552553922765;[171, 0, 17, 255, 161, 76, 221, 14, 171, 0, 0, 103, 0, 0, 221, 1, 0, 33, 7, 102]
1552553922766;[171, 0, 17, 255, 161, 76, 221, 14, 171, 0, 0, 107, 0, 0, 223, 1, 0, 31, 7, 77]
1552553922766;[171, 0, 17, 255, 161, 76, 221, 14, 171, 0, 0, 109, 0, 0, 220, 1, 0, 30, 7, 102]
1552553922932;[171, 0, 17, 255, 161, 76, 221, 14, 171, 0, 0, 106, 0, 0, 220, 1, 0, 32, 7, 121]
1552553923284;[171, 0, 17, 255, 161, 76, 221, 14, 171, 0, 0, 101, 0, 0, 224, 1, 0, 30, 7, 123]
1552553923284;[171, 0, 17, 255, 161, 76, 221, 14, 171, 0, 0, 101, 0, 0, 223, 1, 0, 29, 7, 127]
1552553923285;[171, 0, 17, 255, 161, 76, 221, 14, 171, 0, 0, 101, 0, 0, 222, 1, 0, 31, 7, 122]
1552553923285;[171, 0, 17, 255, 161, 76, 221, 14, 171, 0, 0, 101, 0, 0, 222, 1, 0, 33, 7, 109]
1552553923450;[171, 0, 4, 255, 132, 128, 73]
1552553923801;[171, 0, 17, 255, 161, 76, 221, 14, 171, 0, 0, 108, 0, 0, 223, 1, 0, 30, 7, 97]
1552553923801;[171, 0, 17, 255, 161, 76, 221, 14, 172, 0, 0, 103, 0, 0, 225, 1, 0, 31, 7, 72]
1552553923802;[171, 0, 17, 255, 161, 76, 221, 14, 172, 0, 0, 101, 0, 0, 221, 1, 0, 33, 7, 81]
1552553923802;[171, 0, 17, 255, 161, 76, 221, 14, 172, 0, 0, 107, 0, 0, 222, 1, 0, 33, 7, 117]
1552553923968;[171, 0, 17, 255, 161, 76, 221, 14, 172, 0, 0, 107, 0, 0, 221, 1, 0, 33, 7, 114]
1552553923968;[171, 0, 17, 255, 161, 76, 221, 14, 172, 0, 0, 109, 0, 0, 223, 1, 0, 31, 7, 124]
1552553924318;[171, 0, 17, 255, 161, 76, 221, 14, 172, 0, 0, 107, 0, 0, 218, 1, 0, 33, 7, 125]
1552553924319;[171, 0, 17, 255, 161, 76, 221, 14, 172, 0, 0, 105, 0, 0, 219, 1, 0, 33, 7, 111]
1552553924319;[171, 0, 17, 255, 161, 76, 221, 14, 172, 0, 0, 108, 0, 0, 225, 1, 0, 30, 7, 100]
1552553924486;[171, 0, 17, 255, 161, 76, 221, 14, 172, 0, 0, 108, 0, 0, 221, 1, 0, 33, 7, 83]
1552553924487;[171, 0, 4, 255, 132, 128, 73]
1552553924858;[171, 0, 17, 255, 161, 76, 221, 14, 172, 0, 0, 108, 0, 0, 218, 1, 0, 30, 7, 65]
1552553924859;[171, 0, 17, 255, 161, 76, 221, 14, 173, 0, 0, 107, 0, 0, 221, 1, 0, 31, 7, 104]
1552553924859;[171, 0, 17, 255, 161, 76, 221, 14, 173, 0, 0, 108, 0, 0, 223, 1, 0, 33, 7, 149]
1552553925004;[171, 0, 17, 255, 161, 76, 221, 14, 173, 0, 0, 101, 0, 0, 224, 1, 0, 33, 7, 187]
1552553925005;[171, 0, 17, 255, 161, 76, 221, 14, 173, 0, 0, 101, 0, 0, 221, 1, 0, 33, 7, 211]
1552553925188;[171, 0, 17, 255, 161, 76, 221, 14, 173, 0, 0, 106, 0, 0, 224, 1, 0, 33, 7, 221]
1552553925189;[171, 0, 17, 255, 161, 76, 221, 14, 173, 0, 0, 108, 0, 0, 223, 1, 0, 29, 7, 226]
1552553925355;[171, 0, 17, 255, 161, 76, 221, 14, 173, 0, 0, 101, 0, 0, 223, 1, 0, 33, 7, 231]
1552553925522;[171, 0, 17, 255, 161, 76, 221, 14, 173, 0, 0, 97, 0, 0, 221, 1, 0, 33, 7, 216]
1552553925539;[171, 0, 17, 255, 161, 76, 221, 14, 173, 0, 0, 139, 0, 0, 220, 1, 0, 46, 7, 182]
1552553925706;[171, 0, 4, 255, 132, 128, 73]
1552553925708;[171, 0, 17, 255, 161, 76, 221, 14, 173, 0, 0, 101, 0, 0, 220, 1, 0, 60, 7, 204]
1552553926041;[171, 0, 17, 255, 161, 76, 221, 14, 174, 1, 0, 2, 0, 0, 240, 1, 0, 30, 7, 234]
1552553926042;[171, 0, 17, 255, 161, 76, 221, 14, 174, 0, 0, 3, 0, 0, 231, 1, 0, 63, 7, 246]
1552553926057;[171, 0, 17, 255, 161, 76, 221, 14, 174, 1, 0, 100, 0, 0, 211, 1, 0, 6, 6, 234]
1552553926224;[171, 0, 17, 255, 161, 76, 221, 14, 174, 1, 0, 177, 0, 0, 175, 1, 0, 91, 5, 127]
1552553926225;[171, 0, 17, 255, 161, 76, 221, 14, 174, 1, 0, 178, 0, 0, 170, 1, 0, 181, 4, 242]
1552553926392;[171, 0, 17, 255, 161, 76, 221, 14, 174, 1, 0, 149, 0, 0, 178, 1, 0, 115, 4, 117]
1552553926393;[171, 0, 17, 255, 161, 76, 221, 14, 174, 1, 0, 151, 0, 0, 158, 1, 0, 116, 4, 72]
1552553926741;[171, 0, 17, 255, 161, 76, 221, 14, 174, 1, 0, 157, 0, 0, 149, 1, 0, 111, 4, 65]
1552553926742;[171, 0, 17, 255, 161, 76, 221, 14, 174, 1, 0, 172, 0, 0, 147, 1, 0, 130, 4, 64]
1552553926742;[171, 0, 4, 255, 132, 128, 73]
1552553926910;[171, 0, 17, 255, 161, 76, 221, 14, 174, 1, 0, 155, 0, 0, 187, 1, 0, 87, 4, 89]
1552553926911;[171, 0, 17, 255, 161, 76, 221, 14, 175, 1, 0, 182, 0, 0, 182, 1, 0, 110, 4, 98]
1552553927076;[171, 0, 17, 255, 161, 76, 221, 14, 175, 1, 0, 185, 0, 0, 179, 1, 0, 38, 4, 89]
1552553927077;[171, 0, 17, 255, 161, 76, 221, 14, 175, 1, 0, 187, 0, 0, 188, 1, 0, 6, 4, 79]
1552553927260;[171, 0, 17, 255, 161, 76, 221, 14, 175, 1, 0, 188, 0, 0, 180, 1, 0, 5, 4, 127]
1552553927426;[171, 0, 17, 255, 161, 76, 221, 14, 175, 1, 0, 186, 0, 0, 179, 0, 0, 0, 4, 140]
1552553927426;[171, 0, 17, 255, 161, 76, 221, 14, 175, 1, 0, 185, 0, 0, 182, 1, 0, 7, 4, 108]
1552553927593;[171, 0, 17, 255, 161, 76, 221, 14, 175, 1, 0, 205, 0, 0, 174, 1, 0, 15, 4, 87]
1552553927594;[171, 0, 17, 255, 161, 76, 221, 14, 175, 1, 0, 185, 0, 0, 180, 1, 0, 12, 4, 96]
1552553927778;[171, 0, 17, 255, 161, 76, 221, 14, 175, 1, 0, 196, 0, 0, 179, 1, 0, 9, 4, 156]
1552553927779;[171, 0, 4, 255, 132, 128, 72]
1552553927945;[171, 0, 17, 255, 161, 76, 221, 14, 175, 1, 0, 190, 0, 0, 179, 1, 0, 12, 4, 223]
1552553928112;[171, 0, 17, 255, 161, 76, 221, 14, 176, 1, 0, 194, 0, 0, 179, 1, 0, 25, 5, 11]
1552553928112;[171, 0, 17, 255, 161, 76, 221, 14, 176, 1, 0, 188, 0, 0, 181, 1, 0, 21, 5, 25]
1552553928287;[171, 0, 17, 255, 161, 76, 221, 14, 176, 1, 0, 188, 0, 0, 179, 1, 0, 29, 5, 43]
1552553928290;[171, 0, 17, 255, 161, 76, 221, 14, 176, 1, 0, 189, 0, 0, 180, 1, 0, 29, 5, 36]
1552553928464;[171, 0, 17, 255, 161, 76, 221, 14, 176, 1, 0, 193, 0, 0, 180, 1, 0, 29, 5, 31]
1552553928465;[171, 0, 17, 255, 161, 76, 221, 14, 176, 1, 0, 186, 0, 0, 181, 1, 0, 26, 5, 31]
1552553928630;[171, 0, 17, 255, 161, 76, 221, 14, 176, 1, 0, 185, 0, 0, 180, 1, 0, 31, 5, 82]
1552553928815;[171, 0, 17, 255, 161, 76, 221, 14, 176, 1, 0, 190, 0, 0, 179, 1, 0, 38, 5, 118]
1552553928816;[171, 0, 17, 255, 161, 76, 221, 14, 176, 1, 0, 187, 0, 0, 176, 1, 0, 5, 5, 107]
1552553928981;[171, 0, 4, 255, 132, 128, 72]
1552553928983;[171, 0, 17, 255, 161, 76, 221, 14, 176, 1, 0, 190, 0, 0, 180, 1, 0, 18, 5, 98]
1552553929148;[171, 0, 17, 255, 161, 76, 221, 14, 177, 1, 0, 187, 0, 0, 181, 1, 0, 20, 5, 90]
1552553929315;[171, 0, 17, 255, 161, 76, 221, 14, 177, 1, 0, 184, 0, 0, 179, 1, 0, 15, 5, 72]
1552553929332;[171, 0, 17, 255, 161, 76, 221, 14, 177, 1, 0, 187, 0, 0, 179, 1, 0, 15, 5, 56]
1552553929498;[171, 0, 17, 255, 161, 76, 221, 14, 177, 1, 0, 188, 0, 0, 180, 1, 0, 15, 5, 29]
1552553929499;[171, 0, 17, 255, 161, 76, 221, 14, 177, 1, 0, 188, 0, 0, 180, 1, 0, 25, 5, 66]
1552553929666;[171, 0, 17, 255, 161, 76, 221, 14, 177, 1, 0, 186, 0, 0, 179, 1, 0, 25, 5, 114]
1552553929667;[171, 0, 17, 255, 161, 76, 221, 14, 177, 1, 0, 189, 0, 0, 182, 1, 0, 25, 5, 143]
1552553929833;[171, 0, 17, 255, 161, 76, 221, 14, 177, 1, 0, 186, 0, 0, 180, 1, 0, 27, 5, 175]
1552553930367;[171, 0, 17, 255, 161, 76, 221, 14, 177, 1, 0, 186, 0, 0, 181, 1, 0, 25, 5, 196]
1552553930369;[171, 0, 4, 255, 132, 128, 72]
1552553930370;[171, 0, 17, 255, 161, 76, 221, 14, 177, 1, 0, 186, 0, 0, 179, 1, 0, 26, 5, 202]
1552553930371;[171, 0, 17, 255, 161, 76, 221, 14, 178, 1, 0, 187, 0, 0, 180, 1, 0, 25, 5, 191]
1552553930372;[171, 0, 17, 255, 161, 76, 221, 14, 178, 1, 0, 186, 0, 0, 177, 1, 0, 26, 5, 173]
1552553930373;[171, 0, 17, 255, 161, 76, 221, 14, 178, 1, 0, 186, 0, 0, 180, 1, 0, 25, 5, 174]
1552553930534;[171, 0, 17, 255, 161, 76, 221, 14, 178, 1, 0, 185, 0, 0, 181, 1, 0, 25, 5, 238]
1552553930702;[171, 0, 17, 255, 161, 76, 221, 14, 178, 1, 0, 188, 0, 0, 177, 1, 0, 26, 6, 38]
1552553930703;[171, 0, 17, 255, 161, 76, 221, 14, 178, 1, 0, 187, 0, 0, 180, 1, 0, 15, 6, 67]
1552553930869;[171, 0, 17, 255, 161, 76, 221, 14, 178, 1, 0, 187, 0, 0, 182, 1, 0, 30, 6, 98]
1552553930885;[171, 0, 17, 255, 161, 76, 221, 14, 178, 1, 0, 193, 0, 0, 181, 1, 0, 40, 6, 112]
1552553931052;[171, 0, 17, 255, 161, 76, 221, 14, 178, 1, 0, 186, 0, 0, 180, 1, 0, 48, 6, 146]
1552553931219;[171, 0, 4, 255, 132, 128, 72]
1552553931221;[171, 0, 17, 255, 161, 76, 221, 14, 178, 1, 0, 187, 0, 0, 176, 1, 0, 48, 6, 165]
1552553931402;[171, 0, 17, 255, 161, 76, 221, 14, 179, 1, 0, 186, 0, 0, 179, 1, 0, 53, 6, 168]
1552553931403;[171, 0, 17, 255, 161, 76, 221, 14, 179, 1, 0, 186, 0, 0, 176, 1, 0, 48, 6, 157]
1552553931571;[171, 0, 17, 255, 161, 76, 221, 14, 179, 1, 0, 187, 0, 0, 179, 1, 0, 47, 6, 150]
1552553931572;[171, 0, 17, 255, 161, 76, 221, 14, 179, 1, 0, 185, 0, 0, 181, 1, 0, 44, 6, 207]
1552553931737;[171, 0, 17, 255, 161, 76, 221, 14, 179, 1, 0, 183, 0, 0, 180, 1, 0, 48, 7, 14]
1552553931905;[171, 0, 17, 255, 161, 76, 221, 14, 179, 1, 0, 189, 0, 0, 177, 1, 0, 47, 7, 59]
1552553931906;[171, 0, 17, 255, 161, 76, 221, 14, 179, 1, 0, 186, 0, 0, 179, 1, 0, 47, 7, 96]
1552553932087;[171, 0, 17, 255, 161, 76, 221, 14, 179, 1, 0, 186, 0, 0, 175, 1, 0, 50, 7, 115]
1552553932088;[171, 0, 17, 255, 161, 76, 221, 14, 179, 1, 0, 187, 0, 0, 179, 1, 0, 48, 7, 119]
1552553932423;[171, 0, 4, 255, 132, 128, 72]
1552553932425;[171, 0, 17, 255, 161, 76, 221, 14, 179, 1, 0, 186, 0, 0, 180, 1, 0, 48, 7, 111]
1552553932445;[171, 0, 17, 255, 161, 76, 221, 14, 180, 1, 0, 185, 0, 0, 179, 1, 0, 58, 7, 86]
1552553932607;[171, 0, 17, 255, 161, 76, 221, 14, 180, 1, 0, 189, 0, 0, 177, 1, 0, 29, 7, 39]
1552553932608;[171, 0, 17, 255, 161, 76, 221, 14, 180, 1, 0, 186, 0, 0, 179, 1, 0, 27, 6, 249]
1552553932773;[171, 0, 17, 255, 161, 76, 221, 14, 180, 1, 0, 185, 0, 0, 181, 1, 0, 29, 7, 34]
1552553932775;[171, 0, 17, 255, 161, 76, 221, 14, 180, 1, 0, 185, 0, 0, 179, 1, 0, 33, 7, 56]
1552553932940;[171, 0, 17, 255, 161, 76, 221, 14, 180, 1, 0, 192, 0, 0, 188, 1, 0, 35, 7, 79]
1552553933125;[171, 0, 17, 255, 161, 76, 221, 14, 180, 1, 0, 182, 0, 0, 176, 1, 0, 43, 7, 128]
1552553933126;[171, 0, 17, 255, 161, 76, 221, 14, 180, 1, 0, 203, 0, 0, 182, 1, 0, 54, 7, 199]
1552553933291;[171, 0, 17, 255, 161, 76, 221, 14, 180, 1, 0, 150, 0, 0, 173, 1, 0, 110, 7, 223]
1552553933294;[171, 0, 4, 255, 132, 128, 71]
1552553933459;[171, 0, 17, 255, 161, 76, 221, 14, 180, 1, 0, 130, 0, 0, 158, 1, 0, 172, 7, 239]
1552553933460;[171, 0, 17, 255, 161, 76, 221, 14, 181, 1, 0, 10, 0, 0, 219, 1, 0, 118, 8, 13]
1552553933643;[171, 0, 17, 255, 161, 76, 221, 14, 181, 0, 0, 19, 0, 0, 244, 1, 0, 60, 7, 132]
1552553933809;[171, 0, 17, 255, 161, 76, 221, 14, 181, 1, 0, 1, 0, 0, 208, 1, 0, 114, 7, 40]
1552553933810;[171, 0, 17, 255, 161, 76, 221, 14, 181, 1, 0, 75, 0, 0, 213, 1, 0, 135, 7, 52]
1552553933977;[171, 0, 17, 255, 161, 76, 221, 14, 181, 1, 0, 46, 0, 0, 221, 1, 0, 122, 7, 71]
1552553933978;[171, 0, 17, 255, 161, 76, 221, 14, 181, 1, 0, 77, 0, 0, 222, 1, 0, 114, 7, 80]
1552553934160;[171, 0, 17, 255, 161, 76, 221, 14, 181, 1, 0, 29, 0, 0, 224, 1, 0, 116, 7, 92]
1552553934328;[171, 0, 17, 255, 161, 76, 221, 14, 181, 1, 0, 11, 0, 0, 223, 1, 0, 128, 7, 90]
1552553934329;[171, 0, 17, 255, 161, 76, 221, 14, 181, 0, 0, 2, 0, 0, 231, 1, 0, 107, 7, 77]
1552553934494;[171, 0, 4, 255, 132, 128, 71]
1552553934496;[171, 0, 17, 255, 161, 76, 221, 14, 181, 1, 0, 27, 0, 0, 230, 1, 0, 98, 7, 33]
1552553934846;[171, 0, 17, 255, 161, 76, 221, 14, 182, 1, 0, 25, 0, 0, 227, 1, 0, 114, 6, 222]
1552553934847;[171, 0, 17, 255, 161, 76, 221, 14, 182, 1, 0, 21, 0, 0, 220, 1, 0, 126, 6, 193]
1552553934848;[171, 0, 17, 255, 161, 76, 221, 14, 182, 1, 0, 35, 0, 0, 228, 1, 0, 111, 6, 232]
1552553935182;[171, 0, 17, 255, 161, 76, 221, 14, 182, 1, 0, 30, 0, 0, 226, 1, 0, 118, 6, 233]
1552553935196;[171, 0, 17, 255, 161, 76, 221, 14, 182, 1, 0, 29, 0, 0, 225, 1, 0, 114, 6, 216]
1552553935197;[171, 0, 17, 255, 161, 76, 221, 14, 182, 1, 0, 20, 0, 0, 227, 1, 0, 113, 6, 209]
1552553935363;[171, 0, 17, 255, 161, 76, 221, 14, 182, 1, 0, 28, 0, 0, 222, 1, 0, 116, 6, 176]
1552553935364;[171, 0, 17, 255, 161, 76, 221, 14, 182, 1, 0, 32, 0, 0, 227, 1, 0, 113, 6, 139]
1552553935365;[171, 0, 17, 255, 161, 76, 221, 14, 182, 1, 0, 21, 0, 0, 226, 1, 0, 113, 6, 107]
1552553935530;[171, 0, 4, 255, 132, 128, 70]
1552553935697;[171, 0, 17, 255, 161, 76, 221, 14, 182, 1, 0, 30, 0, 0, 224, 1, 0, 114, 6, 121]
1552553935714;[171, 0, 17, 255, 161, 76, 221, 14, 183, 1, 0, 24, 0, 0, 226, 1, 0, 111, 6, 159]
1552553935881;[171, 0, 17, 255, 161, 76, 221, 14, 183, 1, 0, 18, 0, 0, 226, 1, 0, 117, 6, 151]
1552553935882;[171, 0, 17, 255, 161, 76, 221, 14, 183, 1, 0, 23, 0, 0, 225, 1, 0, 114, 6, 147]
1552553936047;[171, 0, 17, 255, 161, 76, 221, 14, 183, 1, 0, 24, 0, 0, 225, 1, 0, 113, 6, 126]
1552553936399;[171, 0, 17, 255, 161, 76, 221, 14, 183, 1, 0, 18, 0, 0, 226, 1, 0, 116, 6, 111]
1552553936399;[171, 0, 17, 255, 161, 76, 221, 14, 183, 1, 0, 24, 0, 0, 224, 1, 0, 117, 6, 80]
1552553936400;[171, 0, 17, 255, 161, 76, 221, 14, 183, 1, 0, 17, 0, 0, 223, 1, 0, 114, 6, 48]
1552553936400;[171, 0, 17, 255, 161, 76, 221, 14, 183, 1, 0, 21, 0, 0, 225, 1, 0, 116, 6, 75]
1552553936566;[171, 0, 17, 255, 161, 76, 221, 14, 183, 1, 0, 27, 0, 0, 227, 1, 0, 111, 6, 101]
1552553936567;[171, 0, 4, 255, 132, 128, 69]
1552553936734;[171, 0, 17, 255, 161, 76, 221, 14, 183, 1, 0, 19, 0, 0, 227, 1, 0, 113, 6, 98]
1552553936917;[171, 0, 17, 255, 161, 76, 221, 14, 184, 1, 0, 19, 0, 0, 225, 1, 0, 118, 6, 95]
1552553936919;[171, 0, 17, 255, 161, 76, 221, 14, 184, 1, 0, 20, 0, 0, 225, 1, 0, 114, 6, 85]
1552553937086;[171, 0, 17, 255, 161, 76, 221, 14, 184, 1, 0, 18, 0, 0, 225, 1, 0, 114, 6, 50]
1552553937087;[171, 0, 17, 255, 161, 76, 221, 14, 184, 1, 0, 22, 0, 0, 225, 1, 0, 118, 6, 5]
1552553937252;[171, 0, 17, 255, 161, 76, 221, 14, 184, 1, 0, 46, 0, 0, 227, 1, 0, 120, 5, 154]
1552553937268;[171, 0, 17, 255, 161, 76, 221, 14, 184, 0, 0, 2, 0, 0, 217, 1, 0, 129, 5, 128]
1552553937435;[171, 0, 17, 255, 161, 76, 221, 14, 184, 1, 0, 17, 0, 0, 221, 1, 0, 123, 5, 144]
1552553937602;[171, 0, 17, 255, 161, 76, 221, 14, 184, 1, 0, 8, 0, 0, 218, 1, 0, 128, 5, 164]
1552553937603;[171, 0, 17, 255, 161, 76, 221, 14, 184, 1, 0, 8, 0, 0, 217, 1, 0, 125, 5, 172]
1552553937770;[171, 0, 4, 255, 132, 128, 68]
1552553937771;[171, 0, 17, 255, 161, 76, 221, 14, 184, 1, 0, 12, 0, 0, 220, 1, 0, 131, 5, 169]
1552553937953;[171, 0, 17, 255, 161, 76, 221, 14, 185, 1, 0, 8, 0, 0, 220, 1, 0, 125, 5, 167]
1552553938120;[171, 0, 17, 255, 161, 76, 221, 14, 185, 1, 0, 10, 0, 0, 222, 1, 0, 126, 5, 134]
1552553938121;[171, 0, 17, 255, 161, 76, 221, 14, 185, 1, 0, 6, 0, 0, 219, 1, 0, 126, 5, 109]
1552553938288;[171, 0, 17, 255, 161, 76, 221, 14, 185, 1, 0, 12, 0, 0, 221, 1, 0, 123, 5, 83]
1552553938289;[171, 0, 17, 255, 161, 76, 221, 14, 185, 1, 0, 5, 0, 0, 220, 1, 0, 130, 5, 154]
1552553938471;[171, 0, 17, 255, 161, 76, 221, 14, 185, 1, 0, 20, 0, 0, 218, 1, 0, 120, 5, 240]
1552553938472;[171, 0, 17, 255, 161, 76, 221, 14, 185, 1, 0, 35, 0, 0, 227, 1, 0, 105, 6, 68]
1552553938639;[171, 0, 17, 255, 161, 76, 221, 14, 185, 1, 0, 37, 0, 0, 224, 1, 0, 94, 6, 64]
1552553938806;[171, 0, 17, 255, 161, 76, 221, 14, 185, 0, 0, 11, 0, 0, 208, 1, 0, 54, 6, 56]
1552553938806;[171, 0, 4, 255, 132, 128, 68]
1552553938990;[171, 0, 17, 255, 161, 76, 221, 14, 185, 0, 0, 169, 0, 0, 108, 1, 0, 121, 6, 159]
1552553938991;[171, 0, 17, 255, 161, 76, 221, 14, 186, 0, 0, 155, 0, 0, 42, 1, 0, 185, 6, 221]
1552553939157;[171, 0, 17, 255, 161, 76, 221, 14, 186, 0, 0, 177, 0, 0, 24, 1, 0, 130, 7, 4]
1552553939323;[171, 0, 17, 255, 161, 76, 221, 14, 186, 0, 0, 86, 0, 0, 87, 1, 0, 177, 6, 247]
1552553939324;[171, 0, 17, 255, 161, 76, 221, 14, 186, 1, 0, 6, 0, 0, 5, 1, 1, 33, 6, 192]
1552553939508;[171, 0, 17, 255, 161, 76, 221, 14, 186, 0, 0, 89, 1, 0, 74, 1, 0, 191, 6, 98]
1552553939509;[171, 0, 17, 255, 161, 76, 221, 14, 186, 1, 0, 35, 1, 0, 87, 1, 1, 119, 6, 118]
1552553939675;[171, 0, 17, 255, 161, 76, 221, 14, 186, 0, 0, 84, 1, 0, 78, 1, 0, 254, 6, 160]
1552553939676;[171, 0, 17, 255, 161, 76, 221, 14, 186, 0, 0, 135, 1, 0, 170, 1, 0, 180, 5, 174]
1552553939842;[171, 0, 17, 255, 161, 76, 221, 14, 186, 1, 0, 57, 0, 0, 54, 1, 0, 133, 5, 45]
1552553940025;[171, 0, 4, 255, 132, 128, 69]
1552553940026;[171, 0, 17, 255, 161, 76, 221, 14, 186, 0, 0, 115, 1, 0, 7, 1, 0, 223, 5, 29]
1552553940190;[171, 0, 17, 255, 161, 76, 221, 14, 187, 0, 0, 77, 1, 0, 66, 1, 0, 228, 5, 7]
1552553940191;[171, 0, 17, 255, 161, 76, 221, 14, 187, 0, 0, 23, 1, 0, 96, 1, 0, 233, 5, 25]
1552553940358;[171, 0, 17, 255, 161, 76, 221, 14, 187, 0, 0, 30, 1, 0, 64, 1, 0, 248, 5, 109]
1552553940358;[171, 0, 17, 255, 161, 76, 221, 14, 187, 0, 0, 70, 1, 0, 30, 1, 0, 240, 5, 174]
1552553940524;[171, 0, 17, 255, 161, 76, 221, 14, 187, 0, 0, 154, 0, 0, 2, 1, 0, 215, 5, 212]
1552553940708;[171, 0, 17, 255, 161, 76, 221, 14, 187, 0, 0, 129, 1, 0, 7, 1, 0, 139, 5, 234]
1552553940877;[171, 0, 17, 255, 161, 76, 221, 14, 187, 0, 0, 122, 1, 0, 52, 1, 0, 130, 5, 167]
1552553940878;[171, 0, 17, 255, 161, 76, 221, 14, 187, 0, 0, 206, 1, 0, 164, 1, 0, 114, 5, 248]
1552553940894;[171, 0, 17, 255, 161, 76, 221, 14, 187, 0, 0, 215, 1, 0, 127, 1, 0, 153, 6, 140]
1552553941061;[171, 0, 4, 255, 132, 128, 69]
1552553941396;[171, 0, 17, 255, 161, 76, 221, 14, 187, 0, 1, 39, 1, 0, 61, 0, 0, 6, 7, 13]
1552553941397;[171, 0, 17, 255, 161, 76, 221, 14, 192, 0, 0, 212, 1, 0, 73, 1, 0, 19, 7, 66]
1552553941412;[171, 0, 17, 255, 161, 76, 221, 14, 192, 0, 0, 215, 1, 0, 84, 1, 0, 36, 7, 153]
1552553941413;[171, 0, 17, 255, 161, 76, 221, 14, 192, 0, 0, 212, 1, 0, 100, 1, 0, 32, 7, 228]
1552553941562;[171, 0, 17, 255, 161, 76, 221, 14, 192, 0, 0, 225, 1, 0, 96, 1, 0, 8, 8, 88]
1552553941579;[171, 0, 17, 255, 161, 76, 221, 14, 192, 0, 0, 219, 1, 0, 70, 1, 0, 12, 8, 231]
1552553941746;[171, 0, 17, 255, 161, 76, 221, 14, 192, 0, 0, 231, 1, 0, 56, 1, 0, 29, 9, 76]
1552553941913;[171, 0, 17, 255, 161, 76, 221, 14, 192, 0, 0, 237, 1, 0, 39, 1, 0, 43, 9, 211]
1552553941930;[171, 0, 17, 255, 161, 76, 221, 14, 192, 0, 0, 184, 1, 0, 46, 1, 0, 35, 10, 67]
1552553942080;[171, 0, 17, 255, 161, 76, 221, 14, 194, 0, 0, 118, 1, 0, 198, 1, 0, 47, 3, 172]
1552553942264;[171, 0, 17, 255, 161, 76, 221, 14, 195, 0, 0, 86, 1, 0, 188, 1, 0, 132, 2, 117]
1552553942431;[171, 0, 17, 255, 161, 76, 221, 14, 195, 0, 0, 95, 1, 0, 184, 1, 0, 105, 1, 172]
1552553942598;[171, 0, 17, 255, 161, 76, 221, 14, 195, 0, 0, 117, 1, 0, 183, 1, 0, 102, 1, 100]
1552553942782;[171, 0, 17, 255, 161, 76, 221, 14, 195, 0, 0, 112, 1, 0, 181, 1, 0, 101, 1, 100]
1552553942783;[171, 0, 17, 255, 161, 76, 221, 14, 195, 0, 0, 120, 1, 0, 186, 1, 0, 94, 1, 161]
1552553942784;[171, 0, 17, 255, 161, 76, 221, 14, 195, 0, 0, 117, 1, 0, 182, 1, 0, 94, 1, 168]
1552553942949;[171, 0, 17, 255, 161, 76, 221, 14, 195, 0, 0, 118, 1, 0, 182, 1, 0, 94, 1, 181]
1552553943117;[171, 0, 17, 255, 161, 76, 221, 14, 195, 0, 0, 117, 1, 0, 185, 1, 0, 93, 1, 180]
1552553943138;[171, 0, 17, 255, 161, 76, 221, 14, 195, 0, 0, 118, 1, 0, 186, 1, 0, 90, 1, 169]
1552553943299;[171, 0, 4, 255, 132, 128, 71]
1552553943301;[171, 0, 17, 255, 161, 76, 221, 14, 195, 0, 0, 117, 1, 0, 186, 1, 0, 93, 1, 160]
1552553943467;[171, 0, 17, 255, 161, 76, 221, 14, 196, 0, 0, 117, 1, 0, 184, 1, 0, 93, 1, 203]
1552553943468;[171, 0, 17, 255, 161, 76, 221, 14, 196, 0, 0, 120, 1, 0, 186, 1, 0, 93, 2, 8]
1552553943634;[171, 0, 17, 255, 161, 76, 221, 14, 196, 0, 0, 117, 1, 0, 184, 1, 0, 90, 2, 30]
1552553943818;[171, 0, 17, 255, 161, 76, 221, 14, 196, 0, 0, 118, 1, 0, 184, 1, 0, 92, 2, 48]
1552553943819;[171, 0, 17, 255, 161, 76, 221, 14, 196, 0, 0, 117, 1, 0, 186, 1, 0, 91, 2, 41]
1552553943985;[171, 0, 17, 255, 161, 76, 221, 14, 196, 0, 0, 122, 1, 0, 184, 1, 0, 90, 2, 17]
1552553943986;[171, 0, 17, 255, 161, 76, 221, 14, 196, 0, 0, 118, 1, 0, 184, 1, 0, 87, 2, 11]
1552553944152;[171, 0, 17, 255, 161, 76, 221, 14, 196, 0, 0, 122, 1, 0, 181, 1, 0, 90, 2, 42]
1552553944169;[171, 0, 17, 255, 161, 76, 221, 14, 196, 0, 0, 122, 1, 0, 182, 1, 0, 87, 2, 90]
1552553944337;[171, 0, 4, 255, 132, 128, 71]
1552553944503;[171, 0, 17, 255, 161, 76, 221, 14, 196, 0, 0, 118, 1, 0, 184, 1, 0, 90, 2, 122]
1552553944504;[171, 0, 17, 255, 161, 76, 221, 14, 197, 0, 0, 118, 1, 0, 182, 1, 0, 90, 2, 133]
1552553944670;[171, 0, 17, 255, 161, 76, 221, 14, 197, 0, 0, 120, 1, 0, 184, 1, 0, 92, 2, 137]
1552553944671;[171, 0, 17, 255, 161, 76, 221, 14, 197, 0, 0, 122, 1, 0, 186, 1, 0, 87, 2, 114]
1552553944856;[171, 0, 17, 255, 161, 76, 221, 14, 197, 0, 0, 118, 1, 0, 182, 1, 0, 93, 2, 84]
1552553945021;[171, 0, 17, 255, 161, 76, 221, 14, 197, 0, 0, 118, 1, 0, 182, 1, 0, 89, 2, 60]
1552553945022;[171, 0, 17, 255, 161, 76, 221, 14, 197, 0, 0, 118, 1, 0, 184, 1, 0, 87, 2, 56]
1552553945187;[171, 0, 17, 255, 161, 76, 221, 14, 197, 0, 0, 122, 1, 0, 185, 1, 0, 92, 2, 100]
1552553945189;[171, 0, 17, 255, 161, 76, 221, 14, 197, 0, 0, 118, 1, 0, 183, 1, 0, 90, 2, 138]
1552553945371;[171, 0, 17, 255, 161, 76, 221, 14, 197, 0, 0, 120, 1, 0, 181, 1, 0, 90, 2, 134]
1552553945372;[171, 0, 4, 255, 132, 128, 72]
1552553945539;[171, 0, 17, 255, 161, 76, 221, 14, 197, 0, 0, 122, 1, 0, 186, 1, 0, 90, 2, 143]
1552553945706;[171, 0, 17, 255, 161, 76, 221, 14, 198, 0, 0, 118, 1, 0, 186, 1, 0, 93, 2, 117]
1552553945707;[171, 0, 17, 255, 161, 76, 221, 14, 198, 0, 0, 120, 1, 0, 181, 1, 0, 93, 2, 85]
1552553945889;[171, 0, 17, 255, 161, 76, 221, 14, 198, 0, 0, 120, 1, 0, 182, 1, 0, 93, 2, 50]
1552553945890;[171, 0, 17, 255, 161, 76, 221, 14, 198, 0, 0, 120, 1, 0, 182, 1, 0, 87, 2, 4]
1552553946057;[171, 0, 17, 255, 161, 76, 221, 14, 198, 0, 0, 123, 1, 0, 184, 1, 0, 90, 1, 216]
1552553946224;[171, 0, 17, 255, 161, 76, 221, 14, 198, 0, 0, 120, 1, 0, 184, 1, 0, 94, 1, 237]
1552553946225;[171, 0, 17, 255, 161, 76, 221, 14, 198, 0, 0, 118, 1, 0, 185, 1, 0, 87, 2, 8]
1552553946408;[171, 0, 17, 255, 161, 76, 221, 14, 198, 0, 0, 118, 1, 0, 184, 1, 0, 89, 2, 6]
1552553946409;[171, 0, 17, 255, 161, 76, 221, 14, 198, 0, 0, 122, 1, 0, 182, 1, 0, 90, 1, 255]
1552553946574;[171, 0, 4, 255, 132, 128, 72]
1552553946576;[171, 0, 17, 255, 161, 76, 221, 14, 198, 0, 0, 118, 1, 0, 187, 1, 0, 87, 1, 200]
1552553946740;[171, 0, 17, 255, 161, 76, 221, 14, 199, 0, 0, 122, 1, 0, 181, 1, 0, 90, 1, 125]
1552553946925;[171, 0, 17, 255, 161, 76, 221, 14, 199, 0, 0, 125, 1, 0, 182, 1, 0, 90, 1, 40]
1552553946926;[171, 0, 17, 255, 161, 76, 221, 14, 199, 0, 0, 118, 1, 0, 186, 1, 0, 90, 0, 202]
1552553947092;[171, 0, 17, 255, 161, 76, 221, 14, 199, 0, 0, 122, 1, 0, 180, 1, 0, 93, 16, 90]
1552553947093;[171, 0, 17, 255, 161, 76, 221, 14, 199, 0, 0, 125, 1, 0, 176, 1, 0, 94, 7, 119]
1552553947259;[171, 0, 17, 255, 161, 76, 221, 14, 199, 0, 0, 127, 1, 0, 182, 1, 0, 90, 7, 107]
1552553947260;[171, 0, 17, 255, 161, 76, 221, 14, 199, 0, 0, 127, 1, 0, 183, 1, 0, 87, 7, 119]
1552553947443;[171, 0, 17, 255, 161, 76, 221, 14, 199, 0, 0, 127, 1, 0, 181, 1, 0, 92, 7, 80]
1552553947610;[171, 0, 17, 255, 161, 76, 221, 14, 199, 0, 0, 127, 1, 0, 180, 1, 0, 87, 7, 51]
1552553947611;[171, 0, 4, 255, 132, 128, 73]
1552553947777;[171, 0, 17, 255, 161, 76, 221, 14, 199, 0, 0, 128, 1, 0, 180, 1, 0, 87, 7, 13]
1552553947961;[171, 0, 17, 255, 161, 76, 221, 14, 200, 0, 0, 123, 1, 0, 182, 1, 0, 93, 6, 236]
1552553947962;[171, 0, 17, 255, 161, 76, 221, 14, 200, 0, 0, 120, 1, 0, 180, 1, 0, 92, 6, 198]
1552553948128;[171, 0, 17, 255, 161, 76, 221, 14, 200, 0, 0, 127, 1, 0, 183, 1, 0, 94, 6, 164]
1552553948130;[171, 0, 17, 255, 161, 76, 221, 14, 200, 0, 0, 118, 1, 0, 181, 1, 0, 94, 6, 118]
1552553948290;[171, 0, 17, 255, 161, 76, 221, 14, 200, 0, 0, 125, 1, 0, 182, 1, 0, 93, 6, 112]
1552553948295;[171, 0, 17, 255, 161, 76, 221, 14, 200, 0, 0, 122, 1, 0, 186, 1, 0, 89, 6, 130]
1552553948463;[171, 0, 17, 255, 161, 76, 221, 14, 200, 0, 0, 122, 1, 0, 179, 1, 0, 94, 6, 105]
1552553948479;[171, 0, 17, 255, 161, 76, 221, 14, 200, 0, 0, 117, 1, 0, 182, 1, 0, 94, 6, 74]
1552553948648;[171, 0, 17, 255, 161, 76, 221, 14, 200, 0, 0, 120, 1, 0, 179, 1, 0, 93, 6, 46]
1552553948814;[171, 0, 4, 255, 132, 128, 73]
1552553948816;[171, 0, 17, 255, 161, 76, 221, 14, 200, 0, 0, 118, 1, 0, 181, 1, 0, 93, 6, 27]
1552553948979;[171, 0, 17, 255, 161, 76, 221, 14, 201, 0, 0, 117, 1, 0, 182, 1, 0, 93, 6, 12]
1552553948996;[171, 0, 17, 255, 161, 76, 221, 14, 201, 0, 0, 115, 1, 0, 182, 1, 0, 93, 5, 232]
1552553949164;[171, 0, 17, 255, 161, 76, 221, 14, 201, 0, 0, 115, 1, 0, 182, 1, 0, 93, 5, 208]
1552553949165;[171, 0, 17, 255, 161, 76, 221, 14, 201, 0, 0, 120, 1, 0, 182, 1, 0, 93, 5, 216]
1552553949331;[171, 0, 17, 255, 161, 76, 221, 14, 201, 0, 0, 117, 1, 0, 184, 1, 0, 90, 6, 42]
1552553949682;[171, 0, 17, 255, 161, 76, 221, 14, 201, 0, 0, 115, 1, 0, 198, 1, 0, 87, 6, 125]
1552553949683;[171, 0, 17, 255, 161, 76, 221, 14, 201, 0, 0, 114, 1, 0, 193, 1, 0, 90, 6, 176]
1552553949684;[171, 0, 17, 255, 161, 76, 221, 14, 201, 0, 0, 114, 1, 0, 185, 1, 0, 87, 6, 187]
1552553949685;[171, 0, 17, 255, 161, 76, 221, 14, 201, 0, 0, 116, 1, 0, 188, 1, 0, 93, 6, 186]
1552553949849;[171, 0, 4, 255, 132, 128, 73]
1552553950018;[171, 0, 17, 255, 161, 76, 221, 14, 201, 0, 0, 116, 1, 0, 186, 1, 0, 94, 6, 165]
1552553950033;[171, 0, 17, 255, 161, 76, 221, 14, 202, 0, 0, 114, 1, 0, 186, 1, 0, 93, 6, 136]
1552553950200;[171, 0, 17, 255, 161, 76, 221, 14, 202, 0, 0, 114, 1, 0, 188, 1, 0, 93, 6, 107]
1552553950202;[171, 0, 17, 255, 161, 76, 221, 14, 202, 0, 0, 116, 1, 0, 184, 1, 0, 94, 6, 119]
1552553950368;[171, 0, 17, 255, 161, 76, 221, 14, 202, 0, 0, 117, 1, 0, 186, 1, 0, 90, 6, 159]
1552553950369;[171, 0, 17, 255, 161, 76, 221, 14, 202, 0, 0, 116, 1, 0, 187, 1, 0, 93, 6, 185]
1552553950535;[171, 0, 17, 255, 161, 76, 221, 14, 202, 0, 0, 117, 1, 0, 187, 1, 0, 91, 6, 208]
1552553950706;[171, 0, 17, 255, 161, 76, 221, 14, 202, 0, 0, 118, 1, 0, 192, 1, 0, 88, 6, 212]
1552553950717;[171, 0, 17, 255, 161, 76, 221, 14, 202, 0, 0, 112, 1, 0, 184, 1, 0, 93, 6, 169]
1552553950885;[171, 0, 17, 255, 161, 76, 221, 14, 202, 0, 0, 114, 1, 0, 193, 1, 0, 92, 6, 143]
1552553950886;[171, 0, 4, 255, 132, 128, 73]
1552553951052;[171, 0, 17, 255, 161, 76, 221, 14, 202, 0, 0, 114, 1, 0, 189, 1, 0, 86, 6, 108]
1552553951069;[171, 0, 17, 255, 161, 76, 221, 14, 203, 0, 0, 120, 1, 0, 182, 1, 0, 93, 6, 63]
1552553951237;[171, 0, 17, 255, 161, 76, 221, 14, 203, 0, 0, 115, 1, 0, 181, 1, 0, 92, 6, 107]
1552553951403;[171, 0, 17, 255, 161, 76, 221, 14, 203, 0, 0, 118, 1, 0, 188, 1, 0, 94, 6, 152]
1552553951404;[171, 0, 17, 255, 161, 76, 221, 14, 203, 0, 0, 115, 1, 0, 188, 1, 0, 90, 6, 153]
1552553951571;[171, 0, 17, 255, 161, 76, 221, 14, 203, 0, 0, 117, 1, 0, 181, 1, 0, 93, 6, 151]
1552553951571;[171, 0, 17, 255, 161, 76, 221, 14, 203, 0, 0, 117, 1, 0, 187, 1, 0, 93, 6, 159]
1552553951754;[171, 0, 17, 255, 161, 76, 221, 14, 203, 0, 0, 117, 1, 0, 183, 1, 0, 93, 6, 145]
1552553951922;[171, 0, 17, 255, 161, 76, 221, 14, 203, 0, 0, 115, 1, 0, 188, 1, 0, 92, 6, 140]
1552553951922;[171, 0, 17, 255, 161, 76, 221, 14, 203, 0, 0, 118, 1, 0, 187, 1, 0, 93, 6, 120]
1552553952088;[171, 0, 4, 255, 132, 128, 72]
1552553952089;[171, 0, 17, 255, 161, 76, 221, 14, 203, 0, 0, 115, 1, 0, 185, 1, 0, 93, 6, 148]
1552553952271;[171, 0, 17, 255, 161, 76, 221, 14, 204, 0, 0, 117, 1, 0, 183, 1, 0, 93, 6, 232]
1552553952272;[171, 0, 17, 255, 161, 76, 221, 14, 204, 0, 0, 115, 1, 0, 198, 1, 0, 90, 7, 37]
1552553952439;[171, 0, 17, 255, 161, 76, 221, 14, 204, 0, 0, 114, 1, 0, 195, 1, 0, 86, 7, 66]
1552553952606;[171, 0, 17, 255, 161, 76, 221, 14, 204, 0, 0, 111, 1, 0, 187, 1, 0, 99, 7, 60]
1552553952607;[171, 0, 17, 255, 161, 76, 221, 14, 204, 0, 0, 114, 1, 0, 186, 1, 0, 94, 7, 60]
1552553952774;[171, 0, 17, 255, 161, 76, 221, 14, 204, 0, 0, 111, 1, 0, 186, 1, 0, 96, 7, 58]
1552553952957;[171, 0, 17, 255, 161, 76, 221, 14, 204, 0, 0, 112, 1, 0, 187, 1, 0, 98, 7, 38]
1552553952958;[171, 0, 17, 255, 161, 76, 221, 14, 204, 0, 0, 111, 1, 0, 187, 1, 0, 96, 7, 20]
1552553953124;[171, 0, 17, 255, 161, 76, 221, 14, 204, 0, 0, 114, 1, 0, 185, 1, 0, 96, 7, 77]
1552553953125;[171, 0, 4, 255, 132, 128, 71]
1552553953475;[171, 0, 17, 255, 161, 76, 221, 14, 204, 0, 0, 114, 1, 0, 186, 1, 0, 96, 7, 124]
1552553953475;[171, 0, 17, 255, 161, 76, 221, 14, 205, 0, 0, 114, 1, 0, 186, 1, 0, 98, 7, 161]
1552553953476;[171, 0, 17, 255, 161, 76, 221, 14, 205, 0, 0, 115, 1, 0, 186, 1, 0, 94, 7, 184]
1552553953477;[171, 0, 17, 255, 161, 76, 221, 14, 205, 0, 0, 112, 1, 0, 184, 1, 0, 94, 7, 198]
1552553953643;[171, 0, 17, 255, 161, 76, 221, 14, 205, 0, 0, 112, 1, 0, 186, 1, 0, 93, 7, 201]
1552553953810;[171, 0, 17, 255, 161, 76, 221, 14, 205, 0, 0, 114, 1, 0, 187, 1, 0, 93, 7, 195]
1552553953825;[171, 0, 17, 255, 161, 76, 221, 14, 205, 0, 0, 114, 1, 0, 187, 1, 0, 94, 7, 168]
1552553953993;[171, 0, 17, 255, 161, 76, 221, 14, 205, 0, 0, 116, 1, 0, 187, 1, 0, 94, 7, 166]
1552553953993;[171, 0, 17, 255, 161, 76, 221, 14, 205, 0, 0, 116, 1, 0, 187, 1, 0, 93, 7, 219]
1552553954161;[171, 0, 17, 255, 161, 76, 221, 14, 205, 0, 0, 114, 1, 0, 184, 1, 0, 94, 8, 4]
1552553954161;[171, 0, 4, 255, 132, 128, 71]
1552553954328;[171, 0, 17, 255, 161, 76, 221, 14, 205, 0, 0, 115, 1, 0, 186, 1, 0, 96, 8, 11]
1552553954512;[171, 0, 17, 255, 161, 76, 221, 14, 206, 0, 0, 112, 1, 0, 187, 1, 0, 95, 8, 24]
1552553954512;[171, 0, 17, 255, 161, 76, 221, 14, 206, 0, 0, 113, 1, 0, 186, 1, 0, 93, 8, 23]
1552553954678;[171, 0, 17, 255, 161, 76, 221, 14, 206, 0, 0, 112, 1, 0, 187, 1, 0, 94, 8, 4]
1552553954679;[171, 0, 17, 255, 161, 76, 221, 14, 206, 0, 0, 111, 1, 0, 186, 1, 0, 96, 7, 237]
1552553954845;[171, 0, 17, 255, 161, 76, 221, 14, 206, 0, 0, 114, 1, 0, 187, 1, 0, 94, 7, 217]
1552553955029;[171, 0, 17, 255, 161, 76, 221, 14, 206, 0, 0, 109, 1, 0, 187, 1, 0, 94, 7, 182]
1552553955030;[171, 0, 17, 255, 161, 76, 221, 14, 206, 0, 0, 112, 1, 0, 187, 1, 0, 96, 7, 178]
1552553955197;[171, 0, 17, 255, 161, 76, 221, 14, 206, 0, 0, 112, 1, 0, 186, 1, 0, 94, 7, 216]
1552553955197;[171, 0, 17, 255, 161, 76, 221, 14, 206, 0, 0, 114, 1, 0, 187, 1, 0, 95, 7, 221]
1552553955363;[171, 0, 4, 255, 132, 128, 70]
1552553955364;[171, 0, 17, 255, 161, 76, 221, 14, 206, 0, 0, 114, 1, 0, 187, 1, 0, 94, 7, 229]
1552553955547;[171, 0, 17, 255, 161, 76, 221, 14, 207, 0, 0, 112, 1, 0, 187, 1, 0, 94, 7, 231]
1552553955714;[171, 0, 17, 255, 161, 76, 221, 14, 207, 0, 0, 114, 1, 0, 187, 1, 0, 96, 7, 223]
1552553955715;[171, 0, 17, 255, 161, 76, 221, 14, 207, 0, 0, 114, 1, 0, 188, 1, 0, 94, 7, 202]
1552553955882;[171, 0, 17, 255, 161, 76, 221, 14, 207, 0, 0, 112, 1, 0, 186, 1, 0, 96, 7, 177]
1552553955883;[171, 0, 17, 255, 161, 76, 221, 14, 207, 0, 0, 111, 1, 0, 186, 1, 0, 94, 7, 155]
1552553956065;[171, 0, 17, 255, 161, 76, 221, 14, 207, 0, 0, 114, 1, 0, 187, 1, 0, 94, 7, 108]
1552553956067;[171, 0, 17, 255, 161, 76, 221, 14, 207, 0, 0, 109, 1, 0, 188, 1, 0, 94, 7, 136]
1552553956232;[171, 0, 17, 255, 161, 76, 221, 14, 207, 0, 0, 115, 1, 0, 187, 1, 0, 96, 7, 163]
1552553956583;[171, 0, 17, 255, 161, 76, 221, 14, 207, 0, 0, 111, 1, 0, 187, 1, 0, 97, 7, 171]
1552553956583;[171, 0, 4, 255, 132, 128, 70]
1552553956584;[171, 0, 17, 255, 161, 76, 221, 14, 207, 0, 0, 112, 1, 0, 187, 1, 0, 94, 7, 171]
1552553956584;[171, 0, 17, 255, 161, 76, 221, 14, 208, 0, 0, 112, 1, 0, 187, 1, 0, 92, 7, 170]
1552553956750;[171, 0, 17, 255, 161, 76, 221, 14, 208, 0, 0, 114, 1, 0, 187, 1, 0, 95, 7, 143]
1552553956919;[171, 0, 17, 255, 161, 76, 221, 14, 208, 0, 0, 112, 1, 0, 186, 1, 0, 93, 7, 126]
1552553956920;[171, 0, 17, 255, 161, 76, 221, 14, 208, 0, 0, 111, 1, 0, 187, 1, 0, 94, 7, 100]
1552553957100;[171, 0, 17, 255, 161, 76, 221, 14, 208, 0, 0, 114, 1, 0, 187, 1, 0, 98, 7, 66]
1552553957268;[171, 0, 17, 255, 161, 76, 221, 14, 208, 0, 0, 112, 1, 0, 186, 1, 0, 94, 7, 39]
1552553957269;[171, 0, 17, 255, 161, 76, 221, 14, 208, 0, 0, 112, 1, 0, 188, 1, 0, 96, 7, 49]
1552553957269;[171, 0, 17, 255, 161, 76, 221, 14, 208, 0, 0, 114, 1, 0, 187, 1, 0, 93, 7, 82]
1552553957435;[171, 0, 17, 255, 161, 76, 221, 14, 208, 0, 0, 114, 1, 0, 186, 1, 0, 93, 7, 94]
1552553957786;[171, 0, 4, 255, 132, 128, 69]
1552553957787;[171, 0, 17, 255, 161, 76, 221, 14, 208, 0, 0, 112, 1, 0, 187, 1, 0, 93, 7, 101]
1552553957787;[171, 0, 17, 255, 161, 76, 221, 14, 209, 0, 0, 114, 1, 0, 186, 1, 0, 94, 7, 103]
1552553957788;[171, 0, 17, 255, 161, 76, 221, 14, 209, 0, 0, 111, 1, 0, 187, 1, 0, 96, 7, 94]
1552553957953;[171, 0, 17, 255, 161, 76, 221, 14, 209, 0, 0, 112, 1, 0, 187, 1, 0, 94, 7, 77]
1552553957953;[171, 0, 17, 255, 161, 76, 221, 14, 209, 0, 0, 114, 1, 0, 186, 1, 0, 94, 7, 56]
1552553958136;[171, 0, 17, 255, 161, 76, 221, 14, 209, 0, 0, 111, 1, 0, 187, 1, 0, 94, 7, 35]
1552553958304;[171, 0, 17, 255, 161, 76, 221, 14, 209, 0, 0, 114, 1, 0, 186, 1, 0, 96, 7, 17]
1552553958304;[171, 0, 17, 255, 161, 76, 221, 14, 209, 0, 0, 114, 1, 0, 187, 1, 0, 96, 7, 21]
1552553958471;[171, 0, 17, 255, 161, 76, 221, 14, 209, 0, 0, 112, 1, 0, 188, 1, 0, 94, 7, 56]
1552553958472;[171, 0, 17, 255, 161, 76, 221, 14, 209, 0, 0, 109, 1, 0, 186, 1, 0, 94, 7, 77]
1552553958653;[171, 0, 4, 255, 132, 128, 69]
1552553958822;[171, 0, 17, 255, 161, 76, 221, 14, 209, 0, 0, 111, 1, 0, 188, 1, 0, 94, 7, 95]
1552553958822;[171, 0, 17, 255, 161, 76, 221, 14, 210, 0, 0, 112, 1, 0, 186, 1, 0, 93, 7, 104]
1552553958989;[171, 0, 17, 255, 161, 76, 221, 14, 210, 0, 0, 115, 1, 0, 188, 1, 0, 93, 7, 116]
1552553958990;[171, 0, 17, 255, 161, 76, 221, 14, 210, 0, 0, 111, 1, 0, 186, 1, 0, 94, 7, 107]
1552553959156;[171, 0, 17, 255, 161, 76, 221, 14, 210, 0, 0, 114, 1, 0, 188, 1, 0, 96, 7, 105]
1552553959173;[171, 0, 17, 255, 161, 76, 221, 14, 210, 0, 0, 112, 1, 0, 187, 1, 0, 93, 7, 90]
1552553959340;[171, 0, 17, 255, 161, 76, 221, 14, 210, 0, 0, 112, 1, 0, 188, 1, 0, 96, 7, 88]
1552553959507;[171, 0, 17, 255, 161, 76, 221, 14, 210, 0, 0, 112, 1, 0, 187, 1, 0, 93, 7, 131]
1552553959507;[171, 0, 17, 255, 161, 76, 221, 14, 210, 0, 0, 112, 1, 0, 186, 1, 0, 95, 7, 159]
1552553959673;[171, 0, 17, 255, 161, 76, 221, 14, 210, 0, 0, 109, 1, 0, 186, 1, 0, 93, 7, 180]
1552553959689;[171, 0, 4, 255, 132, 128, 68]
1552553959857;[171, 0, 17, 255, 161, 76, 221, 14, 210, 0, 0, 112, 1, 0, 187, 1, 0, 94, 7, 203]
1552553960025;[171, 0, 17, 255, 161, 76, 221, 14, 211, 0, 0, 114, 1, 0, 187, 1, 0, 94, 7, 210]
1552553960026;[171, 0, 17, 255, 161, 76, 221, 14, 211, 0, 0, 115, 1, 0, 186, 1, 0, 94, 7, 215]
1552553960192;[171, 0, 17, 255, 161, 76, 221, 14, 211, 0, 0, 114, 1, 0, 187, 1, 0, 94, 7, 207]
1552553960208;[171, 0, 17, 255, 161, 76, 221, 14, 211, 0, 0, 111, 1, 0, 187, 1, 0, 94, 7, 199]
1552553960543;[171, 0, 17, 255, 161, 76, 221, 14, 211, 0, 0, 112, 1, 0, 186, 1, 0, 95, 7, 183]
1552553960544;[171, 0, 17, 255, 161, 76, 221, 14, 211, 0, 0, 115, 1, 0, 186, 1, 0, 97, 7, 221]
1552553960710;[171, 0, 17, 255, 161, 76, 221, 14, 211, 0, 0, 111, 1, 0, 187, 1, 0, 93, 8, 22]
1552553960893;[171, 0, 17, 255, 161, 76, 221, 14, 211, 0, 0, 114, 1, 0, 186, 1, 0, 96, 8, 61]
1552553960894;[171, 0, 17, 255, 161, 76, 221, 14, 211, 0, 0, 112, 1, 0, 187, 1, 0, 94, 8, 95]
1552553960894;[171, 0, 4, 255, 132, 128, 67]
1552553960895;[171, 0, 17, 255, 161, 76, 221, 14, 211, 0, 0, 114, 1, 0, 187, 1, 0, 94, 8, 105]
1552553961061;[171, 0, 17, 255, 161, 76, 221, 14, 212, 0, 0, 112, 1, 0, 187, 1, 0, 93, 8, 121]
1552553961061;[171, 0, 17, 255, 161, 76, 221, 14, 212, 0, 0, 112, 1, 0, 186, 1, 0, 94, 8, 127]
1552553961227;[171, 0, 17, 255, 161, 76, 221, 14, 212, 0, 0, 112, 1, 0, 187, 1, 0, 94, 8, 118]
1552553961411;[171, 0, 17, 255, 161, 76, 221, 14, 212, 0, 0, 113, 1, 0, 186, 1, 0, 94, 8, 103]
1552553961411;[171, 0, 17, 255, 161, 76, 221, 14, 212, 0, 0, 114, 1, 0, 188, 1, 0, 94, 8, 92]
1552553961580;[171, 0, 17, 255, 161, 76, 221, 14, 212, 0, 0, 111, 1, 0, 186, 1, 0, 96, 8, 157]
1552553961580;[171, 0, 17, 255, 161, 76, 221, 14, 212, 0, 0, 114, 1, 0, 187, 1, 0, 94, 8, 209]
1552553961746;[171, 0, 17, 255, 161, 76, 221, 14, 212, 0, 0, 112, 1, 0, 187, 1, 0, 94, 8, 243]
1552553961929;[171, 0, 17, 255, 161, 76, 221, 14, 212, 0, 0, 115, 1, 0, 188, 1, 0, 94, 9, 13]
1552553961929;[171, 0, 4, 255, 132, 128, 67]
1552553962263;[171, 0, 17, 255, 161, 76, 221, 14, 212, 0, 0, 113, 1, 0, 187, 1, 0, 94, 9, 22]
1552553962264;[171, 0, 17, 255, 161, 76, 221, 14, 213, 0, 0, 111, 1, 0, 186, 1, 0, 94, 9, 21]
1552553962264;[171, 0, 17, 255, 161, 76, 221, 14, 213, 0, 0, 111, 1, 0, 186, 1, 0, 94, 9, 12]
1552553962280;[171, 0, 17, 255, 161, 76, 221, 14, 213, 0, 0, 111, 1, 0, 186, 1, 0, 96, 8, 251]
1552553962615;[171, 0, 17, 255, 161, 76, 221, 14, 213, 0, 0, 115, 1, 0, 186, 1, 0, 94, 8, 228]
1552553962615;[171, 0, 17, 255, 161, 76, 221, 14, 213, 0, 0, 114, 1, 0, 187, 1, 0, 94, 8, 210]
1552553962616;[171, 0, 17, 255, 161, 76, 221, 14, 213, 0, 0, 112, 1, 0, 187, 1, 0, 94, 8, 211]
1552553962782;[171, 0, 17, 255, 161, 76, 221, 14, 213, 0, 0, 109, 1, 0, 188, 1, 0, 94, 9, 2]
1552553962782;[171, 0, 17, 255, 161, 76, 221, 14, 213, 0, 0, 110, 1, 0, 187, 1, 0, 94, 9, 26]
1552553962966;[171, 0, 17, 255, 161, 76, 221, 14, 213, 0, 0, 114, 1, 0, 187, 1, 0, 94, 9, 40]
1552553962966;[171, 0, 4, 255, 132, 128, 66]
1552553963136;[171, 0, 17, 255, 161, 76, 221, 14, 213, 0, 0, 114, 1, 0, 187, 1, 0, 94, 9, 61]
1552553963299;[171, 0, 17, 255, 161, 76, 221, 14, 214, 0, 0, 111, 1, 0, 187, 1, 0, 94, 9, 45]
1552553963300;[171, 0, 17, 255, 161, 76, 221, 14, 214, 0, 0, 111, 1, 0, 187, 1, 0, 96, 9, 42]
1552553963484;[171, 0, 17, 255, 161, 76, 221, 14, 214, 0, 0, 110, 1, 0, 187, 1, 0, 96, 9, 25]
1552553963485;[171, 0, 17, 255, 161, 76, 221, 14, 214, 0, 0, 114, 1, 0, 187, 1, 0, 94, 9, 7]
1552553963651;[171, 0, 17, 255, 161, 76, 221, 14, 214, 0, 0, 109, 1, 0, 187, 1, 0, 94, 8, 230]
1552553963817;[171, 0, 17, 255, 161, 76, 221, 14, 214, 0, 0, 114, 1, 0, 187, 1, 0, 94, 8, 224]
1552553963818;[171, 0, 17, 255, 161, 76, 221, 14, 214, 0, 0, 112, 1, 0, 189, 1, 0, 93, 9, 1]
1552553964002;[171, 0, 17, 255, 161, 76, 221, 14, 214, 0, 0, 114, 1, 0, 187, 1, 0, 96, 9, 29]
1552553964168;[171, 0, 17, 255, 161, 76, 221, 14, 216, 0, 0, 113, 1, 0, 184, 1, 0, 94, 8, 163]
1552553964335;[171, 0, 17, 255, 161, 76, 221, 14, 217, 0, 0, 110, 1, 0, 187, 1, 0, 94, 8, 175]
1552553964519;[171, 0, 17, 255, 161, 76, 221, 14, 217, 0, 0, 112, 1, 0, 192, 1, 0, 94, 8, 178]
1552553964521;[171, 0, 17, 255, 161, 76, 221, 14, 217, 0, 0, 113, 1, 0, 187, 1, 0, 94, 8, 173]
1552553964686;[171, 0, 17, 255, 161, 76, 221, 14, 217, 0, 0, 112, 1, 0, 186, 1, 0, 93, 8, 160]
1552553964687;[171, 0, 17, 255, 161, 76, 221, 14, 217, 0, 0, 112, 1, 0, 187, 1, 0, 96, 8, 149]
1552553964854;[171, 0, 17, 255, 161, 76, 221, 14, 217, 0, 0, 112, 1, 0, 187, 1, 0, 94, 8, 127]
1552553964854;[171, 0, 17, 255, 161, 76, 221, 14, 217, 0, 0, 114, 1, 0, 188, 1, 0, 94, 8, 104]
1552553965037;[171, 0, 17, 255, 161, 76, 221, 14, 217, 0, 0, 115, 1, 0, 188, 1, 0, 94, 8, 83]
1552553965204;[171, 0, 17, 255, 161, 76, 221, 14, 217, 0, 0, 112, 1, 0, 186, 1, 0, 94, 8, 102]
1552553965372;[171, 0, 4, 255, 132, 128, 64]
1552553965373;[171, 0, 17, 255, 161, 76, 221, 14, 217, 0, 0, 112, 1, 0, 186, 1, 0, 96, 8, 149]
1552553965373;[171, 0, 17, 255, 161, 76, 221, 14, 218, 0, 0, 114, 1, 0, 188, 1, 0, 96, 8, 173]
1552553965539;[171, 0, 17, 255, 161, 76, 221, 14, 218, 0, 0, 114, 1, 0, 186, 1, 0, 94, 8, 190]
1552553965723;[171, 0, 17, 255, 161, 76, 221, 14, 218, 0, 0, 108, 1, 0, 186, 1, 0, 95, 8, 197]
1552553965723;[171, 0, 17, 255, 161, 76, 221, 14, 218, 0, 0, 114, 1, 0, 187, 1, 0, 94, 8, 197]
1552553965889;[171, 0, 17, 255, 161, 76, 221, 14, 218, 0, 0, 114, 1, 0, 188, 1, 0, 94, 8, 185]
1552553965889;[171, 0, 17, 255, 161, 76, 221, 14, 218, 0, 0, 111, 1, 0, 188, 1, 0, 94, 8, 168]
1552553966056;[171, 0, 17, 255, 161, 76, 221, 14, 218, 0, 0, 111, 1, 0, 186, 1, 0, 93, 8, 152]
1552553966072;[171, 0, 17, 255, 161, 76, 221, 14, 218, 0, 0, 112, 1, 0, 187, 1, 0, 94, 8, 131]
1552553966241;[171, 0, 17, 255, 161, 76, 221, 14, 218, 0, 0, 114, 1, 0, 187, 1, 0, 94, 8, 166]
1552553966575;[171, 0, 4, 255, 132, 128, 63]
1552553966576;[171, 0, 17, 255, 161, 76, 221, 14, 218, 0, 0, 109, 1, 0, 188, 1, 0, 94, 8, 211]
1552553966593;[171, 0, 17, 255, 161, 76, 221, 14, 219, 0, 0, 111, 1, 0, 186, 1, 0, 93, 8, 242]
1552553966594;[171, 0, 17, 255, 161, 76, 221, 14, 219, 0, 0, 110, 1, 0, 187, 1, 0, 93, 9, 8]
1552553966759;[171, 0, 17, 255, 161, 76, 221, 14, 219, 0, 0, 114, 1, 0, 187, 1, 0, 94, 9, 32]
1552553966759;[171, 0, 17, 255, 161, 76, 221, 14, 219, 0, 0, 114, 1, 0, 187, 1, 0, 95, 9, 32]
1552553966925;[171, 0, 17, 255, 161, 76, 221, 14, 219, 0, 0, 112, 1, 0, 188, 1, 0, 94, 9, 24]
1552553967092;[171, 0, 17, 255, 161, 76, 221, 14, 219, 0, 0, 112, 1, 0, 187, 1, 0, 96, 9, 13]
1552553967108;[171, 0, 17, 255, 161, 76, 221, 14, 219, 0, 0, 111, 1, 0, 187, 1, 0, 94, 9, 7]
1552553967277;[171, 0, 17, 255, 161, 76, 221, 14, 219, 0, 0, 112, 1, 0, 186, 1, 0, 94, 9, 60]
1552553967277;[171, 0, 17, 255, 161, 76, 221, 14, 219, 0, 0, 111, 1, 0, 192, 1, 0, 94, 9, 99]
1552553967443;[171, 0, 4, 255, 132, 128, 63]
1552553967610;[171, 0, 17, 255, 161, 76, 221, 14, 219, 0, 0, 114, 1, 0, 186, 1, 0, 94, 9, 123]
1552553967611;[171, 0, 17, 255, 161, 76, 221, 14, 220, 0, 0, 114, 1, 0, 186, 1, 0, 94, 9, 137]
1552553967794;[171, 0, 17, 255, 161, 76, 221, 14, 220, 0, 0, 114, 1, 0, 187, 1, 0, 94, 9, 137]
1552553967795;[171, 0, 17, 255, 161, 76, 221, 14, 220, 0, 0, 115, 1, 0, 187, 1, 0, 94, 9, 127]
1552553967961;[171, 0, 17, 255, 161, 76, 221, 14, 220, 0, 0, 108, 1, 0, 187, 1, 0, 94, 9, 114]
1552553967961;[171, 0, 17, 255, 161, 76, 221, 14, 220, 0, 0, 110, 1, 0, 186, 1, 0, 96, 9, 93]
1552553968128;[171, 0, 17, 255, 161, 76, 221, 14, 220, 0, 0, 111, 1, 0, 187, 1, 0, 94, 9, 74]
1552553968311;[171, 0, 17, 255, 161, 76, 221, 14, 220, 0, 0, 114, 1, 0, 192, 1, 0, 94, 9, 137]
1552553968312;[171, 0, 17, 255, 161, 76, 221, 14, 220, 0, 0, 112, 1, 0, 187, 1, 0, 94, 9, 192]
1552553968479;[171, 0, 17, 255, 161, 76, 221, 14, 220, 0, 0, 114, 1, 0, 188, 1, 0, 94, 9, 216]
1552553968480;[171, 0, 4, 255, 132, 128, 62]
1552553968648;[171, 0, 17, 255, 161, 76, 221, 14, 220, 0, 0, 114, 1, 0, 192, 1, 0, 96, 9, 236]
1552553968831;[171, 0, 17, 255, 161, 76, 221, 14, 221, 0, 0, 109, 1, 0, 187, 1, 0, 94, 9, 243]
1552553968831;[171, 0, 17, 255, 161, 76, 221, 14, 221, 0, 0, 110, 1, 0, 187, 1, 0, 94, 9, 231]
1552553968997;[171, 0, 17, 255, 161, 76, 221, 14, 221, 0, 0, 109, 1, 0, 187, 1, 0, 94, 9, 212]
1552553968998;[171, 0, 17, 255, 161, 76, 221, 14, 221, 0, 0, 112, 1, 0, 188, 1, 0, 94, 9, 188]
1552553969164;[171, 0, 17, 255, 161, 76, 221, 14, 221, 0, 0, 112, 1, 0, 187, 1, 0, 96, 9, 153]
1552553969164;[171, 0, 17, 255, 161, 76, 221, 14, 221, 0, 0, 110, 1, 0, 188, 1, 0, 93, 9, 181]
1552553969348;[171, 0, 17, 255, 161, 76, 221, 14, 221, 0, 0, 112, 1, 0, 187, 1, 0, 94, 9, 230]
1552553969515;[171, 0, 17, 255, 161, 76, 221, 14, 221, 0, 0, 114, 1, 0, 185, 1, 0, 96, 10, 8]
1552553969516;[171, 0, 17, 255, 161, 76, 221, 14, 221, 0, 0, 112, 1, 0, 186, 1, 0, 94, 10, 19]
1552553969682;[171, 0, 4, 255, 132, 128, 62]
1552553969682;[171, 0, 17, 255, 161, 76, 221, 14, 221, 0, 0, 111, 1, 0, 193, 1, 0, 94, 10, 25]
1552553969865;[171, 0, 17, 255, 161, 76, 221, 14, 222, 0, 0, 114, 1, 0, 186, 1, 0, 96, 10, 14]
1552553969866;[171, 0, 17, 255, 161, 76, 221, 14, 222, 0, 0, 109, 1, 0, 187, 1, 0, 93, 9, 253]
1552553970033;[171, 0, 17, 255, 161, 76, 221, 14, 222, 0, 0, 111, 1, 0, 192, 1, 0, 94, 9, 228]
1552553970200;[171, 0, 17, 255, 161, 76, 221, 14, 222, 0, 0, 112, 1, 0, 187, 1, 0, 94, 9, 206]
1552553970200;[171, 0, 17, 255, 161, 76, 221, 14, 222, 0, 0, 114, 1, 0, 186, 1, 0, 94, 9, 229]
1552553970384;[171, 0, 17, 255, 161, 76, 221, 14, 222, 0, 0, 114, 1, 0, 188, 1, 0, 94, 10, 18]
1552553970384;[171, 0, 17, 255, 161, 76, 221, 14, 222, 0, 0, 110, 1, 0, 186, 1, 0, 94, 10, 40]
1552553970551;[171, 0, 17, 255, 161, 76, 221, 14, 222, 0, 0, 109, 1, 0, 187, 1, 0, 96, 10, 55]
1552553970900;[171, 0, 17, 255, 161, 76, 221, 14, 222, 0, 0, 115, 1, 0, 186, 1, 0, 94, 10, 50]
1552553970902;[171, 0, 4, 255, 132, 128, 62]
1552553970903;[171, 0, 17, 255, 161, 76, 221, 14, 222, 0, 0, 114, 1, 0, 186, 1, 0, 96, 10, 32]
1552553970903;[171, 0, 17, 255, 161, 76, 221, 14, 223, 0, 0, 110, 1, 0, 186, 1, 0, 95, 10, 3]
1552553971069;[171, 0, 17, 255, 161, 76, 221, 14, 223, 0, 0, 114, 1, 0, 188, 1, 0, 94, 9, 228]
1552553971069;[171, 0, 17, 255, 161, 76, 221, 14, 223, 0, 0, 110, 1, 0, 188, 1, 0, 93, 9, 187]
1552553971236;[171, 0, 17, 255, 161, 76, 221, 14, 223, 0, 0, 114, 1, 0, 186, 1, 0, 94, 9, 162]
1552553971403;[171, 0, 17, 255, 161, 76, 221, 14, 223, 0, 0, 114, 1, 0, 186, 1, 0, 96, 9, 122]
1552553971419;[171, 0, 17, 255, 161, 76, 221, 14, 223, 0, 0, 111, 1, 0, 186, 1, 0, 94, 9, 150]
1552553971588;[171, 0, 17, 255, 161, 76, 221, 14, 223, 0, 0, 114, 1, 0, 187, 1, 0, 96, 9, 184]
1552553971588;[171, 0, 17, 255, 161, 76, 221, 14, 223, 0, 0, 112, 1, 0, 187, 1, 0, 93, 9, 199]
1552553971755;[171, 0, 17, 255, 161, 76, 221, 14, 223, 0, 0, 113, 1, 0, 186, 1, 0, 94, 9, 204]
1552553971755;[171, 0, 4, 255, 132, 128, 62]
1552553971921;[171, 0, 17, 255, 161, 76, 221, 14, 223, 0, 0, 115, 1, 0, 187, 1, 0, 94, 9, 198]
1552553972104;[171, 0, 17, 255, 161, 76, 221, 14, 224, 0, 0, 114, 1, 0, 188, 1, 0, 94, 9, 183]
1552553972105;[171, 0, 17, 255, 161, 76, 221, 14, 224, 0, 0, 112, 1, 0, 187, 1, 0, 96, 9, 161]
1552553972272;[171, 0, 17, 255, 161, 76, 221, 14, 224, 0, 0, 110, 1, 0, 186, 1, 0, 94, 9, 133]
1552553972273;[171, 0, 17, 255, 161, 76, 221, 14, 224, 0, 0, 108, 1, 0, 189, 1, 0, 94, 9, 101]
1552553972439;[171, 0, 17, 255, 161, 76, 221, 14, 224, 0, 0, 109, 1, 0, 187, 1, 0, 94, 9, 61]
1552553972623;[171, 0, 17, 255, 161, 76, 221, 14, 224, 0, 0, 112, 1, 0, 187, 1, 0, 94, 9, 22]
1552553972623;[171, 0, 17, 255, 161, 76, 221, 14, 224, 0, 0, 112, 1, 0, 188, 1, 0, 94, 8, 228]
1552553972789;[171, 0, 17, 255, 161, 76, 221, 14, 224, 0, 0, 112, 1, 0, 188, 1, 0, 94, 8, 236]
1552553972790;[171, 0, 17, 255, 161, 76, 221, 14, 224, 0, 0, 111, 1, 0, 187, 1, 0, 96, 9, 9]
1552553972957;[171, 0, 4, 255, 132, 128, 62]
1552553972977;[171, 0, 17, 255, 161, 76, 221, 14, 224, 0, 0, 110, 1, 0, 187, 1, 0, 94, 9, 29]
1552553973140;[171, 0, 17, 255, 161, 76, 221, 14, 225, 0, 0, 112, 1, 0, 187, 1, 0, 96, 9, 31]
1552553973308;[171, 0, 17, 255, 161, 76, 221, 14, 225, 0, 0, 114, 1, 0, 187, 1, 0, 94, 9, 28]
1552553973308;[171, 0, 17, 255, 161, 76, 221, 14, 225, 0, 0, 114, 1, 0, 187, 1, 0, 98, 9, 13]
1552553973475;[171, 0, 17, 255, 161, 76, 221, 14, 225, 0, 0, 112, 1, 0, 187, 1, 0, 93, 8, 239]
1552553973475;[171, 0, 17, 255, 161, 76, 221, 14, 225, 0, 0, 112, 1, 0, 187, 1, 0, 94, 8, 214]
1552553973659;[171, 0, 17, 255, 161, 76, 221, 14, 225, 0, 0, 114, 1, 0, 187, 1, 0, 94, 8, 175]
1552553973660;[171, 0, 17, 255, 161, 76, 221, 14, 225, 0, 0, 112, 1, 0, 192, 1, 0, 94, 8, 129]
1552553973826;[171, 0, 17, 255, 161, 76, 221, 14, 225, 0, 0, 112, 1, 0, 188, 1, 0, 96, 8, 149]
1552553973993;[171, 0, 17, 255, 161, 76, 221, 14, 225, 0, 0, 112, 1, 0, 187, 1, 0, 94, 8, 175]
1552553973993;[171, 0, 4, 255, 132, 128, 62]
1552553974177;[171, 0, 17, 255, 161, 76, 221, 14, 225, 0, 0, 111, 1, 0, 187, 1, 0, 94, 8, 182]
1552553974344;[171, 0, 17, 255, 161, 76, 221, 14, 226, 0, 0, 112, 1, 0, 187, 1, 0, 96, 8, 185]
1552553974345;[171, 0, 17, 255, 161, 76, 221, 14, 226, 0, 0, 112, 1, 0, 186, 1, 0, 94, 8, 186]
1552553974511;[171, 0, 17, 255, 161, 76, 221, 14, 226, 0, 0, 114, 1, 0, 187, 1, 0, 94, 8, 163]
1552553974511;[171, 0, 17, 255, 161, 76, 221, 14, 226, 0, 0, 110, 1, 0, 187, 1, 0, 98, 8, 134]
1552553974695;[171, 0, 17, 255, 161, 76, 221, 14, 226, 0, 0, 114, 1, 0, 187, 1, 0, 94, 8, 103]
1552553974695;[171, 0, 17, 255, 161, 76, 221, 14, 226, 0, 0, 115, 1, 0, 188, 1, 0, 96, 8, 78]
1552553974861;[171, 0, 17, 255, 161, 76, 221, 14, 226, 0, 0, 114, 1, 0, 193, 1, 0, 94, 8, 41]
1552553974862;[171, 0, 17, 255, 161, 76, 221, 14, 226, 0, 0, 114, 1, 0, 187, 1, 0, 94, 8, 35]
1552553975028;[171, 0, 17, 255, 161, 76, 221, 14, 226, 0, 0, 114, 1, 0, 187, 1, 0, 94, 8, 79]
1552553975211;[171, 0, 4, 255, 132, 128, 62]
1552553975212;[171, 0, 17, 255, 161, 76, 221, 14, 226, 0, 0, 112, 1, 0, 186, 1, 0, 93, 8, 104]
1552553975379;[171, 0, 17, 255, 161, 76, 221, 14, 227, 0, 0, 114, 1, 0, 187, 1, 0, 96, 8, 131]
1552553975380;[171, 0, 17, 255, 161, 76, 221, 14, 227, 0, 0, 114, 1, 0, 187, 1, 0, 94, 8, 134]
1552553975547;[171, 0, 17, 255, 161, 76, 221, 14, 227, 0, 0, 109, 1, 0, 188, 1, 0, 96, 8, 125]
1552553975730;[171, 0, 17, 255, 161, 76, 221, 14, 227, 0, 0, 112, 1, 0, 186, 1, 0, 93, 8, 115]
1552553975731;[171, 0, 17, 255, 161, 76, 221, 14, 227, 0, 0, 111, 1, 0, 187, 1, 0, 94, 8, 92]
1552553975898;[171, 0, 17, 255, 161, 76, 221, 14, 227, 0, 0, 114, 1, 0, 188, 1, 0, 93, 8, 67]
1552553975898;[171, 0, 17, 255, 161, 76, 221, 14, 227, 0, 0, 115, 1, 0, 187, 1, 0, 94, 8, 36]
1552553976065;[171, 0, 17, 255, 161, 76, 221, 14, 227, 0, 0, 114, 1, 0, 187, 1, 0, 98, 8, 20]
1552553976066;[171, 0, 17, 255, 161, 76, 221, 14, 227, 0, 0, 112, 1, 0, 188, 1, 0, 96, 8, 67]
1552553976247;[171, 0, 4, 255, 132, 128, 61]
1552553976416;[171, 0, 17, 255, 161, 76, 221, 14, 227, 0, 0, 112, 1, 0, 187, 1, 0, 94, 8, 89]
1552553976416;[171, 0, 17, 255, 161, 76, 221, 14, 228, 0, 0, 114, 1, 0, 188, 1, 0, 96, 8, 107]
1552553976582;[171, 0, 17, 255, 161, 76, 221, 14, 228, 0, 0, 109, 1, 0, 186, 1, 0, 94, 8, 120]
1552553976583;[171, 0, 17, 255, 161, 76, 221, 14, 228, 0, 0, 114, 1, 0, 186, 1, 0, 94, 8, 114]
1552553976767;[171, 0, 17, 255, 161, 76, 221, 14, 228, 0, 0, 109, 1, 0, 187, 1, 0, 94, 8, 112]
1552553976768;[171, 0, 17, 255, 161, 76, 221, 14, 228, 0, 0, 112, 1, 0, 188, 1, 0, 95, 8, 88]
1552553977100;[171, 0, 17, 255, 161, 76, 221, 14, 228, 0, 0, 112, 1, 0, 187, 1, 0, 94, 8, 67]
1552553977101;[171, 0, 17, 255, 161, 76, 221, 14, 228, 0, 0, 114, 1, 0, 188, 1, 0, 94, 8, 49]
1552553977101;[171, 0, 17, 255, 161, 76, 221, 14, 228, 0, 0, 112, 1, 0, 186, 1, 0, 93, 8, 90]
1552553977284;[171, 0, 17, 255, 161, 76, 221, 14, 228, 0, 0, 114, 1, 0, 188, 1, 0, 93, 8, 131]
1552553977285;[171, 0, 4, 255, 132, 128, 61]
1552553977451;[171, 0, 17, 255, 161, 76, 221, 14, 228, 0, 0, 110, 1, 0, 187, 1, 0, 94, 8, 150]
1552553977618;[171, 0, 17, 255, 161, 76, 221, 14, 229, 0, 0, 114, 1, 0, 187, 1, 0, 94, 8, 169]
1552553977619;[171, 0, 17, 255, 161, 76, 221, 14, 229, 0, 0, 110, 1, 0, 186, 1, 0, 94, 8, 166]
1552553977801;[171, 0, 17, 255, 161, 76, 221, 14, 229, 0, 0, 114, 1, 0, 187, 1, 0, 98, 8, 150]
1552553977803;[171, 0, 17, 255, 161, 76, 221, 14, 229, 0, 0, 111, 1, 0, 187, 1, 0, 94, 8, 130]
1552553977970;[171, 0, 17, 255, 161, 76, 221, 14, 229, 0, 0, 111, 1, 0, 186, 1, 0, 97, 8, 102]
1552553978137;[171, 0, 17, 255, 161, 76, 221, 14, 229, 0, 0, 112, 1, 0, 187, 1, 0, 96, 8, 72]
1552553978137;[171, 0, 17, 255, 161, 76, 221, 14, 229, 0, 0, 114, 1, 0, 187, 1, 0, 94, 8, 89]
1552553978304;[171, 0, 17, 255, 161, 76, 221, 14, 229, 0, 0, 112, 1, 0, 187, 1, 0, 94, 8, 137]
1552553978320;[171, 0, 17, 255, 161, 76, 221, 14, 229, 0, 0, 113, 1, 0, 192, 1, 0, 94, 8, 167]
1552553978655;[171, 0, 4, 255, 132, 128, 61]
1552553978656;[171, 0, 17, 255, 161, 76, 221, 14, 229, 0, 0, 114, 1, 0, 187, 1, 0, 98, 8, 189]
1552553978657;[171, 0, 17, 255, 161, 76, 221, 14, 230, 0, 0, 110, 1, 0, 187, 1, 0, 96, 8, 201]
1552553978657;[171, 0, 17, 255, 161, 76, 221, 14, 230, 0, 0, 114, 1, 0, 186, 1, 0, 98, 8, 202]
1552553978823;[171, 0, 17, 255, 161, 76, 221, 14, 230, 0, 0, 112, 1, 0, 186, 1, 0, 94, 8, 176]
1552553979172;[171, 0, 17, 255, 161, 76, 221, 14, 230, 0, 0, 111, 1, 0, 184, 1, 0, 94, 8, 160]
1552553979173;[171, 0, 17, 255, 161, 76, 221, 14, 230, 0, 0, 112, 1, 0, 187, 1, 0, 96, 8, 140]
1552553979174;[171, 0, 17, 255, 161, 76, 221, 14, 230, 0, 0, 112, 1, 0, 188, 1, 0, 95, 8, 105]
1552553979174;[171, 0, 17, 255, 161, 76, 221, 14, 230, 0, 0, 112, 1, 0, 185, 1, 0, 93, 8, 116]
1552553979339;[171, 0, 17, 255, 161, 76, 221, 14, 230, 0, 0, 112, 1, 0, 186, 1, 0, 94, 8, 153]
1552553979524;[171, 0, 17, 255, 161, 76, 221, 14, 230, 0, 0, 109, 1, 0, 188, 1, 0, 94, 8, 177]
1552553979524;[171, 0, 4, 255, 132, 128, 61]
1552553979691;[171, 0, 17, 255, 161, 76, 221, 14, 230, 0, 0, 112, 1, 0, 187, 1, 0, 94, 8, 191]
1552553979691;[171, 0, 17, 255, 161, 76, 221, 14, 231, 0, 0, 112, 1, 0, 187, 1, 0, 96, 8, 191]
1552553979858;[171, 0, 17, 255, 161, 76, 221, 14, 231, 0, 0, 116, 1, 0, 186, 1, 0, 94, 8, 189]
1552553979858;[171, 0, 17, 255, 161, 76, 221, 14, 231, 0, 0, 114, 1, 0, 186, 1, 0, 96, 8, 173]
1552553980040;[171, 0, 17, 255, 161, 76, 221, 14, 231, 0, 0, 112, 1, 0, 187, 1, 0, 96, 8, 151]
1552553980209;[171, 0, 17, 255, 161, 76, 221, 14, 231, 0, 0, 114, 1, 0, 192, 1, 0, 96, 8, 126]
1552553980209;[171, 0, 17, 255, 161, 76, 221, 14, 231, 0, 0, 114, 1, 0, 187, 1, 0, 94, 8, 125]
1552553980375;[171, 0, 17, 255, 161, 76, 221, 14, 231, 0, 0, 111, 1, 0, 186, 1, 0, 94, 8, 184]
1552553980375;[171, 0, 17, 255, 161, 76, 221, 14, 231, 0, 0, 114, 1, 0, 186, 1, 0, 96, 8, 212]
1552553980559;[171, 0, 17, 255, 161, 76, 221, 14, 231, 0, 0, 112, 1, 0, 186, 1, 0, 96, 8, 228]
1552553980560;[171, 0, 4, 255, 132, 128, 61]
1552553980726;[171, 0, 17, 255, 161, 76, 221, 14, 231, 0, 0, 110, 1, 0, 186, 1, 0, 96, 8, 244]
1552553980893;[171, 0, 17, 255, 161, 76, 221, 14, 232, 0, 0, 114, 1, 0, 186, 1, 0, 97, 8, 234]
1552553980894;[171, 0, 17, 255, 161, 76, 221, 14, 232, 0, 0, 114, 1, 0, 187, 1, 0, 94, 8, 214]
1552553981077;[171, 0, 17, 255, 161, 76, 221, 14, 232, 0, 0, 108, 1, 0, 187, 1, 0, 96, 8, 184]
1552553981078;[171, 0, 17, 255, 161, 76, 221, 14, 232, 0, 0, 114, 1, 0, 186, 1, 0, 96, 8, 154]
1552553981244;[171, 0, 17, 255, 161, 76, 221, 14, 232, 0, 0, 112, 1, 0, 186, 1, 0, 94, 8, 121]
1552553981411;[171, 0, 17, 255, 161, 76, 221, 14, 232, 0, 0, 112, 1, 0, 187, 1, 0, 94, 8, 98]
1552553981412;[171, 0, 17, 255, 161, 76, 221, 14, 232, 0, 0, 112, 1, 0, 187, 1, 0, 93, 8, 154]
1552553981594;[171, 0, 17, 255, 161, 76, 221, 14, 232, 0, 0, 114, 1, 0, 186, 1, 0, 96, 8, 185]
1552553981596;[171, 0, 17, 255, 161, 76, 221, 14, 232, 0, 0, 114, 1, 0, 188, 1, 0, 94, 8, 201]
1552553981929;[171, 0, 4, 255, 132, 128, 61]
