1552553646761;[171, 0, 17, 255, 161, 76, 221, 13, 134, 0, 0, 43, 1, 0, 6, 1, 0, 242, 12, 212]
1552553646944;[171, 0, 17, 255, 161, 76, 221, 13, 134, 0, 0, 44, 1, 0, 6, 1, 0, 243, 13, 122]
1552553646945;[171, 0, 17, 255, 161, 76, 221, 13, 134, 0, 0, 45, 1, 0, 6, 1, 0, 242, 13, 247]
1552553649005;[171, 0, 17, 255, 161, 76, 221, 13, 134, 0, 0, 44, 1, 0, 6, 1, 0, 241, 14, 80]
1552553649007;[171, 0, 17, 255, 161, 76, 221, 13, 134, 0, 0, 44, 1, 0, 4, 1, 0, 245, 14, 152]
1552553649008;[171, 0, 17, 255, 161, 76, 221, 13, 134, 0, 0, 49, 1, 0, 6, 1, 0, 242, 14, 210]
1552553649009;[171, 0, 4, 255, 132, 128, 60]
1552553649010;[171, 0, 17, 255, 161, 76, 221, 13, 134, 0, 0, 45, 1, 0, 5, 1, 0, 244, 31, 199]
1552553649029;[171, 0, 17, 255, 161, 76, 221, 13, 135, 0, 0, 44, 1, 0, 6, 1, 0, 243, 8, 165]
1552553649030;[171, 0, 17, 255, 161, 76, 221, 13, 135, 0, 0, 49, 1, 0, 3, 1, 0, 243, 9, 38]
1552553649031;[171, 0, 17, 255, 161, 76, 221, 13, 135, 0, 0, 51, 1, 0, 5, 1, 0, 242, 9, 38]
1552553649032;[171, 0, 17, 255, 161, 76, 221, 13, 135, 0, 0, 44, 1, 0, 3, 1, 0, 241, 9, 112]
1552553649035;[171, 0, 17, 255, 161, 76, 221, 13, 135, 0, 0, 49, 1, 0, 4, 1, 0, 242, 9, 130]
1552553649035;[171, 0, 17, 255, 161, 76, 221, 13, 135, 0, 0, 47, 1, 0, 4, 1, 0, 243, 9, 129]
1552553649036;[171, 0, 17, 255, 161, 76, 221, 13, 135, 0, 0, 44, 1, 0, 5, 1, 0, 244, 9, 110]
1552553649049;[171, 0, 17, 255, 161, 76, 221, 13, 135, 0, 0, 49, 1, 0, 6, 1, 0, 243, 9, 69]
1552553649050;[171, 0, 17, 255, 161, 76, 221, 13, 135, 0, 0, 47, 1, 0, 5, 1, 0, 241, 9, 14]
1552553649050;[171, 0, 4, 255, 132, 128, 59]
1552553649051;[171, 0, 17, 255, 161, 76, 221, 13, 135, 0, 0, 45, 1, 0, 4, 1, 0, 244, 9, 20]
1552553649051;[171, 0, 17, 255, 161, 76, 221, 13, 136, 0, 0, 44, 1, 0, 5, 1, 0, 243, 9, 141]
1552553649052;[171, 0, 17, 255, 161, 76, 221, 13, 136, 0, 0, 47, 1, 0, 4, 1, 0, 242, 9, 186]
1552553649052;[171, 0, 17, 255, 161, 76, 221, 13, 136, 0, 0, 51, 1, 0, 4, 1, 0, 242, 9, 199]
1552553649053;[171, 0, 17, 255, 161, 76, 221, 13, 136, 0, 0, 48, 1, 0, 9, 1, 0, 242, 9, 188]
1552553649059;[171, 0, 17, 255, 161, 76, 221, 13, 136, 0, 0, 47, 1, 0, 7, 1, 0, 243, 9, 142]
1552553649183;[171, 0, 17, 255, 161, 76, 221, 13, 136, 0, 0, 47, 1, 0, 8, 1, 0, 241, 9, 76]
1552553649184;[171, 0, 17, 255, 161, 76, 221, 13, 136, 0, 0, 47, 1, 0, 6, 1, 0, 244, 9, 1]
1552553649350;[171, 0, 17, 255, 161, 76, 221, 13, 136, 0, 0, 47, 1, 0, 7, 1, 0, 245, 8, 173]
1552553649538;[171, 0, 17, 255, 161, 76, 221, 13, 136, 0, 0, 44, 1, 0, 7, 1, 0, 243, 8, 82]
1552553649539;[171, 0, 4, 255, 132, 128, 59]
1552553649701;[171, 0, 17, 255, 161, 76, 221, 13, 136, 0, 0, 45, 1, 0, 6, 1, 0, 243, 7, 240]
1552553649702;[171, 0, 17, 255, 161, 76, 221, 13, 137, 0, 0, 44, 1, 0, 4, 1, 0, 243, 7, 152]
1552553649869;[171, 0, 17, 255, 161, 76, 221, 13, 137, 0, 0, 45, 1, 0, 7, 1, 0, 242, 7, 172]
1552553650052;[171, 0, 17, 255, 161, 76, 221, 13, 137, 0, 0, 47, 1, 0, 7, 1, 0, 242, 7, 186]
1552553650053;[171, 0, 17, 255, 161, 76, 221, 13, 137, 0, 0, 47, 1, 0, 4, 1, 0, 245, 7, 161]
1552553650219;[171, 0, 17, 255, 161, 76, 221, 13, 137, 0, 0, 44, 1, 0, 5, 1, 0, 243, 7, 122]
1552553650220;[171, 0, 17, 255, 161, 76, 221, 13, 137, 0, 0, 46, 1, 0, 5, 1, 0, 242, 7, 63]
1552553650387;[171, 0, 17, 255, 161, 76, 221, 13, 137, 0, 0, 45, 1, 0, 7, 1, 0, 243, 6, 251]
1552553650388;[171, 0, 17, 255, 161, 76, 221, 13, 137, 0, 0, 45, 1, 0, 4, 1, 0, 242, 6, 177]
1552553650569;[171, 0, 17, 255, 161, 76, 221, 13, 137, 0, 0, 49, 1, 0, 5, 1, 0, 242, 6, 93]
1552553650737;[171, 0, 4, 255, 132, 128, 59]
1552553650738;[171, 0, 17, 255, 161, 76, 221, 13, 137, 0, 0, 44, 1, 0, 10, 1, 0, 242, 6, 6]
1552553650904;[171, 0, 17, 255, 161, 76, 221, 13, 138, 0, 0, 47, 1, 0, 4, 1, 0, 241, 5, 176]
1552553651087;[171, 0, 17, 255, 161, 76, 221, 13, 138, 0, 0, 44, 1, 0, 5, 1, 0, 242, 5, 86]
1552553651087;[171, 0, 17, 255, 161, 76, 221, 13, 138, 0, 0, 51, 1, 0, 9, 1, 0, 242, 5, 39]
1552553651088;[171, 0, 17, 255, 161, 76, 221, 13, 138, 0, 0, 44, 1, 0, 7, 1, 0, 243, 5, 47]
1552553651255;[171, 0, 17, 255, 161, 76, 221, 13, 138, 0, 0, 49, 1, 0, 3, 1, 0, 243, 5, 18]
1552553651421;[171, 0, 17, 255, 161, 76, 221, 13, 138, 0, 0, 43, 1, 0, 6, 1, 0, 241, 4, 238]
1552553651422;[171, 0, 17, 255, 161, 76, 221, 13, 138, 0, 0, 45, 1, 0, 8, 1, 0, 243, 4, 201]
1552553651604;[171, 0, 17, 255, 161, 76, 221, 13, 138, 0, 0, 47, 1, 0, 5, 1, 0, 243, 4, 141]
1552553651605;[171, 0, 17, 255, 161, 76, 221, 13, 138, 0, 0, 44, 1, 0, 6, 1, 0, 242, 4, 89]
1552553651772;[171, 0, 4, 255, 132, 128, 59]
1552553651940;[171, 0, 17, 255, 161, 76, 221, 13, 138, 0, 0, 43, 1, 0, 8, 1, 0, 242, 4, 26]
1552553651942;[171, 0, 17, 255, 161, 76, 221, 13, 139, 0, 0, 47, 1, 0, 7, 1, 0, 242, 3, 212]
1552553652107;[171, 0, 17, 255, 161, 76, 221, 13, 139, 0, 0, 44, 1, 0, 8, 1, 0, 241, 3, 151]
1552553652290;[171, 0, 17, 255, 161, 76, 221, 13, 139, 0, 0, 44, 1, 0, 5, 1, 0, 242, 3, 128]
1552553652457;[171, 0, 17, 255, 161, 76, 221, 13, 139, 0, 0, 44, 1, 0, 7, 1, 0, 242, 3, 144]
1552553652458;[171, 0, 17, 255, 161, 76, 221, 13, 139, 0, 0, 44, 1, 0, 11, 1, 0, 244, 3, 151]
1552553652458;[171, 0, 17, 255, 161, 76, 221, 13, 139, 0, 0, 45, 1, 0, 5, 1, 0, 241, 3, 135]
1552553652625;[171, 0, 17, 255, 161, 76, 221, 13, 139, 0, 0, 45, 1, 0, 7, 1, 0, 243, 3, 106]
1552553652641;[171, 0, 17, 255, 161, 76, 221, 13, 139, 0, 0, 49, 1, 0, 4, 1, 0, 242, 3, 74]
1552553652808;[171, 0, 17, 255, 161, 76, 221, 13, 139, 0, 0, 47, 1, 0, 3, 1, 0, 243, 3, 32]
1552553652809;[171, 0, 4, 255, 132, 128, 58]
1552553653326;[171, 0, 17, 255, 161, 76, 221, 13, 139, 0, 0, 45, 1, 0, 6, 1, 0, 241, 2, 251]
1552553653327;[171, 0, 17, 255, 161, 76, 221, 13, 140, 0, 0, 44, 1, 0, 6, 1, 0, 243, 2, 201]
1552553653327;[171, 0, 17, 255, 161, 76, 221, 13, 140, 0, 0, 44, 1, 0, 4, 1, 0, 243, 2, 142]
1552553653328;[171, 0, 17, 255, 161, 76, 221, 13, 140, 0, 0, 45, 1, 0, 6, 1, 0, 243, 2, 104]
1552553653328;[171, 0, 17, 255, 161, 76, 221, 13, 140, 0, 0, 44, 1, 0, 4, 1, 0, 242, 2, 152]
1552553653495;[171, 0, 17, 255, 161, 76, 221, 13, 140, 0, 0, 45, 1, 0, 5, 1, 0, 242, 2, 189]
1552553653495;[171, 0, 17, 255, 161, 76, 221, 13, 140, 0, 0, 41, 1, 0, 5, 1, 0, 242, 2, 207]
1552553653660;[171, 0, 17, 255, 161, 76, 221, 13, 140, 0, 0, 44, 1, 0, 8, 1, 0, 241, 2, 219]
1552553653844;[171, 0, 17, 255, 161, 76, 221, 13, 140, 0, 0, 45, 1, 0, 7, 1, 0, 243, 2, 224]
1552553653844;[171, 0, 17, 255, 161, 76, 221, 13, 140, 0, 0, 45, 1, 0, 7, 1, 0, 243, 2, 204]
1552553654011;[171, 0, 4, 255, 132, 128, 58]
1552553654012;[171, 0, 17, 255, 161, 76, 221, 13, 140, 0, 0, 45, 1, 0, 5, 1, 0, 243, 2, 197]
1552553654362;[171, 0, 17, 255, 161, 76, 221, 13, 141, 0, 0, 45, 1, 0, 7, 1, 0, 243, 2, 173]
1552553654362;[171, 0, 17, 255, 161, 76, 221, 13, 141, 0, 0, 47, 1, 0, 7, 1, 0, 242, 2, 161]
1552553654362;[171, 0, 17, 255, 161, 76, 221, 13, 141, 0, 0, 44, 1, 0, 4, 1, 0, 245, 2, 147]
1552553654530;[171, 0, 17, 255, 161, 76, 221, 13, 141, 0, 0, 46, 1, 0, 5, 1, 0, 242, 2, 217]
1552553654531;[171, 0, 17, 255, 161, 76, 221, 13, 141, 0, 0, 51, 1, 0, 6, 1, 0, 241, 3, 34]
1552553654696;[171, 0, 17, 255, 161, 76, 221, 13, 141, 0, 0, 43, 1, 0, 7, 1, 0, 245, 3, 87]
1552553654697;[171, 0, 17, 255, 161, 76, 221, 13, 141, 0, 0, 47, 1, 0, 4, 1, 0, 242, 3, 129]
1552553654880;[171, 0, 17, 255, 161, 76, 221, 13, 141, 0, 0, 46, 1, 0, 8, 1, 0, 242, 3, 148]
1552553655048;[171, 0, 17, 255, 161, 76, 221, 13, 141, 0, 0, 44, 1, 0, 4, 1, 0, 242, 3, 145]
1552553655049;[171, 0, 4, 255, 132, 128, 58]
1552553655214;[171, 0, 17, 255, 161, 76, 221, 13, 141, 0, 0, 51, 1, 0, 3, 1, 0, 243, 3, 148]
1552553655215;[171, 0, 17, 255, 161, 76, 221, 13, 142, 0, 0, 46, 1, 0, 5, 1, 0, 243, 3, 135]
1552553655399;[171, 0, 17, 255, 161, 76, 221, 13, 142, 0, 0, 47, 1, 0, 4, 1, 0, 243, 3, 126]
1552553655399;[171, 0, 17, 255, 161, 76, 221, 13, 142, 0, 0, 44, 1, 0, 4, 1, 0, 242, 3, 191]
1552553655565;[171, 0, 17, 255, 161, 76, 221, 13, 142, 0, 0, 45, 1, 0, 4, 1, 0, 242, 4, 18]
1552553655733;[171, 0, 17, 255, 161, 76, 221, 13, 142, 0, 0, 45, 1, 0, 7, 1, 0, 242, 4, 58]
1552553655733;[171, 0, 17, 255, 161, 76, 221, 13, 142, 0, 0, 44, 1, 0, 5, 1, 0, 243, 4, 85]
1552553656084;[171, 0, 17, 255, 161, 76, 221, 13, 142, 0, 0, 47, 1, 0, 6, 1, 0, 242, 4, 94]
1552553656085;[171, 0, 17, 255, 161, 76, 221, 13, 142, 0, 0, 47, 1, 0, 5, 1, 0, 242, 4, 87]
1552553656086;[171, 0, 17, 255, 161, 76, 221, 13, 144, 0, 0, 45, 1, 0, 3, 1, 0, 243, 4, 84]
1552553656434;[171, 0, 17, 255, 161, 76, 221, 13, 145, 0, 0, 47, 1, 0, 3, 1, 0, 243, 4, 131]
1552553656436;[171, 0, 17, 255, 161, 76, 221, 13, 145, 0, 0, 51, 1, 0, 5, 1, 0, 242, 4, 141]
1552553656601;[171, 0, 17, 255, 161, 76, 221, 13, 145, 0, 0, 45, 1, 0, 3, 1, 0, 246, 4, 142]
1552553656769;[171, 0, 17, 255, 161, 76, 221, 13, 145, 0, 0, 47, 1, 0, 7, 1, 0, 243, 4, 116]
1552553657119;[171, 0, 17, 255, 161, 76, 221, 13, 145, 0, 0, 44, 1, 0, 4, 1, 0, 242, 4, 78]
1552553657120;[171, 0, 17, 255, 161, 76, 221, 13, 145, 0, 0, 45, 1, 0, 4, 1, 0, 245, 4, 32]
1552553657121;[171, 0, 17, 255, 161, 76, 221, 13, 145, 0, 0, 49, 1, 0, 4, 1, 0, 244, 3, 240]
1552553657122;[171, 0, 17, 255, 161, 76, 221, 13, 145, 0, 0, 45, 1, 0, 5, 1, 0, 242, 3, 181]
1552553657122;[171, 0, 17, 255, 161, 76, 221, 13, 145, 0, 0, 44, 1, 0, 6, 1, 0, 243, 3, 123]
1552553657287;[171, 0, 4, 255, 132, 128, 58]
1552553657288;[171, 0, 17, 255, 161, 76, 221, 13, 145, 0, 0, 46, 1, 0, 6, 1, 0, 241, 3, 63]
1552553657804;[171, 0, 17, 255, 161, 76, 221, 13, 146, 0, 0, 44, 1, 0, 5, 1, 0, 243, 3, 20]
1552553657805;[171, 0, 17, 255, 161, 76, 221, 13, 146, 0, 0, 44, 1, 0, 5, 1, 0, 243, 3, 50]
1552553657805;[171, 0, 17, 255, 161, 76, 221, 13, 146, 0, 0, 44, 1, 0, 8, 1, 0, 241, 3, 57]
1552553657806;[171, 0, 17, 255, 161, 76, 221, 13, 146, 0, 0, 51, 1, 0, 5, 1, 0, 243, 3, 52]
1552553657806;[171, 0, 17, 255, 161, 76, 221, 13, 146, 0, 0, 45, 1, 0, 4, 1, 0, 241, 3, 30]
1552553657972;[171, 0, 17, 255, 161, 76, 221, 13, 146, 0, 0, 43, 1, 0, 8, 1, 0, 243, 2, 248]
1552553657988;[171, 0, 17, 255, 161, 76, 221, 13, 146, 0, 0, 43, 1, 0, 8, 1, 0, 240, 2, 203]
1552553658156;[171, 0, 17, 255, 161, 76, 221, 13, 146, 0, 0, 45, 1, 0, 4, 1, 0, 242, 2, 151]
1552553658322;[171, 0, 17, 255, 161, 76, 221, 13, 146, 0, 0, 43, 1, 0, 7, 1, 0, 242, 2, 108]
1552553658322;[171, 0, 4, 255, 132, 128, 58]
1552553658491;[171, 0, 17, 255, 161, 76, 221, 13, 146, 0, 0, 49, 1, 0, 4, 1, 0, 245, 2, 44]
1552553658507;[171, 0, 17, 255, 161, 76, 221, 13, 147, 0, 0, 46, 1, 0, 5, 1, 0, 243, 1, 248]
1552553658841;[171, 0, 17, 255, 161, 76, 221, 13, 147, 0, 0, 44, 1, 0, 5, 1, 0, 243, 1, 181]
1552553658841;[171, 0, 17, 255, 161, 76, 221, 13, 147, 0, 0, 44, 1, 0, 10, 1, 0, 243, 1, 149]
1552553659008;[171, 0, 17, 255, 161, 76, 221, 13, 147, 0, 0, 47, 1, 0, 9, 1, 0, 243, 1, 150]
1552553659359;[171, 0, 17, 255, 161, 76, 221, 13, 147, 0, 0, 51, 1, 0, 5, 1, 0, 243, 1, 160]
1552553659359;[171, 0, 17, 255, 161, 76, 221, 13, 147, 0, 0, 44, 1, 0, 5, 1, 0, 243, 1, 145]
1552553659360;[171, 0, 17, 255, 161, 76, 221, 13, 147, 0, 0, 44, 1, 0, 6, 1, 0, 241, 1, 128]
1552553659526;[171, 0, 17, 255, 161, 76, 221, 13, 147, 0, 0, 50, 1, 0, 4, 1, 0, 243, 1, 92]
1552553659541;[171, 0, 17, 255, 161, 76, 221, 13, 147, 0, 0, 44, 1, 0, 6, 1, 0, 242, 1, 52]
1552553659542;[171, 0, 4, 255, 132, 128, 59]
1552553659543;[171, 0, 17, 255, 161, 76, 221, 13, 147, 0, 0, 44, 1, 0, 7, 1, 0, 243, 1, 17]
1552553659709;[171, 0, 17, 255, 161, 76, 221, 13, 148, 0, 0, 44, 1, 0, 8, 1, 0, 243, 0, 232]
1552553659710;[171, 0, 17, 255, 161, 76, 221, 13, 148, 0, 0, 44, 1, 0, 5, 1, 0, 243, 16, 191]
1552553659877;[171, 0, 17, 255, 161, 76, 221, 13, 148, 0, 0, 49, 1, 0, 6, 1, 0, 243, 7, 220]
1552553659877;[171, 0, 17, 255, 161, 76, 221, 13, 148, 0, 0, 45, 1, 0, 5, 1, 0, 242, 7, 214]
1552553660044;[171, 0, 17, 255, 161, 76, 221, 13, 148, 0, 0, 45, 1, 0, 7, 1, 0, 243, 7, 203]
1552553660226;[171, 0, 17, 255, 161, 76, 221, 13, 148, 0, 0, 44, 1, 0, 4, 1, 0, 242, 7, 188]
1552553660228;[171, 0, 17, 255, 161, 76, 221, 13, 148, 0, 0, 44, 1, 0, 5, 1, 0, 243, 7, 158]
1552553660394;[171, 0, 17, 255, 161, 76, 221, 13, 148, 0, 0, 46, 1, 0, 10, 1, 0, 242, 7, 123]
1552553660395;[171, 0, 17, 255, 161, 76, 221, 13, 148, 0, 0, 44, 1, 0, 8, 1, 0, 242, 7, 81]
1552553660561;[171, 0, 4, 255, 132, 128, 59]
1552553660914;[171, 0, 17, 255, 161, 76, 221, 13, 148, 0, 0, 45, 1, 0, 5, 1, 0, 243, 7, 45]
1552553660914;[171, 0, 17, 255, 161, 76, 221, 13, 149, 0, 0, 44, 1, 0, 5, 1, 0, 243, 7, 2]
1552553660915;[171, 0, 17, 255, 161, 76, 221, 13, 149, 0, 0, 47, 1, 0, 6, 1, 0, 243, 7, 16]
1552553660915;[171, 0, 17, 255, 161, 76, 221, 13, 149, 0, 0, 47, 1, 0, 5, 1, 0, 242, 7, 44]
1552553661080;[171, 0, 17, 255, 161, 76, 221, 13, 149, 0, 0, 44, 1, 0, 4, 1, 0, 242, 7, 52]
1552553661080;[171, 0, 17, 255, 161, 76, 221, 13, 149, 0, 0, 44, 1, 0, 9, 1, 0, 241, 7, 60]
1552553661264;[171, 0, 17, 255, 161, 76, 221, 13, 149, 0, 0, 44, 1, 0, 5, 1, 0, 242, 7, 70]
1552553661431;[171, 0, 17, 255, 161, 76, 221, 13, 149, 0, 0, 44, 1, 0, 11, 1, 0, 241, 7, 65]
1552553661432;[171, 0, 17, 255, 161, 76, 221, 13, 149, 0, 0, 45, 1, 0, 8, 1, 0, 242, 7, 45]
1552553661598;[171, 0, 17, 255, 161, 76, 221, 13, 149, 0, 0, 47, 1, 0, 5, 1, 0, 243, 7, 33]
1552553661599;[171, 0, 4, 255, 132, 128, 59]
1552553661782;[171, 0, 17, 255, 161, 76, 221, 13, 149, 0, 0, 44, 1, 0, 5, 1, 0, 242, 7, 9]
1552553661949;[171, 0, 17, 255, 161, 76, 221, 13, 150, 0, 0, 44, 1, 0, 4, 1, 0, 241, 7, 12]
1552553661950;[171, 0, 17, 255, 161, 76, 221, 13, 150, 0, 0, 44, 1, 0, 7, 1, 0, 241, 7, 73]
1552553662116;[171, 0, 17, 255, 161, 76, 221, 13, 150, 0, 0, 44, 1, 0, 8, 1, 0, 242, 7, 135]
1552553662117;[171, 0, 17, 255, 161, 76, 221, 13, 150, 0, 0, 49, 1, 0, 7, 1, 0, 242, 7, 179]
1552553662300;[171, 0, 17, 255, 161, 76, 221, 13, 150, 0, 0, 47, 1, 0, 5, 1, 0, 242, 7, 212]
1552553662301;[171, 0, 17, 255, 161, 76, 221, 13, 150, 0, 0, 44, 1, 0, 5, 1, 0, 245, 7, 229]
1552553662467;[171, 0, 17, 255, 161, 76, 221, 13, 150, 0, 0, 44, 1, 0, 6, 1, 0, 245, 7, 232]
1552553662634;[171, 0, 17, 255, 161, 76, 221, 13, 150, 0, 0, 44, 1, 0, 5, 1, 0, 242, 7, 237]
1552553662635;[171, 0, 17, 255, 161, 76, 221, 13, 150, 0, 0, 43, 1, 0, 8, 1, 0, 242, 7, 222]
1552553663217;[171, 0, 4, 255, 132, 128, 59]
1552553663219;[171, 0, 17, 255, 161, 76, 221, 13, 150, 0, 0, 47, 1, 0, 8, 1, 0, 243, 7, 206]
1552553663219;[171, 0, 17, 255, 161, 76, 221, 13, 151, 0, 0, 49, 1, 0, 7, 1, 0, 243, 7, 243]
1552553663219;[171, 0, 17, 255, 161, 76, 221, 13, 151, 0, 0, 47, 1, 0, 3, 1, 0, 242, 8, 44]
1552553663220;[171, 0, 17, 255, 161, 76, 221, 13, 151, 0, 0, 44, 1, 0, 8, 1, 0, 243, 8, 64]
1552553663336;[171, 0, 17, 255, 161, 76, 221, 13, 151, 0, 0, 47, 1, 0, 3, 1, 0, 243, 8, 84]
1552553663670;[171, 0, 17, 255, 161, 76, 221, 13, 151, 0, 0, 47, 1, 0, 4, 1, 0, 242, 8, 95]
1552553663854;[171, 0, 17, 255, 161, 76, 221, 13, 151, 0, 0, 44, 1, 0, 8, 1, 0, 243, 8, 78]
1552553663854;[171, 0, 17, 255, 161, 76, 221, 13, 151, 0, 0, 44, 1, 0, 7, 1, 0, 245, 8, 56]
1552553663855;[171, 0, 17, 255, 161, 76, 221, 13, 151, 0, 0, 44, 1, 0, 7, 1, 0, 242, 8, 32]
1552553663856;[171, 0, 17, 255, 161, 76, 221, 13, 151, 0, 0, 45, 1, 0, 9, 1, 0, 243, 7, 251]
1552553663856;[171, 0, 4, 255, 132, 128, 59]
1552553664021;[171, 0, 17, 255, 161, 76, 221, 13, 151, 0, 0, 45, 1, 0, 4, 1, 0, 241, 8, 5]
1552553664022;[171, 0, 17, 255, 161, 76, 221, 13, 152, 0, 0, 44, 1, 0, 8, 1, 0, 242, 8, 49]
1552553664188;[171, 0, 17, 255, 161, 76, 221, 13, 152, 0, 0, 44, 1, 0, 10, 1, 0, 242, 8, 66]
1552553664189;[171, 0, 17, 255, 161, 76, 221, 13, 152, 0, 0, 44, 1, 0, 4, 1, 0, 241, 8, 63]
1552553664371;[171, 0, 17, 255, 161, 76, 221, 13, 152, 0, 0, 45, 1, 0, 4, 1, 0, 244, 8, 59]
1552553664538;[171, 0, 17, 255, 161, 76, 221, 13, 152, 0, 0, 44, 1, 0, 4, 1, 0, 244, 8, 35]
1552553664539;[171, 0, 17, 255, 161, 76, 221, 13, 152, 0, 0, 47, 1, 0, 7, 1, 0, 243, 8, 2]
1552553664705;[171, 0, 17, 255, 161, 76, 221, 13, 152, 0, 0, 44, 1, 0, 7, 1, 0, 242, 7, 223]
1552553664707;[171, 0, 17, 255, 161, 76, 221, 13, 152, 0, 0, 43, 1, 0, 4, 1, 0, 243, 7, 183]
1552553664873;[171, 0, 17, 255, 161, 76, 221, 13, 152, 0, 0, 44, 1, 0, 5, 1, 0, 241, 7, 155]
1552553664890;[171, 0, 4, 255, 132, 128, 59]
1552553665058;[171, 0, 17, 255, 161, 76, 221, 13, 152, 0, 0, 45, 1, 0, 5, 1, 0, 245, 7, 187]
1552553665407;[171, 0, 17, 255, 161, 76, 221, 13, 153, 0, 0, 45, 1, 0, 6, 1, 0, 245, 7, 192]
1552553665408;[171, 0, 17, 255, 161, 76, 221, 13, 153, 0, 0, 46, 1, 0, 5, 1, 0, 245, 7, 183]
1552553665409;[171, 0, 17, 255, 161, 76, 221, 13, 153, 0, 0, 47, 1, 0, 7, 1, 0, 242, 7, 179]
1552553665410;[171, 0, 17, 255, 161, 76, 221, 13, 153, 0, 0, 45, 1, 0, 3, 1, 0, 243, 7, 149]
1552553665574;[171, 0, 17, 255, 161, 76, 221, 13, 153, 0, 0, 47, 1, 0, 7, 1, 0, 242, 7, 121]
1552553665742;[171, 0, 17, 255, 161, 76, 221, 13, 153, 0, 0, 44, 1, 0, 7, 1, 0, 245, 7, 82]
1552553665925;[171, 0, 17, 255, 161, 76, 221, 13, 153, 0, 0, 45, 1, 0, 10, 1, 0, 246, 7, 52]
1552553665926;[171, 0, 17, 255, 161, 76, 221, 13, 153, 0, 0, 44, 1, 0, 7, 1, 0, 242, 6, 252]
1552553665927;[171, 0, 17, 255, 161, 76, 221, 13, 153, 0, 0, 44, 1, 0, 5, 1, 0, 241, 6, 227]
1552553666092;[171, 0, 4, 255, 132, 128, 60]
1552553666093;[171, 0, 17, 255, 161, 76, 221, 13, 153, 0, 0, 44, 1, 0, 5, 1, 0, 241, 6, 239]
1552553666259;[171, 0, 17, 255, 161, 76, 221, 13, 154, 0, 0, 44, 1, 0, 5, 1, 0, 241, 6, 245]
1552553666427;[171, 0, 17, 255, 161, 76, 221, 13, 154, 0, 0, 47, 1, 0, 4, 1, 0, 242, 6, 237]
1552553666443;[171, 0, 17, 255, 161, 76, 221, 13, 154, 0, 0, 44, 1, 0, 4, 1, 0, 243, 6, 225]
1552553666609;[171, 0, 17, 255, 161, 76, 221, 13, 154, 0, 0, 45, 1, 0, 7, 1, 0, 243, 6, 199]
1552553666610;[171, 0, 17, 255, 161, 76, 221, 13, 154, 0, 0, 47, 1, 0, 8, 1, 0, 243, 6, 170]
1552553666777;[171, 0, 17, 255, 161, 76, 221, 13, 154, 0, 0, 45, 1, 0, 8, 1, 0, 242, 6, 139]
1552553666778;[171, 0, 17, 255, 161, 76, 221, 13, 154, 0, 0, 47, 1, 0, 3, 1, 0, 241, 6, 139]
1552553666944;[171, 0, 17, 255, 161, 76, 221, 13, 154, 0, 0, 44, 1, 0, 8, 1, 0, 243, 6, 113]
1552553667128;[171, 0, 17, 255, 161, 76, 221, 13, 154, 0, 0, 45, 1, 0, 8, 1, 0, 242, 6, 123]
1552553667130;[171, 0, 4, 255, 132, 128, 60]
1552553667295;[171, 0, 17, 255, 161, 76, 221, 13, 154, 0, 0, 44, 1, 0, 7, 1, 0, 243, 6, 139]
1552553667296;[171, 0, 17, 255, 161, 76, 221, 13, 155, 0, 0, 43, 1, 0, 5, 1, 0, 241, 6, 135]
1552553667462;[171, 0, 17, 255, 161, 76, 221, 13, 155, 0, 0, 45, 1, 0, 3, 1, 0, 243, 6, 139]
1552553667647;[171, 0, 17, 255, 161, 76, 221, 13, 155, 0, 0, 45, 1, 0, 7, 1, 0, 245, 6, 123]
1552553667648;[171, 0, 17, 255, 161, 76, 221, 13, 155, 0, 0, 44, 1, 0, 5, 1, 0, 243, 6, 102]
1552553667813;[171, 0, 17, 255, 161, 76, 221, 13, 155, 0, 0, 45, 1, 0, 4, 1, 0, 242, 6, 73]
1552553667814;[171, 0, 17, 255, 161, 76, 221, 13, 155, 0, 0, 44, 1, 0, 4, 1, 0, 241, 6, 54]
1552553667980;[171, 0, 17, 255, 161, 76, 221, 13, 155, 0, 0, 41, 1, 0, 8, 1, 0, 243, 6, 20]
1552553667981;[171, 0, 17, 255, 161, 76, 221, 13, 155, 0, 0, 44, 1, 0, 8, 1, 0, 243, 6, 7]
1552553668164;[171, 0, 17, 255, 161, 76, 221, 13, 155, 0, 0, 44, 1, 0, 3, 1, 0, 243, 6, 42]
1552553668332;[171, 0, 4, 255, 132, 128, 60]
1552553668334;[171, 0, 17, 255, 161, 76, 221, 13, 155, 0, 0, 44, 1, 0, 4, 1, 0, 243, 6, 63]
1552553668682;[171, 0, 17, 255, 161, 76, 221, 13, 156, 0, 0, 47, 1, 0, 7, 1, 0, 244, 6, 72]
1552553668683;[171, 0, 17, 255, 161, 76, 221, 13, 156, 0, 0, 44, 1, 0, 7, 1, 0, 241, 6, 70]
1552553668684;[171, 0, 17, 255, 161, 76, 221, 13, 156, 0, 0, 43, 1, 0, 5, 1, 0, 242, 6, 68]
1552553668685;[171, 0, 17, 255, 161, 76, 221, 13, 156, 0, 0, 51, 1, 0, 5, 1, 0, 243, 6, 54]
1552553668849;[171, 0, 17, 255, 161, 76, 221, 13, 156, 0, 0, 45, 1, 0, 8, 1, 0, 242, 6, 38]
1552553669199;[171, 0, 17, 255, 161, 76, 221, 13, 156, 0, 0, 49, 1, 0, 7, 1, 0, 242, 6, 9]
1552553669200;[171, 0, 17, 255, 161, 76, 221, 13, 156, 0, 0, 44, 1, 0, 9, 1, 0, 243, 5, 239]
1552553669200;[171, 0, 17, 255, 161, 76, 221, 13, 156, 0, 0, 47, 1, 0, 5, 1, 0, 242, 6, 8]
1552553669201;[171, 0, 17, 255, 161, 76, 221, 13, 156, 0, 0, 47, 1, 0, 7, 1, 0, 243, 6, 47]
1552553669367;[171, 0, 4, 255, 132, 128, 61]
1552553669540;[171, 0, 17, 255, 161, 76, 221, 13, 156, 0, 0, 47, 1, 0, 8, 1, 0, 245, 6, 71]
1552553669717;[171, 0, 17, 255, 161, 76, 221, 13, 157, 0, 0, 45, 1, 0, 6, 1, 0, 242, 6, 92]
1552553669718;[171, 0, 17, 255, 161, 76, 221, 13, 157, 0, 0, 44, 1, 0, 4, 1, 0, 241, 6, 102]
1552553669719;[171, 0, 17, 255, 161, 76, 221, 13, 157, 0, 0, 47, 1, 0, 5, 1, 0, 243, 6, 100]
1552553669886;[171, 0, 17, 255, 161, 76, 221, 13, 157, 0, 0, 44, 1, 0, 3, 1, 0, 242, 6, 93]
1552553669887;[171, 0, 17, 255, 161, 76, 221, 13, 157, 0, 0, 47, 1, 0, 5, 1, 0, 244, 6, 76]
1552553670052;[171, 0, 17, 255, 161, 76, 221, 13, 157, 0, 0, 48, 1, 0, 9, 1, 0, 242, 6, 62]
1552553670236;[171, 0, 17, 255, 161, 76, 221, 13, 157, 0, 0, 47, 1, 0, 9, 1, 0, 245, 6, 106]
1552553670403;[171, 0, 17, 255, 161, 76, 221, 13, 157, 0, 0, 44, 1, 0, 5, 1, 0, 241, 6, 149]
1552553670404;[171, 0, 17, 255, 161, 76, 221, 13, 157, 0, 0, 44, 1, 0, 3, 1, 0, 243, 6, 166]
1552553670405;[171, 0, 4, 255, 132, 128, 61]
1552553670571;[171, 0, 17, 255, 161, 76, 221, 13, 157, 0, 0, 47, 1, 0, 7, 1, 0, 243, 6, 182]
1552553670754;[171, 0, 17, 255, 161, 76, 221, 13, 158, 0, 0, 45, 1, 0, 6, 1, 0, 243, 6, 182]
1552553670755;[171, 0, 17, 255, 161, 76, 221, 13, 158, 0, 0, 45, 1, 0, 4, 1, 0, 243, 6, 171]
1552553670922;[171, 0, 17, 255, 161, 76, 221, 13, 158, 0, 0, 49, 1, 0, 7, 1, 0, 243, 6, 158]
1552553670923;[171, 0, 17, 255, 161, 76, 221, 13, 158, 0, 0, 44, 1, 0, 9, 1, 0, 242, 6, 132]
1552553671087;[171, 0, 17, 255, 161, 76, 221, 13, 158, 0, 0, 44, 1, 0, 4, 1, 0, 241, 6, 143]
1552553671088;[171, 0, 17, 255, 161, 76, 221, 13, 158, 0, 0, 49, 1, 0, 5, 1, 0, 242, 6, 198]
1552553671272;[171, 0, 17, 255, 161, 76, 221, 13, 158, 0, 0, 44, 1, 0, 5, 1, 0, 244, 6, 249]
1552553671439;[171, 0, 17, 255, 161, 76, 221, 13, 158, 0, 0, 45, 1, 0, 6, 1, 0, 241, 7, 19]
1552553671440;[171, 0, 17, 255, 161, 76, 221, 13, 158, 0, 0, 44, 1, 0, 5, 1, 0, 242, 7, 34]
1552553671606;[171, 0, 4, 255, 132, 128, 61]
1552553671608;[171, 0, 17, 255, 161, 76, 221, 13, 158, 0, 0, 45, 1, 0, 7, 1, 0, 245, 7, 32]
1552553671790;[171, 0, 17, 255, 161, 76, 221, 13, 159, 0, 0, 44, 1, 0, 5, 1, 0, 240, 7, 28]
1552553671791;[171, 0, 17, 255, 161, 76, 221, 13, 159, 0, 0, 45, 1, 0, 5, 1, 0, 243, 7, 10]
1552553671958;[171, 0, 17, 255, 161, 76, 221, 13, 159, 0, 0, 47, 1, 0, 3, 1, 0, 243, 6, 248]
1552553672124;[171, 0, 17, 255, 161, 76, 221, 13, 159, 0, 0, 44, 1, 0, 5, 1, 0, 242, 6, 240]
1552553672125;[171, 0, 17, 255, 161, 76, 221, 13, 159, 0, 0, 49, 1, 0, 5, 1, 0, 242, 7, 40]
1552553672292;[171, 0, 17, 255, 161, 76, 221, 13, 159, 0, 0, 45, 1, 0, 8, 1, 0, 243, 7, 84]
1552553672308;[171, 0, 17, 255, 161, 76, 221, 13, 159, 0, 0, 44, 1, 0, 11, 1, 0, 242, 7, 99]
1552553672475;[171, 0, 17, 255, 161, 76, 221, 13, 159, 0, 0, 49, 1, 0, 7, 1, 0, 242, 7, 107]
1552553672642;[171, 0, 17, 255, 161, 76, 221, 13, 159, 0, 0, 47, 1, 0, 5, 1, 0, 242, 7, 104]
1552553672643;[171, 0, 4, 255, 132, 128, 61]
1552553672809;[171, 0, 17, 255, 161, 76, 221, 13, 159, 0, 0, 44, 1, 0, 5, 1, 0, 241, 7, 87]
1552553672826;[171, 0, 17, 255, 161, 76, 221, 13, 160, 0, 0, 44, 1, 0, 7, 1, 0, 243, 7, 68]
1552553672992;[171, 0, 17, 255, 161, 76, 221, 13, 160, 0, 0, 45, 1, 0, 9, 1, 0, 243, 7, 33]
1552553672992;[171, 0, 17, 255, 161, 76, 221, 13, 160, 0, 0, 51, 1, 0, 7, 1, 0, 242, 7, 26]
1552553673160;[171, 0, 17, 255, 161, 76, 221, 13, 160, 0, 0, 46, 1, 0, 7, 1, 0, 241, 7, 70]
1552553673327;[171, 0, 17, 255, 161, 76, 221, 13, 160, 0, 0, 45, 1, 0, 8, 1, 0, 243, 7, 94]
1552553673344;[171, 0, 17, 255, 161, 76, 221, 13, 160, 0, 0, 45, 1, 0, 6, 1, 0, 242, 7, 99]
1552553673511;[171, 0, 17, 255, 161, 76, 221, 13, 160, 0, 0, 44, 1, 0, 8, 1, 0, 242, 7, 106]
1552553673512;[171, 0, 17, 255, 161, 76, 221, 13, 160, 0, 0, 44, 1, 0, 3, 1, 0, 242, 7, 94]
1552553673678;[171, 0, 17, 255, 161, 76, 221, 13, 160, 0, 0, 44, 1, 0, 5, 1, 0, 243, 7, 76]
1552553673679;[171, 0, 4, 255, 132, 128, 62]
1552553673845;[171, 0, 17, 255, 161, 76, 221, 13, 160, 0, 0, 43, 1, 0, 8, 1, 0, 241, 7, 48]
1552553674028;[171, 0, 17, 255, 161, 76, 221, 13, 161, 0, 0, 44, 1, 0, 4, 1, 0, 243, 7, 19]
1552553674028;[171, 0, 17, 255, 161, 76, 221, 13, 161, 0, 0, 43, 1, 0, 4, 1, 0, 241, 7, 31]
1552553674195;[171, 0, 17, 255, 161, 76, 221, 13, 161, 0, 0, 44, 1, 0, 8, 1, 0, 242, 7, 79]
1552553674196;[171, 0, 17, 255, 161, 76, 221, 13, 161, 0, 0, 46, 1, 0, 7, 1, 0, 242, 7, 93]
1552553674363;[171, 0, 17, 255, 161, 76, 221, 13, 161, 0, 0, 45, 1, 0, 7, 1, 0, 243, 7, 113]
1552553674714;[171, 0, 17, 255, 161, 76, 221, 13, 161, 0, 0, 44, 1, 0, 5, 1, 0, 243, 7, 116]
1552553674715;[171, 0, 17, 255, 161, 76, 221, 13, 161, 0, 0, 51, 1, 0, 5, 1, 0, 243, 7, 99]
1552553674716;[171, 0, 17, 255, 161, 76, 221, 13, 161, 0, 0, 45, 1, 0, 4, 1, 0, 243, 7, 82]
1552553674730;[171, 0, 17, 255, 161, 76, 221, 13, 161, 0, 0, 47, 1, 0, 7, 1, 0, 243, 7, 44]
1552553674881;[171, 0, 4, 255, 132, 128, 62]
1552553674883;[171, 0, 17, 255, 161, 76, 221, 13, 161, 0, 0, 47, 1, 0, 7, 1, 0, 246, 7, 23]
1552553675065;[171, 0, 17, 255, 161, 76, 221, 13, 162, 0, 0, 45, 1, 0, 4, 1, 0, 245, 7, 23]
1552553675231;[171, 0, 17, 255, 161, 76, 221, 13, 162, 0, 0, 44, 1, 0, 5, 1, 0, 243, 7, 54]
1552553675232;[171, 0, 17, 255, 161, 76, 221, 13, 162, 0, 0, 44, 1, 0, 5, 1, 0, 243, 7, 65]
1552553675399;[171, 0, 17, 255, 161, 76, 221, 13, 162, 0, 0, 44, 1, 0, 7, 1, 0, 243, 7, 72]
1552553675400;[171, 0, 17, 255, 161, 76, 221, 13, 162, 0, 0, 44, 1, 0, 4, 1, 0, 242, 7, 54]
1552553675750;[171, 0, 17, 255, 161, 76, 221, 13, 162, 0, 0, 47, 1, 0, 4, 1, 0, 243, 7, 26]
1552553675751;[171, 0, 17, 255, 161, 76, 221, 13, 162, 0, 0, 44, 1, 0, 7, 1, 0, 241, 7, 3]
1552553675752;[171, 0, 17, 255, 161, 76, 221, 13, 162, 0, 0, 44, 1, 0, 6, 1, 0, 242, 6, 218]
1552553675917;[171, 0, 17, 255, 161, 76, 221, 13, 162, 0, 0, 45, 1, 0, 7, 1, 0, 241, 6, 185]
1552553675918;[171, 0, 4, 255, 132, 128, 62]
1552553676100;[171, 0, 17, 255, 161, 76, 221, 13, 162, 0, 0, 47, 1, 0, 5, 1, 0, 243, 6, 178]
1552553676101;[171, 0, 17, 255, 161, 76, 221, 13, 163, 0, 0, 44, 1, 0, 5, 1, 0, 242, 6, 207]
1552553676268;[171, 0, 17, 255, 161, 76, 221, 13, 163, 0, 0, 49, 1, 0, 7, 1, 0, 241, 6, 210]
1552553676435;[171, 0, 17, 255, 161, 76, 221, 13, 163, 0, 0, 44, 1, 0, 8, 1, 0, 242, 6, 201]
1552553676437;[171, 0, 17, 255, 161, 76, 221, 13, 163, 0, 0, 45, 1, 0, 6, 1, 0, 242, 6, 198]
1552553676619;[171, 0, 17, 255, 161, 76, 221, 13, 163, 0, 0, 44, 1, 0, 8, 1, 0, 242, 6, 175]
1552553676620;[171, 0, 17, 255, 161, 76, 221, 13, 163, 0, 0, 45, 1, 0, 11, 1, 0, 243, 6, 136]
1552553676785;[171, 0, 17, 255, 161, 76, 221, 13, 163, 0, 0, 47, 1, 0, 5, 1, 0, 240, 6, 107]
1552553676786;[171, 0, 17, 255, 161, 76, 221, 13, 163, 0, 0, 51, 1, 0, 5, 1, 0, 245, 6, 79]
1552553676954;[171, 0, 17, 255, 161, 76, 221, 13, 163, 0, 0, 47, 1, 0, 8, 1, 0, 243, 6, 102]
1552553677137;[171, 0, 4, 255, 132, 128, 63]
1552553677139;[171, 0, 17, 255, 161, 76, 221, 13, 163, 0, 0, 44, 1, 0, 4, 1, 0, 243, 6, 131]
1552553677471;[171, 0, 17, 255, 161, 76, 221, 13, 164, 0, 0, 44, 1, 0, 6, 1, 0, 242, 6, 132]
1552553677472;[171, 0, 17, 255, 161, 76, 221, 13, 164, 0, 0, 44, 1, 0, 6, 1, 0, 243, 6, 136]
1552553677486;[171, 0, 17, 255, 161, 76, 221, 13, 164, 0, 0, 45, 1, 0, 7, 1, 0, 247, 6, 118]
1552553677655;[171, 0, 17, 255, 161, 76, 221, 13, 164, 0, 0, 47, 1, 0, 8, 1, 0, 243, 6, 100]
1552553677656;[171, 0, 17, 255, 161, 76, 221, 13, 164, 0, 0, 48, 1, 0, 6, 1, 0, 242, 6, 81]
1552553677821;[171, 0, 17, 255, 161, 76, 221, 13, 164, 0, 0, 51, 1, 0, 7, 1, 0, 243, 6, 48]
1552553677822;[171, 0, 17, 255, 161, 76, 221, 13, 164, 0, 0, 45, 1, 0, 4, 1, 0, 243, 6, 16]
1552553677988;[171, 0, 17, 255, 161, 76, 221, 13, 164, 0, 0, 44, 1, 0, 6, 1, 0, 242, 6, 46]
1552553678156;[171, 0, 17, 255, 161, 76, 221, 13, 166, 0, 0, 47, 1, 0, 5, 1, 0, 242, 5, 145]
1552553678340;[171, 0, 17, 255, 161, 76, 221, 13, 167, 0, 0, 47, 1, 0, 5, 1, 0, 243, 5, 122]
1552553678506;[171, 0, 17, 255, 161, 76, 221, 13, 167, 0, 0, 45, 1, 0, 4, 1, 0, 242, 5, 91]
1552553678507;[171, 0, 17, 255, 161, 76, 221, 13, 167, 0, 0, 44, 1, 0, 11, 1, 0, 242, 5, 57]
1552553678673;[171, 0, 17, 255, 161, 76, 221, 13, 167, 0, 0, 44, 1, 0, 3, 1, 0, 243, 5, 42]
1552553678690;[171, 0, 17, 255, 161, 76, 221, 13, 167, 0, 0, 47, 1, 0, 4, 1, 0, 242, 5, 73]
1552553678858;[171, 0, 17, 255, 161, 76, 221, 13, 167, 0, 0, 44, 1, 0, 8, 1, 0, 241, 5, 80]
1552553679024;[171, 0, 17, 255, 161, 76, 221, 13, 167, 0, 0, 47, 1, 0, 8, 1, 0, 242, 5, 91]
1552553679026;[171, 0, 17, 255, 161, 76, 221, 13, 167, 0, 0, 47, 1, 0, 6, 1, 0, 242, 5, 93]
1552553679192;[171, 0, 17, 255, 161, 76, 221, 13, 167, 0, 0, 47, 1, 0, 5, 1, 0, 242, 5, 73]
1552553679193;[171, 0, 4, 255, 132, 128, 64]
1552553679376;[171, 0, 17, 255, 161, 76, 221, 13, 167, 0, 0, 44, 1, 0, 5, 1, 0, 242, 5, 54]
1552553679542;[171, 0, 17, 255, 161, 76, 221, 13, 168, 0, 0, 47, 1, 0, 7, 1, 0, 243, 5, 29]
1552553679542;[171, 0, 17, 255, 161, 76, 221, 13, 168, 0, 0, 47, 1, 0, 4, 1, 0, 242, 5, 6]
1552553679711;[171, 0, 17, 255, 161, 76, 221, 13, 168, 0, 0, 47, 1, 0, 6, 1, 0, 242, 4, 244]
1552553679711;[171, 0, 17, 255, 161, 76, 221, 13, 168, 0, 0, 44, 1, 0, 7, 1, 0, 243, 5, 23]
1552553679894;[171, 0, 17, 255, 161, 76, 221, 13, 168, 0, 0, 47, 1, 0, 6, 1, 0, 242, 5, 52]
1552553679895;[171, 0, 17, 255, 161, 76, 221, 13, 168, 0, 0, 47, 1, 0, 8, 1, 0, 242, 5, 58]
1552553680060;[171, 0, 17, 255, 161, 76, 221, 13, 168, 0, 0, 44, 1, 0, 8, 1, 0, 241, 5, 80]
1552553680227;[171, 0, 17, 255, 161, 76, 221, 13, 168, 0, 0, 44, 1, 0, 7, 1, 0, 242, 5, 64]
1552553680228;[171, 0, 17, 255, 161, 76, 221, 13, 168, 0, 0, 47, 1, 0, 4, 1, 0, 245, 5, 44]
1552553680410;[171, 0, 4, 255, 132, 128, 65]
1552553680412;[171, 0, 17, 255, 161, 76, 221, 13, 168, 0, 0, 49, 1, 0, 8, 1, 0, 243, 5, 31]
1552553680745;[171, 0, 17, 255, 161, 76, 221, 13, 169, 0, 0, 45, 1, 0, 4, 1, 0, 240, 5, 13]
1552553680746;[171, 0, 17, 255, 161, 76, 221, 13, 169, 0, 0, 43, 1, 0, 5, 1, 0, 243, 5, 4]
1552553680746;[171, 0, 17, 255, 161, 76, 221, 13, 169, 0, 0, 51, 1, 0, 5, 1, 0, 245, 5, 51]
1552553680929;[171, 0, 17, 255, 161, 76, 221, 13, 169, 0, 0, 45, 1, 0, 10, 1, 0, 242, 5, 65]
1552553680930;[171, 0, 17, 255, 161, 76, 221, 13, 169, 0, 0, 44, 1, 0, 4, 1, 0, 242, 5, 76]
1552553681264;[171, 0, 17, 255, 161, 76, 221, 13, 169, 0, 0, 44, 1, 0, 7, 1, 0, 242, 5, 82]
1552553681265;[171, 0, 17, 255, 161, 76, 221, 13, 169, 0, 0, 44, 1, 0, 9, 1, 0, 243, 5, 63]
1552553681266;[171, 0, 17, 255, 161, 76, 221, 13, 169, 0, 0, 43, 1, 0, 5, 1, 0, 243, 5, 49]
1552553681447;[171, 0, 17, 255, 161, 76, 221, 13, 169, 0, 0, 44, 1, 0, 4, 1, 0, 242, 5, 32]
1552553681448;[171, 0, 4, 255, 132, 128, 65]
1552553681614;[171, 0, 17, 255, 161, 76, 221, 13, 169, 0, 0, 44, 1, 0, 9, 1, 0, 243, 5, 3]
1552553681615;[171, 0, 17, 255, 161, 76, 221, 13, 170, 0, 0, 44, 1, 0, 8, 1, 0, 241, 5, 5]
1552553681964;[171, 0, 17, 255, 161, 76, 221, 13, 170, 0, 0, 44, 1, 0, 4, 1, 0, 242, 5, 48]
1552553681968;[171, 0, 17, 255, 161, 76, 221, 13, 170, 0, 0, 47, 1, 0, 6, 1, 0, 244, 5, 72]
1552553681969;[171, 0, 17, 255, 161, 76, 221, 13, 170, 0, 0, 44, 1, 0, 4, 1, 0, 242, 5, 84]
1552553682132;[171, 0, 17, 255, 161, 76, 221, 13, 170, 0, 0, 45, 1, 0, 4, 1, 0, 243, 5, 91]
1552553682132;[171, 0, 17, 255, 161, 76, 221, 13, 170, 0, 0, 44, 1, 0, 5, 1, 0, 242, 5, 75]
1552553682299;[171, 0, 17, 255, 161, 76, 221, 13, 170, 0, 0, 45, 1, 0, 11, 1, 0, 241, 5, 59]
1552553682300;[171, 0, 17, 255, 161, 76, 221, 13, 170, 0, 0, 44, 1, 0, 10, 1, 0, 242, 5, 38]
1552553682482;[171, 0, 17, 255, 161, 76, 221, 13, 170, 0, 0, 45, 1, 0, 5, 1, 0, 242, 5, 18]
1552553682484;[171, 0, 4, 255, 132, 128, 65]
1552553682650;[171, 0, 17, 255, 161, 76, 221, 13, 170, 0, 0, 44, 1, 0, 10, 1, 0, 241, 5, 1]
1552553682818;[171, 0, 17, 255, 161, 76, 221, 13, 171, 0, 0, 46, 1, 0, 5, 1, 0, 241, 5, 48]
1552553682818;[171, 0, 17, 255, 161, 76, 221, 13, 171, 0, 0, 47, 1, 0, 7, 1, 0, 242, 5, 80]
1552553682986;[171, 0, 17, 255, 161, 76, 221, 13, 171, 0, 0, 43, 1, 0, 5, 1, 0, 242, 5, 103]
1552553683000;[171, 0, 17, 255, 161, 76, 221, 13, 171, 0, 0, 43, 1, 0, 7, 1, 0, 243, 5, 124]
1552553683168;[171, 0, 17, 255, 161, 76, 221, 13, 171, 0, 0, 47, 1, 0, 5, 1, 0, 242, 5, 120]
1552553683336;[171, 0, 17, 255, 161, 76, 221, 13, 171, 0, 0, 47, 1, 0, 7, 1, 0, 243, 5, 109]
1552553683337;[171, 0, 17, 255, 161, 76, 221, 13, 171, 0, 0, 47, 1, 0, 11, 1, 0, 242, 5, 77]
1552553683502;[171, 0, 17, 255, 161, 76, 221, 13, 171, 0, 0, 44, 1, 0, 6, 1, 0, 242, 5, 65]
1552553683517;[171, 0, 17, 255, 161, 76, 221, 13, 171, 0, 0, 47, 1, 0, 8, 1, 0, 242, 5, 36]
1552553683686;[171, 0, 4, 255, 132, 128, 65]
1552553683687;[171, 0, 17, 255, 161, 76, 221, 13, 171, 0, 0, 45, 1, 0, 6, 1, 0, 246, 5, 83]
1552553684205;[171, 0, 17, 255, 161, 76, 221, 13, 172, 0, 0, 51, 1, 0, 3, 1, 0, 241, 5, 115]
1552553684205;[171, 0, 17, 255, 161, 76, 221, 13, 172, 0, 0, 45, 1, 0, 9, 1, 0, 242, 5, 126]
1552553684206;[171, 0, 17, 255, 161, 76, 221, 13, 172, 0, 0, 45, 1, 0, 6, 1, 0, 242, 5, 151]
1552553684206;[171, 0, 17, 255, 161, 76, 221, 13, 172, 0, 0, 49, 1, 0, 7, 1, 0, 242, 5, 149]
1552553684207;[171, 0, 17, 255, 161, 76, 221, 13, 172, 0, 0, 47, 1, 0, 6, 1, 0, 242, 5, 135]
1552553684372;[171, 0, 17, 255, 161, 76, 221, 13, 172, 0, 0, 47, 1, 0, 8, 1, 0, 242, 5, 117]
1552553684539;[171, 0, 17, 255, 161, 76, 221, 13, 172, 0, 0, 45, 1, 0, 7, 1, 0, 243, 5, 99]
1552553684554;[171, 0, 17, 255, 161, 76, 221, 13, 172, 0, 0, 45, 1, 0, 9, 1, 0, 243, 5, 90]
1552553684722;[171, 0, 17, 255, 161, 76, 221, 13, 172, 0, 0, 43, 1, 0, 7, 1, 0, 243, 5, 137]
1552553684722;[171, 0, 4, 255, 132, 128, 66]
1552553685057;[171, 0, 17, 255, 161, 76, 221, 13, 172, 0, 0, 45, 1, 0, 8, 1, 0, 242, 5, 163]
1552553685058;[171, 0, 17, 255, 161, 76, 221, 13, 173, 0, 0, 47, 1, 0, 5, 1, 0, 243, 5, 180]
1552553685072;[171, 0, 17, 255, 161, 76, 221, 13, 173, 0, 0, 49, 1, 0, 4, 1, 0, 245, 5, 188]
1552553685240;[171, 0, 17, 255, 161, 76, 221, 13, 173, 0, 0, 47, 1, 0, 4, 1, 0, 242, 5, 184]
1552553685240;[171, 0, 17, 255, 161, 76, 221, 13, 173, 0, 0, 51, 1, 0, 5, 1, 0, 241, 5, 177]
1552553685408;[171, 0, 17, 255, 161, 76, 221, 13, 173, 0, 0, 51, 1, 0, 8, 1, 0, 241, 5, 158]
1552553685408;[171, 0, 17, 255, 161, 76, 221, 13, 173, 0, 0, 47, 1, 0, 5, 1, 0, 242, 5, 142]
1552553685574;[171, 0, 17, 255, 161, 76, 221, 13, 173, 0, 0, 44, 1, 0, 7, 1, 0, 243, 5, 132]
1552553685575;[171, 0, 17, 255, 161, 76, 221, 13, 173, 0, 0, 45, 1, 0, 4, 1, 0, 243, 5, 184]
1552553685757;[171, 0, 17, 255, 161, 76, 221, 13, 173, 0, 0, 44, 1, 0, 4, 1, 0, 243, 5, 220]
1552553685926;[171, 0, 4, 255, 132, 128, 66]
1552553685928;[171, 0, 17, 255, 161, 76, 221, 13, 173, 0, 0, 47, 1, 0, 5, 1, 0, 243, 5, 231]
1552553686092;[171, 0, 17, 255, 161, 76, 221, 13, 174, 0, 0, 49, 1, 0, 9, 1, 0, 242, 5, 251]
1552553686108;[171, 0, 17, 255, 161, 76, 221, 13, 174, 0, 0, 49, 1, 0, 8, 1, 0, 243, 5, 243]
1552553686276;[171, 0, 17, 255, 161, 76, 221, 13, 174, 0, 0, 47, 1, 0, 4, 1, 0, 241, 5, 217]
1552553686444;[171, 0, 17, 255, 161, 76, 221, 13, 174, 0, 0, 45, 1, 0, 8, 1, 0, 241, 5, 201]
1552553686445;[171, 0, 17, 255, 161, 76, 221, 13, 174, 0, 0, 51, 1, 0, 5, 1, 0, 242, 5, 175]
1552553686611;[171, 0, 17, 255, 161, 76, 221, 13, 174, 0, 0, 44, 1, 0, 7, 1, 0, 242, 5, 147]
1552553686627;[171, 0, 17, 255, 161, 76, 221, 13, 174, 0, 0, 51, 1, 0, 6, 1, 0, 241, 5, 179]
1552553686794;[171, 0, 17, 255, 161, 76, 221, 13, 174, 0, 0, 52, 1, 0, 4, 1, 0, 242, 5, 209]
1552553686795;[171, 0, 17, 255, 161, 76, 221, 13, 174, 0, 0, 49, 1, 0, 5, 1, 0, 241, 5, 213]
1552553686961;[171, 0, 4, 255, 132, 128, 66]
1552553687128;[171, 0, 17, 255, 161, 76, 221, 13, 174, 0, 0, 44, 1, 0, 5, 1, 0, 242, 5, 214]
1552553687144;[171, 0, 17, 255, 161, 76, 221, 13, 175, 0, 0, 51, 1, 0, 6, 1, 0, 245, 5, 198]
1552553687312;[171, 0, 17, 255, 161, 76, 221, 13, 175, 0, 0, 45, 1, 0, 10, 1, 0, 242, 5, 164]
1552553687313;[171, 0, 17, 255, 161, 76, 221, 13, 175, 0, 0, 45, 1, 0, 7, 1, 0, 243, 5, 142]
1552553687479;[171, 0, 17, 255, 161, 76, 221, 13, 175, 0, 0, 49, 1, 0, 5, 1, 0, 244, 5, 112]
1552553687515;[171, 0, 17, 255, 161, 76, 221, 13, 175, 0, 0, 47, 1, 0, 7, 1, 0, 242, 5, 63]
1552553687646;[171, 0, 17, 255, 161, 76, 221, 13, 175, 0, 0, 59, 1, 0, 11, 1, 0, 242, 5, 11]
1552553687830;[171, 0, 17, 255, 161, 76, 221, 13, 175, 0, 0, 52, 1, 0, 7, 1, 0, 242, 5, 9]
1552553687831;[171, 0, 17, 255, 161, 76, 221, 13, 175, 0, 0, 55, 1, 0, 10, 1, 0, 241, 4, 251]
1552553688164;[171, 0, 17, 255, 161, 76, 221, 13, 175, 0, 0, 51, 1, 0, 6, 1, 0, 242, 4, 222]
1552553688165;[171, 0, 4, 255, 132, 128, 66]
1552553688184;[171, 0, 17, 255, 161, 76, 221, 13, 175, 0, 0, 52, 1, 0, 5, 1, 0, 241, 4, 197]
1552553688348;[171, 0, 17, 255, 161, 76, 221, 13, 176, 0, 0, 55, 1, 0, 10, 1, 0, 241, 4, 164]
1552553688349;[171, 0, 17, 255, 161, 76, 221, 13, 176, 0, 0, 54, 1, 0, 7, 1, 0, 240, 4, 129]
1552553688515;[171, 0, 17, 255, 161, 76, 221, 13, 176, 0, 0, 43, 1, 0, 8, 1, 0, 242, 4, 53]
1552553688516;[171, 0, 17, 255, 161, 76, 221, 13, 176, 0, 0, 49, 1, 0, 10, 1, 0, 244, 3, 116]
1552553688682;[171, 0, 17, 255, 161, 76, 221, 13, 176, 0, 0, 47, 1, 0, 2, 1, 0, 243, 2, 207]
1552553688683;[171, 0, 17, 255, 161, 76, 221, 13, 176, 0, 0, 45, 0, 0, 3, 1, 0, 244, 2, 182]
1552553688866;[171, 0, 17, 255, 161, 76, 221, 13, 176, 1, 0, 2, 1, 0, 14, 1, 1, 6, 2, 39]
1552553689032;[171, 0, 17, 255, 161, 76, 221, 13, 176, 1, 0, 10, 1, 0, 18, 1, 0, 225, 1, 94]
1552553689033;[171, 0, 17, 255, 161, 76, 221, 13, 176, 1, 0, 40, 1, 0, 7, 1, 0, 252, 0, 219]
1552553689199;[171, 0, 4, 255, 132, 128, 66]
1552553689201;[171, 0, 17, 255, 161, 76, 221, 13, 176, 1, 0, 15, 0, 0, 4, 1, 0, 246, 0, 219]
1552553689541;[171, 0, 17, 255, 161, 76, 221, 13, 177, 0, 0, 25, 1, 0, 10, 1, 0, 249, 16, 158]
1552553689541;[171, 0, 17, 255, 161, 76, 221, 13, 177, 0, 0, 43, 0, 0, 0, 1, 0, 245, 7, 89]
1552553689542;[171, 0, 17, 255, 161, 76, 221, 13, 177, 0, 0, 39, 0, 0, 16, 1, 0, 245, 6, 218]
1552553689717;[171, 0, 17, 255, 161, 76, 221, 13, 177, 0, 0, 78, 0, 0, 7, 1, 0, 239, 6, 72]
1552553689718;[171, 0, 17, 255, 161, 76, 221, 13, 177, 0, 0, 64, 0, 0, 2, 1, 0, 236, 5, 161]
1552553690069;[171, 0, 17, 255, 161, 76, 221, 13, 177, 0, 0, 59, 1, 0, 14, 1, 0, 243, 5, 33]
1552553690070;[171, 0, 17, 255, 161, 76, 221, 13, 177, 0, 0, 41, 0, 0, 8, 1, 0, 242, 4, 217]
1552553690070;[171, 0, 17, 255, 161, 76, 221, 13, 177, 0, 0, 53, 0, 0, 0, 1, 0, 248, 4, 172]
1552553690236;[171, 0, 17, 255, 161, 76, 221, 13, 177, 0, 0, 49, 0, 0, 0, 1, 0, 250, 4, 105]
1552553690237;[171, 0, 4, 255, 132, 128, 66]
1552553690419;[171, 0, 17, 255, 161, 76, 221, 13, 177, 0, 0, 59, 1, 0, 11, 1, 0, 242, 4, 44]
1552553690420;[171, 0, 17, 255, 161, 76, 221, 13, 178, 0, 0, 62, 1, 0, 3, 1, 0, 240, 4, 13]
1552553690587;[171, 0, 17, 255, 161, 76, 221, 13, 178, 0, 0, 62, 0, 0, 0, 1, 0, 240, 4, 29]
1552553690588;[171, 0, 17, 255, 161, 76, 221, 13, 178, 0, 0, 51, 0, 0, 1, 1, 0, 241, 4, 47]
1552553690754;[171, 0, 17, 255, 161, 76, 221, 13, 178, 0, 0, 51, 1, 0, 7, 1, 0, 241, 4, 50]
1552553691103;[171, 0, 17, 255, 161, 76, 221, 13, 178, 0, 0, 61, 1, 0, 3, 1, 0, 240, 4, 60]
1552553691104;[171, 0, 17, 255, 161, 76, 221, 13, 178, 0, 0, 51, 1, 0, 3, 1, 0, 242, 4, 53]
1552553691105;[171, 0, 17, 255, 161, 76, 221, 13, 178, 0, 0, 49, 0, 0, 3, 1, 0, 242, 4, 48]
1552553691105;[171, 0, 17, 255, 161, 76, 221, 13, 178, 0, 0, 51, 0, 0, 3, 1, 0, 242, 4, 34]
1552553691272;[171, 0, 17, 255, 161, 76, 221, 13, 178, 0, 0, 47, 0, 0, 0, 1, 0, 241, 4, 57]
1552553691438;[171, 0, 4, 255, 132, 128, 66]
1552553691461;[171, 0, 17, 255, 161, 76, 221, 13, 178, 0, 0, 52, 0, 0, 3, 1, 0, 243, 4, 128]
1552553691622;[171, 0, 17, 255, 161, 76, 221, 13, 179, 0, 0, 51, 1, 0, 1, 1, 0, 240, 4, 184]
1552553691623;[171, 0, 17, 255, 161, 76, 221, 13, 179, 0, 0, 52, 0, 0, 3, 1, 0, 241, 4, 228]
1552553691789;[171, 0, 17, 255, 161, 76, 221, 13, 179, 0, 0, 57, 0, 0, 0, 1, 0, 240, 5, 27]
1552553691790;[171, 0, 17, 255, 161, 76, 221, 13, 179, 0, 0, 55, 0, 0, 4, 1, 0, 242, 5, 63]
1552553691956;[171, 0, 17, 255, 161, 76, 221, 13, 179, 0, 0, 53, 0, 0, 1, 1, 0, 242, 5, 96]
1552553692140;[171, 0, 17, 255, 161, 76, 221, 13, 179, 0, 0, 47, 0, 0, 3, 1, 0, 242, 5, 134]
1552553692157;[171, 0, 17, 255, 161, 76, 221, 13, 179, 0, 0, 49, 0, 0, 1, 1, 0, 241, 5, 242]
1552553692307;[171, 0, 17, 255, 161, 76, 221, 13, 179, 0, 0, 47, 0, 0, 2, 1, 0, 243, 6, 88]
1552553692309;[171, 0, 17, 255, 161, 76, 221, 13, 179, 0, 0, 49, 0, 0, 2, 1, 0, 241, 6, 169]
1552553692475;[171, 0, 4, 255, 132, 128, 65]
1552553692497;[171, 0, 17, 255, 161, 76, 221, 13, 179, 0, 0, 51, 0, 0, 1, 1, 0, 241, 6, 240]
1552553692658;[171, 0, 17, 255, 161, 76, 221, 13, 180, 0, 0, 47, 0, 0, 2, 1, 0, 242, 7, 37]
1552553692826;[171, 0, 17, 255, 161, 76, 221, 13, 180, 0, 0, 49, 0, 0, 0, 1, 0, 243, 7, 72]
1552553692826;[171, 0, 17, 255, 161, 76, 221, 13, 180, 0, 0, 54, 0, 0, 2, 1, 0, 242, 7, 106]
1552553692993;[171, 0, 17, 255, 161, 76, 221, 13, 180, 0, 0, 47, 1, 0, 3, 1, 0, 241, 7, 210]
1552553692993;[171, 0, 17, 255, 161, 76, 221, 13, 180, 0, 0, 44, 0, 0, 0, 1, 0, 243, 8, 49]
1552553693177;[171, 0, 17, 255, 161, 76, 221, 13, 180, 0, 0, 49, 1, 0, 1, 1, 0, 242, 8, 98]
1552553693344;[171, 0, 17, 255, 161, 76, 221, 13, 180, 0, 0, 49, 1, 0, 3, 1, 0, 241, 8, 152]
1552553693345;[171, 0, 17, 255, 161, 76, 221, 13, 180, 0, 0, 49, 0, 0, 3, 1, 0, 242, 8, 174]
1552553693511;[171, 0, 17, 255, 161, 76, 221, 13, 180, 0, 0, 44, 1, 0, 2, 1, 0, 243, 8, 179]
1552553693513;[171, 0, 4, 255, 132, 128, 65]
1552553693861;[171, 0, 17, 255, 161, 76, 221, 13, 180, 0, 0, 49, 0, 0, 2, 1, 0, 243, 8, 169]
1552553693862;[171, 0, 17, 255, 161, 76, 221, 13, 181, 0, 0, 47, 1, 0, 1, 1, 0, 242, 8, 221]
1552553693863;[171, 0, 17, 255, 161, 76, 221, 13, 181, 0, 0, 49, 0, 0, 1, 1, 0, 241, 9, 25]
1552553694028;[171, 0, 17, 255, 161, 76, 221, 13, 181, 0, 0, 47, 0, 0, 3, 1, 0, 243, 9, 48]
1552553694028;[171, 0, 17, 255, 161, 76, 221, 13, 181, 0, 0, 49, 0, 0, 3, 1, 0, 243, 9, 54]
1552553694212;[171, 0, 17, 255, 161, 76, 221, 13, 181, 0, 0, 47, 0, 0, 4, 1, 0, 243, 9, 51]
1552553694213;[171, 0, 17, 255, 161, 76, 221, 13, 181, 0, 0, 52, 0, 0, 0, 1, 0, 243, 9, 33]
1552553694379;[171, 0, 17, 255, 161, 76, 221, 13, 181, 0, 0, 47, 0, 0, 0, 1, 0, 242, 9, 0]
1552553694380;[171, 0, 17, 255, 161, 76, 221, 13, 181, 0, 0, 51, 0, 0, 0, 1, 0, 242, 8, 242]
1552553694547;[171, 0, 17, 255, 161, 76, 221, 13, 181, 0, 0, 51, 1, 0, 3, 1, 0, 242, 9, 16]
1552553694730;[171, 0, 4, 255, 132, 128, 64]
1552553694732;[171, 0, 17, 255, 161, 76, 221, 13, 181, 0, 0, 47, 0, 0, 3, 1, 0, 242, 9, 15]
1552553694897;[171, 0, 17, 255, 161, 76, 221, 13, 182, 0, 0, 45, 0, 0, 2, 1, 0, 241, 9, 6]
1552553694898;[171, 0, 17, 255, 161, 76, 221, 13, 182, 0, 0, 49, 1, 0, 1, 1, 0, 241, 8, 238]
1552553695064;[171, 0, 17, 255, 161, 76, 221, 13, 182, 0, 0, 51, 0, 0, 2, 1, 0, 246, 8, 165]
1552553695248;[171, 0, 17, 255, 161, 76, 221, 13, 182, 0, 0, 46, 1, 0, 5, 1, 0, 245, 8, 47]
1552553695250;[171, 0, 17, 255, 161, 76, 221, 13, 182, 0, 0, 16, 0, 0, 1, 1, 1, 46, 7, 251]
1552553695582;[171, 0, 17, 255, 161, 76, 221, 13, 182, 0, 0, 43, 0, 0, 20, 1, 1, 39, 7, 181]
1552553695583;[171, 0, 17, 255, 161, 76, 221, 13, 182, 0, 0, 57, 0, 0, 54, 1, 0, 191, 7, 210]
1552553695599;[171, 0, 17, 255, 161, 76, 221, 13, 182, 0, 0, 91, 0, 0, 168, 1, 0, 67, 8, 81]
1552553695600;[171, 0, 17, 255, 161, 76, 221, 13, 182, 0, 0, 160, 0, 0, 184, 1, 0, 10, 8, 221]
1552553695766;[171, 0, 4, 255, 132, 128, 65]
1552553695934;[171, 0, 17, 255, 161, 76, 221, 13, 182, 0, 0, 149, 0, 0, 188, 1, 0, 25, 9, 129]
1552553695935;[171, 0, 17, 255, 161, 76, 221, 13, 183, 0, 0, 129, 0, 0, 187, 0, 0, 0, 9, 214]
1552553696101;[171, 0, 17, 255, 161, 76, 221, 13, 183, 0, 0, 150, 0, 0, 196, 0, 0, 8, 10, 57]
1552553696102;[171, 0, 17, 255, 161, 76, 221, 13, 183, 0, 0, 146, 0, 0, 206, 0, 0, 45, 10, 169]
1552553696284;[171, 0, 17, 255, 161, 76, 221, 13, 183, 0, 0, 133, 0, 0, 196, 0, 0, 33, 10, 189]
1552553696285;[171, 0, 17, 255, 161, 76, 221, 13, 183, 0, 0, 136, 0, 0, 204, 0, 0, 64, 10, 106]
1552553696451;[171, 0, 17, 255, 161, 76, 221, 13, 183, 0, 0, 147, 0, 0, 201, 0, 0, 58, 10, 146]
1552553696618;[171, 0, 17, 255, 161, 76, 221, 13, 183, 0, 0, 144, 0, 0, 201, 0, 0, 70, 10, 111]
1552553696619;[171, 0, 17, 255, 161, 76, 221, 13, 183, 0, 0, 158, 0, 0, 206, 0, 0, 42, 9, 235]
1552553696786;[171, 0, 17, 255, 161, 76, 221, 13, 183, 0, 0, 139, 0, 0, 210, 0, 0, 18, 9, 29]
1552553696802;[171, 0, 4, 255, 132, 128, 65]
1552553697136;[171, 0, 17, 255, 161, 76, 221, 13, 183, 0, 0, 72, 0, 0, 214, 1, 0, 33, 8, 230]
1552553697137;[171, 0, 17, 255, 161, 76, 221, 13, 184, 0, 0, 109, 0, 0, 210, 1, 0, 55, 9, 30]
1552553697137;[171, 0, 17, 255, 161, 76, 221, 13, 184, 0, 0, 122, 0, 0, 210, 1, 0, 55, 9, 103]
1552553697304;[171, 0, 17, 255, 161, 76, 221, 13, 184, 0, 0, 118, 0, 0, 208, 1, 0, 2, 9, 144]
1552553697320;[171, 0, 17, 255, 161, 76, 221, 13, 184, 0, 0, 135, 0, 0, 213, 0, 0, 12, 9, 249]
1552553697487;[171, 0, 17, 255, 161, 76, 221, 13, 184, 0, 0, 146, 0, 0, 208, 0, 0, 23, 10, 134]
1552553697488;[171, 0, 17, 255, 161, 76, 221, 13, 184, 0, 0, 125, 0, 0, 207, 0, 0, 38, 10, 233]
1552553697654;[171, 0, 17, 255, 161, 76, 221, 13, 184, 0, 0, 122, 0, 0, 211, 0, 0, 47, 10, 214]
1552553697822;[171, 0, 17, 255, 161, 76, 221, 13, 184, 0, 0, 145, 0, 0, 208, 0, 0, 45, 10, 115]
1552553697838;[171, 0, 17, 255, 161, 76, 221, 13, 184, 0, 0, 123, 0, 0, 211, 0, 0, 52, 10, 45]
1552553698005;[171, 0, 4, 255, 132, 128, 66]
1552553698006;[171, 0, 17, 255, 161, 76, 221, 13, 184, 0, 0, 127, 0, 0, 208, 0, 0, 42, 9, 218]
1552553698172;[171, 0, 17, 255, 161, 76, 221, 13, 185, 0, 0, 131, 0, 0, 208, 0, 0, 45, 9, 129]
1552553698339;[171, 0, 17, 255, 161, 76, 221, 13, 185, 0, 0, 127, 0, 0, 208, 0, 0, 48, 9, 42]
1552553698356;[171, 0, 17, 255, 161, 76, 221, 13, 185, 0, 0, 135, 0, 0, 208, 0, 0, 49, 9, 44]
1552553698524;[171, 0, 17, 255, 161, 76, 221, 13, 185, 0, 0, 118, 0, 0, 210, 0, 0, 45, 9, 27]
1552553698525;[171, 0, 17, 255, 161, 76, 221, 13, 185, 0, 0, 127, 0, 0, 206, 0, 0, 43, 8, 210]
1552553698690;[171, 0, 17, 255, 161, 76, 221, 13, 185, 0, 0, 131, 0, 0, 208, 0, 0, 49, 8, 203]
1552553698691;[171, 0, 17, 255, 161, 76, 221, 13, 185, 0, 0, 127, 0, 0, 208, 0, 0, 45, 8, 255]
1552553698857;[171, 0, 17, 255, 161, 76, 221, 13, 185, 0, 0, 131, 0, 0, 208, 0, 0, 45, 9, 4]
1552553699041;[171, 0, 17, 255, 161, 76, 221, 13, 185, 0, 0, 129, 0, 0, 210, 0, 0, 51, 8, 242]
1552553699042;[171, 0, 4, 255, 132, 128, 67]
1552553699376;[171, 0, 17, 255, 161, 76, 221, 13, 185, 0, 0, 131, 0, 0, 206, 0, 0, 45, 9, 22]
1552553699376;[171, 0, 17, 255, 161, 76, 221, 13, 186, 0, 0, 128, 0, 0, 206, 0, 0, 45, 9, 40]
1552553699392;[171, 0, 17, 255, 161, 76, 221, 13, 186, 0, 0, 131, 0, 0, 209, 0, 0, 45, 9, 10]
1552553699393;[171, 0, 17, 255, 161, 76, 221, 13, 186, 0, 0, 133, 0, 0, 207, 0, 0, 48, 9, 18]
1552553699559;[171, 0, 17, 255, 161, 76, 221, 13, 186, 0, 0, 117, 0, 0, 206, 0, 0, 43, 9, 100]
1552553699726;[171, 0, 17, 255, 161, 76, 221, 13, 186, 0, 0, 128, 0, 0, 208, 0, 0, 48, 9, 161]
1552553699727;[171, 0, 17, 255, 161, 76, 221, 13, 186, 0, 0, 141, 0, 0, 206, 0, 0, 46, 9, 237]
1552553699893;[171, 0, 17, 255, 161, 76, 221, 13, 186, 0, 0, 135, 0, 0, 203, 0, 0, 47, 10, 64]
1552553699894;[171, 0, 17, 255, 161, 76, 221, 13, 186, 0, 0, 127, 0, 0, 206, 0, 0, 42, 10, 99]
1552553700242;[171, 0, 17, 255, 161, 76, 221, 13, 192, 0, 0, 144, 0, 0, 206, 0, 0, 53, 14, 32]
1552553700411;[171, 0, 17, 255, 161, 76, 221, 13, 193, 0, 0, 136, 0, 0, 202, 0, 0, 49, 14, 15]
1552553700412;[171, 0, 17, 255, 161, 76, 221, 13, 193, 0, 0, 140, 0, 0, 204, 0, 0, 53, 13, 217]
1552553700595;[171, 0, 17, 255, 161, 76, 221, 13, 193, 0, 0, 135, 0, 0, 204, 0, 0, 53, 13, 160]
1552553700596;[171, 0, 17, 255, 161, 76, 221, 13, 193, 0, 0, 131, 0, 0, 207, 0, 0, 51, 13, 116]
1552553700762;[171, 0, 17, 255, 161, 76, 221, 13, 193, 0, 0, 128, 0, 0, 204, 0, 0, 52, 13, 144]
1552553700929;[171, 0, 17, 255, 161, 76, 221, 13, 193, 0, 0, 136, 0, 0, 203, 0, 0, 52, 13, 151]
1552553700930;[171, 0, 17, 255, 161, 76, 221, 13, 193, 0, 0, 139, 0, 0, 204, 0, 0, 52, 13, 132]
1552553701112;[171, 0, 17, 255, 161, 76, 221, 13, 193, 0, 0, 131, 0, 0, 206, 0, 0, 49, 13, 141]
1552553701113;[171, 0, 17, 255, 161, 76, 221, 13, 193, 0, 0, 129, 0, 0, 204, 0, 0, 48, 13, 158]
1552553701280;[171, 0, 4, 255, 132, 128, 67]
1552553701281;[171, 0, 17, 255, 161, 76, 221, 13, 193, 0, 0, 135, 0, 0, 204, 0, 0, 51, 13, 159]
1552553701798;[171, 0, 17, 255, 161, 76, 221, 13, 194, 0, 0, 131, 0, 0, 207, 0, 0, 48, 13, 137]
1552553701800;[171, 0, 17, 255, 161, 76, 221, 13, 194, 0, 0, 129, 0, 0, 205, 0, 0, 47, 13, 122]
1552553701801;[171, 0, 17, 255, 161, 76, 221, 13, 194, 0, 0, 123, 0, 0, 196, 0, 0, 9, 13, 142]
1552553701802;[171, 0, 17, 255, 161, 76, 221, 13, 194, 0, 0, 150, 0, 0, 181, 1, 0, 17, 13, 190]
1552553701814;[171, 0, 17, 255, 161, 76, 221, 13, 194, 0, 0, 164, 0, 0, 169, 1, 0, 8, 13, 195]
1552553702149;[171, 0, 17, 255, 161, 76, 221, 13, 194, 0, 0, 154, 0, 0, 139, 0, 0, 4, 13, 139]
1552553702150;[171, 0, 17, 255, 161, 76, 221, 13, 194, 1, 0, 35, 0, 0, 80, 1, 0, 172, 10, 155]
1552553702151;[171, 0, 17, 255, 161, 76, 221, 13, 194, 0, 0, 74, 0, 0, 28, 1, 1, 3, 9, 107]
1552553702316;[171, 0, 17, 255, 161, 76, 221, 13, 194, 0, 0, 39, 0, 0, 26, 1, 1, 14, 8, 224]
1552553702316;[171, 0, 4, 255, 132, 128, 68]
1552553702483;[171, 0, 17, 255, 161, 76, 221, 13, 194, 0, 0, 39, 0, 0, 11, 1, 1, 5, 8, 71]
1552553702484;[171, 0, 17, 255, 161, 76, 221, 13, 195, 0, 0, 38, 0, 0, 10, 1, 0, 255, 7, 227]
1552553702667;[171, 0, 17, 255, 161, 76, 221, 13, 195, 0, 0, 39, 0, 0, 10, 1, 0, 246, 7, 130]
1552553702834;[171, 0, 17, 255, 161, 76, 221, 13, 195, 0, 0, 36, 0, 0, 7, 1, 0, 243, 7, 45]
1552553702836;[171, 0, 17, 255, 161, 76, 221, 13, 195, 0, 0, 30, 0, 0, 5, 1, 0, 245, 6, 227]
1552553703000;[171, 0, 17, 255, 161, 76, 221, 13, 195, 0, 0, 36, 0, 0, 8, 1, 0, 246, 6, 169]
1552553703001;[171, 0, 17, 255, 161, 76, 221, 13, 195, 0, 0, 36, 0, 0, 6, 1, 0, 246, 6, 69]
1552553703168;[171, 0, 17, 255, 161, 76, 221, 13, 195, 0, 0, 36, 0, 0, 8, 1, 0, 245, 5, 227]
1552553703184;[171, 0, 17, 255, 161, 76, 221, 13, 195, 0, 0, 38, 0, 0, 8, 1, 0, 242, 5, 119]
1552553703352;[171, 0, 17, 255, 161, 76, 221, 13, 195, 0, 0, 32, 0, 0, 6, 1, 0, 248, 5, 46]
1552553703519;[171, 0, 4, 255, 132, 128, 69]
1552553703521;[171, 0, 17, 255, 161, 76, 221, 13, 195, 0, 0, 38, 0, 0, 4, 1, 0, 248, 5, 33]
1552553703686;[171, 0, 17, 255, 161, 76, 221, 13, 196, 0, 0, 38, 0, 0, 8, 1, 0, 245, 5, 17]
1552553703702;[171, 0, 17, 255, 161, 76, 221, 13, 196, 0, 0, 30, 0, 0, 8, 1, 0, 246, 4, 199]
1552553703870;[171, 0, 17, 255, 161, 76, 221, 13, 196, 0, 0, 34, 0, 0, 9, 1, 0, 244, 4, 128]
1552553704038;[171, 0, 17, 255, 161, 76, 221, 13, 196, 0, 0, 38, 0, 0, 11, 1, 0, 239, 4, 2]
1552553704040;[171, 0, 17, 255, 161, 76, 221, 13, 196, 0, 0, 44, 0, 0, 9, 1, 0, 240, 3, 109]
1552553704388;[171, 0, 17, 255, 161, 76, 221, 13, 196, 0, 0, 53, 1, 0, 3, 1, 0, 242, 2, 202]
1552553704389;[171, 0, 17, 255, 161, 76, 221, 13, 196, 0, 0, 38, 0, 0, 3, 1, 0, 246, 2, 202]
1552553704555;[171, 0, 17, 255, 161, 76, 221, 13, 196, 0, 0, 47, 0, 0, 3, 1, 1, 5, 2, 64]
1552553704556;[171, 0, 17, 255, 161, 76, 221, 13, 196, 0, 0, 52, 0, 0, 4, 1, 0, 219, 1, 158]
1552553704557;[171, 0, 4, 255, 132, 128, 70]
1552553704722;[171, 0, 17, 255, 161, 76, 221, 13, 196, 0, 0, 40, 1, 0, 3, 1, 0, 245, 1, 90]
1552553704739;[171, 0, 17, 255, 161, 76, 221, 13, 197, 0, 0, 38, 0, 0, 2, 1, 0, 248, 1, 63]
1552553704906;[171, 0, 17, 255, 161, 76, 221, 13, 197, 0, 0, 41, 1, 0, 3, 1, 0, 249, 1, 3]
1552553704907;[171, 0, 17, 255, 161, 76, 221, 13, 197, 0, 0, 30, 0, 0, 0, 1, 0, 245, 0, 234]
1552553705073;[171, 0, 17, 255, 161, 76, 221, 13, 197, 0, 0, 55, 0, 0, 4, 1, 0, 227, 16, 133]
1552553705240;[171, 0, 17, 255, 161, 76, 221, 13, 197, 0, 0, 41, 1, 0, 1, 1, 1, 18, 7, 69]
1552553705257;[171, 0, 17, 255, 161, 76, 221, 13, 197, 0, 0, 34, 0, 0, 3, 1, 0, 254, 7, 37]
1552553705423;[171, 0, 17, 255, 161, 76, 221, 13, 197, 0, 0, 28, 0, 0, 3, 1, 0, 249, 7, 122]
1552553705424;[171, 0, 17, 255, 161, 76, 221, 13, 197, 0, 0, 32, 0, 0, 2, 1, 0, 249, 7, 196]
1552553705591;[171, 0, 17, 255, 161, 76, 221, 13, 197, 0, 0, 42, 0, 0, 3, 1, 0, 246, 8, 19]
1552553705607;[171, 0, 4, 255, 132, 128, 71]
1552553705758;[171, 0, 17, 255, 161, 76, 221, 13, 197, 0, 0, 37, 0, 0, 0, 1, 0, 246, 8, 31]
1552553705941;[171, 0, 17, 255, 161, 76, 221, 13, 198, 0, 0, 40, 0, 0, 3, 1, 0, 243, 8, 92]
1552553705942;[171, 0, 17, 255, 161, 76, 221, 13, 198, 0, 0, 36, 0, 0, 2, 1, 0, 245, 8, 165]
1552553706109;[171, 0, 17, 255, 161, 76, 221, 13, 198, 0, 0, 38, 0, 0, 2, 1, 0, 247, 8, 225]
1552553706110;[171, 0, 17, 255, 161, 76, 221, 13, 198, 0, 0, 37, 0, 0, 0, 1, 0, 246, 9, 51]
1552553706276;[171, 0, 17, 255, 161, 76, 221, 13, 198, 0, 0, 31, 0, 0, 4, 1, 0, 246, 9, 236]
1552553706292;[171, 0, 17, 255, 161, 76, 221, 13, 198, 0, 0, 41, 0, 0, 3, 1, 0, 246, 10, 159]
1552553706459;[171, 0, 17, 255, 161, 76, 221, 13, 198, 0, 0, 37, 0, 0, 3, 1, 0, 243, 11, 47]
1552553706626;[171, 0, 17, 255, 161, 76, 221, 13, 198, 0, 0, 38, 0, 0, 3, 1, 0, 243, 11, 185]
1552553706627;[171, 0, 17, 255, 161, 76, 221, 13, 198, 0, 0, 37, 0, 0, 3, 1, 0, 248, 12, 48]
1552553706794;[171, 0, 4, 255, 132, 128, 72]
1552553706795;[171, 0, 17, 255, 161, 76, 221, 13, 198, 0, 0, 38, 0, 0, 4, 1, 0, 246, 12, 158]
1552553706977;[171, 0, 17, 255, 161, 76, 221, 13, 199, 0, 0, 38, 0, 0, 2, 1, 0, 243, 12, 237]
1552553707144;[171, 0, 17, 255, 161, 76, 221, 13, 199, 0, 0, 36, 1, 0, 1, 1, 0, 245, 13, 57]
1552553707145;[171, 0, 17, 255, 161, 76, 221, 13, 199, 0, 0, 38, 0, 0, 3, 1, 0, 243, 13, 191]
1552553707311;[171, 0, 17, 255, 161, 76, 221, 13, 199, 0, 0, 41, 1, 0, 1, 1, 0, 243, 14, 124]
1552553707312;[171, 0, 17, 255, 161, 76, 221, 13, 199, 0, 0, 38, 0, 0, 3, 1, 0, 243, 15, 19]
1552553707507;[171, 0, 17, 255, 161, 76, 221, 13, 199, 0, 0, 38, 0, 0, 4, 1, 0, 245, 31, 139]
1552553707662;[171, 0, 17, 255, 161, 76, 221, 13, 199, 0, 0, 41, 0, 0, 4, 1, 0, 243, 8, 58]
1552553707663;[171, 0, 17, 255, 161, 76, 221, 13, 199, 0, 0, 39, 0, 0, 3, 1, 0, 246, 8, 129]
1552553707830;[171, 0, 17, 255, 161, 76, 221, 13, 199, 0, 0, 40, 0, 0, 3, 1, 0, 242, 8, 173]
1552553707831;[171, 0, 4, 255, 132, 128, 73]
1552553708012;[171, 0, 17, 255, 161, 76, 221, 13, 199, 0, 0, 38, 0, 0, 4, 1, 0, 243, 8, 201]
1552553708014;[171, 0, 17, 255, 161, 76, 221, 13, 200, 0, 0, 40, 0, 0, 2, 1, 0, 246, 8, 244]
1552553708180;[171, 0, 17, 255, 161, 76, 221, 13, 200, 0, 0, 41, 0, 0, 3, 1, 0, 246, 9, 106]
1552553708181;[171, 0, 17, 255, 161, 76, 221, 13, 200, 0, 0, 38, 0, 0, 3, 1, 0, 243, 9, 234]
1552553708348;[171, 0, 17, 255, 161, 76, 221, 13, 200, 0, 0, 38, 0, 0, 4, 1, 0, 242, 10, 23]
1552553708532;[171, 0, 17, 255, 161, 76, 221, 13, 200, 0, 0, 39, 0, 0, 3, 1, 0, 243, 10, 79]
1552553708533;[171, 0, 17, 255, 161, 76, 221, 13, 200, 0, 0, 41, 0, 0, 3, 1, 0, 243, 10, 95]
1552553708699;[171, 0, 17, 255, 161, 76, 221, 13, 200, 0, 0, 38, 0, 0, 2, 1, 0, 248, 10, 92]
1552553708700;[171, 0, 17, 255, 161, 76, 221, 13, 200, 0, 0, 37, 0, 0, 4, 1, 0, 243, 10, 74]
1552553708866;[171, 0, 17, 255, 161, 76, 221, 13, 200, 0, 0, 38, 0, 0, 3, 1, 0, 245, 10, 48]
1552553709384;[171, 0, 4, 255, 132, 128, 73]
1552553709386;[171, 0, 17, 255, 161, 76, 221, 13, 200, 0, 0, 38, 0, 0, 3, 1, 0, 248, 10, 9]
1552553709402;[171, 0, 17, 255, 161, 76, 221, 13, 201, 0, 0, 40, 0, 0, 3, 1, 0, 246, 10, 61]
1552553709403;[171, 0, 17, 255, 161, 76, 221, 13, 201, 0, 0, 38, 0, 0, 4, 1, 0, 245, 10, 133]
1552553709403;[171, 0, 17, 255, 161, 76, 221, 13, 201, 0, 0, 38, 0, 0, 3, 1, 0, 249, 10, 168]
1552553709404;[171, 0, 17, 255, 161, 76, 221, 13, 201, 0, 0, 34, 0, 0, 2, 1, 0, 248, 10, 181]
1552553709555;[171, 0, 17, 255, 161, 76, 221, 13, 201, 0, 0, 38, 0, 0, 3, 1, 0, 248, 10, 188]
1552553709735;[171, 0, 17, 255, 161, 76, 221, 13, 201, 0, 0, 37, 0, 0, 3, 1, 0, 243, 10, 162]
1552553709736;[171, 0, 17, 255, 161, 76, 221, 13, 201, 0, 0, 38, 0, 0, 3, 1, 0, 243, 10, 129]
1552553709901;[171, 0, 17, 255, 161, 76, 221, 13, 201, 0, 0, 36, 0, 0, 3, 1, 0, 246, 10, 91]
1552553709902;[171, 0, 17, 255, 161, 76, 221, 13, 201, 0, 0, 38, 0, 0, 4, 1, 0, 245, 10, 39]
1552553710068;[171, 0, 4, 255, 132, 128, 74]
1552553710088;[171, 0, 17, 255, 161, 76, 221, 13, 201, 0, 0, 39, 0, 0, 4, 1, 0, 247, 9, 248]
1552553710255;[171, 0, 17, 255, 161, 76, 221, 13, 202, 0, 0, 38, 0, 0, 2, 1, 0, 243, 10, 4]
1552553710436;[171, 0, 17, 255, 161, 76, 221, 13, 202, 0, 0, 36, 1, 0, 3, 1, 0, 246, 10, 42]
1552553710588;[171, 0, 17, 255, 161, 76, 221, 13, 202, 0, 0, 34, 0, 0, 2, 1, 0, 249, 10, 44]
1552553710603;[171, 0, 17, 255, 161, 76, 221, 13, 202, 0, 0, 36, 0, 0, 3, 1, 0, 245, 10, 32]
1552553710604;[171, 0, 17, 255, 161, 76, 221, 13, 202, 0, 0, 35, 0, 0, 3, 1, 0, 246, 10, 19]
1552553710770;[171, 0, 17, 255, 161, 76, 221, 13, 202, 0, 0, 36, 0, 0, 2, 1, 0, 246, 9, 244]
1552553710938;[171, 0, 17, 255, 161, 76, 221, 13, 202, 0, 0, 39, 0, 0, 3, 1, 0, 243, 9, 198]
1552553710938;[171, 0, 17, 255, 161, 76, 221, 13, 202, 0, 0, 39, 0, 0, 3, 1, 0, 243, 9, 154]
1552553711104;[171, 0, 17, 255, 161, 76, 221, 13, 202, 0, 0, 36, 0, 0, 3, 1, 0, 248, 9, 103]
1552553711105;[171, 0, 4, 255, 132, 128, 73]
1552553711455;[171, 0, 17, 255, 161, 76, 221, 13, 202, 0, 0, 38, 0, 0, 5, 1, 0, 248, 9, 110]
1552553711456;[171, 0, 17, 255, 161, 76, 221, 13, 203, 0, 0, 36, 0, 0, 0, 1, 0, 248, 9, 127]
1552553711456;[171, 0, 17, 255, 161, 76, 221, 13, 203, 0, 0, 39, 0, 0, 3, 1, 0, 248, 9, 115]
1552553711622;[171, 0, 17, 255, 161, 76, 221, 13, 203, 0, 0, 37, 0, 0, 0, 1, 0, 243, 9, 95]
1552553711623;[171, 0, 17, 255, 161, 76, 221, 13, 203, 0, 0, 38, 0, 0, 3, 1, 0, 246, 9, 69]
1552553711806;[171, 0, 17, 255, 161, 76, 221, 13, 203, 0, 0, 38, 0, 0, 3, 1, 0, 246, 9, 26]
1552553711807;[171, 0, 17, 255, 161, 76, 221, 13, 203, 0, 0, 37, 0, 0, 3, 1, 0, 245, 8, 243]
1552553711974;[171, 0, 17, 255, 161, 76, 221, 13, 203, 0, 0, 38, 0, 0, 2, 1, 0, 246, 8, 192]
1552553712140;[171, 0, 17, 255, 161, 76, 221, 13, 203, 0, 0, 36, 0, 0, 3, 1, 0, 246, 8, 143]
1552553712141;[171, 0, 17, 255, 161, 76, 221, 13, 203, 0, 0, 39, 0, 0, 4, 1, 0, 248, 8, 127]
1552553712324;[171, 0, 4, 255, 132, 128, 73]
1552553712325;[171, 0, 17, 255, 161, 76, 221, 13, 203, 0, 0, 38, 0, 0, 3, 1, 0, 243, 8, 150]
1552553712491;[171, 0, 17, 255, 161, 76, 221, 13, 204, 0, 0, 38, 0, 0, 1, 1, 0, 246, 8, 164]
1552553712492;[171, 0, 17, 255, 161, 76, 221, 13, 204, 0, 0, 37, 0, 0, 2, 1, 0, 243, 8, 159]
1552553712658;[171, 0, 17, 255, 161, 76, 221, 13, 204, 0, 0, 41, 0, 0, 3, 1, 0, 244, 8, 132]
1552553712842;[171, 0, 17, 255, 161, 76, 221, 13, 204, 0, 0, 39, 0, 0, 3, 1, 0, 249, 8, 104]
1552553712843;[171, 0, 17, 255, 161, 76, 221, 13, 204, 0, 0, 30, 0, 0, 9, 1, 0, 240, 8, 39]
1552553713009;[171, 0, 17, 255, 161, 76, 221, 13, 204, 0, 0, 30, 0, 0, 3, 1, 0, 254, 7, 191]
1552553713177;[171, 0, 17, 255, 161, 76, 221, 13, 204, 0, 0, 27, 0, 0, 3, 1, 0, 249, 7, 85]
1552553713360;[171, 0, 17, 255, 161, 76, 221, 13, 204, 0, 0, 19, 0, 0, 2, 1, 0, 249, 6, 218]
1552553713361;[171, 0, 17, 255, 161, 76, 221, 13, 204, 0, 0, 23, 0, 0, 3, 1, 0, 249, 6, 115]
1552553713362;[171, 0, 4, 255, 132, 128, 72]
1552553713527;[171, 0, 17, 255, 161, 76, 221, 13, 204, 0, 0, 19, 0, 0, 1, 1, 0, 254, 5, 255]
1552553713696;[171, 0, 17, 255, 161, 76, 221, 13, 205, 0, 0, 11, 0, 0, 3, 1, 0, 250, 5, 150]
1552553713712;[171, 0, 17, 255, 161, 76, 221, 13, 205, 0, 0, 10, 0, 0, 0, 1, 0, 249, 5, 29]
1552553713713;[171, 0, 17, 255, 161, 76, 221, 13, 205, 1, 0, 12, 0, 0, 2, 1, 0, 249, 4, 151]
1552553713878;[171, 0, 17, 255, 161, 76, 221, 13, 205, 1, 0, 24, 0, 0, 2, 1, 0, 248, 4, 88]
1552553714045;[171, 0, 17, 255, 161, 76, 221, 13, 205, 1, 0, 18, 0, 0, 1, 1, 0, 254, 4, 53]
1552553714046;[171, 0, 17, 255, 161, 76, 221, 13, 205, 1, 0, 16, 0, 0, 2, 1, 0, 249, 4, 20]
1552553714212;[171, 0, 17, 255, 161, 76, 221, 13, 205, 1, 0, 17, 0, 0, 2, 1, 0, 250, 3, 247]
1552553714213;[171, 0, 17, 255, 161, 76, 221, 13, 205, 1, 0, 18, 1, 0, 1, 1, 1, 3, 4, 6]
1552553714397;[171, 0, 17, 255, 161, 76, 221, 13, 205, 1, 0, 17, 0, 0, 0, 1, 0, 250, 4, 41]
1552553714398;[171, 0, 4, 255, 132, 128, 72]
1552553714562;[171, 0, 17, 255, 161, 76, 221, 13, 205, 1, 0, 14, 0, 0, 3, 1, 0, 249, 4, 46]
1552553714730;[171, 0, 17, 255, 161, 76, 221, 13, 206, 1, 0, 15, 0, 0, 3, 1, 0, 250, 4, 52]
1552553714731;[171, 0, 17, 255, 161, 76, 221, 13, 206, 1, 0, 11, 0, 0, 1, 1, 0, 254, 4, 43]
1552553714914;[171, 0, 17, 255, 161, 76, 221, 13, 206, 1, 0, 17, 0, 0, 3, 1, 0, 254, 4, 29]
1552553714915;[171, 0, 17, 255, 161, 76, 221, 13, 206, 1, 0, 12, 0, 0, 1, 1, 0, 254, 4, 1]
1552553715080;[171, 0, 17, 255, 161, 76, 221, 13, 206, 1, 0, 3, 0, 0, 3, 1, 0, 254, 3, 228]
1552553715081;[171, 0, 17, 255, 161, 76, 221, 13, 206, 1, 0, 12, 0, 0, 5, 1, 0, 255, 3, 235]
1552553715248;[171, 0, 17, 255, 161, 76, 221, 13, 206, 1, 0, 14, 0, 0, 3, 1, 0, 250, 4, 26]
1552553715415;[171, 0, 17, 255, 161, 76, 221, 13, 206, 1, 0, 14, 0, 0, 1, 1, 0, 249, 4, 49]
1552553715600;[171, 0, 17, 255, 161, 76, 221, 13, 206, 1, 0, 12, 0, 0, 0, 1, 0, 250, 4, 57]
1552553715933;[171, 0, 4, 255, 132, 128, 71]
1552553715956;[171, 0, 17, 255, 161, 76, 221, 13, 206, 1, 0, 10, 0, 0, 3, 1, 0, 254, 4, 65]
1552553715956;[171, 0, 17, 255, 161, 76, 221, 13, 207, 1, 0, 6, 0, 0, 3, 1, 0, 249, 4, 56]
1552553715957;[171, 0, 17, 255, 161, 76, 221, 13, 207, 1, 0, 6, 0, 0, 3, 1, 0, 255, 4, 41]
1552553715958;[171, 0, 17, 255, 161, 76, 221, 13, 207, 1, 0, 10, 0, 0, 3, 1, 0, 250, 4, 43]
1552553716117;[171, 0, 17, 255, 161, 76, 221, 13, 207, 1, 0, 8, 0, 0, 3, 1, 0, 255, 4, 93]
1552553716118;[171, 0, 17, 255, 161, 76, 221, 13, 207, 1, 0, 4, 0, 0, 1, 1, 0, 249, 4, 138]
1552553716284;[171, 0, 17, 255, 161, 76, 221, 13, 207, 1, 0, 8, 0, 0, 3, 1, 0, 249, 4, 152]
1552553716285;[171, 0, 17, 255, 161, 76, 221, 13, 207, 1, 0, 6, 0, 0, 3, 1, 0, 250, 4, 170]
1552553716451;[171, 0, 17, 255, 161, 76, 221, 13, 207, 1, 0, 3, 0, 0, 3, 1, 0, 249, 4, 172]
1552553716635;[171, 0, 17, 255, 161, 76, 221, 13, 207, 1, 0, 10, 0, 0, 0, 1, 0, 250, 4, 164]
1552553716636;[171, 0, 4, 255, 132, 128, 70]
1552553716969;[171, 0, 17, 255, 161, 76, 221, 13, 207, 1, 0, 3, 0, 0, 2, 1, 0, 254, 4, 153]
1552553717153;[171, 0, 17, 255, 161, 76, 221, 13, 208, 1, 0, 12, 0, 0, 3, 1, 0, 249, 4, 211]
1552553717154;[171, 0, 17, 255, 161, 76, 221, 13, 208, 1, 0, 11, 0, 0, 3, 1, 0, 250, 5, 44]
1552553717155;[171, 0, 17, 255, 161, 76, 221, 13, 208, 1, 0, 6, 0, 0, 2, 1, 0, 255, 5, 100]
1552553717156;[171, 0, 17, 255, 161, 76, 221, 13, 208, 1, 0, 6, 0, 0, 2, 1, 0, 249, 5, 149]
1552553717487;[171, 0, 17, 255, 161, 76, 221, 13, 208, 1, 0, 4, 0, 0, 2, 1, 0, 250, 5, 194]
1552553717503;[171, 0, 17, 255, 161, 76, 221, 13, 208, 1, 0, 4, 0, 0, 3, 1, 0, 254, 5, 206]
1552553717504;[171, 0, 17, 255, 161, 76, 221, 13, 208, 1, 0, 10, 0, 0, 2, 1, 0, 250, 5, 228]
1552553717505;[171, 0, 17, 255, 161, 76, 221, 13, 208, 1, 0, 4, 0, 0, 3, 1, 0, 250, 5, 227]
1552553717671;[171, 0, 17, 255, 161, 76, 221, 13, 208, 1, 0, 11, 0, 0, 1, 1, 0, 254, 6, 24]
1552553717837;[171, 0, 4, 255, 132, 128, 70]
1552553717839;[171, 0, 17, 255, 161, 76, 221, 13, 208, 1, 0, 8, 0, 0, 2, 1, 0, 250, 6, 103]
1552553718006;[171, 0, 17, 255, 161, 76, 221, 13, 209, 1, 0, 8, 0, 0, 3, 1, 0, 255, 6, 148]
1552553718007;[171, 0, 17, 255, 161, 76, 221, 13, 209, 1, 0, 8, 0, 0, 0, 1, 0, 255, 6, 180]
1552553718189;[171, 0, 17, 255, 161, 76, 221, 13, 209, 1, 0, 7, 0, 0, 3, 1, 0, 250, 6, 195]
1552553718190;[171, 0, 17, 255, 161, 76, 221, 13, 209, 1, 0, 5, 0, 0, 2, 1, 1, 3, 6, 199]
1552553718356;[171, 0, 17, 255, 161, 76, 221, 13, 209, 1, 0, 7, 0, 0, 2, 1, 0, 249, 6, 178]
1552553718523;[171, 0, 17, 255, 161, 76, 221, 13, 209, 1, 0, 3, 0, 0, 3, 1, 0, 249, 6, 160]
1552553718524;[171, 0, 17, 255, 161, 76, 221, 13, 209, 1, 0, 7, 0, 0, 1, 1, 0, 250, 6, 131]
1552553718707;[171, 0, 17, 255, 161, 76, 221, 13, 209, 1, 0, 4, 0, 0, 2, 1, 0, 255, 6, 129]
1552553718708;[171, 0, 17, 255, 161, 76, 221, 13, 209, 1, 0, 6, 0, 0, 0, 1, 0, 249, 6, 158]
1552553718874;[171, 0, 4, 255, 132, 128, 70]
1552553718875;[171, 0, 17, 255, 161, 76, 221, 13, 209, 1, 0, 6, 0, 0, 4, 1, 0, 254, 6, 174]
1552553719041;[171, 0, 17, 255, 161, 76, 221, 13, 210, 1, 0, 8, 0, 0, 2, 1, 1, 3, 6, 170]
1552553719223;[171, 0, 17, 255, 161, 76, 221, 13, 210, 1, 0, 6, 0, 0, 3, 1, 0, 250, 6, 146]
1552553719224;[171, 0, 17, 255, 161, 76, 221, 13, 210, 1, 0, 4, 0, 0, 2, 1, 0, 250, 6, 122]
1552553719393;[171, 0, 17, 255, 161, 76, 221, 13, 210, 1, 0, 11, 0, 0, 3, 1, 0, 250, 6, 83]
1552553719394;[171, 0, 17, 255, 161, 76, 221, 13, 210, 1, 0, 6, 0, 0, 3, 1, 0, 254, 6, 31]
1552553719575;[171, 0, 17, 255, 161, 76, 221, 13, 210, 1, 0, 8, 0, 0, 4, 1, 1, 3, 5, 244]
1552553719743;[171, 0, 17, 255, 161, 76, 221, 13, 210, 1, 0, 7, 0, 0, 3, 1, 0, 255, 5, 186]
1552553719910;[171, 0, 17, 255, 161, 76, 221, 13, 210, 1, 0, 8, 0, 0, 3, 1, 0, 254, 5, 147]
1552553720427;[171, 0, 17, 255, 161, 76, 221, 13, 210, 1, 0, 3, 0, 0, 3, 1, 0, 250, 5, 131]
1552553720428;[171, 0, 4, 255, 132, 128, 70]
1552553720430;[171, 0, 17, 255, 161, 76, 221, 13, 210, 1, 0, 2, 0, 0, 1, 1, 0, 255, 5, 102]
1552553720448;[171, 0, 17, 255, 161, 76, 221, 13, 211, 1, 0, 4, 0, 0, 3, 1, 0, 254, 5, 62]
1552553720449;[171, 0, 17, 255, 161, 76, 221, 13, 211, 1, 0, 3, 0, 0, 2, 1, 0, 254, 5, 28]
1552553720449;[171, 0, 17, 255, 161, 76, 221, 13, 211, 1, 0, 3, 0, 0, 3, 1, 0, 249, 4, 230]
1552553720450;[171, 0, 17, 255, 161, 76, 221, 13, 211, 1, 0, 3, 0, 0, 2, 1, 1, 3, 4, 190]
1552553720595;[171, 0, 17, 255, 161, 76, 221, 13, 211, 1, 0, 3, 0, 0, 2, 1, 0, 250, 4, 137]
1552553720596;[171, 0, 17, 255, 161, 76, 221, 13, 211, 1, 0, 3, 0, 0, 3, 1, 0, 254, 4, 83]
1552553720778;[171, 0, 17, 255, 161, 76, 221, 13, 211, 1, 0, 4, 0, 0, 2, 1, 0, 250, 4, 30]
1552553720947;[171, 0, 17, 255, 161, 76, 221, 13, 211, 1, 0, 6, 0, 0, 3, 1, 0, 254, 3, 213]
1552553720948;[171, 0, 17, 255, 161, 76, 221, 13, 211, 1, 0, 4, 0, 0, 2, 1, 0, 255, 3, 190]
1552553721297;[171, 0, 4, 255, 132, 128, 71]
1552553721298;[171, 0, 17, 255, 161, 76, 221, 13, 211, 1, 0, 6, 0, 0, 2, 1, 0, 250, 3, 154]
1552553721299;[171, 0, 17, 255, 161, 76, 221, 13, 212, 1, 0, 8, 0, 0, 2, 1, 0, 254, 3, 118]
1552553721300;[171, 0, 17, 255, 161, 76, 221, 13, 212, 1, 0, 3, 0, 0, 2, 1, 0, 249, 3, 76]
1552553721464;[171, 0, 17, 255, 161, 76, 221, 13, 212, 1, 0, 4, 0, 0, 1, 1, 0, 249, 3, 29]
1552553721631;[171, 0, 17, 255, 161, 76, 221, 13, 212, 1, 0, 3, 0, 0, 2, 1, 0, 254, 2, 227]
1552553721632;[171, 0, 17, 255, 161, 76, 221, 13, 212, 1, 0, 1, 0, 0, 3, 1, 0, 250, 2, 188]
1552553721798;[171, 0, 17, 255, 161, 76, 221, 13, 212, 1, 0, 10, 0, 0, 3, 1, 0, 248, 2, 145]
1552553721815;[171, 0, 17, 255, 161, 76, 221, 13, 212, 1, 0, 7, 0, 0, 3, 1, 0, 249, 2, 91]
1552553721981;[171, 0, 17, 255, 161, 76, 221, 13, 212, 1, 0, 3, 0, 0, 4, 1, 0, 249, 2, 47]
1552553722149;[171, 0, 17, 255, 161, 76, 221, 13, 214, 1, 0, 4, 0, 0, 2, 1, 0, 250, 1, 247]
1552553722316;[171, 0, 17, 255, 161, 76, 221, 13, 215, 1, 0, 3, 0, 0, 3, 1, 0, 249, 2, 47]
1552553722500;[171, 0, 17, 255, 161, 76, 221, 13, 215, 1, 0, 3, 0, 0, 0, 1, 0, 249, 2, 107]
1552553722501;[171, 0, 17, 255, 161, 76, 221, 13, 215, 1, 0, 10, 0, 0, 1, 1, 0, 250, 2, 165]
1552553722666;[171, 0, 17, 255, 161, 76, 221, 13, 215, 1, 0, 1, 0, 0, 3, 1, 0, 250, 2, 196]
1552553723017;[171, 0, 17, 255, 161, 76, 221, 13, 215, 1, 0, 3, 0, 0, 2, 1, 0, 254, 2, 237]
1552553723017;[171, 0, 17, 255, 161, 76, 221, 13, 215, 1, 0, 2, 0, 0, 1, 1, 0, 250, 2, 250]
1552553723018;[171, 0, 17, 255, 161, 76, 221, 13, 215, 1, 0, 7, 0, 0, 2, 1, 0, 254, 3, 18]
1552553723019;[171, 0, 17, 255, 161, 76, 221, 13, 215, 1, 0, 6, 0, 0, 3, 1, 0, 254, 3, 55]
1552553723185;[171, 0, 17, 255, 161, 76, 221, 13, 215, 1, 0, 4, 0, 0, 3, 1, 0, 255, 3, 158]
1552553723186;[171, 0, 4, 255, 132, 128, 69]
1552553723535;[171, 0, 17, 255, 161, 76, 221, 13, 215, 1, 0, 4, 0, 0, 1, 1, 0, 250, 3, 249]
1552553723536;[171, 0, 17, 255, 161, 76, 221, 13, 216, 1, 0, 4, 0, 0, 3, 1, 0, 250, 4, 45]
1552553723537;[171, 0, 17, 255, 161, 76, 221, 13, 216, 1, 0, 7, 0, 0, 3, 1, 1, 3, 4, 99]
1552553723702;[171, 0, 17, 255, 161, 76, 221, 13, 216, 1, 0, 2, 0, 0, 2, 1, 0, 250, 4, 120]
1552553723703;[171, 0, 17, 255, 161, 76, 221, 13, 216, 1, 0, 3, 0, 0, 3, 1, 0, 249, 4, 139]
1552553723870;[171, 0, 17, 255, 161, 76, 221, 13, 216, 1, 0, 3, 0, 0, 3, 1, 1, 3, 4, 157]
1552553723887;[171, 0, 17, 255, 161, 76, 221, 13, 216, 1, 0, 3, 0, 0, 3, 1, 0, 255, 4, 160]
1552553724053;[171, 0, 17, 255, 161, 76, 221, 13, 216, 1, 0, 6, 0, 0, 4, 1, 0, 254, 4, 148]
1552553724221;[171, 0, 17, 255, 161, 76, 221, 13, 216, 1, 0, 3, 0, 0, 3, 1, 0, 249, 4, 177]
1552553724222;[171, 0, 17, 255, 161, 76, 221, 13, 216, 1, 0, 6, 0, 0, 4, 1, 0, 254, 5, 12]
1552553724388;[171, 0, 4, 255, 132, 128, 68]
1552553724410;[171, 0, 17, 255, 161, 76, 221, 13, 216, 1, 0, 4, 0, 0, 3, 1, 0, 250, 5, 87]
1552553724573;[171, 0, 17, 255, 161, 76, 221, 13, 217, 1, 0, 3, 0, 0, 4, 1, 0, 250, 5, 129]
1552553724739;[171, 0, 17, 255, 161, 76, 221, 13, 217, 1, 0, 3, 0, 0, 1, 1, 0, 255, 5, 164]
1552553724740;[171, 0, 17, 255, 161, 76, 221, 13, 217, 1, 0, 8, 0, 0, 3, 1, 0, 250, 5, 196]
1552553724905;[171, 0, 17, 255, 161, 76, 221, 13, 217, 1, 0, 7, 0, 0, 3, 1, 0, 250, 5, 198]
1552553724906;[171, 0, 17, 255, 161, 76, 221, 13, 217, 1, 0, 3, 0, 0, 3, 1, 0, 250, 5, 203]
1552553725090;[171, 0, 17, 255, 161, 76, 221, 13, 217, 1, 0, 1, 0, 0, 3, 1, 0, 255, 5, 184]
1552553725091;[171, 0, 17, 255, 161, 76, 221, 13, 217, 0, 0, 1, 0, 0, 3, 1, 0, 254, 5, 176]
1552553725256;[171, 0, 17, 255, 161, 76, 221, 13, 217, 1, 0, 1, 0, 0, 3, 1, 0, 250, 5, 157]
1552553725424;[171, 0, 17, 255, 161, 76, 221, 13, 217, 1, 0, 6, 0, 0, 3, 1, 0, 250, 5, 187]
1552553725440;[171, 0, 4, 255, 132, 128, 67]
1552553725607;[171, 0, 17, 255, 161, 76, 221, 13, 217, 1, 0, 3, 0, 0, 2, 1, 0, 248, 6, 8]
1552553725774;[171, 0, 17, 255, 161, 76, 221, 13, 218, 0, 0, 1, 0, 0, 3, 1, 1, 3, 6, 55]
1552553725775;[171, 0, 17, 255, 161, 76, 221, 13, 218, 1, 0, 3, 0, 0, 3, 1, 0, 250, 6, 84]
1552553725776;[171, 0, 17, 255, 161, 76, 221, 13, 218, 1, 0, 3, 0, 0, 3, 1, 0, 254, 6, 103]
1552553725941;[171, 0, 17, 255, 161, 76, 221, 13, 218, 1, 0, 1, 0, 0, 3, 1, 0, 254, 6, 104]
1552553726124;[171, 0, 17, 255, 161, 76, 221, 13, 218, 1, 0, 4, 0, 0, 3, 1, 0, 255, 6, 102]
1552553726125;[171, 0, 17, 255, 161, 76, 221, 13, 218, 1, 0, 3, 0, 0, 2, 1, 0, 249, 6, 91]
1552553726292;[171, 0, 17, 255, 161, 76, 221, 13, 218, 1, 0, 3, 0, 0, 4, 1, 0, 250, 6, 73]
1552553726293;[171, 0, 17, 255, 161, 76, 221, 13, 218, 1, 0, 1, 0, 0, 3, 1, 0, 250, 6, 50]
1552553726460;[171, 0, 17, 255, 161, 76, 221, 13, 218, 1, 0, 3, 0, 0, 3, 1, 0, 255, 6, 82]
1552553726643;[171, 0, 4, 255, 132, 128, 66]
1552553726645;[171, 0, 17, 255, 161, 76, 221, 13, 218, 1, 0, 6, 0, 0, 3, 1, 0, 249, 6, 126]
1552553726811;[171, 0, 17, 255, 161, 76, 221, 13, 219, 1, 0, 6, 0, 0, 2, 1, 0, 250, 6, 144]
1552553726812;[171, 0, 17, 255, 161, 76, 221, 13, 219, 1, 0, 3, 0, 0, 3, 1, 1, 3, 6, 156]
1552553726977;[171, 0, 17, 255, 161, 76, 221, 13, 219, 1, 0, 6, 0, 0, 4, 1, 0, 250, 6, 156]
1552553726978;[171, 0, 17, 255, 161, 76, 221, 13, 219, 1, 0, 6, 0, 0, 3, 1, 0, 250, 6, 144]
1552553727328;[171, 0, 17, 255, 161, 76, 221, 13, 219, 1, 0, 4, 0, 0, 3, 1, 0, 249, 6, 129]
1552553727504;[171, 0, 17, 255, 161, 76, 221, 13, 219, 1, 0, 1, 0, 0, 4, 1, 1, 3, 6, 102]
1552553727505;[171, 0, 17, 255, 161, 76, 221, 13, 219, 1, 0, 6, 0, 0, 3, 1, 0, 249, 6, 68]
1552553727505;[171, 0, 17, 255, 161, 76, 221, 13, 219, 1, 0, 1, 0, 0, 4, 1, 0, 250, 6, 27]
1552553727506;[171, 0, 17, 255, 161, 76, 221, 13, 219, 1, 0, 1, 0, 0, 3, 1, 0, 250, 6, 38]
1552553727679;[171, 0, 4, 255, 132, 128, 66]
1552553727847;[171, 0, 17, 255, 161, 76, 221, 13, 219, 1, 0, 8, 0, 0, 4, 1, 0, 249, 6, 85]
1552553727848;[171, 0, 17, 255, 161, 76, 221, 13, 220, 1, 0, 4, 0, 0, 5, 1, 0, 249, 6, 104]
1552553728013;[171, 0, 17, 255, 161, 76, 221, 13, 220, 1, 0, 1, 0, 0, 3, 1, 0, 250, 6, 112]
1552553728014;[171, 0, 17, 255, 161, 76, 221, 13, 220, 1, 0, 1, 0, 0, 3, 1, 0, 250, 6, 121]
1552553728197;[171, 0, 17, 255, 161, 76, 221, 13, 220, 1, 0, 3, 0, 0, 2, 1, 0, 249, 6, 107]
1552553728198;[171, 0, 17, 255, 161, 76, 221, 13, 220, 1, 0, 4, 1, 0, 1, 1, 0, 254, 6, 88]
1552553728364;[171, 0, 17, 255, 161, 76, 221, 13, 220, 1, 0, 3, 0, 0, 3, 1, 0, 250, 6, 78]
1552553728532;[171, 0, 17, 255, 161, 76, 221, 13, 220, 1, 0, 3, 0, 0, 2, 1, 0, 249, 6, 36]
1552553728533;[171, 0, 17, 255, 161, 76, 221, 13, 220, 1, 0, 3, 0, 0, 3, 1, 0, 250, 5, 244]
1552553728716;[171, 0, 17, 255, 161, 76, 221, 13, 220, 1, 0, 4, 0, 0, 3, 1, 0, 249, 5, 222]
1552553728882;[171, 0, 4, 255, 132, 128, 65]
1552553728884;[171, 0, 17, 255, 161, 76, 221, 13, 220, 1, 0, 1, 0, 0, 2, 1, 0, 255, 5, 243]
1552553728885;[171, 0, 17, 255, 161, 76, 221, 13, 221, 1, 0, 7, 0, 0, 3, 1, 0, 250, 6, 24]
1552553729049;[171, 0, 17, 255, 161, 76, 221, 13, 221, 0, 0, 1, 0, 0, 3, 1, 0, 249, 6, 33]
1552553729218;[171, 0, 17, 255, 161, 76, 221, 13, 221, 1, 0, 1, 0, 0, 4, 1, 0, 250, 6, 46]
1552553729234;[171, 0, 17, 255, 161, 76, 221, 13, 221, 1, 0, 4, 0, 0, 4, 1, 0, 250, 6, 40]
1552553729567;[171, 0, 17, 255, 161, 76, 221, 13, 221, 0, 0, 1, 0, 0, 2, 1, 0, 250, 6, 25]
1552553729568;[171, 0, 17, 255, 161, 76, 221, 13, 221, 1, 0, 6, 0, 0, 5, 1, 0, 250, 6, 7]
1552553729569;[171, 0, 17, 255, 161, 76, 221, 13, 221, 1, 0, 3, 0, 0, 3, 1, 0, 254, 5, 240]
1552553729735;[171, 0, 17, 255, 161, 76, 221, 13, 221, 1, 0, 1, 0, 0, 2, 1, 0, 250, 5, 209]
1552553729918;[171, 0, 17, 255, 161, 76, 221, 13, 221, 1, 0, 3, 0, 0, 3, 1, 0, 254, 5, 182]
1552553729919;[171, 0, 4, 255, 132, 128, 65]
1552553729921;[171, 0, 17, 255, 161, 76, 221, 13, 221, 1, 0, 1, 0, 0, 4, 1, 0, 249, 5, 222]
1552553730085;[171, 0, 17, 255, 161, 76, 221, 13, 222, 1, 0, 3, 0, 0, 4, 1, 0, 249, 6, 0]
1552553730086;[171, 0, 17, 255, 161, 76, 221, 13, 222, 1, 0, 1, 0, 0, 3, 1, 0, 255, 6, 7]
1552553730253;[171, 0, 17, 255, 161, 76, 221, 13, 222, 1, 0, 1, 0, 0, 3, 1, 0, 250, 6, 19]
1552553730436;[171, 0, 17, 255, 161, 76, 221, 13, 222, 1, 0, 3, 0, 0, 3, 1, 0, 255, 6, 12]
1552553730438;[171, 0, 17, 255, 161, 76, 221, 13, 222, 1, 0, 7, 0, 0, 3, 1, 0, 255, 5, 251]
1552553730604;[171, 0, 17, 255, 161, 76, 221, 13, 222, 1, 0, 1, 0, 0, 3, 1, 0, 250, 5, 236]
1552553730605;[171, 0, 17, 255, 161, 76, 221, 13, 222, 0, 0, 1, 0, 0, 3, 1, 0, 255, 5, 216]
1552553730769;[171, 0, 17, 255, 161, 76, 221, 13, 222, 1, 0, 1, 0, 0, 4, 1, 0, 254, 5, 183]
1552553730770;[171, 0, 17, 255, 161, 76, 221, 13, 222, 1, 0, 3, 0, 0, 3, 1, 0, 249, 5, 158]
